Vec Object: Vec_0x84000004_5 8 MPI processes
  type: mpi
Process [0]
-1000.
-1000.
-1000.
-1000.
-1000.
-1000.
-1000.
-1000.
-1000.
-1000.
-1000.
-1000.
-1000.
-1000.
-1000.
-1000.
-1000.
-1000.
-1000.
-1000.
-1000.
-1000.
-1000.
-1000.
-1000.
-1000.
-1000.
-1000.
-1000.
-1000.
-1000.
-1000.
-1000.
-1000.
-1000.
-1000.
-1000.
-1000.
-1000.
-1000.
-1000.
-1000.
-1000.
-1000.
-1000.
-1000.
-1000.
-1000.
-1000.
-1000.
-1000.
-1000.
-1000.
-1000.
-1000.
-1000.
-1000.
-1000.
-1000.
-1000.
-1000.
-1000.
-1000.
-1000.
-1000.
-1000.
-1000.
-1000.
-1000.
-1000.
-1000.
-1000.
-1000.
-1000.
-1000.
-1000.
-1000.
-1000.
-1000.
-1000.
-1000.
-1000.
-1000.
-1000.
-1000.
-1000.
-1000.
-1000.
-1000.
-1000.
-1000.
-1000.
-1000.
-1000.
-1000.
-1000.
-1000.
-1000.
-1000.
-1000.
-1000.
-1000.
-1000.
-1000.
-1000.
-1000.
-1000.
-1000.
-1000.
-1000.
-1000.
-1000.
-1000.
-1000.
-1000.
-1000.
-1000.
-1000.
-1000.
-1000.
-1000.
-1000.
-1000.
-1000.
-1000.
-1000.
-1000.
-1000.
-1000.
-1000.
-1000.
-1000.
-1000.
-1000.
-1000.
-1000.
-1000.
-1000.
-1000.
-1000.
-1000.
-1000.
-1000.
-1000.
-1000.
-1000.
-1000.
-1000.
-1000.
-1000.
-1000.
-1000.
-1000.
-1000.
-1000.
-1000.
-1000.
-1000.
-1000.
-1000.
-1000.
-1000.
-1000.
-1000.
-1000.
-1000.
-1000.
-1000.
-1000.
-1000.
-1000.
-1000.
-1000.
-1000.
-1000.
-1000.
-1000.
-1000.
-1000.
-1000.
-1000.
-1000.
-1000.
-1000.
-1000.
-1000.
-1000.
-1000.
-1000.
-1000.
-1000.
-1000.
-1000.
-1000.
-1000.
-1000.
-1000.
-1000.
-1000.
-1000.
-1000.
-1000.
-1000.
-1000.
-1000.
-1000.
-1000.
-1000.
-1000.
-1000.
-1000.
-1000.
-1000.
-1000.
-1000.
-1000.
-1000.
-1000.
-1000.
-1000.
-1000.
-1000.
-1000.
-1000.
-1000.
-1000.
-1000.
-1000.
-1000.
-1000.
-1000.
-1000.
-1000.
-1000.
-1000.
-1000.
-1000.
-1000.
-1000.
-1000.
-1000.
-1000.
-1000.
-1000.
-1000.
-1000.
-1000.
-1000.
-1000.
-1000.
-1000.
-1000.
-1000.
-1000.
-1000.
-1000.
-1000.
-1000.
-1000.
-1000.
-1000.
-1000.
-1000.
-1000.
-1000.
-1000.
-1000.
-1000.
-1000.
-1000.
-1000.
-1000.
-1000.
-1000.
-1000.
-1000.
-1000.
-1000.
-1000.
-1000.
-1000.
-1000.
-1000.
-1000.
-1000.
-1000.
-1000.
-1000.
-1000.
-1000.
-1000.
-1000.
-1000.
-1000.
-1000.
-1000.
-1000.
-1000.
-1000.
-1000.
-1000.
-1000.
-1000.
-1000.
-1000.
-1000.
-1000.
-1000.
-1000.
-1000.
-1000.
-1000.
-1000.
-1000.
-1000.
-1000.
-1000.
-1000.
-1000.
-1000.
-1000.
-1000.
-1000.
-1000.
-1000.
-1000.
-1000.
-1000.
-1000.
-1000.
-1000.
-1000.
-1000.
-1000.
-1000.
-1000.
-1000.
-1000.
-1000.
-1000.
-1000.
-1000.
-1000.
-1000.
-1000.
-1000.
-1000.
-1000.
-1000.
-1000.
-1000.
-1000.
-1000.
-1000.
-1000.
-1000.
-1000.
-1000.
-1000.
-1000.
-1000.
-1000.
-1000.
-1000.
-1000.
-1000.
-1000.
-1000.
-1000.
-1000.
-1000.
-1000.
-1000.
-1000.
-1000.
-1000.
-1000.
-1000.
-1000.
-1000.
-1000.
-1000.
-1000.
-1000.
-1000.
-1000.
-1000.
-1000.
-1000.
-1000.
-1000.
-1000.
-1000.
-1000.
-1000.
-1000.
-1000.
-1000.
-1000.
-1000.
-1000.
-1000.
-1000.
-1000.
-1000.
-1000.
-1000.
-1000.
-1000.
-1000.
-1000.
-1000.
-1000.
-1000.
-1000.
-1000.
-1000.
-1000.
-1000.
-1000.
-1000.
-1000.
-1000.
-1000.
-1000.
-1000.
-1000.
-1000.
-1000.
-1000.
-1000.
-1000.
-1000.
-1000.
-1000.
-1000.
-1000.
-1000.
-1000.
-1000.
-1000.
-1000.
-1000.
-1000.
-1000.
-1000.
-1000.
-1000.
-1000.
-1000.
-1000.
-1000.
-1000.
-1000.
-1000.
-1000.
-1000.
-1000.
-1000.
-1000.
-1000.
-1000.
-1000.
-1000.
-1000.
-1000.
-1000.
-1000.
-1000.
-1000.
-1000.
-1000.
-1000.
-1000.
-1000.
-1000.
-1000.
-1000.
-1000.
-1000.
-1000.
-1000.
-1000.
-1000.
-1000.
-1000.
-1000.
-1000.
-1000.
-1000.
-1000.
-1000.
-1000.
-1000.
-1000.
-1000.
-1000.
-1000.
-1000.
-1000.
-1000.
-1000.
-1000.
-1000.
-1000.
-1000.
-1000.
-1000.
-1000.
-1000.
-1000.
-1000.
-1000.
-1000.
-1000.
-1000.
-1000.
-1000.
-1000.
-1000.
-1000.
-1000.
-1000.
-1000.
-1000.
-1000.
-1000.
-1000.
-1000.
-1000.
-1000.
-1000.
-1000.
-1000.
-1000.
-1000.
-1000.
-1000.
-1000.
-1000.
-1000.
-1000.
-1000.
-1000.
-1000.
-1000.
-1000.
-1000.
-1000.
-1000.
-1000.
-1000.
-1000.
-1000.
-1000.
-1000.
-1000.
-1000.
-1000.
-1000.
-1000.
-1000.
-1000.
-1000.
-1000.
-1000.
-1000.
-1000.
-1000.
-1000.
-1000.
-1000.
-1000.
-1000.
-1000.
-1000.
-1000.
-1000.
-1000.
-1000.
-1000.
-1000.
-1000.
-1000.
-1000.
-1000.
-1000.
-1000.
-1000.
-1000.
-1000.
-1000.
-1000.
-1000.
-1000.
-1000.
-1000.
-1000.
-1000.
-1000.
-1000.
-1000.
-1000.
-1000.
-1000.
-1000.
-1000.
-1000.
-1000.
-1000.
-1000.
-1000.
-1000.
-1000.
-1000.
-1000.
-1000.
-1000.
-1000.
-1000.
-1000.
-1000.
-1000.
-1000.
-1000.
-1000.
-1000.
-1000.
-1000.
-1000.
-1000.
-1000.
-1000.
-1000.
-1000.
-1000.
-1000.
-1000.
-1000.
-1000.
-1000.
-1000.
-1000.
-1000.
-1000.
-1000.
-1000.
-1000.
-1000.
-1000.
-1000.
-1000.
-1000.
-1000.
-1000.
-1000.
-1000.
-1000.
-1000.
-1000.
-1000.
-1000.
-1000.
-1000.
-1000.
-999.985
-994.469
-961.037
-903.846
-839.342
-778.194
-725.693
-684.557
-655.599
-638.57
-632.593
-636.978
-648.974
-668.196
-692.776
-721.274
-752.286
-784.783
-817.518
-850.194
-881.093
-909.607
-935.216
-957.249
-975.074
-988.311
-996.538
-999.684
-1000.
-1000.
-1000.
-1000.
-1000.
-1000.
-1000.
-1000.
-1000.
-1000.
-1000.
-1000.
-1000.
-1000.
-1000.
-1000.
-1000.
-1000.
-1000.
-1000.
-1000.
-1000.
-1000.
-1000.
-1000.
-1000.
-1000.
-1000.
-1000.
-1000.
-1000.
-1000.
-1000.
-1000.
-1000.
-1000.
-1000.
-1000.
-1000.
-1000.
-1000.
-1000.
-1000.
-1000.
-1000.
-1000.
-1000.
-1000.
-1000.
-1000.
-999.994
-985.745
-877.984
-675.449
-445.477
-270.512
-161.869
-95.7158
-56.6724
-34.0435
-21.3336
-14.5119
-11.2143
-10.173
-10.9225
-13.1525
-17.2368
-23.4652
-32.2561
-44.0764
-59.4052
-78.7096
-102.862
-131.808
-165.928
-205.835
-251.609
-303.346
-361.296
-425.419
-495.665
-567.133
-634.259
-695.929
-752.21
-802.481
-846.839
-885.429
-918.675
-945.541
-966.606
-982.487
-993.135
-998.488
-999.972
-1000.
-1000.
-1000.
-1000.
-1000.
-1000.
-1000.
-1000.
-1000.
-1000.
-1000.
-1000.
-1000.
-1000.
-1000.
-1000.
-1000.
-1000.
-1000.
-1000.
-1000.
-1000.
-1000.
-1000.
-1000.
-1000.
-1000.
-1000.
-1000.
-1000.
-1000.
-1000.
-1000.
-1000.
-1000.
-988.343
-817.737
-443.245
-150.69
-27.6308
-0.814112
0.
0.
0.
0.
0.
0.
0.
0.
0.
0.
0.
0.
0.
0.
0.
0.
0.
0.
0.
0.
0.
0.
0.
0.
0.
-0.16288
-2.97237
-11.0558
-24.8221
-44.4383
-69.7531
-100.584
Process [1]
-136.736
-178.904
-225.663
-276.669
-332.088
-392.543
-455.176
-519.248
-583.28
-637.451
-689.058
-734.159
-773.407
-810.067
-839.32
-867.477
-889.824
-909.053
-927.714
-939.005
-951.877
-962.917
-968.626
-974.212
-980.026
-984.532
-987.78
-989.94
-991.152
-991.55
-1000.
-1000.
-1000.
-1000.
-1000.
-1000.
-1000.
-1000.
-1000.
-1000.
-1000.
-999.994
-950.467
-563.896
-125.441
-4.96399
0.
0.
0.
0.
0.
0.
0.
0.
0.
0.
0.
0.
0.
0.
0.
0.
0.
0.
0.
0.
0.
0.
0.
0.
0.
0.
0.
0.
0.
0.
0.
0.
0.
0.
0.
0.
0.
0.
0.
0.
0.
-0.00114108
-0.495664
-4.17911
-11.4892
-22.657
-37.1927
-53.6721
-74.0636
-93.9774
-118.09
-140.853
-164.75
-192.156
-211.743
-237.97
-264.809
-280.541
-298.636
-319.94
-339.303
-355.598
-367.804
-375.39
-378.029
-1000.
-1000.
-1000.
-1000.
-1000.
-1000.
-1000.
-1000.
-1000.
-1000.
-1000.
-941.175
-436.8
-35.9541
-0.00126973
0.
0.
0.
0.
0.
0.
0.
0.
0.
0.
0.
0.
0.
0.
0.
0.
0.
0.
0.
0.
0.
0.
0.
0.
0.
0.
0.
0.
0.
0.
0.
0.
0.
0.
0.
0.
0.
0.
0.
0.
0.
0.
0.
0.
0.
0.
0.
0.
0.
0.
0.
0.
0.
0.
0.
0.
0.
0.
0.
0.
0.
0.
0.
0.
0.
0.
-1000.
-1000.
-1000.
-1000.
-1000.
-1000.
-1000.
-1000.
-1000.
-1000.
-976.196
-500.842
-28.5844
0.
0.
0.
0.
0.
0.
0.
0.
0.
0.
0.
0.
0.
0.
0.
0.
0.
0.
0.
0.
0.
0.
0.
0.
0.
0.
0.
0.
0.
0.
0.
0.
0.
0.
0.
0.
0.
0.
0.
0.
0.
0.
0.
0.
0.
0.
0.
0.
0.
0.
0.
0.
0.
0.
0.
0.
0.
0.
0.
0.
0.
0.
0.
0.
0.
0.
0.
0.
-1000.
-1000.
-1000.
-1000.
-1000.
-1000.
-1000.
-1000.
-1000.
-999.263
-727.103
-77.0156
0.
0.
0.
0.
0.
0.
0.
0.
0.
0.
0.
0.
0.
0.
0.
0.
0.
0.
0.
0.
0.
0.
0.
0.
0.
0.
0.
0.
0.
0.
0.
0.
0.
0.
0.
0.
0.
0.
0.
0.
0.
0.
0.
0.
0.
0.
0.
0.
0.
0.
0.
0.
0.
0.
0.
0.
0.
0.
0.
0.
0.
0.
0.
0.
0.
0.
0.
0.
0.
-1000.
-1000.
-1000.
-1000.
-1000.
-1000.
-1000.
-1000.
-1000.
-950.978
-302.965
-0.86579
0.
0.
0.
0.
0.
0.
0.
0.
0.
0.
0.
0.
0.
0.
0.
0.
0.
0.
0.
0.
0.
0.
0.
0.
0.
0.
0.
0.
0.
0.
0.
0.
0.
0.
0.
0.
0.
0.
0.
0.
0.
0.
0.
0.
0.
0.
0.
0.
0.
0.
0.
0.
0.
0.
0.
0.
0.
0.
0.
0.
0.
0.
0.
0.
0.
0.
0.
0.
0.
-1000.
-1000.
-1000.
-1000.
-1000.
-1000.
-1000.
-1000.
-999.999
-754.476
-63.0194
0.
0.
0.
0.
0.
0.
0.
0.
0.
0.
0.
0.
0.
0.
0.
0.
0.
0.
0.
0.
0.
0.
0.
0.
0.
0.
0.
0.
0.
0.
0.
0.
0.
0.
0.
0.
0.
0.
0.
0.
0.
0.
0.
0.
0.
0.
0.
0.
0.
0.
0.
0.
0.
0.
0.
0.
0.
0.
0.
0.
0.
0.
0.
0.
0.
0.
0.
0.
0.
0.
-1000.
-1000.
-1000.
-1000.
-1000.
-1000.
-1000.
-1000.
-994.052
-468.774
-2.79261
0.
0.
0.
0.
0.
0.
0.
0.
0.
0.
0.
0.
0.
0.
0.
0.
0.
0.
0.
0.
0.
0.
0.
0.
0.
0.
0.
0.
0.
0.
0.
0.
0.
0.
0.
0.
0.
0.
0.
0.
0.
0.
0.
0.
0.
0.
0.
0.
0.
0.
0.
0.
0.
0.
0.
0.
0.
0.
0.
0.
0.
0.
0.
0.
0.
0.
0.
0.
0.
0.
-1000.
-1000.
-1000.
-1000.
-1000.
-1000.
-1000.
-1000.
-945.764
-241.374
0.
0.
0.
0.
0.
0.
0.
0.
0.
0.
0.
0.
0.
0.
0.
0.
0.
0.
0.
0.
0.
0.
0.
0.
0.
0.
0.
0.
0.
0.
0.
0.
0.
0.
0.
0.
0.
0.
0.
0.
0.
0.
0.
0.
0.
0.
0.
0.
0.
0.
0.
0.
0.
0.
0.
0.
0.
0.
0.
0.
0.
0.
0.
0.
0.
0.
0.
0.
0.
0.
0.
-1000.
-1000.
-1000.
-1000.
-1000.
-1000.
-1000.
-1000.
-853.964
-111.555
0.
0.
0.
0.
0.
0.
0.
0.
0.
0.
0.
0.
0.
0.
0.
0.
0.
0.
0.
0.
0.
0.
0.
0.
0.
0.
0.
0.
0.
0.
0.
0.
0.
0.
0.
0.
0.
0.
0.
0.
0.
0.
0.
0.
0.
0.
0.
0.
0.
0.
0.
0.
0.
0.
0.
0.
0.
0.
0.
0.
0.
0.
0.
0.
0.
0.
0.
0.
0.
0.
0.
-1000.
-1000.
-1000.
-1000.
-1000.
-1000.
-1000.
-1000.
-747.134
-44.1315
0.
0.
0.
0.
0.
0.
0.
0.
0.
0.
0.
0.
0.
0.
0.
0.
0.
0.
0.
0.
0.
0.
0.
0.
0.
0.
0.
0.
0.
0.
0.
0.
0.
0.
0.
0.
0.
0.
0.
0.
0.
0.
0.
0.
0.
0.
0.
0.
0.
0.
0.
0.
0.
0.
0.
0.
0.
0.
0.
0.
0.
0.
0.
0.
0.
0.
0.
0.
0.
0.
0.
Process [2]
-1000.
-1000.
-1000.
-1000.
-1000.
-1000.
-1000.
-1000.
-648.775
-14.1628
0.
0.
0.
0.
0.
0.
0.
0.
0.
0.
0.
0.
0.
0.
0.
0.
0.
0.
0.
0.
0.
0.
0.
0.
0.
0.
0.
0.
0.
0.
0.
0.
0.
0.
0.
0.
0.
0.
0.
0.
0.
0.
0.
0.
0.
0.
0.
0.
0.
0.
0.
0.
0.
0.
0.
0.
0.
0.
0.
0.
0.
0.
0.
0.
0.
0.
0.
0.
0.
0.
0.
-1000.
-1000.
-1000.
-1000.
-1000.
-1000.
-1000.
-1000.
-568.72
-2.94048
0.
0.
0.
0.
0.
0.
0.
0.
0.
0.
0.
0.
0.
0.
0.
0.
0.
0.
0.
0.
0.
0.
0.
0.
0.
0.
0.
0.
0.
0.
0.
0.
0.
0.
0.
0.
0.
0.
0.
0.
0.
0.
0.
0.
0.
0.
0.
0.
0.
0.
0.
0.
0.
0.
0.
0.
0.
0.
0.
0.
0.
0.
0.
0.
0.
0.
0.
0.
0.
0.
0.
-1000.
-1000.
-1000.
-1000.
-1000.
-1000.
-1000.
-999.992
-512.572
-0.213507
0.
0.
0.
0.
0.
0.
0.
0.
0.
0.
0.
0.
0.
0.
0.
0.
0.
0.
0.
0.
0.
0.
0.
0.
0.
0.
0.
0.
0.
0.
0.
0.
0.
0.
0.
0.
0.
0.
0.
0.
0.
0.
0.
0.
0.
0.
0.
0.
0.
0.
0.
0.
0.
0.
0.
0.
0.
0.
0.
0.
0.
0.
0.
0.
0.
0.
0.
0.
0.
0.
0.
-1000.
-1000.
-1000.
-1000.
-1000.
-1000.
-1000.
-999.894
-487.312
0.
0.
0.
0.
0.
0.
0.
0.
0.
0.
0.
0.
0.
0.
0.
0.
0.
0.
0.
0.
0.
0.
0.
0.
0.
0.
0.
0.
0.
0.
0.
0.
0.
0.
0.
0.
0.
0.
0.
0.
0.
0.
0.
0.
0.
0.
0.
0.
0.
0.
0.
0.
0.
0.
0.
0.
0.
0.
0.
0.
0.
0.
0.
0.
0.
0.
0.
0.
0.
0.
0.
0.
-1000.
-1000.
-1000.
-1000.
-1000.
-1000.
-1000.
-999.927
-491.368
-0.00573757
0.
0.
0.
0.
0.
0.
0.
0.
0.
0.
0.
0.
0.
0.
0.
0.
0.
0.
0.
0.
0.
0.
0.
0.
0.
0.
0.
0.
0.
0.
0.
0.
0.
0.
0.
0.
0.
0.
0.
0.
0.
0.
0.
0.
0.
0.
0.
0.
0.
0.
0.
0.
0.
0.
0.
0.
0.
0.
0.
0.
0.
0.
0.
0.
0.
0.
0.
0.
0.
0.
0.
-1000.
-1000.
-1000.
-1000.
-1000.
-1000.
-1000.
-1000.
-522.747
-0.437125
0.
0.
0.
0.
0.
0.
0.
0.
0.
0.
0.
0.
0.
0.
0.
0.
0.
0.
0.
0.
0.
0.
0.
0.
0.
0.
0.
0.
0.
0.
0.
0.
0.
0.
0.
0.
0.
0.
0.
0.
0.
0.
0.
0.
0.
0.
0.
0.
0.
0.
0.
0.
0.
0.
0.
0.
0.
0.
0.
0.
0.
0.
0.
0.
0.
0.
0.
0.
0.
0.
0.
-1000.
-1000.
-1000.
-1000.
-1000.
-1000.
-1000.
-1000.
-580.021
-4.00956
0.
0.
0.
0.
0.
0.
0.
0.
0.
0.
0.
0.
0.
0.
0.
0.
0.
0.
0.
0.
0.
0.
0.
0.
0.
0.
0.
0.
0.
0.
0.
0.
0.
0.
0.
0.
0.
0.
0.
0.
0.
0.
0.
0.
0.
0.
0.
0.
0.
0.
0.
0.
0.
0.
0.
0.
0.
0.
0.
0.
0.
0.
0.
0.
0.
0.
0.
0.
0.
0.
0.
-1000.
-1000.
-1000.
-1000.
-1000.
-1000.
-1000.
-1000.
-659.573
-16.3426
0.
0.
0.
0.
0.
0.
0.
0.
0.
0.
0.
0.
0.
0.
0.
0.
0.
0.
0.
0.
0.
0.
0.
0.
0.
0.
0.
0.
0.
0.
0.
0.
0.
0.
0.
0.
0.
0.
0.
0.
0.
0.
0.
0.
0.
0.
0.
0.
0.
0.
0.
0.
0.
0.
0.
0.
0.
0.
0.
0.
0.
0.
0.
0.
0.
0.
0.
0.
0.
0.
0.
-1000.
-1000.
-1000.
-1000.
-1000.
-1000.
-1000.
-1000.
-750.77
-45.169
0.
0.
0.
0.
0.
0.
0.
0.
0.
0.
0.
0.
0.
0.
0.
0.
0.
0.
0.
0.
0.
0.
0.
0.
0.
0.
0.
0.
0.
0.
0.
0.
0.
0.
0.
0.
0.
0.
0.
0.
0.
0.
0.
0.
0.
0.
0.
0.
0.
0.
0.
0.
0.
0.
0.
0.
0.
0.
0.
0.
0.
0.
0.
0.
0.
0.
0.
0.
0.
0.
0.
-1000.
-1000.
-1000.
-1000.
-1000.
-1000.
-1000.
-1000.
-844.677
-102.132
0.
0.
0.
0.
0.
0.
0.
0.
0.
0.
0.
0.
0.
0.
0.
0.
0.
0.
0.
0.
0.
0.
0.
0.
0.
0.
0.
0.
0.
0.
0.
0.
0.
0.
0.
0.
0.
0.
0.
0.
0.
0.
0.
0.
0.
0.
0.
0.
0.
0.
0.
0.
0.
0.
0.
0.
0.
0.
0.
0.
0.
0.
0.
0.
0.
0.
0.
0.
0.
0.
0.
-1000.
-1000.
-1000.
-1000.
-1000.
-1000.
-1000.
-1000.
-930.156
-205.887
Process [3]
0.
0.
0.
0.
0.
0.
0.
0.
0.
0.
0.
0.
0.
0.
0.
0.
0.
0.
0.
0.
0.
0.
0.
0.
0.
0.
0.
0.
0.
0.
0.
0.
0.
0.
0.
0.
0.
0.
0.
0.
0.
0.
0.
0.
0.
0.
0.
0.
0.
0.
0.
0.
0.
0.
0.
0.
0.
0.
0.
0.
0.
0.
0.
0.
0.
0.
0.
0.
0.
0.
0.
-1000.
-1000.
-1000.
-1000.
-1000.
-1000.
-1000.
-1000.
-985.477
-376.047
-0.125604
0.
0.
0.
0.
0.
0.
0.
0.
0.
0.
0.
0.
0.
0.
0.
0.
0.
0.
0.
0.
0.
0.
0.
0.
0.
0.
0.
0.
0.
0.
0.
0.
0.
0.
0.
0.
0.
0.
0.
0.
0.
0.
0.
0.
0.
0.
0.
0.
0.
0.
0.
0.
0.
0.
0.
0.
0.
0.
0.
0.
0.
0.
0.
0.
0.
0.
0.
0.
0.
0.
-1000.
-1000.
-1000.
-1000.
-1000.
-1000.
-1000.
-1000.
-999.754
-614.402
-15.0661
0.
0.
0.
0.
0.
0.
0.
0.
0.
0.
0.
0.
0.
0.
0.
0.
0.
0.
0.
0.
0.
0.
0.
0.
0.
0.
0.
0.
0.
0.
0.
0.
0.
0.
0.
0.
0.
0.
0.
0.
0.
0.
0.
0.
0.
0.
0.
0.
0.
0.
0.
0.
0.
0.
0.
0.
0.
0.
0.
0.
0.
0.
0.
0.
0.
0.
0.
0.
0.
0.
-1000.
-1000.
-1000.
-1000.
-1000.
-1000.
-1000.
-1000.
-1000.
-836.283
-108.541
0.
0.
0.
0.
0.
0.
0.
0.
0.
0.
0.
0.
0.
0.
0.
0.
0.
0.
0.
0.
0.
0.
0.
0.
0.
0.
0.
0.
0.
0.
0.
0.
0.
0.
0.
0.
0.
0.
0.
0.
0.
0.
0.
0.
0.
0.
0.
0.
0.
0.
0.
0.
0.
0.
0.
0.
0.
0.
0.
0.
0.
0.
0.
0.
0.
0.
0.
0.
0.
0.
-1000.
-1000.
-1000.
-1000.
-1000.
-1000.
-1000.
-1000.
-1000.
-970.119
-343.667
-0.662165
0.
0.
0.
0.
0.
0.
0.
0.
0.
0.
0.
0.
0.
0.
0.
0.
0.
0.
0.
0.
0.
0.
0.
0.
0.
0.
0.
0.
0.
0.
0.
0.
0.
0.
0.
0.
0.
0.
0.
0.
0.
0.
0.
0.
0.
0.
0.
0.
0.
0.
0.
0.
0.
0.
0.
0.
0.
0.
0.
0.
0.
0.
0.
0.
0.
0.
0.
0.
0.
-1000.
-1000.
-1000.
-1000.
-1000.
-1000.
-1000.
-1000.
-1000.
-999.644
-698.735
-47.9313
0.
0.
0.
0.
0.
0.
0.
0.
0.
0.
0.
0.
0.
0.
0.
0.
0.
0.
0.
0.
0.
0.
0.
0.
0.
0.
0.
0.
0.
0.
0.
0.
0.
0.
0.
0.
0.
0.
0.
0.
0.
0.
0.
0.
0.
0.
0.
0.
0.
0.
0.
0.
0.
0.
0.
0.
0.
0.
0.
0.
0.
0.
0.
0.
0.
0.
0.
0.
0.
-1000.
-1000.
-1000.
-1000.
-1000.
-1000.
-1000.
-1000.
-1000.
-1000.
-944.695
-298.333
-1.04097
0.
0.
0.
0.
0.
0.
0.
0.
0.
0.
0.
0.
0.
0.
0.
0.
0.
0.
0.
0.
0.
0.
0.
0.
0.
0.
0.
0.
0.
0.
0.
0.
0.
0.
0.
0.
0.
0.
0.
0.
0.
0.
0.
0.
0.
0.
0.
0.
0.
0.
0.
0.
0.
0.
0.
0.
0.
0.
0.
0.
0.
0.
0.
0.
0.
0.
0.
0.
-1000.
-1000.
-1000.
-1000.
-1000.
-1000.
-1000.
-1000.
-1000.
-1000.
-999.361
-733.871
-78.048
0.
0.
0.
0.
0.
0.
0.
0.
0.
0.
0.
0.
0.
0.
0.
0.
0.
0.
0.
0.
0.
0.
0.
0.
0.
0.
0.
0.
0.
0.
0.
0.
0.
0.
0.
0.
0.
0.
0.
0.
0.
0.
0.
0.
0.
0.
0.
0.
0.
0.
0.
0.
0.
0.
0.
0.
0.
0.
0.
0.
0.
0.
0.
0.
0.
0.
0.
0.
-1000.
-1000.
-1000.
-1000.
-1000.
-1000.
-1000.
-1000.
-1000.
-1000.
-1000.
-975.127
-452.476
-12.2267
0.
0.
0.
0.
0.
0.
0.
0.
0.
0.
0.
0.
0.
0.
0.
0.
0.
0.
0.
0.
0.
0.
0.
0.
0.
0.
0.
0.
0.
0.
0.
0.
0.
0.
0.
0.
0.
0.
0.
0.
0.
0.
0.
0.
0.
0.
0.
0.
0.
0.
0.
0.
0.
0.
0.
0.
0.
0.
0.
0.
0.
0.
0.
0.
0.
0.
0.
-1000.
-1000.
-1000.
-1000.
-1000.
-1000.
-1000.
-1000.
-1000.
-1000.
-1000.
-999.997
-884.036
-218.003
-0.491257
0.
0.
0.
0.
0.
0.
0.
0.
0.
0.
0.
0.
0.
0.
0.
0.
0.
0.
0.
0.
0.
0.
0.
0.
0.
0.
0.
0.
0.
0.
0.
0.
0.
0.
0.
0.
0.
0.
0.
0.
0.
0.
0.
0.
0.
0.
0.
0.
0.
0.
0.
0.
0.
0.
0.
0.
0.
0.
0.
0.
0.
0.
0.
0.
0.
0.
Process [4]
-1000.
-1000.
-1000.
-1000.
-1000.
-1000.
-1000.
-1000.
-1000.
-1000.
-1000.
-1000.
-997.691
-693.361
-62.599
0.
0.
0.
0.
0.
0.
0.
0.
0.
0.
0.
0.
0.
0.
0.
0.
0.
0.
0.
0.
0.
0.
0.
0.
0.
0.
0.
0.
0.
0.
0.
0.
0.
0.
0.
0.
0.
0.
0.
0.
0.
0.
0.
0.
0.
0.
0.
0.
0.
0.
0.
0.
0.
0.
0.
0.
0.
0.
0.
0.
0.
0.
0.
0.
0.
0.
-1000.
-1000.
-1000.
-1000.
-1000.
-1000.
-1000.
-1000.
-1000.
-1000.
-1000.
-1000.
-1000.
-965.806
-377.082
-2.94375
0.
0.
0.
0.
0.
0.
0.
0.
0.
0.
0.
0.
0.
0.
0.
0.
0.
0.
0.
0.
0.
0.
0.
0.
0.
0.
0.
0.
0.
0.
0.
0.
0.
0.
0.
0.
0.
0.
0.
0.
0.
0.
0.
0.
0.
0.
0.
0.
0.
0.
0.
0.
0.
0.
0.
0.
0.
0.
0.
0.
0.
0.
0.
0.
0.
-1000.
-1000.
-1000.
-1000.
-1000.
-1000.
-1000.
-1000.
-1000.
-1000.
-1000.
-1000.
-1000.
-999.938
-768.426
-75.0489
0.
0.
0.
0.
0.
0.
0.
0.
0.
0.
0.
0.
0.
0.
0.
0.
0.
0.
0.
0.
0.
0.
0.
0.
0.
0.
0.
0.
0.
0.
0.
0.
0.
0.
0.
0.
0.
0.
0.
0.
0.
0.
0.
0.
0.
0.
0.
0.
0.
0.
0.
0.
0.
0.
0.
0.
0.
0.
0.
0.
0.
0.
0.
0.
0.
-1000.
-1000.
-1000.
-1000.
-1000.
-1000.
-1000.
-1000.
-1000.
-1000.
-1000.
-1000.
-1000.
-1000.
-954.138
-274.047
0.
0.
0.
0.
0.
0.
0.
0.
0.
0.
0.
0.
0.
0.
0.
0.
0.
0.
0.
0.
0.
0.
0.
0.
0.
0.
0.
0.
0.
0.
0.
0.
0.
0.
0.
0.
0.
0.
0.
0.
0.
0.
0.
0.
0.
0.
0.
0.
0.
0.
0.
0.
0.
0.
0.
0.
0.
0.
0.
0.
0.
0.
0.
0.
0.
-1000.
-1000.
-1000.
-1000.
-1000.
-1000.
-1000.
-1000.
-1000.
-1000.
-1000.
-1000.
-1000.
-1000.
-997.621
-494.299
-1.26962
0.
0.
0.
0.
0.
0.
0.
0.
0.
0.
0.
0.
0.
0.
0.
0.
0.
0.
0.
0.
0.
0.
0.
0.
0.
0.
0.
0.
0.
0.
0.
0.
0.
0.
0.
0.
0.
0.
0.
0.
0.
0.
0.
0.
0.
0.
0.
0.
0.
0.
0.
0.
0.
0.
0.
0.
0.
0.
0.
0.
0.
0.
0.
0.
-1000.
-1000.
-1000.
-1000.
-1000.
-1000.
-1000.
-1000.
-1000.
-1000.
-1000.
-1000.
-1000.
-1000.
-1000.
-629.665
-10.5238
0.
0.
0.
0.
0.
0.
0.
0.
0.
0.
0.
0.
0.
0.
0.
0.
0.
0.
0.
0.
0.
0.
0.
0.
0.
0.
0.
0.
0.
0.
0.
0.
0.
0.
0.
0.
0.
0.
0.
0.
0.
0.
0.
0.
0.
0.
0.
0.
0.
0.
0.
0.
0.
0.
0.
0.
0.
0.
0.
0.
0.
0.
0.
0.
-1000.
-1000.
-1000.
-1000.
-1000.
-1000.
-1000.
-1000.
-1000.
-1000.
-1000.
-1000.
-1000.
-1000.
-1000.
-655.978
-14.8348
0.
0.
0.
0.
0.
0.
0.
0.
0.
0.
0.
0.
0.
0.
0.
0.
0.
0.
0.
0.
0.
0.
0.
0.
0.
0.
0.
0.
0.
0.
0.
0.
0.
0.
0.
0.
0.
0.
0.
0.
0.
0.
0.
0.
0.
0.
0.
0.
0.
0.
0.
0.
0.
0.
0.
0.
0.
0.
0.
0.
0.
0.
0.
0.
-1000.
-1000.
-1000.
-1000.
-1000.
-1000.
-1000.
-1000.
-1000.
-1000.
-1000.
-1000.
-1000.
-1000.
-999.899
-578.805
-5.07501
0.
0.
0.
0.
0.
0.
0.
0.
0.
0.
0.
0.
0.
0.
0.
0.
0.
0.
0.
0.
0.
0.
0.
0.
0.
0.
0.
0.
0.
0.
0.
0.
0.
0.
0.
0.
0.
0.
0.
0.
0.
0.
0.
0.
0.
0.
0.
0.
0.
0.
0.
0.
0.
0.
0.
0.
0.
0.
0.
0.
0.
0.
0.
0.
-1000.
-1000.
-1000.
-1000.
-1000.
-1000.
-1000.
-1000.
-1000.
-1000.
-1000.
-1000.
-1000.
-1000.
-986.342
-390.185
-0.161725
0.
0.
0.
0.
0.
0.
0.
0.
0.
0.
0.
0.
0.
0.
0.
0.
0.
0.
0.
0.
0.
0.
0.
0.
0.
0.
0.
0.
0.
0.
0.
0.
0.
0.
0.
0.
0.
0.
0.
0.
0.
0.
0.
0.
0.
0.
0.
0.
0.
0.
0.
0.
0.
0.
0.
0.
0.
0.
0.
0.
0.
0.
0.
0.
-1000.
-1000.
-1000.
-1000.
-1000.
-1000.
-1000.
-1000.
-1000.
-1000.
-1000.
-1000.
-1000.
-1000.
-886.227
-164.4
0.
0.
0.
0.
0.
0.
0.
0.
0.
0.
0.
0.
0.
0.
0.
0.
0.
0.
0.
0.
0.
0.
0.
0.
0.
0.
0.
0.
0.
0.
0.
0.
0.
0.
0.
0.
0.
0.
0.
0.
0.
0.
0.
0.
0.
0.
0.
0.
0.
0.
0.
0.
0.
0.
0.
0.
0.
0.
0.
0.
0.
0.
0.
0.
0.
-1000.
-1000.
-1000.
-1000.
-1000.
-1000.
-1000.
-1000.
-1000.
-1000.
Process [5]
-1000.
-1000.
-1000.
-993.002
-568.166
-20.7174
0.
0.
0.
0.
0.
0.
0.
0.
0.
0.
0.
0.
0.
0.
0.
0.
0.
0.
0.
0.
0.
0.
0.
0.
0.
0.
0.
0.
0.
0.
0.
0.
0.
0.
0.
0.
0.
0.
0.
0.
0.
0.
0.
0.
0.
0.
0.
0.
0.
0.
0.
0.
0.
0.
0.
0.
0.
0.
0.
0.
0.
0.
0.
0.
0.
-1000.
-1000.
-1000.
-1000.
-1000.
-1000.
-1000.
-1000.
-1000.
-1000.
-1000.
-1000.
-999.613
-824.731
-151.731
-0.0113674
0.
0.
0.
0.
0.
0.
0.
0.
0.
0.
0.
0.
0.
0.
0.
0.
0.
0.
0.
0.
0.
0.
0.
0.
0.
0.
0.
0.
0.
0.
0.
0.
0.
0.
0.
0.
0.
0.
0.
0.
0.
0.
0.
0.
0.
0.
0.
0.
0.
0.
0.
0.
0.
0.
0.
0.
0.
0.
0.
0.
0.
0.
0.
0.
0.
-1000.
-1000.
-1000.
-1000.
-1000.
-1000.
-1000.
-1000.
-1000.
-1000.
-1000.
-999.778
-892.614
-295.251
-4.70076
0.
0.
0.
0.
0.
0.
0.
0.
0.
0.
0.
0.
0.
0.
0.
0.
0.
0.
0.
0.
0.
0.
0.
0.
0.
0.
0.
0.
0.
0.
0.
0.
0.
0.
0.
0.
0.
0.
0.
0.
0.
0.
0.
0.
0.
0.
0.
0.
0.
0.
0.
0.
0.
0.
0.
0.
0.
0.
0.
0.
0.
0.
0.
0.
0.
0.
-1000.
-1000.
-1000.
-1000.
-1000.
-1000.
-1000.
-1000.
-1000.
-1000.
-998.498
-867.466
-319.723
-12.2576
0.
0.
0.
0.
0.
0.
0.
0.
0.
0.
0.
0.
0.
0.
0.
0.
0.
0.
0.
0.
0.
0.
0.
0.
0.
0.
0.
0.
0.
0.
0.
0.
0.
0.
0.
0.
0.
0.
0.
0.
0.
0.
0.
0.
0.
0.
0.
0.
0.
0.
0.
0.
0.
0.
0.
0.
0.
0.
0.
0.
0.
0.
0.
0.
0.
0.
0.
-1000.
-1000.
-1000.
-1000.
-1000.
-1000.
-1000.
-1000.
-999.995
-977.297
-735.709
-229.051
-8.24429
0.
0.
0.
0.
0.
0.
0.
0.
0.
0.
0.
0.
0.
0.
0.
0.
0.
0.
0.
0.
0.
0.
0.
0.
0.
0.
0.
0.
0.
0.
0.
0.
0.
0.
0.
0.
0.
0.
0.
0.
0.
0.
0.
0.
0.
0.
0.
0.
0.
0.
0.
0.
0.
0.
0.
0.
0.
0.
0.
0.
0.
0.
0.
0.
0.
0.
0.
0.
-1000.
-1000.
-1000.
-1000.
-1000.
-1000.
-999.782
-973.718
-809.166
-429.474
-83.8509
-1.10069
0.
0.
0.
0.
0.
0.
0.
0.
0.
0.
0.
0.
0.
0.
0.
0.
0.
0.
0.
0.
0.
0.
0.
0.
0.
0.
0.
0.
0.
0.
0.
0.
0.
0.
0.
0.
0.
0.
0.
0.
0.
0.
0.
0.
0.
0.
0.
0.
0.
0.
0.
0.
0.
0.
0.
0.
0.
0.
0.
0.
0.
0.
0.
0.
0.
0.
0.
0.
0.
-1000.
-1000.
-999.231
-988.735
-948.045
-849.404
-653.335
-354.206
-101.552
-5.62627
0.
0.
0.
0.
0.
0.
0.
0.
0.
0.
0.
0.
0.
0.
0.
0.
0.
0.
0.
0.
0.
0.
0.
0.
0.
0.
0.
0.
0.
0.
0.
0.
0.
0.
0.
0.
0.
0.
0.
0.
0.
0.
0.
0.
0.
0.
0.
0.
0.
0.
0.
0.
0.
0.
0.
0.
0.
0.
0.
0.
0.
0.
0.
0.
0.
0.
0.
0.
0.
0.
0.
-578.151
-551.76
-483.177
-372.805
-239.302
-111.423
-23.7773
-0.440828
0.
0.
0.
0.
0.
0.
0.
0.
0.
0.
0.
0.
0.
0.
0.
0.
0.
0.
0.
0.
0.
0.
0.
0.
0.
0.
0.
0.
0.
0.
0.
0.
0.
0.
0.
0.
0.
0.
0.
0.
0.
0.
0.
0.
0.
0.
0.
0.
0.
0.
0.
0.
0.
0.
0.
0.
0.
0.
0.
0.
0.
0.
0.
0.
0.
0.
0.
0.
0.
0.
0.
0.
0.
-3.39649
-1.65627
-0.127118
0.
0.
0.
0.
0.
0.
0.
0.
0.
0.
0.
0.
0.
0.
0.
0.
0.
0.
0.
0.
0.
0.
0.
0.
0.
0.
0.
0.
0.
0.
0.
0.
0.
0.
0.
0.
0.
0.
0.
0.
0.
0.
0.
0.
0.
0.
0.
0.
0.
0.
0.
0.
0.
0.
0.
0.
0.
0.
0.
0.
0.
0.
0.
0.
0.
0.
0.
0.
0.
0.
0.
0.
0.
0.
0.
0.
0.
0.
0.
0.
0.
0.
0.
0.
0.
0.
0.
0.
0.
0.
0.
0.
0.
0.
0.
0.
0.
0.
0.
0.
0.
0.
0.
0.
0.
0.
0.
0.
0.
0.
0.
0.
0.
0.
0.
0.
0.
0.
0.
0.
0.
0.
0.
0.
0.
0.
0.
0.
0.
0.
0.
0.
0.
0.
0.
0.
0.
0.
0.
0.
0.
0.
0.
0.
0.
0.
0.
0.
0.
0.
0.
0.
0.
0.
0.
0.
0.
0.
0.
Process [6]
0.
0.
0.
0.
0.
0.
0.
0.
0.
0.
0.
0.
0.
0.
0.
0.
0.
0.
0.
0.
0.
0.
0.
0.
0.
0.
0.
0.
0.
0.
0.
0.
0.
0.
0.
0.
0.
0.
0.
0.
0.
0.
0.
0.
0.
0.
0.
0.
0.
0.
0.
0.
0.
0.
0.
0.
0.
0.
0.
0.
0.
0.
0.
0.
0.
0.
0.
0.
0.
0.
0.
0.
0.
0.
0.
0.
0.
0.
0.
0.
0.
0.
0.
0.
0.
0.
0.
0.
0.
0.
0.
0.
0.
0.
0.
0.
0.
0.
0.
0.
0.
0.
0.
0.
0.
0.
0.
0.
0.
0.
0.
0.
0.
0.
0.
0.
0.
0.
0.
0.
0.
0.
0.
0.
0.
0.
0.
0.
0.
0.
0.
0.
0.
0.
0.
0.
0.
0.
0.
0.
0.
0.
0.
0.
0.
0.
0.
0.
0.
0.
0.
0.
0.
0.
0.
0.
0.
0.
0.
0.
0.
0.
0.
0.
0.
0.
0.
0.
0.
0.
0.
0.
0.
0.
0.
0.
0.
0.
0.
0.
0.
0.
0.
0.
0.
0.
0.
0.
0.
0.
0.
0.
0.
0.
0.
0.
0.
0.
0.
0.
0.
0.
0.
0.
0.
0.
0.
0.
0.
0.
0.
0.
0.
0.
0.
0.
0.
0.
0.
0.
0.
0.
0.
0.
0.
0.
0.
0.
0.
0.
0.
0.
0.
0.
0.
0.
0.
0.
0.
0.
0.
0.
0.
0.
0.
0.
0.
0.
0.
0.
0.
0.
0.
0.
0.
0.
0.
0.
0.
0.
0.
0.
0.
0.
0.
0.
0.
0.
0.
0.
0.
0.
0.
0.
0.
0.
0.
0.
0.
0.
0.
0.
0.
0.
0.
0.
0.
0.
0.
0.
0.
0.
0.
0.
0.
0.
0.
0.
0.
0.
0.
0.
0.
0.
0.
0.
0.
0.
0.
0.
0.
0.
0.
0.
0.
0.
0.
0.
0.
0.
0.
0.
0.
0.
0.
0.
0.
0.
0.
0.
0.
0.
0.
0.
0.
0.
0.
0.
0.
0.
0.
0.
0.
0.
0.
0.
0.
0.
0.
0.
0.
0.
0.
0.
0.
0.
0.
0.
0.
0.
0.
0.
0.
0.
0.
0.
0.
0.
0.
0.
0.
0.
0.
0.
0.
0.
0.
0.
0.
0.
0.
0.
0.
0.
0.
0.
0.
0.
0.
0.
0.
0.
0.
0.
0.
0.
0.
0.
0.
0.
0.
0.
0.
0.
0.
0.
0.
0.
0.
0.
0.
0.
0.
0.
0.
0.
0.
0.
0.
0.
0.
0.
0.
0.
0.
0.
0.
0.
0.
0.
0.
0.
0.
0.
0.
0.
0.
0.
0.
0.
0.
0.
0.
0.
0.
0.
0.
0.
0.
0.
0.
0.
0.
0.
0.
0.
0.
0.
0.
0.
0.
0.
0.
0.
0.
0.
0.
0.
0.
0.
0.
0.
0.
0.
0.
0.
0.
0.
0.
0.
0.
0.
0.
0.
0.
0.
0.
0.
0.
0.
0.
0.
0.
0.
0.
0.
0.
0.
0.
0.
0.
0.
0.
0.
0.
0.
0.
0.
0.
0.
0.
0.
0.
0.
0.
0.
0.
0.
0.
0.
0.
0.
0.
0.
0.
0.
0.
0.
0.
0.
0.
0.
0.
0.
0.
0.
0.
0.
0.
0.
0.
0.
0.
0.
0.
0.
0.
0.
0.
0.
0.
0.
0.
0.
0.
0.
0.
0.
0.
0.
0.
0.
0.
0.
0.
0.
0.
0.
0.
0.
0.
0.
0.
0.
0.
0.
0.
0.
0.
0.
0.
0.
0.
0.
0.
0.
0.
0.
0.
0.
0.
0.
0.
0.
0.
0.
0.
0.
0.
0.
0.
0.
0.
0.
0.
0.
0.
0.
0.
0.
0.
0.
0.
0.
0.
0.
0.
0.
0.
0.
0.
0.
0.
0.
0.
0.
0.
0.
0.
0.
0.
0.
0.
0.
0.
0.
0.
0.
0.
0.
0.
0.
0.
0.
0.
0.
0.
0.
0.
0.
0.
0.
0.
0.
0.
0.
0.
0.
0.
0.
0.
0.
0.
0.
0.
0.
0.
0.
0.
0.
0.
0.
0.
0.
0.
0.
0.
0.
0.
0.
0.
0.
0.
0.
0.
0.
0.
0.
0.
0.
0.
0.
0.
0.
0.
0.
0.
0.
0.
0.
0.
0.
0.
0.
0.
0.
0.
0.
0.
0.
0.
0.
0.
0.
0.
0.
0.
0.
0.
0.
0.
0.
0.
0.
0.
0.
0.
0.
0.
0.
0.
0.
0.
0.
0.
0.
0.
0.
0.
0.
0.
0.
0.
0.
0.
0.
0.
0.
0.
0.
0.
0.
0.
0.
0.
0.
0.
0.
0.
0.
0.
0.
0.
0.
0.
0.
0.
0.
0.
0.
0.
0.
0.
0.
0.
0.
0.
0.
0.
0.
0.
0.
0.
0.
0.
0.
0.
0.
0.
0.
0.
0.
0.
0.
0.
0.
0.
0.
0.
0.
0.
0.
0.
0.
0.
0.
0.
0.
0.
0.
0.
0.
0.
0.
0.
0.
0.
0.
0.
0.
Process [7]
0.
0.
0.
0.
0.
0.
0.
0.
0.
0.
0.
0.
0.
0.
0.
0.
0.
0.
0.
0.
0.
0.
0.
0.
0.
0.
0.
0.
0.
0.
0.
0.
0.
0.
0.
0.
0.
0.
0.
0.
0.
0.
0.
0.
0.
0.
0.
0.
0.
0.
0.
0.
0.
0.
0.
0.
0.
0.
0.
0.
0.
0.
0.
0.
0.
0.
0.
0.
0.
0.
0.
0.
0.
0.
0.
0.
0.
0.
0.
0.
0.
0.
0.
0.
0.
0.
0.
0.
0.
0.
0.
0.
0.
0.
0.
0.
0.
0.
0.
0.
0.
0.
0.
0.
0.
0.
0.
0.
0.
0.
0.
0.
0.
0.
0.
0.
0.
0.
0.
0.
0.
0.
0.
0.
0.
0.
0.
0.
0.
0.
0.
0.
0.
0.
0.
0.
0.
0.
0.
0.
0.
0.
0.
0.
0.
0.
0.
0.
0.
0.
0.
0.
0.
0.
0.
0.
0.
0.
0.
0.
0.
0.
0.
0.
0.
0.
0.
0.
0.
0.
0.
0.
0.
0.
0.
0.
0.
0.
0.
0.
0.
0.
0.
0.
0.
0.
0.
0.
0.
0.
0.
0.
0.
0.
0.
0.
0.
0.
0.
0.
0.
0.
0.
0.
0.
0.
0.
0.
0.
0.
0.
0.
0.
0.
0.
0.
0.
0.
0.
0.
0.
0.
0.
0.
0.
0.
0.
0.
0.
0.
0.
0.
0.
0.
0.
0.
0.
0.
0.
0.
0.
0.
0.
0.
0.
0.
0.
0.
0.
0.
0.
0.
0.
0.
0.
0.
0.
0.
0.
0.
0.
0.
0.
0.
0.
0.
0.
0.
0.
0.
0.
0.
0.
0.
0.
0.
0.
0.
0.
0.
0.
0.
0.
0.
0.
0.
0.
0.
0.
0.
0.
0.
0.
0.
0.
0.
0.
0.
0.
0.
0.
0.
0.
0.
0.
0.
0.
0.
0.
0.
0.
0.
0.
0.
0.
0.
0.
0.
0.
0.
0.
0.
0.
0.
0.
0.
0.
0.
0.
0.
0.
0.
0.
0.
0.
0.
0.
0.
0.
0.
0.
0.
0.
0.
0.
0.
0.
0.
0.
0.
0.
0.
0.
0.
0.
0.
0.
0.
0.
0.
0.
0.
0.
0.
0.
0.
0.
0.
0.
0.
0.
0.
0.
0.
0.
0.
0.
0.
0.
0.
0.
0.
0.
0.
0.
0.
0.
0.
0.
0.
0.
0.
0.
0.
0.
0.
0.
0.
0.
0.
0.
0.
0.
0.
0.
0.
0.
0.
0.
0.
0.
0.
0.
0.
0.
0.
0.
0.
0.
0.
0.
0.
0.
0.
0.
0.
0.
0.
0.
0.
0.
0.
0.
0.
0.
0.
0.
0.
0.
0.
0.
0.
0.
0.
0.
0.
0.
0.
0.
0.
0.
0.
0.
0.
0.
0.
0.
0.
0.
0.
0.
0.
0.
0.
0.
0.
0.
0.
0.
0.
0.
0.
0.
0.
0.
0.
0.
0.
0.
0.
0.
0.
0.
0.
0.
0.
0.
0.
0.
0.
0.
0.
0.
0.
0.
0.
0.
0.
0.
0.
0.
0.
0.
0.
0.
0.
0.
0.
0.
0.
0.
0.
0.
0.
0.
0.
0.
0.
0.
0.
0.
0.
0.
0.
0.
0.
0.
0.
0.
0.
0.
0.
0.
0.
0.
0.
0.
0.
0.
0.
0.
0.
0.
0.
0.
0.
0.
0.
0.
0.
0.
0.
0.
0.
0.
0.
0.
0.
0.
0.
0.
0.
0.
0.
0.
0.
0.
0.
0.
0.
0.
0.
0.
0.
0.
0.
0.
0.
0.
0.
0.
0.
0.
0.
0.
0.
0.
0.
0.
0.
0.
0.
0.
0.
0.
0.
0.
0.
0.
0.
0.
0.
0.
0.
0.
0.
0.
0.
0.
0.
0.
0.
0.
0.
0.
0.
0.
0.
0.
0.
0.
0.
0.
0.
0.
0.
0.
0.
0.
0.
0.
0.
0.
0.
0.
0.
0.
0.
0.
0.
0.
0.
0.
0.
0.
0.
0.
0.
0.
0.
0.
0.
0.
0.
0.
0.
0.
0.
0.
0.
0.
0.
0.
0.
0.
0.
0.
0.
0.
0.
0.
0.
0.
0.
0.
0.
0.
0.
0.
0.
0.
0.
0.
0.
0.
0.
0.
0.
0.
0.
0.
0.
0.
0.
0.
0.
0.
0.
0.
0.
0.
0.
0.
0.
0.
0.
0.
0.
0.
0.
0.
0.
0.
0.
0.
0.
0.
0.
0.
0.
0.
0.
0.
0.
0.
0.
0.
0.
0.
0.
0.
0.
0.
0.
0.
0.
0.
0.
0.
0.
0.
0.
0.
0.
0.
0.
0.
0.
0.
0.
0.
0.
0.
0.
0.
0.
0.
0.
0.
0.
0.
0.
0.
0.
0.
0.
0.
0.
0.
0.
0.
0.
0.
0.
0.
0.
0.
0.
0.
0.
0.
0.
0.
0.
0.
0.
0.
0.
0.
0.
0.
0.
0.
0.
0.
0.
0.
0.
0.
0.
