Vec Object: Vec_0x84000004_5 8 MPI processes
  type: mpi
Process [0]
-1000.
-1000.
-1000.
-1000.
-1000.
-1000.
-1000.
-1000.
-1000.
-1000.
-1000.
-1000.
-1000.
-1000.
-1000.
-1000.
-1000.
-1000.
-1000.
-1000.
-1000.
-1000.
-1000.
-1000.
-1000.
-1000.
-1000.
-1000.
-1000.
-1000.
-1000.
-1000.
-1000.
-1000.
-1000.
-1000.
-1000.
-1000.
-1000.
-1000.
-1000.
-1000.
-1000.
-1000.
-1000.
-1000.
-1000.
-1000.
-1000.
-1000.
-1000.
-1000.
-1000.
-1000.
-1000.
-1000.
-1000.
-1000.
-1000.
-1000.
-1000.
-1000.
-1000.
-1000.
-1000.
-1000.
-1000.
-1000.
-1000.
-1000.
-1000.
-1000.
-1000.
-1000.
-1000.
-1000.
-1000.
-1000.
-1000.
-1000.
-1000.
-1000.
-1000.
-1000.
-1000.
-1000.
-1000.
-1000.
-1000.
-1000.
-1000.
-1000.
-1000.
-1000.
-1000.
-1000.
-1000.
-1000.
-1000.
-1000.
-1000.
-1000.
-1000.
-1000.
-1000.
-1000.
-1000.
-1000.
-1000.
-1000.
-1000.
-1000.
-1000.
-1000.
-1000.
-1000.
-1000.
-1000.
-1000.
-1000.
-1000.
-1000.
-1000.
-1000.
-1000.
-1000.
-1000.
-1000.
-1000.
-1000.
-1000.
-1000.
-1000.
-1000.
-1000.
-1000.
-1000.
-1000.
-1000.
-1000.
-1000.
-1000.
-1000.
-1000.
-1000.
-1000.
-1000.
-1000.
-1000.
-1000.
-1000.
-1000.
-1000.
-1000.
-1000.
-1000.
-1000.
-1000.
-1000.
-1000.
-1000.
-1000.
-1000.
-1000.
-1000.
-1000.
-1000.
-1000.
-1000.
-1000.
-1000.
-1000.
-1000.
-1000.
-1000.
-1000.
-1000.
-1000.
-1000.
-1000.
-1000.
-1000.
-1000.
-1000.
-1000.
-1000.
-1000.
-1000.
-1000.
-1000.
-1000.
-1000.
-1000.
-1000.
-1000.
-1000.
-1000.
-1000.
-1000.
-1000.
-1000.
-1000.
-1000.
-1000.
-1000.
-1000.
-1000.
-1000.
-1000.
-1000.
-1000.
-1000.
-1000.
-1000.
-1000.
-1000.
-1000.
-1000.
-1000.
-1000.
-1000.
-1000.
-1000.
-1000.
-1000.
-1000.
-1000.
-1000.
-1000.
-1000.
-1000.
-1000.
-1000.
-1000.
-1000.
-1000.
-1000.
-1000.
-1000.
-1000.
-1000.
-1000.
-1000.
-1000.
-1000.
-1000.
-1000.
-1000.
-1000.
-1000.
-1000.
-1000.
-1000.
-1000.
-1000.
-1000.
-1000.
-1000.
-1000.
-1000.
-1000.
-1000.
-1000.
-1000.
-1000.
-1000.
-1000.
-1000.
-1000.
-1000.
-1000.
-1000.
-1000.
-1000.
-1000.
-1000.
-1000.
-1000.
-1000.
-1000.
-1000.
-1000.
-1000.
-1000.
-1000.
-1000.
-1000.
-1000.
-1000.
-1000.
-1000.
-1000.
-1000.
-1000.
-1000.
-1000.
-1000.
-1000.
-1000.
-1000.
-1000.
-1000.
-1000.
-1000.
-1000.
-1000.
-1000.
-1000.
-1000.
-1000.
-1000.
-1000.
-1000.
-1000.
-1000.
-1000.
-1000.
-1000.
-1000.
-1000.
-1000.
-1000.
-1000.
-1000.
-1000.
-1000.
-1000.
-1000.
-1000.
-1000.
-1000.
-1000.
-1000.
-1000.
-1000.
-1000.
-1000.
-1000.
-1000.
-1000.
-1000.
-1000.
-1000.
-1000.
-1000.
-1000.
-1000.
-1000.
-1000.
-1000.
-1000.
-1000.
-1000.
-1000.
-1000.
-1000.
-1000.
-1000.
-1000.
-1000.
-1000.
-1000.
-1000.
-1000.
-1000.
-1000.
-1000.
-1000.
-1000.
-1000.
-1000.
-1000.
-1000.
-1000.
-1000.
-1000.
-1000.
-1000.
-1000.
-1000.
-1000.
-1000.
-1000.
-1000.
-1000.
-1000.
-1000.
-1000.
-1000.
-1000.
-1000.
-1000.
-1000.
-1000.
-1000.
-1000.
-1000.
-1000.
-1000.
-1000.
-1000.
-1000.
-1000.
-1000.
-1000.
-1000.
-1000.
-1000.
-1000.
-1000.
-1000.
-1000.
-1000.
-1000.
-1000.
-1000.
-1000.
-1000.
-1000.
-1000.
-1000.
-1000.
-1000.
-1000.
-1000.
-1000.
-1000.
-1000.
-1000.
-1000.
-1000.
-1000.
-1000.
-1000.
-1000.
-1000.
-1000.
-1000.
-1000.
-1000.
-1000.
-1000.
-1000.
-1000.
-1000.
-1000.
-1000.
-1000.
-1000.
-1000.
-1000.
-1000.
-1000.
-1000.
-1000.
-1000.
-1000.
-1000.
-1000.
-1000.
-1000.
-1000.
-1000.
-1000.
-1000.
-1000.
-1000.
-1000.
-1000.
-1000.
-1000.
-1000.
-1000.
-1000.
-1000.
-1000.
-1000.
-1000.
-1000.
-1000.
-1000.
-1000.
-1000.
-1000.
-1000.
-1000.
-1000.
-1000.
-1000.
-1000.
-1000.
-1000.
-1000.
-1000.
-1000.
-1000.
-1000.
-1000.
-1000.
-1000.
-1000.
-1000.
-1000.
-1000.
-1000.
-1000.
-1000.
-1000.
-1000.
-1000.
-1000.
-1000.
-1000.
-1000.
-1000.
-1000.
-1000.
-1000.
-1000.
-1000.
-1000.
-1000.
-1000.
-1000.
-1000.
-1000.
-1000.
-1000.
-1000.
-1000.
-1000.
-1000.
-1000.
-1000.
-1000.
-1000.
-1000.
-1000.
-1000.
-1000.
-1000.
-1000.
-1000.
-1000.
-1000.
-1000.
-1000.
-1000.
-1000.
-1000.
-1000.
-1000.
-1000.
-1000.
-1000.
-1000.
-1000.
-1000.
-1000.
-1000.
-1000.
-1000.
-1000.
-1000.
-1000.
-1000.
-1000.
-1000.
-1000.
-1000.
-1000.
-1000.
-1000.
-1000.
-1000.
-1000.
-1000.
-1000.
-1000.
-1000.
-1000.
-1000.
-1000.
-1000.
-1000.
-1000.
-1000.
-1000.
-1000.
-1000.
-1000.
-1000.
-1000.
-1000.
-1000.
-1000.
-1000.
-1000.
-1000.
-1000.
-1000.
-1000.
-1000.
-1000.
-1000.
-1000.
-1000.
-1000.
-1000.
-1000.
-1000.
-1000.
-1000.
-1000.
-1000.
-1000.
-1000.
-1000.
-1000.
-1000.
-1000.
-1000.
-1000.
-1000.
-1000.
-1000.
-1000.
-1000.
-1000.
-1000.
-1000.
-1000.
-1000.
-1000.
-1000.
-1000.
-1000.
-1000.
-1000.
-1000.
-1000.
-1000.
-1000.
-1000.
-1000.
-1000.
-1000.
-1000.
-1000.
-1000.
-1000.
-1000.
-1000.
-1000.
-1000.
-1000.
-1000.
-1000.
-1000.
-1000.
-1000.
-1000.
-1000.
-1000.
-1000.
-1000.
-1000.
-1000.
-1000.
-1000.
-1000.
-1000.
-1000.
-1000.
-1000.
-1000.
-1000.
-1000.
-1000.
-1000.
-1000.
-1000.
-1000.
-1000.
-1000.
-1000.
-1000.
-1000.
-1000.
-1000.
-1000.
-1000.
-1000.
-1000.
-1000.
-1000.
-1000.
-1000.
-1000.
-1000.
-1000.
-1000.
-1000.
-1000.
-1000.
-1000.
-1000.
-1000.
-1000.
-1000.
-1000.
-1000.
-1000.
-1000.
-1000.
-1000.
-1000.
-1000.
-1000.
-1000.
-1000.
-1000.
-1000.
-1000.
-1000.
-1000.
-1000.
-1000.
-1000.
-1000.
-1000.
-1000.
-1000.
-1000.
-1000.
-1000.
-1000.
-1000.
-1000.
-1000.
-1000.
-1000.
-1000.
-1000.
-1000.
-1000.
-1000.
-1000.
-1000.
-1000.
-1000.
-999.791
-990.741
-957.726
-908.964
-856.431
-807.09
-765.009
-732.513
-710.024
-697.272
-693.688
-698.398
-710.345
-727.559
-749.499
-774.45
-801.207
-828.785
-856.51
-883.493
-908.721
-931.788
-952.096
-969.067
-982.451
-992.097
-997.882
-999.889
-1000.
-1000.
-1000.
-1000.
-1000.
-1000.
-1000.
-1000.
-1000.
-1000.
-1000.
-1000.
-1000.
-1000.
-1000.
-1000.
-1000.
-1000.
-1000.
-1000.
-1000.
-1000.
-1000.
-1000.
-1000.
-1000.
-1000.
-1000.
-1000.
-1000.
-1000.
-1000.
-1000.
-1000.
-1000.
-1000.
-1000.
-1000.
-1000.
-1000.
-1000.
-1000.
-1000.
-1000.
-1000.
-1000.
-1000.
-1000.
-1000.
-1000.
-996.125
-936.632
-788.13
-591.244
-397.499
-258.451
-167.368
-109.158
-72.4971
-49.752
-36.1787
-28.4286
-24.579
-23.5751
-24.9207
-28.5393
-34.3318
-42.7893
-54.0637
-68.4658
-86.3185
-108.16
-134.249
-164.573
-199.593
-239.299
-283.398
-331.83
-384.782
-442.489
-504.
-564.738
Process [1]
-621.099
-673.37
-721.557
-765.072
-803.918
-838.455
-869.074
-895.882
-918.765
-937.933
-954.283
-967.968
-978.014
-986.579
-992.335
-996.356
-998.82
-999.865
-999.997
-1000.
-1000.
-1000.
-1000.
-1000.
-1000.
-1000.
-1000.
-1000.
-1000.
-1000.
-1000.
-1000.
-1000.
-1000.
-1000.
-1000.
-1000.
-1000.
-1000.
-1000.
-1000.
-1000.
-1000.
-1000.
-1000.
-1000.
-1000.
-991.703
-862.199
-544.831
-236.448
-71.3003
-9.38837
-0.0752655
0.
0.
0.
0.
0.
0.
0.
0.
0.
0.
0.
0.
0.
0.
0.
0.
0.
0.
0.
0.
0.
0.
0.
0.
0.
-0.239578
-2.60861
-8.76655
-18.7762
-32.6037
-49.9333
-70.3253
-93.6248
-119.61
-148.151
-178.681
-210.263
-243.652
-279.436
-312.932
-349.89
-385.117
-418.746
-455.482
-486.106
-519.07
-549.845
-569.758
-598.422
-619.477
-628.536
-646.834
-663.51
-677.09
-686.992
-693.097
-695.118
-1000.
-1000.
-1000.
-1000.
-1000.
-1000.
-1000.
-1000.
-1000.
-1000.
-1000.
-1000.
-1000.
-1000.
-1000.
-999.864
-936.654
-566.977
-156.136
-12.2431
-0.000462983
0.
0.
0.
0.
0.
0.
0.
0.
0.
0.
0.
0.
0.
0.
0.
0.
0.
0.
0.
0.
0.
0.
0.
0.
0.
0.
0.
0.
0.
0.
0.
0.
0.
0.
0.
0.
0.
0.
0.
0.
0.
0.
0.
0.
0.
0.
0.
-0.00209094
-0.304583
-1.35406
-2.71019
-5.48151
-8.18471
-9.57817
-12.7787
-16.1722
-19.2999
-21.8034
-23.4247
-24.0053
-1000.
-1000.
-1000.
-1000.
-1000.
-1000.
-1000.
-1000.
-1000.
-1000.
-1000.
-1000.
-1000.
-1000.
-999.541
-880.517
-352.808
-28.9998
-0.00436415
0.
0.
0.
0.
0.
0.
0.
0.
0.
0.
0.
0.
0.
0.
0.
0.
0.
0.
0.
0.
0.
0.
0.
0.
0.
0.
0.
0.
0.
0.
0.
0.
0.
0.
0.
0.
0.
0.
0.
0.
0.
0.
0.
0.
0.
0.
0.
0.
0.
0.
0.
0.
0.
0.
0.
0.
0.
0.
0.
0.
0.
0.
-1000.
-1000.
-1000.
-1000.
-1000.
-1000.
-1000.
-1000.
-1000.
-1000.
-1000.
-1000.
-1000.
-999.981
-897.826
-304.039
-9.30882
0.
0.
0.
0.
0.
0.
0.
0.
0.
0.
0.
0.
0.
0.
0.
0.
0.
0.
0.
0.
0.
0.
0.
0.
0.
0.
0.
0.
0.
0.
0.
0.
0.
0.
0.
0.
0.
0.
0.
0.
0.
0.
0.
0.
0.
0.
0.
0.
0.
0.
0.
0.
0.
0.
0.
0.
0.
0.
0.
0.
0.
0.
0.
0.
-1000.
-1000.
-1000.
-1000.
-1000.
-1000.
-1000.
-1000.
-1000.
-1000.
-1000.
-1000.
-1000.
-964.967
-420.338
-13.0113
0.
0.
0.
0.
0.
0.
0.
0.
0.
0.
0.
0.
0.
0.
0.
0.
0.
0.
0.
0.
0.
0.
0.
0.
0.
0.
0.
0.
0.
0.
0.
0.
0.
0.
0.
0.
0.
0.
0.
0.
0.
0.
0.
0.
0.
0.
0.
0.
0.
0.
0.
0.
0.
0.
0.
0.
0.
0.
0.
0.
0.
0.
0.
0.
0.
-1000.
-1000.
-1000.
-1000.
-1000.
-1000.
-1000.
-1000.
-1000.
-1000.
-1000.
-1000.
-999.236
-704.036
-60.345
0.
0.
0.
0.
0.
0.
0.
0.
0.
0.
0.
0.
0.
0.
0.
0.
0.
0.
0.
0.
0.
0.
0.
0.
0.
0.
0.
0.
0.
0.
0.
0.
0.
0.
0.
0.
0.
0.
0.
0.
0.
0.
0.
0.
0.
0.
0.
0.
0.
0.
0.
0.
0.
0.
0.
0.
0.
0.
0.
0.
0.
0.
0.
0.
0.
0.
-1000.
-1000.
-1000.
-1000.
-1000.
-1000.
-1000.
-1000.
-1000.
-1000.
-1000.
-1000.
-955.309
-304.246
-0.549959
0.
0.
0.
0.
0.
0.
0.
0.
0.
0.
0.
0.
0.
0.
0.
0.
0.
0.
0.
0.
0.
0.
0.
0.
0.
0.
0.
0.
0.
0.
0.
0.
0.
0.
0.
0.
0.
0.
0.
0.
0.
0.
0.
0.
0.
0.
0.
0.
0.
0.
0.
0.
0.
0.
0.
0.
0.
0.
0.
0.
0.
0.
0.
0.
0.
0.
-1000.
-1000.
-1000.
-1000.
-1000.
-1000.
-1000.
-1000.
-1000.
-1000.
-1000.
-1000.
-788.382
-76.9054
0.
0.
0.
0.
0.
0.
0.
0.
0.
0.
0.
0.
0.
0.
0.
0.
0.
0.
0.
0.
0.
0.
0.
0.
0.
0.
0.
0.
0.
0.
0.
0.
0.
0.
0.
0.
0.
0.
0.
0.
0.
0.
0.
0.
0.
0.
0.
0.
0.
0.
0.
0.
0.
0.
0.
0.
0.
0.
0.
0.
0.
0.
0.
0.
0.
0.
0.
-1000.
-1000.
-1000.
-1000.
-1000.
-1000.
-1000.
-1000.
-1000.
-1000.
-1000.
-998.991
-550.563
-6.62501
0.
0.
0.
0.
0.
0.
0.
0.
0.
0.
0.
0.
0.
0.
0.
0.
0.
0.
0.
0.
0.
0.
0.
0.
0.
0.
0.
0.
0.
0.
0.
0.
0.
0.
0.
0.
0.
0.
0.
0.
0.
0.
0.
0.
0.
0.
0.
0.
0.
0.
0.
0.
0.
0.
0.
0.
0.
0.
0.
0.
0.
0.
0.
0.
0.
0.
0.
-1000.
-1000.
-1000.
-1000.
-1000.
-1000.
-1000.
-1000.
-1000.
-1000.
-1000.
-980.947
-342.445
-0.00149093
0.
0.
0.
0.
0.
0.
0.
0.
0.
0.
0.
0.
0.
0.
0.
0.
0.
0.
0.
0.
0.
0.
0.
0.
0.
0.
0.
0.
0.
0.
0.
0.
0.
0.
0.
0.
0.
0.
0.
0.
0.
0.
0.
0.
0.
0.
0.
0.
0.
0.
0.
0.
0.
0.
0.
0.
0.
0.
0.
0.
0.
0.
0.
0.
0.
0.
0.
Process [2]
-1000.
-1000.
-1000.
-1000.
-1000.
-1000.
-1000.
-1000.
-1000.
-1000.
-1000.
-937.918
-215.072
0.
0.
0.
0.
0.
0.
0.
0.
0.
0.
0.
0.
0.
0.
0.
0.
0.
0.
0.
0.
0.
0.
0.
0.
0.
0.
0.
0.
0.
0.
0.
0.
0.
0.
0.
0.
0.
0.
0.
0.
0.
0.
0.
0.
0.
0.
0.
0.
0.
0.
0.
0.
0.
0.
0.
0.
0.
0.
0.
0.
0.
0.
0.
0.
0.
0.
0.
0.
-1000.
-1000.
-1000.
-1000.
-1000.
-1000.
-1000.
-1000.
-1000.
-1000.
-1000.
-892.595
-145.067
0.
0.
0.
0.
0.
0.
0.
0.
0.
0.
0.
0.
0.
0.
0.
0.
0.
0.
0.
0.
0.
0.
0.
0.
0.
0.
0.
0.
0.
0.
0.
0.
0.
0.
0.
0.
0.
0.
0.
0.
0.
0.
0.
0.
0.
0.
0.
0.
0.
0.
0.
0.
0.
0.
0.
0.
0.
0.
0.
0.
0.
0.
0.
0.
0.
0.
0.
0.
-1000.
-1000.
-1000.
-1000.
-1000.
-1000.
-1000.
-1000.
-1000.
-1000.
-1000.
-862.61
-113.59
0.
0.
0.
0.
0.
0.
0.
0.
0.
0.
0.
0.
0.
0.
0.
0.
0.
0.
0.
0.
0.
0.
0.
0.
0.
0.
0.
0.
0.
0.
0.
0.
0.
0.
0.
0.
0.
0.
0.
0.
0.
0.
0.
0.
0.
0.
0.
0.
0.
0.
0.
0.
0.
0.
0.
0.
0.
0.
0.
0.
0.
0.
0.
0.
0.
0.
0.
0.
-1000.
-1000.
-1000.
-1000.
-1000.
-1000.
-1000.
-1000.
-1000.
-1000.
-1000.
-853.454
-105.244
0.
0.
0.
0.
0.
0.
0.
0.
0.
0.
0.
0.
0.
0.
0.
0.
0.
0.
0.
0.
0.
0.
0.
0.
0.
0.
0.
0.
0.
0.
0.
0.
0.
0.
0.
0.
0.
0.
0.
0.
0.
0.
0.
0.
0.
0.
0.
0.
0.
0.
0.
0.
0.
0.
0.
0.
0.
0.
0.
0.
0.
0.
0.
0.
0.
0.
0.
0.
-1000.
-1000.
-1000.
-1000.
-1000.
-1000.
-1000.
-1000.
-1000.
-1000.
-1000.
-866.018
-116.693
0.
0.
0.
0.
0.
0.
0.
0.
0.
0.
0.
0.
0.
0.
0.
0.
0.
0.
0.
0.
0.
0.
0.
0.
0.
0.
0.
0.
0.
0.
0.
0.
0.
0.
0.
0.
0.
0.
0.
0.
0.
0.
0.
0.
0.
0.
0.
0.
0.
0.
0.
0.
0.
0.
0.
0.
0.
0.
0.
0.
0.
0.
0.
0.
0.
0.
0.
0.
-1000.
-1000.
-1000.
-1000.
-1000.
-1000.
-1000.
-1000.
-1000.
-1000.
-1000.
-895.76
-148.903
0.
0.
0.
0.
0.
0.
0.
0.
0.
0.
0.
0.
0.
0.
0.
0.
0.
0.
0.
0.
0.
0.
0.
0.
0.
0.
0.
0.
0.
0.
0.
0.
0.
0.
0.
0.
0.
0.
0.
0.
0.
0.
0.
0.
0.
0.
0.
0.
0.
0.
0.
0.
0.
0.
0.
0.
0.
0.
0.
0.
0.
0.
0.
0.
0.
0.
0.
0.
-1000.
-1000.
-1000.
-1000.
-1000.
-1000.
-1000.
-1000.
-1000.
-1000.
-1000.
-934.625
-206.917
0.
0.
0.
0.
0.
0.
0.
0.
0.
0.
0.
0.
0.
0.
0.
0.
0.
0.
0.
0.
0.
0.
0.
0.
0.
0.
0.
0.
0.
0.
0.
0.
0.
0.
0.
0.
0.
0.
0.
0.
0.
0.
0.
0.
0.
0.
0.
0.
0.
0.
0.
0.
0.
0.
0.
0.
0.
0.
0.
0.
0.
0.
0.
0.
0.
0.
0.
0.
-1000.
-1000.
-1000.
-1000.
-1000.
-1000.
-1000.
-1000.
-1000.
-1000.
-1000.
-971.348
-296.332
0.
0.
0.
0.
0.
0.
0.
0.
0.
0.
0.
0.
0.
0.
0.
0.
0.
0.
0.
0.
0.
0.
0.
0.
0.
0.
0.
0.
0.
0.
0.
0.
0.
0.
0.
0.
0.
0.
0.
0.
0.
0.
0.
0.
0.
0.
0.
0.
0.
0.
0.
0.
0.
0.
0.
0.
0.
0.
0.
0.
0.
0.
0.
0.
0.
0.
0.
0.
-1000.
-1000.
-1000.
-1000.
-1000.
-1000.
-1000.
-1000.
-1000.
-1000.
-1000.
-994.527
-423.368
-0.0689889
0.
0.
0.
0.
0.
0.
0.
0.
0.
0.
0.
0.
0.
0.
0.
0.
0.
0.
0.
0.
0.
0.
0.
0.
0.
0.
0.
0.
0.
0.
0.
0.
0.
0.
0.
0.
0.
0.
0.
0.
0.
0.
0.
0.
0.
0.
0.
0.
0.
0.
0.
0.
0.
0.
0.
0.
0.
0.
0.
0.
0.
0.
0.
0.
0.
0.
0.
-1000.
-1000.
-1000.
-1000.
-1000.
-1000.
-1000.
-1000.
-1000.
-1000.
-1000.
-999.915
-579.622
-6.14779
0.
0.
0.
0.
0.
0.
0.
0.
0.
0.
0.
0.
0.
0.
0.
0.
0.
0.
0.
0.
0.
0.
0.
0.
0.
0.
0.
0.
0.
0.
0.
0.
0.
0.
0.
0.
0.
0.
0.
0.
0.
0.
0.
0.
0.
0.
0.
0.
0.
0.
0.
0.
0.
0.
0.
0.
0.
0.
0.
0.
0.
0.
0.
0.
0.
0.
0.
-1000.
-1000.
-1000.
-1000.
-1000.
-1000.
-1000.
-1000.
-1000.
-1000.
Process [3]
-1000.
-1000.
-727.096
-37.864
0.
0.
0.
0.
0.
0.
0.
0.
0.
0.
0.
0.
0.
0.
0.
0.
0.
0.
0.
0.
0.
0.
0.
0.
0.
0.
0.
0.
0.
0.
0.
0.
0.
0.
0.
0.
0.
0.
0.
0.
0.
0.
0.
0.
0.
0.
0.
0.
0.
0.
0.
0.
0.
0.
0.
0.
0.
0.
0.
0.
0.
0.
0.
0.
0.
0.
0.
-1000.
-1000.
-1000.
-1000.
-1000.
-1000.
-1000.
-1000.
-1000.
-1000.
-1000.
-1000.
-842.268
-100.662
0.
0.
0.
0.
0.
0.
0.
0.
0.
0.
0.
0.
0.
0.
0.
0.
0.
0.
0.
0.
0.
0.
0.
0.
0.
0.
0.
0.
0.
0.
0.
0.
0.
0.
0.
0.
0.
0.
0.
0.
0.
0.
0.
0.
0.
0.
0.
0.
0.
0.
0.
0.
0.
0.
0.
0.
0.
0.
0.
0.
0.
0.
0.
0.
0.
0.
0.
-1000.
-1000.
-1000.
-1000.
-1000.
-1000.
-1000.
-1000.
-1000.
-1000.
-1000.
-1000.
-921.766
-188.151
0.
0.
0.
0.
0.
0.
0.
0.
0.
0.
0.
0.
0.
0.
0.
0.
0.
0.
0.
0.
0.
0.
0.
0.
0.
0.
0.
0.
0.
0.
0.
0.
0.
0.
0.
0.
0.
0.
0.
0.
0.
0.
0.
0.
0.
0.
0.
0.
0.
0.
0.
0.
0.
0.
0.
0.
0.
0.
0.
0.
0.
0.
0.
0.
0.
0.
0.
-1000.
-1000.
-1000.
-1000.
-1000.
-1000.
-1000.
-1000.
-1000.
-1000.
-1000.
-1000.
-968.228
-285.059
0.
0.
0.
0.
0.
0.
0.
0.
0.
0.
0.
0.
0.
0.
0.
0.
0.
0.
0.
0.
0.
0.
0.
0.
0.
0.
0.
0.
0.
0.
0.
0.
0.
0.
0.
0.
0.
0.
0.
0.
0.
0.
0.
0.
0.
0.
0.
0.
0.
0.
0.
0.
0.
0.
0.
0.
0.
0.
0.
0.
0.
0.
0.
0.
0.
0.
0.
-1000.
-1000.
-1000.
-1000.
-1000.
-1000.
-1000.
-1000.
-1000.
-1000.
-1000.
-1000.
-989.387
-368.764
0.
0.
0.
0.
0.
0.
0.
0.
0.
0.
0.
0.
0.
0.
0.
0.
0.
0.
0.
0.
0.
0.
0.
0.
0.
0.
0.
0.
0.
0.
0.
0.
0.
0.
0.
0.
0.
0.
0.
0.
0.
0.
0.
0.
0.
0.
0.
0.
0.
0.
0.
0.
0.
0.
0.
0.
0.
0.
0.
0.
0.
0.
0.
0.
0.
0.
0.
-1000.
-1000.
-1000.
-1000.
-1000.
-1000.
-1000.
-1000.
-1000.
-1000.
-1000.
-1000.
-996.511
-421.624
0.
0.
0.
0.
0.
0.
0.
0.
0.
0.
0.
0.
0.
0.
0.
0.
0.
0.
0.
0.
0.
0.
0.
0.
0.
0.
0.
0.
0.
0.
0.
0.
0.
0.
0.
0.
0.
0.
0.
0.
0.
0.
0.
0.
0.
0.
0.
0.
0.
0.
0.
0.
0.
0.
0.
0.
0.
0.
0.
0.
0.
0.
0.
0.
0.
0.
0.
-1000.
-1000.
-1000.
-1000.
-1000.
-1000.
-1000.
-1000.
-1000.
-1000.
-1000.
-1000.
-996.223
-418.491
0.
0.
0.
0.
0.
0.
0.
0.
0.
0.
0.
0.
0.
0.
0.
0.
0.
0.
0.
0.
0.
0.
0.
0.
0.
0.
0.
0.
0.
0.
0.
0.
0.
0.
0.
0.
0.
0.
0.
0.
0.
0.
0.
0.
0.
0.
0.
0.
0.
0.
0.
0.
0.
0.
0.
0.
0.
0.
0.
0.
0.
0.
0.
0.
0.
0.
0.
-1000.
-1000.
-1000.
-1000.
-1000.
-1000.
-1000.
-1000.
-1000.
-1000.
-1000.
-1000.
-986.597
-356.656
0.
0.
0.
0.
0.
0.
0.
0.
0.
0.
0.
0.
0.
0.
0.
0.
0.
0.
0.
0.
0.
0.
0.
0.
0.
0.
0.
0.
0.
0.
0.
0.
0.
0.
0.
0.
0.
0.
0.
0.
0.
0.
0.
0.
0.
0.
0.
0.
0.
0.
0.
0.
0.
0.
0.
0.
0.
0.
0.
0.
0.
0.
0.
0.
0.
0.
0.
-1000.
-1000.
-1000.
-1000.
-1000.
-1000.
-1000.
-1000.
-1000.
-1000.
-1000.
-1000.
-948.442
-240.93
0.
0.
0.
0.
0.
0.
0.
0.
0.
0.
0.
0.
0.
0.
0.
0.
0.
0.
0.
0.
0.
0.
0.
0.
0.
0.
0.
0.
0.
0.
0.
0.
0.
0.
0.
0.
0.
0.
0.
0.
0.
0.
0.
0.
0.
0.
0.
0.
0.
0.
0.
0.
0.
0.
0.
0.
0.
0.
0.
0.
0.
0.
0.
0.
0.
0.
0.
-1000.
-1000.
-1000.
-1000.
-1000.
-1000.
-1000.
-1000.
-1000.
-1000.
-1000.
-1000.
-838.717
-106.472
0.
0.
0.
0.
0.
0.
0.
0.
0.
0.
0.
0.
0.
0.
0.
0.
0.
0.
0.
0.
0.
0.
0.
0.
0.
0.
0.
0.
0.
0.
0.
0.
0.
0.
0.
0.
0.
0.
0.
0.
0.
0.
0.
0.
0.
0.
0.
0.
0.
0.
0.
0.
0.
0.
0.
0.
0.
0.
0.
0.
0.
0.
0.
0.
0.
0.
0.
Process [4]
-1000.
-1000.
-1000.
-1000.
-1000.
-1000.
-1000.
-1000.
-1000.
-1000.
-1000.
-997.209
-585.738
-15.5281
0.
0.
0.
0.
0.
0.
0.
0.
0.
0.
0.
0.
0.
0.
0.
0.
0.
0.
0.
0.
0.
0.
0.
0.
0.
0.
0.
0.
0.
0.
0.
0.
0.
0.
0.
0.
0.
0.
0.
0.
0.
0.
0.
0.
0.
0.
0.
0.
0.
0.
0.
0.
0.
0.
0.
0.
0.
0.
0.
0.
0.
0.
0.
0.
0.
0.
0.
-1000.
-1000.
-1000.
-1000.
-1000.
-1000.
-1000.
-1000.
-1000.
-1000.
-1000.
-910.878
-224.189
-0.0428017
0.
0.
0.
0.
0.
0.
0.
0.
0.
0.
0.
0.
0.
0.
0.
0.
0.
0.
0.
0.
0.
0.
0.
0.
0.
0.
0.
0.
0.
0.
0.
0.
0.
0.
0.
0.
0.
0.
0.
0.
0.
0.
0.
0.
0.
0.
0.
0.
0.
0.
0.
0.
0.
0.
0.
0.
0.
0.
0.
0.
0.
0.
0.
0.
0.
0.
0.
-1000.
-1000.
-1000.
-1000.
-1000.
-1000.
-1000.
-1000.
-1000.
-1000.
-984.161
-528.987
-22.6559
0.
0.
0.
0.
0.
0.
0.
0.
0.
0.
0.
0.
0.
0.
0.
0.
0.
0.
0.
0.
0.
0.
0.
0.
0.
0.
0.
0.
0.
0.
0.
0.
0.
0.
0.
0.
0.
0.
0.
0.
0.
0.
0.
0.
0.
0.
0.
0.
0.
0.
0.
0.
0.
0.
0.
0.
0.
0.
0.
0.
0.
0.
0.
0.
0.
0.
0.
0.
-1000.
-1000.
-1000.
-1000.
-1000.
-1000.
-1000.
-1000.
-1000.
-991.809
-691.406
-92.359
-0.000206125
0.
0.
0.
0.
0.
0.
0.
0.
0.
0.
0.
0.
0.
0.
0.
0.
0.
0.
0.
0.
0.
0.
0.
0.
0.
0.
0.
0.
0.
0.
0.
0.
0.
0.
0.
0.
0.
0.
0.
0.
0.
0.
0.
0.
0.
0.
0.
0.
0.
0.
0.
0.
0.
0.
0.
0.
0.
0.
0.
0.
0.
0.
0.
0.
0.
0.
0.
0.
-1000.
-1000.
-1000.
-1000.
-1000.
-1000.
-1000.
-1000.
-984.154
-695.306
-128.773
-0.386425
0.
0.
0.
0.
0.
0.
0.
0.
0.
0.
0.
0.
0.
0.
0.
0.
0.
0.
0.
0.
0.
0.
0.
0.
0.
0.
0.
0.
0.
0.
0.
0.
0.
0.
0.
0.
0.
0.
0.
0.
0.
0.
0.
0.
0.
0.
0.
0.
0.
0.
0.
0.
0.
0.
0.
0.
0.
0.
0.
0.
0.
0.
0.
0.
0.
0.
0.
0.
0.
-1000.
-1000.
-1000.
-1000.
-1000.
-1000.
-998.712
-919.572
-535.458
-92.5838
-0.448964
0.
0.
0.
0.
0.
0.
0.
0.
0.
0.
0.
0.
0.
0.
0.
0.
0.
0.
0.
0.
0.
0.
0.
0.
0.
0.
0.
0.
0.
0.
0.
0.
0.
0.
0.
0.
0.
0.
0.
0.
0.
0.
0.
0.
0.
0.
0.
0.
0.
0.
0.
0.
0.
0.
0.
0.
0.
0.
0.
0.
0.
0.
0.
0.
0.
0.
0.
0.
0.
0.
-1000.
-1000.
-1000.
-999.967
-989.404
-904.186
-652.793
-254.433
-23.7876
-0.000873815
0.
0.
0.
0.
0.
0.
0.
0.
0.
0.
0.
0.
0.
0.
0.
0.
0.
0.
0.
0.
0.
0.
0.
0.
0.
0.
0.
0.
0.
0.
0.
0.
0.
0.
0.
0.
0.
0.
0.
0.
0.
0.
0.
0.
0.
0.
0.
0.
0.
0.
0.
0.
0.
0.
0.
0.
0.
0.
0.
0.
0.
0.
0.
0.
0.
0.
0.
0.
0.
0.
0.
-845.532
-825.089
-761.391
-629.44
-414.073
-182.725
-32.5374
-0.263362
0.
0.
0.
0.
0.
0.
0.
0.
0.
0.
0.
0.
0.
0.
0.
0.
0.
0.
0.
0.
0.
0.
0.
0.
0.
0.
0.
0.
0.
0.
0.
0.
0.
0.
0.
0.
0.
0.
0.
0.
0.
0.
0.
0.
0.
0.
0.
0.
0.
0.
0.
0.
0.
0.
0.
0.
0.
0.
0.
0.
0.
0.
0.
0.
0.
0.
0.
0.
0.
0.
0.
0.
0.
-98.5455
-83.8848
-49.9718
-13.5398
-0.449164
0.
0.
0.
0.
0.
0.
0.
0.
0.
0.
0.
0.
0.
0.
0.
0.
0.
0.
0.
0.
0.
0.
0.
0.
0.
0.
0.
0.
0.
0.
0.
0.
0.
0.
0.
0.
0.
0.
0.
0.
0.
0.
0.
0.
0.
0.
0.
0.
0.
0.
0.
0.
0.
0.
0.
0.
0.
0.
0.
0.
0.
0.
0.
0.
0.
0.
0.
0.
0.
0.
0.
0.
0.
0.
0.
0.
0.
0.
0.
0.
0.
0.
0.
0.
0.
0.
0.
0.
0.
0.
0.
0.
0.
0.
0.
0.
0.
0.
0.
0.
0.
0.
0.
0.
0.
0.
0.
0.
0.
0.
0.
0.
0.
0.
0.
0.
0.
0.
0.
0.
0.
0.
0.
0.
0.
0.
0.
0.
0.
0.
0.
0.
0.
0.
0.
0.
0.
0.
0.
0.
0.
0.
0.
0.
0.
0.
0.
0.
0.
0.
0.
0.
0.
0.
0.
0.
0.
0.
0.
0.
0.
0.
0.
0.
0.
0.
0.
Process [5]
0.
0.
0.
0.
0.
0.
0.
0.
0.
0.
0.
0.
0.
0.
0.
0.
0.
0.
0.
0.
0.
0.
0.
0.
0.
0.
0.
0.
0.
0.
0.
0.
0.
0.
0.
0.
0.
0.
0.
0.
0.
0.
0.
0.
0.
0.
0.
0.
0.
0.
0.
0.
0.
0.
0.
0.
0.
0.
0.
0.
0.
0.
0.
0.
0.
0.
0.
0.
0.
0.
0.
0.
0.
0.
0.
0.
0.
0.
0.
0.
0.
0.
0.
0.
0.
0.
0.
0.
0.
0.
0.
0.
0.
0.
0.
0.
0.
0.
0.
0.
0.
0.
0.
0.
0.
0.
0.
0.
0.
0.
0.
0.
0.
0.
0.
0.
0.
0.
0.
0.
0.
0.
0.
0.
0.
0.
0.
0.
0.
0.
0.
0.
0.
0.
0.
0.
0.
0.
0.
0.
0.
0.
0.
0.
0.
0.
0.
0.
0.
0.
0.
0.
0.
0.
0.
0.
0.
0.
0.
0.
0.
0.
0.
0.
0.
0.
0.
0.
0.
0.
0.
0.
0.
0.
0.
0.
0.
0.
0.
0.
0.
0.
0.
0.
0.
0.
0.
0.
0.
0.
0.
0.
0.
0.
0.
0.
0.
0.
0.
0.
0.
0.
0.
0.
0.
0.
0.
0.
0.
0.
0.
0.
0.
0.
0.
0.
0.
0.
0.
0.
0.
0.
0.
0.
0.
0.
0.
0.
0.
0.
0.
0.
0.
0.
0.
0.
0.
0.
0.
0.
0.
0.
0.
0.
0.
0.
0.
0.
0.
0.
0.
0.
0.
0.
0.
0.
0.
0.
0.
0.
0.
0.
0.
0.
0.
0.
0.
0.
0.
0.
0.
0.
0.
0.
0.
0.
0.
0.
0.
0.
0.
0.
0.
0.
0.
0.
0.
0.
0.
0.
0.
0.
0.
0.
0.
0.
0.
0.
0.
0.
0.
0.
0.
0.
0.
0.
0.
0.
0.
0.
0.
0.
0.
0.
0.
0.
0.
0.
0.
0.
0.
0.
0.
0.
0.
0.
0.
0.
0.
0.
0.
0.
0.
0.
0.
0.
0.
0.
0.
0.
0.
0.
0.
0.
0.
0.
0.
0.
0.
0.
0.
0.
0.
0.
0.
0.
0.
0.
0.
0.
0.
0.
0.
0.
0.
0.
0.
0.
0.
0.
0.
0.
0.
0.
0.
0.
0.
0.
0.
0.
0.
0.
0.
0.
0.
0.
0.
0.
0.
0.
0.
0.
0.
0.
0.
0.
0.
0.
0.
0.
0.
0.
0.
0.
0.
0.
0.
0.
0.
0.
0.
0.
0.
0.
0.
0.
0.
0.
0.
0.
0.
0.
0.
0.
0.
0.
0.
0.
0.
0.
0.
0.
0.
0.
0.
0.
0.
0.
0.
0.
0.
0.
0.
0.
0.
0.
0.
0.
0.
0.
0.
0.
0.
0.
0.
0.
0.
0.
0.
0.
0.
0.
0.
0.
0.
0.
0.
0.
0.
0.
0.
0.
0.
0.
0.
0.
0.
0.
0.
0.
0.
0.
0.
0.
0.
0.
0.
0.
0.
0.
0.
0.
0.
0.
0.
0.
0.
0.
0.
0.
0.
0.
0.
0.
0.
0.
0.
0.
0.
0.
0.
0.
0.
0.
0.
0.
0.
0.
0.
0.
0.
0.
0.
0.
0.
0.
0.
0.
0.
0.
0.
0.
0.
0.
0.
0.
0.
0.
0.
0.
0.
0.
0.
0.
0.
0.
0.
0.
0.
0.
0.
0.
0.
0.
0.
0.
0.
0.
0.
0.
0.
0.
0.
0.
0.
0.
0.
0.
0.
0.
0.
0.
0.
0.
0.
0.
0.
0.
0.
0.
0.
0.
0.
0.
0.
0.
0.
0.
0.
0.
0.
0.
0.
0.
0.
0.
0.
0.
0.
0.
0.
0.
0.
0.
0.
0.
0.
0.
0.
0.
0.
0.
0.
0.
0.
0.
0.
0.
0.
0.
0.
0.
0.
0.
0.
0.
0.
0.
0.
0.
0.
0.
0.
0.
0.
0.
0.
0.
0.
0.
0.
0.
0.
0.
0.
0.
0.
0.
0.
0.
0.
0.
0.
0.
0.
0.
0.
0.
0.
0.
0.
0.
0.
0.
0.
0.
0.
0.
0.
0.
0.
0.
0.
0.
0.
0.
0.
0.
0.
0.
0.
0.
0.
0.
0.
0.
0.
0.
0.
0.
0.
0.
0.
0.
0.
0.
0.
0.
0.
0.
0.
0.
0.
0.
0.
0.
0.
0.
0.
0.
0.
0.
0.
0.
0.
0.
0.
0.
0.
0.
0.
0.
0.
0.
0.
0.
0.
0.
0.
0.
0.
0.
0.
0.
0.
0.
0.
0.
0.
0.
0.
0.
0.
0.
0.
0.
0.
0.
0.
0.
0.
0.
0.
0.
0.
0.
0.
0.
0.
0.
0.
0.
0.
0.
0.
0.
0.
0.
0.
0.
0.
0.
0.
0.
0.
0.
0.
0.
0.
0.
0.
0.
0.
0.
0.
0.
0.
0.
0.
0.
0.
0.
0.
0.
0.
0.
0.
0.
0.
0.
Process [6]
0.
0.
0.
0.
0.
0.
0.
0.
0.
0.
0.
0.
0.
0.
0.
0.
0.
0.
0.
0.
0.
0.
0.
0.
0.
0.
0.
0.
0.
0.
0.
0.
0.
0.
0.
0.
0.
0.
0.
0.
0.
0.
0.
0.
0.
0.
0.
0.
0.
0.
0.
0.
0.
0.
0.
0.
0.
0.
0.
0.
0.
0.
0.
0.
0.
0.
0.
0.
0.
0.
0.
0.
0.
0.
0.
0.
0.
0.
0.
0.
0.
0.
0.
0.
0.
0.
0.
0.
0.
0.
0.
0.
0.
0.
0.
0.
0.
0.
0.
0.
0.
0.
0.
0.
0.
0.
0.
0.
0.
0.
0.
0.
0.
0.
0.
0.
0.
0.
0.
0.
0.
0.
0.
0.
0.
0.
0.
0.
0.
0.
0.
0.
0.
0.
0.
0.
0.
0.
0.
0.
0.
0.
0.
0.
0.
0.
0.
0.
0.
0.
0.
0.
0.
0.
0.
0.
0.
0.
0.
0.
0.
0.
0.
0.
0.
0.
0.
0.
0.
0.
0.
0.
0.
0.
0.
0.
0.
0.
0.
0.
0.
0.
0.
0.
0.
0.
0.
0.
0.
0.
0.
0.
0.
0.
0.
0.
0.
0.
0.
0.
0.
0.
0.
0.
0.
0.
0.
0.
0.
0.
0.
0.
0.
0.
0.
0.
0.
0.
0.
0.
0.
0.
0.
0.
0.
0.
0.
0.
0.
0.
0.
0.
0.
0.
0.
0.
0.
0.
0.
0.
0.
0.
0.
0.
0.
0.
0.
0.
0.
0.
0.
0.
0.
0.
0.
0.
0.
0.
0.
0.
0.
0.
0.
0.
0.
0.
0.
0.
0.
0.
0.
0.
0.
0.
0.
0.
0.
0.
0.
0.
0.
0.
0.
0.
0.
0.
0.
0.
0.
0.
0.
0.
0.
0.
0.
0.
0.
0.
0.
0.
0.
0.
0.
0.
0.
0.
0.
0.
0.
0.
0.
0.
0.
0.
0.
0.
0.
0.
0.
0.
0.
0.
0.
0.
0.
0.
0.
0.
0.
0.
0.
0.
0.
0.
0.
0.
0.
0.
0.
0.
0.
0.
0.
0.
0.
0.
0.
0.
0.
0.
0.
0.
0.
0.
0.
0.
0.
0.
0.
0.
0.
0.
0.
0.
0.
0.
0.
0.
0.
0.
0.
0.
0.
0.
0.
0.
0.
0.
0.
0.
0.
0.
0.
0.
0.
0.
0.
0.
0.
0.
0.
0.
0.
0.
0.
0.
0.
0.
0.
0.
0.
0.
0.
0.
0.
0.
0.
0.
0.
0.
0.
0.
0.
0.
0.
0.
0.
0.
0.
0.
0.
0.
0.
0.
0.
0.
0.
0.
0.
0.
0.
0.
0.
0.
0.
0.
0.
0.
0.
0.
0.
0.
0.
0.
0.
0.
0.
0.
0.
0.
0.
0.
0.
0.
0.
0.
0.
0.
0.
0.
0.
0.
0.
0.
0.
0.
0.
0.
0.
0.
0.
0.
0.
0.
0.
0.
0.
0.
0.
0.
0.
0.
0.
0.
0.
0.
0.
0.
0.
0.
0.
0.
0.
0.
0.
0.
0.
0.
0.
0.
0.
0.
0.
0.
0.
0.
0.
0.
0.
0.
0.
0.
0.
0.
0.
0.
0.
0.
0.
0.
0.
0.
0.
0.
0.
0.
0.
0.
0.
0.
0.
0.
0.
0.
0.
0.
0.
0.
0.
0.
0.
0.
0.
0.
0.
0.
0.
0.
0.
0.
0.
0.
0.
0.
0.
0.
0.
0.
0.
0.
0.
0.
0.
0.
0.
0.
0.
0.
0.
0.
0.
0.
0.
0.
0.
0.
0.
0.
0.
0.
0.
0.
0.
0.
0.
0.
0.
0.
0.
0.
0.
0.
0.
0.
0.
0.
0.
0.
0.
0.
0.
0.
0.
0.
0.
0.
0.
0.
0.
0.
0.
0.
0.
0.
0.
0.
0.
0.
0.
0.
0.
0.
0.
0.
0.
0.
0.
0.
0.
0.
0.
0.
0.
0.
0.
0.
0.
0.
0.
0.
0.
0.
0.
0.
0.
0.
0.
0.
0.
0.
0.
0.
0.
0.
0.
0.
0.
0.
0.
0.
0.
0.
0.
0.
0.
0.
0.
0.
0.
0.
0.
0.
0.
0.
0.
0.
0.
0.
0.
0.
0.
0.
0.
0.
0.
0.
0.
0.
0.
0.
0.
0.
0.
0.
0.
0.
0.
0.
0.
0.
0.
0.
0.
0.
0.
0.
0.
0.
0.
0.
0.
0.
0.
0.
0.
0.
0.
0.
0.
0.
0.
0.
0.
0.
0.
0.
0.
0.
0.
0.
0.
0.
0.
0.
0.
0.
0.
0.
0.
0.
0.
0.
0.
0.
0.
0.
0.
0.
0.
0.
0.
0.
0.
0.
0.
0.
0.
0.
0.
0.
0.
0.
0.
0.
0.
0.
0.
0.
0.
0.
0.
0.
0.
0.
0.
0.
0.
0.
0.
0.
0.
0.
0.
0.
0.
0.
0.
0.
0.
0.
0.
0.
0.
0.
0.
0.
0.
0.
0.
0.
0.
0.
0.
0.
0.
0.
0.
0.
0.
0.
0.
0.
0.
0.
0.
0.
0.
0.
0.
0.
Process [7]
0.
0.
0.
0.
0.
0.
0.
0.
0.
0.
0.
0.
0.
0.
0.
0.
0.
0.
0.
0.
0.
0.
0.
0.
0.
0.
0.
0.
0.
0.
0.
0.
0.
0.
0.
0.
0.
0.
0.
0.
0.
0.
0.
0.
0.
0.
0.
0.
0.
0.
0.
0.
0.
0.
0.
0.
0.
0.
0.
0.
0.
0.
0.
0.
0.
0.
0.
0.
0.
0.
0.
0.
0.
0.
0.
0.
0.
0.
0.
0.
0.
0.
0.
0.
0.
0.
0.
0.
0.
0.
0.
0.
0.
0.
0.
0.
0.
0.
0.
0.
0.
0.
0.
0.
0.
0.
0.
0.
0.
0.
0.
0.
0.
0.
0.
0.
0.
0.
0.
0.
0.
0.
0.
0.
0.
0.
0.
0.
0.
0.
0.
0.
0.
0.
0.
0.
0.
0.
0.
0.
0.
0.
0.
0.
0.
0.
0.
0.
0.
0.
0.
0.
0.
0.
0.
0.
0.
0.
0.
0.
0.
0.
0.
0.
0.
0.
0.
0.
0.
0.
0.
0.
0.
0.
0.
0.
0.
0.
0.
0.
0.
0.
0.
0.
0.
0.
0.
0.
0.
0.
0.
0.
0.
0.
0.
0.
0.
0.
0.
0.
0.
0.
0.
0.
0.
0.
0.
0.
0.
0.
0.
0.
0.
0.
0.
0.
0.
0.
0.
0.
0.
0.
0.
0.
0.
0.
0.
0.
0.
0.
0.
0.
0.
0.
0.
0.
0.
0.
0.
0.
0.
0.
0.
0.
0.
0.
0.
0.
0.
0.
0.
0.
0.
0.
0.
0.
0.
0.
0.
0.
0.
0.
0.
0.
0.
0.
0.
0.
0.
0.
0.
0.
0.
0.
0.
0.
0.
0.
0.
0.
0.
0.
0.
0.
0.
0.
0.
0.
0.
0.
0.
0.
0.
0.
0.
0.
0.
0.
0.
0.
0.
0.
0.
0.
0.
0.
0.
0.
0.
0.
0.
0.
0.
0.
0.
0.
0.
0.
0.
0.
0.
0.
0.
0.
0.
0.
0.
0.
0.
0.
0.
0.
0.
0.
0.
0.
0.
0.
0.
0.
0.
0.
0.
0.
0.
0.
0.
0.
0.
0.
0.
0.
0.
0.
0.
0.
0.
0.
0.
0.
0.
0.
0.
0.
0.
0.
0.
0.
0.
0.
0.
0.
0.
0.
0.
0.
0.
0.
0.
0.
0.
0.
0.
0.
0.
0.
0.
0.
0.
0.
0.
0.
0.
0.
0.
0.
0.
0.
0.
0.
0.
0.
0.
0.
0.
0.
0.
0.
0.
0.
0.
0.
0.
0.
0.
0.
0.
0.
0.
0.
0.
0.
0.
0.
0.
0.
0.
0.
0.
0.
0.
0.
0.
0.
0.
0.
0.
0.
0.
0.
0.
0.
0.
0.
0.
0.
0.
0.
0.
0.
0.
0.
0.
0.
0.
0.
0.
0.
0.
0.
0.
0.
0.
0.
0.
0.
0.
0.
0.
0.
0.
0.
0.
0.
0.
0.
0.
0.
0.
0.
0.
0.
0.
0.
0.
0.
0.
0.
0.
0.
0.
0.
0.
0.
0.
0.
0.
0.
0.
0.
0.
0.
0.
0.
0.
0.
0.
0.
0.
0.
0.
0.
0.
0.
0.
0.
0.
0.
0.
0.
0.
0.
0.
0.
0.
0.
0.
0.
0.
0.
0.
0.
0.
0.
0.
0.
0.
0.
0.
0.
0.
0.
0.
0.
0.
0.
0.
0.
0.
0.
0.
0.
0.
0.
0.
0.
0.
0.
0.
0.
0.
0.
0.
0.
0.
0.
0.
0.
0.
0.
0.
0.
0.
0.
0.
0.
0.
0.
0.
0.
0.
0.
0.
0.
0.
0.
0.
0.
0.
0.
0.
0.
0.
0.
0.
0.
0.
0.
0.
0.
0.
0.
0.
0.
0.
0.
0.
0.
0.
0.
0.
0.
0.
0.
0.
0.
0.
0.
0.
0.
0.
0.
0.
0.
0.
0.
0.
0.
0.
0.
0.
0.
0.
0.
0.
0.
0.
0.
0.
0.
0.
0.
0.
0.
0.
0.
0.
0.
0.
0.
0.
0.
0.
0.
0.
0.
0.
0.
0.
0.
0.
0.
0.
0.
0.
0.
0.
0.
0.
0.
0.
0.
0.
0.
0.
0.
0.
0.
0.
0.
0.
0.
0.
0.
0.
0.
0.
0.
0.
0.
0.
0.
0.
0.
0.
0.
0.
0.
0.
0.
0.
0.
0.
0.
0.
0.
0.
0.
0.
0.
0.
0.
0.
0.
0.
0.
0.
0.
0.
0.
0.
0.
0.
0.
0.
0.
0.
0.
0.
0.
0.
0.
0.
0.
0.
0.
0.
0.
0.
0.
0.
0.
0.
0.
0.
0.
0.
0.
0.
0.
0.
0.
0.
0.
0.
0.
0.
0.
0.
0.
0.
0.
0.
0.
0.
0.
0.
0.
0.
0.
0.
0.
0.
0.
0.
0.
0.
0.
0.
0.
0.
0.
0.
0.
0.
0.
0.
0.
0.
0.
0.
0.
0.
0.
0.
0.
0.
0.
0.
0.
