Vec Object: Vec_0x84000004_5 8 MPI processes
  type: mpi
Process [0]
-1000.
-1000.
-1000.
-1000.
-1000.
-1000.
-1000.
-1000.
-1000.
-1000.
-1000.
-1000.
-1000.
-1000.
-1000.
-1000.
-1000.
-1000.
-1000.
-1000.
-1000.
-1000.
-1000.
-1000.
-1000.
-1000.
-1000.
-1000.
-1000.
-1000.
-1000.
-1000.
-1000.
-1000.
-1000.
-1000.
-1000.
-1000.
-1000.
-1000.
-1000.
-1000.
-1000.
-1000.
-1000.
-1000.
-1000.
-1000.
-1000.
-1000.
-1000.
-1000.
-1000.
-1000.
-1000.
-1000.
-1000.
-1000.
-1000.
-1000.
-1000.
-1000.
-1000.
-1000.
-1000.
-1000.
-1000.
-1000.
-1000.
-1000.
-1000.
-1000.
-1000.
-1000.
-1000.
-1000.
-1000.
-1000.
-1000.
-1000.
-1000.
-1000.
-1000.
-1000.
-1000.
-1000.
-1000.
-1000.
-1000.
-1000.
-1000.
-1000.
-1000.
-1000.
-1000.
-1000.
-1000.
-1000.
-1000.
-1000.
-1000.
-1000.
-1000.
-1000.
-1000.
-1000.
-1000.
-1000.
-1000.
-1000.
-1000.
-1000.
-1000.
-1000.
-1000.
-1000.
-1000.
-1000.
-1000.
-1000.
-1000.
-1000.
-1000.
-1000.
-1000.
-1000.
-1000.
-1000.
-1000.
-1000.
-1000.
-1000.
-1000.
-1000.
-1000.
-1000.
-1000.
-1000.
-1000.
-1000.
-1000.
-1000.
-1000.
-1000.
-1000.
-1000.
-1000.
-1000.
-1000.
-1000.
-1000.
-1000.
-1000.
-1000.
-1000.
-1000.
-1000.
-1000.
-1000.
-1000.
-1000.
-1000.
-1000.
-1000.
-1000.
-1000.
-1000.
-1000.
-1000.
-1000.
-1000.
-1000.
-1000.
-1000.
-1000.
-1000.
-1000.
-1000.
-1000.
-1000.
-1000.
-1000.
-1000.
-1000.
-1000.
-1000.
-1000.
-1000.
-1000.
-1000.
-1000.
-1000.
-1000.
-1000.
-1000.
-1000.
-1000.
-1000.
-1000.
-1000.
-1000.
-1000.
-1000.
-1000.
-1000.
-1000.
-1000.
-1000.
-1000.
-1000.
-1000.
-1000.
-1000.
-1000.
-1000.
-1000.
-1000.
-1000.
-1000.
-1000.
-1000.
-1000.
-1000.
-1000.
-1000.
-1000.
-1000.
-1000.
-1000.
-1000.
-1000.
-1000.
-1000.
-1000.
-1000.
-1000.
-1000.
-1000.
-1000.
-1000.
-1000.
-1000.
-1000.
-1000.
-1000.
-1000.
-1000.
-1000.
-1000.
-1000.
-1000.
-1000.
-1000.
-1000.
-1000.
-1000.
-1000.
-1000.
-1000.
-1000.
-1000.
-1000.
-1000.
-1000.
-1000.
-1000.
-1000.
-1000.
-1000.
-1000.
-1000.
-1000.
-1000.
-1000.
-1000.
-1000.
-1000.
-1000.
-1000.
-1000.
-1000.
-1000.
-1000.
-1000.
-1000.
-1000.
-1000.
-1000.
-1000.
-1000.
-1000.
-1000.
-1000.
-1000.
-1000.
-1000.
-1000.
-1000.
-1000.
-1000.
-1000.
-1000.
-1000.
-1000.
-1000.
-1000.
-1000.
-1000.
-1000.
-1000.
-1000.
-1000.
-1000.
-1000.
-1000.
-1000.
-1000.
-1000.
-1000.
-1000.
-1000.
-1000.
-1000.
-1000.
-1000.
-1000.
-1000.
-1000.
-1000.
-1000.
-1000.
-1000.
-1000.
-1000.
-1000.
-1000.
-1000.
-1000.
-1000.
-1000.
-1000.
-1000.
-1000.
-1000.
-1000.
-1000.
-1000.
-1000.
-1000.
-1000.
-1000.
-1000.
-1000.
-1000.
-1000.
-1000.
-1000.
-1000.
-1000.
-1000.
-1000.
-1000.
-1000.
-1000.
-1000.
-1000.
-1000.
-1000.
-1000.
-1000.
-1000.
-1000.
-1000.
-1000.
-1000.
-1000.
-1000.
-1000.
-1000.
-1000.
-1000.
-1000.
-1000.
-1000.
-1000.
-1000.
-1000.
-1000.
-1000.
-1000.
-1000.
-1000.
-1000.
-1000.
-1000.
-1000.
-1000.
-1000.
-1000.
-1000.
-1000.
-1000.
-1000.
-1000.
-1000.
-1000.
-1000.
-1000.
-1000.
-1000.
-1000.
-1000.
-1000.
-1000.
-1000.
-1000.
-1000.
-1000.
-1000.
-1000.
-1000.
-1000.
-1000.
-1000.
-1000.
-1000.
-1000.
-1000.
-1000.
-1000.
-1000.
-1000.
-1000.
-1000.
-1000.
-1000.
-1000.
-1000.
-1000.
-1000.
-1000.
-1000.
-1000.
-1000.
-1000.
-1000.
-1000.
-1000.
-1000.
-1000.
-1000.
-1000.
-1000.
-1000.
-1000.
-1000.
-1000.
-1000.
-1000.
-1000.
-1000.
-1000.
-1000.
-1000.
-1000.
-1000.
-1000.
-1000.
-1000.
-1000.
-1000.
-1000.
-1000.
-1000.
-1000.
-1000.
-1000.
-1000.
-1000.
-1000.
-1000.
-1000.
-1000.
-1000.
-1000.
-1000.
-1000.
-1000.
-1000.
-1000.
-1000.
-1000.
-1000.
-1000.
-1000.
-1000.
-1000.
-1000.
-1000.
-1000.
-1000.
-1000.
-1000.
-1000.
-1000.
-1000.
-1000.
-1000.
-1000.
-1000.
-1000.
-1000.
-1000.
-1000.
-1000.
-1000.
-1000.
-1000.
-1000.
-1000.
-1000.
-1000.
-1000.
-1000.
-1000.
-1000.
-1000.
-1000.
-1000.
-1000.
-1000.
-1000.
-1000.
-1000.
-1000.
-1000.
-1000.
-1000.
-1000.
-1000.
-1000.
-1000.
-1000.
-1000.
-1000.
-1000.
-1000.
-1000.
-1000.
-1000.
-1000.
-1000.
-1000.
-1000.
-1000.
-1000.
-1000.
-1000.
-1000.
-1000.
-1000.
-1000.
-1000.
-1000.
-1000.
-1000.
-1000.
-1000.
-1000.
-1000.
-1000.
-1000.
-1000.
-1000.
-1000.
-1000.
-1000.
-1000.
-1000.
-1000.
-1000.
-1000.
-1000.
-1000.
-1000.
-1000.
-1000.
-1000.
-1000.
-1000.
-1000.
-1000.
-1000.
-1000.
-1000.
-1000.
-1000.
-1000.
-1000.
-1000.
-1000.
-1000.
-1000.
-1000.
-1000.
-1000.
-1000.
-1000.
-1000.
-1000.
-1000.
-1000.
-1000.
-1000.
-1000.
-1000.
-1000.
-1000.
-1000.
-1000.
-1000.
-1000.
-1000.
-1000.
-1000.
-1000.
-1000.
-1000.
-1000.
-1000.
-1000.
-1000.
-1000.
-1000.
-1000.
-1000.
-1000.
-1000.
-1000.
-1000.
-1000.
-1000.
-1000.
-1000.
-1000.
-1000.
-1000.
-1000.
-1000.
-1000.
-1000.
-1000.
-1000.
-1000.
-1000.
-1000.
-1000.
-1000.
-1000.
-1000.
-1000.
-1000.
-1000.
-1000.
-1000.
-1000.
-1000.
-1000.
-1000.
-1000.
-1000.
-1000.
-999.584
-995.388
-987.44
-979.14
-972.584
-968.755
-967.863
-969.733
-973.77
-979.138
-985.22
-991.058
-995.888
-998.978
-999.967
-1000.
-1000.
-1000.
-1000.
-1000.
-1000.
-1000.
-1000.
-1000.
-1000.
-1000.
-1000.
-1000.
-1000.
-1000.
-1000.
-1000.
-1000.
-1000.
-1000.
-1000.
-1000.
-1000.
-1000.
-1000.
-1000.
-1000.
-1000.
-1000.
-1000.
-1000.
-1000.
-1000.
-1000.
-1000.
-1000.
-1000.
-1000.
-1000.
-1000.
-1000.
-1000.
-1000.
-1000.
-1000.
-1000.
-1000.
-1000.
-1000.
-1000.
-1000.
-1000.
-1000.
-1000.
-1000.
-1000.
-1000.
-1000.
-1000.
-1000.
-999.991
-992.504
-939.331
-841.209
-724.273
-605.94
-498.753
-414.03
-355.867
-317.279
-293.513
-281.341
-278.631
-284.291
-297.348
-316.964
-343.479
-376.318
-415.444
-460.856
-512.195
-566.473
-620.061
-672.105
-722.353
-769.468
-812.81
-852.081
-887.27
-917.974
-943.888
-964.778
-980.69
-991.804
-998.046
-999.893
-1000.
-1000.
-1000.
-1000.
-1000.
-1000.
-1000.
-1000.
-1000.
-1000.
-1000.
-1000.
-1000.
-1000.
-1000.
-1000.
-1000.
-1000.
-1000.
-1000.
-1000.
-1000.
-1000.
-1000.
-1000.
-1000.
-1000.
-1000.
-1000.
-1000.
-1000.
-1000.
-1000.
-1000.
-1000.
-1000.
-1000.
-1000.
-1000.
-1000.
-1000.
-1000.
-1000.
-998.364
-937.931
-732.57
-449.47
-227.751
-101.273
-36.0648
-7.83232
-0.441927
0.
0.
0.
0.
0.
0.
0.
0.
0.
0.
0.
0.
0.
-0.29878
-2.67061
-8.58093
-18.488
-32.9246
-52.0367
-75.9161
-104.689
-138.686
-177.979
-222.27
-271.208
-324.603
Process [1]
-382.822
-445.612
-511.226
-574.471
-632.179
-686.009
-733.346
-775.342
-812.954
-847.348
-875.58
-900.716
-922.843
-939.77
-955.895
-966.772
-977.627
-984.068
-990.554
-994.338
-996.924
-999.018
-999.808
-999.961
-1000.
-1000.
-1000.
-1000.
-1000.
-1000.
-1000.
-1000.
-1000.
-1000.
-1000.
-1000.
-1000.
-1000.
-1000.
-1000.
-1000.
-1000.
-1000.
-1000.
-999.943
-956.822
-667.269
-263.279
-52.3348
-1.92285
0.
0.
0.
0.
0.
0.
0.
0.
0.
0.
0.
0.
0.
0.
0.
0.
0.
0.
0.
0.
0.
0.
0.
0.
0.
0.
0.
0.
0.
0.
0.
0.
-3.11707e-05
-0.368952
-3.43991
-10.5378
-21.9317
-36.8286
-54.8605
-75.781
-100.503
-126.101
-153.95
-184.767
-213.467
-247.414
-275.739
-311.159
-337.663
-372.621
-399.161
-425.517
-457.989
-480.594
-495.424
-519.464
-540.521
-557.525
-569.984
-577.514
-580.062
-1000.
-1000.
-1000.
-1000.
-1000.
-1000.
-1000.
-1000.
-1000.
-1000.
-1000.
-1000.
-1000.
-999.232
-881.777
-389.527
-48.6637
-0.208491
0.
0.
0.
0.
0.
0.
0.
0.
0.
0.
0.
0.
0.
0.
0.
0.
0.
0.
0.
0.
0.
0.
0.
0.
0.
0.
0.
0.
0.
0.
0.
0.
0.
0.
0.
0.
0.
0.
0.
0.
0.
0.
0.
0.
0.
0.
0.
0.
0.
0.
0.
0.
0.
0.
0.
0.
-0.00662024
-0.230179
-0.886993
-1.78013
-2.64596
-3.28134
-3.49982
-1000.
-1000.
-1000.
-1000.
-1000.
-1000.
-1000.
-1000.
-1000.
-1000.
-1000.
-1000.
-999.753
-868.07
-278.62
-9.79198
0.
0.
0.
0.
0.
0.
0.
0.
0.
0.
0.
0.
0.
0.
0.
0.
0.
0.
0.
0.
0.
0.
0.
0.
0.
0.
0.
0.
0.
0.
0.
0.
0.
0.
0.
0.
0.
0.
0.
0.
0.
0.
0.
0.
0.
0.
0.
0.
0.
0.
0.
0.
0.
0.
0.
0.
0.
0.
0.
0.
0.
0.
0.
0.
0.
-1000.
-1000.
-1000.
-1000.
-1000.
-1000.
-1000.
-1000.
-1000.
-1000.
-1000.
-1000.
-932.838
-336.19
-7.63803
0.
0.
0.
0.
0.
0.
0.
0.
0.
0.
0.
0.
0.
0.
0.
0.
0.
0.
0.
0.
0.
0.
0.
0.
0.
0.
0.
0.
0.
0.
0.
0.
0.
0.
0.
0.
0.
0.
0.
0.
0.
0.
0.
0.
0.
0.
0.
0.
0.
0.
0.
0.
0.
0.
0.
0.
0.
0.
0.
0.
0.
0.
0.
0.
0.
0.
-1000.
-1000.
-1000.
-1000.
-1000.
-1000.
-1000.
-1000.
-1000.
-1000.
-1000.
-992.953
-571.663
-27.5227
0.
0.
0.
0.
0.
0.
0.
0.
0.
0.
0.
0.
0.
0.
0.
0.
0.
0.
0.
0.
0.
0.
0.
0.
0.
0.
0.
0.
0.
0.
0.
0.
0.
0.
0.
0.
0.
0.
0.
0.
0.
0.
0.
0.
0.
0.
0.
0.
0.
0.
0.
0.
0.
0.
0.
0.
0.
0.
0.
0.
0.
0.
0.
0.
0.
0.
0.
-1000.
-1000.
-1000.
-1000.
-1000.
-1000.
-1000.
-1000.
-1000.
-1000.
-1000.
-879.831
-171.336
-0.00472863
0.
0.
0.
0.
0.
0.
0.
0.
0.
0.
0.
0.
0.
0.
0.
0.
0.
0.
0.
0.
0.
0.
0.
0.
0.
0.
0.
0.
0.
0.
0.
0.
0.
0.
0.
0.
0.
0.
0.
0.
0.
0.
0.
0.
0.
0.
0.
0.
0.
0.
0.
0.
0.
0.
0.
0.
0.
0.
0.
0.
0.
0.
0.
0.
0.
0.
0.
-1000.
-1000.
-1000.
-1000.
-1000.
-1000.
-1000.
-1000.
-1000.
-1000.
-999.028
-605.917
-18.388
0.
0.
0.
0.
0.
0.
0.
0.
0.
0.
0.
0.
0.
0.
0.
0.
0.
0.
0.
0.
0.
0.
0.
0.
0.
0.
0.
0.
0.
0.
0.
0.
0.
0.
0.
0.
0.
0.
0.
0.
0.
0.
0.
0.
0.
0.
0.
0.
0.
0.
0.
0.
0.
0.
0.
0.
0.
0.
0.
0.
0.
0.
0.
0.
0.
0.
0.
0.
-1000.
-1000.
-1000.
-1000.
-1000.
-1000.
-1000.
-1000.
-1000.
-1000.
-969.966
-317.55
-0.0597724
0.
0.
0.
0.
0.
0.
0.
0.
0.
0.
0.
0.
0.
0.
0.
0.
0.
0.
0.
0.
0.
0.
0.
0.
0.
0.
0.
0.
0.
0.
0.
0.
0.
0.
0.
0.
0.
0.
0.
0.
0.
0.
0.
0.
0.
0.
0.
0.
0.
0.
0.
0.
0.
0.
0.
0.
0.
0.
0.
0.
0.
0.
0.
0.
0.
0.
0.
0.
-1000.
-1000.
-1000.
-1000.
-1000.
-1000.
-1000.
-1000.
-1000.
-1000.
-883.17
-142.288
0.
0.
0.
0.
0.
0.
0.
0.
0.
0.
0.
0.
0.
0.
0.
0.
0.
0.
0.
0.
0.
0.
0.
0.
0.
0.
0.
0.
0.
0.
0.
0.
0.
0.
0.
0.
0.
0.
0.
0.
0.
0.
0.
0.
0.
0.
0.
0.
0.
0.
0.
0.
0.
0.
0.
0.
0.
0.
0.
0.
0.
0.
0.
0.
0.
0.
0.
0.
0.
-1000.
-1000.
-1000.
-1000.
-1000.
-1000.
-1000.
-1000.
-1000.
-1000.
-772.374
-56.4127
0.
0.
0.
0.
0.
0.
0.
0.
0.
0.
0.
0.
0.
0.
0.
0.
0.
0.
0.
0.
0.
0.
0.
0.
0.
0.
0.
0.
0.
0.
0.
0.
0.
0.
0.
0.
0.
0.
0.
0.
0.
0.
0.
0.
0.
0.
0.
0.
0.
0.
0.
0.
0.
0.
0.
0.
0.
0.
0.
0.
0.
0.
0.
0.
0.
0.
0.
0.
0.
Process [2]
-1000.
-1000.
-1000.
-1000.
-1000.
-1000.
-1000.
-1000.
-1000.
-1000.
-668.438
-18.4877
0.
0.
0.
0.
0.
0.
0.
0.
0.
0.
0.
0.
0.
0.
0.
0.
0.
0.
0.
0.
0.
0.
0.
0.
0.
0.
0.
0.
0.
0.
0.
0.
0.
0.
0.
0.
0.
0.
0.
0.
0.
0.
0.
0.
0.
0.
0.
0.
0.
0.
0.
0.
0.
0.
0.
0.
0.
0.
0.
0.
0.
0.
0.
0.
0.
0.
0.
0.
0.
-1000.
-1000.
-1000.
-1000.
-1000.
-1000.
-1000.
-1000.
-1000.
-1000.
-589.689
-4.82569
0.
0.
0.
0.
0.
0.
0.
0.
0.
0.
0.
0.
0.
0.
0.
0.
0.
0.
0.
0.
0.
0.
0.
0.
0.
0.
0.
0.
0.
0.
0.
0.
0.
0.
0.
0.
0.
0.
0.
0.
0.
0.
0.
0.
0.
0.
0.
0.
0.
0.
0.
0.
0.
0.
0.
0.
0.
0.
0.
0.
0.
0.
0.
0.
0.
0.
0.
0.
0.
-1000.
-1000.
-1000.
-1000.
-1000.
-1000.
-1000.
-1000.
-1000.
-1000.
-548.284
-1.24571
0.
0.
0.
0.
0.
0.
0.
0.
0.
0.
0.
0.
0.
0.
0.
0.
0.
0.
0.
0.
0.
0.
0.
0.
0.
0.
0.
0.
0.
0.
0.
0.
0.
0.
0.
0.
0.
0.
0.
0.
0.
0.
0.
0.
0.
0.
0.
0.
0.
0.
0.
0.
0.
0.
0.
0.
0.
0.
0.
0.
0.
0.
0.
0.
0.
0.
0.
0.
0.
-1000.
-1000.
-1000.
-1000.
-1000.
-1000.
-1000.
-1000.
-1000.
-1000.
-541.392
-0.878268
0.
0.
0.
0.
0.
0.
0.
0.
0.
0.
0.
0.
0.
0.
0.
0.
0.
0.
0.
0.
0.
0.
0.
0.
0.
0.
0.
0.
0.
0.
0.
0.
0.
0.
0.
0.
0.
0.
0.
0.
0.
0.
0.
0.
0.
0.
0.
0.
0.
0.
0.
0.
0.
0.
0.
0.
0.
0.
0.
0.
0.
0.
0.
0.
0.
0.
0.
0.
0.
-1000.
-1000.
-1000.
-1000.
-1000.
-1000.
-1000.
-1000.
-1000.
-1000.
-574.481
-3.24931
0.
0.
0.
0.
0.
0.
0.
0.
0.
0.
0.
0.
0.
0.
0.
0.
0.
0.
0.
0.
0.
0.
0.
0.
0.
0.
0.
0.
0.
0.
0.
0.
0.
0.
0.
0.
0.
0.
0.
0.
0.
0.
0.
0.
0.
0.
0.
0.
0.
0.
0.
0.
0.
0.
0.
0.
0.
0.
0.
0.
0.
0.
0.
0.
0.
0.
0.
0.
0.
-1000.
-1000.
-1000.
-1000.
-1000.
-1000.
-1000.
-1000.
-1000.
-1000.
-640.567
-12.3726
0.
0.
0.
0.
0.
0.
0.
0.
0.
0.
0.
0.
0.
0.
0.
0.
0.
0.
0.
0.
0.
0.
0.
0.
0.
0.
0.
0.
0.
0.
0.
0.
0.
0.
0.
0.
0.
0.
0.
0.
0.
0.
0.
0.
0.
0.
0.
0.
0.
0.
0.
0.
0.
0.
0.
0.
0.
0.
0.
0.
0.
0.
0.
0.
0.
0.
0.
0.
0.
-1000.
-1000.
-1000.
-1000.
-1000.
-1000.
-1000.
-1000.
-1000.
-1000.
-727.316
-36.0228
0.
0.
0.
0.
0.
0.
0.
0.
0.
0.
0.
0.
0.
0.
0.
0.
0.
0.
0.
0.
0.
0.
0.
0.
0.
0.
0.
0.
0.
0.
0.
0.
0.
0.
0.
0.
0.
0.
0.
0.
0.
0.
0.
0.
0.
0.
0.
0.
0.
0.
0.
0.
0.
0.
0.
0.
0.
0.
0.
0.
0.
0.
0.
0.
0.
0.
0.
0.
0.
-1000.
-1000.
-1000.
-1000.
-1000.
-1000.
-1000.
-1000.
-1000.
-1000.
-824.745
-87.0789
0.
0.
0.
0.
0.
0.
0.
0.
0.
0.
0.
0.
0.
0.
0.
0.
0.
0.
0.
0.
0.
0.
0.
0.
0.
0.
0.
0.
0.
0.
0.
0.
0.
0.
0.
0.
0.
0.
0.
0.
0.
0.
0.
0.
0.
0.
0.
0.
0.
0.
0.
0.
0.
0.
0.
0.
0.
0.
0.
0.
0.
0.
0.
0.
0.
0.
0.
0.
0.
-1000.
-1000.
-1000.
-1000.
-1000.
-1000.
-1000.
-1000.
-1000.
-1000.
-915.314
-181.665
0.
0.
0.
0.
0.
0.
0.
0.
0.
0.
0.
0.
0.
0.
0.
0.
0.
0.
0.
0.
0.
0.
0.
0.
0.
0.
0.
0.
0.
0.
0.
0.
0.
0.
0.
0.
0.
0.
0.
0.
0.
0.
0.
0.
0.
0.
0.
0.
0.
0.
0.
0.
0.
0.
0.
0.
0.
0.
0.
0.
0.
0.
0.
0.
0.
0.
0.
0.
0.
-1000.
-1000.
-1000.
-1000.
-1000.
-1000.
-1000.
-1000.
-1000.
-1000.
-978.81
-340.241
-0.0162364
0.
0.
0.
0.
0.
0.
0.
0.
0.
0.
0.
0.
0.
0.
0.
0.
0.
0.
0.
0.
0.
0.
0.
0.
0.
0.
0.
0.
0.
0.
0.
0.
0.
0.
0.
0.
0.
0.
0.
0.
0.
0.
0.
0.
0.
0.
0.
0.
0.
0.
0.
0.
0.
0.
0.
0.
0.
0.
0.
0.
0.
0.
0.
0.
0.
0.
0.
0.
-1000.
-1000.
-1000.
-1000.
-1000.
-1000.
-1000.
-1000.
-1000.
-1000.
Process [3]
-999.229
-567.912
-8.24792
0.
0.
0.
0.
0.
0.
0.
0.
0.
0.
0.
0.
0.
0.
0.
0.
0.
0.
0.
0.
0.
0.
0.
0.
0.
0.
0.
0.
0.
0.
0.
0.
0.
0.
0.
0.
0.
0.
0.
0.
0.
0.
0.
0.
0.
0.
0.
0.
0.
0.
0.
0.
0.
0.
0.
0.
0.
0.
0.
0.
0.
0.
0.
0.
0.
0.
0.
0.
-1000.
-1000.
-1000.
-1000.
-1000.
-1000.
-1000.
-1000.
-1000.
-1000.
-1000.
-789.617
-73.4961
0.
0.
0.
0.
0.
0.
0.
0.
0.
0.
0.
0.
0.
0.
0.
0.
0.
0.
0.
0.
0.
0.
0.
0.
0.
0.
0.
0.
0.
0.
0.
0.
0.
0.
0.
0.
0.
0.
0.
0.
0.
0.
0.
0.
0.
0.
0.
0.
0.
0.
0.
0.
0.
0.
0.
0.
0.
0.
0.
0.
0.
0.
0.
0.
0.
0.
0.
0.
-1000.
-1000.
-1000.
-1000.
-1000.
-1000.
-1000.
-1000.
-1000.
-1000.
-1000.
-938.858
-237.638
0.
0.
0.
0.
0.
0.
0.
0.
0.
0.
0.
0.
0.
0.
0.
0.
0.
0.
0.
0.
0.
0.
0.
0.
0.
0.
0.
0.
0.
0.
0.
0.
0.
0.
0.
0.
0.
0.
0.
0.
0.
0.
0.
0.
0.
0.
0.
0.
0.
0.
0.
0.
0.
0.
0.
0.
0.
0.
0.
0.
0.
0.
0.
0.
0.
0.
0.
0.
-1000.
-1000.
-1000.
-1000.
-1000.
-1000.
-1000.
-1000.
-1000.
-1000.
-1000.
-995.694
-507.575
-5.17026
0.
0.
0.
0.
0.
0.
0.
0.
0.
0.
0.
0.
0.
0.
0.
0.
0.
0.
0.
0.
0.
0.
0.
0.
0.
0.
0.
0.
0.
0.
0.
0.
0.
0.
0.
0.
0.
0.
0.
0.
0.
0.
0.
0.
0.
0.
0.
0.
0.
0.
0.
0.
0.
0.
0.
0.
0.
0.
0.
0.
0.
0.
0.
0.
0.
0.
0.
-1000.
-1000.
-1000.
-1000.
-1000.
-1000.
-1000.
-1000.
-1000.
-1000.
-1000.
-1000.
-775.521
-68.4981
0.
0.
0.
0.
0.
0.
0.
0.
0.
0.
0.
0.
0.
0.
0.
0.
0.
0.
0.
0.
0.
0.
0.
0.
0.
0.
0.
0.
0.
0.
0.
0.
0.
0.
0.
0.
0.
0.
0.
0.
0.
0.
0.
0.
0.
0.
0.
0.
0.
0.
0.
0.
0.
0.
0.
0.
0.
0.
0.
0.
0.
0.
0.
0.
0.
0.
0.
-1000.
-1000.
-1000.
-1000.
-1000.
-1000.
-1000.
-1000.
-1000.
-1000.
-1000.
-1000.
-937.147
-232.822
0.
0.
0.
0.
0.
0.
0.
0.
0.
0.
0.
0.
0.
0.
0.
0.
0.
0.
0.
0.
0.
0.
0.
0.
0.
0.
0.
0.
0.
0.
0.
0.
0.
0.
0.
0.
0.
0.
0.
0.
0.
0.
0.
0.
0.
0.
0.
0.
0.
0.
0.
0.
0.
0.
0.
0.
0.
0.
0.
0.
0.
0.
0.
0.
0.
0.
0.
-1000.
-1000.
-1000.
-1000.
-1000.
-1000.
-1000.
-1000.
-1000.
-1000.
-1000.
-1000.
-994.738
-468.637
-1.68522
0.
0.
0.
0.
0.
0.
0.
0.
0.
0.
0.
0.
0.
0.
0.
0.
0.
0.
0.
0.
0.
0.
0.
0.
0.
0.
0.
0.
0.
0.
0.
0.
0.
0.
0.
0.
0.
0.
0.
0.
0.
0.
0.
0.
0.
0.
0.
0.
0.
0.
0.
0.
0.
0.
0.
0.
0.
0.
0.
0.
0.
0.
0.
0.
0.
0.
-1000.
-1000.
-1000.
-1000.
-1000.
-1000.
-1000.
-1000.
-1000.
-1000.
-1000.
-1000.
-1000.
-688.462
-27.2713
0.
0.
0.
0.
0.
0.
0.
0.
0.
0.
0.
0.
0.
0.
0.
0.
0.
0.
0.
0.
0.
0.
0.
0.
0.
0.
0.
0.
0.
0.
0.
0.
0.
0.
0.
0.
0.
0.
0.
0.
0.
0.
0.
0.
0.
0.
0.
0.
0.
0.
0.
0.
0.
0.
0.
0.
0.
0.
0.
0.
0.
0.
0.
0.
0.
0.
-1000.
-1000.
-1000.
-1000.
-1000.
-1000.
-1000.
-1000.
-1000.
-1000.
-1000.
-1000.
-1000.
-821.522
-84.5521
0.
0.
0.
0.
0.
0.
0.
0.
0.
0.
0.
0.
0.
0.
0.
0.
0.
0.
0.
0.
0.
0.
0.
0.
0.
0.
0.
0.
0.
0.
0.
0.
0.
0.
0.
0.
0.
0.
0.
0.
0.
0.
0.
0.
0.
0.
0.
0.
0.
0.
0.
0.
0.
0.
0.
0.
0.
0.
0.
0.
0.
0.
0.
0.
0.
0.
-1000.
-1000.
-1000.
-1000.
-1000.
-1000.
-1000.
-1000.
-1000.
-1000.
-1000.
-1000.
-1000.
-885.455
-137.147
0.
0.
0.
0.
0.
0.
0.
0.
0.
0.
0.
0.
0.
0.
0.
0.
0.
0.
0.
0.
0.
0.
0.
0.
0.
0.
0.
0.
0.
0.
0.
0.
0.
0.
0.
0.
0.
0.
0.
0.
0.
0.
0.
0.
0.
0.
0.
0.
0.
0.
0.
0.
0.
0.
0.
0.
0.
0.
0.
0.
0.
0.
0.
0.
0.
0.
Process [4]
-1000.
-1000.
-1000.
-1000.
-1000.
-1000.
-1000.
-1000.
-1000.
-1000.
-1000.
-1000.
-1000.
-901.869
-155.298
0.
0.
0.
0.
0.
0.
0.
0.
0.
0.
0.
0.
0.
0.
0.
0.
0.
0.
0.
0.
0.
0.
0.
0.
0.
0.
0.
0.
0.
0.
0.
0.
0.
0.
0.
0.
0.
0.
0.
0.
0.
0.
0.
0.
0.
0.
0.
0.
0.
0.
0.
0.
0.
0.
0.
0.
0.
0.
0.
0.
0.
0.
0.
0.
0.
0.
-1000.
-1000.
-1000.
-1000.
-1000.
-1000.
-1000.
-1000.
-1000.
-1000.
-1000.
-1000.
-1000.
-874.62
-126.56
0.
0.
0.
0.
0.
0.
0.
0.
0.
0.
0.
0.
0.
0.
0.
0.
0.
0.
0.
0.
0.
0.
0.
0.
0.
0.
0.
0.
0.
0.
0.
0.
0.
0.
0.
0.
0.
0.
0.
0.
0.
0.
0.
0.
0.
0.
0.
0.
0.
0.
0.
0.
0.
0.
0.
0.
0.
0.
0.
0.
0.
0.
0.
0.
0.
0.
-1000.
-1000.
-1000.
-1000.
-1000.
-1000.
-1000.
-1000.
-1000.
-1000.
-1000.
-1000.
-1000.
-783.086
-63.706
0.
0.
0.
0.
0.
0.
0.
0.
0.
0.
0.
0.
0.
0.
0.
0.
0.
0.
0.
0.
0.
0.
0.
0.
0.
0.
0.
0.
0.
0.
0.
0.
0.
0.
0.
0.
0.
0.
0.
0.
0.
0.
0.
0.
0.
0.
0.
0.
0.
0.
0.
0.
0.
0.
0.
0.
0.
0.
0.
0.
0.
0.
0.
0.
0.
0.
-1000.
-1000.
-1000.
-1000.
-1000.
-1000.
-1000.
-1000.
-1000.
-1000.
-1000.
-1000.
-998.618
-577.858
-11.0125
0.
0.
0.
0.
0.
0.
0.
0.
0.
0.
0.
0.
0.
0.
0.
0.
0.
0.
0.
0.
0.
0.
0.
0.
0.
0.
0.
0.
0.
0.
0.
0.
0.
0.
0.
0.
0.
0.
0.
0.
0.
0.
0.
0.
0.
0.
0.
0.
0.
0.
0.
0.
0.
0.
0.
0.
0.
0.
0.
0.
0.
0.
0.
0.
0.
0.
-1000.
-1000.
-1000.
-1000.
-1000.
-1000.
-1000.
-1000.
-1000.
-1000.
-1000.
-1000.
-943.019
-270.936
-0.0278582
0.
0.
0.
0.
0.
0.
0.
0.
0.
0.
0.
0.
0.
0.
0.
0.
0.
0.
0.
0.
0.
0.
0.
0.
0.
0.
0.
0.
0.
0.
0.
0.
0.
0.
0.
0.
0.
0.
0.
0.
0.
0.
0.
0.
0.
0.
0.
0.
0.
0.
0.
0.
0.
0.
0.
0.
0.
0.
0.
0.
0.
0.
0.
0.
0.
0.
-1000.
-1000.
-1000.
-1000.
-1000.
-1000.
-1000.
-1000.
-1000.
-1000.
-1000.
-997.209
-665.453
-45.5565
0.
0.
0.
0.
0.
0.
0.
0.
0.
0.
0.
0.
0.
0.
0.
0.
0.
0.
0.
0.
0.
0.
0.
0.
0.
0.
0.
0.
0.
0.
0.
0.
0.
0.
0.
0.
0.
0.
0.
0.
0.
0.
0.
0.
0.
0.
0.
0.
0.
0.
0.
0.
0.
0.
0.
0.
0.
0.
0.
0.
0.
0.
0.
0.
0.
0.
0.
-1000.
-1000.
-1000.
-1000.
-1000.
-1000.
-1000.
-1000.
-1000.
-1000.
-999.798
-855.181
-199.682
-0.342213
0.
0.
0.
0.
0.
0.
0.
0.
0.
0.
0.
0.
0.
0.
0.
0.
0.
0.
0.
0.
0.
0.
0.
0.
0.
0.
0.
0.
0.
0.
0.
0.
0.
0.
0.
0.
0.
0.
0.
0.
0.
0.
0.
0.
0.
0.
0.
0.
0.
0.
0.
0.
0.
0.
0.
0.
0.
0.
0.
0.
0.
0.
0.
0.
0.
0.
0.
-1000.
-1000.
-1000.
-1000.
-1000.
-1000.
-1000.
-1000.
-1000.
-999.728
-899.263
-320.743
-7.09826
0.
0.
0.
0.
0.
0.
0.
0.
0.
0.
0.
0.
0.
0.
0.
0.
0.
0.
0.
0.
0.
0.
0.
0.
0.
0.
0.
0.
0.
0.
0.
0.
0.
0.
0.
0.
0.
0.
0.
0.
0.
0.
0.
0.
0.
0.
0.
0.
0.
0.
0.
0.
0.
0.
0.
0.
0.
0.
0.
0.
0.
0.
0.
0.
0.
0.
0.
0.
-1000.
-1000.
-1000.
-1000.
-1000.
-1000.
-1000.
-1000.
-996.
-842.636
-310.647
-13.5775
0.
0.
0.
0.
0.
0.
0.
0.
0.
0.
0.
0.
0.
0.
0.
0.
0.
0.
0.
0.
0.
0.
0.
0.
0.
0.
0.
0.
0.
0.
0.
0.
0.
0.
0.
0.
0.
0.
0.
0.
0.
0.
0.
0.
0.
0.
0.
0.
0.
0.
0.
0.
0.
0.
0.
0.
0.
0.
0.
0.
0.
0.
0.
0.
0.
0.
0.
0.
0.
-1000.
-1000.
-1000.
-1000.
-1000.
-1000.
-999.273
-946.783
-654.084
-180.517
-5.93504
0.
0.
0.
0.
0.
0.
0.
0.
0.
0.
0.
0.
0.
0.
0.
0.
0.
0.
0.
0.
0.
0.
0.
0.
0.
0.
0.
0.
0.
0.
0.
0.
0.
0.
0.
0.
0.
0.
0.
0.
0.
0.
0.
0.
0.
0.
0.
0.
0.
0.
0.
0.
0.
0.
0.
0.
0.
0.
0.
0.
0.
0.
0.
0.
0.
0.
0.
0.
0.
0.
-1000.
-1000.
-1000.
-999.376
-979.807
-886.522
-654.491
-292.899
-46.02
-0.227431
Process [5]
0.
0.
0.
0.
0.
0.
0.
0.
0.
0.
0.
0.
0.
0.
0.
0.
0.
0.
0.
0.
0.
0.
0.
0.
0.
0.
0.
0.
0.
0.
0.
0.
0.
0.
0.
0.
0.
0.
0.
0.
0.
0.
0.
0.
0.
0.
0.
0.
0.
0.
0.
0.
0.
0.
0.
0.
0.
0.
0.
0.
0.
0.
0.
0.
0.
0.
0.
0.
0.
0.
0.
-763.618
-740.168
-672.591
-537.521
-345.701
-154.914
-29.1384
-0.330516
0.
0.
0.
0.
0.
0.
0.
0.
0.
0.
0.
0.
0.
0.
0.
0.
0.
0.
0.
0.
0.
0.
0.
0.
0.
0.
0.
0.
0.
0.
0.
0.
0.
0.
0.
0.
0.
0.
0.
0.
0.
0.
0.
0.
0.
0.
0.
0.
0.
0.
0.
0.
0.
0.
0.
0.
0.
0.
0.
0.
0.
0.
0.
0.
0.
0.
0.
0.
0.
0.
0.
0.
0.
-48.7862
-39.2974
-19.7197
-2.99949
-0.00443895
0.
0.
0.
0.
0.
0.
0.
0.
0.
0.
0.
0.
0.
0.
0.
0.
0.
0.
0.
0.
0.
0.
0.
0.
0.
0.
0.
0.
0.
0.
0.
0.
0.
0.
0.
0.
0.
0.
0.
0.
0.
0.
0.
0.
0.
0.
0.
0.
0.
0.
0.
0.
0.
0.
0.
0.
0.
0.
0.
0.
0.
0.
0.
0.
0.
0.
0.
0.
0.
0.
0.
0.
0.
0.
0.
0.
0.
0.
0.
0.
0.
0.
0.
0.
0.
0.
0.
0.
0.
0.
0.
0.
0.
0.
0.
0.
0.
0.
0.
0.
0.
0.
0.
0.
0.
0.
0.
0.
0.
0.
0.
0.
0.
0.
0.
0.
0.
0.
0.
0.
0.
0.
0.
0.
0.
0.
0.
0.
0.
0.
0.
0.
0.
0.
0.
0.
0.
0.
0.
0.
0.
0.
0.
0.
0.
0.
0.
0.
0.
0.
0.
0.
0.
0.
0.
0.
0.
0.
0.
0.
0.
0.
0.
0.
0.
0.
0.
0.
0.
0.
0.
0.
0.
0.
0.
0.
0.
0.
0.
0.
0.
0.
0.
0.
0.
0.
0.
0.
0.
0.
0.
0.
0.
0.
0.
0.
0.
0.
0.
0.
0.
0.
0.
0.
0.
0.
0.
0.
0.
0.
0.
0.
0.
0.
0.
0.
0.
0.
0.
0.
0.
0.
0.
0.
0.
0.
0.
0.
0.
0.
0.
0.
0.
0.
0.
0.
0.
0.
0.
0.
0.
0.
0.
0.
0.
0.
0.
0.
0.
0.
0.
0.
0.
0.
0.
0.
0.
0.
0.
0.
0.
0.
0.
0.
0.
0.
0.
0.
0.
0.
0.
0.
0.
0.
0.
0.
0.
0.
0.
0.
0.
0.
0.
0.
0.
0.
0.
0.
0.
0.
0.
0.
0.
0.
0.
0.
0.
0.
0.
0.
0.
0.
0.
0.
0.
0.
0.
0.
0.
0.
0.
0.
0.
0.
0.
0.
0.
0.
0.
0.
0.
0.
0.
0.
0.
0.
0.
0.
0.
0.
0.
0.
0.
0.
0.
0.
0.
0.
0.
0.
0.
0.
0.
0.
0.
0.
0.
0.
0.
0.
0.
0.
0.
0.
0.
0.
0.
0.
0.
0.
0.
0.
0.
0.
0.
0.
0.
0.
0.
0.
0.
0.
0.
0.
0.
0.
0.
0.
0.
0.
0.
0.
0.
0.
0.
0.
0.
0.
0.
0.
0.
0.
0.
0.
0.
0.
0.
0.
0.
0.
0.
0.
0.
0.
0.
0.
0.
0.
0.
0.
0.
0.
0.
0.
0.
0.
0.
0.
0.
0.
0.
0.
0.
0.
0.
0.
0.
0.
0.
0.
0.
0.
0.
0.
0.
0.
0.
0.
0.
0.
0.
0.
0.
0.
0.
0.
0.
0.
0.
0.
0.
0.
0.
0.
0.
0.
0.
0.
0.
0.
0.
0.
0.
0.
0.
0.
0.
0.
0.
0.
0.
0.
0.
0.
0.
0.
0.
0.
0.
0.
0.
0.
0.
0.
0.
0.
0.
0.
0.
0.
0.
0.
0.
0.
0.
0.
0.
0.
0.
0.
0.
0.
0.
0.
0.
0.
0.
0.
0.
0.
0.
0.
0.
0.
0.
0.
0.
0.
0.
0.
0.
0.
0.
0.
0.
0.
0.
0.
0.
0.
0.
0.
0.
0.
0.
0.
0.
0.
0.
0.
0.
0.
0.
0.
0.
0.
0.
0.
0.
0.
0.
0.
0.
0.
0.
0.
0.
0.
0.
0.
0.
0.
0.
0.
0.
0.
0.
0.
0.
0.
0.
0.
0.
0.
0.
0.
0.
0.
0.
0.
0.
0.
0.
0.
0.
0.
0.
0.
0.
0.
0.
0.
0.
0.
0.
0.
0.
0.
0.
0.
0.
0.
0.
0.
0.
0.
0.
0.
0.
0.
0.
0.
0.
0.
0.
0.
0.
0.
0.
0.
0.
0.
0.
0.
0.
0.
0.
0.
0.
0.
0.
0.
0.
0.
0.
0.
0.
0.
0.
0.
0.
0.
0.
Process [6]
0.
0.
0.
0.
0.
0.
0.
0.
0.
0.
0.
0.
0.
0.
0.
0.
0.
0.
0.
0.
0.
0.
0.
0.
0.
0.
0.
0.
0.
0.
0.
0.
0.
0.
0.
0.
0.
0.
0.
0.
0.
0.
0.
0.
0.
0.
0.
0.
0.
0.
0.
0.
0.
0.
0.
0.
0.
0.
0.
0.
0.
0.
0.
0.
0.
0.
0.
0.
0.
0.
0.
0.
0.
0.
0.
0.
0.
0.
0.
0.
0.
0.
0.
0.
0.
0.
0.
0.
0.
0.
0.
0.
0.
0.
0.
0.
0.
0.
0.
0.
0.
0.
0.
0.
0.
0.
0.
0.
0.
0.
0.
0.
0.
0.
0.
0.
0.
0.
0.
0.
0.
0.
0.
0.
0.
0.
0.
0.
0.
0.
0.
0.
0.
0.
0.
0.
0.
0.
0.
0.
0.
0.
0.
0.
0.
0.
0.
0.
0.
0.
0.
0.
0.
0.
0.
0.
0.
0.
0.
0.
0.
0.
0.
0.
0.
0.
0.
0.
0.
0.
0.
0.
0.
0.
0.
0.
0.
0.
0.
0.
0.
0.
0.
0.
0.
0.
0.
0.
0.
0.
0.
0.
0.
0.
0.
0.
0.
0.
0.
0.
0.
0.
0.
0.
0.
0.
0.
0.
0.
0.
0.
0.
0.
0.
0.
0.
0.
0.
0.
0.
0.
0.
0.
0.
0.
0.
0.
0.
0.
0.
0.
0.
0.
0.
0.
0.
0.
0.
0.
0.
0.
0.
0.
0.
0.
0.
0.
0.
0.
0.
0.
0.
0.
0.
0.
0.
0.
0.
0.
0.
0.
0.
0.
0.
0.
0.
0.
0.
0.
0.
0.
0.
0.
0.
0.
0.
0.
0.
0.
0.
0.
0.
0.
0.
0.
0.
0.
0.
0.
0.
0.
0.
0.
0.
0.
0.
0.
0.
0.
0.
0.
0.
0.
0.
0.
0.
0.
0.
0.
0.
0.
0.
0.
0.
0.
0.
0.
0.
0.
0.
0.
0.
0.
0.
0.
0.
0.
0.
0.
0.
0.
0.
0.
0.
0.
0.
0.
0.
0.
0.
0.
0.
0.
0.
0.
0.
0.
0.
0.
0.
0.
0.
0.
0.
0.
0.
0.
0.
0.
0.
0.
0.
0.
0.
0.
0.
0.
0.
0.
0.
0.
0.
0.
0.
0.
0.
0.
0.
0.
0.
0.
0.
0.
0.
0.
0.
0.
0.
0.
0.
0.
0.
0.
0.
0.
0.
0.
0.
0.
0.
0.
0.
0.
0.
0.
0.
0.
0.
0.
0.
0.
0.
0.
0.
0.
0.
0.
0.
0.
0.
0.
0.
0.
0.
0.
0.
0.
0.
0.
0.
0.
0.
0.
0.
0.
0.
0.
0.
0.
0.
0.
0.
0.
0.
0.
0.
0.
0.
0.
0.
0.
0.
0.
0.
0.
0.
0.
0.
0.
0.
0.
0.
0.
0.
0.
0.
0.
0.
0.
0.
0.
0.
0.
0.
0.
0.
0.
0.
0.
0.
0.
0.
0.
0.
0.
0.
0.
0.
0.
0.
0.
0.
0.
0.
0.
0.
0.
0.
0.
0.
0.
0.
0.
0.
0.
0.
0.
0.
0.
0.
0.
0.
0.
0.
0.
0.
0.
0.
0.
0.
0.
0.
0.
0.
0.
0.
0.
0.
0.
0.
0.
0.
0.
0.
0.
0.
0.
0.
0.
0.
0.
0.
0.
0.
0.
0.
0.
0.
0.
0.
0.
0.
0.
0.
0.
0.
0.
0.
0.
0.
0.
0.
0.
0.
0.
0.
0.
0.
0.
0.
0.
0.
0.
0.
0.
0.
0.
0.
0.
0.
0.
0.
0.
0.
0.
0.
0.
0.
0.
0.
0.
0.
0.
0.
0.
0.
0.
0.
0.
0.
0.
0.
0.
0.
0.
0.
0.
0.
0.
0.
0.
0.
0.
0.
0.
0.
0.
0.
0.
0.
0.
0.
0.
0.
0.
0.
0.
0.
0.
0.
0.
0.
0.
0.
0.
0.
0.
0.
0.
0.
0.
0.
0.
0.
0.
0.
0.
0.
0.
0.
0.
0.
0.
0.
0.
0.
0.
0.
0.
0.
0.
0.
0.
0.
0.
0.
0.
0.
0.
0.
0.
0.
0.
0.
0.
0.
0.
0.
0.
0.
0.
0.
0.
0.
0.
0.
0.
0.
0.
0.
0.
0.
0.
0.
0.
0.
0.
0.
0.
0.
0.
0.
0.
0.
0.
0.
0.
0.
0.
0.
0.
0.
0.
0.
0.
0.
0.
0.
0.
0.
0.
0.
0.
0.
0.
0.
0.
0.
0.
0.
0.
0.
0.
0.
0.
0.
0.
0.
0.
0.
0.
0.
0.
0.
0.
0.
0.
0.
0.
0.
0.
0.
0.
0.
0.
0.
0.
0.
0.
0.
0.
0.
0.
0.
0.
0.
0.
0.
0.
0.
0.
0.
0.
0.
0.
0.
0.
0.
0.
0.
0.
0.
0.
0.
0.
0.
0.
0.
0.
0.
0.
0.
0.
0.
0.
0.
0.
0.
0.
0.
0.
0.
0.
0.
0.
0.
0.
0.
0.
0.
0.
0.
0.
0.
0.
0.
0.
0.
0.
0.
Process [7]
0.
0.
0.
0.
0.
0.
0.
0.
0.
0.
0.
0.
0.
0.
0.
0.
0.
0.
0.
0.
0.
0.
0.
0.
0.
0.
0.
0.
0.
0.
0.
0.
0.
0.
0.
0.
0.
0.
0.
0.
0.
0.
0.
0.
0.
0.
0.
0.
0.
0.
0.
0.
0.
0.
0.
0.
0.
0.
0.
0.
0.
0.
0.
0.
0.
0.
0.
0.
0.
0.
0.
0.
0.
0.
0.
0.
0.
0.
0.
0.
0.
0.
0.
0.
0.
0.
0.
0.
0.
0.
0.
0.
0.
0.
0.
0.
0.
0.
0.
0.
0.
0.
0.
0.
0.
0.
0.
0.
0.
0.
0.
0.
0.
0.
0.
0.
0.
0.
0.
0.
0.
0.
0.
0.
0.
0.
0.
0.
0.
0.
0.
0.
0.
0.
0.
0.
0.
0.
0.
0.
0.
0.
0.
0.
0.
0.
0.
0.
0.
0.
0.
0.
0.
0.
0.
0.
0.
0.
0.
0.
0.
0.
0.
0.
0.
0.
0.
0.
0.
0.
0.
0.
0.
0.
0.
0.
0.
0.
0.
0.
0.
0.
0.
0.
0.
0.
0.
0.
0.
0.
0.
0.
0.
0.
0.
0.
0.
0.
0.
0.
0.
0.
0.
0.
0.
0.
0.
0.
0.
0.
0.
0.
0.
0.
0.
0.
0.
0.
0.
0.
0.
0.
0.
0.
0.
0.
0.
0.
0.
0.
0.
0.
0.
0.
0.
0.
0.
0.
0.
0.
0.
0.
0.
0.
0.
0.
0.
0.
0.
0.
0.
0.
0.
0.
0.
0.
0.
0.
0.
0.
0.
0.
0.
0.
0.
0.
0.
0.
0.
0.
0.
0.
0.
0.
0.
0.
0.
0.
0.
0.
0.
0.
0.
0.
0.
0.
0.
0.
0.
0.
0.
0.
0.
0.
0.
0.
0.
0.
0.
0.
0.
0.
0.
0.
0.
0.
0.
0.
0.
0.
0.
0.
0.
0.
0.
0.
0.
0.
0.
0.
0.
0.
0.
0.
0.
0.
0.
0.
0.
0.
0.
0.
0.
0.
0.
0.
0.
0.
0.
0.
0.
0.
0.
0.
0.
0.
0.
0.
0.
0.
0.
0.
0.
0.
0.
0.
0.
0.
0.
0.
0.
0.
0.
0.
0.
0.
0.
0.
0.
0.
0.
0.
0.
0.
0.
0.
0.
0.
0.
0.
0.
0.
0.
0.
0.
0.
0.
0.
0.
0.
0.
0.
0.
0.
0.
0.
0.
0.
0.
0.
0.
0.
0.
0.
0.
0.
0.
0.
0.
0.
0.
0.
0.
0.
0.
0.
0.
0.
0.
0.
0.
0.
0.
0.
0.
0.
0.
0.
0.
0.
0.
0.
0.
0.
0.
0.
0.
0.
0.
0.
0.
0.
0.
0.
0.
0.
0.
0.
0.
0.
0.
0.
0.
0.
0.
0.
0.
0.
0.
0.
0.
0.
0.
0.
0.
0.
0.
0.
0.
0.
0.
0.
0.
0.
0.
0.
0.
0.
0.
0.
0.
0.
0.
0.
0.
0.
0.
0.
0.
0.
0.
0.
0.
0.
0.
0.
0.
0.
0.
0.
0.
0.
0.
0.
0.
0.
0.
0.
0.
0.
0.
0.
0.
0.
0.
0.
0.
0.
0.
0.
0.
0.
0.
0.
0.
0.
0.
0.
0.
0.
0.
0.
0.
0.
0.
0.
0.
0.
0.
0.
0.
0.
0.
0.
0.
0.
0.
0.
0.
0.
0.
0.
0.
0.
0.
0.
0.
0.
0.
0.
0.
0.
0.
0.
0.
0.
0.
0.
0.
0.
0.
0.
0.
0.
0.
0.
0.
0.
0.
0.
0.
0.
0.
0.
0.
0.
0.
0.
0.
0.
0.
0.
0.
0.
0.
0.
0.
0.
0.
0.
0.
0.
0.
0.
0.
0.
0.
0.
0.
0.
0.
0.
0.
0.
0.
0.
0.
0.
0.
0.
0.
0.
0.
0.
0.
0.
0.
0.
0.
0.
0.
0.
0.
0.
0.
0.
0.
0.
0.
0.
0.
0.
0.
0.
0.
0.
0.
0.
0.
0.
0.
0.
0.
0.
0.
0.
0.
0.
0.
0.
0.
0.
0.
0.
0.
0.
0.
0.
0.
0.
0.
0.
0.
0.
0.
0.
0.
0.
0.
0.
0.
0.
0.
0.
0.
0.
0.
0.
0.
0.
0.
0.
0.
0.
0.
0.
0.
0.
0.
0.
0.
0.
0.
0.
0.
0.
0.
0.
0.
0.
0.
0.
0.
0.
0.
0.
0.
0.
0.
0.
0.
0.
0.
0.
0.
0.
0.
0.
0.
0.
0.
0.
0.
0.
0.
0.
0.
0.
0.
0.
0.
0.
0.
0.
0.
0.
0.
0.
0.
0.
0.
0.
0.
0.
0.
0.
0.
0.
0.
0.
0.
0.
0.
0.
0.
0.
0.
0.
0.
0.
0.
0.
0.
0.
0.
0.
0.
0.
0.
0.
0.
0.
0.
0.
0.
0.
0.
0.
0.
0.
0.
0.
0.
0.
0.
0.
0.
0.
0.
0.
