Vec Object: Vec_0x84000004_5 8 MPI processes
  type: mpi
Process [0]
-1000.
-1000.
-1000.
-1000.
-1000.
-1000.
-1000.
-1000.
-1000.
-1000.
-1000.
-1000.
-1000.
-1000.
-1000.
-1000.
-1000.
-1000.
-1000.
-1000.
-1000.
-1000.
-1000.
-1000.
-1000.
-1000.
-1000.
-1000.
-1000.
-1000.
-1000.
-1000.
-1000.
-1000.
-1000.
-1000.
-1000.
-1000.
-1000.
-1000.
-1000.
-1000.
-1000.
-1000.
-1000.
-1000.
-1000.
-1000.
-1000.
-1000.
-1000.
-1000.
-1000.
-1000.
-1000.
-1000.
-1000.
-1000.
-1000.
-1000.
-1000.
-1000.
-1000.
-1000.
-1000.
-1000.
-1000.
-1000.
-1000.
-1000.
-1000.
-1000.
-1000.
-1000.
-1000.
-1000.
-1000.
-1000.
-1000.
-1000.
-1000.
-1000.
-1000.
-1000.
-1000.
-1000.
-1000.
-1000.
-1000.
-1000.
-1000.
-1000.
-1000.
-1000.
-1000.
-1000.
-1000.
-1000.
-1000.
-1000.
-1000.
-1000.
-1000.
-1000.
-1000.
-1000.
-1000.
-1000.
-1000.
-1000.
-1000.
-1000.
-1000.
-1000.
-1000.
-1000.
-1000.
-1000.
-1000.
-1000.
-1000.
-1000.
-1000.
-1000.
-1000.
-1000.
-1000.
-1000.
-1000.
-1000.
-1000.
-1000.
-1000.
-1000.
-1000.
-1000.
-1000.
-1000.
-1000.
-1000.
-1000.
-1000.
-1000.
-1000.
-1000.
-1000.
-1000.
-1000.
-1000.
-1000.
-1000.
-1000.
-1000.
-1000.
-1000.
-1000.
-1000.
-1000.
-1000.
-1000.
-1000.
-1000.
-1000.
-1000.
-1000.
-1000.
-1000.
-1000.
-1000.
-1000.
-1000.
-1000.
-1000.
-1000.
-1000.
-1000.
-1000.
-1000.
-1000.
-1000.
-1000.
-1000.
-1000.
-1000.
-1000.
-1000.
-1000.
-1000.
-1000.
-1000.
-1000.
-1000.
-1000.
-1000.
-1000.
-1000.
-1000.
-1000.
-1000.
-1000.
-1000.
-1000.
-1000.
-1000.
-1000.
-1000.
-1000.
-1000.
-1000.
-1000.
-1000.
-1000.
-1000.
-1000.
-1000.
-1000.
-1000.
-1000.
-1000.
-1000.
-1000.
-1000.
-1000.
-1000.
-1000.
-1000.
-1000.
-1000.
-1000.
-1000.
-1000.
-1000.
-1000.
-1000.
-1000.
-1000.
-1000.
-1000.
-1000.
-1000.
-1000.
-1000.
-1000.
-1000.
-1000.
-1000.
-1000.
-1000.
-1000.
-1000.
-1000.
-1000.
-1000.
-1000.
-1000.
-1000.
-1000.
-1000.
-1000.
-1000.
-1000.
-1000.
-1000.
-1000.
-1000.
-1000.
-1000.
-1000.
-1000.
-1000.
-1000.
-1000.
-1000.
-1000.
-1000.
-1000.
-1000.
-1000.
-1000.
-1000.
-1000.
-1000.
-1000.
-1000.
-1000.
-1000.
-1000.
-1000.
-1000.
-1000.
-1000.
-1000.
-1000.
-1000.
-1000.
-1000.
-1000.
-1000.
-1000.
-1000.
-1000.
-1000.
-1000.
-1000.
-1000.
-1000.
-1000.
-1000.
-1000.
-1000.
-1000.
-1000.
-1000.
-1000.
-1000.
-1000.
-1000.
-1000.
-1000.
-1000.
-1000.
-1000.
-1000.
-1000.
-1000.
-1000.
-1000.
-1000.
-1000.
-1000.
-1000.
-1000.
-1000.
-1000.
-1000.
-1000.
-1000.
-1000.
-1000.
-1000.
-1000.
-1000.
-1000.
-1000.
-1000.
-1000.
-1000.
-1000.
-1000.
-1000.
-1000.
-1000.
-1000.
-1000.
-1000.
-1000.
-1000.
-1000.
-1000.
-1000.
-1000.
-1000.
-1000.
-1000.
-1000.
-1000.
-1000.
-1000.
-1000.
-1000.
-1000.
-1000.
-1000.
-1000.
-1000.
-1000.
-1000.
-1000.
-1000.
-1000.
-1000.
-1000.
-1000.
-1000.
-1000.
-1000.
-1000.
-1000.
-1000.
-1000.
-1000.
-1000.
-1000.
-1000.
-1000.
-1000.
-1000.
-1000.
-1000.
-1000.
-1000.
-1000.
-1000.
-1000.
-1000.
-1000.
-1000.
-1000.
-1000.
-1000.
-1000.
-1000.
-1000.
-1000.
-1000.
-1000.
-1000.
-1000.
-1000.
-1000.
-1000.
-1000.
-1000.
-1000.
-1000.
-1000.
-1000.
-1000.
-1000.
-1000.
-1000.
-1000.
-1000.
-1000.
-1000.
-1000.
-1000.
-1000.
-1000.
-1000.
-1000.
-1000.
-1000.
-1000.
-1000.
-1000.
-1000.
-1000.
-1000.
-1000.
-1000.
-1000.
-1000.
-1000.
-1000.
-1000.
-1000.
-1000.
-1000.
-1000.
-1000.
-1000.
-1000.
-1000.
-1000.
-1000.
-1000.
-1000.
-1000.
-1000.
-1000.
-1000.
-1000.
-1000.
-1000.
-1000.
-1000.
-1000.
-1000.
-1000.
-1000.
-1000.
-1000.
-1000.
-1000.
-1000.
-1000.
-1000.
-1000.
-1000.
-1000.
-1000.
-1000.
-1000.
-1000.
-1000.
-1000.
-1000.
-1000.
-1000.
-1000.
-1000.
-1000.
-1000.
-1000.
-1000.
-1000.
-1000.
-1000.
-1000.
-1000.
-1000.
-1000.
-1000.
-1000.
-1000.
-1000.
-1000.
-1000.
-1000.
-1000.
-1000.
-1000.
-1000.
-1000.
-1000.
-1000.
-1000.
-1000.
-1000.
-1000.
-1000.
-1000.
-1000.
-1000.
-1000.
-1000.
-1000.
-1000.
-1000.
-1000.
-1000.
-1000.
-1000.
-1000.
-1000.
-1000.
-1000.
-1000.
-1000.
-1000.
-1000.
-1000.
-1000.
-1000.
-1000.
-1000.
-1000.
-1000.
-1000.
-1000.
-1000.
-1000.
-1000.
-1000.
-1000.
-1000.
-1000.
-1000.
-1000.
-1000.
-1000.
-1000.
-1000.
-1000.
-1000.
-1000.
-1000.
-1000.
-1000.
-1000.
-1000.
-1000.
-1000.
-1000.
-1000.
-1000.
-1000.
-1000.
-1000.
-1000.
-1000.
-1000.
-1000.
-1000.
-1000.
-1000.
-1000.
-1000.
-1000.
-1000.
-1000.
-1000.
-1000.
-1000.
-1000.
-1000.
-1000.
-1000.
-1000.
-1000.
-1000.
-1000.
-1000.
-1000.
-1000.
-1000.
-1000.
-1000.
-1000.
-1000.
-1000.
-1000.
-1000.
-1000.
-1000.
-1000.
-1000.
-1000.
-1000.
-1000.
-1000.
-1000.
-1000.
-1000.
-1000.
-1000.
-1000.
-1000.
-1000.
-1000.
-1000.
-1000.
-1000.
-1000.
-1000.
-1000.
-1000.
-1000.
-1000.
-1000.
-1000.
-1000.
-1000.
-1000.
-1000.
-1000.
-1000.
-1000.
-1000.
-1000.
-1000.
-1000.
-1000.
-1000.
-1000.
-999.959
-994.191
-964.896
-917.867
-866.418
-818.629
-778.716
-748.581
-728.805
-718.985
-718.363
-726.027
-739.708
-759.225
-782.48
-808.225
-835.4
-862.885
-889.903
-915.549
-938.856
-959.125
-976.001
-988.54
-996.487
-999.673
-1000.
-1000.
-1000.
-1000.
-1000.
-1000.
-1000.
-1000.
-1000.
-1000.
-1000.
-1000.
-1000.
-1000.
-1000.
-1000.
-1000.
-1000.
-1000.
-1000.
-1000.
-1000.
-1000.
-1000.
-1000.
-1000.
-1000.
-1000.
-1000.
-1000.
-1000.
-1000.
-1000.
-1000.
-1000.
-1000.
-1000.
-1000.
-1000.
-1000.
-1000.
-1000.
-1000.
-1000.
-1000.
-1000.
-1000.
-1000.
-1000.
-1000.
-1000.
-1000.
-999.532
-967.236
-836.935
-640.235
-432.874
-278.819
-180.362
-118.263
-79.8155
-56.3299
-42.4109
-34.7231
-31.2936
-31.0861
-33.7267
-38.7996
-46.9067
-58.067
-72.6745
-91.1278
-113.824
-141.377
-174.144
-212.274
-256.069
-306.456
-362.659
-424.884
-492.906
-562.658
-628.748
-690.641
-746.752
-796.978
-841.69
-880.705
-914.445
-942.295
-964.124
-980.558
-992.07
-998.113
-999.929
-1000.
-1000.
-1000.
-1000.
-1000.
-1000.
-1000.
-1000.
-1000.
-1000.
-1000.
-1000.
-1000.
-1000.
-1000.
-1000.
-1000.
-1000.
-1000.
-1000.
-1000.
-1000.
-1000.
-1000.
-1000.
-1000.
-1000.
-1000.
-1000.
-1000.
-1000.
-1000.
-1000.
-1000.
-1000.
-1000.
-999.759
-950.77
-691.967
-330.624
-106.83
-17.9395
-0.399827
0.
0.
0.
0.
0.
0.
0.
0.
0.
0.
0.
0.
0.
0.
0.
0.
0.
0.
0.
0.
0.
0.
0.
-0.145611
-2.6004
-10.1032
-23.3246
-42.2146
-66.553
-96.437
-131.698
Process [1]
-172.775
-219.179
-269.603
-324.083
-384.598
-447.4
-511.833
-575.272
-633.369
-683.323
-731.487
-771.366
-808.319
-840.13
-867.363
-891.437
-912.071
-928.072
-944.554
-954.175
-964.835
-974.014
-978.851
-983.067
-987.643
-991.065
-993.461
-994.994
-995.837
-996.12
-1000.
-1000.
-1000.
-1000.
-1000.
-1000.
-1000.
-1000.
-1000.
-1000.
-1000.
-1000.
-995.353
-821.857
-340.26
-48.7594
-0.510223
0.
0.
0.
0.
0.
0.
0.
0.
0.
0.
0.
0.
0.
0.
0.
0.
0.
0.
0.
0.
0.
0.
0.
0.
0.
0.
0.
0.
0.
0.
0.
0.
0.
0.
0.
0.
0.
0.
0.
0.
-0.409869
-3.40786
-10.7888
-21.2564
-36.0532
-52.8952
-72.777
-94.915
-117.75
-142.98
-168.652
-192.951
-222.536
-243.064
-270.113
-298.029
-315.176
-332.847
-355.06
-374.999
-391.864
-404.552
-412.426
-415.082
-1000.
-1000.
-1000.
-1000.
-1000.
-1000.
-1000.
-1000.
-1000.
-1000.
-1000.
-994.829
-743.892
-172.595
-3.79525
0.
0.
0.
0.
0.
0.
0.
0.
0.
0.
0.
0.
0.
0.
0.
0.
0.
0.
0.
0.
0.
0.
0.
0.
0.
0.
0.
0.
0.
0.
0.
0.
0.
0.
0.
0.
0.
0.
0.
0.
0.
0.
0.
0.
0.
0.
0.
0.
0.
0.
0.
0.
0.
0.
0.
0.
0.
0.
0.
0.
0.
0.
0.
0.
0.
0.
-1000.
-1000.
-1000.
-1000.
-1000.
-1000.
-1000.
-1000.
-1000.
-1000.
-999.431
-801.645
-162.815
-0.867559
0.
0.
0.
0.
0.
0.
0.
0.
0.
0.
0.
0.
0.
0.
0.
0.
0.
0.
0.
0.
0.
0.
0.
0.
0.
0.
0.
0.
0.
0.
0.
0.
0.
0.
0.
0.
0.
0.
0.
0.
0.
0.
0.
0.
0.
0.
0.
0.
0.
0.
0.
0.
0.
0.
0.
0.
0.
0.
0.
0.
0.
0.
0.
0.
0.
0.
0.
-1000.
-1000.
-1000.
-1000.
-1000.
-1000.
-1000.
-1000.
-1000.
-1000.
-933.119
-298.455
-2.71304
0.
0.
0.
0.
0.
0.
0.
0.
0.
0.
0.
0.
0.
0.
0.
0.
0.
0.
0.
0.
0.
0.
0.
0.
0.
0.
0.
0.
0.
0.
0.
0.
0.
0.
0.
0.
0.
0.
0.
0.
0.
0.
0.
0.
0.
0.
0.
0.
0.
0.
0.
0.
0.
0.
0.
0.
0.
0.
0.
0.
0.
0.
0.
0.
0.
0.
0.
0.
-1000.
-1000.
-1000.
-1000.
-1000.
-1000.
-1000.
-1000.
-1000.
-998.087
-633.064
-32.9774
0.
0.
0.
0.
0.
0.
0.
0.
0.
0.
0.
0.
0.
0.
0.
0.
0.
0.
0.
0.
0.
0.
0.
0.
0.
0.
0.
0.
0.
0.
0.
0.
0.
0.
0.
0.
0.
0.
0.
0.
0.
0.
0.
0.
0.
0.
0.
0.
0.
0.
0.
0.
0.
0.
0.
0.
0.
0.
0.
0.
0.
0.
0.
0.
0.
0.
0.
0.
0.
-1000.
-1000.
-1000.
-1000.
-1000.
-1000.
-1000.
-1000.
-1000.
-943.798
-264.495
-0.10792
0.
0.
0.
0.
0.
0.
0.
0.
0.
0.
0.
0.
0.
0.
0.
0.
0.
0.
0.
0.
0.
0.
0.
0.
0.
0.
0.
0.
0.
0.
0.
0.
0.
0.
0.
0.
0.
0.
0.
0.
0.
0.
0.
0.
0.
0.
0.
0.
0.
0.
0.
0.
0.
0.
0.
0.
0.
0.
0.
0.
0.
0.
0.
0.
0.
0.
0.
0.
0.
-1000.
-1000.
-1000.
-1000.
-1000.
-1000.
-1000.
-1000.
-1000.
-777.449
-68.3056
0.
0.
0.
0.
0.
0.
0.
0.
0.
0.
0.
0.
0.
0.
0.
0.
0.
0.
0.
0.
0.
0.
0.
0.
0.
0.
0.
0.
0.
0.
0.
0.
0.
0.
0.
0.
0.
0.
0.
0.
0.
0.
0.
0.
0.
0.
0.
0.
0.
0.
0.
0.
0.
0.
0.
0.
0.
0.
0.
0.
0.
0.
0.
0.
0.
0.
0.
0.
0.
0.
-1000.
-1000.
-1000.
-1000.
-1000.
-1000.
-1000.
-1000.
-999.089
-552.36
-6.24653
0.
0.
0.
0.
0.
0.
0.
0.
0.
0.
0.
0.
0.
0.
0.
0.
0.
0.
0.
0.
0.
0.
0.
0.
0.
0.
0.
0.
0.
0.
0.
0.
0.
0.
0.
0.
0.
0.
0.
0.
0.
0.
0.
0.
0.
0.
0.
0.
0.
0.
0.
0.
0.
0.
0.
0.
0.
0.
0.
0.
0.
0.
0.
0.
0.
0.
0.
0.
0.
0.
-1000.
-1000.
-1000.
-1000.
-1000.
-1000.
-1000.
-1000.
-981.697
-346.173
-0.00417269
0.
0.
0.
0.
0.
0.
0.
0.
0.
0.
0.
0.
0.
0.
0.
0.
0.
0.
0.
0.
0.
0.
0.
0.
0.
0.
0.
0.
0.
0.
0.
0.
0.
0.
0.
0.
0.
0.
0.
0.
0.
0.
0.
0.
0.
0.
0.
0.
0.
0.
0.
0.
0.
0.
0.
0.
0.
0.
0.
0.
0.
0.
0.
0.
0.
0.
0.
0.
0.
0.
-1000.
-1000.
-1000.
-1000.
-1000.
-1000.
-1000.
-1000.
-937.818
-215.206
0.
0.
0.
0.
0.
0.
0.
0.
0.
0.
0.
0.
0.
0.
0.
0.
0.
0.
0.
0.
0.
0.
0.
0.
0.
0.
0.
0.
0.
0.
0.
0.
0.
0.
0.
0.
0.
0.
0.
0.
0.
0.
0.
0.
0.
0.
0.
0.
0.
0.
0.
0.
0.
0.
0.
0.
0.
0.
0.
0.
0.
0.
0.
0.
0.
0.
0.
0.
0.
0.
0.
Process [2]
-1000.
-1000.
-1000.
-1000.
-1000.
-1000.
-1000.
-1000.
-885.284
-137.946
0.
0.
0.
0.
0.
0.
0.
0.
0.
0.
0.
0.
0.
0.
0.
0.
0.
0.
0.
0.
0.
0.
0.
0.
0.
0.
0.
0.
0.
0.
0.
0.
0.
0.
0.
0.
0.
0.
0.
0.
0.
0.
0.
0.
0.
0.
0.
0.
0.
0.
0.
0.
0.
0.
0.
0.
0.
0.
0.
0.
0.
0.
0.
0.
0.
0.
0.
0.
0.
0.
0.
-1000.
-1000.
-1000.
-1000.
-1000.
-1000.
-1000.
-1000.
-838.048
-93.3365
0.
0.
0.
0.
0.
0.
0.
0.
0.
0.
0.
0.
0.
0.
0.
0.
0.
0.
0.
0.
0.
0.
0.
0.
0.
0.
0.
0.
0.
0.
0.
0.
0.
0.
0.
0.
0.
0.
0.
0.
0.
0.
0.
0.
0.
0.
0.
0.
0.
0.
0.
0.
0.
0.
0.
0.
0.
0.
0.
0.
0.
0.
0.
0.
0.
0.
0.
0.
0.
0.
0.
-1000.
-1000.
-1000.
-1000.
-1000.
-1000.
-1000.
-1000.
-806.37
-71.493
0.
0.
0.
0.
0.
0.
0.
0.
0.
0.
0.
0.
0.
0.
0.
0.
0.
0.
0.
0.
0.
0.
0.
0.
0.
0.
0.
0.
0.
0.
0.
0.
0.
0.
0.
0.
0.
0.
0.
0.
0.
0.
0.
0.
0.
0.
0.
0.
0.
0.
0.
0.
0.
0.
0.
0.
0.
0.
0.
0.
0.
0.
0.
0.
0.
0.
0.
0.
0.
0.
0.
-1000.
-1000.
-1000.
-1000.
-1000.
-1000.
-1000.
-1000.
-793.805
-63.9273
0.
0.
0.
0.
0.
0.
0.
0.
0.
0.
0.
0.
0.
0.
0.
0.
0.
0.
0.
0.
0.
0.
0.
0.
0.
0.
0.
0.
0.
0.
0.
0.
0.
0.
0.
0.
0.
0.
0.
0.
0.
0.
0.
0.
0.
0.
0.
0.
0.
0.
0.
0.
0.
0.
0.
0.
0.
0.
0.
0.
0.
0.
0.
0.
0.
0.
0.
0.
0.
0.
0.
-1000.
-1000.
-1000.
-1000.
-1000.
-1000.
-1000.
-1000.
-800.369
-67.576
0.
0.
0.
0.
0.
0.
0.
0.
0.
0.
0.
0.
0.
0.
0.
0.
0.
0.
0.
0.
0.
0.
0.
0.
0.
0.
0.
0.
0.
0.
0.
0.
0.
0.
0.
0.
0.
0.
0.
0.
0.
0.
0.
0.
0.
0.
0.
0.
0.
0.
0.
0.
0.
0.
0.
0.
0.
0.
0.
0.
0.
0.
0.
0.
0.
0.
0.
0.
0.
0.
0.
-1000.
-1000.
-1000.
-1000.
-1000.
-1000.
-1000.
-1000.
-825.74
-84.3214
0.
0.
0.
0.
0.
0.
0.
0.
0.
0.
0.
0.
0.
0.
0.
0.
0.
0.
0.
0.
0.
0.
0.
0.
0.
0.
0.
0.
0.
0.
0.
0.
0.
0.
0.
0.
0.
0.
0.
0.
0.
0.
0.
0.
0.
0.
0.
0.
0.
0.
0.
0.
0.
0.
0.
0.
0.
0.
0.
0.
0.
0.
0.
0.
0.
0.
0.
0.
0.
0.
0.
-1000.
-1000.
-1000.
-1000.
-1000.
-1000.
-1000.
-1000.
-866.79
-118.382
0.
0.
0.
0.
0.
0.
0.
0.
0.
0.
0.
0.
0.
0.
0.
0.
0.
0.
0.
0.
0.
0.
0.
0.
0.
0.
0.
0.
0.
0.
0.
0.
0.
0.
0.
0.
0.
0.
0.
0.
0.
0.
0.
0.
0.
0.
0.
0.
0.
0.
0.
0.
0.
0.
0.
0.
0.
0.
0.
0.
0.
0.
0.
0.
0.
0.
0.
0.
0.
0.
0.
-1000.
-1000.
-1000.
-1000.
-1000.
-1000.
-1000.
-1000.
-913.976
-174.057
0.
0.
0.
0.
0.
0.
0.
0.
0.
0.
0.
0.
0.
0.
0.
0.
0.
0.
0.
0.
0.
0.
0.
0.
0.
0.
0.
0.
0.
0.
0.
0.
0.
0.
0.
0.
0.
0.
0.
0.
0.
0.
0.
0.
0.
0.
0.
0.
0.
0.
0.
0.
0.
0.
0.
0.
0.
0.
0.
0.
0.
0.
0.
0.
0.
0.
0.
0.
0.
0.
0.
-1000.
-1000.
-1000.
-1000.
-1000.
-1000.
-1000.
-1000.
-959.958
-264.318
0.
0.
0.
0.
0.
0.
0.
0.
0.
0.
0.
0.
0.
0.
0.
0.
0.
0.
0.
0.
0.
0.
0.
0.
0.
0.
0.
0.
0.
0.
0.
0.
0.
0.
0.
0.
0.
0.
0.
0.
0.
0.
0.
0.
0.
0.
0.
0.
0.
0.
0.
0.
0.
0.
0.
0.
0.
0.
0.
0.
0.
0.
0.
0.
0.
0.
0.
0.
0.
0.
0.
-1000.
-1000.
-1000.
-1000.
-1000.
-1000.
-1000.
-1000.
-991.797
-405.844
-0.0806802
0.
0.
0.
0.
0.
0.
0.
0.
0.
0.
0.
0.
0.
0.
0.
0.
0.
0.
0.
0.
0.
0.
0.
0.
0.
0.
0.
0.
0.
0.
0.
0.
0.
0.
0.
0.
0.
0.
0.
0.
0.
0.
0.
0.
0.
0.
0.
0.
0.
0.
0.
0.
0.
0.
0.
0.
0.
0.
0.
0.
0.
0.
0.
0.
0.
0.
0.
0.
0.
0.
-1000.
-1000.
-1000.
-1000.
-1000.
-1000.
-1000.
-1000.
-999.855
-597.572
Process [3]
-9.9271
0.
0.
0.
0.
0.
0.
0.
0.
0.
0.
0.
0.
0.
0.
0.
0.
0.
0.
0.
0.
0.
0.
0.
0.
0.
0.
0.
0.
0.
0.
0.
0.
0.
0.
0.
0.
0.
0.
0.
0.
0.
0.
0.
0.
0.
0.
0.
0.
0.
0.
0.
0.
0.
0.
0.
0.
0.
0.
0.
0.
0.
0.
0.
0.
0.
0.
0.
0.
0.
0.
-1000.
-1000.
-1000.
-1000.
-1000.
-1000.
-1000.
-1000.
-1000.
-786.905
-69.681
0.
0.
0.
0.
0.
0.
0.
0.
0.
0.
0.
0.
0.
0.
0.
0.
0.
0.
0.
0.
0.
0.
0.
0.
0.
0.
0.
0.
0.
0.
0.
0.
0.
0.
0.
0.
0.
0.
0.
0.
0.
0.
0.
0.
0.
0.
0.
0.
0.
0.
0.
0.
0.
0.
0.
0.
0.
0.
0.
0.
0.
0.
0.
0.
0.
0.
0.
0.
0.
0.
-1000.
-1000.
-1000.
-1000.
-1000.
-1000.
-1000.
-1000.
-1000.
-930.766
-220.452
0.
0.
0.
0.
0.
0.
0.
0.
0.
0.
0.
0.
0.
0.
0.
0.
0.
0.
0.
0.
0.
0.
0.
0.
0.
0.
0.
0.
0.
0.
0.
0.
0.
0.
0.
0.
0.
0.
0.
0.
0.
0.
0.
0.
0.
0.
0.
0.
0.
0.
0.
0.
0.
0.
0.
0.
0.
0.
0.
0.
0.
0.
0.
0.
0.
0.
0.
0.
0.
0.
-1000.
-1000.
-1000.
-1000.
-1000.
-1000.
-1000.
-1000.
-1000.
-994.207
-495.806
-5.74126
0.
0.
0.
0.
0.
0.
0.
0.
0.
0.
0.
0.
0.
0.
0.
0.
0.
0.
0.
0.
0.
0.
0.
0.
0.
0.
0.
0.
0.
0.
0.
0.
0.
0.
0.
0.
0.
0.
0.
0.
0.
0.
0.
0.
0.
0.
0.
0.
0.
0.
0.
0.
0.
0.
0.
0.
0.
0.
0.
0.
0.
0.
0.
0.
0.
0.
0.
0.
0.
-1000.
-1000.
-1000.
-1000.
-1000.
-1000.
-1000.
-1000.
-1000.
-1000.
-801.793
-93.1207
0.
0.
0.
0.
0.
0.
0.
0.
0.
0.
0.
0.
0.
0.
0.
0.
0.
0.
0.
0.
0.
0.
0.
0.
0.
0.
0.
0.
0.
0.
0.
0.
0.
0.
0.
0.
0.
0.
0.
0.
0.
0.
0.
0.
0.
0.
0.
0.
0.
0.
0.
0.
0.
0.
0.
0.
0.
0.
0.
0.
0.
0.
0.
0.
0.
0.
0.
0.
0.
-1000.
-1000.
-1000.
-1000.
-1000.
-1000.
-1000.
-1000.
-1000.
-1000.
-971.698
-375.925
-2.40728
0.
0.
0.
0.
0.
0.
0.
0.
0.
0.
0.
0.
0.
0.
0.
0.
0.
0.
0.
0.
0.
0.
0.
0.
0.
0.
0.
0.
0.
0.
0.
0.
0.
0.
0.
0.
0.
0.
0.
0.
0.
0.
0.
0.
0.
0.
0.
0.
0.
0.
0.
0.
0.
0.
0.
0.
0.
0.
0.
0.
0.
0.
0.
0.
0.
0.
0.
0.
-1000.
-1000.
-1000.
-1000.
-1000.
-1000.
-1000.
-1000.
-1000.
-1000.
-999.917
-772.361
-89.6387
0.
0.
0.
0.
0.
0.
0.
0.
0.
0.
0.
0.
0.
0.
0.
0.
0.
0.
0.
0.
0.
0.
0.
0.
0.
0.
0.
0.
0.
0.
0.
0.
0.
0.
0.
0.
0.
0.
0.
0.
0.
0.
0.
0.
0.
0.
0.
0.
0.
0.
0.
0.
0.
0.
0.
0.
0.
0.
0.
0.
0.
0.
0.
0.
0.
0.
0.
0.
-1000.
-1000.
-1000.
-1000.
-1000.
-1000.
-1000.
-1000.
-1000.
-1000.
-1000.
-977.068
-436.13
-7.81324
0.
0.
0.
0.
0.
0.
0.
0.
0.
0.
0.
0.
0.
0.
0.
0.
0.
0.
0.
0.
0.
0.
0.
0.
0.
0.
0.
0.
0.
0.
0.
0.
0.
0.
0.
0.
0.
0.
0.
0.
0.
0.
0.
0.
0.
0.
0.
0.
0.
0.
0.
0.
0.
0.
0.
0.
0.
0.
0.
0.
0.
0.
0.
0.
0.
0.
0.
-1000.
-1000.
-1000.
-1000.
-1000.
-1000.
-1000.
-1000.
-1000.
-1000.
-1000.
-999.992
-848.232
-156.105
-0.0113253
0.
0.
0.
0.
0.
0.
0.
0.
0.
0.
0.
0.
0.
0.
0.
0.
0.
0.
0.
0.
0.
0.
0.
0.
0.
0.
0.
0.
0.
0.
0.
0.
0.
0.
0.
0.
0.
0.
0.
0.
0.
0.
0.
0.
0.
0.
0.
0.
0.
0.
0.
0.
0.
0.
0.
0.
0.
0.
0.
0.
0.
0.
0.
0.
0.
0.
-1000.
-1000.
-1000.
-1000.
-1000.
-1000.
-1000.
-1000.
-1000.
-1000.
-1000.
-1000.
-992.726
-564.399
-21.3363
0.
0.
0.
0.
0.
0.
0.
0.
0.
0.
0.
0.
0.
0.
0.
0.
0.
0.
0.
0.
0.
0.
0.
0.
0.
0.
0.
0.
0.
0.
0.
0.
0.
0.
0.
0.
0.
0.
0.
0.
0.
0.
0.
0.
0.
0.
0.
0.
0.
0.
0.
0.
0.
0.
0.
0.
0.
0.
0.
0.
0.
0.
0.
0.
0.
0.
Process [4]
-1000.
-1000.
-1000.
-1000.
-1000.
-1000.
-1000.
-1000.
-1000.
-1000.
-1000.
-1000.
-1000.
-901.476
-202.164
-0.00327902
0.
0.
0.
0.
0.
0.
0.
0.
0.
0.
0.
0.
0.
0.
0.
0.
0.
0.
0.
0.
0.
0.
0.
0.
0.
0.
0.
0.
0.
0.
0.
0.
0.
0.
0.
0.
0.
0.
0.
0.
0.
0.
0.
0.
0.
0.
0.
0.
0.
0.
0.
0.
0.
0.
0.
0.
0.
0.
0.
0.
0.
0.
0.
0.
0.
-1000.
-1000.
-1000.
-1000.
-1000.
-1000.
-1000.
-1000.
-1000.
-1000.
-1000.
-1000.
-1000.
-995.695
-545.617
-10.5437
0.
0.
0.
0.
0.
0.
0.
0.
0.
0.
0.
0.
0.
0.
0.
0.
0.
0.
0.
0.
0.
0.
0.
0.
0.
0.
0.
0.
0.
0.
0.
0.
0.
0.
0.
0.
0.
0.
0.
0.
0.
0.
0.
0.
0.
0.
0.
0.
0.
0.
0.
0.
0.
0.
0.
0.
0.
0.
0.
0.
0.
0.
0.
0.
0.
-1000.
-1000.
-1000.
-1000.
-1000.
-1000.
-1000.
-1000.
-1000.
-1000.
-1000.
-1000.
-1000.
-1000.
-813.05
-87.9307
0.
0.
0.
0.
0.
0.
0.
0.
0.
0.
0.
0.
0.
0.
0.
0.
0.
0.
0.
0.
0.
0.
0.
0.
0.
0.
0.
0.
0.
0.
0.
0.
0.
0.
0.
0.
0.
0.
0.
0.
0.
0.
0.
0.
0.
0.
0.
0.
0.
0.
0.
0.
0.
0.
0.
0.
0.
0.
0.
0.
0.
0.
0.
0.
0.
-1000.
-1000.
-1000.
-1000.
-1000.
-1000.
-1000.
-1000.
-1000.
-1000.
-1000.
-1000.
-1000.
-1000.
-933.696
-210.298
0.
0.
0.
0.
0.
0.
0.
0.
0.
0.
0.
0.
0.
0.
0.
0.
0.
0.
0.
0.
0.
0.
0.
0.
0.
0.
0.
0.
0.
0.
0.
0.
0.
0.
0.
0.
0.
0.
0.
0.
0.
0.
0.
0.
0.
0.
0.
0.
0.
0.
0.
0.
0.
0.
0.
0.
0.
0.
0.
0.
0.
0.
0.
0.
0.
-1000.
-1000.
-1000.
-1000.
-1000.
-1000.
-1000.
-1000.
-1000.
-1000.
-1000.
-1000.
-1000.
-1000.
-974.628
-302.831
0.
0.
0.
0.
0.
0.
0.
0.
0.
0.
0.
0.
0.
0.
0.
0.
0.
0.
0.
0.
0.
0.
0.
0.
0.
0.
0.
0.
0.
0.
0.
0.
0.
0.
0.
0.
0.
0.
0.
0.
0.
0.
0.
0.
0.
0.
0.
0.
0.
0.
0.
0.
0.
0.
0.
0.
0.
0.
0.
0.
0.
0.
0.
0.
0.
-1000.
-1000.
-1000.
-1000.
-1000.
-1000.
-1000.
-1000.
-1000.
-1000.
-1000.
-1000.
-1000.
-1000.
-979.596
-318.836
0.
0.
0.
0.
0.
0.
0.
0.
0.
0.
0.
0.
0.
0.
0.
0.
0.
0.
0.
0.
0.
0.
0.
0.
0.
0.
0.
0.
0.
0.
0.
0.
0.
0.
0.
0.
0.
0.
0.
0.
0.
0.
0.
0.
0.
0.
0.
0.
0.
0.
0.
0.
0.
0.
0.
0.
0.
0.
0.
0.
0.
0.
0.
0.
0.
-1000.
-1000.
-1000.
-1000.
-1000.
-1000.
-1000.
-1000.
-1000.
-1000.
-1000.
-1000.
-1000.
-1000.
-955.173
-251.609
0.
0.
0.
0.
0.
0.
0.
0.
0.
0.
0.
0.
0.
0.
0.
0.
0.
0.
0.
0.
0.
0.
0.
0.
0.
0.
0.
0.
0.
0.
0.
0.
0.
0.
0.
0.
0.
0.
0.
0.
0.
0.
0.
0.
0.
0.
0.
0.
0.
0.
0.
0.
0.
0.
0.
0.
0.
0.
0.
0.
0.
0.
0.
0.
0.
-1000.
-1000.
-1000.
-1000.
-1000.
-1000.
-1000.
-1000.
-1000.
-1000.
-1000.
-1000.
-1000.
-1000.
-869.294
-132.043
0.
0.
0.
0.
0.
0.
0.
0.
0.
0.
0.
0.
0.
0.
0.
0.
0.
0.
0.
0.
0.
0.
0.
0.
0.
0.
0.
0.
0.
0.
0.
0.
0.
0.
0.
0.
0.
0.
0.
0.
0.
0.
0.
0.
0.
0.
0.
0.
0.
0.
0.
0.
0.
0.
0.
0.
0.
0.
0.
0.
0.
0.
0.
0.
0.
-1000.
-1000.
-1000.
-1000.
-1000.
-1000.
-1000.
-1000.
-1000.
-1000.
-1000.
-1000.
-1000.
-999.081
-645.861
-25.9999
0.
0.
0.
0.
0.
0.
0.
0.
0.
0.
0.
0.
0.
0.
0.
0.
0.
0.
0.
0.
0.
0.
0.
0.
0.
0.
0.
0.
0.
0.
0.
0.
0.
0.
0.
0.
0.
0.
0.
0.
0.
0.
0.
0.
0.
0.
0.
0.
0.
0.
0.
0.
0.
0.
0.
0.
0.
0.
0.
0.
0.
0.
0.
0.
0.
-1000.
-1000.
-1000.
-1000.
-1000.
-1000.
-1000.
-1000.
-1000.
-1000.
-1000.
-1000.
-1000.
-934.035
-276.027
-0.33599
0.
0.
0.
0.
0.
0.
0.
0.
0.
0.
0.
0.
0.
0.
0.
0.
0.
0.
0.
0.
0.
0.
0.
0.
0.
0.
0.
0.
0.
0.
0.
0.
0.
0.
0.
0.
0.
0.
0.
0.
0.
0.
0.
0.
0.
0.
0.
0.
0.
0.
0.
0.
0.
0.
0.
0.
0.
0.
0.
0.
0.
0.
0.
0.
0.
-1000.
-1000.
-1000.
-1000.
-1000.
-1000.
-1000.
-1000.
-1000.
-1000.
Process [5]
-1000.
-1000.
-988.968
-580.643
-32.2673
0.
0.
0.
0.
0.
0.
0.
0.
0.
0.
0.
0.
0.
0.
0.
0.
0.
0.
0.
0.
0.
0.
0.
0.
0.
0.
0.
0.
0.
0.
0.
0.
0.
0.
0.
0.
0.
0.
0.
0.
0.
0.
0.
0.
0.
0.
0.
0.
0.
0.
0.
0.
0.
0.
0.
0.
0.
0.
0.
0.
0.
0.
0.
0.
0.
0.
-1000.
-1000.
-1000.
-1000.
-1000.
-1000.
-1000.
-1000.
-1000.
-1000.
-1000.
-993.75
-722.486
-112.223
-0.0174259
0.
0.
0.
0.
0.
0.
0.
0.
0.
0.
0.
0.
0.
0.
0.
0.
0.
0.
0.
0.
0.
0.
0.
0.
0.
0.
0.
0.
0.
0.
0.
0.
0.
0.
0.
0.
0.
0.
0.
0.
0.
0.
0.
0.
0.
0.
0.
0.
0.
0.
0.
0.
0.
0.
0.
0.
0.
0.
0.
0.
0.
0.
0.
0.
0.
0.
-1000.
-1000.
-1000.
-1000.
-1000.
-1000.
-1000.
-1000.
-1000.
-1000.
-985.799
-706.578
-143.528
-0.746636
0.
0.
0.
0.
0.
0.
0.
0.
0.
0.
0.
0.
0.
0.
0.
0.
0.
0.
0.
0.
0.
0.
0.
0.
0.
0.
0.
0.
0.
0.
0.
0.
0.
0.
0.
0.
0.
0.
0.
0.
0.
0.
0.
0.
0.
0.
0.
0.
0.
0.
0.
0.
0.
0.
0.
0.
0.
0.
0.
0.
0.
0.
0.
0.
0.
0.
0.
-1000.
-1000.
-1000.
-1000.
-1000.
-1000.
-1000.
-1000.
-999.207
-931.526
-560.754
-98.3125
-0.531633
0.
0.
0.
0.
0.
0.
0.
0.
0.
0.
0.
0.
0.
0.
0.
0.
0.
0.
0.
0.
0.
0.
0.
0.
0.
0.
0.
0.
0.
0.
0.
0.
0.
0.
0.
0.
0.
0.
0.
0.
0.
0.
0.
0.
0.
0.
0.
0.
0.
0.
0.
0.
0.
0.
0.
0.
0.
0.
0.
0.
0.
0.
0.
0.
0.
0.
0.
0.
-1000.
-1000.
-1000.
-1000.
-1000.
-1000.
-997.302
-935.701
-693.54
-279.344
-29.8241
-0.00625717
0.
0.
0.
0.
0.
0.
0.
0.
0.
0.
0.
0.
0.
0.
0.
0.
0.
0.
0.
0.
0.
0.
0.
0.
0.
0.
0.
0.
0.
0.
0.
0.
0.
0.
0.
0.
0.
0.
0.
0.
0.
0.
0.
0.
0.
0.
0.
0.
0.
0.
0.
0.
0.
0.
0.
0.
0.
0.
0.
0.
0.
0.
0.
0.
0.
0.
0.
0.
0.
-999.967
-999.277
-993.56
-970.883
-909.954
-780.499
-542.347
-244.855
-47.4207
-0.654972
0.
0.
0.
0.
0.
0.
0.
0.
0.
0.
0.
0.
0.
0.
0.
0.
0.
0.
0.
0.
0.
0.
0.
0.
0.
0.
0.
0.
0.
0.
0.
0.
0.
0.
0.
0.
0.
0.
0.
0.
0.
0.
0.
0.
0.
0.
0.
0.
0.
0.
0.
0.
0.
0.
0.
0.
0.
0.
0.
0.
0.
0.
0.
0.
0.
0.
0.
0.
0.
0.
0.
-496.672
-468.229
-399.885
-295.39
-173.753
-65.8843
-7.66512
-0.00265143
0.
0.
0.
0.
0.
0.
0.
0.
0.
0.
0.
0.
0.
0.
0.
0.
0.
0.
0.
0.
0.
0.
0.
0.
0.
0.
0.
0.
0.
0.
0.
0.
0.
0.
0.
0.
0.
0.
0.
0.
0.
0.
0.
0.
0.
0.
0.
0.
0.
0.
0.
0.
0.
0.
0.
0.
0.
0.
0.
0.
0.
0.
0.
0.
0.
0.
0.
0.
0.
0.
0.
0.
0.
-0.00549093
-0.000116842
0.
0.
0.
0.
0.
0.
0.
0.
0.
0.
0.
0.
0.
0.
0.
0.
0.
0.
0.
0.
0.
0.
0.
0.
0.
0.
0.
0.
0.
0.
0.
0.
0.
0.
0.
0.
0.
0.
0.
0.
0.
0.
0.
0.
0.
0.
0.
0.
0.
0.
0.
0.
0.
0.
0.
0.
0.
0.
0.
0.
0.
0.
0.
0.
0.
0.
0.
0.
0.
0.
0.
0.
0.
0.
0.
0.
0.
0.
0.
0.
0.
0.
0.
0.
0.
0.
0.
0.
0.
0.
0.
0.
0.
0.
0.
0.
0.
0.
0.
0.
0.
0.
0.
0.
0.
0.
0.
0.
0.
0.
0.
0.
0.
0.
0.
0.
0.
0.
0.
0.
0.
0.
0.
0.
0.
0.
0.
0.
0.
0.
0.
0.
0.
0.
0.
0.
0.
0.
0.
0.
0.
0.
0.
0.
0.
0.
0.
0.
0.
0.
0.
0.
0.
0.
0.
0.
0.
0.
0.
0.
0.
0.
0.
0.
0.
0.
0.
0.
0.
0.
0.
0.
0.
0.
0.
0.
0.
0.
0.
0.
0.
0.
0.
0.
0.
0.
0.
0.
0.
0.
0.
0.
0.
0.
0.
0.
0.
0.
0.
0.
0.
0.
0.
0.
0.
0.
0.
0.
0.
0.
0.
0.
0.
0.
0.
0.
0.
0.
0.
0.
0.
0.
0.
0.
0.
0.
0.
0.
0.
0.
0.
0.
0.
0.
0.
0.
0.
0.
0.
0.
0.
Process [6]
0.
0.
0.
0.
0.
0.
0.
0.
0.
0.
0.
0.
0.
0.
0.
0.
0.
0.
0.
0.
0.
0.
0.
0.
0.
0.
0.
0.
0.
0.
0.
0.
0.
0.
0.
0.
0.
0.
0.
0.
0.
0.
0.
0.
0.
0.
0.
0.
0.
0.
0.
0.
0.
0.
0.
0.
0.
0.
0.
0.
0.
0.
0.
0.
0.
0.
0.
0.
0.
0.
0.
0.
0.
0.
0.
0.
0.
0.
0.
0.
0.
0.
0.
0.
0.
0.
0.
0.
0.
0.
0.
0.
0.
0.
0.
0.
0.
0.
0.
0.
0.
0.
0.
0.
0.
0.
0.
0.
0.
0.
0.
0.
0.
0.
0.
0.
0.
0.
0.
0.
0.
0.
0.
0.
0.
0.
0.
0.
0.
0.
0.
0.
0.
0.
0.
0.
0.
0.
0.
0.
0.
0.
0.
0.
0.
0.
0.
0.
0.
0.
0.
0.
0.
0.
0.
0.
0.
0.
0.
0.
0.
0.
0.
0.
0.
0.
0.
0.
0.
0.
0.
0.
0.
0.
0.
0.
0.
0.
0.
0.
0.
0.
0.
0.
0.
0.
0.
0.
0.
0.
0.
0.
0.
0.
0.
0.
0.
0.
0.
0.
0.
0.
0.
0.
0.
0.
0.
0.
0.
0.
0.
0.
0.
0.
0.
0.
0.
0.
0.
0.
0.
0.
0.
0.
0.
0.
0.
0.
0.
0.
0.
0.
0.
0.
0.
0.
0.
0.
0.
0.
0.
0.
0.
0.
0.
0.
0.
0.
0.
0.
0.
0.
0.
0.
0.
0.
0.
0.
0.
0.
0.
0.
0.
0.
0.
0.
0.
0.
0.
0.
0.
0.
0.
0.
0.
0.
0.
0.
0.
0.
0.
0.
0.
0.
0.
0.
0.
0.
0.
0.
0.
0.
0.
0.
0.
0.
0.
0.
0.
0.
0.
0.
0.
0.
0.
0.
0.
0.
0.
0.
0.
0.
0.
0.
0.
0.
0.
0.
0.
0.
0.
0.
0.
0.
0.
0.
0.
0.
0.
0.
0.
0.
0.
0.
0.
0.
0.
0.
0.
0.
0.
0.
0.
0.
0.
0.
0.
0.
0.
0.
0.
0.
0.
0.
0.
0.
0.
0.
0.
0.
0.
0.
0.
0.
0.
0.
0.
0.
0.
0.
0.
0.
0.
0.
0.
0.
0.
0.
0.
0.
0.
0.
0.
0.
0.
0.
0.
0.
0.
0.
0.
0.
0.
0.
0.
0.
0.
0.
0.
0.
0.
0.
0.
0.
0.
0.
0.
0.
0.
0.
0.
0.
0.
0.
0.
0.
0.
0.
0.
0.
0.
0.
0.
0.
0.
0.
0.
0.
0.
0.
0.
0.
0.
0.
0.
0.
0.
0.
0.
0.
0.
0.
0.
0.
0.
0.
0.
0.
0.
0.
0.
0.
0.
0.
0.
0.
0.
0.
0.
0.
0.
0.
0.
0.
0.
0.
0.
0.
0.
0.
0.
0.
0.
0.
0.
0.
0.
0.
0.
0.
0.
0.
0.
0.
0.
0.
0.
0.
0.
0.
0.
0.
0.
0.
0.
0.
0.
0.
0.
0.
0.
0.
0.
0.
0.
0.
0.
0.
0.
0.
0.
0.
0.
0.
0.
0.
0.
0.
0.
0.
0.
0.
0.
0.
0.
0.
0.
0.
0.
0.
0.
0.
0.
0.
0.
0.
0.
0.
0.
0.
0.
0.
0.
0.
0.
0.
0.
0.
0.
0.
0.
0.
0.
0.
0.
0.
0.
0.
0.
0.
0.
0.
0.
0.
0.
0.
0.
0.
0.
0.
0.
0.
0.
0.
0.
0.
0.
0.
0.
0.
0.
0.
0.
0.
0.
0.
0.
0.
0.
0.
0.
0.
0.
0.
0.
0.
0.
0.
0.
0.
0.
0.
0.
0.
0.
0.
0.
0.
0.
0.
0.
0.
0.
0.
0.
0.
0.
0.
0.
0.
0.
0.
0.
0.
0.
0.
0.
0.
0.
0.
0.
0.
0.
0.
0.
0.
0.
0.
0.
0.
0.
0.
0.
0.
0.
0.
0.
0.
0.
0.
0.
0.
0.
0.
0.
0.
0.
0.
0.
0.
0.
0.
0.
0.
0.
0.
0.
0.
0.
0.
0.
0.
0.
0.
0.
0.
0.
0.
0.
0.
0.
0.
0.
0.
0.
0.
0.
0.
0.
0.
0.
0.
0.
0.
0.
0.
0.
0.
0.
0.
0.
0.
0.
0.
0.
0.
0.
0.
0.
0.
0.
0.
0.
0.
0.
0.
0.
0.
0.
0.
0.
0.
0.
0.
0.
0.
0.
0.
0.
0.
0.
0.
0.
0.
0.
0.
0.
0.
0.
0.
0.
0.
0.
0.
0.
0.
0.
0.
0.
0.
0.
0.
0.
0.
0.
0.
0.
0.
0.
0.
0.
0.
0.
0.
0.
0.
0.
0.
0.
0.
0.
0.
0.
0.
0.
0.
0.
0.
0.
0.
0.
0.
0.
0.
0.
0.
0.
0.
0.
0.
0.
0.
0.
0.
0.
0.
0.
0.
0.
0.
0.
0.
0.
0.
0.
0.
0.
0.
0.
0.
0.
0.
0.
0.
0.
0.
0.
0.
0.
0.
Process [7]
0.
0.
0.
0.
0.
0.
0.
0.
0.
0.
0.
0.
0.
0.
0.
0.
0.
0.
0.
0.
0.
0.
0.
0.
0.
0.
0.
0.
0.
0.
0.
0.
0.
0.
0.
0.
0.
0.
0.
0.
0.
0.
0.
0.
0.
0.
0.
0.
0.
0.
0.
0.
0.
0.
0.
0.
0.
0.
0.
0.
0.
0.
0.
0.
0.
0.
0.
0.
0.
0.
0.
0.
0.
0.
0.
0.
0.
0.
0.
0.
0.
0.
0.
0.
0.
0.
0.
0.
0.
0.
0.
0.
0.
0.
0.
0.
0.
0.
0.
0.
0.
0.
0.
0.
0.
0.
0.
0.
0.
0.
0.
0.
0.
0.
0.
0.
0.
0.
0.
0.
0.
0.
0.
0.
0.
0.
0.
0.
0.
0.
0.
0.
0.
0.
0.
0.
0.
0.
0.
0.
0.
0.
0.
0.
0.
0.
0.
0.
0.
0.
0.
0.
0.
0.
0.
0.
0.
0.
0.
0.
0.
0.
0.
0.
0.
0.
0.
0.
0.
0.
0.
0.
0.
0.
0.
0.
0.
0.
0.
0.
0.
0.
0.
0.
0.
0.
0.
0.
0.
0.
0.
0.
0.
0.
0.
0.
0.
0.
0.
0.
0.
0.
0.
0.
0.
0.
0.
0.
0.
0.
0.
0.
0.
0.
0.
0.
0.
0.
0.
0.
0.
0.
0.
0.
0.
0.
0.
0.
0.
0.
0.
0.
0.
0.
0.
0.
0.
0.
0.
0.
0.
0.
0.
0.
0.
0.
0.
0.
0.
0.
0.
0.
0.
0.
0.
0.
0.
0.
0.
0.
0.
0.
0.
0.
0.
0.
0.
0.
0.
0.
0.
0.
0.
0.
0.
0.
0.
0.
0.
0.
0.
0.
0.
0.
0.
0.
0.
0.
0.
0.
0.
0.
0.
0.
0.
0.
0.
0.
0.
0.
0.
0.
0.
0.
0.
0.
0.
0.
0.
0.
0.
0.
0.
0.
0.
0.
0.
0.
0.
0.
0.
0.
0.
0.
0.
0.
0.
0.
0.
0.
0.
0.
0.
0.
0.
0.
0.
0.
0.
0.
0.
0.
0.
0.
0.
0.
0.
0.
0.
0.
0.
0.
0.
0.
0.
0.
0.
0.
0.
0.
0.
0.
0.
0.
0.
0.
0.
0.
0.
0.
0.
0.
0.
0.
0.
0.
0.
0.
0.
0.
0.
0.
0.
0.
0.
0.
0.
0.
0.
0.
0.
0.
0.
0.
0.
0.
0.
0.
0.
0.
0.
0.
0.
0.
0.
0.
0.
0.
0.
0.
0.
0.
0.
0.
0.
0.
0.
0.
0.
0.
0.
0.
0.
0.
0.
0.
0.
0.
0.
0.
0.
0.
0.
0.
0.
0.
0.
0.
0.
0.
0.
0.
0.
0.
0.
0.
0.
0.
0.
0.
0.
0.
0.
0.
0.
0.
0.
0.
0.
0.
0.
0.
0.
0.
0.
0.
0.
0.
0.
0.
0.
0.
0.
0.
0.
0.
0.
0.
0.
0.
0.
0.
0.
0.
0.
0.
0.
0.
0.
0.
0.
0.
0.
0.
0.
0.
0.
0.
0.
0.
0.
0.
0.
0.
0.
0.
0.
0.
0.
0.
0.
0.
0.
0.
0.
0.
0.
0.
0.
0.
0.
0.
0.
0.
0.
0.
0.
0.
0.
0.
0.
0.
0.
0.
0.
0.
0.
0.
0.
0.
0.
0.
0.
0.
0.
0.
0.
0.
0.
0.
0.
0.
0.
0.
0.
0.
0.
0.
0.
0.
0.
0.
0.
0.
0.
0.
0.
0.
0.
0.
0.
0.
0.
0.
0.
0.
0.
0.
0.
0.
0.
0.
0.
0.
0.
0.
0.
0.
0.
0.
0.
0.
0.
0.
0.
0.
0.
0.
0.
0.
0.
0.
0.
0.
0.
0.
0.
0.
0.
0.
0.
0.
0.
0.
0.
0.
0.
0.
0.
0.
0.
0.
0.
0.
0.
0.
0.
0.
0.
0.
0.
0.
0.
0.
0.
0.
0.
0.
0.
0.
0.
0.
0.
0.
0.
0.
0.
0.
0.
0.
0.
0.
0.
0.
0.
0.
0.
0.
0.
0.
0.
0.
0.
0.
0.
0.
0.
0.
0.
0.
0.
0.
0.
0.
0.
0.
0.
0.
0.
0.
0.
0.
0.
0.
0.
0.
0.
0.
0.
0.
0.
0.
0.
0.
0.
0.
0.
0.
0.
0.
0.
0.
0.
0.
0.
0.
0.
0.
0.
0.
0.
0.
0.
0.
0.
0.
0.
0.
0.
0.
0.
0.
0.
0.
0.
0.
0.
0.
0.
0.
0.
0.
0.
0.
0.
0.
0.
0.
0.
0.
0.
0.
0.
0.
0.
0.
0.
0.
0.
0.
0.
0.
0.
0.
0.
0.
0.
0.
0.
0.
0.
0.
0.
0.
0.
0.
0.
0.
0.
0.
0.
0.
0.
0.
0.
0.
0.
0.
0.
0.
0.
0.
0.
0.
0.
0.
0.
0.
0.
0.
0.
0.
0.
0.
0.
0.
0.
0.
0.
0.
