Vec Object: Vec_0x84000004_5 8 MPI processes
  type: mpi
Process [0]
-1000.
-1000.
-1000.
-1000.
-1000.
-1000.
-1000.
-1000.
-1000.
-1000.
-1000.
-1000.
-1000.
-1000.
-1000.
-1000.
-1000.
-1000.
-1000.
-1000.
-1000.
-1000.
-1000.
-1000.
-1000.
-1000.
-1000.
-1000.
-1000.
-1000.
-1000.
-1000.
-1000.
-1000.
-1000.
-1000.
-1000.
-1000.
-1000.
-1000.
-1000.
-1000.
-1000.
-1000.
-1000.
-1000.
-1000.
-1000.
-1000.
-1000.
-1000.
-1000.
-1000.
-1000.
-1000.
-1000.
-1000.
-1000.
-1000.
-1000.
-1000.
-1000.
-1000.
-1000.
-1000.
-1000.
-1000.
-1000.
-1000.
-1000.
-1000.
-1000.
-1000.
-1000.
-1000.
-1000.
-1000.
-1000.
-1000.
-1000.
-1000.
-1000.
-1000.
-1000.
-1000.
-1000.
-1000.
-1000.
-1000.
-1000.
-1000.
-1000.
-1000.
-1000.
-1000.
-1000.
-1000.
-1000.
-1000.
-1000.
-1000.
-1000.
-1000.
-1000.
-1000.
-1000.
-1000.
-1000.
-1000.
-1000.
-1000.
-1000.
-1000.
-1000.
-1000.
-1000.
-1000.
-1000.
-1000.
-1000.
-1000.
-1000.
-1000.
-1000.
-1000.
-1000.
-1000.
-1000.
-1000.
-1000.
-1000.
-1000.
-1000.
-1000.
-1000.
-1000.
-1000.
-1000.
-1000.
-1000.
-1000.
-1000.
-1000.
-1000.
-1000.
-1000.
-1000.
-1000.
-1000.
-1000.
-1000.
-1000.
-1000.
-1000.
-1000.
-1000.
-1000.
-1000.
-1000.
-1000.
-1000.
-1000.
-1000.
-1000.
-1000.
-1000.
-1000.
-1000.
-1000.
-1000.
-1000.
-1000.
-1000.
-1000.
-1000.
-1000.
-1000.
-1000.
-1000.
-1000.
-1000.
-1000.
-1000.
-1000.
-1000.
-1000.
-1000.
-1000.
-1000.
-1000.
-1000.
-1000.
-1000.
-1000.
-1000.
-1000.
-1000.
-1000.
-1000.
-1000.
-1000.
-1000.
-1000.
-1000.
-1000.
-1000.
-1000.
-1000.
-1000.
-1000.
-1000.
-1000.
-1000.
-1000.
-1000.
-1000.
-1000.
-1000.
-1000.
-1000.
-1000.
-1000.
-1000.
-1000.
-1000.
-1000.
-1000.
-1000.
-1000.
-1000.
-1000.
-1000.
-1000.
-1000.
-1000.
-1000.
-1000.
-1000.
-1000.
-1000.
-1000.
-1000.
-1000.
-1000.
-1000.
-1000.
-1000.
-1000.
-1000.
-1000.
-1000.
-1000.
-1000.
-1000.
-1000.
-1000.
-1000.
-1000.
-1000.
-1000.
-1000.
-1000.
-1000.
-1000.
-1000.
-1000.
-1000.
-1000.
-1000.
-1000.
-1000.
-1000.
-1000.
-1000.
-1000.
-1000.
-1000.
-1000.
-1000.
-1000.
-1000.
-1000.
-1000.
-1000.
-1000.
-1000.
-1000.
-1000.
-1000.
-1000.
-1000.
-1000.
-1000.
-1000.
-1000.
-1000.
-1000.
-1000.
-1000.
-1000.
-1000.
-1000.
-1000.
-1000.
-1000.
-1000.
-1000.
-1000.
-1000.
-1000.
-1000.
-1000.
-1000.
-1000.
-1000.
-1000.
-1000.
-1000.
-1000.
-1000.
-1000.
-1000.
-1000.
-1000.
-1000.
-1000.
-1000.
-1000.
-1000.
-1000.
-1000.
-1000.
-1000.
-1000.
-1000.
-1000.
-1000.
-1000.
-1000.
-1000.
-1000.
-1000.
-1000.
-1000.
-1000.
-1000.
-1000.
-1000.
-1000.
-1000.
-1000.
-1000.
-1000.
-1000.
-1000.
-1000.
-1000.
-1000.
-1000.
-1000.
-1000.
-1000.
-1000.
-1000.
-1000.
-1000.
-1000.
-1000.
-1000.
-1000.
-1000.
-1000.
-1000.
-1000.
-1000.
-1000.
-1000.
-1000.
-1000.
-1000.
-1000.
-1000.
-1000.
-1000.
-1000.
-1000.
-1000.
-1000.
-1000.
-1000.
-1000.
-1000.
-1000.
-1000.
-1000.
-1000.
-1000.
-1000.
-1000.
-1000.
-1000.
-1000.
-1000.
-1000.
-1000.
-1000.
-1000.
-1000.
-1000.
-1000.
-1000.
-1000.
-1000.
-1000.
-1000.
-1000.
-1000.
-1000.
-1000.
-1000.
-1000.
-1000.
-1000.
-1000.
-1000.
-1000.
-1000.
-1000.
-1000.
-1000.
-1000.
-1000.
-1000.
-1000.
-1000.
-1000.
-1000.
-1000.
-1000.
-1000.
-1000.
-1000.
-1000.
-1000.
-1000.
-1000.
-1000.
-1000.
-1000.
-1000.
-1000.
-1000.
-1000.
-1000.
-1000.
-1000.
-1000.
-1000.
-1000.
-1000.
-1000.
-1000.
-1000.
-1000.
-1000.
-1000.
-1000.
-1000.
-1000.
-1000.
-1000.
-1000.
-1000.
-1000.
-1000.
-1000.
-1000.
-1000.
-1000.
-1000.
-1000.
-1000.
-1000.
-1000.
-1000.
-1000.
-1000.
-1000.
-1000.
-1000.
-1000.
-1000.
-1000.
-1000.
-1000.
-1000.
-1000.
-1000.
-1000.
-1000.
-1000.
-1000.
-1000.
-1000.
-1000.
-1000.
-1000.
-1000.
-1000.
-1000.
-1000.
-1000.
-1000.
-1000.
-1000.
-1000.
-1000.
-1000.
-1000.
-1000.
-1000.
-1000.
-1000.
-1000.
-1000.
-1000.
-1000.
-1000.
-1000.
-1000.
-1000.
-1000.
-1000.
-1000.
-1000.
-1000.
-1000.
-1000.
-1000.
-1000.
-1000.
-1000.
-1000.
-1000.
-1000.
-1000.
-1000.
-1000.
-1000.
-1000.
-1000.
-1000.
-1000.
-1000.
-1000.
-1000.
-1000.
-1000.
-1000.
-1000.
-1000.
-1000.
-1000.
-1000.
-1000.
-1000.
-1000.
-1000.
-1000.
-1000.
-1000.
-1000.
-1000.
-1000.
-1000.
-1000.
-1000.
-1000.
-1000.
-1000.
-1000.
-1000.
-1000.
-1000.
-1000.
-1000.
-1000.
-1000.
-1000.
-1000.
-1000.
-1000.
-1000.
-1000.
-1000.
-1000.
-1000.
-1000.
-1000.
-1000.
-1000.
-1000.
-1000.
-1000.
-1000.
-1000.
-1000.
-1000.
-1000.
-1000.
-1000.
-1000.
-1000.
-1000.
-1000.
-1000.
-1000.
-1000.
-1000.
-1000.
-1000.
-1000.
-1000.
-1000.
-1000.
-1000.
-1000.
-1000.
-1000.
-1000.
-1000.
-1000.
-1000.
-1000.
-1000.
-1000.
-1000.
-1000.
-1000.
-1000.
-1000.
-1000.
-1000.
-1000.
-1000.
-1000.
-1000.
-1000.
-1000.
-1000.
-1000.
-1000.
-1000.
-1000.
-1000.
-1000.
-1000.
-1000.
-1000.
-1000.
-1000.
-1000.
-1000.
-1000.
-1000.
-1000.
-1000.
-1000.
-1000.
-1000.
-999.762
-994.574
-980.57
-963.403
-947.389
-934.881
-926.94
-923.74
-925.009
-930.286
-938.165
-948.274
-959.362
-970.46
-980.748
-989.427
-995.853
-999.282
-999.994
-1000.
-1000.
-1000.
-1000.
-1000.
-1000.
-1000.
-1000.
-1000.
-1000.
-1000.
-1000.
-1000.
-1000.
-1000.
-1000.
-1000.
-1000.
-1000.
-1000.
-1000.
-1000.
-1000.
-1000.
-1000.
-1000.
-1000.
-1000.
-1000.
-1000.
-1000.
-1000.
-1000.
-1000.
-1000.
-1000.
-1000.
-1000.
-1000.
-1000.
-1000.
-1000.
-1000.
-1000.
-1000.
-1000.
-1000.
-1000.
-1000.
-1000.
-1000.
-1000.
-1000.
-1000.
-1000.
-1000.
-1000.
-999.996
-992.349
-931.805
-815.607
-675.479
-533.17
-412.155
-325.613
-267.409
-228.779
-204.423
-190.808
-185.698
-187.688
-196.354
-210.282
-230.326
-255.936
-287.122
-324.01
-366.768
-416.131
-471.748
-531.896
-592.034
-649.838
-704.281
-754.883
-801.244
-843.437
-881.114
-913.394
-940.446
-962.335
-979.132
-990.936
-997.721
-999.845
-1000.
-1000.
-1000.
-1000.
-1000.
-1000.
-1000.
-1000.
-1000.
-1000.
-1000.
-1000.
-1000.
-1000.
-1000.
-1000.
-1000.
-1000.
-1000.
-1000.
-1000.
-1000.
-1000.
-1000.
-1000.
-1000.
-1000.
-1000.
-1000.
-1000.
-1000.
-1000.
-1000.
-1000.
-1000.
-1000.
-1000.
-1000.
-1000.
-1000.
-1000.
-999.699
-959.904
-764.454
-460.321
-216.732
-83.9964
-22.265
-2.10854
-0.00205654
0.
0.
0.
0.
0.
0.
0.
0.
0.
0.
0.
0.
0.
0.
0.
-0.00889212
-0.865497
-5.09169
-13.7751
-27.1934
-45.5188
-68.8917
-97.657
-132.045
-171.374
-215.575
-264.673
Process [1]
-318.447
-376.965
-440.338
-505.747
-569.407
-628.102
-681.823
-729.231
-771.229
-810.424
-843.415
-871.795
-898.399
-918.253
-937.765
-951.305
-964.994
-973.428
-982.444
-987.679
-992.05
-995.879
-997.758
-998.697
-999.653
-999.979
-1000.
-1000.
-1000.
-1000.
-1000.
-1000.
-1000.
-1000.
-1000.
-1000.
-1000.
-1000.
-1000.
-1000.
-1000.
-1000.
-1000.
-1000.
-985.993
-773.435
-339.351
-70.8972
-2.99972
0.
0.
0.
0.
0.
0.
0.
0.
0.
0.
0.
0.
0.
0.
0.
0.
0.
0.
0.
0.
0.
0.
0.
0.
0.
0.
0.
0.
0.
0.
0.
0.
0.
0.
0.
-0.270283
-3.04532
-9.8431
-20.8591
-35.384
-52.7911
-74.1475
-97.502
-122.14
-151.186
-177.799
-209.587
-237.031
-270.58
-296.261
-330.569
-355.241
-382.278
-413.801
-435.059
-450.684
-474.847
-496.655
-514.82
-528.056
-536.123
-538.814
-1000.
-1000.
-1000.
-1000.
-1000.
-1000.
-1000.
-1000.
-1000.
-1000.
-1000.
-1000.
-1000.
-964.177
-577.513
-107.232
-1.90411
0.
0.
0.
0.
0.
0.
0.
0.
0.
0.
0.
0.
0.
0.
0.
0.
0.
0.
0.
0.
0.
0.
0.
0.
0.
0.
0.
0.
0.
0.
0.
0.
0.
0.
0.
0.
0.
0.
0.
0.
0.
0.
0.
0.
0.
0.
0.
0.
0.
0.
0.
0.
0.
0.
0.
0.
0.
0.
0.
-0.00246519
-0.123554
-0.400967
-0.685964
-0.796449
-1000.
-1000.
-1000.
-1000.
-1000.
-1000.
-1000.
-1000.
-1000.
-1000.
-1000.
-1000.
-972.393
-527.844
-48.5197
-0.00434686
0.
0.
0.
0.
0.
0.
0.
0.
0.
0.
0.
0.
0.
0.
0.
0.
0.
0.
0.
0.
0.
0.
0.
0.
0.
0.
0.
0.
0.
0.
0.
0.
0.
0.
0.
0.
0.
0.
0.
0.
0.
0.
0.
0.
0.
0.
0.
0.
0.
0.
0.
0.
0.
0.
0.
0.
0.
0.
0.
0.
0.
0.
0.
0.
0.
-1000.
-1000.
-1000.
-1000.
-1000.
-1000.
-1000.
-1000.
-1000.
-1000.
-1000.
-995.303
-656.066
-63.4957
0.
0.
0.
0.
0.
0.
0.
0.
0.
0.
0.
0.
0.
0.
0.
0.
0.
0.
0.
0.
0.
0.
0.
0.
0.
0.
0.
0.
0.
0.
0.
0.
0.
0.
0.
0.
0.
0.
0.
0.
0.
0.
0.
0.
0.
0.
0.
0.
0.
0.
0.
0.
0.
0.
0.
0.
0.
0.
0.
0.
0.
0.
0.
0.
0.
0.
0.
-1000.
-1000.
-1000.
-1000.
-1000.
-1000.
-1000.
-1000.
-1000.
-1000.
-1000.
-876.431
-184.941
-0.114586
0.
0.
0.
0.
0.
0.
0.
0.
0.
0.
0.
0.
0.
0.
0.
0.
0.
0.
0.
0.
0.
0.
0.
0.
0.
0.
0.
0.
0.
0.
0.
0.
0.
0.
0.
0.
0.
0.
0.
0.
0.
0.
0.
0.
0.
0.
0.
0.
0.
0.
0.
0.
0.
0.
0.
0.
0.
0.
0.
0.
0.
0.
0.
0.
0.
0.
0.
-1000.
-1000.
-1000.
-1000.
-1000.
-1000.
-1000.
-1000.
-1000.
-1000.
-994.768
-539.297
-13.4638
0.
0.
0.
0.
0.
0.
0.
0.
0.
0.
0.
0.
0.
0.
0.
0.
0.
0.
0.
0.
0.
0.
0.
0.
0.
0.
0.
0.
0.
0.
0.
0.
0.
0.
0.
0.
0.
0.
0.
0.
0.
0.
0.
0.
0.
0.
0.
0.
0.
0.
0.
0.
0.
0.
0.
0.
0.
0.
0.
0.
0.
0.
0.
0.
0.
0.
0.
0.
-1000.
-1000.
-1000.
-1000.
-1000.
-1000.
-1000.
-1000.
-1000.
-1000.
-923.032
-213.688
-0.0001595
0.
0.
0.
0.
0.
0.
0.
0.
0.
0.
0.
0.
0.
0.
0.
0.
0.
0.
0.
0.
0.
0.
0.
0.
0.
0.
0.
0.
0.
0.
0.
0.
0.
0.
0.
0.
0.
0.
0.
0.
0.
0.
0.
0.
0.
0.
0.
0.
0.
0.
0.
0.
0.
0.
0.
0.
0.
0.
0.
0.
0.
0.
0.
0.
0.
0.
0.
0.
-1000.
-1000.
-1000.
-1000.
-1000.
-1000.
-1000.
-1000.
-1000.
-1000.
-758.965
-56.3721
0.
0.
0.
0.
0.
0.
0.
0.
0.
0.
0.
0.
0.
0.
0.
0.
0.
0.
0.
0.
0.
0.
0.
0.
0.
0.
0.
0.
0.
0.
0.
0.
0.
0.
0.
0.
0.
0.
0.
0.
0.
0.
0.
0.
0.
0.
0.
0.
0.
0.
0.
0.
0.
0.
0.
0.
0.
0.
0.
0.
0.
0.
0.
0.
0.
0.
0.
0.
0.
-1000.
-1000.
-1000.
-1000.
-1000.
-1000.
-1000.
-1000.
-1000.
-999.593
-559.676
-5.68249
0.
0.
0.
0.
0.
0.
0.
0.
0.
0.
0.
0.
0.
0.
0.
0.
0.
0.
0.
0.
0.
0.
0.
0.
0.
0.
0.
0.
0.
0.
0.
0.
0.
0.
0.
0.
0.
0.
0.
0.
0.
0.
0.
0.
0.
0.
0.
0.
0.
0.
0.
0.
0.
0.
0.
0.
0.
0.
0.
0.
0.
0.
0.
0.
0.
0.
0.
0.
0.
-1000.
-1000.
-1000.
-1000.
-1000.
-1000.
-1000.
-1000.
-1000.
-989.88
-384.236
-0.0126273
0.
0.
0.
0.
0.
0.
0.
0.
0.
0.
0.
0.
0.
0.
0.
0.
0.
0.
0.
0.
0.
0.
0.
0.
0.
0.
0.
0.
0.
0.
0.
0.
0.
0.
0.
0.
0.
0.
0.
0.
0.
0.
0.
0.
0.
0.
0.
0.
0.
0.
0.
0.
0.
0.
0.
0.
0.
0.
0.
0.
0.
0.
0.
0.
0.
0.
0.
0.
0.
Process [2]
-1000.
-1000.
-1000.
-1000.
-1000.
-1000.
-1000.
-1000.
-1000.
-964.439
-273.538
0.
0.
0.
0.
0.
0.
0.
0.
0.
0.
0.
0.
0.
0.
0.
0.
0.
0.
0.
0.
0.
0.
0.
0.
0.
0.
0.
0.
0.
0.
0.
0.
0.
0.
0.
0.
0.
0.
0.
0.
0.
0.
0.
0.
0.
0.
0.
0.
0.
0.
0.
0.
0.
0.
0.
0.
0.
0.
0.
0.
0.
0.
0.
0.
0.
0.
0.
0.
0.
0.
-1000.
-1000.
-1000.
-1000.
-1000.
-1000.
-1000.
-1000.
-1000.
-937.322
-209.884
0.
0.
0.
0.
0.
0.
0.
0.
0.
0.
0.
0.
0.
0.
0.
0.
0.
0.
0.
0.
0.
0.
0.
0.
0.
0.
0.
0.
0.
0.
0.
0.
0.
0.
0.
0.
0.
0.
0.
0.
0.
0.
0.
0.
0.
0.
0.
0.
0.
0.
0.
0.
0.
0.
0.
0.
0.
0.
0.
0.
0.
0.
0.
0.
0.
0.
0.
0.
0.
0.
-1000.
-1000.
-1000.
-1000.
-1000.
-1000.
-1000.
-1000.
-1000.
-919.963
-180.365
0.
0.
0.
0.
0.
0.
0.
0.
0.
0.
0.
0.
0.
0.
0.
0.
0.
0.
0.
0.
0.
0.
0.
0.
0.
0.
0.
0.
0.
0.
0.
0.
0.
0.
0.
0.
0.
0.
0.
0.
0.
0.
0.
0.
0.
0.
0.
0.
0.
0.
0.
0.
0.
0.
0.
0.
0.
0.
0.
0.
0.
0.
0.
0.
0.
0.
0.
0.
0.
0.
-1000.
-1000.
-1000.
-1000.
-1000.
-1000.
-1000.
-1000.
-1000.
-917.829
-177.263
0.
0.
0.
0.
0.
0.
0.
0.
0.
0.
0.
0.
0.
0.
0.
0.
0.
0.
0.
0.
0.
0.
0.
0.
0.
0.
0.
0.
0.
0.
0.
0.
0.
0.
0.
0.
0.
0.
0.
0.
0.
0.
0.
0.
0.
0.
0.
0.
0.
0.
0.
0.
0.
0.
0.
0.
0.
0.
0.
0.
0.
0.
0.
0.
0.
0.
0.
0.
0.
0.
-1000.
-1000.
-1000.
-1000.
-1000.
-1000.
-1000.
-1000.
-1000.
-929.12
-194.931
0.
0.
0.
0.
0.
0.
0.
0.
0.
0.
0.
0.
0.
0.
0.
0.
0.
0.
0.
0.
0.
0.
0.
0.
0.
0.
0.
0.
0.
0.
0.
0.
0.
0.
0.
0.
0.
0.
0.
0.
0.
0.
0.
0.
0.
0.
0.
0.
0.
0.
0.
0.
0.
0.
0.
0.
0.
0.
0.
0.
0.
0.
0.
0.
0.
0.
0.
0.
0.
0.
-1000.
-1000.
-1000.
-1000.
-1000.
-1000.
-1000.
-1000.
-1000.
-952.088
-240.454
0.
0.
0.
0.
0.
0.
0.
0.
0.
0.
0.
0.
0.
0.
0.
0.
0.
0.
0.
0.
0.
0.
0.
0.
0.
0.
0.
0.
0.
0.
0.
0.
0.
0.
0.
0.
0.
0.
0.
0.
0.
0.
0.
0.
0.
0.
0.
0.
0.
0.
0.
0.
0.
0.
0.
0.
0.
0.
0.
0.
0.
0.
0.
0.
0.
0.
0.
0.
0.
0.
-1000.
-1000.
-1000.
-1000.
-1000.
-1000.
-1000.
-1000.
-1000.
-978.442
-320.598
0.
0.
0.
0.
0.
0.
0.
0.
0.
0.
0.
0.
0.
0.
0.
0.
0.
0.
0.
0.
0.
0.
0.
0.
0.
0.
0.
0.
0.
0.
0.
0.
0.
0.
0.
0.
0.
0.
0.
0.
0.
0.
0.
0.
0.
0.
0.
0.
0.
0.
0.
0.
0.
0.
0.
0.
0.
0.
0.
0.
0.
0.
0.
0.
0.
0.
0.
0.
0.
0.
-1000.
-1000.
-1000.
-1000.
-1000.
-1000.
-1000.
-1000.
-1000.
-996.241
-443.658
-0.202947
0.
0.
0.
0.
0.
0.
0.
0.
0.
0.
0.
0.
0.
0.
0.
0.
0.
0.
0.
0.
0.
0.
0.
0.
0.
0.
0.
0.
0.
0.
0.
0.
0.
0.
0.
0.
0.
0.
0.
0.
0.
0.
0.
0.
0.
0.
0.
0.
0.
0.
0.
0.
0.
0.
0.
0.
0.
0.
0.
0.
0.
0.
0.
0.
0.
0.
0.
0.
0.
-1000.
-1000.
-1000.
-1000.
-1000.
-1000.
-1000.
-1000.
-1000.
-999.977
-609.119
-10.3048
0.
0.
0.
0.
0.
0.
0.
0.
0.
0.
0.
0.
0.
0.
0.
0.
0.
0.
0.
0.
0.
0.
0.
0.
0.
0.
0.
0.
0.
0.
0.
0.
0.
0.
0.
0.
0.
0.
0.
0.
0.
0.
0.
0.
0.
0.
0.
0.
0.
0.
0.
0.
0.
0.
0.
0.
0.
0.
0.
0.
0.
0.
0.
0.
0.
0.
0.
0.
0.
-1000.
-1000.
-1000.
-1000.
-1000.
-1000.
-1000.
-1000.
-1000.
-1000.
-775.297
-61.2476
0.
0.
0.
0.
0.
0.
0.
0.
0.
0.
0.
0.
0.
0.
0.
0.
0.
0.
0.
0.
0.
0.
0.
0.
0.
0.
0.
0.
0.
0.
0.
0.
0.
0.
0.
0.
0.
0.
0.
0.
0.
0.
0.
0.
0.
0.
0.
0.
0.
0.
0.
0.
0.
0.
0.
0.
0.
0.
0.
0.
0.
0.
0.
0.
0.
0.
0.
0.
0.
-1000.
-1000.
-1000.
-1000.
-1000.
-1000.
-1000.
-1000.
-1000.
-1000.
Process [3]
-910.813
-182.197
0.
0.
0.
0.
0.
0.
0.
0.
0.
0.
0.
0.
0.
0.
0.
0.
0.
0.
0.
0.
0.
0.
0.
0.
0.
0.
0.
0.
0.
0.
0.
0.
0.
0.
0.
0.
0.
0.
0.
0.
0.
0.
0.
0.
0.
0.
0.
0.
0.
0.
0.
0.
0.
0.
0.
0.
0.
0.
0.
0.
0.
0.
0.
0.
0.
0.
0.
0.
0.
-1000.
-1000.
-1000.
-1000.
-1000.
-1000.
-1000.
-1000.
-1000.
-1000.
-986.248
-400.156
-0.757765
0.
0.
0.
0.
0.
0.
0.
0.
0.
0.
0.
0.
0.
0.
0.
0.
0.
0.
0.
0.
0.
0.
0.
0.
0.
0.
0.
0.
0.
0.
0.
0.
0.
0.
0.
0.
0.
0.
0.
0.
0.
0.
0.
0.
0.
0.
0.
0.
0.
0.
0.
0.
0.
0.
0.
0.
0.
0.
0.
0.
0.
0.
0.
0.
0.
0.
0.
0.
-1000.
-1000.
-1000.
-1000.
-1000.
-1000.
-1000.
-1000.
-1000.
-1000.
-999.922
-683.794
-33.5095
0.
0.
0.
0.
0.
0.
0.
0.
0.
0.
0.
0.
0.
0.
0.
0.
0.
0.
0.
0.
0.
0.
0.
0.
0.
0.
0.
0.
0.
0.
0.
0.
0.
0.
0.
0.
0.
0.
0.
0.
0.
0.
0.
0.
0.
0.
0.
0.
0.
0.
0.
0.
0.
0.
0.
0.
0.
0.
0.
0.
0.
0.
0.
0.
0.
0.
0.
0.
-1000.
-1000.
-1000.
-1000.
-1000.
-1000.
-1000.
-1000.
-1000.
-1000.
-1000.
-899.328
-178.921
0.
0.
0.
0.
0.
0.
0.
0.
0.
0.
0.
0.
0.
0.
0.
0.
0.
0.
0.
0.
0.
0.
0.
0.
0.
0.
0.
0.
0.
0.
0.
0.
0.
0.
0.
0.
0.
0.
0.
0.
0.
0.
0.
0.
0.
0.
0.
0.
0.
0.
0.
0.
0.
0.
0.
0.
0.
0.
0.
0.
0.
0.
0.
0.
0.
0.
0.
0.
-1000.
-1000.
-1000.
-1000.
-1000.
-1000.
-1000.
-1000.
-1000.
-1000.
-1000.
-990.826
-467.106
-4.25376
0.
0.
0.
0.
0.
0.
0.
0.
0.
0.
0.
0.
0.
0.
0.
0.
0.
0.
0.
0.
0.
0.
0.
0.
0.
0.
0.
0.
0.
0.
0.
0.
0.
0.
0.
0.
0.
0.
0.
0.
0.
0.
0.
0.
0.
0.
0.
0.
0.
0.
0.
0.
0.
0.
0.
0.
0.
0.
0.
0.
0.
0.
0.
0.
0.
0.
0.
-1000.
-1000.
-1000.
-1000.
-1000.
-1000.
-1000.
-1000.
-1000.
-1000.
-1000.
-1000.
-777.936
-75.0776
0.
0.
0.
0.
0.
0.
0.
0.
0.
0.
0.
0.
0.
0.
0.
0.
0.
0.
0.
0.
0.
0.
0.
0.
0.
0.
0.
0.
0.
0.
0.
0.
0.
0.
0.
0.
0.
0.
0.
0.
0.
0.
0.
0.
0.
0.
0.
0.
0.
0.
0.
0.
0.
0.
0.
0.
0.
0.
0.
0.
0.
0.
0.
0.
0.
0.
0.
-1000.
-1000.
-1000.
-1000.
-1000.
-1000.
-1000.
-1000.
-1000.
-1000.
-1000.
-1000.
-953.377
-281.247
-0.0291615
0.
0.
0.
0.
0.
0.
0.
0.
0.
0.
0.
0.
0.
0.
0.
0.
0.
0.
0.
0.
0.
0.
0.
0.
0.
0.
0.
0.
0.
0.
0.
0.
0.
0.
0.
0.
0.
0.
0.
0.
0.
0.
0.
0.
0.
0.
0.
0.
0.
0.
0.
0.
0.
0.
0.
0.
0.
0.
0.
0.
0.
0.
0.
0.
0.
0.
-1000.
-1000.
-1000.
-1000.
-1000.
-1000.
-1000.
-1000.
-1000.
-1000.
-1000.
-1000.
-998.504
-573.78
-10.7594
0.
0.
0.
0.
0.
0.
0.
0.
0.
0.
0.
0.
0.
0.
0.
0.
0.
0.
0.
0.
0.
0.
0.
0.
0.
0.
0.
0.
0.
0.
0.
0.
0.
0.
0.
0.
0.
0.
0.
0.
0.
0.
0.
0.
0.
0.
0.
0.
0.
0.
0.
0.
0.
0.
0.
0.
0.
0.
0.
0.
0.
0.
0.
0.
0.
0.
-1000.
-1000.
-1000.
-1000.
-1000.
-1000.
-1000.
-1000.
-1000.
-1000.
-1000.
-1000.
-1000.
-803.001
-78.8493
0.
0.
0.
0.
0.
0.
0.
0.
0.
0.
0.
0.
0.
0.
0.
0.
0.
0.
0.
0.
0.
0.
0.
0.
0.
0.
0.
0.
0.
0.
0.
0.
0.
0.
0.
0.
0.
0.
0.
0.
0.
0.
0.
0.
0.
0.
0.
0.
0.
0.
0.
0.
0.
0.
0.
0.
0.
0.
0.
0.
0.
0.
0.
0.
0.
0.
-1000.
-1000.
-1000.
-1000.
-1000.
-1000.
-1000.
-1000.
-1000.
-1000.
-1000.
-1000.
-1000.
-922.087
-191.532
0.
0.
0.
0.
0.
0.
0.
0.
0.
0.
0.
0.
0.
0.
0.
0.
0.
0.
0.
0.
0.
0.
0.
0.
0.
0.
0.
0.
0.
0.
0.
0.
0.
0.
0.
0.
0.
0.
0.
0.
0.
0.
0.
0.
0.
0.
0.
0.
0.
0.
0.
0.
0.
0.
0.
0.
0.
0.
0.
0.
0.
0.
0.
0.
0.
0.
Process [4]
-1000.
-1000.
-1000.
-1000.
-1000.
-1000.
-1000.
-1000.
-1000.
-1000.
-1000.
-1000.
-1000.
-971.491
-294.252
0.
0.
0.
0.
0.
0.
0.
0.
0.
0.
0.
0.
0.
0.
0.
0.
0.
0.
0.
0.
0.
0.
0.
0.
0.
0.
0.
0.
0.
0.
0.
0.
0.
0.
0.
0.
0.
0.
0.
0.
0.
0.
0.
0.
0.
0.
0.
0.
0.
0.
0.
0.
0.
0.
0.
0.
0.
0.
0.
0.
0.
0.
0.
0.
0.
0.
-1000.
-1000.
-1000.
-1000.
-1000.
-1000.
-1000.
-1000.
-1000.
-1000.
-1000.
-1000.
-1000.
-985.478
-344.652
0.
0.
0.
0.
0.
0.
0.
0.
0.
0.
0.
0.
0.
0.
0.
0.
0.
0.
0.
0.
0.
0.
0.
0.
0.
0.
0.
0.
0.
0.
0.
0.
0.
0.
0.
0.
0.
0.
0.
0.
0.
0.
0.
0.
0.
0.
0.
0.
0.
0.
0.
0.
0.
0.
0.
0.
0.
0.
0.
0.
0.
0.
0.
0.
0.
0.
-1000.
-1000.
-1000.
-1000.
-1000.
-1000.
-1000.
-1000.
-1000.
-1000.
-1000.
-1000.
-1000.
-979.358
-320.422
0.
0.
0.
0.
0.
0.
0.
0.
0.
0.
0.
0.
0.
0.
0.
0.
0.
0.
0.
0.
0.
0.
0.
0.
0.
0.
0.
0.
0.
0.
0.
0.
0.
0.
0.
0.
0.
0.
0.
0.
0.
0.
0.
0.
0.
0.
0.
0.
0.
0.
0.
0.
0.
0.
0.
0.
0.
0.
0.
0.
0.
0.
0.
0.
0.
0.
-1000.
-1000.
-1000.
-1000.
-1000.
-1000.
-1000.
-1000.
-1000.
-1000.
-1000.
-1000.
-1000.
-941.879
-225.371
0.
0.
0.
0.
0.
0.
0.
0.
0.
0.
0.
0.
0.
0.
0.
0.
0.
0.
0.
0.
0.
0.
0.
0.
0.
0.
0.
0.
0.
0.
0.
0.
0.
0.
0.
0.
0.
0.
0.
0.
0.
0.
0.
0.
0.
0.
0.
0.
0.
0.
0.
0.
0.
0.
0.
0.
0.
0.
0.
0.
0.
0.
0.
0.
0.
0.
-1000.
-1000.
-1000.
-1000.
-1000.
-1000.
-1000.
-1000.
-1000.
-1000.
-1000.
-1000.
-1000.
-828.637
-98.6057
0.
0.
0.
0.
0.
0.
0.
0.
0.
0.
0.
0.
0.
0.
0.
0.
0.
0.
0.
0.
0.
0.
0.
0.
0.
0.
0.
0.
0.
0.
0.
0.
0.
0.
0.
0.
0.
0.
0.
0.
0.
0.
0.
0.
0.
0.
0.
0.
0.
0.
0.
0.
0.
0.
0.
0.
0.
0.
0.
0.
0.
0.
0.
0.
0.
0.
-1000.
-1000.
-1000.
-1000.
-1000.
-1000.
-1000.
-1000.
-1000.
-1000.
-1000.
-1000.
-995.76
-562.484
-13.6344
0.
0.
0.
0.
0.
0.
0.
0.
0.
0.
0.
0.
0.
0.
0.
0.
0.
0.
0.
0.
0.
0.
0.
0.
0.
0.
0.
0.
0.
0.
0.
0.
0.
0.
0.
0.
0.
0.
0.
0.
0.
0.
0.
0.
0.
0.
0.
0.
0.
0.
0.
0.
0.
0.
0.
0.
0.
0.
0.
0.
0.
0.
0.
0.
0.
0.
-1000.
-1000.
-1000.
-1000.
-1000.
-1000.
-1000.
-1000.
-1000.
-1000.
-1000.
-1000.
-890.121
-197.506
-0.0100438
0.
0.
0.
0.
0.
0.
0.
0.
0.
0.
0.
0.
0.
0.
0.
0.
0.
0.
0.
0.
0.
0.
0.
0.
0.
0.
0.
0.
0.
0.
0.
0.
0.
0.
0.
0.
0.
0.
0.
0.
0.
0.
0.
0.
0.
0.
0.
0.
0.
0.
0.
0.
0.
0.
0.
0.
0.
0.
0.
0.
0.
0.
0.
0.
0.
0.
-1000.
-1000.
-1000.
-1000.
-1000.
-1000.
-1000.
-1000.
-1000.
-1000.
-1000.
-970.889
-465.812
-15.3396
0.
0.
0.
0.
0.
0.
0.
0.
0.
0.
0.
0.
0.
0.
0.
0.
0.
0.
0.
0.
0.
0.
0.
0.
0.
0.
0.
0.
0.
0.
0.
0.
0.
0.
0.
0.
0.
0.
0.
0.
0.
0.
0.
0.
0.
0.
0.
0.
0.
0.
0.
0.
0.
0.
0.
0.
0.
0.
0.
0.
0.
0.
0.
0.
0.
0.
0.
-1000.
-1000.
-1000.
-1000.
-1000.
-1000.
-1000.
-1000.
-1000.
-1000.
-981.613
-609.424
-60.2843
0.
0.
0.
0.
0.
0.
0.
0.
0.
0.
0.
0.
0.
0.
0.
0.
0.
0.
0.
0.
0.
0.
0.
0.
0.
0.
0.
0.
0.
0.
0.
0.
0.
0.
0.
0.
0.
0.
0.
0.
0.
0.
0.
0.
0.
0.
0.
0.
0.
0.
0.
0.
0.
0.
0.
0.
0.
0.
0.
0.
0.
0.
0.
0.
0.
0.
0.
0.
-1000.
-1000.
-1000.
-1000.
-1000.
-1000.
-1000.
-1000.
-999.983
-959.775
-580.433
-80.4604
-0.0457182
0.
0.
0.
0.
0.
0.
0.
0.
0.
0.
0.
0.
0.
0.
0.
0.
0.
0.
0.
0.
0.
0.
0.
0.
0.
0.
0.
0.
0.
0.
0.
0.
0.
0.
0.
0.
0.
0.
0.
0.
0.
0.
0.
0.
0.
0.
0.
0.
0.
0.
0.
0.
0.
0.
0.
0.
0.
0.
0.
0.
0.
0.
0.
0.
0.
0.
0.
0.
-1000.
-1000.
-1000.
-1000.
-1000.
-1000.
-1000.
-992.403
-854.226
-407.073
Process [5]
-46.0899
-0.0139784
0.
0.
0.
0.
0.
0.
0.
0.
0.
0.
0.
0.
0.
0.
0.
0.
0.
0.
0.
0.
0.
0.
0.
0.
0.
0.
0.
0.
0.
0.
0.
0.
0.
0.
0.
0.
0.
0.
0.
0.
0.
0.
0.
0.
0.
0.
0.
0.
0.
0.
0.
0.
0.
0.
0.
0.
0.
0.
0.
0.
0.
0.
0.
0.
0.
0.
0.
0.
0.
-1000.
-1000.
-1000.
-1000.
-999.239
-971.011
-836.526
-523.484
-157.372
-8.78093
0.
0.
0.
0.
0.
0.
0.
0.
0.
0.
0.
0.
0.
0.
0.
0.
0.
0.
0.
0.
0.
0.
0.
0.
0.
0.
0.
0.
0.
0.
0.
0.
0.
0.
0.
0.
0.
0.
0.
0.
0.
0.
0.
0.
0.
0.
0.
0.
0.
0.
0.
0.
0.
0.
0.
0.
0.
0.
0.
0.
0.
0.
0.
0.
0.
0.
0.
0.
0.
0.
0.
-891.722
-876.032
-829.968
-732.724
-560.414
-322.581
-112.95
-10.9277
-0.000300581
0.
0.
0.
0.
0.
0.
0.
0.
0.
0.
0.
0.
0.
0.
0.
0.
0.
0.
0.
0.
0.
0.
0.
0.
0.
0.
0.
0.
0.
0.
0.
0.
0.
0.
0.
0.
0.
0.
0.
0.
0.
0.
0.
0.
0.
0.
0.
0.
0.
0.
0.
0.
0.
0.
0.
0.
0.
0.
0.
0.
0.
0.
0.
0.
0.
0.
0.
0.
0.
0.
0.
0.
-142.619
-126.26
-88.609
-39.6597
-6.07825
-0.018617
0.
0.
0.
0.
0.
0.
0.
0.
0.
0.
0.
0.
0.
0.
0.
0.
0.
0.
0.
0.
0.
0.
0.
0.
0.
0.
0.
0.
0.
0.
0.
0.
0.
0.
0.
0.
0.
0.
0.
0.
0.
0.
0.
0.
0.
0.
0.
0.
0.
0.
0.
0.
0.
0.
0.
0.
0.
0.
0.
0.
0.
0.
0.
0.
0.
0.
0.
0.
0.
0.
0.
0.
0.
0.
0.
0.
0.
0.
0.
0.
0.
0.
0.
0.
0.
0.
0.
0.
0.
0.
0.
0.
0.
0.
0.
0.
0.
0.
0.
0.
0.
0.
0.
0.
0.
0.
0.
0.
0.
0.
0.
0.
0.
0.
0.
0.
0.
0.
0.
0.
0.
0.
0.
0.
0.
0.
0.
0.
0.
0.
0.
0.
0.
0.
0.
0.
0.
0.
0.
0.
0.
0.
0.
0.
0.
0.
0.
0.
0.
0.
0.
0.
0.
0.
0.
0.
0.
0.
0.
0.
0.
0.
0.
0.
0.
0.
0.
0.
0.
0.
0.
0.
0.
0.
0.
0.
0.
0.
0.
0.
0.
0.
0.
0.
0.
0.
0.
0.
0.
0.
0.
0.
0.
0.
0.
0.
0.
0.
0.
0.
0.
0.
0.
0.
0.
0.
0.
0.
0.
0.
0.
0.
0.
0.
0.
0.
0.
0.
0.
0.
0.
0.
0.
0.
0.
0.
0.
0.
0.
0.
0.
0.
0.
0.
0.
0.
0.
0.
0.
0.
0.
0.
0.
0.
0.
0.
0.
0.
0.
0.
0.
0.
0.
0.
0.
0.
0.
0.
0.
0.
0.
0.
0.
0.
0.
0.
0.
0.
0.
0.
0.
0.
0.
0.
0.
0.
0.
0.
0.
0.
0.
0.
0.
0.
0.
0.
0.
0.
0.
0.
0.
0.
0.
0.
0.
0.
0.
0.
0.
0.
0.
0.
0.
0.
0.
0.
0.
0.
0.
0.
0.
0.
0.
0.
0.
0.
0.
0.
0.
0.
0.
0.
0.
0.
0.
0.
0.
0.
0.
0.
0.
0.
0.
0.
0.
0.
0.
0.
0.
0.
0.
0.
0.
0.
0.
0.
0.
0.
0.
0.
0.
0.
0.
0.
0.
0.
0.
0.
0.
0.
0.
0.
0.
0.
0.
0.
0.
0.
0.
0.
0.
0.
0.
0.
0.
0.
0.
0.
0.
0.
0.
0.
0.
0.
0.
0.
0.
0.
0.
0.
0.
0.
0.
0.
0.
0.
0.
0.
0.
0.
0.
0.
0.
0.
0.
0.
0.
0.
0.
0.
0.
0.
0.
0.
0.
0.
0.
0.
0.
0.
0.
0.
0.
0.
0.
0.
0.
0.
0.
0.
0.
0.
0.
0.
0.
0.
0.
0.
0.
0.
0.
0.
0.
0.
0.
0.
0.
0.
0.
0.
0.
0.
0.
0.
0.
0.
0.
0.
0.
0.
0.
0.
0.
0.
0.
0.
0.
0.
0.
0.
0.
0.
0.
0.
0.
0.
0.
0.
0.
0.
0.
0.
0.
0.
0.
0.
0.
0.
0.
0.
0.
0.
0.
0.
0.
0.
0.
0.
0.
0.
0.
0.
0.
0.
0.
0.
0.
0.
0.
0.
0.
0.
0.
0.
0.
0.
0.
0.
0.
0.
0.
0.
0.
0.
0.
0.
0.
0.
0.
0.
0.
0.
0.
0.
0.
0.
0.
0.
0.
0.
0.
0.
0.
0.
0.
0.
0.
0.
0.
0.
0.
0.
0.
0.
0.
0.
0.
0.
0.
0.
0.
Process [6]
0.
0.
0.
0.
0.
0.
0.
0.
0.
0.
0.
0.
0.
0.
0.
0.
0.
0.
0.
0.
0.
0.
0.
0.
0.
0.
0.
0.
0.
0.
0.
0.
0.
0.
0.
0.
0.
0.
0.
0.
0.
0.
0.
0.
0.
0.
0.
0.
0.
0.
0.
0.
0.
0.
0.
0.
0.
0.
0.
0.
0.
0.
0.
0.
0.
0.
0.
0.
0.
0.
0.
0.
0.
0.
0.
0.
0.
0.
0.
0.
0.
0.
0.
0.
0.
0.
0.
0.
0.
0.
0.
0.
0.
0.
0.
0.
0.
0.
0.
0.
0.
0.
0.
0.
0.
0.
0.
0.
0.
0.
0.
0.
0.
0.
0.
0.
0.
0.
0.
0.
0.
0.
0.
0.
0.
0.
0.
0.
0.
0.
0.
0.
0.
0.
0.
0.
0.
0.
0.
0.
0.
0.
0.
0.
0.
0.
0.
0.
0.
0.
0.
0.
0.
0.
0.
0.
0.
0.
0.
0.
0.
0.
0.
0.
0.
0.
0.
0.
0.
0.
0.
0.
0.
0.
0.
0.
0.
0.
0.
0.
0.
0.
0.
0.
0.
0.
0.
0.
0.
0.
0.
0.
0.
0.
0.
0.
0.
0.
0.
0.
0.
0.
0.
0.
0.
0.
0.
0.
0.
0.
0.
0.
0.
0.
0.
0.
0.
0.
0.
0.
0.
0.
0.
0.
0.
0.
0.
0.
0.
0.
0.
0.
0.
0.
0.
0.
0.
0.
0.
0.
0.
0.
0.
0.
0.
0.
0.
0.
0.
0.
0.
0.
0.
0.
0.
0.
0.
0.
0.
0.
0.
0.
0.
0.
0.
0.
0.
0.
0.
0.
0.
0.
0.
0.
0.
0.
0.
0.
0.
0.
0.
0.
0.
0.
0.
0.
0.
0.
0.
0.
0.
0.
0.
0.
0.
0.
0.
0.
0.
0.
0.
0.
0.
0.
0.
0.
0.
0.
0.
0.
0.
0.
0.
0.
0.
0.
0.
0.
0.
0.
0.
0.
0.
0.
0.
0.
0.
0.
0.
0.
0.
0.
0.
0.
0.
0.
0.
0.
0.
0.
0.
0.
0.
0.
0.
0.
0.
0.
0.
0.
0.
0.
0.
0.
0.
0.
0.
0.
0.
0.
0.
0.
0.
0.
0.
0.
0.
0.
0.
0.
0.
0.
0.
0.
0.
0.
0.
0.
0.
0.
0.
0.
0.
0.
0.
0.
0.
0.
0.
0.
0.
0.
0.
0.
0.
0.
0.
0.
0.
0.
0.
0.
0.
0.
0.
0.
0.
0.
0.
0.
0.
0.
0.
0.
0.
0.
0.
0.
0.
0.
0.
0.
0.
0.
0.
0.
0.
0.
0.
0.
0.
0.
0.
0.
0.
0.
0.
0.
0.
0.
0.
0.
0.
0.
0.
0.
0.
0.
0.
0.
0.
0.
0.
0.
0.
0.
0.
0.
0.
0.
0.
0.
0.
0.
0.
0.
0.
0.
0.
0.
0.
0.
0.
0.
0.
0.
0.
0.
0.
0.
0.
0.
0.
0.
0.
0.
0.
0.
0.
0.
0.
0.
0.
0.
0.
0.
0.
0.
0.
0.
0.
0.
0.
0.
0.
0.
0.
0.
0.
0.
0.
0.
0.
0.
0.
0.
0.
0.
0.
0.
0.
0.
0.
0.
0.
0.
0.
0.
0.
0.
0.
0.
0.
0.
0.
0.
0.
0.
0.
0.
0.
0.
0.
0.
0.
0.
0.
0.
0.
0.
0.
0.
0.
0.
0.
0.
0.
0.
0.
0.
0.
0.
0.
0.
0.
0.
0.
0.
0.
0.
0.
0.
0.
0.
0.
0.
0.
0.
0.
0.
0.
0.
0.
0.
0.
0.
0.
0.
0.
0.
0.
0.
0.
0.
0.
0.
0.
0.
0.
0.
0.
0.
0.
0.
0.
0.
0.
0.
0.
0.
0.
0.
0.
0.
0.
0.
0.
0.
0.
0.
0.
0.
0.
0.
0.
0.
0.
0.
0.
0.
0.
0.
0.
0.
0.
0.
0.
0.
0.
0.
0.
0.
0.
0.
0.
0.
0.
0.
0.
0.
0.
0.
0.
0.
0.
0.
0.
0.
0.
0.
0.
0.
0.
0.
0.
0.
0.
0.
0.
0.
0.
0.
0.
0.
0.
0.
0.
0.
0.
0.
0.
0.
0.
0.
0.
0.
0.
0.
0.
0.
0.
0.
0.
0.
0.
0.
0.
0.
0.
0.
0.
0.
0.
0.
0.
0.
0.
0.
0.
0.
0.
0.
0.
0.
0.
0.
0.
0.
0.
0.
0.
0.
0.
0.
0.
0.
0.
0.
0.
0.
0.
0.
0.
0.
0.
0.
0.
0.
0.
0.
0.
0.
0.
0.
0.
0.
0.
0.
0.
0.
0.
0.
0.
0.
0.
0.
0.
0.
0.
0.
0.
0.
0.
0.
0.
0.
0.
0.
0.
0.
0.
0.
0.
0.
0.
0.
0.
0.
0.
0.
0.
0.
0.
0.
0.
0.
0.
0.
0.
0.
0.
0.
0.
0.
0.
0.
0.
0.
0.
0.
0.
0.
0.
0.
0.
0.
0.
0.
0.
0.
0.
0.
0.
0.
0.
0.
0.
0.
0.
0.
Process [7]
0.
0.
0.
0.
0.
0.
0.
0.
0.
0.
0.
0.
0.
0.
0.
0.
0.
0.
0.
0.
0.
0.
0.
0.
0.
0.
0.
0.
0.
0.
0.
0.
0.
0.
0.
0.
0.
0.
0.
0.
0.
0.
0.
0.
0.
0.
0.
0.
0.
0.
0.
0.
0.
0.
0.
0.
0.
0.
0.
0.
0.
0.
0.
0.
0.
0.
0.
0.
0.
0.
0.
0.
0.
0.
0.
0.
0.
0.
0.
0.
0.
0.
0.
0.
0.
0.
0.
0.
0.
0.
0.
0.
0.
0.
0.
0.
0.
0.
0.
0.
0.
0.
0.
0.
0.
0.
0.
0.
0.
0.
0.
0.
0.
0.
0.
0.
0.
0.
0.
0.
0.
0.
0.
0.
0.
0.
0.
0.
0.
0.
0.
0.
0.
0.
0.
0.
0.
0.
0.
0.
0.
0.
0.
0.
0.
0.
0.
0.
0.
0.
0.
0.
0.
0.
0.
0.
0.
0.
0.
0.
0.
0.
0.
0.
0.
0.
0.
0.
0.
0.
0.
0.
0.
0.
0.
0.
0.
0.
0.
0.
0.
0.
0.
0.
0.
0.
0.
0.
0.
0.
0.
0.
0.
0.
0.
0.
0.
0.
0.
0.
0.
0.
0.
0.
0.
0.
0.
0.
0.
0.
0.
0.
0.
0.
0.
0.
0.
0.
0.
0.
0.
0.
0.
0.
0.
0.
0.
0.
0.
0.
0.
0.
0.
0.
0.
0.
0.
0.
0.
0.
0.
0.
0.
0.
0.
0.
0.
0.
0.
0.
0.
0.
0.
0.
0.
0.
0.
0.
0.
0.
0.
0.
0.
0.
0.
0.
0.
0.
0.
0.
0.
0.
0.
0.
0.
0.
0.
0.
0.
0.
0.
0.
0.
0.
0.
0.
0.
0.
0.
0.
0.
0.
0.
0.
0.
0.
0.
0.
0.
0.
0.
0.
0.
0.
0.
0.
0.
0.
0.
0.
0.
0.
0.
0.
0.
0.
0.
0.
0.
0.
0.
0.
0.
0.
0.
0.
0.
0.
0.
0.
0.
0.
0.
0.
0.
0.
0.
0.
0.
0.
0.
0.
0.
0.
0.
0.
0.
0.
0.
0.
0.
0.
0.
0.
0.
0.
0.
0.
0.
0.
0.
0.
0.
0.
0.
0.
0.
0.
0.
0.
0.
0.
0.
0.
0.
0.
0.
0.
0.
0.
0.
0.
0.
0.
0.
0.
0.
0.
0.
0.
0.
0.
0.
0.
0.
0.
0.
0.
0.
0.
0.
0.
0.
0.
0.
0.
0.
0.
0.
0.
0.
0.
0.
0.
0.
0.
0.
0.
0.
0.
0.
0.
0.
0.
0.
0.
0.
0.
0.
0.
0.
0.
0.
0.
0.
0.
0.
0.
0.
0.
0.
0.
0.
0.
0.
0.
0.
0.
0.
0.
0.
0.
0.
0.
0.
0.
0.
0.
0.
0.
0.
0.
0.
0.
0.
0.
0.
0.
0.
0.
0.
0.
0.
0.
0.
0.
0.
0.
0.
0.
0.
0.
0.
0.
0.
0.
0.
0.
0.
0.
0.
0.
0.
0.
0.
0.
0.
0.
0.
0.
0.
0.
0.
0.
0.
0.
0.
0.
0.
0.
0.
0.
0.
0.
0.
0.
0.
0.
0.
0.
0.
0.
0.
0.
0.
0.
0.
0.
0.
0.
0.
0.
0.
0.
0.
0.
0.
0.
0.
0.
0.
0.
0.
0.
0.
0.
0.
0.
0.
0.
0.
0.
0.
0.
0.
0.
0.
0.
0.
0.
0.
0.
0.
0.
0.
0.
0.
0.
0.
0.
0.
0.
0.
0.
0.
0.
0.
0.
0.
0.
0.
0.
0.
0.
0.
0.
0.
0.
0.
0.
0.
0.
0.
0.
0.
0.
0.
0.
0.
0.
0.
0.
0.
0.
0.
0.
0.
0.
0.
0.
0.
0.
0.
0.
0.
0.
0.
0.
0.
0.
0.
0.
0.
0.
0.
0.
0.
0.
0.
0.
0.
0.
0.
0.
0.
0.
0.
0.
0.
0.
0.
0.
0.
0.
0.
0.
0.
0.
0.
0.
0.
0.
0.
0.
0.
0.
0.
0.
0.
0.
0.
0.
0.
0.
0.
0.
0.
0.
0.
0.
0.
0.
0.
0.
0.
0.
0.
0.
0.
0.
0.
0.
0.
0.
0.
0.
0.
0.
0.
0.
0.
0.
0.
0.
0.
0.
0.
0.
0.
0.
0.
0.
0.
0.
0.
0.
0.
0.
0.
0.
0.
0.
0.
0.
0.
0.
0.
0.
0.
0.
0.
0.
0.
0.
0.
0.
0.
0.
0.
0.
0.
0.
0.
0.
0.
0.
0.
0.
0.
0.
0.
0.
0.
0.
0.
0.
0.
0.
0.
0.
0.
0.
0.
0.
0.
0.
0.
0.
0.
0.
0.
0.
0.
0.
0.
0.
0.
0.
0.
0.
0.
0.
0.
0.
0.
0.
0.
0.
0.
0.
0.
0.
0.
0.
0.
0.
0.
0.
0.
0.
0.
0.
0.
0.
0.
0.
0.
0.
0.
0.
