Vec Object: 8 MPI processes
  type: mpi
Process [0]
-2.19992e+08
-2.19977e+08
-2.19931e+08
-2.19854e+08
-2.19746e+08
-2.19608e+08
-2.1944e+08
-2.19242e+08
-2.19014e+08
-2.18757e+08
-2.1847e+08
-2.18156e+08
-2.17813e+08
-2.17443e+08
-2.17046e+08
-2.16623e+08
-2.16174e+08
-2.157e+08
-2.15202e+08
-2.14681e+08
-2.14137e+08
-2.13571e+08
-2.12984e+08
-2.12377e+08
-2.11751e+08
-2.11107e+08
-2.10446e+08
-2.09769e+08
-2.09076e+08
-2.0837e+08
-2.07651e+08
-2.0692e+08
-2.06178e+08
-2.05427e+08
-2.04667e+08
-2.039e+08
-2.03127e+08
-2.0235e+08
-2.01569e+08
-2.00785e+08
-2e+08
-1.99215e+08
-1.98431e+08
-1.9765e+08
-1.96873e+08
-1.961e+08
-1.95333e+08
-1.94573e+08
-1.93822e+08
-1.9308e+08
-1.92349e+08
-1.9163e+08
-1.90924e+08
-1.90231e+08
-1.89554e+08
-1.88893e+08
-1.88249e+08
-1.87623e+08
-1.87016e+08
-1.86429e+08
-1.85863e+08
-1.85319e+08
-1.84798e+08
-1.843e+08
-1.83826e+08
-1.83377e+08
-1.82954e+08
-1.82557e+08
-1.82187e+08
-1.81844e+08
-1.8153e+08
-1.81243e+08
-1.80986e+08
-1.80758e+08
-1.8056e+08
-1.80392e+08
-1.80254e+08
-1.80146e+08
-1.80069e+08
-1.80023e+08
-1.80008e+08
-2.13742e+08
-2.13727e+08
-2.13681e+08
-2.13604e+08
-2.13496e+08
-2.13358e+08
-2.1319e+08
-2.12992e+08
-2.12764e+08
-2.12507e+08
-2.1222e+08
-2.11906e+08
-2.11563e+08
-2.11193e+08
-2.10796e+08
-2.10373e+08
-2.09924e+08
-2.0945e+08
-2.08952e+08
-2.08431e+08
-2.07887e+08
-2.07321e+08
-2.06734e+08
-2.06127e+08
-2.05501e+08
-2.04857e+08
-2.04196e+08
-2.03519e+08
-2.02826e+08
-2.0212e+08
-2.01401e+08
-2.0067e+08
-1.99928e+08
-1.99177e+08
-1.98417e+08
-1.9765e+08
-1.96877e+08
-1.961e+08
-1.95319e+08
-1.94535e+08
-1.9375e+08
-1.92965e+08
-1.92181e+08
-1.914e+08
-1.90623e+08
-1.8985e+08
-1.89083e+08
-1.88323e+08
-1.87572e+08
-1.8683e+08
-1.86099e+08
-1.8538e+08
-1.84674e+08
-1.83981e+08
-1.83304e+08
-1.82643e+08
-1.81999e+08
-1.81373e+08
-1.80766e+08
-1.80179e+08
-1.79613e+08
-1.79069e+08
-1.78548e+08
-1.7805e+08
-1.77576e+08
-1.77127e+08
-1.76704e+08
-1.76307e+08
-1.75937e+08
-1.75594e+08
-1.7528e+08
-1.74993e+08
-1.74736e+08
-1.74508e+08
-1.7431e+08
-1.74142e+08
-1.74004e+08
-1.73896e+08
-1.73819e+08
-1.73773e+08
-1.73758e+08
-2.01242e+08
-2.01227e+08
-2.01181e+08
-2.01104e+08
-2.00996e+08
-2.00858e+08
-2.0069e+08
-2.00492e+08
-2.00264e+08
-2.00007e+08
-1.9972e+08
-1.99406e+08
-1.99063e+08
-1.98693e+08
-1.98296e+08
-1.97873e+08
-1.97424e+08
-1.9695e+08
-1.96452e+08
-1.95931e+08
-1.95387e+08
-1.94821e+08
-1.94234e+08
-1.93627e+08
-1.93001e+08
-1.92357e+08
-1.91696e+08
-1.91019e+08
-1.90326e+08
-1.8962e+08
-1.88901e+08
-1.8817e+08
-1.87428e+08
-1.86677e+08
-1.85917e+08
-1.8515e+08
-1.84377e+08
-1.836e+08
-1.82819e+08
-1.82035e+08
-1.8125e+08
-1.80465e+08
-1.79681e+08
-1.789e+08
-1.78123e+08
-1.7735e+08
-1.76583e+08
-1.75823e+08
-1.75072e+08
-1.7433e+08
-1.73599e+08
-1.7288e+08
-1.72174e+08
-1.71481e+08
-1.70804e+08
-1.70143e+08
-1.69499e+08
-1.68873e+08
-1.68266e+08
-1.67679e+08
-1.67113e+08
-1.66569e+08
-1.66048e+08
-1.6555e+08
-1.65076e+08
-1.64627e+08
-1.64204e+08
-1.63807e+08
-1.63437e+08
-1.63094e+08
-1.6278e+08
-1.62493e+08
-1.62236e+08
-1.62008e+08
-1.6181e+08
-1.61642e+08
-1.61504e+08
-1.61396e+08
-1.61319e+08
-1.61273e+08
-1.61258e+08
-1.88742e+08
-1.88727e+08
-1.88681e+08
-1.88604e+08
-1.88496e+08
-1.88358e+08
-1.8819e+08
-1.87992e+08
-1.87764e+08
-1.87507e+08
-1.8722e+08
-1.86906e+08
-1.86563e+08
-1.86193e+08
-1.85796e+08
-1.85373e+08
-1.84924e+08
-1.8445e+08
-1.83952e+08
-1.83431e+08
-1.82887e+08
-1.82321e+08
-1.81734e+08
-1.81127e+08
-1.80501e+08
-1.79857e+08
-1.79196e+08
-1.78519e+08
-1.77826e+08
-1.7712e+08
-1.76401e+08
-1.7567e+08
-1.74928e+08
-1.74177e+08
-1.73417e+08
-1.7265e+08
-1.71877e+08
-1.711e+08
-1.70319e+08
-1.69535e+08
-1.6875e+08
-1.67965e+08
-1.67181e+08
-1.664e+08
-1.65623e+08
-1.6485e+08
-1.64083e+08
-1.63323e+08
-1.62572e+08
-1.6183e+08
-1.61099e+08
-1.6038e+08
-1.59674e+08
-1.58981e+08
-1.58304e+08
-1.57643e+08
-1.56999e+08
-1.56373e+08
-1.55766e+08
-1.55179e+08
-1.54613e+08
-1.54069e+08
-1.53548e+08
-1.5305e+08
-1.52576e+08
-1.52127e+08
-1.51704e+08
-1.51307e+08
-1.50937e+08
-1.50594e+08
-1.5028e+08
-1.49993e+08
-1.49736e+08
-1.49508e+08
-1.4931e+08
-1.49142e+08
-1.49004e+08
-1.48896e+08
-1.48819e+08
-1.48773e+08
-1.48758e+08
-1.76242e+08
-1.76227e+08
-1.76181e+08
-1.76104e+08
-1.75996e+08
-1.75858e+08
-1.7569e+08
-1.75492e+08
-1.75264e+08
-1.75007e+08
-1.7472e+08
-1.74406e+08
-1.74063e+08
-1.73693e+08
-1.73296e+08
-1.72873e+08
-1.72424e+08
-1.7195e+08
-1.71452e+08
-1.70931e+08
-1.70387e+08
-1.69821e+08
-1.69234e+08
-1.68627e+08
-1.68001e+08
-1.67357e+08
-1.66696e+08
-1.66019e+08
-1.65326e+08
-1.6462e+08
-1.63901e+08
-1.6317e+08
-1.62428e+08
-1.61677e+08
-1.60917e+08
-1.6015e+08
-1.59377e+08
-1.586e+08
-1.57819e+08
-1.57035e+08
-1.5625e+08
-1.55465e+08
-1.54681e+08
-1.539e+08
-1.53123e+08
-1.5235e+08
-1.51583e+08
-1.50823e+08
-1.50072e+08
-1.4933e+08
-1.48599e+08
-1.4788e+08
-1.47174e+08
-1.46481e+08
-1.45804e+08
-1.45143e+08
-1.44499e+08
-1.43873e+08
-1.43266e+08
-1.42679e+08
-1.42113e+08
-1.41569e+08
-1.41048e+08
-1.4055e+08
-1.40076e+08
-1.39627e+08
-1.39204e+08
-1.38807e+08
-1.38437e+08
-1.38094e+08
-1.3778e+08
-1.37493e+08
-1.37236e+08
-1.37008e+08
-1.3681e+08
-1.36642e+08
-1.36504e+08
-1.36396e+08
-1.36319e+08
-1.36273e+08
-1.36258e+08
-1.63742e+08
-1.63727e+08
-1.63681e+08
-1.63604e+08
-1.63496e+08
-1.63358e+08
-1.6319e+08
-1.62992e+08
-1.62764e+08
-1.62507e+08
-1.6222e+08
-1.61906e+08
-1.61563e+08
-1.61193e+08
-1.60796e+08
-1.60373e+08
-1.59924e+08
-1.5945e+08
-1.58952e+08
-1.58431e+08
-1.57887e+08
-1.57321e+08
-1.56734e+08
-1.56127e+08
-1.55501e+08
-1.54857e+08
-1.54196e+08
-1.53519e+08
-1.52826e+08
-1.5212e+08
-1.51401e+08
-1.5067e+08
-1.49928e+08
-1.49177e+08
-1.48417e+08
-1.4765e+08
-1.46877e+08
-1.461e+08
-1.45319e+08
-1.44535e+08
-1.4375e+08
-1.42965e+08
-1.42181e+08
-1.414e+08
-1.40623e+08
-1.3985e+08
-1.39083e+08
-1.38323e+08
-1.37572e+08
-1.3683e+08
-1.36099e+08
-1.3538e+08
-1.34674e+08
-1.33981e+08
-1.33304e+08
-1.32643e+08
-1.31999e+08
-1.31373e+08
-1.30766e+08
-1.30179e+08
-1.29613e+08
-1.29069e+08
-1.28548e+08
-1.2805e+08
-1.27576e+08
-1.27127e+08
-1.26704e+08
-1.26307e+08
-1.25937e+08
-1.25594e+08
-1.2528e+08
-1.24993e+08
-1.24736e+08
-1.24508e+08
-1.2431e+08
-1.24142e+08
-1.24004e+08
-1.23896e+08
-1.23819e+08
-1.23773e+08
-1.23758e+08
-1.51242e+08
-1.51227e+08
-1.51181e+08
-1.51104e+08
-1.50996e+08
-1.50858e+08
-1.5069e+08
-1.50492e+08
-1.50264e+08
-1.50007e+08
-1.4972e+08
-1.49406e+08
-1.49063e+08
-1.48693e+08
-1.48296e+08
-1.47873e+08
-1.47424e+08
-1.4695e+08
-1.46452e+08
-1.45931e+08
-1.45387e+08
-1.44821e+08
-1.44234e+08
-1.43627e+08
-1.43001e+08
-1.42357e+08
-1.41696e+08
-1.41019e+08
-1.40326e+08
-1.3962e+08
-1.38901e+08
-1.3817e+08
-1.37428e+08
-1.36677e+08
-1.35917e+08
-1.3515e+08
-1.34377e+08
-1.336e+08
-1.32819e+08
-1.32035e+08
-1.3125e+08
-1.30465e+08
-1.29681e+08
-1.289e+08
-1.28123e+08
-1.2735e+08
-1.26583e+08
-1.25823e+08
-1.25072e+08
-1.2433e+08
-1.23599e+08
-1.2288e+08
-1.22174e+08
-1.21481e+08
-1.20804e+08
-1.20143e+08
-1.19499e+08
-1.18873e+08
-1.18266e+08
-1.17679e+08
-1.17113e+08
-1.16569e+08
-1.16048e+08
-1.1555e+08
-1.15076e+08
-1.14627e+08
-1.14204e+08
-1.13807e+08
-1.13437e+08
-1.13094e+08
-1.1278e+08
-1.12493e+08
-1.12236e+08
-1.12008e+08
-1.1181e+08
-1.11642e+08
-1.11504e+08
-1.11396e+08
-1.11319e+08
-1.11273e+08
-1.11258e+08
-1.38742e+08
-1.38727e+08
-1.38681e+08
-1.38604e+08
-1.38496e+08
-1.38358e+08
-1.3819e+08
-1.37992e+08
-1.37764e+08
-1.37507e+08
-1.3722e+08
-1.36906e+08
-1.36563e+08
-1.36193e+08
-1.35796e+08
-1.35373e+08
-1.34924e+08
-1.3445e+08
-1.33952e+08
-1.33431e+08
-1.32887e+08
-1.32321e+08
-1.31734e+08
-1.31127e+08
-1.30501e+08
-1.29857e+08
-1.29196e+08
-1.28519e+08
-1.27826e+08
-1.2712e+08
-1.26401e+08
-1.2567e+08
-1.24928e+08
-1.24177e+08
-1.23417e+08
-1.2265e+08
-1.21877e+08
-1.211e+08
-1.20319e+08
-1.19535e+08
-1.1875e+08
-1.17965e+08
-1.17181e+08
-1.164e+08
-1.15623e+08
-1.1485e+08
-1.14083e+08
-1.13323e+08
-1.12572e+08
-1.1183e+08
-1.11099e+08
-1.1038e+08
-1.09674e+08
-1.08981e+08
-1.08304e+08
-1.07643e+08
-1.06999e+08
-1.06373e+08
-1.05766e+08
-1.05179e+08
-1.04613e+08
-1.04069e+08
-1.03548e+08
-1.0305e+08
-1.02576e+08
-1.02127e+08
-1.01704e+08
-1.01307e+08
-1.00937e+08
-1.00594e+08
-1.0028e+08
-9.99934e+07
-9.97362e+07
-9.95083e+07
-9.93101e+07
-9.91419e+07
-9.90038e+07
-9.88963e+07
-9.88193e+07
-9.87731e+07
-9.87577e+07
-1.26242e+08
-1.26227e+08
-1.26181e+08
-1.26104e+08
-1.25996e+08
-1.25858e+08
-1.2569e+08
-1.25492e+08
-1.25264e+08
-1.25007e+08
-1.2472e+08
-1.24406e+08
-1.24063e+08
-1.23693e+08
-1.23296e+08
-1.22873e+08
-1.22424e+08
-1.2195e+08
-1.21452e+08
-1.20931e+08
-1.20387e+08
-1.19821e+08
-1.19234e+08
-1.18627e+08
-1.18001e+08
-1.17357e+08
-1.16696e+08
-1.16019e+08
-1.15326e+08
-1.1462e+08
-1.13901e+08
-1.1317e+08
-1.12428e+08
-1.11677e+08
-1.10917e+08
-1.1015e+08
-1.09377e+08
-1.086e+08
-1.07819e+08
-1.07035e+08
-1.0625e+08
-1.05465e+08
-1.04681e+08
-1.039e+08
-1.03123e+08
-1.0235e+08
-1.01583e+08
-1.00823e+08
-1.00072e+08
-9.93303e+07
-9.85993e+07
-9.788e+07
-9.71737e+07
-9.64813e+07
-9.58041e+07
-9.51429e+07
-9.44988e+07
-9.38729e+07
-9.3266e+07
-9.26792e+07
-9.21133e+07
-9.15692e+07
-9.10477e+07
-9.05497e+07
-9.00759e+07
-8.9627e+07
-8.92038e+07
-8.88068e+07
-8.84367e+07
-8.80941e+07
-8.77795e+07
-8.74934e+07
-8.72362e+07
-8.70083e+07
-8.68101e+07
-8.66419e+07
-8.65038e+07
-8.63963e+07
-8.63193e+07
-8.62731e+07
-8.62577e+07
-1.13742e+08
-1.13727e+08
-1.13681e+08
-1.13604e+08
-1.13496e+08
-1.13358e+08
-1.1319e+08
-1.12992e+08
-1.12764e+08
-1.12507e+08
-1.1222e+08
-1.11906e+08
-1.11563e+08
-1.11193e+08
-1.10796e+08
-1.10373e+08
-1.09924e+08
-1.0945e+08
-1.08952e+08
-1.08431e+08
-1.07887e+08
-1.07321e+08
-1.06734e+08
-1.06127e+08
-1.05501e+08
-1.04857e+08
-1.04196e+08
-1.03519e+08
-1.02826e+08
-1.0212e+08
-1.01401e+08
-1.0067e+08
-9.9928e+07
-9.91767e+07
-9.84171e+07
-9.76503e+07
-9.68775e+07
-9.60998e+07
-9.53186e+07
-9.45349e+07
-9.375e+07
-9.29651e+07
-9.21814e+07
-9.14002e+07
-9.06225e+07
-8.98497e+07
-8.90829e+07
-8.83233e+07
-8.7572e+07
-8.68303e+07
-8.60993e+07
-8.538e+07
-8.46737e+07
-8.39813e+07
-8.33041e+07
-8.26429e+07
-8.19988e+07
-8.13729e+07
-8.0766e+07
-8.01792e+07
-7.96133e+07
-7.90692e+07
-7.85477e+07
-7.80497e+07
-7.75759e+07
-7.7127e+07
-7.67038e+07
-7.63068e+07
-7.59367e+07
-7.55941e+07
-7.52795e+07
-7.49934e+07
-7.47362e+07
-7.45083e+07
-7.43101e+07
-7.41419e+07
-7.40038e+07
-7.38963e+07
-7.38193e+07
-7.37731e+07
-7.37577e+07
-1.01242e+08
-1.01227e+08
-1.01181e+08
-1.01104e+08
-1.00996e+08
-1.00858e+08
-1.0069e+08
-1.00492e+08
-1.00264e+08
-1.00007e+08
-9.97205e+07
-9.94059e+07
-9.90633e+07
-9.86932e+07
-9.82962e+07
-9.7873e+07
-9.74241e+07
-9.69503e+07
-9.64523e+07
-9.59308e+07
-9.53867e+07
-9.48208e+07
-9.4234e+07
-9.36271e+07
-9.30012e+07
-9.23571e+07
-9.16959e+07
-9.10187e+07
-9.03263e+07
-8.962e+07
-8.89007e+07
-8.81697e+07
-8.7428e+07
-8.66767e+07
-8.59171e+07
-8.51503e+07
-8.43775e+07
-8.35998e+07
-8.28186e+07
-8.20349e+07
-8.125e+07
-8.04651e+07
-7.96814e+07
-7.89002e+07
-7.81225e+07
-7.73497e+07
-7.65829e+07
-7.58233e+07
-7.5072e+07
-7.43303e+07
-7.35993e+07
Process [1]
-7.288e+07
-7.21737e+07
-7.14813e+07
-7.08041e+07
-7.01429e+07
-6.94988e+07
-6.88729e+07
-6.8266e+07
-6.76792e+07
-6.71133e+07
-6.65692e+07
-6.60477e+07
-6.55497e+07
-6.50759e+07
-6.4627e+07
-6.42038e+07
-6.38068e+07
-6.34367e+07
-6.30941e+07
-6.27795e+07
-6.24934e+07
-6.22362e+07
-6.20083e+07
-6.18101e+07
-6.16419e+07
-6.15038e+07
-6.13963e+07
-6.13193e+07
-6.12731e+07
-6.12577e+07
-8.87423e+07
-8.87269e+07
-8.86807e+07
-8.86037e+07
-8.84962e+07
-8.83581e+07
-8.81899e+07
-8.79917e+07
-8.77638e+07
-8.75066e+07
-8.72205e+07
-8.69059e+07
-8.65633e+07
-8.61932e+07
-8.57962e+07
-8.5373e+07
-8.49241e+07
-8.44503e+07
-8.39523e+07
-8.34308e+07
-8.28867e+07
-8.23208e+07
-8.1734e+07
-8.11271e+07
-8.05012e+07
-7.98571e+07
-7.91959e+07
-7.85187e+07
-7.78263e+07
-7.712e+07
-7.64007e+07
-7.56697e+07
-7.4928e+07
-7.41767e+07
-7.34171e+07
-7.26503e+07
-7.18775e+07
-7.10998e+07
-7.03186e+07
-6.95349e+07
-6.875e+07
-6.79651e+07
-6.71814e+07
-6.64002e+07
-6.56225e+07
-6.48497e+07
-6.40829e+07
-6.33233e+07
-6.2572e+07
-6.18303e+07
-6.10993e+07
-6.038e+07
-5.96737e+07
-5.89813e+07
-5.83041e+07
-5.76429e+07
-5.69988e+07
-5.63729e+07
-5.5766e+07
-5.51792e+07
-5.46133e+07
-5.40692e+07
-5.35477e+07
-5.30497e+07
-5.25759e+07
-5.2127e+07
-5.17038e+07
-5.13068e+07
-5.09367e+07
-5.05941e+07
-5.02795e+07
-4.99934e+07
-4.97362e+07
-4.95083e+07
-4.93101e+07
-4.91419e+07
-4.90038e+07
-4.88963e+07
-4.88193e+07
-4.87731e+07
-4.87577e+07
-7.62423e+07
-7.62269e+07
-7.61807e+07
-7.61037e+07
-7.59962e+07
-7.58581e+07
-7.56899e+07
-7.54917e+07
-7.52638e+07
-7.50066e+07
-7.47205e+07
-7.44059e+07
-7.40633e+07
-7.36932e+07
-7.32962e+07
-7.2873e+07
-7.24241e+07
-7.19503e+07
-7.14523e+07
-7.09308e+07
-7.03867e+07
-6.98208e+07
-6.9234e+07
-6.86271e+07
-6.80012e+07
-6.73571e+07
-6.66959e+07
-6.60187e+07
-6.53263e+07
-6.462e+07
-6.39007e+07
-6.31697e+07
-6.2428e+07
-6.16767e+07
-6.09171e+07
-6.01503e+07
-5.93775e+07
-5.85998e+07
-5.78186e+07
-5.70349e+07
-5.625e+07
-5.54651e+07
-5.46814e+07
-5.39002e+07
-5.31225e+07
-5.23497e+07
-5.15829e+07
-5.08233e+07
-5.0072e+07
-4.93303e+07
-4.85993e+07
-4.788e+07
-4.71737e+07
-4.64813e+07
-4.58041e+07
-4.51429e+07
-4.44988e+07
-4.38729e+07
-4.3266e+07
-4.26792e+07
-4.21133e+07
-4.15692e+07
-4.10477e+07
-4.05497e+07
-4.00759e+07
-3.9627e+07
-3.92038e+07
-3.88068e+07
-3.84367e+07
-3.80941e+07
-3.77795e+07
-3.74934e+07
-3.72362e+07
-3.70083e+07
-3.68101e+07
-3.66419e+07
-3.65038e+07
-3.63963e+07
-3.63193e+07
-3.62731e+07
-3.62577e+07
-6.37423e+07
-6.37269e+07
-6.36807e+07
-6.36037e+07
-6.34962e+07
-6.33581e+07
-6.31899e+07
-6.29917e+07
-6.27638e+07
-6.25066e+07
-6.22205e+07
-6.19059e+07
-6.15633e+07
-6.11932e+07
-6.07962e+07
-6.0373e+07
-5.99241e+07
-5.94503e+07
-5.89523e+07
-5.84308e+07
-5.78867e+07
-5.73208e+07
-5.6734e+07
-5.61271e+07
-5.55012e+07
-5.48571e+07
-5.41959e+07
-5.35187e+07
-5.28263e+07
-5.212e+07
-5.14007e+07
-5.06697e+07
-4.9928e+07
-4.91767e+07
-4.84171e+07
-4.76503e+07
-4.68775e+07
-4.60998e+07
-4.53186e+07
-4.45349e+07
-4.375e+07
-4.29651e+07
-4.21814e+07
-4.14002e+07
-4.06225e+07
-3.98497e+07
-3.90829e+07
-3.83233e+07
-3.7572e+07
-3.68303e+07
-3.60993e+07
-3.538e+07
-3.46737e+07
-3.39813e+07
-3.33041e+07
-3.26429e+07
-3.19988e+07
-3.13729e+07
-3.0766e+07
-3.01792e+07
-2.96133e+07
-2.90692e+07
-2.85477e+07
-2.80497e+07
-2.75759e+07
-2.7127e+07
-2.67038e+07
-2.63068e+07
-2.59367e+07
-2.55941e+07
-2.52795e+07
-2.49934e+07
-2.47362e+07
-2.45083e+07
-2.43101e+07
-2.41419e+07
-2.40038e+07
-2.38963e+07
-2.38193e+07
-2.37731e+07
-2.37577e+07
-5.12423e+07
-5.12269e+07
-5.11807e+07
-5.11037e+07
-5.09962e+07
-5.08581e+07
-5.06899e+07
-5.04917e+07
-5.02638e+07
-5.00066e+07
-4.97205e+07
-4.94059e+07
-4.90633e+07
-4.86932e+07
-4.82962e+07
-4.7873e+07
-4.74241e+07
-4.69503e+07
-4.64523e+07
-4.59308e+07
-4.53867e+07
-4.48208e+07
-4.4234e+07
-4.36271e+07
-4.30012e+07
-4.23571e+07
-4.16959e+07
-4.10187e+07
-4.03263e+07
-3.962e+07
-3.89007e+07
-3.81697e+07
-3.7428e+07
-3.66767e+07
-3.59171e+07
-3.51503e+07
-3.43775e+07
-3.35998e+07
-3.28186e+07
-3.20349e+07
-3.125e+07
-3.04651e+07
-2.96814e+07
-2.89002e+07
-2.81225e+07
-2.73497e+07
-2.65829e+07
-2.58233e+07
-2.5072e+07
-2.43303e+07
-2.35993e+07
-2.288e+07
-2.21737e+07
-2.14813e+07
-2.08041e+07
-2.01429e+07
-1.94988e+07
-1.88729e+07
-1.8266e+07
-1.76792e+07
-1.71133e+07
-1.65692e+07
-1.60477e+07
-1.55497e+07
-1.50759e+07
-1.4627e+07
-1.42038e+07
-1.38068e+07
-1.34367e+07
-1.30941e+07
-1.27795e+07
-1.24934e+07
-1.22362e+07
-1.20083e+07
-1.18101e+07
-1.16419e+07
-1.15038e+07
-1.13963e+07
-1.13193e+07
-1.12731e+07
-1.12577e+07
-3.87423e+07
-3.87269e+07
-3.86807e+07
-3.86037e+07
-3.84962e+07
-3.83581e+07
-3.81899e+07
-3.79917e+07
-3.77638e+07
-3.75066e+07
-3.72205e+07
-3.69059e+07
-3.65633e+07
-3.61932e+07
-3.57962e+07
-3.5373e+07
-3.49241e+07
-3.44503e+07
-3.39523e+07
-3.34308e+07
-3.28867e+07
-3.23208e+07
-3.1734e+07
-3.11271e+07
-3.05012e+07
-2.98571e+07
-2.91959e+07
-2.85187e+07
-2.78263e+07
-2.712e+07
-2.64007e+07
-2.56697e+07
-2.4928e+07
-2.41767e+07
-2.34171e+07
-2.26503e+07
-2.18775e+07
-2.10998e+07
-2.03186e+07
-1.95349e+07
-1.875e+07
-1.79651e+07
-1.71814e+07
-1.64002e+07
-1.56225e+07
-1.48497e+07
-1.40829e+07
-1.33233e+07
-1.2572e+07
-1.18303e+07
-1.10993e+07
-1.038e+07
-9.67369e+06
-8.98134e+06
-8.30406e+06
-7.64288e+06
-6.99883e+06
-6.41925e+06
-6.00802e+06
-5.71461e+06
-5.43166e+06
-5.15961e+06
-4.89887e+06
-4.64986e+06
-4.41295e+06
-4.18851e+06
-3.97689e+06
-3.7784e+06
-3.59337e+06
-3.42207e+06
-3.26477e+06
-3.1217e+06
-2.9931e+06
-2.87916e+06
-2.78005e+06
-2.69593e+06
-2.62692e+06
-2.57314e+06
-2.53467e+06
-2.51156e+06
-2.50385e+06
-2.62423e+07
-2.62269e+07
-2.61807e+07
-2.61037e+07
-2.59962e+07
-2.58581e+07
-2.56899e+07
-2.54917e+07
-2.52638e+07
-2.50066e+07
-2.47205e+07
-2.44059e+07
-2.40633e+07
-2.36932e+07
-2.32962e+07
-2.2873e+07
-2.24241e+07
-2.19503e+07
-2.14523e+07
-2.09308e+07
-2.03867e+07
-1.98208e+07
-1.9234e+07
-1.86271e+07
-1.80012e+07
-1.73571e+07
-1.66959e+07
-1.60187e+07
-1.53263e+07
-1.462e+07
-1.39007e+07
-1.31697e+07
-1.2428e+07
-1.16767e+07
-1.09171e+07
-1.01503e+07
-9.37748e+06
-8.59984e+06
-7.81858e+06
-7.03489e+06
-6.34815e+06
-5.85755e+06
-5.46571e+06
-5.07508e+06
-4.68626e+06
-4.29985e+06
-3.91645e+06
-3.53664e+06
-3.16102e+06
-2.79016e+06
-2.42464e+06
-2.06502e+06
-1.71185e+06
-1.36567e+06
-1.02703e+06
-696439.
-374413.
-107802.
0.
0.
0.
0.
0.
0.
0.
0.
0.
0.
0.
0.
0.
0.
0.
0.
0.
0.
0.
0.
0.
0.
0.
-1.37423e+07
-1.37269e+07
-1.36807e+07
-1.36037e+07
-1.34962e+07
-1.33581e+07
-1.31899e+07
-1.29917e+07
-1.27638e+07
-1.25066e+07
-1.22205e+07
-1.19059e+07
-1.15633e+07
-1.11932e+07
-1.07962e+07
-1.0373e+07
-9.9241e+06
-9.45028e+06
-8.95226e+06
-8.43079e+06
-7.88668e+06
-7.32078e+06
-6.73395e+06
-6.23491e+06
-5.87559e+06
-5.55356e+06
-5.22297e+06
-4.88433e+06
-4.53815e+06
-4.18498e+06
-3.82536e+06
-3.45984e+06
-3.08898e+06
-2.71336e+06
-2.33355e+06
-1.95015e+06
-1.56374e+06
-1.17492e+06
-784289.
-392447.
-98149.5
0.
0.
0.
0.
0.
0.
0.
0.
0.
0.
0.
0.
0.
0.
0.
0.
0.
0.
0.
0.
0.
0.
0.
0.
0.
0.
0.
0.
0.
0.
0.
0.
0.
0.
0.
0.
0.
0.
0.
0.
-3.74615e+06
-3.73844e+06
-3.71533e+06
-3.67686e+06
-3.62308e+06
-3.55407e+06
-3.46995e+06
-3.37084e+06
-3.2569e+06
-3.1283e+06
-2.98523e+06
-2.82793e+06
-2.65663e+06
-2.4716e+06
-2.27311e+06
-2.06149e+06
-1.83705e+06
-1.60014e+06
-1.35113e+06
-1.09039e+06
-818342.
-535391.
-241977.
-46355.
0.
0.
0.
0.
0.
0.
0.
0.
0.
0.
0.
0.
0.
0.
0.
0.
0.
0.
0.
0.
0.
0.
0.
0.
0.
0.
0.
0.
0.
0.
0.
0.
0.
0.
0.
0.
0.
0.
0.
0.
0.
0.
0.
0.
0.
0.
0.
0.
0.
0.
0.
0.
0.
0.
0.
0.
0.
0.
0.
0.
0.
0.
0.
0.
0.
0.
0.
0.
0.
0.
0.
0.
0.
0.
0.
0.
0.
0.
0.
0.
0.
0.
0.
0.
0.
0.
0.
0.
0.
0.
0.
0.
0.
0.
0.
0.
0.
0.
0.
0.
0.
0.
0.
0.
0.
0.
0.
0.
0.
0.
0.
0.
0.
0.
0.
0.
0.
0.
0.
0.
0.
0.
0.
0.
0.
0.
0.
0.
0.
0.
0.
0.
0.
0.
0.
0.
0.
0.
0.
0.
0.
0.
0.
0.
0.
0.
0.
0.
0.
0.
0.
0.
0.
0.
0.
0.
0.
0.
0.
0.
0.
0.
0.
0.
0.
0.
0.
0.
0.
0.
0.
0.
0.
0.
0.
0.
0.
0.
0.
0.
0.
0.
0.
0.
0.
0.
0.
0.
0.
0.
0.
0.
0.
0.
0.
0.
0.
0.
0.
0.
0.
0.
0.
0.
0.
0.
0.
0.
0.
0.
0.
0.
0.
0.
0.
0.
0.
0.
0.
Process [2]
0.
0.
0.
0.
0.
0.
0.
0.
0.
0.
0.
0.
0.
0.
0.
0.
0.
0.
0.
0.
0.
0.
0.
0.
0.
0.
0.
0.
0.
0.
0.
0.
0.
0.
0.
0.
0.
0.
0.
0.
0.
0.
0.
0.
0.
0.
0.
0.
0.
0.
0.
0.
0.
0.
0.
0.
0.
0.
0.
0.
0.
0.
0.
0.
0.
0.
0.
0.
0.
0.
0.
0.
0.
0.
0.
0.
0.
0.
0.
0.
0.
0.
0.
0.
0.
0.
0.
0.
0.
0.
0.
0.
0.
0.
0.
0.
0.
0.
0.
0.
0.
0.
0.
0.
0.
0.
0.
0.
0.
0.
0.
0.
0.
0.
0.
0.
0.
0.
0.
0.
0.
0.
0.
0.
0.
0.
0.
0.
0.
0.
0.
0.
0.
0.
0.
0.
0.
0.
0.
0.
0.
0.
0.
0.
0.
0.
0.
0.
0.
0.
0.
0.
0.
0.
0.
0.
0.
0.
0.
0.
0.
0.
0.
0.
0.
0.
0.
0.
0.
0.
0.
0.
0.
0.
0.
0.
0.
0.
0.
0.
0.
0.
0.
0.
0.
0.
0.
0.
0.
0.
0.
0.
0.
0.
0.
0.
0.
0.
0.
0.
0.
0.
0.
0.
0.
0.
0.
0.
0.
0.
0.
0.
0.
0.
0.
0.
0.
0.
0.
0.
0.
0.
0.
0.
0.
0.
0.
0.
0.
0.
0.
0.
0.
0.
0.
0.
0.
0.
0.
0.
0.
0.
0.
0.
0.
0.
0.
0.
0.
0.
0.
0.
0.
0.
0.
0.
0.
0.
0.
0.
0.
0.
0.
0.
0.
0.
0.
0.
0.
0.
0.
0.
0.
0.
0.
0.
0.
0.
0.
0.
0.
0.
0.
0.
0.
0.
0.
0.
0.
0.
0.
0.
0.
0.
0.
0.
0.
0.
0.
0.
0.
0.
0.
0.
0.
0.
0.
0.
0.
0.
0.
0.
0.
0.
0.
0.
0.
0.
0.
0.
0.
0.
0.
0.
0.
0.
0.
0.
0.
0.
0.
0.
0.
0.
0.
0.
0.
0.
0.
0.
0.
0.
0.
0.
0.
0.
0.
0.
0.
0.
0.
0.
0.
0.
0.
0.
0.
0.
0.
0.
0.
0.
0.
0.
0.
0.
0.
0.
0.
0.
0.
0.
0.
0.
0.
0.
0.
0.
0.
0.
0.
0.
0.
0.
0.
0.
0.
0.
0.
0.
0.
0.
0.
0.
0.
0.
0.
0.
0.
0.
0.
0.
0.
0.
0.
0.
0.
0.
0.
0.
0.
0.
0.
0.
0.
0.
0.
0.
0.
0.
0.
0.
0.
0.
0.
0.
0.
0.
0.
0.
0.
0.
0.
0.
0.
0.
0.
0.
0.
0.
0.
0.
0.
0.
0.
0.
0.
0.
0.
0.
0.
0.
0.
0.
0.
0.
0.
0.
0.
0.
0.
0.
0.
0.
0.
0.
0.
0.
0.
0.
0.
0.
0.
0.
0.
0.
0.
0.
0.
0.
0.
0.
0.
0.
0.
0.
0.
0.
0.
0.
0.
0.
0.
0.
0.
0.
0.
0.
0.
0.
0.
0.
0.
0.
0.
0.
0.
0.
0.
0.
0.
0.
0.
0.
0.
0.
0.
0.
0.
0.
0.
0.
0.
0.
0.
0.
0.
0.
0.
0.
0.
0.
0.
0.
0.
0.
0.
0.
0.
0.
0.
0.
0.
0.
0.
0.
0.
0.
0.
0.
0.
0.
0.
0.
0.
0.
0.
0.
0.
0.
0.
0.
0.
0.
0.
0.
0.
0.
0.
0.
0.
0.
0.
0.
0.
0.
0.
0.
0.
0.
0.
0.
0.
0.
0.
0.
0.
0.
0.
0.
0.
0.
0.
0.
0.
0.
0.
0.
0.
0.
0.
0.
0.
0.
0.
0.
0.
0.
0.
0.
0.
0.
0.
0.
0.
0.
0.
0.
0.
0.
0.
0.
0.
0.
0.
0.
0.
0.
0.
0.
0.
0.
0.
0.
0.
0.
0.
0.
0.
0.
0.
0.
0.
0.
0.
0.
0.
0.
0.
0.
0.
0.
0.
0.
0.
0.
0.
0.
0.
0.
0.
0.
0.
0.
0.
0.
0.
0.
0.
0.
0.
0.
0.
0.
0.
0.
0.
0.
0.
0.
0.
0.
0.
0.
0.
0.
0.
0.
0.
0.
0.
0.
0.
0.
0.
0.
0.
0.
0.
0.
0.
0.
0.
0.
0.
0.
0.
0.
0.
0.
0.
0.
0.
0.
0.
0.
0.
0.
0.
0.
0.
0.
0.
0.
0.
0.
0.
0.
0.
0.
0.
0.
0.
0.
0.
0.
0.
0.
0.
0.
0.
0.
0.
0.
0.
0.
0.
0.
0.
0.
0.
0.
0.
0.
0.
0.
0.
0.
0.
0.
0.
0.
0.
0.
0.
0.
0.
0.
0.
0.
0.
0.
0.
0.
0.
0.
0.
0.
0.
0.
0.
0.
0.
0.
0.
0.
0.
0.
0.
0.
0.
0.
0.
0.
0.
0.
0.
0.
0.
0.
0.
0.
0.
0.
0.
0.
0.
0.
0.
0.
0.
0.
0.
0.
0.
0.
0.
0.
0.
0.
Process [3]
0.
0.
0.
0.
0.
0.
0.
0.
0.
0.
0.
0.
0.
0.
0.
0.
0.
0.
0.
0.
0.
0.
0.
0.
0.
0.
0.
0.
0.
0.
0.
0.
0.
0.
0.
0.
0.
0.
0.
0.
0.
0.
0.
0.
0.
0.
0.
0.
0.
0.
0.
0.
0.
0.
0.
0.
0.
0.
0.
0.
0.
0.
0.
0.
0.
0.
0.
0.
0.
0.
0.
0.
0.
0.
0.
0.
0.
0.
0.
0.
0.
0.
0.
0.
0.
0.
0.
0.
0.
0.
0.
0.
0.
0.
0.
0.
0.
0.
0.
0.
0.
0.
0.
0.
0.
0.
0.
0.
0.
0.
0.
0.
0.
0.
0.
0.
0.
0.
0.
0.
0.
0.
0.
0.
0.
0.
0.
0.
0.
0.
0.
0.
0.
0.
0.
0.
0.
0.
0.
0.
0.
0.
0.
0.
0.
0.
0.
0.
0.
0.
0.
0.
0.
0.
0.
0.
0.
0.
0.
0.
0.
0.
0.
0.
0.
0.
0.
0.
0.
0.
0.
0.
0.
0.
0.
0.
0.
0.
0.
0.
0.
0.
0.
0.
0.
0.
0.
0.
0.
0.
0.
0.
0.
0.
0.
0.
0.
0.
0.
0.
0.
0.
0.
0.
0.
0.
0.
0.
0.
0.
0.
0.
0.
0.
0.
0.
0.
0.
0.
0.
0.
0.
0.
0.
0.
0.
0.
0.
0.
0.
0.
0.
0.
0.
0.
0.
0.
0.
0.
0.
0.
0.
0.
0.
0.
0.
0.
0.
0.
0.
0.
0.
0.
0.
0.
0.
0.
0.
0.
0.
0.
0.
0.
0.
0.
0.
0.
0.
0.
0.
0.
0.
0.
0.
0.
0.
0.
0.
0.
0.
0.
0.
0.
0.
0.
0.
0.
0.
0.
0.
0.
0.
0.
0.
0.
0.
0.
0.
0.
0.
0.
0.
0.
0.
0.
0.
0.
0.
0.
0.
0.
0.
0.
0.
0.
0.
0.
0.
0.
0.
0.
0.
0.
0.
0.
0.
0.
0.
0.
0.
0.
0.
0.
0.
0.
0.
0.
0.
0.
0.
0.
0.
0.
0.
0.
0.
0.
0.
0.
0.
0.
0.
0.
0.
0.
0.
0.
0.
0.
0.
0.
0.
0.
0.
0.
0.
0.
0.
0.
0.
0.
0.
0.
0.
0.
0.
0.
0.
0.
0.
0.
0.
0.
0.
0.
0.
0.
0.
0.
0.
0.
0.
0.
0.
0.
0.
0.
0.
0.
0.
0.
0.
0.
0.
0.
0.
0.
0.
0.
0.
0.
0.
0.
0.
0.
0.
0.
0.
0.
0.
0.
0.
0.
0.
0.
0.
0.
0.
0.
0.
0.
0.
0.
0.
0.
0.
0.
0.
0.
0.
0.
0.
0.
0.
0.
0.
0.
0.
0.
0.
0.
0.
0.
0.
0.
0.
0.
0.
0.
0.
0.
0.
0.
0.
0.
0.
0.
0.
0.
0.
0.
0.
0.
0.
0.
0.
0.
0.
0.
0.
0.
0.
0.
0.
0.
0.
0.
0.
0.
0.
0.
0.
0.
0.
0.
0.
0.
0.
0.
0.
0.
0.
0.
0.
0.
0.
0.
0.
0.
0.
0.
0.
0.
0.
0.
0.
0.
0.
0.
0.
0.
0.
0.
0.
0.
0.
0.
0.
0.
0.
0.
0.
0.
0.
0.
0.
0.
0.
0.
0.
0.
0.
0.
0.
0.
0.
0.
0.
0.
0.
0.
0.
0.
0.
0.
0.
0.
0.
0.
0.
0.
0.
0.
0.
0.
0.
0.
0.
0.
0.
0.
0.
0.
0.
0.
0.
0.
0.
0.
0.
0.
0.
0.
0.
0.
0.
0.
0.
0.
0.
0.
0.
0.
0.
0.
0.
0.
0.
0.
0.
0.
0.
0.
0.
0.
0.
0.
0.
0.
0.
0.
0.
0.
0.
0.
0.
0.
0.
0.
0.
0.
0.
0.
0.
0.
0.
0.
0.
0.
0.
0.
0.
0.
0.
0.
0.
0.
0.
0.
0.
0.
0.
0.
0.
0.
0.
0.
0.
0.
0.
0.
0.
0.
0.
0.
0.
0.
0.
0.
0.
0.
0.
0.
0.
0.
0.
0.
0.
0.
0.
0.
0.
0.
0.
0.
0.
0.
0.
0.
0.
0.
0.
0.
0.
0.
0.
0.
0.
0.
0.
0.
0.
0.
0.
0.
0.
0.
0.
0.
0.
0.
0.
0.
0.
0.
0.
0.
0.
0.
0.
0.
0.
0.
0.
0.
0.
0.
0.
0.
0.
0.
0.
0.
0.
0.
0.
0.
0.
0.
0.
0.
0.
0.
0.
0.
0.
0.
0.
0.
0.
0.
0.
0.
0.
0.
0.
0.
0.
0.
0.
0.
0.
0.
0.
0.
0.
0.
0.
0.
0.
0.
0.
0.
0.
0.
0.
0.
0.
0.
0.
0.
0.
0.
0.
0.
0.
0.
0.
0.
0.
0.
0.
0.
0.
0.
0.
0.
0.
0.
0.
0.
0.
0.
0.
0.
0.
0.
0.
0.
0.
Process [4]
0.
0.
0.
0.
0.
0.
0.
0.
0.
0.
0.
0.
0.
0.
0.
0.
0.
0.
0.
0.
0.
0.
0.
0.
0.
0.
0.
0.
0.
0.
0.
0.
0.
0.
0.
0.
0.
0.
0.
0.
0.
0.
0.
0.
0.
0.
0.
0.
0.
0.
0.
0.
0.
0.
0.
0.
0.
0.
0.
0.
0.
0.
0.
0.
0.
0.
0.
0.
0.
0.
0.
0.
0.
0.
0.
0.
0.
0.
0.
0.
0.
0.
0.
0.
0.
0.
0.
0.
0.
0.
0.
0.
0.
0.
0.
0.
0.
0.
0.
0.
0.
0.
0.
0.
0.
0.
0.
0.
0.
0.
0.
0.
0.
0.
0.
0.
0.
0.
0.
0.
0.
0.
0.
0.
0.
0.
0.
0.
0.
0.
0.
0.
0.
0.
0.
0.
0.
0.
0.
0.
0.
0.
0.
0.
0.
0.
0.
0.
0.
0.
0.
0.
0.
0.
0.
0.
0.
0.
0.
0.
0.
0.
0.
0.
0.
0.
0.
0.
0.
0.
0.
0.
0.
0.
0.
0.
0.
0.
0.
0.
0.
0.
0.
0.
0.
0.
0.
0.
0.
0.
0.
0.
0.
0.
0.
0.
0.
0.
0.
0.
0.
0.
0.
0.
0.
0.
0.
0.
0.
0.
0.
0.
0.
0.
0.
0.
0.
0.
0.
0.
0.
0.
0.
0.
0.
0.
0.
0.
0.
0.
0.
0.
0.
0.
0.
0.
0.
0.
0.
0.
0.
0.
0.
0.
0.
0.
0.
0.
0.
0.
0.
0.
0.
0.
0.
0.
0.
0.
0.
0.
0.
0.
0.
0.
0.
0.
0.
0.
0.
0.
0.
0.
0.
0.
0.
0.
0.
0.
0.
0.
0.
0.
0.
0.
0.
0.
0.
0.
0.
0.
0.
0.
0.
0.
0.
0.
0.
0.
0.
0.
0.
0.
0.
0.
0.
0.
0.
0.
0.
0.
0.
0.
0.
0.
0.
0.
0.
0.
0.
0.
0.
0.
0.
0.
0.
0.
0.
0.
0.
0.
0.
0.
0.
0.
0.
0.
0.
0.
0.
0.
0.
0.
0.
0.
0.
0.
0.
0.
0.
0.
0.
0.
0.
0.
0.
0.
0.
0.
0.
0.
0.
0.
0.
0.
0.
0.
0.
0.
0.
0.
0.
0.
0.
0.
0.
0.
0.
0.
0.
0.
0.
0.
0.
0.
0.
0.
0.
0.
0.
0.
0.
0.
0.
0.
0.
0.
0.
0.
0.
0.
0.
0.
0.
0.
0.
0.
0.
0.
0.
0.
0.
0.
0.
0.
0.
0.
0.
0.
0.
0.
0.
0.
0.
0.
0.
0.
0.
0.
0.
0.
0.
0.
0.
0.
0.
0.
0.
0.
0.
0.
0.
0.
0.
0.
0.
0.
0.
0.
0.
0.
0.
0.
0.
0.
0.
0.
0.
0.
0.
0.
0.
0.
0.
0.
0.
0.
0.
0.
0.
0.
0.
0.
0.
0.
0.
0.
0.
0.
0.
0.
0.
0.
0.
0.
0.
0.
0.
0.
0.
0.
0.
0.
0.
0.
0.
0.
0.
0.
0.
0.
0.
0.
0.
0.
0.
0.
0.
0.
0.
0.
0.
0.
0.
0.
0.
0.
0.
0.
0.
0.
0.
0.
0.
0.
0.
0.
0.
0.
0.
0.
0.
0.
0.
0.
0.
0.
0.
0.
0.
0.
0.
0.
0.
0.
0.
0.
0.
0.
0.
0.
0.
0.
0.
0.
0.
0.
0.
0.
0.
0.
0.
0.
0.
0.
0.
0.
0.
0.
0.
0.
0.
0.
0.
0.
0.
0.
0.
0.
0.
0.
0.
0.
0.
0.
0.
0.
0.
0.
0.
0.
0.
0.
0.
0.
0.
0.
0.
0.
0.
0.
0.
0.
0.
0.
0.
0.
0.
0.
0.
0.
0.
0.
0.
0.
0.
0.
0.
0.
0.
0.
0.
0.
0.
0.
0.
0.
0.
0.
0.
0.
0.
0.
0.
0.
0.
0.
0.
0.
0.
0.
0.
0.
0.
0.
0.
0.
0.
0.
0.
0.
0.
0.
0.
0.
0.
0.
0.
0.
0.
0.
0.
0.
0.
0.
0.
0.
0.
0.
0.
0.
0.
0.
0.
0.
0.
0.
0.
0.
0.
0.
0.
0.
0.
0.
0.
0.
0.
0.
0.
0.
0.
0.
0.
0.
0.
0.
0.
0.
0.
0.
0.
0.
0.
0.
0.
0.
0.
0.
0.
0.
0.
0.
0.
0.
0.
0.
0.
0.
0.
0.
0.
0.
0.
0.
0.
0.
0.
0.
0.
0.
0.
0.
0.
0.
0.
0.
0.
0.
0.
0.
0.
0.
0.
0.
0.
0.
0.
0.
0.
0.
0.
0.
0.
0.
0.
0.
0.
0.
0.
0.
0.
0.
0.
0.
0.
0.
0.
0.
0.
0.
0.
0.
0.
0.
0.
0.
0.
0.
0.
0.
0.
0.
0.
0.
0.
0.
0.
0.
0.
0.
0.
0.
0.
0.
0.
0.
0.
0.
0.
0.
0.
0.
0.
0.
0.
0.
0.
0.
0.
0.
0.
0.
0.
0.
0.
0.
0.
0.
0.
0.
Process [5]
0.
0.
0.
0.
0.
0.
0.
0.
0.
0.
0.
0.
0.
0.
0.
0.
0.
0.
0.
0.
0.
0.
0.
0.
0.
0.
0.
0.
0.
0.
0.
0.
0.
0.
0.
0.
0.
0.
0.
0.
0.
0.
0.
0.
0.
0.
0.
0.
0.
0.
0.
0.
0.
0.
0.
0.
0.
0.
0.
0.
0.
0.
0.
0.
0.
0.
0.
0.
0.
0.
0.
0.
0.
0.
0.
0.
0.
0.
0.
0.
0.
0.
0.
0.
0.
0.
0.
0.
0.
0.
0.
0.
0.
0.
0.
0.
0.
0.
0.
0.
0.
0.
0.
0.
0.
0.
0.
0.
0.
0.
0.
0.
0.
0.
0.
0.
0.
0.
0.
0.
0.
0.
0.
0.
0.
0.
0.
0.
0.
0.
0.
0.
0.
0.
0.
0.
0.
0.
0.
0.
0.
0.
0.
0.
0.
0.
0.
0.
0.
0.
0.
0.
0.
0.
0.
0.
0.
0.
0.
0.
0.
0.
0.
0.
0.
0.
0.
0.
0.
0.
0.
0.
0.
0.
0.
0.
0.
0.
0.
0.
0.
0.
0.
0.
0.
0.
0.
0.
0.
0.
0.
0.
0.
0.
0.
0.
0.
0.
0.
0.
0.
0.
0.
0.
0.
0.
0.
0.
0.
0.
0.
0.
0.
0.
0.
0.
0.
0.
0.
0.
0.
0.
0.
0.
0.
0.
0.
0.
0.
0.
0.
0.
0.
0.
0.
0.
0.
0.
0.
0.
0.
0.
0.
0.
0.
0.
0.
0.
0.
0.
0.
0.
0.
0.
0.
0.
0.
0.
0.
0.
0.
0.
0.
0.
0.
0.
0.
0.
0.
0.
0.
0.
0.
0.
0.
0.
0.
0.
0.
0.
0.
0.
0.
0.
0.
0.
0.
0.
0.
0.
0.
0.
0.
0.
0.
0.
0.
0.
0.
0.
0.
0.
0.
0.
0.
0.
0.
0.
0.
0.
0.
0.
0.
0.
0.
0.
0.
0.
0.
0.
0.
0.
0.
0.
0.
0.
0.
0.
0.
0.
0.
0.
0.
0.
0.
0.
0.
0.
0.
0.
0.
0.
0.
0.
0.
0.
0.
0.
0.
0.
0.
0.
0.
0.
0.
0.
0.
0.
0.
0.
0.
0.
0.
0.
0.
0.
0.
0.
0.
0.
0.
0.
0.
0.
0.
0.
0.
0.
0.
0.
0.
0.
0.
0.
0.
0.
0.
0.
0.
0.
0.
0.
0.
0.
0.
0.
0.
0.
0.
0.
0.
0.
0.
0.
0.
0.
0.
0.
0.
0.
0.
0.
0.
0.
0.
0.
0.
0.
0.
0.
0.
0.
0.
0.
0.
0.
0.
0.
0.
0.
0.
0.
0.
0.
0.
0.
0.
0.
0.
0.
0.
0.
0.
0.
0.
0.
0.
0.
0.
0.
0.
0.
0.
0.
0.
0.
0.
0.
0.
0.
0.
0.
0.
0.
0.
0.
0.
0.
0.
0.
0.
0.
0.
0.
0.
0.
0.
0.
0.
0.
0.
0.
0.
0.
0.
0.
0.
0.
0.
0.
0.
0.
0.
0.
0.
0.
0.
0.
0.
0.
0.
0.
0.
0.
0.
0.
0.
0.
0.
0.
0.
0.
0.
0.
0.
0.
0.
0.
0.
0.
0.
0.
0.
0.
0.
0.
0.
0.
0.
0.
0.
0.
0.
0.
0.
0.
0.
0.
0.
0.
0.
0.
0.
0.
0.
0.
0.
0.
0.
0.
0.
0.
0.
0.
0.
0.
0.
0.
0.
0.
0.
0.
0.
0.
0.
0.
0.
0.
0.
0.
0.
0.
0.
0.
0.
0.
0.
0.
0.
0.
0.
0.
0.
0.
0.
0.
0.
0.
0.
0.
0.
0.
0.
0.
0.
0.
0.
0.
0.
0.
0.
0.
0.
0.
0.
0.
0.
0.
0.
0.
0.
0.
0.
0.
0.
0.
0.
0.
0.
0.
0.
0.
0.
0.
0.
0.
0.
0.
0.
0.
0.
0.
0.
0.
0.
0.
0.
0.
0.
0.
0.
0.
0.
0.
0.
0.
0.
0.
0.
0.
0.
0.
0.
0.
0.
0.
0.
0.
0.
0.
0.
0.
0.
0.
0.
0.
0.
0.
0.
0.
0.
0.
0.
0.
0.
0.
0.
0.
0.
0.
0.
0.
0.
0.
0.
0.
0.
0.
0.
0.
0.
0.
0.
0.
0.
0.
0.
0.
0.
0.
0.
0.
0.
0.
0.
0.
0.
0.
0.
0.
0.
0.
0.
0.
0.
0.
0.
0.
0.
0.
0.
0.
0.
0.
0.
0.
0.
0.
0.
0.
0.
0.
0.
0.
0.
0.
0.
0.
0.
0.
0.
0.
0.
0.
0.
0.
0.
0.
0.
0.
0.
0.
0.
0.
0.
0.
0.
0.
0.
0.
0.
0.
0.
0.
0.
0.
0.
0.
0.
0.
0.
0.
0.
0.
0.
0.
0.
0.
0.
0.
0.
0.
0.
0.
0.
0.
0.
0.
0.
0.
0.
0.
0.
0.
0.
0.
0.
0.
0.
0.
Process [6]
0.
0.
0.
0.
0.
0.
0.
0.
0.
0.
0.
0.
0.
0.
0.
0.
0.
0.
0.
0.
0.
0.
0.
0.
0.
0.
0.
0.
0.
0.
0.
0.
0.
0.
0.
0.
0.
0.
0.
0.
0.
0.
0.
0.
0.
0.
0.
0.
0.
0.
0.
0.
0.
0.
0.
0.
0.
0.
0.
0.
0.
0.
0.
0.
0.
0.
0.
0.
0.
0.
0.
0.
0.
0.
0.
0.
0.
0.
0.
0.
0.
0.
0.
0.
0.
0.
0.
0.
0.
0.
0.
0.
0.
0.
0.
0.
0.
0.
0.
0.
0.
0.
0.
0.
0.
0.
0.
0.
0.
0.
0.
0.
0.
0.
0.
0.
0.
0.
0.
0.
0.
0.
0.
0.
0.
0.
0.
0.
0.
0.
0.
0.
0.
0.
0.
0.
0.
0.
0.
0.
0.
0.
0.
0.
0.
0.
0.
0.
0.
0.
0.
0.
0.
0.
0.
0.
0.
0.
0.
0.
0.
0.
0.
0.
0.
0.
0.
0.
0.
0.
0.
0.
0.
0.
0.
0.
0.
0.
0.
0.
0.
0.
0.
0.
0.
0.
0.
0.
0.
0.
0.
0.
0.
0.
0.
0.
0.
0.
0.
0.
0.
0.
0.
0.
0.
0.
0.
0.
0.
0.
0.
0.
0.
0.
0.
0.
0.
0.
0.
0.
0.
0.
0.
0.
0.
0.
0.
0.
0.
0.
0.
0.
0.
0.
0.
0.
0.
0.
0.
0.
0.
0.
0.
0.
0.
0.
0.
0.
0.
0.
0.
0.
0.
0.
0.
0.
0.
0.
0.
0.
0.
0.
0.
0.
0.
0.
0.
0.
0.
0.
0.
0.
0.
0.
0.
0.
0.
0.
0.
0.
0.
0.
0.
0.
0.
0.
0.
0.
0.
0.
0.
0.
0.
0.
0.
0.
0.
0.
0.
0.
0.
0.
0.
0.
0.
0.
0.
0.
0.
0.
0.
0.
0.
0.
0.
0.
0.
0.
0.
0.
0.
0.
0.
0.
0.
0.
0.
0.
0.
0.
0.
0.
0.
0.
0.
0.
0.
0.
0.
0.
0.
0.
0.
0.
0.
0.
0.
0.
0.
0.
0.
0.
0.
0.
0.
0.
0.
0.
0.
0.
0.
0.
0.
0.
0.
0.
0.
0.
0.
0.
0.
0.
0.
0.
0.
0.
0.
0.
0.
0.
0.
0.
0.
0.
0.
0.
0.
0.
0.
0.
0.
0.
0.
0.
0.
0.
0.
0.
0.
0.
0.
0.
0.
0.
0.
0.
0.
0.
0.
0.
0.
0.
0.
0.
0.
0.
0.
0.
0.
0.
0.
0.
0.
0.
0.
0.
0.
0.
0.
0.
0.
0.
0.
0.
0.
0.
0.
0.
0.
0.
0.
0.
0.
0.
0.
0.
0.
0.
0.
0.
0.
0.
0.
0.
0.
0.
0.
0.
0.
0.
0.
0.
0.
0.
0.
0.
0.
0.
0.
0.
0.
0.
0.
0.
0.
0.
0.
0.
0.
0.
0.
0.
0.
0.
0.
0.
0.
0.
0.
0.
0.
0.
0.
0.
0.
0.
0.
0.
0.
0.
0.
0.
0.
0.
0.
0.
0.
0.
0.
0.
0.
0.
0.
0.
0.
0.
0.
0.
0.
0.
0.
0.
0.
0.
0.
0.
0.
0.
0.
0.
0.
0.
0.
0.
0.
0.
0.
0.
0.
0.
0.
0.
0.
0.
0.
0.
0.
0.
0.
0.
0.
0.
0.
0.
0.
0.
0.
0.
0.
0.
0.
0.
0.
0.
0.
0.
0.
0.
0.
0.
0.
0.
0.
0.
0.
0.
0.
0.
0.
0.
0.
0.
0.
0.
0.
0.
0.
0.
0.
0.
0.
0.
0.
0.
0.
0.
0.
0.
0.
0.
0.
0.
0.
0.
0.
0.
0.
0.
0.
0.
0.
0.
0.
0.
0.
0.
0.
0.
0.
0.
0.
0.
0.
0.
0.
0.
0.
0.
0.
0.
0.
0.
0.
0.
0.
0.
0.
0.
0.
0.
0.
0.
0.
0.
0.
0.
0.
0.
0.
0.
0.
0.
0.
0.
0.
0.
0.
0.
0.
0.
0.
0.
0.
0.
0.
0.
0.
0.
0.
0.
0.
0.
0.
0.
0.
0.
0.
0.
0.
0.
0.
0.
0.
0.
0.
0.
0.
0.
0.
0.
0.
0.
0.
0.
0.
0.
0.
0.
0.
0.
0.
0.
0.
0.
0.
0.
0.
0.
0.
0.
0.
0.
0.
0.
0.
0.
0.
0.
0.
0.
0.
0.
0.
0.
0.
0.
0.
0.
0.
0.
0.
0.
0.
0.
0.
0.
0.
0.
0.
0.
0.
0.
0.
0.
0.
0.
0.
0.
0.
0.
0.
0.
0.
0.
0.
0.
0.
0.
0.
0.
0.
0.
0.
0.
0.
0.
0.
0.
0.
0.
0.
0.
0.
0.
0.
0.
0.
0.
0.
0.
0.
0.
0.
0.
0.
0.
0.
0.
0.
0.
0.
0.
0.
0.
0.
0.
0.
0.
0.
0.
0.
0.
0.
0.
0.
0.
0.
0.
0.
0.
0.
0.
0.
0.
0.
0.
0.
0.
0.
0.
Process [7]
0.
0.
0.
0.
0.
0.
0.
0.
0.
0.
0.
0.
0.
0.
0.
0.
0.
0.
0.
0.
0.
0.
0.
0.
0.
0.
0.
0.
0.
0.
0.
0.
0.
0.
0.
0.
0.
0.
0.
0.
0.
0.
0.
0.
0.
0.
0.
0.
0.
0.
0.
0.
0.
0.
0.
0.
0.
0.
0.
0.
0.
0.
0.
0.
0.
0.
0.
0.
0.
0.
0.
0.
0.
0.
0.
0.
0.
0.
0.
0.
0.
0.
0.
0.
0.
0.
0.
0.
0.
0.
0.
0.
0.
0.
0.
0.
0.
0.
0.
0.
0.
0.
0.
0.
0.
0.
0.
0.
0.
0.
0.
0.
0.
0.
0.
0.
0.
0.
0.
0.
0.
0.
0.
0.
0.
0.
0.
0.
0.
0.
0.
0.
0.
0.
0.
0.
0.
0.
0.
0.
0.
0.
0.
0.
0.
0.
0.
0.
0.
0.
0.
0.
0.
0.
0.
0.
0.
0.
0.
0.
0.
0.
0.
0.
0.
0.
0.
0.
0.
0.
0.
0.
0.
0.
0.
0.
0.
0.
0.
0.
0.
0.
0.
0.
0.
0.
0.
0.
0.
0.
0.
0.
0.
0.
0.
0.
0.
0.
0.
0.
0.
0.
0.
0.
0.
0.
0.
0.
0.
0.
0.
0.
0.
0.
0.
0.
0.
0.
0.
0.
0.
0.
0.
0.
0.
0.
0.
0.
0.
0.
0.
0.
0.
0.
0.
0.
0.
0.
0.
0.
0.
0.
0.
0.
0.
0.
0.
0.
0.
0.
0.
0.
0.
0.
0.
0.
0.
0.
0.
0.
0.
0.
0.
0.
0.
0.
0.
0.
0.
0.
0.
0.
0.
0.
0.
0.
0.
0.
0.
0.
0.
0.
0.
0.
0.
0.
0.
0.
0.
0.
0.
0.
0.
0.
0.
0.
0.
0.
0.
0.
0.
0.
0.
0.
0.
0.
0.
0.
0.
0.
0.
0.
0.
0.
0.
0.
0.
0.
0.
0.
0.
0.
0.
0.
0.
0.
0.
0.
0.
0.
0.
0.
0.
0.
0.
0.
0.
0.
0.
0.
0.
0.
0.
0.
0.
0.
0.
0.
0.
0.
0.
0.
0.
0.
0.
0.
0.
0.
0.
0.
0.
0.
0.
0.
0.
0.
0.
0.
0.
0.
0.
0.
0.
0.
0.
0.
0.
0.
0.
0.
0.
0.
0.
0.
0.
0.
0.
0.
0.
0.
0.
0.
0.
0.
0.
0.
0.
0.
0.
0.
0.
0.
0.
0.
0.
0.
0.
0.
0.
0.
0.
0.
0.
0.
0.
0.
0.
0.
0.
0.
0.
0.
0.
0.
0.
0.
0.
0.
0.
0.
0.
0.
0.
0.
0.
0.
0.
0.
0.
0.
0.
0.
0.
0.
0.
0.
0.
0.
0.
0.
0.
0.
0.
0.
0.
0.
0.
0.
0.
0.
0.
0.
0.
0.
0.
0.
0.
0.
0.
0.
0.
0.
0.
0.
0.
0.
0.
0.
0.
0.
0.
0.
0.
0.
0.
0.
0.
0.
0.
0.
0.
0.
0.
0.
0.
0.
0.
0.
0.
0.
0.
0.
0.
0.
0.
0.
0.
0.
0.
0.
0.
0.
0.
0.
0.
0.
0.
0.
0.
0.
0.
0.
0.
0.
0.
0.
0.
0.
0.
0.
0.
0.
0.
0.
0.
0.
0.
0.
0.
0.
0.
0.
0.
0.
0.
0.
0.
0.
0.
0.
0.
0.
0.
0.
0.
0.
0.
0.
0.
0.
0.
0.
0.
0.
0.
0.
0.
0.
0.
0.
0.
0.
0.
0.
0.
0.
0.
0.
0.
0.
0.
0.
0.
0.
0.
0.
0.
0.
0.
0.
0.
0.
0.
0.
0.
0.
0.
0.
0.
0.
0.
0.
0.
0.
0.
0.
0.
0.
0.
0.
0.
0.
0.
0.
0.
0.
0.
0.
0.
0.
0.
0.
0.
0.
0.
0.
0.
0.
0.
0.
0.
0.
0.
0.
0.
0.
0.
0.
0.
0.
0.
0.
0.
0.
0.
0.
0.
0.
0.
0.
0.
0.
0.
0.
0.
0.
0.
0.
0.
0.
0.
0.
0.
0.
0.
0.
0.
0.
0.
0.
0.
0.
0.
0.
0.
0.
0.
0.
0.
0.
0.
0.
0.
0.
0.
0.
0.
0.
0.
0.
0.
0.
0.
0.
0.
0.
0.
0.
0.
0.
0.
0.
0.
0.
0.
0.
0.
0.
0.
0.
0.
0.
0.
0.
0.
0.
0.
0.
0.
0.
0.
0.
0.
0.
0.
0.
0.
0.
0.
0.
0.
0.
0.
0.
0.
0.
0.
0.
0.
0.
0.
0.
0.
0.
0.
0.
0.
0.
0.
0.
0.
0.
0.
0.
0.
0.
0.
0.
0.
0.
0.
0.
0.
0.
0.
0.
0.
0.
0.
0.
0.
0.
0.
0.
0.
0.
0.
0.
0.
0.
0.
0.
0.
0.
0.
0.
0.
0.
0.
0.
0.
0.
0.
0.
0.
0.
0.
0.
0.
0.
