Vec Object: Vec_0x84000004_3 8 MPI processes
  type: mpi
Process [0]
-3.38542e+08
-3.38237e+08
-3.37324e+08
-3.35806e+08
-3.33688e+08
-3.30977e+08
-3.27684e+08
-3.23821e+08
-3.19408e+08
-3.14466e+08
-3.09023e+08
-3.03113e+08
-2.96775e+08
-2.90057e+08
-2.83011e+08
-2.75696e+08
-2.68177e+08
-2.60522e+08
-2.52804e+08
-2.45093e+08
-2.3746e+08
-2.29973e+08
-2.22693e+08
-2.15675e+08
-2.08964e+08
-2.02596e+08
-1.966e+08
-1.90992e+08
-1.85781e+08
-1.80969e+08
-1.76551e+08
-1.72515e+08
-1.68848e+08
-1.65531e+08
-1.62546e+08
-1.5987e+08
-1.57483e+08
-1.55364e+08
-1.53492e+08
-1.51846e+08
-1.50408e+08
-1.49159e+08
-1.48083e+08
-1.47164e+08
-1.46386e+08
-1.45737e+08
-1.45203e+08
-1.44772e+08
-1.44435e+08
-1.44181e+08
-1.44e+08
-1.43885e+08
-1.43827e+08
-1.4382e+08
-1.43857e+08
-1.43931e+08
-1.44038e+08
-1.44172e+08
-1.44328e+08
-1.44503e+08
-1.44692e+08
-1.44892e+08
-1.45099e+08
-1.45311e+08
-1.45525e+08
-1.45738e+08
-1.45949e+08
-1.46154e+08
-1.46353e+08
-1.46543e+08
-1.46723e+08
-1.46891e+08
-1.47046e+08
-1.47187e+08
-1.47312e+08
-1.47421e+08
-1.47511e+08
-1.47582e+08
-1.47634e+08
-1.47665e+08
-1.47675e+08
-3.29782e+08
-3.29484e+08
-3.28592e+08
-3.27109e+08
-3.25039e+08
-3.22392e+08
-3.19176e+08
-3.15407e+08
-3.11102e+08
-3.06283e+08
-3.00979e+08
-2.95222e+08
-2.89051e+08
-2.82511e+08
-2.75653e+08
-2.68535e+08
-2.61217e+08
-2.53766e+08
-2.46249e+08
-2.38734e+08
-2.31289e+08
-2.23978e+08
-2.16859e+08
-2.09985e+08
-2.03401e+08
-1.97141e+08
-1.91234e+08
-1.85697e+08
-1.8054e+08
-1.75766e+08
-1.71371e+08
-1.67346e+08
-1.63679e+08
-1.60354e+08
-1.57352e+08
-1.54654e+08
-1.52241e+08
-1.50091e+08
-1.48185e+08
-1.46505e+08
-1.4503e+08
-1.43745e+08
-1.42632e+08
-1.41676e+08
-1.40862e+08
-1.40177e+08
-1.39608e+08
-1.39144e+08
-1.38773e+08
-1.38487e+08
-1.38276e+08
-1.38132e+08
-1.38046e+08
-1.38012e+08
-1.38023e+08
-1.38074e+08
-1.38157e+08
-1.38269e+08
-1.38405e+08
-1.3856e+08
-1.3873e+08
-1.38913e+08
-1.39104e+08
-1.393e+08
-1.395e+08
-1.39699e+08
-1.39897e+08
-1.40091e+08
-1.40279e+08
-1.40459e+08
-1.4063e+08
-1.4079e+08
-1.40938e+08
-1.41072e+08
-1.41191e+08
-1.41294e+08
-1.4138e+08
-1.41448e+08
-1.41498e+08
-1.41527e+08
-1.41537e+08
-3.12611e+08
-3.12326e+08
-3.11474e+08
-3.10056e+08
-3.0808e+08
-3.05552e+08
-3.02485e+08
-2.98891e+08
-2.94789e+08
-2.90202e+08
-2.85155e+08
-2.79681e+08
-2.73817e+08
-2.67604e+08
-2.61091e+08
-2.5433e+08
-2.47378e+08
-2.40294e+08
-2.3314e+08
-2.25979e+08
-2.18872e+08
-2.11879e+08
-2.05052e+08
-1.98442e+08
-1.9209e+08
-1.8603e+08
-1.8029e+08
-1.74888e+08
-1.69836e+08
-1.65139e+08
-1.60795e+08
-1.568e+08
-1.53142e+08
-1.49809e+08
-1.46786e+08
-1.44055e+08
-1.41599e+08
-1.394e+08
-1.37439e+08
-1.35699e+08
-1.34163e+08
-1.32814e+08
-1.31636e+08
-1.30614e+08
-1.29736e+08
-1.28987e+08
-1.28355e+08
-1.2783e+08
-1.274e+08
-1.27056e+08
-1.26789e+08
-1.26591e+08
-1.26453e+08
-1.26369e+08
-1.26333e+08
-1.26338e+08
-1.26378e+08
-1.26449e+08
-1.26546e+08
-1.26664e+08
-1.26799e+08
-1.26948e+08
-1.27108e+08
-1.27276e+08
-1.27448e+08
-1.27622e+08
-1.27796e+08
-1.27968e+08
-1.28135e+08
-1.28297e+08
-1.2845e+08
-1.28595e+08
-1.28728e+08
-1.2885e+08
-1.28958e+08
-1.29052e+08
-1.2913e+08
-1.29192e+08
-1.29236e+08
-1.29264e+08
-1.29273e+08
-2.96122e+08
-2.95849e+08
-2.95032e+08
-2.93675e+08
-2.91782e+08
-2.89361e+08
-2.86425e+08
-2.82985e+08
-2.79061e+08
-2.74673e+08
-2.69846e+08
-2.64611e+08
-2.59003e+08
-2.53061e+08
-2.46829e+08
-2.40357e+08
-2.33697e+08
-2.26905e+08
-2.20039e+08
-2.13157e+08
-2.06318e+08
-1.99575e+08
-1.92982e+08
-1.86584e+08
-1.80423e+08
-1.74531e+08
-1.68936e+08
-1.63656e+08
-1.58703e+08
-1.54085e+08
-1.49801e+08
-1.45847e+08
-1.42215e+08
-1.38894e+08
-1.35869e+08
-1.33127e+08
-1.30651e+08
-1.28424e+08
-1.26429e+08
-1.24651e+08
-1.23072e+08
-1.21678e+08
-1.20453e+08
-1.19383e+08
-1.18455e+08
-1.17657e+08
-1.16976e+08
-1.16401e+08
-1.15924e+08
-1.15533e+08
-1.1522e+08
-1.14977e+08
-1.14796e+08
-1.1467e+08
-1.14594e+08
-1.1456e+08
-1.14563e+08
-1.14598e+08
-1.14661e+08
-1.14747e+08
-1.14852e+08
-1.14972e+08
-1.15104e+08
-1.15246e+08
-1.15394e+08
-1.15545e+08
-1.15698e+08
-1.1585e+08
-1.15999e+08
-1.16144e+08
-1.16282e+08
-1.16412e+08
-1.16533e+08
-1.16643e+08
-1.16742e+08
-1.16827e+08
-1.16899e+08
-1.16956e+08
-1.16997e+08
-1.17021e+08
-1.1703e+08
-2.80286e+08
-2.80024e+08
-2.79239e+08
-2.77935e+08
-2.76116e+08
-2.7379e+08
-2.70968e+08
-2.67663e+08
-2.63891e+08
-2.59671e+08
-2.55029e+08
-2.49992e+08
-2.44592e+08
-2.38866e+08
-2.32857e+08
-2.2661e+08
-2.20175e+08
-2.13606e+08
-2.06956e+08
-2.00284e+08
-1.93644e+08
-1.8709e+08
-1.80674e+08
-1.7444e+08
-1.68429e+08
-1.62673e+08
-1.572e+08
-1.52027e+08
-1.47168e+08
-1.42629e+08
-1.3841e+08
-1.34508e+08
-1.30915e+08
-1.27622e+08
-1.24615e+08
-1.21881e+08
-1.19404e+08
-1.17169e+08
-1.15161e+08
-1.13363e+08
-1.11761e+08
-1.1034e+08
-1.09085e+08
-1.07982e+08
-1.0702e+08
-1.06187e+08
-1.05469e+08
-1.04859e+08
-1.04344e+08
-1.03916e+08
-1.03567e+08
-1.03289e+08
-1.03073e+08
-1.02913e+08
-1.02804e+08
-1.02737e+08
-1.0271e+08
-1.02715e+08
-1.02749e+08
-1.02807e+08
-1.02886e+08
-1.02981e+08
-1.0309e+08
-1.03209e+08
-1.03335e+08
-1.03467e+08
-1.03601e+08
-1.03735e+08
-1.03868e+08
-1.03998e+08
-1.04123e+08
-1.04241e+08
-1.04351e+08
-1.04451e+08
-1.04542e+08
-1.0462e+08
-1.04686e+08
-1.04738e+08
-1.04776e+08
-1.04799e+08
-1.04807e+08
-2.65079e+08
-2.64826e+08
-2.6407e+08
-2.62812e+08
-2.61058e+08
-2.58815e+08
-2.56092e+08
-2.52901e+08
-2.49257e+08
-2.45179e+08
-2.40687e+08
-2.35809e+08
-2.30573e+08
-2.25014e+08
-2.19172e+08
-2.1309e+08
-2.06816e+08
-2.00402e+08
-1.93901e+08
-1.8737e+08
-1.80865e+08
-1.74439e+08
-1.68143e+08
-1.62025e+08
-1.56124e+08
-1.50473e+08
-1.45099e+08
-1.4002e+08
-1.35247e+08
-1.30786e+08
-1.26637e+08
-1.22796e+08
-1.19256e+08
-1.16006e+08
-1.13034e+08
-1.10326e+08
-1.07868e+08
-1.05644e+08
-1.03641e+08
-1.01843e+08
-1.00235e+08
-9.8803e+07
-9.75339e+07
-9.64147e+07
-9.5433e+07
-9.45772e+07
-9.38365e+07
-9.32007e+07
-9.26604e+07
-9.22066e+07
-9.18309e+07
-9.15255e+07
-9.12832e+07
-9.10973e+07
-9.09613e+07
-9.08696e+07
-9.08167e+07
-9.07978e+07
-9.08081e+07
-9.08436e+07
-9.09002e+07
-9.09744e+07
-9.1063e+07
-9.11628e+07
-9.12712e+07
-9.13855e+07
-9.15034e+07
-9.16229e+07
-9.17419e+07
-9.18587e+07
-9.19715e+07
-9.2079e+07
-9.21796e+07
-9.22721e+07
-9.23553e+07
-9.24281e+07
-9.24894e+07
-9.25383e+07
-9.25738e+07
-9.25955e+07
-9.26027e+07
-2.50477e+08
-2.50233e+08
-2.49501e+08
-2.48285e+08
-2.46588e+08
-2.44416e+08
-2.41778e+08
-2.38684e+08
-2.35147e+08
-2.31183e+08
-2.26812e+08
-2.22056e+08
-2.16943e+08
-2.11504e+08
-2.05777e+08
-1.99803e+08
-1.93628e+08
-1.87303e+08
-1.80883e+08
-1.74425e+08
-1.67988e+08
-1.61627e+08
-1.55396e+08
-1.49345e+08
-1.43514e+08
-1.37937e+08
-1.32641e+08
-1.27641e+08
-1.22949e+08
-1.18567e+08
-1.14493e+08
-1.10723e+08
-1.07248e+08
-1.04056e+08
-1.01136e+08
-9.84716e+07
-9.60501e+07
-9.38565e+07
-9.18761e+07
-9.00944e+07
-8.84975e+07
-8.70719e+07
-8.58045e+07
-8.46828e+07
-8.36952e+07
-8.28305e+07
-8.20784e+07
-8.14292e+07
-8.08738e+07
-8.04037e+07
-8.00107e+07
-7.96873e+07
-7.94265e+07
-7.92215e+07
-7.90664e+07
-7.89555e+07
-7.88836e+07
-7.88457e+07
-7.88375e+07
-7.88547e+07
-7.88937e+07
-7.89508e+07
-7.90228e+07
-7.91068e+07
-7.92e+07
-7.92999e+07
-7.94043e+07
-7.9511e+07
-7.96182e+07
-7.9724e+07
-7.9827e+07
-7.99255e+07
-8.00182e+07
-8.0104e+07
-8.01816e+07
-8.02499e+07
-8.03078e+07
-8.03543e+07
-8.03883e+07
-8.04091e+07
-8.04161e+07
-2.3646e+08
-2.36223e+08
-2.35514e+08
-2.34334e+08
-2.32686e+08
-2.30576e+08
-2.28011e+08
-2.24998e+08
-2.21549e+08
-2.17677e+08
-2.13399e+08
-2.08733e+08
-2.03706e+08
-1.98344e+08
-1.92682e+08
-1.86759e+08
-1.80621e+08
-1.74319e+08
-1.6791e+08
-1.61456e+08
-1.55017e+08
-1.48656e+08
-1.42431e+08
-1.36395e+08
-1.30593e+08
-1.2506e+08
-1.19822e+08
-1.14892e+08
-1.10277e+08
-1.05975e+08
-1.01984e+08
-9.82962e+07
-9.48999e+07
-9.17825e+07
-8.89298e+07
-8.63272e+07
-8.39601e+07
-8.18137e+07
-7.98735e+07
-7.81254e+07
-7.65559e+07
-7.51519e+07
-7.3901e+07
-7.27911e+07
-7.18108e+07
-7.09495e+07
-7.01975e+07
-6.95457e+07
-6.89856e+07
-6.85089e+07
-6.81077e+07
-6.77747e+07
-6.7503e+07
-6.72864e+07
-6.7119e+07
-6.69952e+07
-6.69099e+07
-6.68585e+07
-6.68366e+07
-6.68402e+07
-6.68656e+07
-6.69094e+07
-6.69685e+07
-6.70399e+07
-6.71209e+07
-6.72091e+07
-6.73024e+07
-6.73986e+07
-6.74961e+07
-6.7593e+07
-6.76878e+07
-6.7779e+07
-6.78653e+07
-6.79456e+07
-6.80189e+07
-6.8084e+07
-6.81399e+07
-6.81852e+07
-6.82188e+07
-6.82394e+07
-6.82464e+07
-2.23011e+08
-2.2278e+08
-2.22091e+08
-2.20943e+08
-2.19339e+08
-2.17283e+08
-2.1478e+08
-2.11836e+08
-2.08459e+08
-2.0466e+08
-2.00451e+08
-1.95848e+08
-1.90872e+08
-1.85546e+08
-1.79902e+08
-1.73976e+08
-1.67813e+08
-1.61467e+08
-1.54995e+08
-1.48465e+08
-1.41949e+08
-1.35518e+08
-1.29237e+08
-1.23161e+08
-1.17342e+08
-1.11823e+08
-1.0663e+08
-1.01772e+08
-9.72489e+07
-9.30534e+07
-8.91744e+07
-8.55974e+07
-8.23063e+07
-7.92853e+07
-7.65188e+07
-7.39917e+07
-7.16892e+07
-6.95974e+07
-6.77027e+07
-6.59921e+07
-6.44533e+07
-6.30745e+07
-6.18445e+07
-6.07524e+07
-5.97872e+07
-5.89385e+07
-5.81967e+07
-5.75526e+07
-5.69978e+07
-5.6524e+07
-5.61234e+07
-5.57889e+07
-5.5514e+07
-5.52927e+07
-5.51195e+07
-5.49889e+07
-5.4896e+07
-5.48362e+07
-5.48053e+07
-5.47996e+07
-5.48156e+07
-5.485e+07
-5.48996e+07
-5.49616e+07
-5.50333e+07
-5.51124e+07
-5.51969e+07
-5.5285e+07
-5.53747e+07
-5.54645e+07
-5.55529e+07
-5.56384e+07
-5.57197e+07
-5.57958e+07
-5.58658e+07
-5.59291e+07
-5.59845e+07
-5.60304e+07
-5.6065e+07
-5.60865e+07
-5.60938e+07
-2.10112e+08
-2.09888e+08
-2.09216e+08
-2.08098e+08
-2.06533e+08
-2.04526e+08
-2.02078e+08
-1.99193e+08
-1.95876e+08
-1.92135e+08
-1.87977e+08
-1.83413e+08
-1.78459e+08
-1.73134e+08
-1.67464e+08
-1.61482e+08
-1.55232e+08
-1.48766e+08
-1.42153e+08
-1.35463e+08
-1.28776e+08
-1.22191e+08
-1.15807e+08
-1.09709e+08
-1.03954e+08
-9.85729e+07
-9.35713e+07
-8.8945e+07
-8.46791e+07
-8.07453e+07
-7.71115e+07
-7.37505e+07
-7.06398e+07
-6.77615e+07
-6.51008e+07
-6.26454e+07
-6.03843e+07
-5.8308e+07
-5.64076e+07
-5.46746e+07
-5.3101e+07
-5.16795e+07
-5.04026e+07
-4.92626e+07
-4.82517e+07
-4.73611e+07
-4.65796e+07
-4.58962e+07
-4.53018e+07
-4.47888e+07
-4.43497e+07
-4.39777e+07
-4.36669e+07
-4.34118e+07
-4.32072e+07
-4.30477e+07
-4.29283e+07
-4.28444e+07
-4.27917e+07
-4.27665e+07
-4.27658e+07
-4.27858e+07
-4.28231e+07
-4.28747e+07
-4.29378e+07
-4.30094e+07
-4.30873e+07
-4.31693e+07
-4.32534e+07
-4.3338e+07
-4.34215e+07
-4.35029e+07
-4.35807e+07
-4.36533e+07
-4.37205e+07
-4.37829e+07
-4.38402e+07
-4.38896e+07
-4.39274e+07
-4.3951e+07
-4.39591e+07
-1.9775e+08
-1.97532e+08
-1.96877e+08
-1.95786e+08
-1.94259e+08
-1.92296e+08
-1.89899e+08
-1.87067e+08
-1.83804e+08
-1.8011e+08
-1.7599e+08
-1.71448e+08
-1.66494e+08
-1.6114e+08
-1.55405e+08
-1.49317e+08
-1.42915e+08
-1.36254e+08
-1.29402e+08
-1.22469e+08
-1.15595e+08
-1.08961e+08
-1.02764e+08
-9.71274e+07
-9.20466e+07
-8.7442e+07
-8.32265e+07
-7.93303e+07
-7.57006e+07
-7.22992e+07
-6.90992e+07
-6.60813e+07
-6.32319e+07
-6.05415e+07
-5.80027e+07
-5.56101e+07
-5.33595e+07
-5.12469e+07
-4.92691e+07
-4.74225e+07
-4.57038e+07
-4.41092e+07
-4.26348e+07
-4.12768e+07
-4.0031e+07
-3.88931e+07
-3.78587e+07
-3.6923e+07
-3.60814e+07
-3.53289e+07
-3.46606e+07
Process [1]
-3.40711e+07
-3.35557e+07
-3.31093e+07
-3.2727e+07
-3.24039e+07
-3.21351e+07
-3.19158e+07
-3.17409e+07
-3.16065e+07
-3.1509e+07
-3.14441e+07
-3.14069e+07
-3.13945e+07
-3.14032e+07
-3.14278e+07
-3.14645e+07
-3.15092e+07
-3.15591e+07
-3.16131e+07
-3.16687e+07
-3.17247e+07
-3.1782e+07
-3.18358e+07
-3.18837e+07
-3.19326e+07
-3.19829e+07
-3.20281e+07
-3.20633e+07
-3.20854e+07
-3.2093e+07
-1.85911e+08
-1.85698e+08
-1.8506e+08
-1.83996e+08
-1.82506e+08
-1.80587e+08
-1.78239e+08
-1.75459e+08
-1.72246e+08
-1.68597e+08
-1.64509e+08
-1.59981e+08
-1.55012e+08
-1.49608e+08
-1.43776e+08
-1.37537e+08
-1.3092e+08
-1.2399e+08
-1.16881e+08
-1.09872e+08
-1.03384e+08
-9.76987e+07
-9.27826e+07
-8.84678e+07
-8.45976e+07
-8.10503e+07
-7.77354e+07
-7.45847e+07
-7.15555e+07
-6.86307e+07
-6.58074e+07
-6.30858e+07
-6.04668e+07
-5.79512e+07
-5.55391e+07
-5.32305e+07
-5.10248e+07
-4.89209e+07
-4.69174e+07
-4.50127e+07
-4.32045e+07
-4.14901e+07
-3.98668e+07
-3.83319e+07
-3.68829e+07
-3.55185e+07
-3.42393e+07
-3.30462e+07
-3.1938e+07
-3.09123e+07
-2.99665e+07
-2.90977e+07
-2.83022e+07
-2.75763e+07
-2.69162e+07
-2.63184e+07
-2.57793e+07
-2.52952e+07
-2.48625e+07
-2.44774e+07
-2.4136e+07
-2.38351e+07
-2.35715e+07
-2.33418e+07
-2.31429e+07
-2.2972e+07
-2.28261e+07
-2.27025e+07
-2.25989e+07
-2.25129e+07
-2.24421e+07
-2.23848e+07
-2.23395e+07
-2.23037e+07
-2.22756e+07
-2.22562e+07
-2.22447e+07
-2.22385e+07
-2.22356e+07
-2.22344e+07
-2.22341e+07
-1.7458e+08
-1.74373e+08
-1.73752e+08
-1.72717e+08
-1.71264e+08
-1.69392e+08
-1.67095e+08
-1.6437e+08
-1.61211e+08
-1.57608e+08
-1.53555e+08
-1.49041e+08
-1.44056e+08
-1.38592e+08
-1.32645e+08
-1.26219e+08
-1.19357e+08
-1.12254e+08
-1.05424e+08
-9.94924e+07
-9.46638e+07
-9.07004e+07
-8.72672e+07
-8.4094e+07
-8.10384e+07
-7.80583e+07
-7.51458e+07
-7.23017e+07
-6.95293e+07
-6.68304e+07
-6.42076e+07
-6.16644e+07
-5.92043e+07
-5.68298e+07
-5.45428e+07
-5.23443e+07
-5.02345e+07
-4.82131e+07
-4.62794e+07
-4.4432e+07
-4.26692e+07
-4.09891e+07
-3.93894e+07
-3.78679e+07
-3.64227e+07
-3.50518e+07
-3.3753e+07
-3.25238e+07
-3.13618e+07
-3.02648e+07
-2.92306e+07
-2.82572e+07
-2.73419e+07
-2.64822e+07
-2.56755e+07
-2.49197e+07
-2.42126e+07
-2.35523e+07
-2.29368e+07
-2.23637e+07
-2.18301e+07
-2.13342e+07
-2.08752e+07
-2.04506e+07
-2.00588e+07
-1.96998e+07
-1.93731e+07
-1.9078e+07
-1.88134e+07
-1.85766e+07
-1.83664e+07
-1.81812e+07
-1.80167e+07
-1.78753e+07
-1.77569e+07
-1.76534e+07
-1.75626e+07
-1.74888e+07
-1.7435e+07
-1.74023e+07
-1.73913e+07
-1.63743e+08
-1.63543e+08
-1.62941e+08
-1.61936e+08
-1.60524e+08
-1.58702e+08
-1.56464e+08
-1.53801e+08
-1.50704e+08
-1.47159e+08
-1.43152e+08
-1.38665e+08
-1.33675e+08
-1.2816e+08
-1.22098e+08
-1.15501e+08
-1.08609e+08
-1.02137e+08
-9.6879e+07
-9.29191e+07
-8.97234e+07
-8.6804e+07
-8.39611e+07
-8.11602e+07
-7.83939e+07
-7.56581e+07
-7.29589e+07
-7.03075e+07
-6.7713e+07
-6.5182e+07
-6.27185e+07
-6.0326e+07
-5.80076e+07
-5.57657e+07
-5.36023e+07
-5.15186e+07
-4.9515e+07
-4.75917e+07
-4.57482e+07
-4.39837e+07
-4.22969e+07
-4.06863e+07
-3.91502e+07
-3.76869e+07
-3.62944e+07
-3.49707e+07
-3.37131e+07
-3.2519e+07
-3.13858e+07
-3.03113e+07
-2.92934e+07
-2.83299e+07
-2.74189e+07
-2.65582e+07
-2.57457e+07
-2.49797e+07
-2.42582e+07
-2.35797e+07
-2.29424e+07
-2.23445e+07
-2.17842e+07
-2.12601e+07
-2.07707e+07
-2.03149e+07
-1.98914e+07
-1.94994e+07
-1.91377e+07
-1.88051e+07
-1.85006e+07
-1.82232e+07
-1.79721e+07
-1.77458e+07
-1.75432e+07
-1.73653e+07
-1.72108e+07
-1.70758e+07
-1.69586e+07
-1.68627e+07
-1.67917e+07
-1.67481e+07
-1.67335e+07
-1.53385e+08
-1.53192e+08
-1.52611e+08
-1.51639e+08
-1.50274e+08
-1.4851e+08
-1.46339e+08
-1.43749e+08
-1.40729e+08
-1.37261e+08
-1.33323e+08
-1.28888e+08
-1.23923e+08
-1.18386e+08
-1.12258e+08
-1.05741e+08
-9.96349e+07
-9.48961e+07
-9.15266e+07
-8.87756e+07
-8.61525e+07
-8.35476e+07
-8.09446e+07
-7.83482e+07
-7.57723e+07
-7.32253e+07
-7.0713e+07
-6.82423e+07
-6.58202e+07
-6.34526e+07
-6.11441e+07
-5.88985e+07
-5.67188e+07
-5.46074e+07
-5.25662e+07
-5.05965e+07
-4.86992e+07
-4.68745e+07
-4.51223e+07
-4.34422e+07
-4.18332e+07
-4.02942e+07
-3.8824e+07
-3.7421e+07
-3.60837e+07
-3.481e+07
-3.35981e+07
-3.24457e+07
-3.13509e+07
-3.03116e+07
-2.93258e+07
-2.83915e+07
-2.75071e+07
-2.66705e+07
-2.58801e+07
-2.5134e+07
-2.44306e+07
-2.37683e+07
-2.31455e+07
-2.25606e+07
-2.20122e+07
-2.14988e+07
-2.10191e+07
-2.05719e+07
-2.0156e+07
-1.97703e+07
-1.94136e+07
-1.90846e+07
-1.87824e+07
-1.85062e+07
-1.82551e+07
-1.80284e+07
-1.78257e+07
-1.76463e+07
-1.74893e+07
-1.73538e+07
-1.72395e+07
-1.71476e+07
-1.70801e+07
-1.70389e+07
-1.7025e+07
-1.4349e+08
-1.43304e+08
-1.42746e+08
-1.41813e+08
-1.40501e+08
-1.38804e+08
-1.36711e+08
-1.34211e+08
-1.31289e+08
-1.27922e+08
-1.24085e+08
-1.19742e+08
-1.14848e+08
-1.09357e+08
-1.03364e+08
-9.75754e+07
-9.30808e+07
-9.00036e+07
-8.75295e+07
-8.51373e+07
-8.27382e+07
-8.03252e+07
-7.7912e+07
-7.55074e+07
-7.3118e+07
-7.07522e+07
-6.84169e+07
-6.6118e+07
-6.38613e+07
-6.16519e+07
-5.94942e+07
-5.73918e+07
-5.53478e+07
-5.33646e+07
-5.14441e+07
-4.95876e+07
-4.77962e+07
-4.60703e+07
-4.44101e+07
-4.28154e+07
-4.12855e+07
-3.98198e+07
-3.84172e+07
-3.70766e+07
-3.57965e+07
-3.45754e+07
-3.34118e+07
-3.23038e+07
-3.12497e+07
-3.02478e+07
-2.92964e+07
-2.83937e+07
-2.7538e+07
-2.67278e+07
-2.59614e+07
-2.52372e+07
-2.45538e+07
-2.39096e+07
-2.33032e+07
-2.27333e+07
-2.21984e+07
-2.16972e+07
-2.12286e+07
-2.07914e+07
-2.03844e+07
-2.00067e+07
-1.96571e+07
-1.93346e+07
-1.90385e+07
-1.87677e+07
-1.85217e+07
-1.82997e+07
-1.81013e+07
-1.79257e+07
-1.77725e+07
-1.76414e+07
-1.75325e+07
-1.74462e+07
-1.73836e+07
-1.73456e+07
-1.73328e+07
-1.34038e+08
-1.33861e+08
-1.33329e+08
-1.3244e+08
-1.31188e+08
-1.29567e+08
-1.27568e+08
-1.25176e+08
-1.22375e+08
-1.19141e+08
-1.15445e+08
-1.11247e+08
-1.06493e+08
-1.01176e+08
-9.5748e+07
-9.12767e+07
-8.82383e+07
-8.59413e+07
-8.37548e+07
-8.15541e+07
-7.93324e+07
-7.71031e+07
-7.48717e+07
-7.26463e+07
-7.04347e+07
-6.82428e+07
-6.6077e+07
-6.39427e+07
-6.18452e+07
-5.97888e+07
-5.77776e+07
-5.5815e+07
-5.39039e+07
-5.20466e+07
-5.0245e+07
-4.85007e+07
-4.68145e+07
-4.51873e+07
-4.36194e+07
-4.21107e+07
-4.0661e+07
-3.92698e+07
-3.79362e+07
-3.66596e+07
-3.54386e+07
-3.42722e+07
-3.31589e+07
-3.20974e+07
-3.10862e+07
-3.01238e+07
-2.92087e+07
-2.83395e+07
-2.75146e+07
-2.67326e+07
-2.59922e+07
-2.52917e+07
-2.46301e+07
-2.40057e+07
-2.34175e+07
-2.2864e+07
-2.23442e+07
-2.18567e+07
-2.14006e+07
-2.09746e+07
-2.05779e+07
-2.02094e+07
-1.98682e+07
-1.95534e+07
-1.92641e+07
-1.89997e+07
-1.87595e+07
-1.85429e+07
-1.83493e+07
-1.81784e+07
-1.80297e+07
-1.7903e+07
-1.77985e+07
-1.77165e+07
-1.76574e+07
-1.76217e+07
-1.76097e+07
-1.25008e+08
-1.24841e+08
-1.24338e+08
-1.23498e+08
-1.22315e+08
-1.20783e+08
-1.18891e+08
-1.16627e+08
-1.13974e+08
-1.10908e+08
-1.07398e+08
-1.03402e+08
-9.88817e+07
-9.3975e+07
-8.94941e+07
-8.6285e+07
-8.40377e+07
-8.20339e+07
-8.0024e+07
-7.79888e+07
-7.59399e+07
-7.3882e+07
-7.18231e+07
-6.97695e+07
-6.7727e+07
-6.57018e+07
-6.36989e+07
-6.17233e+07
-5.97794e+07
-5.78713e+07
-5.60025e+07
-5.41763e+07
-5.23952e+07
-5.06616e+07
-4.89772e+07
-4.73437e+07
-4.57621e+07
-4.42333e+07
-4.27576e+07
-4.13353e+07
-3.99664e+07
-3.86505e+07
-3.73872e+07
-3.61758e+07
-3.50154e+07
-3.39052e+07
-3.2844e+07
-3.18308e+07
-3.08642e+07
-2.99431e+07
-2.90662e+07
-2.82322e+07
-2.74399e+07
-2.66879e+07
-2.5975e+07
-2.53e+07
-2.46616e+07
-2.40587e+07
-2.34901e+07
-2.29546e+07
-2.24512e+07
-2.19788e+07
-2.15364e+07
-2.1123e+07
-2.07376e+07
-2.03795e+07
-2.00477e+07
-1.97415e+07
-1.94601e+07
-1.92029e+07
-1.89692e+07
-1.87585e+07
-1.85704e+07
-1.84045e+07
-1.82605e+07
-1.81383e+07
-1.80379e+07
-1.79594e+07
-1.79031e+07
-1.78692e+07
-1.78578e+07
-1.16377e+08
-1.16221e+08
-1.15751e+08
-1.14965e+08
-1.13858e+08
-1.12425e+08
-1.10657e+08
-1.08541e+08
-1.06062e+08
-1.03199e+08
-9.99232e+07
-9.61931e+07
-9.20087e+07
-8.77548e+07
-8.42751e+07
-8.18831e+07
-8.00068e+07
-7.81741e+07
-7.63178e+07
-7.44434e+07
-7.2556e+07
-7.06625e+07
-6.87682e+07
-6.68785e+07
-6.49989e+07
-6.31338e+07
-6.1288e+07
-5.94656e+07
-5.76706e+07
-5.59064e+07
-5.41763e+07
-5.24832e+07
-5.08295e+07
-4.92173e+07
-4.76484e+07
-4.61245e+07
-4.46465e+07
-4.32154e+07
-4.18317e+07
-4.0496e+07
-3.92082e+07
-3.79682e+07
-3.67759e+07
-3.56308e+07
-3.45322e+07
-3.34795e+07
-3.24718e+07
-3.15082e+07
-3.05878e+07
-2.97095e+07
-2.88723e+07
-2.80751e+07
-2.73168e+07
-2.65963e+07
-2.59126e+07
-2.52644e+07
-2.46508e+07
-2.40707e+07
-2.35231e+07
-2.30069e+07
-2.25212e+07
-2.2065e+07
-2.16375e+07
-2.12377e+07
-2.08649e+07
-2.05181e+07
-2.01967e+07
-1.99e+07
-1.96272e+07
-1.93778e+07
-1.91513e+07
-1.89472e+07
-1.87651e+07
-1.86046e+07
-1.84655e+07
-1.83477e+07
-1.82511e+07
-1.81758e+07
-1.81219e+07
-1.80895e+07
-1.80787e+07
-1.0812e+08
-1.07975e+08
-1.0754e+08
-1.06813e+08
-1.05791e+08
-1.04467e+08
-1.02835e+08
-1.00886e+08
-9.86059e+07
-9.59778e+07
-9.29797e+07
-8.95812e+07
-8.58421e+07
-8.23028e+07
-7.96338e+07
-7.77178e+07
-7.60307e+07
-7.43438e+07
-7.26348e+07
-7.09119e+07
-6.91799e+07
-6.74436e+07
-6.57073e+07
-6.39758e+07
-6.22527e+07
-6.05426e+07
-5.88487e+07
-5.7175e+07
-5.55246e+07
-5.39005e+07
-5.23057e+07
-5.07427e+07
-4.92138e+07
-4.77209e+07
-4.62658e+07
-4.48499e+07
-4.34745e+07
-4.21405e+07
-4.08485e+07
-3.95991e+07
-3.83925e+07
-3.72289e+07
-3.61081e+07
-3.503e+07
-3.3994e+07
-3.29998e+07
-3.20467e+07
-3.1134e+07
-3.0261e+07
-2.94268e+07
-2.86306e+07
-2.78715e+07
-2.71486e+07
-2.64609e+07
-2.58075e+07
-2.51875e+07
-2.45999e+07
-2.40438e+07
-2.35184e+07
-2.30227e+07
-2.25559e+07
-2.21171e+07
-2.17055e+07
-2.13203e+07
-2.09609e+07
-2.06264e+07
-2.03162e+07
-2.00297e+07
-1.97663e+07
-1.95255e+07
-1.93067e+07
-1.91096e+07
-1.89338e+07
-1.8779e+07
-1.8645e+07
-1.85317e+07
-1.84389e+07
-1.83667e+07
-1.8315e+07
-1.8284e+07
-1.82737e+07
-1.00208e+08
-1.00076e+08
-9.96784e+07
-9.90145e+07
-9.80816e+07
-9.68759e+07
-9.53924e+07
-9.36242e+07
-9.15622e+07
-8.91949e+07
-8.65078e+07
-8.34917e+07
-8.02733e+07
-7.73833e+07
-7.52657e+07
-7.36378e+07
-7.20908e+07
-7.05359e+07
-6.89684e+07
-6.73914e+07
-6.58089e+07
-6.42243e+07
-6.2641e+07
-6.10623e+07
-5.94914e+07
-5.79315e+07
-5.63854e+07
-5.48563e+07
-5.33468e+07
-5.18595e+07
-5.03969e+07
-4.89613e+07
-4.75548e+07
-4.61792e+07
-4.48361e+07
-4.35269e+07
-4.22529e+07
-4.10151e+07
-3.98142e+07
-3.86508e+07
-3.75254e+07
-3.64382e+07
-3.53893e+07
-3.43786e+07
-3.34059e+07
-3.24709e+07
-3.15732e+07
-3.07123e+07
-2.98877e+07
-2.90987e+07
-2.83445e+07
-2.76246e+07
-2.69382e+07
-2.62844e+07
-2.56625e+07
-2.50717e+07
-2.45113e+07
-2.39804e+07
-2.34782e+07
-2.3004e+07
-2.2557e+07
-2.21365e+07
-2.17418e+07
-2.13722e+07
-2.1027e+07
-2.07057e+07
-2.04075e+07
-2.01319e+07
-1.98785e+07
-1.96468e+07
-1.94363e+07
-1.92466e+07
-1.90775e+07
-1.89287e+07
-1.87999e+07
-1.86911e+07
-1.86021e+07
-1.85329e+07
-1.84834e+07
-1.84538e+07
-1.84439e+07
Process [2]
-9.26122e+07
-9.24929e+07
-9.21347e+07
-9.15368e+07
-9.06979e+07
-8.96161e+07
-8.82886e+07
-8.67119e+07
-8.48817e+07
-8.27924e+07
-8.04373e+07
-7.78296e+07
-7.51408e+07
-7.2799e+07
-7.10369e+07
-6.9586e+07
-6.81701e+07
-6.67441e+07
-6.53128e+07
-6.38775e+07
-6.24402e+07
-6.10034e+07
-5.95691e+07
-5.81396e+07
-5.67169e+07
-5.53036e+07
-5.39019e+07
-5.2514e+07
-5.11422e+07
-4.97888e+07
-4.84557e+07
-4.71451e+07
-4.58587e+07
-4.45984e+07
-4.33655e+07
-4.21617e+07
-4.09879e+07
-3.98453e+07
-3.87348e+07
-3.7657e+07
-3.66125e+07
-3.56016e+07
-3.46246e+07
-3.36816e+07
-3.27725e+07
-3.18973e+07
-3.10557e+07
-3.02473e+07
-2.94718e+07
-2.87287e+07
-2.80175e+07
-2.73377e+07
-2.66886e+07
-2.60697e+07
-2.54803e+07
-2.49197e+07
-2.43873e+07
-2.38825e+07
-2.34045e+07
-2.29527e+07
-2.25265e+07
-2.21252e+07
-2.17482e+07
-2.13949e+07
-2.10647e+07
-2.07572e+07
-2.04716e+07
-2.02077e+07
-1.99648e+07
-1.97427e+07
-1.95409e+07
-1.93591e+07
-1.9197e+07
-1.90544e+07
-1.8931e+07
-1.88268e+07
-1.87417e+07
-1.86754e+07
-1.86282e+07
-1.85998e+07
-1.85904e+07
-8.53015e+07
-8.51954e+07
-8.48773e+07
-8.43471e+07
-8.36045e+07
-8.26496e+07
-8.14822e+07
-8.01023e+07
-7.85102e+07
-7.67067e+07
-7.46934e+07
-7.24985e+07
-7.02944e+07
-6.83869e+07
-6.68733e+07
-6.55528e+07
-6.42576e+07
-6.29598e+07
-6.16621e+07
-6.03657e+07
-5.90713e+07
-5.77795e+07
-5.64916e+07
-5.52084e+07
-5.39314e+07
-5.2662e+07
-5.14017e+07
-5.01524e+07
-4.89157e+07
-4.76935e+07
-4.64876e+07
-4.52997e+07
-4.41314e+07
-4.29845e+07
-4.18603e+07
-4.07602e+07
-3.96855e+07
-3.86372e+07
-3.76162e+07
-3.66233e+07
-3.56592e+07
-3.47244e+07
-3.38192e+07
-3.29439e+07
-3.20987e+07
-3.12835e+07
-3.04982e+07
-2.97428e+07
-2.9017e+07
-2.83205e+07
-2.76529e+07
-2.70139e+07
-2.6403e+07
-2.58197e+07
-2.52635e+07
-2.4734e+07
-2.42305e+07
-2.37525e+07
-2.32995e+07
-2.28709e+07
-2.24662e+07
-2.20848e+07
-2.17262e+07
-2.13899e+07
-2.10754e+07
-2.07823e+07
-2.051e+07
-2.02582e+07
-2.00264e+07
-1.98143e+07
-1.96216e+07
-1.9448e+07
-1.92932e+07
-1.9157e+07
-1.90393e+07
-1.89398e+07
-1.88585e+07
-1.87954e+07
-1.87503e+07
-1.87233e+07
-1.87143e+07
-7.82444e+07
-7.81517e+07
-7.78738e+07
-7.74112e+07
-7.67652e+07
-7.59374e+07
-7.49301e+07
-7.37468e+07
-7.23921e+07
-7.08727e+07
-6.91981e+07
-6.74022e+07
-6.56214e+07
-6.40523e+07
-6.27306e+07
-6.15261e+07
-6.03464e+07
-5.91746e+07
-5.80099e+07
-5.68517e+07
-5.5699e+07
-5.45514e+07
-5.34084e+07
-5.22701e+07
-5.11369e+07
-5.00094e+07
-4.88886e+07
-4.77757e+07
-4.66719e+07
-4.55788e+07
-4.44979e+07
-4.34306e+07
-4.23786e+07
-4.13433e+07
-4.03261e+07
-3.93284e+07
-3.83514e+07
-3.73962e+07
-3.64638e+07
-3.55551e+07
-3.46709e+07
-3.38117e+07
-3.2978e+07
-3.21703e+07
-3.13888e+07
-3.06337e+07
-2.99051e+07
-2.92029e+07
-2.85272e+07
-2.78777e+07
-2.72542e+07
-2.66565e+07
-2.60843e+07
-2.55373e+07
-2.5015e+07
-2.4517e+07
-2.40431e+07
-2.35926e+07
-2.31652e+07
-2.27605e+07
-2.23779e+07
-2.20171e+07
-2.16775e+07
-2.13589e+07
-2.10606e+07
-2.07825e+07
-2.05239e+07
-2.02847e+07
-2.00644e+07
-1.98628e+07
-1.96796e+07
-1.95144e+07
-1.93672e+07
-1.92376e+07
-1.91256e+07
-1.9031e+07
-1.89537e+07
-1.88937e+07
-1.88508e+07
-1.88251e+07
-1.88166e+07
-7.14095e+07
-7.13299e+07
-7.10914e+07
-7.06953e+07
-7.01439e+07
-6.94404e+07
-6.85895e+07
-6.75974e+07
-6.64728e+07
-6.5227e+07
-6.38759e+07
-6.24517e+07
-6.10394e+07
-5.97442e+07
-5.85813e+07
-5.74893e+07
-5.64258e+07
-5.53806e+07
-5.43501e+07
-5.33311e+07
-5.23211e+07
-5.13179e+07
-5.03199e+07
-4.9326e+07
-4.83357e+07
-4.7349e+07
-4.63662e+07
-4.5388e+07
-4.44154e+07
-4.34496e+07
-4.24917e+07
-4.15433e+07
-4.06057e+07
-3.96803e+07
-3.87685e+07
-3.78717e+07
-3.69911e+07
-3.61278e+07
-3.5283e+07
-3.44576e+07
-3.36524e+07
-3.28683e+07
-3.21057e+07
-3.13652e+07
-3.06473e+07
-2.99522e+07
-2.92802e+07
-2.86314e+07
-2.80059e+07
-2.74036e+07
-2.68246e+07
-2.62686e+07
-2.57355e+07
-2.52252e+07
-2.47372e+07
-2.42714e+07
-2.38275e+07
-2.34051e+07
-2.30039e+07
-2.26236e+07
-2.22637e+07
-2.19239e+07
-2.16039e+07
-2.13034e+07
-2.10219e+07
-2.07591e+07
-2.05148e+07
-2.02885e+07
-2.00802e+07
-1.98893e+07
-1.97158e+07
-1.95594e+07
-1.942e+07
-1.92973e+07
-1.91911e+07
-1.91015e+07
-1.90283e+07
-1.89715e+07
-1.89309e+07
-1.89065e+07
-1.88984e+07
-6.47656e+07
-6.46986e+07
-6.44981e+07
-6.4166e+07
-6.37053e+07
-6.31209e+07
-6.24191e+07
-6.16086e+07
-6.07009e+07
-5.97111e+07
-5.86592e+07
-5.75722e+07
-5.64835e+07
-5.54226e+07
-5.44036e+07
-5.34261e+07
-5.24837e+07
-5.15693e+07
-5.06767e+07
-4.98003e+07
-4.89355e+07
-4.80787e+07
-4.72268e+07
-4.63778e+07
-4.55305e+07
-4.4684e+07
-4.38384e+07
-4.29938e+07
-4.2151e+07
-4.13108e+07
-4.04744e+07
-3.96431e+07
-3.88181e+07
-3.8001e+07
-3.7193e+07
-3.63956e+07
-3.56099e+07
-3.48373e+07
-3.40789e+07
-3.33358e+07
-3.26088e+07
-3.18989e+07
-3.12068e+07
-3.05331e+07
-2.98783e+07
-2.9243e+07
-2.86275e+07
-2.80319e+07
-2.74567e+07
-2.69018e+07
-2.63673e+07
-2.58532e+07
-2.53596e+07
-2.48862e+07
-2.44329e+07
-2.39997e+07
-2.35862e+07
-2.31923e+07
-2.28177e+07
-2.24621e+07
-2.21254e+07
-2.18071e+07
-2.15071e+07
-2.1225e+07
-2.09607e+07
-2.07137e+07
-2.0484e+07
-2.02711e+07
-2.00749e+07
-1.98951e+07
-1.97317e+07
-1.95842e+07
-1.94527e+07
-1.9337e+07
-1.9237e+07
-1.91524e+07
-1.90834e+07
-1.90298e+07
-1.89915e+07
-1.89685e+07
-1.89609e+07
-5.82829e+07
-5.82278e+07
-5.80632e+07
-5.77913e+07
-5.7416e+07
-5.69431e+07
-5.63804e+07
-5.57383e+07
-5.50302e+07
-5.42737e+07
-5.3491e+07
-5.27032e+07
-5.19008e+07
-5.10534e+07
-5.0177e+07
-4.93215e+07
-4.85085e+07
-4.77325e+07
-4.69844e+07
-4.62562e+07
-4.55411e+07
-4.4834e+07
-4.41307e+07
-4.34282e+07
-4.27245e+07
-4.20185e+07
-4.13095e+07
-4.05977e+07
-3.98834e+07
-3.91675e+07
-3.8451e+07
-3.77352e+07
-3.70213e+07
-3.63107e+07
-3.56049e+07
-3.49052e+07
-3.42131e+07
-3.35298e+07
-3.28566e+07
-3.21945e+07
-3.15448e+07
-3.09083e+07
-3.02858e+07
-2.96782e+07
-2.90861e+07
-2.85101e+07
-2.79507e+07
-2.74082e+07
-2.68831e+07
-2.63755e+07
-2.58855e+07
-2.54135e+07
-2.49593e+07
-2.45231e+07
-2.41047e+07
-2.37042e+07
-2.33215e+07
-2.29563e+07
-2.26086e+07
-2.22782e+07
-2.19649e+07
-2.16685e+07
-2.13888e+07
-2.11256e+07
-2.08787e+07
-2.06479e+07
-2.04329e+07
-2.02337e+07
-2.00499e+07
-1.98815e+07
-1.97282e+07
-1.959e+07
-1.94667e+07
-1.93581e+07
-1.92642e+07
-1.91849e+07
-1.912e+07
-1.90697e+07
-1.90337e+07
-1.90122e+07
-1.9005e+07
-5.19331e+07
-5.1889e+07
-5.17576e+07
-5.15414e+07
-5.12449e+07
-5.08745e+07
-5.04388e+07
-4.99493e+07
-4.94208e+07
-4.88717e+07
-4.83252e+07
-4.77979e+07
-4.72502e+07
-4.66073e+07
-4.58816e+07
-4.51608e+07
-4.44896e+07
-4.38633e+07
-4.32694e+07
-4.26972e+07
-4.21381e+07
-4.15855e+07
-4.10342e+07
-4.04805e+07
-3.99219e+07
-3.93568e+07
-3.87844e+07
-3.82047e+07
-3.7618e+07
-3.70251e+07
-3.6427e+07
-3.5825e+07
-3.52204e+07
-3.46147e+07
-3.40093e+07
-3.34059e+07
-3.28057e+07
-3.22102e+07
-3.16207e+07
-3.10385e+07
-3.04648e+07
-2.99007e+07
-2.9347e+07
-2.88047e+07
-2.82746e+07
-2.77574e+07
-2.72536e+07
-2.67638e+07
-2.62885e+07
-2.58279e+07
-2.53824e+07
-2.49523e+07
-2.45376e+07
-2.41386e+07
-2.37552e+07
-2.33876e+07
-2.30357e+07
-2.26994e+07
-2.23788e+07
-2.20738e+07
-2.17842e+07
-2.15098e+07
-2.12507e+07
-2.10066e+07
-2.07774e+07
-2.0563e+07
-2.03631e+07
-2.01777e+07
-2.00066e+07
-1.98497e+07
-1.97069e+07
-1.9578e+07
-1.94629e+07
-1.93616e+07
-1.9274e+07
-1.91999e+07
-1.91394e+07
-1.90924e+07
-1.90588e+07
-1.90387e+07
-1.9032e+07
-4.56898e+07
-4.56557e+07
-4.55546e+07
-4.5389e+07
-4.51638e+07
-4.48856e+07
-4.45636e+07
-4.42097e+07
-4.3839e+07
-4.34702e+07
-4.31263e+07
-4.28211e+07
-4.25001e+07
-4.20585e+07
-4.14982e+07
-4.09304e+07
-4.04185e+07
-3.99569e+07
-3.95297e+07
-3.91237e+07
-3.87286e+07
-3.83365e+07
-3.79415e+07
-3.75394e+07
-3.71275e+07
-3.67041e+07
-3.62684e+07
-3.58203e+07
-3.53602e+07
-3.4889e+07
-3.44078e+07
-3.39179e+07
-3.34209e+07
-3.29183e+07
-3.24116e+07
-3.19025e+07
-3.13925e+07
-3.08832e+07
-3.03761e+07
-2.98724e+07
-2.93734e+07
-2.88804e+07
-2.83945e+07
-2.79166e+07
-2.74476e+07
-2.69884e+07
-2.65397e+07
-2.61021e+07
-2.56761e+07
-2.52622e+07
-2.48609e+07
-2.44725e+07
-2.40972e+07
-2.37352e+07
-2.33868e+07
-2.30521e+07
-2.27311e+07
-2.24239e+07
-2.21305e+07
-2.18509e+07
-2.15851e+07
-2.1333e+07
-2.10946e+07
-2.08698e+07
-2.06585e+07
-2.04606e+07
-2.0276e+07
-2.01046e+07
-1.99464e+07
-1.98011e+07
-1.96689e+07
-1.95494e+07
-1.94427e+07
-1.93488e+07
-1.92675e+07
-1.91988e+07
-1.91426e+07
-1.9099e+07
-1.90678e+07
-1.90491e+07
-1.90429e+07
-3.9529e+07
-3.9504e+07
-3.94299e+07
-3.93094e+07
-3.91475e+07
-3.89508e+07
-3.87286e+07
-3.84928e+07
-3.82579e+07
-3.80423e+07
-3.78678e+07
-3.77473e+07
-3.76249e+07
-3.73827e+07
-3.70079e+07
-3.66189e+07
-3.62892e+07
-3.60115e+07
-3.57665e+07
-3.55388e+07
-3.53168e+07
-3.50919e+07
-3.4858e+07
-3.46108e+07
-3.43475e+07
-3.40666e+07
-3.37676e+07
-3.34505e+07
-3.31159e+07
-3.2765e+07
-3.2399e+07
-3.20195e+07
-3.16281e+07
-3.12266e+07
-3.08167e+07
-3.04001e+07
-2.99786e+07
-2.95537e+07
-2.91272e+07
-2.87004e+07
-2.82748e+07
-2.78517e+07
-2.74323e+07
-2.70177e+07
-2.66089e+07
-2.62069e+07
-2.58125e+07
-2.54263e+07
-2.50492e+07
-2.46815e+07
-2.4324e+07
-2.39769e+07
-2.36407e+07
-2.33156e+07
-2.3002e+07
-2.27001e+07
-2.24099e+07
-2.21317e+07
-2.18656e+07
-2.16115e+07
-2.13696e+07
-2.11399e+07
-2.09223e+07
-2.07169e+07
-2.05236e+07
-2.03423e+07
-2.01731e+07
-2.00159e+07
-1.98705e+07
-1.97371e+07
-1.96154e+07
-1.95055e+07
-1.94074e+07
-1.93208e+07
-1.92459e+07
-1.91826e+07
-1.91308e+07
-1.90906e+07
-1.90619e+07
-1.90446e+07
-1.90389e+07
-3.34293e+07
-3.34122e+07
-3.33619e+07
-3.32809e+07
-3.31742e+07
-3.30482e+07
-3.2912e+07
-3.27768e+07
-3.26565e+07
-3.25681e+07
-3.25317e+07
-3.256e+07
-3.2607e+07
-3.2561e+07
-3.23965e+07
-3.22196e+07
-3.21009e+07
-3.20301e+07
-3.1985e+07
-3.1949e+07
-3.19101e+07
-3.18595e+07
-3.17915e+07
-3.17021e+07
-3.15891e+07
-3.14513e+07
-3.12887e+07
-3.11017e+07
-3.08914e+07
-3.06591e+07
-3.04065e+07
-3.01353e+07
-2.98475e+07
-2.9545e+07
-2.92297e+07
-2.89036e+07
-2.85685e+07
-2.82262e+07
-2.78785e+07
-2.7527e+07
-2.71732e+07
-2.68185e+07
-2.64643e+07
-2.61118e+07
-2.57621e+07
-2.54163e+07
-2.50752e+07
-2.47398e+07
-2.44108e+07
-2.40888e+07
-2.37745e+07
-2.34683e+07
-2.31708e+07
-2.28824e+07
-2.26033e+07
-2.23339e+07
-2.20745e+07
-2.18252e+07
-2.15862e+07
-2.13576e+07
-2.11396e+07
-2.09322e+07
-2.07354e+07
-2.05494e+07
-2.03742e+07
-2.02096e+07
-2.00559e+07
-1.99128e+07
-1.97805e+07
-1.96589e+07
-1.9548e+07
-1.94477e+07
-1.9358e+07
-1.9279e+07
-1.92105e+07
-1.91526e+07
-1.91053e+07
-1.90685e+07
-1.90422e+07
-1.90264e+07
-1.90212e+07
-2.73717e+07
-2.73615e+07
-2.73316e+07
-2.72847e+07
-2.72253e+07
-2.71596e+07
-2.70959e+07
-2.70449e+07
-2.70192e+07
-2.70341e+07
Process [3]
-2.71076e+07
-2.72526e+07
-2.74404e+07
-2.75858e+07
-2.76589e+07
-2.7734e+07
-2.78601e+07
-2.80217e+07
-2.81954e+07
-2.8365e+07
-2.85189e+07
-2.86494e+07
-2.87516e+07
-2.88225e+07
-2.88608e+07
-2.88662e+07
-2.88393e+07
-2.87811e+07
-2.86933e+07
-2.85776e+07
-2.84362e+07
-2.82711e+07
-2.80845e+07
-2.78786e+07
-2.76557e+07
-2.74178e+07
-2.7167e+07
-2.69052e+07
-2.66344e+07
-2.63563e+07
-2.60725e+07
-2.57847e+07
-2.54942e+07
-2.52024e+07
-2.49106e+07
-2.46198e+07
-2.43312e+07
-2.40456e+07
-2.37639e+07
-2.34868e+07
-2.32151e+07
-2.29493e+07
-2.26901e+07
-2.24378e+07
-2.2193e+07
-2.19559e+07
-2.17269e+07
-2.15063e+07
-2.12943e+07
-2.1091e+07
-2.08968e+07
-2.07117e+07
-2.05357e+07
-2.03691e+07
-2.02119e+07
-2.00641e+07
-1.99258e+07
-1.9797e+07
-1.96777e+07
-1.95679e+07
-1.94677e+07
-1.93771e+07
-1.9296e+07
-1.92245e+07
-1.91625e+07
-1.91101e+07
-1.90671e+07
-1.90338e+07
-1.901e+07
-1.89957e+07
-1.89909e+07
-2.13398e+07
-2.13353e+07
-2.13229e+07
-2.13048e+07
-2.12852e+07
-2.12699e+07
-2.12664e+07
-2.12843e+07
-2.1335e+07
-2.14319e+07
-2.15907e+07
-2.1825e+07
-2.21281e+07
-2.24614e+07
-2.28038e+07
-2.31755e+07
-2.35827e+07
-2.40029e+07
-2.44142e+07
-2.48022e+07
-2.51575e+07
-2.54744e+07
-2.57499e+07
-2.59826e+07
-2.61723e+07
-2.63201e+07
-2.64274e+07
-2.64962e+07
-2.65286e+07
-2.65271e+07
-2.64942e+07
-2.64325e+07
-2.63445e+07
-2.62327e+07
-2.60995e+07
-2.59473e+07
-2.57784e+07
-2.55949e+07
-2.53989e+07
-2.51922e+07
-2.49766e+07
-2.47539e+07
-2.45256e+07
-2.42931e+07
-2.40577e+07
-2.38208e+07
-2.35835e+07
-2.33467e+07
-2.31113e+07
-2.28784e+07
-2.26486e+07
-2.24225e+07
-2.2201e+07
-2.19844e+07
-2.17733e+07
-2.15681e+07
-2.13693e+07
-2.11771e+07
-2.09918e+07
-2.08137e+07
-2.06431e+07
-2.04801e+07
-2.03249e+07
-2.01776e+07
-2.00383e+07
-1.99072e+07
-1.97843e+07
-1.96697e+07
-1.95634e+07
-1.94655e+07
-1.93761e+07
-1.92951e+07
-1.92226e+07
-1.91585e+07
-1.9103e+07
-1.9056e+07
-1.90176e+07
-1.89877e+07
-1.89663e+07
-1.89535e+07
-1.89492e+07
-1.53195e+07
-1.53199e+07
-1.5322e+07
-1.53278e+07
-1.53411e+07
-1.53672e+07
-1.54127e+07
-1.54859e+07
-1.55968e+07
-1.57571e+07
-1.598e+07
-1.6281e+07
-1.66815e+07
-1.72089e+07
-1.78577e+07
-1.85723e+07
-1.92962e+07
-1.99992e+07
-2.0664e+07
-2.12806e+07
-2.18435e+07
-2.23502e+07
-2.28003e+07
-2.31945e+07
-2.35345e+07
-2.38228e+07
-2.40619e+07
-2.42548e+07
-2.44045e+07
-2.45142e+07
-2.45868e+07
-2.46254e+07
-2.46329e+07
-2.46122e+07
-2.4566e+07
-2.44969e+07
-2.44073e+07
-2.42996e+07
-2.4176e+07
-2.40386e+07
-2.38892e+07
-2.37298e+07
-2.35618e+07
-2.3387e+07
-2.32067e+07
-2.30223e+07
-2.2835e+07
-2.26459e+07
-2.2456e+07
-2.22662e+07
-2.20774e+07
-2.18904e+07
-2.17058e+07
-2.15243e+07
-2.13465e+07
-2.11728e+07
-2.10036e+07
-2.08395e+07
-2.06807e+07
-2.05275e+07
-2.03803e+07
-2.02392e+07
-2.01045e+07
-1.99764e+07
-1.9855e+07
-1.97405e+07
-1.96329e+07
-1.95324e+07
-1.94391e+07
-1.93531e+07
-1.92743e+07
-1.92029e+07
-1.9139e+07
-1.90824e+07
-1.90334e+07
-1.89918e+07
-1.89578e+07
-1.89313e+07
-1.89124e+07
-1.89011e+07
-1.88973e+07
-9.29913e+06
-9.30355e+06
-9.31748e+06
-9.34287e+06
-9.38293e+06
-9.4423e+06
-9.52674e+06
-9.64355e+06
-9.80098e+06
-1.00085e+07
-1.02776e+07
-1.06272e+07
-1.11207e+07
-1.18671e+07
-1.28693e+07
-1.39709e+07
-1.50415e+07
-1.60454e+07
-1.69742e+07
-1.7825e+07
-1.85979e+07
-1.92946e+07
-1.9918e+07
-2.04715e+07
-2.09589e+07
-2.13843e+07
-2.17517e+07
-2.20651e+07
-2.23284e+07
-2.25455e+07
-2.27199e+07
-2.28553e+07
-2.2955e+07
-2.30222e+07
-2.30598e+07
-2.30708e+07
-2.30578e+07
-2.30233e+07
-2.29697e+07
-2.28992e+07
-2.28139e+07
-2.27156e+07
-2.26063e+07
-2.24874e+07
-2.23606e+07
-2.22272e+07
-2.20886e+07
-2.1946e+07
-2.18003e+07
-2.16527e+07
-2.15041e+07
-2.13553e+07
-2.1207e+07
-2.10599e+07
-2.09147e+07
-2.07719e+07
-2.0632e+07
-2.04955e+07
-2.03628e+07
-2.02342e+07
-2.01101e+07
-1.99907e+07
-1.98763e+07
-1.97672e+07
-1.96635e+07
-1.95654e+07
-1.9473e+07
-1.93866e+07
-1.93062e+07
-1.92318e+07
-1.91637e+07
-1.91019e+07
-1.90464e+07
-1.89974e+07
-1.89547e+07
-1.89186e+07
-1.8889e+07
-1.88659e+07
-1.88495e+07
-1.88396e+07
-1.88363e+07
-3.26904e+06
-3.27668e+06
-3.30018e+06
-3.34119e+06
-3.40259e+06
-3.48817e+06
-3.60309e+06
-3.75323e+06
-3.94577e+06
-4.18803e+06
-4.48761e+06
-4.87296e+06
-5.47495e+06
-6.49691e+06
-7.91312e+06
-9.43756e+06
-1.08719e+07
-1.21841e+07
-1.33792e+07
-1.44637e+07
-1.5444e+07
-1.6327e+07
-1.71194e+07
-1.78275e+07
-1.84576e+07
-1.90152e+07
-1.95061e+07
-1.99352e+07
-2.03075e+07
-2.06276e+07
-2.08997e+07
-2.11279e+07
-2.13159e+07
-2.14673e+07
-2.15854e+07
-2.16733e+07
-2.17338e+07
-2.17697e+07
-2.17834e+07
-2.17775e+07
-2.17539e+07
-2.17148e+07
-2.1662e+07
-2.15973e+07
-2.15222e+07
-2.14384e+07
-2.1347e+07
-2.12495e+07
-2.1147e+07
-2.10405e+07
-2.0931e+07
-2.08195e+07
-2.07066e+07
-2.05932e+07
-2.048e+07
-2.03675e+07
-2.02564e+07
-2.0147e+07
-2.00399e+07
-1.99355e+07
-1.98341e+07
-1.97362e+07
-1.96418e+07
-1.95514e+07
-1.94652e+07
-1.93834e+07
-1.93061e+07
-1.92335e+07
-1.91659e+07
-1.91032e+07
-1.90456e+07
-1.89933e+07
-1.89462e+07
-1.89046e+07
-1.88683e+07
-1.88376e+07
-1.88123e+07
-1.87927e+07
-1.87786e+07
-1.87702e+07
-1.87674e+07
2.77859e+06
2.7684e+06
2.73737e+06
2.68403e+06
2.60611e+06
2.50017e+06
2.36219e+06
2.1871e+06
1.96907e+06
1.70143e+06
1.38042e+06
965326.
207787.
-1.19387e+06
-3.09519e+06
-5.05567e+06
-6.84935e+06
-8.46315e+06
-9.91691e+06
-1.12267e+07
-1.24063e+07
-1.34677e+07
-1.44214e+07
-1.52769e+07
-1.60425e+07
-1.67259e+07
-1.7334e+07
-1.78731e+07
-1.8349e+07
-1.8767e+07
-1.91319e+07
-1.94484e+07
-1.97205e+07
-1.99522e+07
-2.0147e+07
-2.03083e+07
-2.04391e+07
-2.05424e+07
-2.06207e+07
-2.06766e+07
-2.07124e+07
-2.07302e+07
-2.07319e+07
-2.07194e+07
-2.06943e+07
-2.06583e+07
-2.06128e+07
-2.05591e+07
-2.04983e+07
-2.04318e+07
-2.03604e+07
-2.02851e+07
-2.02068e+07
-2.01263e+07
-2.00444e+07
-1.99615e+07
-1.98785e+07
-1.97957e+07
-1.97138e+07
-1.96332e+07
-1.95542e+07
-1.94772e+07
-1.94026e+07
-1.93307e+07
-1.92617e+07
-1.91959e+07
-1.91335e+07
-1.90746e+07
-1.90196e+07
-1.89684e+07
-1.89213e+07
-1.88783e+07
-1.88396e+07
-1.88052e+07
-1.87753e+07
-1.87499e+07
-1.8729e+07
-1.87127e+07
-1.87011e+07
-1.86941e+07
-1.86918e+07
8.84995e+06
8.8378e+06
8.8009e+06
8.73819e+06
8.64753e+06
8.5264e+06
8.3714e+06
8.1781e+06
7.94273e+06
7.65861e+06
7.31788e+06
6.8477e+06
5.83235e+06
3.90451e+06
1.45916e+06
-913581.
-3.03831e+06
-4.93155e+06
-6.62527e+06
-8.14439e+06
-9.50919e+06
-1.07365e+07
-1.18404e+07
-1.28331e+07
-1.37253e+07
-1.45262e+07
-1.52441e+07
-1.58863e+07
-1.64595e+07
-1.69695e+07
-1.7422e+07
-1.78217e+07
-1.81734e+07
-1.8481e+07
-1.87486e+07
-1.89796e+07
-1.91774e+07
-1.93448e+07
-1.94848e+07
-1.95998e+07
-1.96924e+07
-1.97646e+07
-1.98187e+07
-1.98564e+07
-1.98795e+07
-1.98896e+07
-1.98883e+07
-1.98769e+07
-1.98566e+07
-1.98288e+07
-1.97943e+07
-1.97543e+07
-1.97097e+07
-1.96612e+07
-1.96097e+07
-1.95558e+07
-1.95002e+07
-1.94435e+07
-1.93862e+07
-1.93288e+07
-1.92717e+07
-1.92154e+07
-1.91602e+07
-1.91064e+07
-1.90544e+07
-1.90044e+07
-1.89566e+07
-1.89112e+07
-1.88686e+07
-1.88288e+07
-1.87919e+07
-1.87582e+07
-1.87277e+07
-1.87006e+07
-1.86769e+07
-1.86568e+07
-1.86402e+07
-1.86273e+07
-1.8618e+07
-1.86124e+07
-1.86105e+07
1.49499e+07
1.49362e+07
1.4895e+07
1.4825e+07
1.47251e+07
1.45929e+07
1.44253e+07
1.42204e+07
1.39724e+07
1.36808e+07
1.33254e+07
1.26952e+07
1.12005e+07
8.61199e+06
5.63829e+06
2.91089e+06
502288.
-1.63451e+06
-3.53949e+06
-5.2445e+06
-6.77491e+06
-8.15144e+06
-9.39127e+06
-1.05089e+07
-1.15167e+07
-1.24254e+07
-1.32443e+07
-1.39818e+07
-1.4645e+07
-1.52407e+07
-1.57747e+07
-1.62524e+07
-1.66785e+07
-1.70577e+07
-1.73938e+07
-1.76907e+07
-1.79517e+07
-1.818e+07
-1.83784e+07
-1.85498e+07
-1.86965e+07
-1.88209e+07
-1.8925e+07
-1.90108e+07
-1.90801e+07
-1.91346e+07
-1.91758e+07
-1.92052e+07
-1.9224e+07
-1.92335e+07
-1.92349e+07
-1.9229e+07
-1.9217e+07
-1.91996e+07
-1.91777e+07
-1.9152e+07
-1.91232e+07
-1.90919e+07
-1.90586e+07
-1.9024e+07
-1.89884e+07
-1.89523e+07
-1.8916e+07
-1.88801e+07
-1.88446e+07
-1.88101e+07
-1.87767e+07
-1.87447e+07
-1.87142e+07
-1.86855e+07
-1.86588e+07
-1.86342e+07
-1.86119e+07
-1.85919e+07
-1.85744e+07
-1.85594e+07
-1.8547e+07
-1.85374e+07
-1.85304e+07
-1.85263e+07
-1.85249e+07
2.10821e+07
2.10673e+07
2.10227e+07
2.09477e+07
2.08409e+07
2.07005e+07
2.05256e+07
2.03112e+07
2.00582e+07
1.97599e+07
1.9353e+07
1.83373e+07
1.6029e+07
1.27243e+07
9.35588e+06
6.35832e+06
3.7248e+06
1.39084e+06
-688971.
-2.55052e+06
-4.22252e+06
-5.72827e+06
-7.08705e+06
-8.31498e+06
-9.42578e+06
-1.04312e+07
-1.13414e+07
-1.21654e+07
-1.29111e+07
-1.35853e+07
-1.41946e+07
-1.47443e+07
-1.52398e+07
-1.56855e+07
-1.60858e+07
-1.64444e+07
-1.67649e+07
-1.70506e+07
-1.73045e+07
-1.75292e+07
-1.77273e+07
-1.79012e+07
-1.8053e+07
-1.81848e+07
-1.82983e+07
-1.83953e+07
-1.84774e+07
-1.8546e+07
-1.86025e+07
-1.86481e+07
-1.86839e+07
-1.87112e+07
-1.87307e+07
-1.87435e+07
-1.87503e+07
-1.8752e+07
-1.87492e+07
-1.87426e+07
-1.87328e+07
-1.87203e+07
-1.87056e+07
-1.86892e+07
-1.86716e+07
-1.8653e+07
-1.86339e+07
-1.86145e+07
-1.85952e+07
-1.85761e+07
-1.85577e+07
-1.854e+07
-1.85232e+07
-1.85075e+07
-1.84932e+07
-1.84802e+07
-1.84687e+07
-1.84588e+07
-1.84506e+07
-1.84442e+07
-1.84396e+07
-1.84368e+07
-1.84358e+07
2.72493e+07
2.72337e+07
2.71868e+07
2.71077e+07
2.69961e+07
2.68511e+07
2.6669e+07
2.64527e+07
2.61947e+07
2.58802e+07
2.52122e+07
2.33518e+07
2.002e+07
1.61447e+07
1.25534e+07
9.38877e+06
6.59702e+06
4.11829e+06
1.90496e+06
-79967.1
-1.86645e+06
-3.47897e+06
-4.93781e+06
-6.25999e+06
-7.45995e+06
-8.55006e+06
-9.54106e+06
-1.04423e+07
-1.1262e+07
-1.20074e+07
-1.26852e+07
-1.3301e+07
-1.38602e+07
-1.43675e+07
-1.48273e+07
-1.52435e+07
-1.56198e+07
-1.59593e+07
-1.62652e+07
-1.65402e+07
-1.6787e+07
-1.70078e+07
-1.7205e+07
-1.73805e+07
-1.75362e+07
-1.76738e+07
-1.7795e+07
-1.79012e+07
-1.79939e+07
-1.80742e+07
-1.81433e+07
-1.82024e+07
-1.82525e+07
-1.82944e+07
-1.83291e+07
-1.83572e+07
-1.83797e+07
-1.83971e+07
-1.841e+07
-1.84191e+07
-1.84248e+07
-1.84277e+07
-1.84281e+07
-1.84266e+07
-1.84233e+07
-1.84188e+07
-1.84132e+07
-1.8407e+07
-1.84002e+07
-1.83932e+07
-1.83862e+07
-1.83793e+07
-1.83728e+07
-1.83667e+07
-1.83611e+07
-1.83562e+07
-1.83521e+07
-1.83489e+07
-1.83465e+07
-1.83451e+07
-1.83446e+07
Process [4]
3.34537e+07
3.34374e+07
3.33885e+07
3.33071e+07
3.3192e+07
3.30421e+07
3.28601e+07
3.26375e+07
3.23742e+07
3.18783e+07
3.03509e+07
2.71774e+07
2.30117e+07
1.88963e+07
1.52253e+07
1.19837e+07
9.104e+06
6.53405e+06
4.23017e+06
2.15659e+06
284120.
-1.41147e+06
-2.95045e+06
-4.34993e+06
-5.62448e+06
-6.78667e+06
-7.84737e+06
-8.8161e+06
-9.70121e+06
-1.05101e+07
-1.12495e+07
-1.19251e+07
-1.25424e+07
-1.31062e+07
-1.36209e+07
-1.40903e+07
-1.45183e+07
-1.4908e+07
-1.52626e+07
-1.55849e+07
-1.58775e+07
-1.61427e+07
-1.63828e+07
-1.65998e+07
-1.67956e+07
-1.6972e+07
-1.71305e+07
-1.72727e+07
-1.73999e+07
-1.75135e+07
-1.76147e+07
-1.77044e+07
-1.77839e+07
-1.78539e+07
-1.79155e+07
-1.79693e+07
-1.80162e+07
-1.80569e+07
-1.80919e+07
-1.8122e+07
-1.81475e+07
-1.81691e+07
-1.81871e+07
-1.82021e+07
-1.82144e+07
-1.82243e+07
-1.82322e+07
-1.82383e+07
-1.82431e+07
-1.82466e+07
-1.82491e+07
-1.82508e+07
-1.82518e+07
-1.82524e+07
-1.82527e+07
-1.82527e+07
-1.82526e+07
-1.82525e+07
-1.82523e+07
-1.82522e+07
-1.82522e+07
3.96964e+07
3.968e+07
3.96302e+07
3.95456e+07
3.94278e+07
3.92776e+07
3.90892e+07
3.88611e+07
3.83981e+07
3.6967e+07
3.38883e+07
2.9589e+07
2.51178e+07
2.10345e+07
1.73964e+07
1.41514e+07
1.12468e+07
8.63685e+06
6.28382e+06
4.15572e+06
2.22557e+06
470627.
-1.12841e+06
-2.58802e+06
-3.9224e+06
-5.14383e+06
-6.26301e+06
-7.28934e+06
-8.23109e+06
-9.09564e+06
-9.88954e+06
-1.06187e+07
-1.12884e+07
-1.19034e+07
-1.24682e+07
-1.29866e+07
-1.34623e+07
-1.38987e+07
-1.42987e+07
-1.46651e+07
-1.50006e+07
-1.53076e+07
-1.55882e+07
-1.58444e+07
-1.60783e+07
-1.62914e+07
-1.64855e+07
-1.6662e+07
-1.68223e+07
-1.69678e+07
-1.70996e+07
-1.72188e+07
-1.73265e+07
-1.74236e+07
-1.75111e+07
-1.75897e+07
-1.76602e+07
-1.77234e+07
-1.77798e+07
-1.78301e+07
-1.78749e+07
-1.79146e+07
-1.79498e+07
-1.79808e+07
-1.80082e+07
-1.80322e+07
-1.80531e+07
-1.80714e+07
-1.80873e+07
-1.8101e+07
-1.81128e+07
-1.81229e+07
-1.81314e+07
-1.81386e+07
-1.81445e+07
-1.81494e+07
-1.81532e+07
-1.8156e+07
-1.8158e+07
-1.81592e+07
-1.81596e+07
4.59774e+07
4.59615e+07
4.59135e+07
4.58291e+07
4.57036e+07
4.55431e+07
4.53089e+07
4.4706e+07
4.30683e+07
3.98847e+07
3.55205e+07
3.08858e+07
2.65513e+07
2.26323e+07
1.91021e+07
1.59181e+07
1.30411e+07
1.04361e+07
8.07169e+06
5.92068e+06
3.95957e+06
2.16798e+06
528301.
-974747.
-2.35447e+06
-3.6225e+06
-4.78905e+06
-5.86317e+06
-6.85286e+06
-7.76525e+06
-8.60674e+06
-9.38309e+06
-1.00995e+07
-1.07606e+07
-1.13707e+07
-1.19338e+07
-1.24533e+07
-1.29326e+07
-1.33746e+07
-1.37822e+07
-1.41578e+07
-1.45039e+07
-1.48225e+07
-1.51158e+07
-1.53856e+07
-1.56335e+07
-1.58614e+07
-1.60705e+07
-1.62624e+07
-1.64383e+07
-1.65994e+07
-1.67469e+07
-1.68817e+07
-1.70048e+07
-1.71172e+07
-1.72197e+07
-1.7313e+07
-1.73979e+07
-1.7475e+07
-1.75449e+07
-1.76083e+07
-1.76656e+07
-1.77173e+07
-1.7764e+07
-1.7806e+07
-1.78436e+07
-1.78773e+07
-1.79074e+07
-1.79341e+07
-1.79578e+07
-1.79787e+07
-1.79969e+07
-1.80127e+07
-1.80263e+07
-1.80377e+07
-1.80472e+07
-1.80548e+07
-1.80606e+07
-1.80648e+07
-1.80672e+07
-1.8068e+07
5.22942e+07
5.22741e+07
5.22136e+07
5.21071e+07
5.19066e+07
5.1446e+07
5.03881e+07
4.82689e+07
4.48388e+07
4.04687e+07
3.58706e+07
3.14944e+07
2.74592e+07
2.37668e+07
2.03954e+07
1.73197e+07
1.45132e+07
1.19501e+07
9.60654e+06
7.46052e+06
5.49251e+06
3.68507e+06
2.0228e+06
492037.
-919266.
-2.2218e+06
-3.42505e+06
-4.53747e+06
-5.56662e+06
-6.51927e+06
-7.40153e+06
-8.21891e+06
-8.97639e+06
-9.6785e+06
-1.03294e+07
-1.09328e+07
-1.14923e+07
-1.2011e+07
-1.24918e+07
-1.29374e+07
-1.33503e+07
-1.37328e+07
-1.40871e+07
-1.44152e+07
-1.47188e+07
-1.49997e+07
-1.52595e+07
-1.54997e+07
-1.57216e+07
-1.59265e+07
-1.61156e+07
-1.629e+07
-1.64508e+07
-1.65989e+07
-1.67352e+07
-1.68606e+07
-1.69758e+07
-1.70816e+07
-1.71786e+07
-1.72675e+07
-1.73489e+07
-1.74232e+07
-1.7491e+07
-1.75527e+07
-1.76089e+07
-1.76598e+07
-1.77058e+07
-1.77473e+07
-1.77846e+07
-1.7818e+07
-1.78476e+07
-1.78737e+07
-1.78966e+07
-1.79164e+07
-1.79332e+07
-1.79473e+07
-1.79586e+07
-1.79673e+07
-1.79735e+07
-1.79771e+07
-1.79784e+07
5.8163e+07
5.80798e+07
5.78028e+07
5.72458e+07
5.62504e+07
5.45684e+07
5.19328e+07
4.83321e+07
4.41398e+07
3.98115e+07
3.56157e+07
3.16537e+07
2.79522e+07
2.45144e+07
2.13344e+07
1.84e+07
1.56952e+07
1.32031e+07
1.09065e+07
8.7888e+06
6.83461e+06
5.02965e+06
3.36095e+06
1.81678e+06
386560.
-939224.
-2.16914e+06
-3.3109e+06
-4.37147e+06
-5.35715e+06
-6.27363e+06
-7.1261e+06
-7.91929e+06
-8.65748e+06
-9.34463e+06
-9.98435e+06
-1.058e+07
-1.11345e+07
-1.16508e+07
-1.21315e+07
-1.2579e+07
-1.29955e+07
-1.33831e+07
-1.37437e+07
-1.40792e+07
-1.43911e+07
-1.46811e+07
-1.49506e+07
-1.5201e+07
-1.54335e+07
-1.56493e+07
-1.58494e+07
-1.6035e+07
-1.6207e+07
-1.63663e+07
-1.65137e+07
-1.66499e+07
-1.67758e+07
-1.6892e+07
-1.69992e+07
-1.70978e+07
-1.71885e+07
-1.72718e+07
-1.73482e+07
-1.7418e+07
-1.74818e+07
-1.75397e+07
-1.75923e+07
-1.76398e+07
-1.76825e+07
-1.77207e+07
-1.77545e+07
-1.77842e+07
-1.781e+07
-1.78321e+07
-1.78505e+07
-1.78654e+07
-1.78769e+07
-1.78851e+07
-1.789e+07
-1.78916e+07
6.05045e+07
6.02716e+07
5.95407e+07
5.82197e+07
5.61988e+07
5.34497e+07
5.01053e+07
4.6401e+07
4.25626e+07
3.87491e+07
3.50443e+07
3.14924e+07
2.81227e+07
2.49497e+07
2.19778e+07
1.92045e+07
1.66227e+07
1.42226e+07
1.1993e+07
9.92232e+06
7.99902e+06
6.21201e+06
4.55087e+06
3.00587e+06
1.56805e+06
229192.
-1.01822e+06
-2.18104e+06
-3.26556e+06
-4.27747e+06
-5.22202e+06
-6.10398e+06
-6.92774e+06
-7.69732e+06
-8.41643e+06
-9.08846e+06
-9.71656e+06
-1.03036e+07
-1.08524e+07
-1.13653e+07
-1.18446e+07
-1.22926e+07
-1.27112e+07
-1.31023e+07
-1.34676e+07
-1.38087e+07
-1.41272e+07
-1.44245e+07
-1.47018e+07
-1.49604e+07
-1.52016e+07
-1.54263e+07
-1.56355e+07
-1.58303e+07
-1.60115e+07
-1.61799e+07
-1.63364e+07
-1.64816e+07
-1.66162e+07
-1.67409e+07
-1.68562e+07
-1.69628e+07
-1.7061e+07
-1.71514e+07
-1.72345e+07
-1.73106e+07
-1.73801e+07
-1.74434e+07
-1.75008e+07
-1.75525e+07
-1.75989e+07
-1.76402e+07
-1.76765e+07
-1.77082e+07
-1.77353e+07
-1.7758e+07
-1.77764e+07
-1.77906e+07
-1.78007e+07
-1.78067e+07
-1.78087e+07
5.79729e+07
5.76508e+07
5.66874e+07
5.50994e+07
5.29372e+07
5.02978e+07
4.73151e+07
4.41283e+07
4.08445e+07
3.75399e+07
3.42774e+07
3.1104e+07
2.80513e+07
2.51399e+07
2.23808e+07
1.97784e+07
1.73321e+07
1.50378e+07
1.28895e+07
1.08798e+07
9.00078e+06
7.24428e+06
5.60233e+06
4.0672e+06
2.63159e+06
1.28862e+06
31892.2
-1.14454e+06
-2.24618e+06
-3.27811e+06
-4.24502e+06
-5.15126e+06
-6.00081e+06
-6.79737e+06
-7.54437e+06
-8.24498e+06
-8.90212e+06
-9.51852e+06
-1.00967e+07
-1.06391e+07
-1.11478e+07
-1.16248e+07
-1.20722e+07
-1.24917e+07
-1.28848e+07
-1.32534e+07
-1.35986e+07
-1.3922e+07
-1.42249e+07
-1.45083e+07
-1.47735e+07
-1.50215e+07
-1.52533e+07
-1.54698e+07
-1.5672e+07
-1.58605e+07
-1.60363e+07
-1.62e+07
-1.63523e+07
-1.64938e+07
-1.66252e+07
-1.67469e+07
-1.68595e+07
-1.69634e+07
-1.70592e+07
-1.71473e+07
-1.72279e+07
-1.73015e+07
-1.73684e+07
-1.74289e+07
-1.74832e+07
-1.75317e+07
-1.75745e+07
-1.76118e+07
-1.76437e+07
-1.76706e+07
-1.76923e+07
-1.77092e+07
-1.77211e+07
-1.77283e+07
-1.77307e+07
5.36574e+07
5.3368e+07
5.25145e+07
5.11411e+07
4.9317e+07
4.7123e+07
4.46408e+07
4.19528e+07
3.91391e+07
3.62684e+07
3.33952e+07
3.05632e+07
2.78049e+07
2.51432e+07
2.25932e+07
2.01635e+07
1.78582e+07
1.56777e+07
1.36199e+07
1.16809e+07
9.85603e+06
8.13972e+06
6.52623e+06
5.00976e+06
3.58459e+06
2.24517e+06
986221.
-197250.
-1.30996e+06
-2.35631e+06
-3.34042e+06
-4.26616e+06
-5.13709e+06
-5.95656e+06
-6.72769e+06
-7.45336e+06
-8.13629e+06
-8.779e+06
-9.38385e+06
-9.95303e+06
-1.04886e+07
-1.09925e+07
-1.14665e+07
-1.19123e+07
-1.23316e+07
-1.27257e+07
-1.30961e+07
-1.34442e+07
-1.37711e+07
-1.4078e+07
-1.43659e+07
-1.46361e+07
-1.48893e+07
-1.51265e+07
-1.53486e+07
-1.55564e+07
-1.57507e+07
-1.5932e+07
-1.61012e+07
-1.62589e+07
-1.64056e+07
-1.65419e+07
-1.66683e+07
-1.67852e+07
-1.68933e+07
-1.69928e+07
-1.70841e+07
-1.71676e+07
-1.72437e+07
-1.73126e+07
-1.73746e+07
-1.743e+07
-1.74789e+07
-1.75217e+07
-1.75584e+07
-1.75891e+07
-1.76142e+07
-1.76335e+07
-1.76473e+07
-1.76555e+07
-1.76583e+07
4.96858e+07
4.94506e+07
4.87559e+07
4.76322e+07
4.61266e+07
4.42967e+07
4.22059e+07
3.99183e+07
3.74949e+07
3.49916e+07
3.24563e+07
2.9928e+07
2.74378e+07
2.50089e+07
2.26583e+07
2.03975e+07
1.82335e+07
1.61697e+07
1.42073e+07
1.23452e+07
1.05812e+07
8.9121e+06
7.33414e+06
5.84324e+06
4.43515e+06
3.10562e+06
1.85045e+06
665566.
-452933.
-1.50878e+06
-2.50551e+06
-3.44646e+06
-4.33479e+06
-5.17346e+06
-5.96525e+06
-6.71277e+06
-7.41848e+06
-8.08469e+06
-8.71356e+06
-9.30711e+06
-9.86727e+06
-1.03958e+07
-1.08945e+07
-1.13648e+07
-1.18083e+07
-1.22264e+07
-1.26204e+07
-1.29916e+07
-1.33411e+07
-1.36702e+07
-1.39797e+07
-1.42708e+07
-1.45444e+07
-1.48013e+07
-1.50424e+07
-1.52685e+07
-1.54803e+07
-1.56786e+07
-1.5864e+07
-1.60371e+07
-1.61984e+07
-1.63487e+07
-1.64883e+07
-1.66177e+07
-1.67375e+07
-1.6848e+07
-1.69496e+07
-1.70427e+07
-1.71275e+07
-1.72045e+07
-1.72739e+07
-1.73359e+07
-1.73908e+07
-1.74388e+07
-1.748e+07
-1.75146e+07
-1.75428e+07
-1.75646e+07
-1.75801e+07
-1.75893e+07
-1.75924e+07
4.62912e+07
4.6097e+07
4.55216e+07
4.4587e+07
4.33269e+07
4.17838e+07
4.00054e+07
3.80414e+07
3.59405e+07
3.37477e+07
3.15035e+07
2.92424e+07
2.69928e+07
2.47773e+07
2.26133e+07
2.05136e+07
1.8487e+07
1.65394e+07
1.46738e+07
1.28916e+07
1.11925e+07
9.57524e+06
8.03781e+06
6.57762e+06
5.19177e+06
3.87718e+06
2.63068e+06
1.44908e+06
329255.
-731855.
-1.7372e+06
-2.68962e+06
-3.5918e+06
-4.44634e+06
-5.25567e+06
-6.02211e+06
-6.74785e+06
-7.43497e+06
-8.08543e+06
-8.70109e+06
-9.28369e+06
-9.83489e+06
-1.03563e+07
-1.08493e+07
-1.13154e+07
-1.17558e+07
-1.21719e+07
-1.25649e+07
-1.29357e+07
-1.32857e+07
-1.36156e+07
-1.39265e+07
-1.42194e+07
-1.4495e+07
-1.47541e+07
-1.49976e+07
-1.52262e+07
-1.54406e+07
-1.56414e+07
-1.58292e+07
-1.60046e+07
-1.61682e+07
-1.63204e+07
-1.64618e+07
-1.65928e+07
-1.67138e+07
-1.68253e+07
-1.69275e+07
-1.70208e+07
-1.71055e+07
-1.7182e+07
-1.72504e+07
-1.7311e+07
-1.7364e+07
-1.74095e+07
-1.74478e+07
-1.7479e+07
-1.75031e+07
-1.75203e+07
-1.75305e+07
-1.7534e+07
4.33719e+07
4.32089e+07
4.27253e+07
4.19371e+07
4.08692e+07
3.95534e+07
3.80262e+07
3.63263e+07
3.44924e+07
3.25613e+07
Process [5]
3.05669e+07
2.85391e+07
2.65034e+07
2.4481e+07
2.24888e+07
2.054e+07
1.86446e+07
1.68095e+07
1.50396e+07
1.33378e+07
1.17053e+07
1.01426e+07
8.64887e+06
7.22295e+06
5.8631e+06
4.56729e+06
3.33329e+06
2.15875e+06
1.04126e+06
-21570.7
-1.03214e+06
-1.99277e+06
-2.90574e+06
-3.77322e+06
-4.59733e+06
-5.38006e+06
-6.12336e+06
-6.82905e+06
-7.49889e+06
-8.13455e+06
-8.73761e+06
-9.30959e+06
-9.85192e+06
-1.0366e+07
-1.0853e+07
-1.13144e+07
-1.17511e+07
-1.21645e+07
-1.25554e+07
-1.2925e+07
-1.32742e+07
-1.36039e+07
-1.39149e+07
-1.42082e+07
-1.44845e+07
-1.47446e+07
-1.49891e+07
-1.52188e+07
-1.54343e+07
-1.56361e+07
-1.58249e+07
-1.60012e+07
-1.61655e+07
-1.63183e+07
-1.646e+07
-1.65911e+07
-1.6712e+07
-1.68229e+07
-1.69243e+07
-1.70165e+07
-1.70997e+07
-1.71742e+07
-1.72402e+07
-1.7298e+07
-1.73478e+07
-1.73896e+07
-1.74236e+07
-1.74499e+07
-1.74687e+07
-1.74799e+07
-1.74837e+07
4.085e+07
4.07114e+07
4.02996e+07
3.96266e+07
3.87111e+07
3.75774e+07
3.62537e+07
3.47703e+07
3.31583e+07
3.14479e+07
2.96673e+07
2.78423e+07
2.59955e+07
2.4146e+07
2.23101e+07
2.05008e+07
1.87283e+07
1.70005e+07
1.53231e+07
1.37002e+07
1.21343e+07
1.06269e+07
9.17854e+06
7.78903e+06
6.45768e+06
5.18337e+06
3.96472e+06
2.80014e+06
1.68791e+06
626217.
-386775.
-1.35292e+06
-2.27404e+06
-3.15195e+06
-3.98842e+06
-4.78515e+06
-5.5438e+06
-6.26596e+06
-6.95319e+06
-7.60695e+06
-8.22867e+06
-8.81971e+06
-9.38137e+06
-9.91489e+06
-1.04215e+07
-1.09023e+07
-1.13584e+07
-1.17908e+07
-1.22006e+07
-1.25887e+07
-1.2956e+07
-1.33034e+07
-1.36318e+07
-1.39418e+07
-1.42344e+07
-1.45101e+07
-1.47698e+07
-1.5014e+07
-1.52434e+07
-1.54586e+07
-1.56602e+07
-1.58486e+07
-1.60244e+07
-1.6188e+07
-1.634e+07
-1.64807e+07
-1.66105e+07
-1.67298e+07
-1.68389e+07
-1.69381e+07
-1.70278e+07
-1.71081e+07
-1.71794e+07
-1.72417e+07
-1.72954e+07
-1.73406e+07
-1.73773e+07
-1.74058e+07
-1.74261e+07
-1.74383e+07
-1.74423e+07
3.86652e+07
3.8546e+07
3.81912e+07
3.761e+07
3.68167e+07
3.58302e+07
3.46724e+07
3.33676e+07
3.19407e+07
3.04165e+07
2.88188e+07
2.71695e+07
2.54883e+07
2.37928e+07
2.20979e+07
2.04159e+07
1.87573e+07
1.713e+07
1.55405e+07
1.39936e+07
1.24927e+07
1.10402e+07
9.63745e+06
8.28529e+06
6.98382e+06
5.73274e+06
4.53139e+06
3.37887e+06
2.27406e+06
1.21573e+06
202545.
-766894.
-1.69401e+06
-2.58024e+06
-3.42702e+06
-4.23575e+06
-5.00784e+06
-5.74465e+06
-6.44749e+06
-7.11766e+06
-7.75641e+06
-8.36495e+06
-8.94444e+06
-9.496e+06
-1.00207e+07
-1.05197e+07
-1.09939e+07
-1.14442e+07
-1.18717e+07
-1.22772e+07
-1.26616e+07
-1.30258e+07
-1.33704e+07
-1.36963e+07
-1.40043e+07
-1.42949e+07
-1.45689e+07
-1.48269e+07
-1.50696e+07
-1.52975e+07
-1.55111e+07
-1.5711e+07
-1.58977e+07
-1.60717e+07
-1.62334e+07
-1.63832e+07
-1.65216e+07
-1.66488e+07
-1.67652e+07
-1.68712e+07
-1.6967e+07
-1.70529e+07
-1.71291e+07
-1.71958e+07
-1.72533e+07
-1.73016e+07
-1.7341e+07
-1.73715e+07
-1.73933e+07
-1.74063e+07
-1.74106e+07
3.67702e+07
3.66663e+07
3.63573e+07
3.585e+07
3.51557e+07
3.42891e+07
3.32677e+07
3.21108e+07
3.08388e+07
2.9472e+07
2.80305e+07
2.6533e+07
2.49967e+07
2.34374e+07
2.18685e+07
2.03019e+07
1.87474e+07
1.72133e+07
1.57061e+07
1.42312e+07
1.27926e+07
1.13933e+07
1.00355e+07
8.7206e+06
7.44945e+06
6.22243e+06
5.03952e+06
3.90041e+06
2.80455e+06
1.7512e+06
739505.
-231516.
-1.1629e+06
-2.05572e+06
-2.91111e+06
-3.73019e+06
-4.51409e+06
-5.26394e+06
-5.98086e+06
-6.66594e+06
-7.32028e+06
-7.94491e+06
-8.54089e+06
-9.1092e+06
-9.65083e+06
-1.01667e+07
-1.06578e+07
-1.1125e+07
-1.15691e+07
-1.1991e+07
-1.23915e+07
-1.27714e+07
-1.31315e+07
-1.34724e+07
-1.37948e+07
-1.40995e+07
-1.43871e+07
-1.46582e+07
-1.49134e+07
-1.51533e+07
-1.53784e+07
-1.55893e+07
-1.57863e+07
-1.59701e+07
-1.6141e+07
-1.62995e+07
-1.64459e+07
-1.65807e+07
-1.67041e+07
-1.68164e+07
-1.6918e+07
-1.70092e+07
-1.70901e+07
-1.7161e+07
-1.7222e+07
-1.72734e+07
-1.73153e+07
-1.73477e+07
-1.73708e+07
-1.73846e+07
-1.73893e+07
3.51267e+07
3.50354e+07
3.47634e+07
3.43162e+07
3.37027e+07
3.29345e+07
3.20256e+07
3.09918e+07
2.98497e+07
2.86162e+07
2.73081e+07
2.59415e+07
2.45316e+07
2.3092e+07
2.16352e+07
2.01721e+07
1.87122e+07
1.72634e+07
1.58324e+07
1.44248e+07
1.3045e+07
1.16964e+07
1.03819e+07
9.10326e+06
7.86204e+06
6.65915e+06
5.4951e+06
4.3701e+06
3.28409e+06
2.23679e+06
1.22775e+06
256406.
-677928.
-1.57601e+06
-2.43865e+06
-3.2667e+06
-4.06106e+06
-4.82262e+06
-5.55229e+06
-6.251e+06
-6.91966e+06
-7.55916e+06
-8.17041e+06
-8.7543e+06
-9.31169e+06
-9.84343e+06
-1.03504e+07
-1.08333e+07
-1.12931e+07
-1.17304e+07
-1.21461e+07
-1.25408e+07
-1.29154e+07
-1.32704e+07
-1.36066e+07
-1.39246e+07
-1.4225e+07
-1.45085e+07
-1.47756e+07
-1.50268e+07
-1.52628e+07
-1.54839e+07
-1.56908e+07
-1.58839e+07
-1.60635e+07
-1.62302e+07
-1.63843e+07
-1.65261e+07
-1.66561e+07
-1.67745e+07
-1.68816e+07
-1.69777e+07
-1.70631e+07
-1.71379e+07
-1.72023e+07
-1.72566e+07
-1.73008e+07
-1.7335e+07
-1.73594e+07
-1.73741e+07
-1.73789e+07
3.37043e+07
3.36232e+07
3.33815e+07
3.29834e+07
3.24362e+07
3.17492e+07
3.09338e+07
3.00027e+07
2.89698e+07
2.78491e+07
2.6655e+07
2.54012e+07
2.41008e+07
2.27662e+07
2.14085e+07
2.00377e+07
1.86627e+07
1.72913e+07
1.593e+07
1.45845e+07
1.32593e+07
1.19584e+07
1.06848e+07
9.44086e+06
8.22853e+06
7.04918e+06
5.90379e+06
4.79301e+06
3.7172e+06
2.6765e+06
1.67084e+06
699996.
-236373.
-1.13872e+06
-2.00758e+06
-2.84355e+06
-3.64727e+06
-4.41945e+06
-5.16078e+06
-5.87202e+06
-6.5539e+06
-7.2072e+06
-7.83268e+06
-8.43109e+06
-9.00322e+06
-9.54981e+06
-1.00716e+07
-1.05694e+07
-1.10438e+07
-1.14957e+07
-1.19256e+07
-1.23344e+07
-1.27226e+07
-1.3091e+07
-1.34401e+07
-1.37707e+07
-1.40832e+07
-1.43783e+07
-1.46566e+07
-1.49186e+07
-1.51648e+07
-1.53957e+07
-1.56118e+07
-1.58136e+07
-1.60015e+07
-1.61759e+07
-1.63372e+07
-1.64858e+07
-1.66219e+07
-1.6746e+07
-1.68584e+07
-1.69592e+07
-1.70487e+07
-1.71272e+07
-1.71948e+07
-1.72518e+07
-1.72982e+07
-1.73341e+07
-1.73598e+07
-1.73751e+07
-1.73802e+07
3.24779e+07
3.24052e+07
3.21883e+07
3.18308e+07
3.13383e+07
3.07185e+07
2.99808e+07
2.91358e+07
2.81948e+07
2.71697e+07
2.60728e+07
2.49158e+07
2.37104e+07
2.24673e+07
2.11966e+07
1.99075e+07
1.86083e+07
1.73064e+07
1.60081e+07
1.47192e+07
1.34442e+07
1.21873e+07
1.09518e+07
9.74037e+06
8.55531e+06
7.39836e+06
6.27089e+06
5.17392e+06
4.10819e+06
3.07419e+06
2.07218e+06
1.10228e+06
164425.
-741541.
-1.61589e+06
-2.45899e+06
-3.27126e+06
-4.05318e+06
-4.80529e+06
-5.52815e+06
-6.22236e+06
-6.88853e+06
-7.52731e+06
-8.13934e+06
-8.7253e+06
-9.28583e+06
-9.82162e+06
-1.03333e+07
-1.08216e+07
-1.12871e+07
-1.17305e+07
-1.21525e+07
-1.25536e+07
-1.29346e+07
-1.32959e+07
-1.36383e+07
-1.39622e+07
-1.42684e+07
-1.45572e+07
-1.48293e+07
-1.50851e+07
-1.53252e+07
-1.555e+07
-1.576e+07
-1.59556e+07
-1.61373e+07
-1.63054e+07
-1.64602e+07
-1.66022e+07
-1.67317e+07
-1.68489e+07
-1.69541e+07
-1.70475e+07
-1.71295e+07
-1.72001e+07
-1.72596e+07
-1.7308e+07
-1.73456e+07
-1.73724e+07
-1.73884e+07
-1.73937e+07
3.14272e+07
3.13614e+07
3.1165e+07
3.08408e+07
3.03937e+07
2.98298e+07
2.9157e+07
2.83839e+07
2.75203e+07
2.65763e+07
2.55621e+07
2.44881e+07
2.33645e+07
2.22007e+07
2.1006e+07
1.97887e+07
1.85565e+07
1.73165e+07
1.60747e+07
1.48366e+07
1.36071e+07
1.23903e+07
1.11896e+07
1.00081e+07
8.84819e+06
7.71205e+06
6.6013e+06
5.5173e+06
4.46109e+06
3.43347e+06
2.43502e+06
1.46613e+06
527010.
-382239.
-1.26165e+06
-2.11136e+06
-2.93159e+06
-3.72262e+06
-4.48482e+06
-5.21858e+06
-5.92436e+06
-6.60264e+06
-7.25394e+06
-7.87881e+06
-8.47779e+06
-9.05147e+06
-9.60043e+06
-1.01253e+07
-1.06266e+07
-1.1105e+07
-1.15611e+07
-1.19955e+07
-1.24088e+07
-1.28016e+07
-1.31744e+07
-1.35279e+07
-1.38626e+07
-1.4179e+07
-1.44778e+07
-1.47593e+07
-1.50242e+07
-1.52729e+07
-1.55059e+07
-1.57236e+07
-1.59265e+07
-1.61149e+07
-1.62893e+07
-1.64501e+07
-1.65975e+07
-1.67319e+07
-1.68537e+07
-1.6963e+07
-1.70601e+07
-1.71453e+07
-1.72187e+07
-1.72805e+07
-1.73309e+07
-1.73699e+07
-1.73978e+07
-1.74145e+07
-1.742e+07
3.05352e+07
3.04751e+07
3.02957e+07
2.99992e+07
2.95896e+07
2.90723e+07
2.84535e+07
2.77408e+07
2.69423e+07
2.60666e+07
2.51227e+07
2.41196e+07
2.30661e+07
2.19708e+07
2.08419e+07
1.96872e+07
1.85137e+07
1.73281e+07
1.61362e+07
1.49435e+07
1.37545e+07
1.25735e+07
1.14041e+07
1.02495e+07
9.11244e+06
7.99512e+06
6.89953e+06
5.82726e+06
4.77964e+06
3.75774e+06
2.7624e+06
1.79425e+06
853782.
-58699.3
-943002.
-1.79905e+06
-2.62688e+06
-3.42659e+06
-4.19839e+06
-4.94251e+06
-5.65928e+06
-6.34905e+06
-7.01223e+06
-7.64924e+06
-8.26056e+06
-8.84668e+06
-9.40811e+06
-9.94538e+06
-1.0459e+07
-1.09496e+07
-1.14177e+07
-1.18638e+07
-1.22885e+07
-1.26924e+07
-1.30761e+07
-1.344e+07
-1.37848e+07
-1.41109e+07
-1.44189e+07
-1.47094e+07
-1.49827e+07
-1.52394e+07
-1.548e+07
-1.57049e+07
-1.59145e+07
-1.61093e+07
-1.62896e+07
-1.64558e+07
-1.66083e+07
-1.67474e+07
-1.68733e+07
-1.69864e+07
-1.7087e+07
-1.71751e+07
-1.72511e+07
-1.73151e+07
-1.73673e+07
-1.74077e+07
-1.74365e+07
-1.74538e+07
-1.74596e+07
2.97882e+07
2.97328e+07
2.95673e+07
2.92938e+07
2.89154e+07
2.84366e+07
2.7863e+07
2.72007e+07
2.64568e+07
2.56387e+07
2.47541e+07
2.38111e+07
2.28174e+07
2.17807e+07
2.07084e+07
1.96077e+07
1.84851e+07
1.73468e+07
1.61985e+07
1.50453e+07
1.38919e+07
1.27425e+07
1.16007e+07
1.04698e+07
9.35278e+06
8.252e+06
7.16965e+06
6.10756e+06
5.06728e+06
4.05011e+06
3.05712e+06
2.08918e+06
1.14698e+06
231051.
-658219.
-1.52057e+06
-2.35585e+06
-3.16402e+06
-3.9451e+06
-4.69921e+06
-5.42653e+06
-6.12731e+06
-6.80183e+06
-7.45043e+06
-8.0735e+06
-8.67145e+06
-9.24471e+06
-9.79375e+06
-1.03191e+07
-1.08211e+07
-1.13005e+07
-1.17577e+07
-1.21932e+07
-1.26075e+07
-1.30013e+07
-1.3375e+07
-1.37292e+07
-1.40644e+07
-1.43811e+07
-1.46798e+07
-1.4961e+07
-1.52252e+07
-1.54729e+07
-1.57044e+07
-1.59203e+07
-1.6121e+07
-1.63067e+07
-1.6478e+07
-1.66352e+07
-1.67785e+07
-1.69084e+07
-1.7025e+07
-1.71286e+07
-1.72195e+07
-1.72979e+07
-1.73639e+07
-1.74177e+07
-1.74594e+07
-1.74891e+07
-1.75069e+07
-1.75128e+07
Process [6]
2.91746e+07
2.91231e+07
2.89692e+07
2.87145e+07
2.83619e+07
2.79152e+07
2.73789e+07
2.67586e+07
2.60602e+07
2.52902e+07
2.44556e+07
2.35631e+07
2.26199e+07
2.16328e+07
2.06087e+07
1.9554e+07
1.84749e+07
1.73772e+07
1.62663e+07
1.51471e+07
1.40243e+07
1.2902e+07
1.17839e+07
1.06734e+07
9.57341e+06
8.48663e+06
7.41535e+06
6.3616e+06
5.32712e+06
4.31341e+06
3.32175e+06
2.3532e+06
1.40865e+06
488826.
-405716.
-1.27454e+06
-2.11733e+06
-2.93389e+06
-3.72412e+06
-4.48799e+06
-5.22558e+06
-5.937e+06
-6.62246e+06
-7.2822e+06
-7.91652e+06
-8.52576e+06
-9.11029e+06
-9.67052e+06
-1.02069e+07
-1.07198e+07
-1.12099e+07
-1.16774e+07
-1.21231e+07
-1.25473e+07
-1.29506e+07
-1.33334e+07
-1.36964e+07
-1.40401e+07
-1.43648e+07
-1.46712e+07
-1.49597e+07
-1.52308e+07
-1.5485e+07
-1.57227e+07
-1.59444e+07
-1.61504e+07
-1.63412e+07
-1.65171e+07
-1.66786e+07
-1.68258e+07
-1.69592e+07
-1.7079e+07
-1.71855e+07
-1.72789e+07
-1.73594e+07
-1.74272e+07
-1.74825e+07
-1.75254e+07
-1.75559e+07
-1.75742e+07
-1.75803e+07
2.86851e+07
2.86367e+07
2.84923e+07
2.82531e+07
2.79217e+07
2.75013e+07
2.69958e+07
2.64101e+07
2.57494e+07
2.50194e+07
2.42261e+07
2.33758e+07
2.24747e+07
2.15292e+07
2.05454e+07
1.95293e+07
1.84867e+07
1.74231e+07
1.63436e+07
1.5253e+07
1.41559e+07
1.30562e+07
1.19578e+07
1.08641e+07
9.77805e+06
8.70251e+06
7.63991e+06
6.59242e+06
5.56196e+06
4.5502e+06
3.5586e+06
2.5884e+06
1.64065e+06
716258.
-184063.
-1.05972e+06
-1.91026e+06
-2.73534e+06
-3.53472e+06
-4.30828e+06
-5.05596e+06
-5.7778e+06
-6.4739e+06
-7.14441e+06
-7.78958e+06
-8.40966e+06
-9.00497e+06
-9.57587e+06
-1.01227e+07
-1.0646e+07
-1.11461e+07
-1.16235e+07
-1.20786e+07
-1.2512e+07
-1.29242e+07
-1.33156e+07
-1.36868e+07
-1.40383e+07
-1.43705e+07
-1.4684e+07
-1.49792e+07
-1.52567e+07
-1.55169e+07
-1.57602e+07
-1.59871e+07
-1.61981e+07
-1.63934e+07
-1.65736e+07
-1.67389e+07
-1.68897e+07
-1.70262e+07
-1.71489e+07
-1.7258e+07
-1.73536e+07
-1.74361e+07
-1.75056e+07
-1.75622e+07
-1.76061e+07
-1.76374e+07
-1.76561e+07
-1.76624e+07
2.83118e+07
2.82661e+07
2.81293e+07
2.79028e+07
2.75886e+07
2.71895e+07
2.67092e+07
2.61517e+07
2.55218e+07
2.48244e+07
2.4065e+07
2.32492e+07
2.23827e+07
2.14712e+07
2.05205e+07
1.95361e+07
1.85234e+07
1.74877e+07
1.64339e+07
1.53666e+07
1.42902e+07
1.32087e+07
1.21259e+07
1.10453e+07
9.96995e+06
8.90273e+06
7.84621e+06
6.80271e+06
5.77428e+06
4.76275e+06
3.76973e+06
2.79661e+06
1.84462e+06
914790.
7995.75
-875036.
-1.73372e+06
-2.56758e+06
-3.37628e+06
-4.15957e+06
-4.91731e+06
-5.64944e+06
-6.35597e+06
-7.037e+06
-7.69267e+06
-8.32321e+06
-8.92888e+06
-9.50997e+06
-1.00669e+07
-1.05999e+07
-1.11095e+07
-1.15961e+07
-1.20602e+07
-1.25022e+07
-1.29227e+07
-1.3322e+07
-1.37008e+07
-1.40595e+07
-1.43986e+07
-1.47186e+07
-1.502e+07
-1.53032e+07
-1.55689e+07
-1.58173e+07
-1.6049e+07
-1.62644e+07
-1.64638e+07
-1.66478e+07
-1.68165e+07
-1.69705e+07
-1.71099e+07
-1.72352e+07
-1.73465e+07
-1.74442e+07
-1.75284e+07
-1.75993e+07
-1.76571e+07
-1.77019e+07
-1.77338e+07
-1.77529e+07
-1.77593e+07
2.80486e+07
2.80049e+07
2.78743e+07
2.76578e+07
2.73574e+07
2.69754e+07
2.65152e+07
2.59803e+07
2.5375e+07
2.47037e+07
2.39714e+07
2.31833e+07
2.23444e+07
2.14601e+07
2.05357e+07
1.95765e+07
1.85876e+07
1.75739e+07
1.65401e+07
1.54908e+07
1.44303e+07
1.33625e+07
1.22913e+07
1.122e+07
1.01519e+07
9.08996e+06
8.03678e+06
6.9948e+06
5.96623e+06
4.95302e+06
3.9569e+06
2.97944e+06
2.02197e+06
1.08566e+06
171534.
-719569.
-1.58694e+06
-2.43e+06
-3.2483e+06
-4.0415e+06
-4.80936e+06
-5.55175e+06
-6.2686e+06
-6.95995e+06
-7.62588e+06
-8.26656e+06
-8.8822e+06
-9.47308e+06
-1.00395e+07
-1.05818e+07
-1.11004e+07
-1.15957e+07
-1.20682e+07
-1.25182e+07
-1.29464e+07
-1.33531e+07
-1.37388e+07
-1.41041e+07
-1.44495e+07
-1.47754e+07
-1.50824e+07
-1.53709e+07
-1.56414e+07
-1.58944e+07
-1.61304e+07
-1.63497e+07
-1.65528e+07
-1.67401e+07
-1.69119e+07
-1.70686e+07
-1.72106e+07
-1.73381e+07
-1.74514e+07
-1.75508e+07
-1.76365e+07
-1.77086e+07
-1.77674e+07
-1.7813e+07
-1.78455e+07
-1.7865e+07
-1.78715e+07
2.78904e+07
2.78483e+07
2.77224e+07
2.75138e+07
2.72241e+07
2.68555e+07
2.64108e+07
2.58935e+07
2.53072e+07
2.46562e+07
2.39449e+07
2.3178e+07
2.23604e+07
2.14969e+07
2.05926e+07
1.96525e+07
1.86813e+07
1.76838e+07
1.66647e+07
1.56283e+07
1.45789e+07
1.35204e+07
1.24565e+07
1.13908e+07
1.03264e+07
9.26652e+06
8.21377e+06
7.17072e+06
6.13966e+06
5.12269e+06
4.12165e+06
3.13822e+06
2.17388e+06
1.22991e+06
307430.
-592585.
-1.46933e+06
-2.32212e+06
-3.15042e+06
-3.9538e+06
-4.73195e+06
-5.48465e+06
-6.21179e+06
-6.91334e+06
-7.58933e+06
-8.23989e+06
-8.86519e+06
-9.46548e+06
-1.0041e+07
-1.05922e+07
-1.11193e+07
-1.16227e+07
-1.2103e+07
-1.25605e+07
-1.29957e+07
-1.34092e+07
-1.38013e+07
-1.41726e+07
-1.45237e+07
-1.48549e+07
-1.51669e+07
-1.54601e+07
-1.57349e+07
-1.5992e+07
-1.62317e+07
-1.64544e+07
-1.66607e+07
-1.68508e+07
-1.70253e+07
-1.71844e+07
-1.73285e+07
-1.74579e+07
-1.75729e+07
-1.76738e+07
-1.77607e+07
-1.78339e+07
-1.78936e+07
-1.79399e+07
-1.79728e+07
-1.79926e+07
-1.79992e+07
2.78332e+07
2.77924e+07
2.76701e+07
2.74673e+07
2.71855e+07
2.68268e+07
2.63937e+07
2.58893e+07
2.53171e+07
2.4681e+07
2.3985e+07
2.32335e+07
2.24312e+07
2.15825e+07
2.06924e+07
1.97654e+07
1.88063e+07
1.78196e+07
1.68098e+07
1.57813e+07
1.47382e+07
1.36844e+07
1.26237e+07
1.15597e+07
1.04955e+07
9.43433e+06
8.379e+06
7.33213e+06
6.29612e+06
5.27315e+06
4.26521e+06
3.27406e+06
2.3013e+06
1.34832e+06
416355.
-493539.
-1.38045e+06
-2.24362e+06
-3.08242e+06
-3.89636e+06
-4.68504e+06
-5.4482e+06
-6.18567e+06
-6.89735e+06
-7.58326e+06
-8.24348e+06
-8.87816e+06
-9.48749e+06
-1.00718e+07
-1.06313e+07
-1.11664e+07
-1.16775e+07
-1.2165e+07
-1.26294e+07
-1.30712e+07
-1.34907e+07
-1.38886e+07
-1.42654e+07
-1.46215e+07
-1.49575e+07
-1.52739e+07
-1.55711e+07
-1.58498e+07
-1.61103e+07
-1.63532e+07
-1.65789e+07
-1.67878e+07
-1.69804e+07
-1.7157e+07
-1.73181e+07
-1.7464e+07
-1.7595e+07
-1.77114e+07
-1.78134e+07
-1.79014e+07
-1.79754e+07
-1.80358e+07
-1.80826e+07
-1.81159e+07
-1.81359e+07
-1.81426e+07
2.78743e+07
2.78343e+07
2.77145e+07
2.75157e+07
2.72394e+07
2.68874e+07
2.64622e+07
2.59666e+07
2.54038e+07
2.47775e+07
2.40915e+07
2.335e+07
2.25573e+07
2.17179e+07
2.08361e+07
1.99167e+07
1.89641e+07
1.79829e+07
1.69773e+07
1.59517e+07
1.49101e+07
1.38566e+07
1.27949e+07
1.17285e+07
1.06608e+07
9.59502e+06
8.53397e+06
7.4804e+06
6.43682e+06
5.40551e+06
4.38853e+06
3.38778e+06
2.40494e+06
1.44149e+06
498770.
-422083.
-1.32007e+06
-2.19437e+06
-3.04426e+06
-3.8692e+06
-4.66874e+06
-5.44255e+06
-6.19043e+06
-6.91225e+06
-7.60798e+06
-8.27768e+06
-8.92146e+06
-9.53954e+06
-1.01321e+07
-1.06996e+07
-1.12422e+07
-1.17605e+07
-1.22547e+07
-1.27255e+07
-1.31731e+07
-1.35982e+07
-1.40013e+07
-1.43829e+07
-1.47434e+07
-1.50835e+07
-1.54037e+07
-1.57044e+07
-1.59863e+07
-1.62497e+07
-1.64953e+07
-1.67233e+07
-1.69345e+07
-1.7129e+07
-1.73074e+07
-1.74701e+07
-1.76173e+07
-1.77495e+07
-1.78669e+07
-1.79699e+07
-1.80586e+07
-1.81333e+07
-1.81942e+07
-1.82414e+07
-1.8275e+07
-1.82952e+07
-1.83019e+07
2.80116e+07
2.7972e+07
2.78536e+07
2.76572e+07
2.7384e+07
2.70359e+07
2.66151e+07
2.61244e+07
2.55667e+07
2.49456e+07
2.42646e+07
2.35279e+07
2.27395e+07
2.19037e+07
2.1025e+07
2.01077e+07
1.91563e+07
1.81751e+07
1.71686e+07
1.61409e+07
1.50963e+07
1.40385e+07
1.29715e+07
1.18988e+07
1.08238e+07
9.74984e+06
8.67983e+06
7.6166e+06
6.56271e+06
5.52057e+06
4.49233e+06
3.47996e+06
2.48524e+06
1.50976e+06
554911.
-378078.
-1.28814e+06
-2.17438e+06
-3.03604e+06
-3.8725e+06
-4.68328e+06
-5.46801e+06
-6.22643e+06
-6.95842e+06
-7.6639e+06
-8.34291e+06
-8.99558e+06
-9.62208e+06
-1.02227e+07
-1.07976e+07
-1.13473e+07
-1.18722e+07
-1.23726e+07
-1.28491e+07
-1.33021e+07
-1.37321e+07
-1.41397e+07
-1.45255e+07
-1.48898e+07
-1.52334e+07
-1.55568e+07
-1.58604e+07
-1.61448e+07
-1.64106e+07
-1.66582e+07
-1.68881e+07
-1.71009e+07
-1.72969e+07
-1.74766e+07
-1.76404e+07
-1.77886e+07
-1.79217e+07
-1.80398e+07
-1.81434e+07
-1.82326e+07
-1.83078e+07
-1.8369e+07
-1.84164e+07
-1.84502e+07
-1.84705e+07
-1.84772e+07
2.82439e+07
2.82045e+07
2.80866e+07
2.78909e+07
2.76187e+07
2.72717e+07
2.68521e+07
2.63625e+07
2.58058e+07
2.51853e+07
2.45047e+07
2.37677e+07
2.29784e+07
2.21411e+07
2.126e+07
2.03394e+07
1.93839e+07
1.83977e+07
1.73851e+07
1.63505e+07
1.52979e+07
1.42314e+07
1.31547e+07
1.20716e+07
1.09855e+07
9.89977e+06
8.81746e+06
7.74145e+06
6.67443e+06
5.61886e+06
4.577e+06
3.5509e+06
2.54242e+06
1.55323e+06
584787.
-361602.
-1.28482e+06
-2.1839e+06
-3.05805e+06
-3.90661e+06
-4.72906e+06
-5.52499e+06
-6.29414e+06
-7.03634e+06
-7.75153e+06
-8.43973e+06
-9.10105e+06
-9.73567e+06
-1.03439e+07
-1.09259e+07
-1.14822e+07
-1.20131e+07
-1.25192e+07
-1.30008e+07
-1.34585e+07
-1.38928e+07
-1.43044e+07
-1.46936e+07
-1.50611e+07
-1.54075e+07
-1.57334e+07
-1.60392e+07
-1.63256e+07
-1.65931e+07
-1.68422e+07
-1.70735e+07
-1.72874e+07
-1.74843e+07
-1.76648e+07
-1.78293e+07
-1.79781e+07
-1.81116e+07
-1.82301e+07
-1.8334e+07
-1.84235e+07
-1.84988e+07
-1.85602e+07
-1.86077e+07
-1.86416e+07
-1.86619e+07
-1.86686e+07
2.85707e+07
2.85312e+07
2.84129e+07
2.82164e+07
2.79431e+07
2.75947e+07
2.71731e+07
2.6681e+07
2.61213e+07
2.54972e+07
2.48122e+07
2.40701e+07
2.3275e+07
2.24309e+07
2.15421e+07
2.06131e+07
1.96481e+07
1.86517e+07
1.7628e+07
1.65814e+07
1.55162e+07
1.44362e+07
1.33455e+07
1.22478e+07
1.11467e+07
1.00455e+07
8.9474e+06
7.85542e+06
6.77231e+06
5.70061e+06
4.64267e+06
3.60063e+06
2.57641e+06
1.57174e+06
588169.
-372957.
-1.31047e+06
-2.22335e+06
-3.11078e+06
-3.97205e+06
-4.80663e+06
-5.61409e+06
-6.39416e+06
-7.14665e+06
-7.87151e+06
-8.56875e+06
-9.23849e+06
-9.88094e+06
-1.04963e+07
-1.1085e+07
-1.16474e+07
-1.21839e+07
-1.2695e+07
-1.31811e+07
-1.36429e+07
-1.40809e+07
-1.44956e+07
-1.48877e+07
-1.52577e+07
-1.56063e+07
-1.5934e+07
-1.62414e+07
-1.65291e+07
-1.67977e+07
-1.70477e+07
-1.72796e+07
-1.7494e+07
-1.76914e+07
-1.78722e+07
-1.80369e+07
-1.81858e+07
-1.83194e+07
-1.8438e+07
-1.85418e+07
-1.86313e+07
-1.87066e+07
-1.87679e+07
-1.88154e+07
-1.88492e+07
-1.88695e+07
-1.88762e+07
2.89925e+07
2.89526e+07
2.88329e+07
2.86342e+07
2.83578e+07
2.80053e+07
2.75788e+07
2.70807e+07
2.65141e+07
2.58821e+07
Process [7]
2.51882e+07
2.44362e+07
2.36301e+07
2.27741e+07
2.18725e+07
2.09297e+07
1.99501e+07
1.89381e+07
1.78982e+07
1.68347e+07
1.57518e+07
1.46538e+07
1.35446e+07
1.2428e+07
1.13078e+07
1.01873e+07
9.0699e+06
7.95865e+06
6.85639e+06
5.76577e+06
4.6892e+06
3.6289e+06
2.58687e+06
1.56489e+06
564579.
-412682.
-1.36568e+06
-2.29337e+06
-3.19488e+06
-4.06952e+06
-4.91672e+06
-5.73605e+06
-6.52723e+06
-7.2901e+06
-8.02458e+06
-8.73072e+06
-9.40865e+06
-1.00586e+07
-1.06808e+07
-1.12757e+07
-1.18436e+07
-1.23851e+07
-1.29006e+07
-1.33907e+07
-1.38558e+07
-1.42968e+07
-1.4714e+07
-1.51082e+07
-1.548e+07
-1.583e+07
-1.61588e+07
-1.64671e+07
-1.67554e+07
-1.70244e+07
-1.72747e+07
-1.75067e+07
-1.77211e+07
-1.79183e+07
-1.80989e+07
-1.82633e+07
-1.84119e+07
-1.85452e+07
-1.86634e+07
-1.87669e+07
-1.8856e+07
-1.8931e+07
-1.89921e+07
-1.90394e+07
-1.9073e+07
-1.90932e+07
-1.90999e+07
2.95103e+07
2.94696e+07
2.93477e+07
2.91454e+07
2.88639e+07
2.85048e+07
2.80702e+07
2.75628e+07
2.69853e+07
2.63411e+07
2.56338e+07
2.4867e+07
2.40451e+07
2.3172e+07
2.22523e+07
2.12904e+07
2.02907e+07
1.9258e+07
1.81966e+07
1.7111e+07
1.60056e+07
1.48847e+07
1.37523e+07
1.26125e+07
1.1469e+07
1.03253e+07
9.18493e+06
8.05098e+06
6.92641e+06
5.81396e+06
4.71612e+06
3.63517e+06
2.57319e+06
1.53201e+06
513285.
-481559.
-1.45127e+06
-2.3948e+06
-3.31125e+06
-4.19991e+06
-5.06022e+06
-5.89177e+06
-6.69427e+06
-7.46756e+06
-8.21162e+06
-8.92649e+06
-9.61235e+06
-1.02694e+07
-1.08981e+07
-1.14986e+07
-1.20716e+07
-1.26174e+07
-1.31367e+07
-1.36299e+07
-1.40978e+07
-1.45409e+07
-1.496e+07
-1.53555e+07
-1.57283e+07
-1.6079e+07
-1.64082e+07
-1.67166e+07
-1.70049e+07
-1.72736e+07
-1.75234e+07
-1.77549e+07
-1.79686e+07
-1.81652e+07
-1.8345e+07
-1.85086e+07
-1.86564e+07
-1.87889e+07
-1.89063e+07
-1.90092e+07
-1.90977e+07
-1.91721e+07
-1.92327e+07
-1.92796e+07
-1.9313e+07
-1.9333e+07
-1.93397e+07
3.01259e+07
3.00841e+07
2.99591e+07
2.97517e+07
2.9463e+07
2.90948e+07
2.86491e+07
2.81288e+07
2.75366e+07
2.68759e+07
2.61505e+07
2.53642e+07
2.45212e+07
2.36258e+07
2.26826e+07
2.16961e+07
2.0671e+07
1.9612e+07
1.85238e+07
1.74109e+07
1.62779e+07
1.51291e+07
1.39689e+07
1.28013e+07
1.16302e+07
1.04593e+07
9.29211e+06
8.13193e+06
6.9818e+06
5.84452e+06
4.72268e+06
3.61863e+06
2.53448e+06
1.47214e+06
433286.
-580622.
-1.56832e+06
-2.52873e+06
-3.46097e+06
-4.36432e+06
-5.23824e+06
-6.08232e+06
-6.89631e+06
-7.68009e+06
-8.43363e+06
-9.15704e+06
-9.85052e+06
-1.05144e+07
-1.11489e+07
-1.17546e+07
-1.2332e+07
-1.28815e+07
-1.34039e+07
-1.38996e+07
-1.43694e+07
-1.4814e+07
-1.5234e+07
-1.56301e+07
-1.60031e+07
-1.63536e+07
-1.66825e+07
-1.69902e+07
-1.72777e+07
-1.75454e+07
-1.77941e+07
-1.80243e+07
-1.82368e+07
-1.8432e+07
-1.86104e+07
-1.87727e+07
-1.89192e+07
-1.90505e+07
-1.91668e+07
-1.92686e+07
-1.93561e+07
-1.94297e+07
-1.94896e+07
-1.9536e+07
-1.9569e+07
-1.95888e+07
-1.95954e+07
3.08416e+07
3.07985e+07
3.06696e+07
3.04555e+07
3.01576e+07
2.97776e+07
2.93178e+07
2.87809e+07
2.817e+07
2.74885e+07
2.67402e+07
2.59293e+07
2.506e+07
2.41369e+07
2.31646e+07
2.2148e+07
2.10919e+07
2.00011e+07
1.88805e+07
1.77349e+07
1.65689e+07
1.53872e+07
1.41942e+07
1.29941e+07
1.1791e+07
1.05886e+07
9.39077e+06
8.20072e+06
7.02165e+06
5.85646e+06
4.70781e+06
3.57812e+06
2.46955e+06
1.38404e+06
323303.
-711176.
-1.71813e+06
-2.69647e+06
-3.64535e+06
-4.56404e+06
-5.45204e+06
-6.30896e+06
-7.1346e+06
-7.92885e+06
-8.69175e+06
-9.42346e+06
-1.01242e+07
-1.07944e+07
-1.14343e+07
-1.20446e+07
-1.26257e+07
-1.31782e+07
-1.37029e+07
-1.42003e+07
-1.46713e+07
-1.51164e+07
-1.55365e+07
-1.59324e+07
-1.63047e+07
-1.66543e+07
-1.69819e+07
-1.72882e+07
-1.7574e+07
-1.78399e+07
-1.80868e+07
-1.83151e+07
-1.85255e+07
-1.87187e+07
-1.88953e+07
-1.90556e+07
-1.92003e+07
-1.93299e+07
-1.94446e+07
-1.95449e+07
-1.96312e+07
-1.97037e+07
-1.97627e+07
-1.98083e+07
-1.98408e+07
-1.98603e+07
-1.98668e+07
3.16608e+07
3.16161e+07
3.14822e+07
3.12599e+07
3.09506e+07
3.05562e+07
3.0079e+07
2.95219e+07
2.8888e+07
2.81811e+07
2.74051e+07
2.65644e+07
2.56634e+07
2.47069e+07
2.36998e+07
2.26472e+07
2.15542e+07
2.04258e+07
1.9267e+07
1.8083e+07
1.68787e+07
1.56587e+07
1.44278e+07
1.31904e+07
1.19506e+07
1.07125e+07
9.4799e+06
8.25622e+06
7.04474e+06
5.84846e+06
4.67011e+06
3.51217e+06
2.37686e+06
1.26615e+06
181767.
-874800.
-1.90228e+06
-2.89961e+06
-3.86594e+06
-4.8006e+06
-5.70311e+06
-6.57314e+06
-7.4105e+06
-8.21519e+06
-8.98727e+06
-9.72697e+06
-1.04346e+07
-1.11105e+07
-1.17553e+07
-1.23695e+07
-1.29536e+07
-1.35084e+07
-1.40345e+07
-1.45328e+07
-1.50039e+07
-1.54488e+07
-1.58681e+07
-1.62628e+07
-1.66336e+07
-1.69813e+07
-1.73068e+07
-1.76108e+07
-1.78941e+07
-1.81574e+07
-1.84015e+07
-1.86272e+07
-1.88349e+07
-1.90255e+07
-1.91994e+07
-1.93573e+07
-1.94996e+07
-1.96269e+07
-1.97396e+07
-1.98381e+07
-1.99228e+07
-1.99938e+07
-2.00517e+07
-2.00964e+07
-2.01282e+07
-2.01473e+07
-2.01536e+07
3.25873e+07
3.25406e+07
3.24008e+07
3.21688e+07
3.18459e+07
3.14342e+07
3.09362e+07
3.03549e+07
2.96937e+07
2.89566e+07
2.81477e+07
2.72716e+07
2.63332e+07
2.53374e+07
2.42896e+07
2.31949e+07
2.20588e+07
2.08866e+07
1.96838e+07
1.84555e+07
1.7207e+07
1.59433e+07
1.46692e+07
1.33893e+07
1.21081e+07
1.08298e+07
9.55816e+06
8.29694e+06
7.04946e+06
5.81882e+06
4.60782e+06
3.41899e+06
2.25459e+06
1.11662e+06
6800.83
-1.07337e+06
-2.12263e+06
-3.13996e+06
-4.12454e+06
-5.07575e+06
-5.99314e+06
-6.87647e+06
-7.72561e+06
-8.5406e+06
-9.32161e+06
-1.00689e+07
-1.07829e+07
-1.14641e+07
-1.2113e+07
-1.27303e+07
-1.33166e+07
-1.38728e+07
-1.43995e+07
-1.48977e+07
-1.53681e+07
-1.58117e+07
-1.62293e+07
-1.66218e+07
-1.699e+07
-1.73349e+07
-1.76573e+07
-1.7958e+07
-1.8238e+07
-1.84978e+07
-1.87385e+07
-1.89606e+07
-1.91649e+07
-1.9352e+07
-1.95227e+07
-1.96775e+07
-1.98169e+07
-1.99414e+07
-2.00516e+07
-2.01479e+07
-2.02305e+07
-2.02999e+07
-2.03562e+07
-2.03999e+07
-2.04309e+07
-2.04495e+07
-2.04556e+07
3.3626e+07
3.3577e+07
3.34302e+07
3.31866e+07
3.28478e+07
3.24158e+07
3.18933e+07
3.12837e+07
3.05905e+07
2.98181e+07
2.89708e+07
2.80536e+07
2.70717e+07
2.60304e+07
2.49353e+07
2.37921e+07
2.26065e+07
2.13841e+07
2.01308e+07
1.88521e+07
1.75534e+07
1.62401e+07
1.49172e+07
1.35897e+07
1.22621e+07
1.09388e+07
9.62382e+06
8.32103e+06
7.03387e+06
5.76551e+06
4.51883e+06
3.29641e+06
2.10054e+06
933229.
-203792.
-1.30905e+06
-2.38132e+06
-3.41962e+06
-4.42319e+06
-5.39145e+06
-6.32405e+06
-7.22079e+06
-8.08165e+06
-8.90675e+06
-9.69633e+06
-1.04508e+07
-1.11706e+07
-1.18563e+07
-1.25085e+07
-1.31281e+07
-1.37158e+07
-1.42723e+07
-1.47987e+07
-1.52958e+07
-1.57645e+07
-1.62057e+07
-1.66205e+07
-1.70097e+07
-1.73744e+07
-1.77154e+07
-1.80337e+07
-1.83302e+07
-1.86058e+07
-1.88613e+07
-1.90975e+07
-1.93153e+07
-1.95153e+07
-1.96983e+07
-1.9865e+07
-2.0016e+07
-2.01519e+07
-2.02731e+07
-2.03803e+07
-2.04738e+07
-2.05541e+07
-2.06214e+07
-2.06761e+07
-2.07184e+07
-2.07484e+07
-2.07664e+07
-2.07724e+07
3.47825e+07
3.47308e+07
3.45759e+07
3.43189e+07
3.39614e+07
3.35059e+07
3.29551e+07
3.23127e+07
3.15825e+07
3.07693e+07
2.98778e+07
2.89133e+07
2.78814e+07
2.67879e+07
2.56387e+07
2.44401e+07
2.3198e+07
2.19187e+07
2.06082e+07
1.92724e+07
1.79172e+07
1.65482e+07
1.51707e+07
1.37899e+07
1.24107e+07
1.10375e+07
9.67476e+06
8.32624e+06
6.99558e+06
5.68606e+06
4.40062e+06
3.14188e+06
1.91214e+06
713430.
-452549.
-1.58435e+06
-2.68081e+06
-3.74099e+06
-4.76419e+06
-5.74994e+06
-6.69796e+06
-7.60814e+06
-8.48057e+06
-9.31546e+06
-1.01132e+07
-1.08742e+07
-1.15991e+07
-1.22885e+07
-1.29433e+07
-1.35642e+07
-1.41522e+07
-1.47081e+07
-1.5233e+07
-1.57278e+07
-1.61936e+07
-1.66314e+07
-1.70422e+07
-1.74271e+07
-1.77871e+07
-1.81231e+07
-1.84363e+07
-1.87275e+07
-1.89977e+07
-1.92478e+07
-1.94787e+07
-1.96912e+07
-1.98861e+07
-2.00641e+07
-2.02261e+07
-2.03726e+07
-2.05043e+07
-2.06217e+07
-2.07253e+07
-2.08156e+07
-2.08931e+07
-2.0958e+07
-2.10107e+07
-2.10514e+07
-2.10804e+07
-2.10977e+07
-2.11035e+07
3.60632e+07
3.60083e+07
3.58441e+07
3.55717e+07
3.51929e+07
3.47102e+07
3.41269e+07
3.34468e+07
3.26743e+07
3.18143e+07
3.08722e+07
2.98537e+07
2.87648e+07
2.76119e+07
2.64015e+07
2.514e+07
2.38342e+07
2.24906e+07
2.11157e+07
1.97159e+07
1.82974e+07
1.68662e+07
1.54279e+07
1.39881e+07
1.25518e+07
1.11237e+07
9.70841e+06
8.30985e+06
6.9318e+06
5.5776e+06
4.25026e+06
2.95244e+06
1.68645e+06
454286.
-742364.
-1.90211e+06
-3.02385e+06
-4.10672e+06
-5.15013e+06
-6.1537e+06
-7.11724e+06
-8.04078e+06
-8.92449e+06
-9.76874e+06
-1.0574e+07
-1.13408e+07
-1.207e+07
-1.27623e+07
-1.34185e+07
-1.40397e+07
-1.46269e+07
-1.5181e+07
-1.57032e+07
-1.61946e+07
-1.66563e+07
-1.70894e+07
-1.7495e+07
-1.78743e+07
-1.82283e+07
-1.85582e+07
-1.8865e+07
-1.91498e+07
-1.94136e+07
-1.96572e+07
-1.98818e+07
-2.0088e+07
-2.02769e+07
-2.04492e+07
-2.06057e+07
-2.07469e+07
-2.08737e+07
-2.09866e+07
-2.10861e+07
-2.11728e+07
-2.1247e+07
-2.13092e+07
-2.13596e+07
-2.13986e+07
-2.14262e+07
-2.14428e+07
-2.14483e+07
3.67355e+07
3.6679e+07
3.65098e+07
3.62291e+07
3.58389e+07
3.53417e+07
3.47411e+07
3.40409e+07
3.32458e+07
3.23609e+07
3.13918e+07
3.03445e+07
2.92254e+07
2.80409e+07
2.67978e+07
2.55031e+07
2.41634e+07
2.27858e+07
2.13769e+07
1.99433e+07
1.84915e+07
1.70275e+07
1.55573e+07
1.40864e+07
1.26202e+07
1.11634e+07
9.72056e+06
8.2959e+06
6.89316e+06
5.51573e+06
4.16665e+06
2.8486e+06
1.56388e+06
314486.
-897920.
-2.07198e+06
-3.20662e+06
-4.30104e+06
-5.35468e+06
-6.36722e+06
-7.33853e+06
-8.2687e+06
-9.15798e+06
-1.00068e+07
-1.08156e+07
-1.15852e+07
-1.23163e+07
-1.30097e+07
-1.36665e+07
-1.42875e+07
-1.4874e+07
-1.54269e+07
-1.59475e+07
-1.64368e+07
-1.68961e+07
-1.73265e+07
-1.77292e+07
-1.81053e+07
-1.84561e+07
-1.87826e+07
-1.9086e+07
-1.93673e+07
-1.96275e+07
-1.98677e+07
-2.00888e+07
-2.02917e+07
-2.04774e+07
-2.06465e+07
-2.08e+07
-2.09385e+07
-2.10627e+07
-2.11731e+07
-2.12705e+07
-2.13552e+07
-2.14277e+07
-2.14884e+07
-2.15376e+07
-2.15756e+07
-2.16026e+07
-2.16187e+07
-2.16241e+07
