Vec Object: Vec_0x84000004_3 8 MPI processes
  type: mpi
Process [0]
-2.48779e+08
-2.48717e+08
-2.48529e+08
-2.48217e+08
-2.47781e+08
-2.47223e+08
-2.46544e+08
-2.45747e+08
-2.44834e+08
-2.43808e+08
-2.42672e+08
-2.41429e+08
-2.40085e+08
-2.38642e+08
-2.37107e+08
-2.35483e+08
-2.33777e+08
-2.31993e+08
-2.30139e+08
-2.28221e+08
-2.26244e+08
-2.24217e+08
-2.22145e+08
-2.20035e+08
-2.17896e+08
-2.15734e+08
-2.13556e+08
-2.11369e+08
-2.0918e+08
-2.06996e+08
-2.04823e+08
-2.02668e+08
-2.00536e+08
-1.98434e+08
-1.96366e+08
-1.94336e+08
-1.9235e+08
-1.90411e+08
-1.88523e+08
-1.86688e+08
-1.84909e+08
-1.83187e+08
-1.81525e+08
-1.79924e+08
-1.78384e+08
-1.76906e+08
-1.75489e+08
-1.74134e+08
-1.7284e+08
-1.71606e+08
-1.70431e+08
-1.69315e+08
-1.68255e+08
-1.67251e+08
-1.66301e+08
-1.65403e+08
-1.64556e+08
-1.63759e+08
-1.63009e+08
-1.62305e+08
-1.61646e+08
-1.6103e+08
-1.60456e+08
-1.59921e+08
-1.59425e+08
-1.58966e+08
-1.58543e+08
-1.58156e+08
-1.57802e+08
-1.5748e+08
-1.57191e+08
-1.56932e+08
-1.56703e+08
-1.56503e+08
-1.56332e+08
-1.56188e+08
-1.56072e+08
-1.55982e+08
-1.55918e+08
-1.5588e+08
-1.55867e+08
-2.41942e+08
-2.4188e+08
-2.41695e+08
-2.41388e+08
-2.40958e+08
-2.40409e+08
-2.39741e+08
-2.38956e+08
-2.38057e+08
-2.37046e+08
-2.35928e+08
-2.34704e+08
-2.3338e+08
-2.3196e+08
-2.30447e+08
-2.28848e+08
-2.27168e+08
-2.25411e+08
-2.23585e+08
-2.21694e+08
-2.19747e+08
-2.17748e+08
-2.15706e+08
-2.13626e+08
-2.11516e+08
-2.09383e+08
-2.07234e+08
-2.05076e+08
-2.02914e+08
-2.00757e+08
-1.9861e+08
-1.9648e+08
-1.94372e+08
-1.92291e+08
-1.90243e+08
-1.88233e+08
-1.86265e+08
-1.84342e+08
-1.82468e+08
-1.80646e+08
-1.78878e+08
-1.77167e+08
-1.75513e+08
-1.73919e+08
-1.72385e+08
-1.70911e+08
-1.69498e+08
-1.68145e+08
-1.66852e+08
-1.65619e+08
-1.64443e+08
-1.63326e+08
-1.62264e+08
-1.61258e+08
-1.60305e+08
-1.59404e+08
-1.58554e+08
-1.57753e+08
-1.56999e+08
-1.56292e+08
-1.55629e+08
-1.55008e+08
-1.5443e+08
-1.53891e+08
-1.53391e+08
-1.52928e+08
-1.52502e+08
-1.5211e+08
-1.51753e+08
-1.51428e+08
-1.51136e+08
-1.50874e+08
-1.50643e+08
-1.50441e+08
-1.50267e+08
-1.50122e+08
-1.50004e+08
-1.49912e+08
-1.49848e+08
-1.49809e+08
-1.49796e+08
-2.28339e+08
-2.28279e+08
-2.281e+08
-2.27801e+08
-2.27385e+08
-2.26851e+08
-2.26203e+08
-2.25441e+08
-2.24568e+08
-2.23587e+08
-2.22501e+08
-2.21313e+08
-2.20028e+08
-2.18648e+08
-2.1718e+08
-2.15627e+08
-2.13994e+08
-2.12287e+08
-2.10512e+08
-2.08675e+08
-2.06781e+08
-2.04837e+08
-2.0285e+08
-2.00826e+08
-1.98771e+08
-1.96693e+08
-1.94597e+08
-1.92492e+08
-1.90382e+08
-1.88274e+08
-1.86175e+08
-1.84091e+08
-1.82026e+08
-1.79987e+08
-1.77978e+08
-1.76003e+08
-1.74068e+08
-1.72175e+08
-1.70328e+08
-1.6853e+08
-1.66784e+08
-1.65092e+08
-1.63454e+08
-1.61874e+08
-1.60351e+08
-1.58886e+08
-1.57479e+08
-1.56131e+08
-1.54841e+08
-1.53609e+08
-1.52434e+08
-1.51315e+08
-1.5025e+08
-1.4924e+08
-1.48283e+08
-1.47377e+08
-1.4652e+08
-1.45713e+08
-1.44953e+08
-1.44238e+08
-1.43567e+08
-1.4294e+08
-1.42354e+08
-1.41808e+08
-1.413e+08
-1.40831e+08
-1.40398e+08
-1.4e+08
-1.39636e+08
-1.39306e+08
-1.39007e+08
-1.38741e+08
-1.38504e+08
-1.38298e+08
-1.38121e+08
-1.37972e+08
-1.37851e+08
-1.37758e+08
-1.37691e+08
-1.37652e+08
-1.37638e+08
-2.1488e+08
-2.14822e+08
-2.14647e+08
-2.14356e+08
-2.13951e+08
-2.13432e+08
-2.128e+08
-2.12059e+08
-2.11209e+08
-2.10254e+08
-2.09196e+08
-2.0804e+08
-2.06788e+08
-2.05444e+08
-2.04014e+08
-2.025e+08
-2.00909e+08
-1.99246e+08
-1.97515e+08
-1.95723e+08
-1.93876e+08
-1.91979e+08
-1.90039e+08
-1.88062e+08
-1.86054e+08
-1.84022e+08
-1.81973e+08
-1.79912e+08
-1.77846e+08
-1.75781e+08
-1.73723e+08
-1.71678e+08
-1.6965e+08
-1.67646e+08
-1.6567e+08
-1.63726e+08
-1.61819e+08
-1.59952e+08
-1.58129e+08
-1.56353e+08
-1.54626e+08
-1.5295e+08
-1.51328e+08
-1.49759e+08
-1.48247e+08
-1.46791e+08
-1.45391e+08
-1.44048e+08
-1.42761e+08
-1.41531e+08
-1.40357e+08
-1.39237e+08
-1.38172e+08
-1.3716e+08
-1.36199e+08
-1.35289e+08
-1.34429e+08
-1.33616e+08
-1.32851e+08
-1.32131e+08
-1.31455e+08
-1.30821e+08
-1.3023e+08
-1.29678e+08
-1.29165e+08
-1.2869e+08
-1.28251e+08
-1.27848e+08
-1.27479e+08
-1.27144e+08
-1.26841e+08
-1.2657e+08
-1.26331e+08
-1.26121e+08
-1.2594e+08
-1.25789e+08
-1.25666e+08
-1.25571e+08
-1.25503e+08
-1.25463e+08
-1.25449e+08
-2.0156e+08
-2.01503e+08
-2.01333e+08
-2.01049e+08
-2.00654e+08
-2.00147e+08
-1.9953e+08
-1.98806e+08
-1.97976e+08
-1.97043e+08
-1.96011e+08
-1.94881e+08
-1.93657e+08
-1.92345e+08
-1.90946e+08
-1.89467e+08
-1.87911e+08
-1.86285e+08
-1.84592e+08
-1.82838e+08
-1.8103e+08
-1.79172e+08
-1.77272e+08
-1.75334e+08
-1.73366e+08
-1.71373e+08
-1.69362e+08
-1.67339e+08
-1.65309e+08
-1.6328e+08
-1.61256e+08
-1.59243e+08
-1.57246e+08
-1.55271e+08
-1.53323e+08
-1.51405e+08
-1.49522e+08
-1.47677e+08
-1.45875e+08
-1.44117e+08
-1.42406e+08
-1.40745e+08
-1.39135e+08
-1.37579e+08
-1.36076e+08
-1.34627e+08
-1.33234e+08
-1.31897e+08
-1.30614e+08
-1.29387e+08
-1.28214e+08
-1.27096e+08
-1.2603e+08
-1.25017e+08
-1.24055e+08
-1.23143e+08
-1.22279e+08
-1.21464e+08
-1.20695e+08
-1.19971e+08
-1.19291e+08
-1.18654e+08
-1.18058e+08
-1.17502e+08
-1.16984e+08
-1.16505e+08
-1.16062e+08
-1.15655e+08
-1.15283e+08
-1.14944e+08
-1.14638e+08
-1.14363e+08
-1.14121e+08
-1.13908e+08
-1.13726e+08
-1.13572e+08
-1.13448e+08
-1.13351e+08
-1.13283e+08
-1.13242e+08
-1.13228e+08
-1.88377e+08
-1.88322e+08
-1.88155e+08
-1.87877e+08
-1.87489e+08
-1.86993e+08
-1.86389e+08
-1.8568e+08
-1.84867e+08
-1.83953e+08
-1.82941e+08
-1.81834e+08
-1.80635e+08
-1.79347e+08
-1.77976e+08
-1.76525e+08
-1.74999e+08
-1.73403e+08
-1.71741e+08
-1.70019e+08
-1.68242e+08
-1.66417e+08
-1.64549e+08
-1.62644e+08
-1.60707e+08
-1.58746e+08
-1.56766e+08
-1.54773e+08
-1.52773e+08
-1.50771e+08
-1.48774e+08
-1.46788e+08
-1.44816e+08
-1.42865e+08
-1.40939e+08
-1.39042e+08
-1.37178e+08
-1.35352e+08
-1.33566e+08
-1.31823e+08
-1.30127e+08
-1.28478e+08
-1.2688e+08
-1.25333e+08
-1.23839e+08
-1.22398e+08
-1.21011e+08
-1.19679e+08
-1.18401e+08
-1.17177e+08
-1.16007e+08
-1.1489e+08
-1.13825e+08
-1.12812e+08
-1.1185e+08
-1.10937e+08
-1.10073e+08
-1.09256e+08
-1.08485e+08
-1.07759e+08
-1.07077e+08
-1.06437e+08
-1.05838e+08
-1.05279e+08
-1.04759e+08
-1.04276e+08
-1.03831e+08
-1.03421e+08
-1.03046e+08
-1.02704e+08
-1.02395e+08
-1.02119e+08
-1.01874e+08
-1.0166e+08
-1.01476e+08
-1.01321e+08
-1.01196e+08
-1.01098e+08
-1.01029e+08
-1.00988e+08
-1.00974e+08
-1.75328e+08
-1.75273e+08
-1.75109e+08
-1.74836e+08
-1.74455e+08
-1.73968e+08
-1.73374e+08
-1.72677e+08
-1.71878e+08
-1.7098e+08
-1.69985e+08
-1.68897e+08
-1.67717e+08
-1.66451e+08
-1.65102e+08
-1.63674e+08
-1.62171e+08
-1.60599e+08
-1.58962e+08
-1.57265e+08
-1.55514e+08
-1.53714e+08
-1.51871e+08
-1.4999e+08
-1.48079e+08
-1.46142e+08
-1.44185e+08
-1.42215e+08
-1.40237e+08
-1.38257e+08
-1.36281e+08
-1.34314e+08
-1.32362e+08
-1.30429e+08
-1.2852e+08
-1.26639e+08
-1.2479e+08
-1.22978e+08
-1.21205e+08
-1.19475e+08
-1.17789e+08
-1.16151e+08
-1.14562e+08
-1.13024e+08
-1.11537e+08
-1.10104e+08
-1.08723e+08
-1.07396e+08
-1.06123e+08
-1.04903e+08
-1.03736e+08
-1.02621e+08
-1.01559e+08
-1.00548e+08
-9.95862e+07
-9.86741e+07
-9.781e+07
-9.69929e+07
-9.62215e+07
-9.54948e+07
-9.48114e+07
-9.41702e+07
-9.357e+07
-9.30097e+07
-9.24881e+07
-9.20041e+07
-9.15568e+07
-9.11451e+07
-9.07681e+07
-9.0425e+07
-9.01149e+07
-8.98371e+07
-8.95909e+07
-8.93756e+07
-8.91906e+07
-8.90354e+07
-8.89094e+07
-8.8812e+07
-8.87428e+07
-8.87015e+07
-8.86878e+07
-1.62409e+08
-1.62355e+08
-1.62194e+08
-1.61925e+08
-1.6155e+08
-1.61069e+08
-1.60484e+08
-1.59797e+08
-1.59009e+08
-1.58124e+08
-1.57142e+08
-1.56068e+08
-1.54904e+08
-1.53654e+08
-1.52322e+08
-1.50911e+08
-1.49427e+08
-1.47873e+08
-1.46254e+08
-1.44576e+08
-1.42843e+08
-1.41062e+08
-1.39237e+08
-1.37374e+08
-1.3548e+08
-1.3356e+08
-1.3162e+08
-1.29666e+08
-1.27704e+08
-1.25739e+08
-1.23777e+08
-1.21824e+08
-1.19884e+08
-1.17963e+08
-1.16066e+08
-1.14196e+08
-1.12359e+08
-1.10557e+08
-1.08793e+08
-1.07072e+08
-1.05395e+08
-1.03765e+08
-1.02184e+08
-1.00653e+08
-9.91729e+07
-9.77454e+07
-9.63707e+07
-9.50491e+07
-9.37805e+07
-9.25649e+07
-9.14019e+07
-9.0291e+07
-8.92314e+07
-8.82226e+07
-8.72635e+07
-8.63532e+07
-8.54907e+07
-8.46749e+07
-8.39046e+07
-8.31786e+07
-8.24957e+07
-8.18548e+07
-8.12547e+07
-8.06942e+07
-8.01724e+07
-7.9688e+07
-7.92401e+07
-7.88278e+07
-7.84502e+07
-7.81065e+07
-7.77957e+07
-7.75174e+07
-7.72706e+07
-7.7055e+07
-7.68699e+07
-7.67147e+07
-7.65889e+07
-7.64919e+07
-7.64231e+07
-7.6382e+07
-7.63684e+07
-1.4962e+08
-1.49567e+08
-1.49407e+08
-1.49141e+08
-1.4877e+08
-1.48295e+08
-1.47717e+08
-1.47037e+08
-1.46258e+08
-1.45381e+08
-1.4441e+08
-1.43347e+08
-1.42194e+08
-1.40956e+08
-1.39636e+08
-1.38238e+08
-1.36766e+08
-1.35224e+08
-1.33618e+08
-1.31952e+08
-1.30231e+08
-1.28462e+08
-1.26648e+08
-1.24797e+08
-1.22913e+08
-1.21003e+08
-1.19072e+08
-1.17127e+08
-1.15173e+08
-1.13217e+08
-1.11262e+08
-1.09317e+08
-1.07384e+08
-1.0547e+08
-1.03579e+08
-1.01716e+08
-9.98845e+07
-9.80885e+07
-9.63313e+07
-9.46159e+07
-9.2945e+07
-9.13207e+07
-8.97451e+07
-8.82197e+07
-8.67457e+07
-8.53239e+07
-8.39547e+07
-8.26384e+07
-8.13749e+07
-8.01641e+07
-7.90055e+07
-7.78988e+07
-7.68432e+07
-7.5838e+07
-7.48823e+07
-7.39752e+07
-7.31157e+07
-7.23025e+07
-7.15346e+07
-7.08108e+07
-7.01298e+07
-6.94906e+07
-6.88919e+07
-6.83327e+07
-6.78118e+07
-6.73282e+07
-6.68809e+07
-6.64691e+07
-6.60919e+07
-6.57484e+07
-6.54379e+07
-6.51598e+07
-6.49133e+07
-6.4698e+07
-6.45133e+07
-6.43588e+07
-6.42339e+07
-6.4138e+07
-6.40702e+07
-6.403e+07
-6.40166e+07
-1.36958e+08
-1.36906e+08
-1.36747e+08
-1.36484e+08
-1.36116e+08
-1.35644e+08
-1.35071e+08
-1.34396e+08
-1.33623e+08
-1.32753e+08
-1.31788e+08
-1.30732e+08
-1.29587e+08
-1.28356e+08
-1.27044e+08
-1.25653e+08
-1.24188e+08
-1.22653e+08
-1.21054e+08
-1.19394e+08
-1.17679e+08
-1.15914e+08
-1.14105e+08
-1.12257e+08
-1.10377e+08
-1.0847e+08
-1.06542e+08
-1.04599e+08
-1.02646e+08
-1.00691e+08
-9.8738e+07
-9.67931e+07
-9.48616e+07
-9.29485e+07
-9.10589e+07
-8.91971e+07
-8.73674e+07
-8.55736e+07
-8.38189e+07
-8.21064e+07
-8.04386e+07
-7.88179e+07
-7.72462e+07
-7.57251e+07
-7.42558e+07
-7.28391e+07
-7.14753e+07
-7.01644e+07
-6.89062e+07
-6.77006e+07
-6.65471e+07
-6.54453e+07
-6.43946e+07
-6.33941e+07
-6.2443e+07
-6.15404e+07
-6.0685e+07
-5.98759e+07
-5.91118e+07
-5.83916e+07
-5.77141e+07
-5.70779e+07
-5.6482e+07
-5.59252e+07
-5.54065e+07
-5.49249e+07
-5.44794e+07
-5.40691e+07
-5.36933e+07
-5.33509e+07
-5.30415e+07
-5.27643e+07
-5.25187e+07
-5.23043e+07
-5.21206e+07
-5.19674e+07
-5.18443e+07
-5.17504e+07
-5.16847e+07
-5.16459e+07
-5.16331e+07
-1.24424e+08
-1.24371e+08
-1.24213e+08
-1.23951e+08
-1.23585e+08
-1.23116e+08
-1.22545e+08
-1.21874e+08
-1.21104e+08
-1.20238e+08
-1.19277e+08
-1.18224e+08
-1.17082e+08
-1.15855e+08
-1.14545e+08
-1.13157e+08
-1.11694e+08
-1.1016e+08
-1.08561e+08
-1.06901e+08
-1.05186e+08
-1.03419e+08
-1.01608e+08
-9.97575e+07
-9.78736e+07
-9.59621e+07
-9.40292e+07
-9.20809e+07
-9.01233e+07
-8.81623e+07
-8.62038e+07
-8.42535e+07
-8.23168e+07
-8.0399e+07
-7.8505e+07
-7.66397e+07
-7.48072e+07
-7.30116e+07
-7.12559e+07
-6.95432e+07
-6.78758e+07
-6.62561e+07
-6.46863e+07
-6.31681e+07
-6.17027e+07
-6.02909e+07
-5.89325e+07
-5.76272e+07
-5.63747e+07
-5.51746e+07
-5.40268e+07
Process [1]
-5.29306e+07
-5.18857e+07
-5.08911e+07
-4.99458e+07
-4.90488e+07
-4.81991e+07
-4.73953e+07
-4.66365e+07
-4.59214e+07
-4.52487e+07
-4.46172e+07
-4.40254e+07
-4.34723e+07
-4.29569e+07
-4.24783e+07
-4.20357e+07
-4.16281e+07
-4.12545e+07
-4.09142e+07
-4.06066e+07
-4.0331e+07
-4.0087e+07
-3.98739e+07
-3.96915e+07
-3.95398e+07
-3.94191e+07
-3.93289e+07
-3.92671e+07
-3.92313e+07
-3.92196e+07
-1.12015e+08
-1.11962e+08
-1.11805e+08
-1.11544e+08
-1.11178e+08
-1.1071e+08
-1.1014e+08
-1.0947e+08
-1.08701e+08
-1.07835e+08
-1.06875e+08
-1.05822e+08
-1.0468e+08
-1.03452e+08
-1.02141e+08
-1.0075e+08
-9.92835e+07
-9.77461e+07
-9.61419e+07
-9.44759e+07
-9.2753e+07
-9.09786e+07
-8.91583e+07
-8.72977e+07
-8.54029e+07
-8.348e+07
-8.1535e+07
-7.95743e+07
-7.7604e+07
-7.56304e+07
-7.36596e+07
-7.16974e+07
-6.97494e+07
-6.78207e+07
-6.59167e+07
-6.40424e+07
-6.22026e+07
-6.04013e+07
-5.86415e+07
-5.69256e+07
-5.52558e+07
-5.36346e+07
-5.20643e+07
-5.05473e+07
-4.90852e+07
-4.76784e+07
-4.63261e+07
-4.50271e+07
-4.37804e+07
-4.25861e+07
-4.14443e+07
-4.03546e+07
-3.93165e+07
-3.83289e+07
-3.73907e+07
-3.65008e+07
-3.5658e+07
-3.48611e+07
-3.41089e+07
-3.34003e+07
-3.27342e+07
-3.21093e+07
-3.15244e+07
-3.09787e+07
-3.04713e+07
-3.00015e+07
-2.9568e+07
-2.91694e+07
-2.88043e+07
-2.84722e+07
-2.81725e+07
-2.79042e+07
-2.76668e+07
-2.74603e+07
-2.7283e+07
-2.71348e+07
-2.7019e+07
-2.6936e+07
-2.68813e+07
-2.68501e+07
-2.68399e+07
-9.97311e+07
-9.96787e+07
-9.95215e+07
-9.926e+07
-9.88946e+07
-9.84262e+07
-9.78558e+07
-9.71847e+07
-9.64144e+07
-9.55467e+07
-9.45838e+07
-9.3528e+07
-9.2382e+07
-9.11486e+07
-8.98313e+07
-8.84334e+07
-8.69589e+07
-8.54119e+07
-8.37969e+07
-8.21187e+07
-8.03823e+07
-7.85931e+07
-7.67567e+07
-7.48789e+07
-7.2966e+07
-7.10242e+07
-6.90598e+07
-6.70792e+07
-6.50887e+07
-6.3095e+07
-6.11048e+07
-5.91242e+07
-5.71587e+07
-5.52131e+07
-5.32927e+07
-5.14032e+07
-4.9551e+07
-4.77408e+07
-4.59747e+07
-4.42532e+07
-4.25778e+07
-4.09517e+07
-3.93783e+07
-3.78605e+07
-3.64004e+07
-3.49998e+07
-3.36594e+07
-3.23792e+07
-3.11595e+07
-3e+07
-2.88997e+07
-2.78571e+07
-2.68705e+07
-2.59375e+07
-2.50556e+07
-2.42231e+07
-2.34383e+07
-2.26991e+07
-2.20036e+07
-2.1351e+07
-2.07395e+07
-2.01683e+07
-1.96377e+07
-1.9147e+07
-1.86949e+07
-1.82799e+07
-1.79e+07
-1.7553e+07
-1.72368e+07
-1.69509e+07
-1.66944e+07
-1.64653e+07
-1.62632e+07
-1.60881e+07
-1.59381e+07
-1.58113e+07
-1.57121e+07
-1.56418e+07
-1.55949e+07
-1.55679e+07
-1.5559e+07
-8.75732e+07
-8.75207e+07
-8.73631e+07
-8.71008e+07
-8.67343e+07
-8.62643e+07
-8.56918e+07
-8.50179e+07
-8.42441e+07
-8.33721e+07
-8.24039e+07
-8.13418e+07
-8.01882e+07
-7.89461e+07
-7.76185e+07
-7.6209e+07
-7.47212e+07
-7.31593e+07
-7.15277e+07
-6.98312e+07
-6.80749e+07
-6.62641e+07
-6.44047e+07
-6.25024e+07
-6.05637e+07
-5.85952e+07
-5.66039e+07
-5.45959e+07
-5.25776e+07
-5.05554e+07
-4.85376e+07
-4.65321e+07
-4.45442e+07
-4.25765e+07
-4.06325e+07
-3.87193e+07
-3.68466e+07
-3.50249e+07
-3.32612e+07
-3.15596e+07
-2.99244e+07
-2.83598e+07
-2.68668e+07
-2.54454e+07
-2.4095e+07
-2.28167e+07
-2.16162e+07
-2.05007e+07
-1.94714e+07
-1.85232e+07
-1.76497e+07
-1.68452e+07
-1.61039e+07
-1.54205e+07
-1.47899e+07
-1.42079e+07
-1.36708e+07
-1.3175e+07
-1.27173e+07
-1.22949e+07
-1.19052e+07
-1.15459e+07
-1.12148e+07
-1.091e+07
-1.06299e+07
-1.03727e+07
-1.01371e+07
-9.92236e+06
-9.72745e+06
-9.55116e+06
-9.39253e+06
-9.25104e+06
-9.12591e+06
-9.01609e+06
-8.92177e+06
-8.84294e+06
-8.77661e+06
-8.72169e+06
-8.68071e+06
-8.65559e+06
-8.64715e+06
-7.55412e+07
-7.54884e+07
-7.53301e+07
-7.50665e+07
-7.4698e+07
-7.42253e+07
-7.36493e+07
-7.29709e+07
-7.21916e+07
-7.13129e+07
-7.03367e+07
-6.92651e+07
-6.81006e+07
-6.6846e+07
-6.55041e+07
-6.40783e+07
-6.25724e+07
-6.09903e+07
-5.93365e+07
-5.76156e+07
-5.58327e+07
-5.39936e+07
-5.21041e+07
-5.017e+07
-4.81973e+07
-4.61933e+07
-4.41669e+07
-4.21253e+07
-4.00724e+07
-3.80124e+07
-3.59545e+07
-3.39143e+07
-3.1908e+07
-2.99467e+07
-2.80404e+07
-2.62004e+07
-2.44364e+07
-2.2761e+07
-2.1195e+07
-1.97597e+07
-1.8463e+07
-1.72988e+07
-1.62554e+07
-1.53211e+07
-1.44848e+07
-1.37358e+07
-1.30639e+07
-1.24599e+07
-1.19155e+07
-1.14242e+07
-1.09801e+07
-1.05781e+07
-1.02136e+07
-9.88284e+06
-9.5828e+06
-9.31018e+06
-9.06197e+06
-8.83622e+06
-8.63068e+06
-8.44289e+06
-8.27119e+06
-8.11343e+06
-7.96674e+06
-7.82921e+06
-7.69983e+06
-7.57801e+06
-7.46378e+06
-7.35773e+06
-7.26036e+06
-7.17065e+06
-7.08824e+06
-7.01374e+06
-6.94662e+06
-6.88592e+06
-6.83284e+06
-6.78807e+06
-6.7461e+06
-6.70526e+06
-6.67147e+06
-6.64963e+06
-6.64213e+06
-6.36357e+07
-6.35825e+07
-6.34231e+07
-6.31577e+07
-6.27866e+07
-6.23102e+07
-6.17293e+07
-6.10448e+07
-6.0258e+07
-5.93704e+07
-5.83837e+07
-5.72998e+07
-5.61212e+07
-5.48504e+07
-5.34902e+07
-5.20438e+07
-5.05148e+07
-4.89074e+07
-4.72258e+07
-4.54746e+07
-4.36583e+07
-4.17829e+07
-3.98563e+07
-3.78844e+07
-3.58706e+07
-3.38197e+07
-3.17443e+07
-2.96645e+07
-2.75978e+07
-2.55587e+07
-2.35672e+07
-2.1648e+07
-1.9838e+07
-1.81856e+07
-1.67229e+07
-1.54514e+07
-1.43584e+07
-1.34274e+07
-1.264e+07
-1.19777e+07
-1.14233e+07
-1.09623e+07
-1.0582e+07
-1.02706e+07
-1.00172e+07
-9.80987e+06
-9.63299e+06
-9.47064e+06
-9.31364e+06
-9.15947e+06
-9.00775e+06
-8.85813e+06
-8.71064e+06
-8.56596e+06
-8.42476e+06
-8.28725e+06
-8.15355e+06
-8.02403e+06
-7.89888e+06
-7.77818e+06
-7.66207e+06
-7.55079e+06
-7.44456e+06
-7.34334e+06
-7.24697e+06
-7.15536e+06
-7.06866e+06
-6.9873e+06
-6.91141e+06
-6.84104e+06
-6.77609e+06
-6.71658e+06
-6.66243e+06
-6.61357e+06
-6.57024e+06
-6.53153e+06
-6.49651e+06
-6.46526e+06
-6.43981e+06
-6.42324e+06
-6.4175e+06
-5.18574e+07
-5.18038e+07
-5.16432e+07
-5.13756e+07
-5.10012e+07
-5.05202e+07
-4.99334e+07
-4.92414e+07
-4.84453e+07
-4.75467e+07
-4.65471e+07
-4.54482e+07
-4.42523e+07
-4.29618e+07
-4.15797e+07
-4.01087e+07
-3.85517e+07
-3.69129e+07
-3.5198e+07
-3.34118e+07
-3.15568e+07
-2.96356e+07
-2.76586e+07
-2.56452e+07
-2.36131e+07
-2.15796e+07
-1.95739e+07
-1.76436e+07
-1.58585e+07
-1.42862e+07
-1.29561e+07
-1.18643e+07
-1.09942e+07
-1.03239e+07
-9.82973e+06
-9.48906e+06
-9.27844e+06
-9.16897e+06
-9.12336e+06
-9.10427e+06
-9.08847e+06
-9.06763e+06
-9.03955e+06
-9.0032e+06
-8.95788e+06
-8.90334e+06
-8.84026e+06
-8.77e+06
-8.69315e+06
-8.60965e+06
-8.51992e+06
-8.42483e+06
-8.32541e+06
-8.22278e+06
-8.11805e+06
-8.01218e+06
-7.90598e+06
-7.80017e+06
-7.69541e+06
-7.59232e+06
-7.49148e+06
-7.39354e+06
-7.29907e+06
-7.20847e+06
-7.12191e+06
-7.03953e+06
-6.96151e+06
-6.888e+06
-6.81921e+06
-6.75519e+06
-6.69604e+06
-6.64173e+06
-6.59225e+06
-6.5477e+06
-6.50778e+06
-6.47241e+06
-6.44156e+06
-6.4157e+06
-6.39585e+06
-6.38319e+06
-6.37885e+06
-4.02072e+07
-4.01532e+07
-3.99913e+07
-3.97213e+07
-3.93433e+07
-3.88573e+07
-3.82635e+07
-3.75626e+07
-3.67555e+07
-3.58438e+07
-3.48293e+07
-3.37132e+07
-3.2497e+07
-3.1183e+07
-2.97749e+07
-2.82762e+07
-2.66885e+07
-2.50119e+07
-2.32527e+07
-2.14263e+07
-1.95476e+07
-1.76304e+07
-1.57039e+07
-1.38245e+07
-1.20825e+07
-1.05693e+07
-9.33181e+06
-8.376e+06
-7.69038e+06
-7.25444e+06
-7.04164e+06
-7.01743e+06
-7.12906e+06
-7.3092e+06
-7.50594e+06
-7.69646e+06
-7.87133e+06
-8.02418e+06
-8.15335e+06
-8.2606e+06
-8.34608e+06
-8.40842e+06
-8.44762e+06
-8.46507e+06
-8.46259e+06
-8.44263e+06
-8.4084e+06
-8.36303e+06
-8.30866e+06
-8.24655e+06
-8.1776e+06
-8.10273e+06
-8.02293e+06
-7.93924e+06
-7.85262e+06
-7.764e+06
-7.6742e+06
-7.58398e+06
-7.49402e+06
-7.40495e+06
-7.31737e+06
-7.23183e+06
-7.14883e+06
-7.06876e+06
-6.99192e+06
-6.91855e+06
-6.84886e+06
-6.78303e+06
-6.72122e+06
-6.66357e+06
-6.61016e+06
-6.56105e+06
-6.51632e+06
-6.47591e+06
-6.43991e+06
-6.4083e+06
-6.3813e+06
-6.35931e+06
-6.34288e+06
-6.33269e+06
-6.32922e+06
-2.86862e+07
-2.86318e+07
-2.84687e+07
-2.81965e+07
-2.78149e+07
-2.73235e+07
-2.67223e+07
-2.60111e+07
-2.5191e+07
-2.42639e+07
-2.32323e+07
-2.2098e+07
-2.08606e+07
-1.95187e+07
-1.80765e+07
-1.65456e+07
-1.49354e+07
-1.32537e+07
-1.15215e+07
-9.78714e+06
-8.13996e+06
-6.6888e+06
-5.50819e+06
-4.6281e+06
-4.05506e+06
-3.78063e+06
-3.78051e+06
-4.00497e+06
-4.37195e+06
-4.79582e+06
-5.22466e+06
-5.63538e+06
-6.01687e+06
-6.36616e+06
-6.68139e+06
-6.95803e+06
-7.19352e+06
-7.38944e+06
-7.55053e+06
-7.68237e+06
-7.78892e+06
-7.87212e+06
-7.93314e+06
-7.97331e+06
-7.99449e+06
-7.99884e+06
-7.9887e+06
-7.96625e+06
-7.93342e+06
-7.89174e+06
-7.84242e+06
-7.78654e+06
-7.72511e+06
-7.65912e+06
-7.58951e+06
-7.51716e+06
-7.4429e+06
-7.36746e+06
-7.29155e+06
-7.21579e+06
-7.14077e+06
-7.06702e+06
-6.99501e+06
-6.92515e+06
-6.85778e+06
-6.79317e+06
-6.73158e+06
-6.67321e+06
-6.61825e+06
-6.56684e+06
-6.51911e+06
-6.47517e+06
-6.43508e+06
-6.39895e+06
-6.36682e+06
-6.33886e+06
-6.31525e+06
-6.29631e+06
-6.2824e+06
-6.27386e+06
-6.27099e+06
-1.72949e+07
-1.72404e+07
-1.70765e+07
-1.68025e+07
-1.64177e+07
-1.59215e+07
-1.5313e+07
-1.4591e+07
-1.37555e+07
-1.28088e+07
-1.1756e+07
-1.06029e+07
-9.35106e+06
-8.00447e+06
-6.57856e+06
-5.10859e+06
-3.66773e+06
-2.35964e+06
-1.27242e+06
-458435.
51714.3
243021.
121912.
-268593.
-838361.
-1.48579e+06
-2.14519e+06
-2.78509e+06
-3.39177e+06
-3.9591e+06
-4.47842e+06
-4.94313e+06
-5.35506e+06
-5.72075e+06
-6.04582e+06
-6.3329e+06
-6.58298e+06
-6.79772e+06
-6.98e+06
-7.13303e+06
-7.25982e+06
-7.36277e+06
-7.44377e+06
-7.50451e+06
-7.54675e+06
-7.5724e+06
-7.58338e+06
-7.58154e+06
-7.56859e+06
-7.54601e+06
-7.51509e+06
-7.47697e+06
-7.43272e+06
-7.38329e+06
-7.32963e+06
-7.27258e+06
-7.21295e+06
-7.15148e+06
-7.08886e+06
-7.02571e+06
-6.9626e+06
-6.90007e+06
-6.83858e+06
-6.77853e+06
-6.72029e+06
-6.66416e+06
-6.61042e+06
-6.5593e+06
-6.51099e+06
-6.46569e+06
-6.42353e+06
-6.38464e+06
-6.34916e+06
-6.31717e+06
-6.28884e+06
-6.26427e+06
-6.2437e+06
-6.22732e+06
-6.21539e+06
-6.20813e+06
-6.20568e+06
-6.03306e+06
-5.97933e+06
-5.81657e+06
-5.54185e+06
-5.15337e+06
-4.65029e+06
-4.03301e+06
-3.30357e+06
-2.46557e+06
-1.5254e+06
-494707.
598059.
1.69188e+06
2.70549e+06
3.56877e+06
4.22844e+06
4.63761e+06
4.75797e+06
4.56997e+06
4.08919e+06
3.38663e+06
2.56524e+06
1.70457e+06
848450.
19047.6
-770182.
-1.50479e+06
-2.17691e+06
-2.78987e+06
-3.35032e+06
-3.86233e+06
-4.327e+06
-4.74553e+06
-5.12066e+06
-5.45564e+06
-5.75326e+06
-6.01577e+06
-6.24526e+06
-6.44397e+06
-6.61437e+06
-6.75888e+06
-6.87969e+06
-6.97877e+06
-7.05793e+06
-7.11892e+06
-7.16345e+06
-7.19326e+06
-7.20997e+06
-7.21514e+06
-7.21016e+06
-7.19631e+06
-7.17473e+06
-7.14647e+06
-7.11251e+06
-7.07375e+06
-7.03104e+06
-6.98517e+06
-6.93685e+06
-6.88677e+06
-6.83554e+06
-6.78372e+06
-6.73185e+06
-6.68038e+06
-6.62972e+06
-6.58024e+06
-6.53228e+06
-6.48611e+06
-6.44199e+06
-6.40015e+06
-6.36076e+06
-6.32401e+06
-6.29006e+06
-6.25903e+06
-6.23108e+06
-6.20634e+06
-6.18497e+06
-6.16713e+06
-6.153e+06
-6.14276e+06
-6.13654e+06
-6.13446e+06
Process [2]
5.06014e+06
5.10916e+06
5.25878e+06
5.51776e+06
5.89079e+06
6.36383e+06
6.90829e+06
7.49102e+06
8.0773e+06
8.62984e+06
9.10792e+06
9.4656e+06
9.65181e+06
9.61882e+06
9.33147e+06
8.78025e+06
8.00457e+06
7.08439e+06
6.09372e+06
5.08051e+06
4.07386e+06
3.09397e+06
2.161e+06
1.28805e+06
475284.
-282523.
-988476.
-1.64251e+06
-2.24504e+06
-2.79836e+06
-3.30514e+06
-3.76764e+06
-4.18783e+06
-4.56771e+06
-4.90958e+06
-5.21576e+06
-5.48846e+06
-5.72975e+06
-5.94174e+06
-6.1265e+06
-6.28609e+06
-6.42251e+06
-6.53761e+06
-6.63313e+06
-6.71075e+06
-6.7721e+06
-6.81872e+06
-6.85213e+06
-6.87374e+06
-6.88486e+06
-6.88671e+06
-6.88042e+06
-6.86701e+06
-6.84743e+06
-6.82257e+06
-6.79326e+06
-6.76026e+06
-6.7243e+06
-6.68601e+06
-6.64603e+06
-6.60489e+06
-6.56312e+06
-6.52117e+06
-6.47946e+06
-6.43837e+06
-6.39823e+06
-6.35934e+06
-6.32196e+06
-6.28633e+06
-6.25267e+06
-6.22115e+06
-6.19195e+06
-6.16524e+06
-6.14114e+06
-6.11983e+06
-6.10144e+06
-6.08613e+06
-6.07403e+06
-6.06527e+06
-6.05998e+06
-6.0582e+06
1.45235e+07
1.45394e+07
1.45864e+07
1.46611e+07
1.47524e+07
1.48363e+07
1.48812e+07
1.48536e+07
1.47182e+07
1.44389e+07
1.39831e+07
1.3337e+07
1.25232e+07
1.15878e+07
1.05716e+07
9.50582e+06
8.41742e+06
7.32967e+06
6.26667e+06
5.24735e+06
4.27771e+06
3.35546e+06
2.47905e+06
1.65063e+06
872144.
143234.
-537383.
-1.17094e+06
-1.75846e+06
-2.30121e+06
-2.80092e+06
-3.25942e+06
-3.67853e+06
-4.06011e+06
-4.40605e+06
-4.71828e+06
-4.99876e+06
-5.24939e+06
-5.47206e+06
-5.66863e+06
-5.84095e+06
-5.99077e+06
-6.11982e+06
-6.22972e+06
-6.32205e+06
-6.39831e+06
-6.45994e+06
-6.50834e+06
-6.54481e+06
-6.57058e+06
-6.58682e+06
-6.59458e+06
-6.59488e+06
-6.58862e+06
-6.57668e+06
-6.55985e+06
-6.53889e+06
-6.51448e+06
-6.48727e+06
-6.45786e+06
-6.42679e+06
-6.39456e+06
-6.36164e+06
-6.32844e+06
-6.29533e+06
-6.26266e+06
-6.23073e+06
-6.19981e+06
-6.17016e+06
-6.14199e+06
-6.11551e+06
-6.09089e+06
-6.06829e+06
-6.04789e+06
-6.02983e+06
-6.01424e+06
-6.00127e+06
-5.99103e+06
-5.98363e+06
-5.97915e+06
-5.97766e+06
1.90544e+07
1.90218e+07
1.89193e+07
1.87307e+07
1.84375e+07
1.80337e+07
1.75219e+07
1.69057e+07
1.61874e+07
1.53716e+07
1.44685e+07
1.34942e+07
1.24681e+07
1.14113e+07
1.03475e+07
9.29633e+06
8.26754e+06
7.26316e+06
6.28534e+06
5.3396e+06
4.43125e+06
3.56311e+06
2.73631e+06
1.95167e+06
1.21009e+06
512013.
-142824.
-755082.
-1.32563e+06
-1.85551e+06
-2.34595e+06
-2.79836e+06
-3.21424e+06
-3.59518e+06
-3.9428e+06
-4.25877e+06
-4.54476e+06
-4.80247e+06
-5.03358e+06
-5.23977e+06
-5.42265e+06
-5.58384e+06
-5.72489e+06
-5.84731e+06
-5.95254e+06
-6.04197e+06
-6.11695e+06
-6.17876e+06
-6.22861e+06
-6.26767e+06
-6.297e+06
-6.31765e+06
-6.33054e+06
-6.33658e+06
-6.33659e+06
-6.33136e+06
-6.3216e+06
-6.30798e+06
-6.29114e+06
-6.27165e+06
-6.25004e+06
-6.22682e+06
-6.20242e+06
-6.17727e+06
-6.15175e+06
-6.12618e+06
-6.10089e+06
-6.07614e+06
-6.0522e+06
-6.02929e+06
-6.00762e+06
-5.98738e+06
-5.96873e+06
-5.95184e+06
-5.93686e+06
-5.92391e+06
-5.91313e+06
-5.90461e+06
-5.89847e+06
-5.89475e+06
-5.8935e+06
1.89573e+07
1.89044e+07
1.87424e+07
1.84647e+07
1.80686e+07
1.75606e+07
1.69516e+07
1.6253e+07
1.54772e+07
1.46396e+07
1.37567e+07
1.28426e+07
1.19062e+07
1.0954e+07
9.99452e+06
9.0381e+06
8.09344e+06
7.16671e+06
6.26241e+06
5.38445e+06
4.53665e+06
3.7221e+06
2.94287e+06
2.20039e+06
1.49555e+06
828951.
200745.
-389288.
-941658.
-1.4571e+06
-1.93653e+06
-2.38103e+06
-2.7918e+06
-3.17016e+06
-3.51745e+06
-3.83511e+06
-4.12459e+06
-4.38737e+06
-4.62493e+06
-4.83874e+06
-5.03028e+06
-5.20097e+06
-5.35223e+06
-5.48543e+06
-5.60189e+06
-5.7029e+06
-5.78969e+06
-5.86344e+06
-5.9253e+06
-5.97633e+06
-6.01756e+06
-6.04993e+06
-6.07437e+06
-6.09171e+06
-6.10276e+06
-6.10825e+06
-6.10889e+06
-6.10532e+06
-6.09814e+06
-6.08793e+06
-6.07521e+06
-6.06044e+06
-6.04408e+06
-6.02654e+06
-6.00819e+06
-5.98936e+06
-5.97037e+06
-5.95149e+06
-5.93299e+06
-5.9151e+06
-5.89802e+06
-5.88195e+06
-5.86705e+06
-5.8535e+06
-5.84143e+06
-5.83098e+06
-5.82226e+06
-5.81536e+06
-5.81038e+06
-5.80736e+06
-5.80635e+06
1.76687e+07
1.76173e+07
1.74628e+07
1.72058e+07
1.68492e+07
1.63983e+07
1.58605e+07
1.52443e+07
1.45601e+07
1.3819e+07
1.3033e+07
1.22126e+07
1.13673e+07
1.05055e+07
9.63497e+06
8.7633e+06
7.89766e+06
7.0441e+06
6.20759e+06
5.39226e+06
4.6016e+06
3.83852e+06
3.10534e+06
2.40374e+06
1.73494e+06
1.09972e+06
498477.
-68692.2
-601996.
-1.10188e+06
-1.56898e+06
-2.00411e+06
-2.40821e+06
-2.78232e+06
-3.12758e+06
-3.44519e+06
-3.73638e+06
-4.00245e+06
-4.24467e+06
-4.46437e+06
-4.66282e+06
-4.84133e+06
-5.00116e+06
-5.14355e+06
-5.2697e+06
-5.3808e+06
-5.47798e+06
-5.56233e+06
-5.6349e+06
-5.69669e+06
-5.74865e+06
-5.79169e+06
-5.82665e+06
-5.85435e+06
-5.87554e+06
-5.89093e+06
-5.90118e+06
-5.90693e+06
-5.90876e+06
-5.90721e+06
-5.90278e+06
-5.89595e+06
-5.88714e+06
-5.87676e+06
-5.86518e+06
-5.85272e+06
-5.83969e+06
-5.82639e+06
-5.81305e+06
-5.79992e+06
-5.7872e+06
-5.77509e+06
-5.76377e+06
-5.75338e+06
-5.74407e+06
-5.73597e+06
-5.72919e+06
-5.72381e+06
-5.71992e+06
-5.71756e+06
-5.71677e+06
1.64677e+07
1.64216e+07
1.62835e+07
1.60551e+07
1.57392e+07
1.53402e+07
1.48642e+07
1.43184e+07
1.37111e+07
1.30515e+07
1.23486e+07
1.16115e+07
1.08487e+07
1.00678e+07
9.27607e+06
8.48032e+06
7.68669e+06
6.90071e+06
6.12717e+06
5.37014e+06
4.63306e+06
3.91879e+06
3.2297e+06
2.56761e+06
1.93392e+06
1.32959e+06
755260.
211234.
-302449.
-785987.
-1.23978e+06
-1.66439e+06
-2.06054e+06
-2.42905e+06
-2.77083e+06
-3.08688e+06
-3.37826e+06
-3.64605e+06
-3.89138e+06
-4.11539e+06
-4.31922e+06
-4.50402e+06
-4.67093e+06
-4.82106e+06
-4.9555e+06
-5.07534e+06
-5.1816e+06
-5.27529e+06
-5.35737e+06
-5.42878e+06
-5.4904e+06
-5.54307e+06
-5.5876e+06
-5.62475e+06
-5.65522e+06
-5.67971e+06
-5.69884e+06
-5.71322e+06
-5.7234e+06
-5.7299e+06
-5.73322e+06
-5.7338e+06
-5.73207e+06
-5.72841e+06
-5.72319e+06
-5.71673e+06
-5.70934e+06
-5.7013e+06
-5.69285e+06
-5.68423e+06
-5.67565e+06
-5.6673e+06
-5.65935e+06
-5.65196e+06
-5.64526e+06
-5.63938e+06
-5.63442e+06
-5.63047e+06
-5.6276e+06
-5.62586e+06
-5.62528e+06
1.53775e+07
1.53364e+07
1.52134e+07
1.50102e+07
1.47295e+07
1.43751e+07
1.39521e+07
1.34665e+07
1.29251e+07
1.23353e+07
1.17047e+07
1.1041e+07
1.03513e+07
9.64272e+06
8.92169e+06
8.19428e+06
7.46604e+06
6.742e+06
6.02662e+06
5.32379e+06
4.63685e+06
3.96862e+06
3.32146e+06
2.69726e+06
2.09753e+06
1.52338e+06
975605.
454702.
-39099.1
-505794.
-945577.
-1.35881e+06
-1.74601e+06
-2.1078e+06
-2.4449e+06
-2.75813e+06
-3.04837e+06
-3.31654e+06
-3.5636e+06
-3.79055e+06
-3.99838e+06
-4.18812e+06
-4.36076e+06
-4.51732e+06
-4.65877e+06
-4.78609e+06
-4.90023e+06
-5.0021e+06
-5.09259e+06
-5.17255e+06
-5.24282e+06
-5.30417e+06
-5.35736e+06
-5.40309e+06
-5.44205e+06
-5.47488e+06
-5.50217e+06
-5.5245e+06
-5.54241e+06
-5.55638e+06
-5.5669e+06
-5.57439e+06
-5.57927e+06
-5.58191e+06
-5.58266e+06
-5.58185e+06
-5.57976e+06
-5.57667e+06
-5.57284e+06
-5.56848e+06
-5.56381e+06
-5.55901e+06
-5.55425e+06
-5.54969e+06
-5.54546e+06
-5.54168e+06
-5.53844e+06
-5.53584e+06
-5.53393e+06
-5.53276e+06
-5.53237e+06
1.43863e+07
1.43496e+07
1.424e+07
1.4059e+07
1.38088e+07
1.34929e+07
1.31155e+07
1.26817e+07
1.21971e+07
1.16678e+07
1.11003e+07
1.05011e+07
9.87637e+06
9.23229e+06
8.57465e+06
7.90888e+06
7.23998e+06
6.57255e+06
5.91071e+06
5.25812e+06
4.61795e+06
3.99296e+06
3.38547e+06
2.7974e+06
2.23031e+06
1.68541e+06
1.16363e+06
665595.
191691.
-257910.
-683232.
-1.08447e+06
-1.46195e+06
-1.81613e+06
-2.14757e+06
-2.45693e+06
-2.74491e+06
-3.0123e+06
-3.2599e+06
-3.48858e+06
-3.6992e+06
-3.89266e+06
-4.06983e+06
-4.23163e+06
-4.37893e+06
-4.51261e+06
-4.63352e+06
-4.7425e+06
-4.84037e+06
-4.92791e+06
-5.00588e+06
-5.07501e+06
-5.136e+06
-5.18952e+06
-5.2362e+06
-5.27664e+06
-5.31142e+06
-5.34106e+06
-5.36609e+06
-5.38698e+06
-5.40418e+06
-5.4181e+06
-5.42914e+06
-5.43766e+06
-5.444e+06
-5.44847e+06
-5.45136e+06
-5.45293e+06
-5.45344e+06
-5.45309e+06
-5.4521e+06
-5.45065e+06
-5.44891e+06
-5.44702e+06
-5.44511e+06
-5.4433e+06
-5.44169e+06
-5.44035e+06
-5.43935e+06
-5.43873e+06
-5.43852e+06
1.34835e+07
1.34507e+07
1.33528e+07
1.3191e+07
1.29674e+07
1.26848e+07
1.23469e+07
1.19579e+07
1.15226e+07
1.10461e+07
1.05339e+07
9.99152e+06
9.42439e+06
8.83787e+06
8.2371e+06
7.62692e+06
7.01187e+06
6.39611e+06
5.78344e+06
5.17728e+06
4.58062e+06
3.99611e+06
3.426e+06
2.87221e+06
2.33633e+06
1.81962e+06
1.32309e+06
847472.
393281.
-39182.9
-449801.
-838620.
-1.20582e+06
-1.55172e+06
-1.87672e+06
-2.18133e+06
-2.46613e+06
-2.73174e+06
-2.97887e+06
-3.20822e+06
-3.42057e+06
-3.61667e+06
-3.79731e+06
-3.96328e+06
-4.11538e+06
-4.25438e+06
-4.38107e+06
-4.49619e+06
-4.60049e+06
-4.6947e+06
-4.7795e+06
-4.85558e+06
-4.92357e+06
-4.98411e+06
-5.03779e+06
-5.08516e+06
-5.12678e+06
-5.16313e+06
-5.19472e+06
-5.22198e+06
-5.24536e+06
-5.26524e+06
-5.282e+06
-5.296e+06
-5.30755e+06
-5.31696e+06
-5.32451e+06
-5.33046e+06
-5.33504e+06
-5.33847e+06
-5.34094e+06
-5.34264e+06
-5.34373e+06
-5.34436e+06
-5.34464e+06
-5.34469e+06
-5.3446e+06
-5.34445e+06
-5.3443e+06
-5.3442e+06
-5.34416e+06
1.26596e+07
1.26302e+07
1.25425e+07
1.23975e+07
1.21969e+07
1.19434e+07
1.16398e+07
1.12898e+07
1.08975e+07
1.04672e+07
1.00036e+07
9.51145e+06
8.99546e+06
8.46032e+06
7.91058e+06
7.35057e+06
6.78435e+06
6.21571e+06
5.64815e+06
5.08481e+06
4.52852e+06
3.98179e+06
3.4468e+06
2.92541e+06
2.41922e+06
1.92952e+06
1.45737e+06
1.00358e+06
568755.
153302.
-242547.
-618714.
-975261.
-1.31237e+06
-1.63032e+06
-1.92948e+06
-2.21032e+06
-2.47334e+06
-2.71911e+06
-2.94824e+06
-3.16137e+06
-3.35917e+06
-3.54233e+06
-3.71153e+06
-3.86749e+06
-4.01089e+06
-4.14244e+06
-4.26281e+06
-4.37268e+06
-4.47271e+06
-4.56354e+06
-4.64579e+06
-4.72005e+06
-4.7869e+06
-4.8469e+06
-4.90056e+06
-4.9484e+06
-4.99089e+06
-5.02849e+06
-5.06162e+06
-5.0907e+06
-5.11609e+06
-5.13816e+06
-5.15724e+06
-5.17365e+06
-5.18767e+06
-5.19957e+06
-5.20961e+06
-5.218e+06
-5.22497e+06
-5.23069e+06
-5.23536e+06
-5.23911e+06
-5.24209e+06
-5.24443e+06
-5.24623e+06
-5.24757e+06
-5.24854e+06
-5.2492e+06
-5.24957e+06
-5.24969e+06
1.19065e+07
1.18801e+07
1.18012e+07
1.16708e+07
1.14904e+07
1.12621e+07
1.09884e+07
1.06726e+07
1.03179e+07
9.92824e+06
Process [3]
9.50751e+06
9.05983e+06
8.58933e+06
8.10012e+06
7.59621e+06
7.08145e+06
6.55951e+06
6.03383e+06
5.50758e+06
4.98369e+06
4.46479e+06
3.95324e+06
3.45112e+06
2.96026e+06
2.48221e+06
2.01827e+06
1.56954e+06
1.13687e+06
720939.
322231.
-58928.8
-422364.
-768027.
-1.09599e+06
-1.40643e+06
-1.69961e+06
-1.97586e+06
-2.2356e+06
-2.47928e+06
-2.70741e+06
-2.92053e+06
-3.11921e+06
-3.30404e+06
-3.47564e+06
-3.63461e+06
-3.78158e+06
-3.91716e+06
-4.04198e+06
-4.15664e+06
-4.26173e+06
-4.35784e+06
-4.44554e+06
-4.52538e+06
-4.59788e+06
-4.66356e+06
-4.72292e+06
-4.77641e+06
-4.82449e+06
-4.86759e+06
-4.90611e+06
-4.94043e+06
-4.9709e+06
-4.99788e+06
-5.02168e+06
-5.04259e+06
-5.0609e+06
-5.07686e+06
-5.09071e+06
-5.10267e+06
-5.11294e+06
-5.12171e+06
-5.12914e+06
-5.13539e+06
-5.14059e+06
-5.14486e+06
-5.14829e+06
-5.15098e+06
-5.15301e+06
-5.15441e+06
-5.15524e+06
-5.15551e+06
1.12169e+07
1.11931e+07
1.1122e+07
1.10044e+07
1.08416e+07
1.06353e+07
1.03879e+07
1.0102e+07
9.78041e+06
9.42651e+06
9.04368e+06
8.63548e+06
8.20552e+06
7.7574e+06
7.29468e+06
6.82078e+06
6.339e+06
5.85244e+06
5.36402e+06
4.87641e+06
4.39207e+06
3.91322e+06
3.44182e+06
2.97963e+06
2.52816e+06
2.0887e+06
1.66236e+06
1.25002e+06
852409.
470068.
103395.
-247350.
-582037.
-900644.
-1.20325e+06
-1.49002e+06
-1.7612e+06
-2.0171e+06
-2.25808e+06
-2.48456e+06
-2.69698e+06
-2.89583e+06
-3.08161e+06
-3.25485e+06
-3.4161e+06
-3.56588e+06
-3.70477e+06
-3.8333e+06
-3.95203e+06
-4.06148e+06
-4.1622e+06
-4.25469e+06
-4.33946e+06
-4.417e+06
-4.48779e+06
-4.55227e+06
-4.61088e+06
-4.66405e+06
-4.71216e+06
-4.7556e+06
-4.79473e+06
-4.82989e+06
-4.8614e+06
-4.88955e+06
-4.91464e+06
-4.93693e+06
-4.95666e+06
-4.97406e+06
-4.98934e+06
-5.0027e+06
-5.01431e+06
-5.02434e+06
-5.03292e+06
-5.04019e+06
-5.04626e+06
-5.05124e+06
-5.05519e+06
-5.0582e+06
-5.06031e+06
-5.06156e+06
-5.06197e+06
1.05846e+07
1.0563e+07
1.04987e+07
1.03923e+07
1.02449e+07
1.00581e+07
9.83373e+06
9.57409e+06
9.28174e+06
8.95947e+06
8.61025e+06
8.23717e+06
7.84339e+06
7.4321e+06
7.00642e+06
6.56942e+06
6.12406e+06
5.67315e+06
5.21933e+06
4.76507e+06
4.31264e+06
3.86412e+06
3.42135e+06
2.98602e+06
2.55959e+06
2.14332e+06
1.7383e+06
1.34545e+06
965507.
599067.
246583.
-91624.
-415350.
-724498.
-1.01907e+06
-1.29914e+06
-1.56487e+06
-1.81649e+06
-2.05427e+06
-2.27854e+06
-2.48968e+06
-2.68808e+06
-2.87418e+06
-3.04843e+06
-3.21129e+06
-3.36324e+06
-3.50476e+06
-3.63635e+06
-3.7585e+06
-3.87168e+06
-3.97638e+06
-4.07306e+06
-4.16218e+06
-4.2442e+06
-4.31954e+06
-4.38863e+06
-4.45186e+06
-4.50963e+06
-4.56231e+06
-4.61024e+06
-4.65378e+06
-4.69323e+06
-4.72891e+06
-4.76108e+06
-4.79003e+06
-4.816e+06
-4.83923e+06
-4.85993e+06
-4.87831e+06
-4.89454e+06
-4.9088e+06
-4.92125e+06
-4.93201e+06
-4.94122e+06
-4.94898e+06
-4.95539e+06
-4.96052e+06
-4.96445e+06
-4.96722e+06
-4.96886e+06
-4.96941e+06
1.0004e+07
9.98451e+06
9.92617e+06
9.8296e+06
9.69577e+06
9.52599e+06
9.32192e+06
9.08552e+06
8.81899e+06
8.52476e+06
8.2054e+06
7.86363e+06
7.50221e+06
7.12394e+06
6.73162e+06
6.32798e+06
5.91566e+06
5.49721e+06
5.07504e+06
4.65141e+06
4.22841e+06
3.80798e+06
3.39187e+06
2.98165e+06
2.57874e+06
2.18436e+06
1.79958e+06
1.42533e+06
1.06236e+06
711285.
372612.
46707.
-266167.
-565851.
-852273.
-1.12545e+06
-1.38546e+06
-1.63245e+06
-1.86664e+06
-2.08827e+06
-2.29764e+06
-2.49508e+06
-2.68095e+06
-2.85563e+06
-3.01953e+06
-3.17306e+06
-3.31664e+06
-3.45071e+06
-3.57569e+06
-3.69203e+06
-3.80014e+06
-3.90047e+06
-3.99341e+06
-4.07938e+06
-4.15877e+06
-4.23198e+06
-4.29936e+06
-4.36129e+06
-4.41811e+06
-4.47014e+06
-4.5177e+06
-4.56109e+06
-4.60059e+06
-4.63646e+06
-4.66897e+06
-4.69835e+06
-4.72482e+06
-4.74858e+06
-4.76982e+06
-4.78873e+06
-4.80546e+06
-4.82016e+06
-4.83295e+06
-4.84397e+06
-4.85331e+06
-4.86105e+06
-4.86729e+06
-4.87208e+06
-4.87546e+06
-4.87748e+06
-4.87815e+06
9.47042e+06
9.45267e+06
9.39959e+06
9.3117e+06
9.18982e+06
9.0351e+06
8.84898e+06
8.63314e+06
8.38951e+06
8.12018e+06
7.82742e+06
7.5136e+06
7.18116e+06
6.83258e+06
6.47032e+06
6.09684e+06
5.71451e+06
5.32563e+06
4.9324e+06
4.53688e+06
4.141e+06
3.74657e+06
3.35521e+06
2.96843e+06
2.58756e+06
2.2138e+06
1.84819e+06
1.49162e+06
1.14488e+06
808592.
483291.
169382.
-132827.
-423123.
-701380.
-967550.
-1.22165e+06
-1.46378e+06
-1.69406e+06
-1.91269e+06
-2.11989e+06
-2.31593e+06
-2.50111e+06
-2.67575e+06
-2.84019e+06
-2.99479e+06
-3.13991e+06
-3.27593e+06
-3.40323e+06
-3.52221e+06
-3.63323e+06
-3.73669e+06
-3.83296e+06
-3.92241e+06
-4.0054e+06
-4.08228e+06
-4.15339e+06
-4.21907e+06
-4.27963e+06
-4.33538e+06
-4.3866e+06
-4.43358e+06
-4.47659e+06
-4.51587e+06
-4.55165e+06
-4.58417e+06
-4.61363e+06
-4.64022e+06
-4.66413e+06
-4.68552e+06
-4.70454e+06
-4.72133e+06
-4.73602e+06
-4.74872e+06
-4.75952e+06
-4.76852e+06
-4.77579e+06
-4.78138e+06
-4.78534e+06
-4.7877e+06
-4.78848e+06
8.97952e+06
8.96333e+06
8.91489e+06
8.83466e+06
8.72335e+06
8.58196e+06
8.41173e+06
8.21414e+06
7.99085e+06
7.74371e+06
7.47469e+06
7.18588e+06
6.87943e+06
6.55754e+06
6.22241e+06
5.87622e+06
5.52112e+06
5.15919e+06
4.7924e+06
4.42267e+06
4.05177e+06
3.68136e+06
3.31298e+06
2.94804e+06
2.5878e+06
2.2334e+06
1.88587e+06
1.54608e+06
1.2148e+06
892686.
580271.
277996.
-13795.6
-294850.
-564995.
-824130.
-1.07222e+06
-1.3093e+06
-1.53545e+06
-1.75079e+06
-1.95551e+06
-2.1498e+06
-2.3339e+06
-2.50809e+06
-2.67264e+06
-2.82786e+06
-2.97406e+06
-3.11158e+06
-3.24074e+06
-3.36189e+06
-3.47537e+06
-3.58152e+06
-3.68067e+06
-3.77317e+06
-3.85933e+06
-3.93947e+06
-4.01391e+06
-4.08296e+06
-4.1469e+06
-4.20601e+06
-4.26057e+06
-4.31083e+06
-4.35704e+06
-4.39944e+06
-4.43824e+06
-4.47365e+06
-4.50587e+06
-4.53507e+06
-4.56144e+06
-4.58513e+06
-4.60627e+06
-4.62501e+06
-4.64146e+06
-4.65572e+06
-4.66789e+06
-4.67806e+06
-4.68628e+06
-4.69262e+06
-4.69711e+06
-4.6998e+06
-4.70069e+06
8.52756e+06
8.51275e+06
8.46843e+06
8.39498e+06
8.29304e+06
8.16347e+06
8.00737e+06
7.826e+06
7.62083e+06
7.39348e+06
7.14569e+06
6.87929e+06
6.59619e+06
6.29834e+06
5.9877e+06
5.66623e+06
5.33586e+06
4.99847e+06
4.65587e+06
4.30978e+06
3.96187e+06
3.61365e+06
3.26656e+06
2.92193e+06
2.58095e+06
2.24472e+06
1.91421e+06
1.59028e+06
1.2737e+06
965105.
665057.
374011.
92336.
-179680.
-441826.
-693960.
-936003.
-1.16794e+06
-1.38979e+06
-1.60165e+06
-1.80362e+06
-1.99587e+06
-2.17858e+06
-2.35196e+06
-2.51626e+06
-2.67172e+06
-2.81861e+06
-2.95722e+06
-3.08784e+06
-3.21076e+06
-3.32628e+06
-3.43472e+06
-3.53635e+06
-3.6315e+06
-3.72044e+06
-3.80348e+06
-3.88089e+06
-3.95295e+06
-4.01993e+06
-4.08209e+06
-4.13967e+06
-4.19292e+06
-4.24206e+06
-4.2873e+06
-4.32886e+06
-4.36693e+06
-4.40169e+06
-4.43331e+06
-4.46196e+06
-4.48777e+06
-4.51088e+06
-4.53142e+06
-4.5495e+06
-4.56522e+06
-4.57866e+06
-4.5899e+06
-4.59902e+06
-4.60605e+06
-4.61105e+06
-4.61403e+06
-4.61502e+06
8.11124e+06
8.09764e+06
8.05697e+06
7.98955e+06
7.89593e+06
7.77688e+06
7.63333e+06
7.46642e+06
7.27743e+06
7.06778e+06
6.839e+06
6.59271e+06
6.33061e+06
6.05443e+06
5.76592e+06
5.46685e+06
5.15896e+06
4.84393e+06
4.52343e+06
4.19903e+06
3.87225e+06
3.5445e+06
3.21713e+06
2.89137e+06
2.56835e+06
2.24911e+06
1.93459e+06
1.62563e+06
1.32296e+06
1.02724e+06
739015.
458759.
186861.
-76365.
-330678.
-575900.
-811914.
-1.03866e+06
-1.25613e+06
-1.46435e+06
-1.66339e+06
-1.85337e+06
-2.03443e+06
-2.20673e+06
-2.37046e+06
-2.52583e+06
-2.67308e+06
-2.81243e+06
-2.94415e+06
-3.06847e+06
-3.18568e+06
-3.29603e+06
-3.3998e+06
-3.49724e+06
-3.58863e+06
-3.67421e+06
-3.75426e+06
-3.82902e+06
-3.89873e+06
-3.96363e+06
-4.02395e+06
-4.07991e+06
-4.13172e+06
-4.17957e+06
-4.22366e+06
-4.26417e+06
-4.30127e+06
-4.33511e+06
-4.36585e+06
-4.39363e+06
-4.41856e+06
-4.44077e+06
-4.46036e+06
-4.47742e+06
-4.49205e+06
-4.5043e+06
-4.51424e+06
-4.52192e+06
-4.52738e+06
-4.53064e+06
-4.53173e+06
7.72759e+06
7.71508e+06
7.67765e+06
7.61559e+06
7.52939e+06
7.4197e+06
7.28736e+06
7.13336e+06
6.95883e+06
6.76502e+06
6.55329e+06
6.32508e+06
6.08188e+06
5.82526e+06
5.55678e+06
5.27802e+06
4.99054e+06
4.6959e+06
4.3956e+06
4.09107e+06
3.78372e+06
3.47485e+06
3.16571e+06
2.85746e+06
2.55116e+06
2.24779e+06
1.94827e+06
1.65338e+06
1.36387e+06
1.08035e+06
803386.
533457.
270965.
16242.
-230446.
-468892.
-698948.
-920517.
-1.13355e+06
-1.33804e+06
-1.53403e+06
-1.72157e+06
-1.90077e+06
-2.07175e+06
-2.23467e+06
-2.38969e+06
-2.537e+06
-2.67679e+06
-2.80929e+06
-2.93471e+06
-3.05328e+06
-3.16524e+06
-3.27081e+06
-3.37023e+06
-3.46374e+06
-3.55157e+06
-3.63396e+06
-3.71112e+06
-3.78328e+06
-3.85066e+06
-3.91345e+06
-3.97187e+06
-4.0261e+06
-4.07633e+06
-4.12274e+06
-4.16548e+06
-4.20473e+06
-4.24062e+06
-4.27329e+06
-4.30288e+06
-4.32949e+06
-4.35325e+06
-4.37424e+06
-4.39255e+06
-4.40826e+06
-4.42145e+06
-4.43216e+06
-4.44044e+06
-4.44633e+06
-4.44985e+06
-4.45102e+06
7.374e+06
7.36246e+06
7.32792e+06
7.27065e+06
7.19105e+06
7.08973e+06
6.9674e+06
6.82495e+06
6.66337e+06
6.48377e+06
6.28735e+06
6.07539e+06
5.84924e+06
5.61028e+06
5.35992e+06
5.09958e+06
4.83068e+06
4.55462e+06
4.27277e+06
3.98646e+06
3.69695e+06
3.40547e+06
3.11318e+06
2.82115e+06
2.53039e+06
2.24183e+06
1.95633e+06
1.67466e+06
1.39753e+06
1.12556e+06
859292.
599212.
345731.
99194.4
-140111.
-371957.
-596167.
-812615.
-1.02122e+06
-1.22194e+06
-1.41478e+06
-1.59976e+06
-1.77695e+06
-1.94644e+06
-2.10834e+06
-2.26278e+06
-2.40991e+06
-2.54989e+06
-2.68291e+06
-2.80915e+06
-2.9288e+06
-3.04208e+06
-3.14917e+06
-3.25029e+06
-3.34565e+06
-3.43545e+06
-3.5199e+06
-3.5992e+06
-3.67355e+06
-3.74315e+06
-3.80818e+06
-3.86883e+06
-3.92526e+06
-3.97766e+06
-4.02618e+06
-4.07098e+06
-4.11219e+06
-4.14996e+06
-4.18442e+06
-4.21567e+06
-4.24384e+06
-4.26902e+06
-4.29131e+06
-4.31078e+06
-4.3275e+06
-4.34155e+06
-4.35297e+06
-4.36181e+06
-4.3681e+06
-4.37186e+06
-4.37311e+06
Process [4]
7.04815e+06
7.03747e+06
7.00552e+06
6.95251e+06
6.87882e+06
6.78497e+06
6.6716e+06
6.53949e+06
6.38953e+06
6.22268e+06
6.04003e+06
5.84272e+06
5.63195e+06
5.40895e+06
5.175e+06
4.93138e+06
4.67937e+06
4.42025e+06
4.15525e+06
3.88561e+06
3.6125e+06
3.33703e+06
3.06028e+06
2.78327e+06
2.50693e+06
2.23216e+06
1.95975e+06
1.69047e+06
1.42498e+06
1.16389e+06
907751.
657030.
412147.
173458.
-58736.8
-284189.
-502702.
-714124.
-918346.
-1.1153e+06
-1.30495e+06
-1.4873e+06
-1.66237e+06
-1.83023e+06
-1.99094e+06
-2.14462e+06
-2.29137e+06
-2.43133e+06
-2.56464e+06
-2.69147e+06
-2.81197e+06
-2.92631e+06
-3.03468e+06
-3.13725e+06
-3.2342e+06
-3.32573e+06
-3.412e+06
-3.4932e+06
-3.56951e+06
-3.64111e+06
-3.70815e+06
-3.77082e+06
-3.82926e+06
-3.88363e+06
-3.93408e+06
-3.98075e+06
-4.02377e+06
-4.06327e+06
-4.09936e+06
-4.13216e+06
-4.16176e+06
-4.18826e+06
-4.21174e+06
-4.23228e+06
-4.24994e+06
-4.26479e+06
-4.27687e+06
-4.28623e+06
-4.29289e+06
-4.29687e+06
-4.2982e+06
6.74795e+06
6.73805e+06
6.7084e+06
6.65921e+06
6.59081e+06
6.50365e+06
6.39831e+06
6.27547e+06
6.13593e+06
5.98055e+06
5.8103e+06
5.62619e+06
5.42929e+06
5.22073e+06
5.00165e+06
4.7732e+06
4.53656e+06
4.29287e+06
4.04327e+06
3.7889e+06
3.53082e+06
3.27007e+06
3.00766e+06
2.74453e+06
2.48156e+06
2.2196e+06
1.9594e+06
1.70169e+06
1.44712e+06
1.19627e+06
949682.
707824.
471114.
239915.
14538.2
-204755.
-417750.
-624273.
-824192.
-1.01741e+06
-1.20388e+06
-1.38355e+06
-1.55644e+06
-1.72257e+06
-1.88199e+06
-2.03476e+06
-2.18097e+06
-2.32073e+06
-2.45415e+06
-2.58136e+06
-2.70249e+06
-2.8177e+06
-2.92712e+06
-3.03092e+06
-3.12926e+06
-3.22228e+06
-3.31016e+06
-3.39305e+06
-3.47111e+06
-3.5445e+06
-3.61336e+06
-3.67785e+06
-3.73812e+06
-3.79429e+06
-3.8465e+06
-3.89489e+06
-3.93956e+06
-3.98065e+06
-4.01825e+06
-4.05246e+06
-4.08338e+06
-4.1111e+06
-4.13569e+06
-4.15722e+06
-4.17575e+06
-4.19134e+06
-4.20403e+06
-4.21386e+06
-4.22087e+06
-4.22506e+06
-4.22646e+06
6.47154e+06
6.46233e+06
6.43475e+06
6.38898e+06
6.32531e+06
6.24415e+06
6.14601e+06
6.03151e+06
5.90133e+06
5.75627e+06
5.59718e+06
5.42497e+06
5.24062e+06
5.04512e+06
4.83951e+06
4.62483e+06
4.40215e+06
4.17253e+06
3.937e+06
3.69659e+06
3.45229e+06
3.20508e+06
2.95587e+06
2.70555e+06
2.45496e+06
2.20488e+06
1.95604e+06
1.70912e+06
1.46476e+06
1.22352e+06
985915.
752423.
523455.
299375.
80503.9
-132887.
-340567.
-542347.
-738075.
-927635.
-1.11094e+06
-1.28795e+06
-1.45862e+06
-1.62296e+06
-1.78099e+06
-1.93275e+06
-2.0783e+06
-2.21772e+06
-2.35109e+06
-2.47852e+06
-2.60012e+06
-2.716e+06
-2.8263e+06
-2.93114e+06
-3.03066e+06
-3.125e+06
-3.21429e+06
-3.29868e+06
-3.3783e+06
-3.4533e+06
-3.5238e+06
-3.58995e+06
-3.65186e+06
-3.70967e+06
-3.7635e+06
-3.81345e+06
-3.85965e+06
-3.90219e+06
-3.94118e+06
-3.9767e+06
-4.00884e+06
-4.03768e+06
-4.06329e+06
-4.08573e+06
-4.10507e+06
-4.12135e+06
-4.1346e+06
-4.14488e+06
-4.1522e+06
-4.15659e+06
-4.15805e+06
6.21726e+06
6.20867e+06
6.18294e+06
6.14023e+06
6.08081e+06
6.00503e+06
5.91336e+06
5.80634e+06
5.68459e+06
5.54882e+06
5.39979e+06
5.23832e+06
5.0653e+06
4.88161e+06
4.68821e+06
4.48604e+06
4.27606e+06
4.05924e+06
3.83654e+06
3.6089e+06
3.37723e+06
3.14244e+06
2.90538e+06
2.66687e+06
2.42771e+06
2.18864e+06
1.95034e+06
1.71347e+06
1.47863e+06
1.24637e+06
1.0172e+06
791577.
569913.
352575.
139884.
-67877.8
-270469.
-467685.
-659359.
-845356.
-1.02557e+06
-1.19993e+06
-1.36839e+06
-1.53091e+06
-1.6875e+06
-1.83818e+06
-1.98298e+06
-2.12195e+06
-2.25515e+06
-2.38267e+06
-2.50458e+06
-2.621e+06
-2.73201e+06
-2.83773e+06
-2.93827e+06
-3.03375e+06
-3.12429e+06
-3.21001e+06
-3.29103e+06
-3.36747e+06
-3.43946e+06
-3.5071e+06
-3.57052e+06
-3.62982e+06
-3.68512e+06
-3.73651e+06
-3.78411e+06
-3.82799e+06
-3.86825e+06
-3.90498e+06
-3.93824e+06
-3.96812e+06
-3.99467e+06
-4.01797e+06
-4.03804e+06
-4.05496e+06
-4.06874e+06
-4.07943e+06
-4.08705e+06
-4.09161e+06
-4.09313e+06
5.98361e+06
5.97558e+06
5.95151e+06
5.91155e+06
5.85594e+06
5.785e+06
5.69914e+06
5.59884e+06
5.48467e+06
5.35726e+06
5.2173e+06
5.06553e+06
4.90274e+06
4.72975e+06
4.54741e+06
4.35658e+06
4.15815e+06
3.95299e+06
3.74199e+06
3.526e+06
3.30589e+06
3.08249e+06
2.85658e+06
2.62895e+06
2.40034e+06
2.17143e+06
1.94289e+06
1.71535e+06
1.48937e+06
1.26549e+06
1.04421e+06
825965.
611169.
400185.
193340.
-9080.01
-206824.
-399677.
-587457.
-770013.
-947224.
-1.119e+06
-1.28526e+06
-1.44597e+06
-1.60111e+06
-1.75066e+06
-1.89464e+06
-2.03308e+06
-2.16602e+06
-2.29352e+06
-2.41564e+06
-2.53246e+06
-2.64405e+06
-2.75051e+06
-2.85193e+06
-2.94841e+06
-3.04005e+06
-3.12696e+06
-3.20923e+06
-3.28698e+06
-3.3603e+06
-3.42931e+06
-3.49409e+06
-3.55476e+06
-3.61141e+06
-3.66412e+06
-3.713e+06
-3.75811e+06
-3.79955e+06
-3.83739e+06
-3.87169e+06
-3.90253e+06
-3.92996e+06
-3.95404e+06
-3.97481e+06
-3.99231e+06
-4.00658e+06
-4.01765e+06
-4.02554e+06
-4.03027e+06
-4.03184e+06
5.76927e+06
5.76173e+06
5.73915e+06
5.70166e+06
5.64947e+06
5.58287e+06
5.50223e+06
5.40798e+06
5.30063e+06
5.18076e+06
5.04897e+06
4.90595e+06
4.75241e+06
4.58909e+06
4.41676e+06
4.23622e+06
4.04827e+06
3.85372e+06
3.65337e+06
3.44803e+06
3.23849e+06
3.0255e+06
2.80983e+06
2.59219e+06
2.37328e+06
2.15375e+06
1.93424e+06
1.71533e+06
1.49757e+06
1.28149e+06
1.06755e+06
856201.
647835.
442818.
241476.
44100.1
-149053.
-337759.
-521823.
-701083.
-875401.
-1.04467e+06
-1.2088e+06
-1.36772e+06
-1.5214e+06
-1.66981e+06
-1.81294e+06
-1.9508e+06
-2.08342e+06
-2.21082e+06
-2.33305e+06
-2.45017e+06
-2.56224e+06
-2.66932e+06
-2.77151e+06
-2.86887e+06
-2.96148e+06
-3.04945e+06
-3.13285e+06
-3.21178e+06
-3.28632e+06
-3.35656e+06
-3.4226e+06
-3.48452e+06
-3.5424e+06
-3.59632e+06
-3.64638e+06
-3.69263e+06
-3.73516e+06
-3.77402e+06
-3.80929e+06
-3.84102e+06
-3.86926e+06
-3.89406e+06
-3.91547e+06
-3.93352e+06
-3.94824e+06
-3.95967e+06
-3.96782e+06
-3.9727e+06
-3.97432e+06
5.57302e+06
5.56593e+06
5.54469e+06
5.50941e+06
5.4603e+06
5.39759e+06
5.32164e+06
5.23283e+06
5.13162e+06
5.01853e+06
4.89412e+06
4.75899e+06
4.6138e+06
4.45922e+06
4.29596e+06
4.12474e+06
3.9463e+06
3.76138e+06
3.57073e+06
3.37508e+06
3.17517e+06
2.97171e+06
2.76541e+06
2.55693e+06
2.34693e+06
2.13603e+06
1.92484e+06
1.7139e+06
1.50375e+06
1.29489e+06
1.08778e+06
882840.
680472.
481031.
284845.
92205.8
-96623.9
-281413.
-461957.
-638082.
-809638.
-976500.
-1.13857e+06
-1.29576e+06
-1.44801e+06
-1.59529e+06
-1.73756e+06
-1.87481e+06
-2.00706e+06
-2.1343e+06
-2.25658e+06
-2.37393e+06
-2.48639e+06
-2.59401e+06
-2.69686e+06
-2.79499e+06
-2.88849e+06
-2.9774e+06
-3.06182e+06
-3.14182e+06
-3.21747e+06
-3.28885e+06
-3.35603e+06
-3.41909e+06
-3.47811e+06
-3.53316e+06
-3.5843e+06
-3.63161e+06
-3.67514e+06
-3.71496e+06
-3.75112e+06
-3.78367e+06
-3.81266e+06
-3.83814e+06
-3.86015e+06
-3.87871e+06
-3.89385e+06
-3.90561e+06
-3.91399e+06
-3.91902e+06
-3.92069e+06
5.3938e+06
5.38711e+06
5.36707e+06
5.33378e+06
5.28742e+06
5.22822e+06
5.15648e+06
5.07256e+06
4.97687e+06
4.86988e+06
4.7521e+06
4.62409e+06
4.48643e+06
4.33975e+06
4.18468e+06
4.0219e+06
3.85208e+06
3.6759e+06
3.49405e+06
3.30722e+06
3.11609e+06
2.92132e+06
2.72357e+06
2.52347e+06
2.32164e+06
2.11866e+06
1.9151e+06
1.7115e+06
1.50837e+06
1.30618e+06
1.10538e+06
906383.
709583.
515330.
323949.
135734.
-49049.2
-230163.
-407396.
-580564.
-749506.
-914085.
-1.07419e+06
-1.22971e+06
-1.38059e+06
-1.52676e+06
-1.66818e+06
-1.80483e+06
-1.93668e+06
-2.06374e+06
-2.18602e+06
-2.30354e+06
-2.41633e+06
-2.52442e+06
-2.62785e+06
-2.72668e+06
-2.82096e+06
-2.91074e+06
-2.99609e+06
-3.07706e+06
-3.15373e+06
-3.22615e+06
-3.29439e+06
-3.35851e+06
-3.41858e+06
-3.47467e+06
-3.52682e+06
-3.5751e+06
-3.61956e+06
-3.66027e+06
-3.69725e+06
-3.73058e+06
-3.76027e+06
-3.78638e+06
-3.80894e+06
-3.82797e+06
-3.84351e+06
-3.85558e+06
-3.86418e+06
-3.86934e+06
-3.87106e+06
5.23064e+06
5.2243e+06
5.20534e+06
5.17383e+06
5.12995e+06
5.07389e+06
5.00593e+06
4.92639e+06
4.83566e+06
4.73416e+06
4.62235e+06
4.50075e+06
4.36988e+06
4.23031e+06
4.08265e+06
3.92749e+06
3.76546e+06
3.5972e+06
3.42333e+06
3.24451e+06
3.06135e+06
2.87449e+06
2.68453e+06
2.49207e+06
2.29769e+06
2.10196e+06
1.9054e+06
1.70853e+06
1.51183e+06
1.31578e+06
1.12079e+06
927282.
735625.
546172.
359245.
175137.
-5882.83
-183572.
-357715.
-528117.
-694609.
-857042.
-1.01529e+06
-1.16924e+06
-1.31881e+06
-1.46393e+06
-1.60453e+06
-1.74058e+06
-1.87204e+06
-1.9989e+06
-2.12116e+06
-2.23882e+06
-2.35189e+06
-2.46039e+06
-2.56436e+06
-2.66382e+06
-2.75881e+06
-2.84939e+06
-2.93559e+06
-3.01746e+06
-3.09507e+06
-3.16845e+06
-3.23767e+06
-3.30278e+06
-3.36383e+06
-3.42087e+06
-3.47396e+06
-3.52315e+06
-3.56849e+06
-3.61002e+06
-3.64778e+06
-3.68182e+06
-3.71217e+06
-3.73887e+06
-3.76194e+06
-3.78142e+06
-3.79733e+06
-3.80968e+06
-3.81849e+06
-3.82378e+06
-3.82554e+06
5.08267e+06
5.07666e+06
5.05866e+06
5.02875e+06
4.98707e+06
4.93383e+06
4.86926e+06
4.79366e+06
4.70738e+06
4.6108e+06
4.50436e+06
4.38851e+06
4.26374e+06
4.13059e+06
3.98959e+06
3.8413e+06
3.68631e+06
3.52519e+06
3.35855e+06
3.18697e+06
3.01104e+06
2.83134e+06
2.64846e+06
2.46295e+06
2.27536e+06
2.08623e+06
1.89605e+06
1.70533e+06
1.51452e+06
1.32408e+06
1.13442e+06
945944.
759014.
573976.
391149.
210828.
33282.5
-141242.
-312524.
-480363.
-644581.
-805020.
-961543.
-1.11403e+06
-1.26238e+06
-1.40651e+06
-1.54634e+06
-1.68182e+06
-1.81292e+06
-1.93959e+06
-2.06182e+06
-2.17959e+06
-2.29292e+06
-2.4018e+06
-2.50625e+06
-2.6063e+06
-2.70196e+06
-2.79327e+06
-2.88026e+06
-2.96298e+06
-3.04146e+06
-3.11574e+06
-3.18587e+06
-3.2519e+06
-3.31386e+06
-3.3718e+06
-3.42578e+06
-3.47582e+06
-3.52197e+06
-3.56427e+06
-3.60276e+06
-3.63747e+06
-3.66844e+06
-3.69569e+06
-3.71925e+06
-3.73915e+06
-3.7554e+06
-3.76802e+06
-3.77703e+06
-3.78243e+06
-3.78423e+06
4.94912e+06
4.9434e+06
4.92626e+06
4.89777e+06
4.85808e+06
4.80735e+06
4.74581e+06
4.67374e+06
4.59144e+06
4.49928e+06
Process [5]
4.39764e+06
4.28695e+06
4.16766e+06
4.04026e+06
3.90525e+06
3.76314e+06
3.61448e+06
3.45981e+06
3.29967e+06
3.13463e+06
2.96522e+06
2.79201e+06
2.61553e+06
2.43631e+06
2.25487e+06
2.07172e+06
1.88734e+06
1.7022e+06
1.51676e+06
1.33143e+06
1.14663e+06
962737.
780121.
599116.
420039.
243183.
68818.1
-102807.
-271467.
-436955.
-599087.
-757696.
-912636.
-1.06378e+06
-1.21101e+06
-1.35423e+06
-1.49336e+06
-1.62833e+06
-1.75909e+06
-1.88559e+06
-2.0078e+06
-2.1257e+06
-2.23927e+06
-2.34852e+06
-2.45343e+06
-2.55402e+06
-2.65031e+06
-2.74232e+06
-2.83006e+06
-2.91356e+06
-2.99287e+06
-3.068e+06
-3.13899e+06
-3.20588e+06
-3.2687e+06
-3.32749e+06
-3.38229e+06
-3.43313e+06
-3.48005e+06
-3.52308e+06
-3.56226e+06
-3.5976e+06
-3.62915e+06
-3.65692e+06
-3.68094e+06
-3.70123e+06
-3.7178e+06
-3.73068e+06
-3.73987e+06
-3.74538e+06
-3.74722e+06
4.8293e+06
4.82383e+06
4.80746e+06
4.78025e+06
4.74232e+06
4.69384e+06
4.635e+06
4.56607e+06
4.48733e+06
4.39911e+06
4.30176e+06
4.19569e+06
4.0813e+06
3.95906e+06
3.82941e+06
3.69284e+06
3.54986e+06
3.40096e+06
3.24667e+06
3.08749e+06
2.92396e+06
2.75658e+06
2.58586e+06
2.41231e+06
2.23642e+06
2.05867e+06
1.87953e+06
1.69944e+06
1.51883e+06
1.33813e+06
1.15773e+06
977992.
799284.
621934.
446257.
272542.
101062.
-67935.1
-234218.
-397577.
-557820.
-714775.
-868286.
-1.01822e+06
-1.16444e+06
-1.30685e+06
-1.44536e+06
-1.57989e+06
-1.71036e+06
-1.83673e+06
-1.95895e+06
-2.07698e+06
-2.19081e+06
-2.30041e+06
-2.40578e+06
-2.50691e+06
-2.6038e+06
-2.69647e+06
-2.78492e+06
-2.86918e+06
-2.94927e+06
-3.0252e+06
-3.09701e+06
-3.16472e+06
-3.22836e+06
-3.28796e+06
-3.34354e+06
-3.39514e+06
-3.44279e+06
-3.48651e+06
-3.52633e+06
-3.56227e+06
-3.59437e+06
-3.62263e+06
-3.64709e+06
-3.66775e+06
-3.68463e+06
-3.69775e+06
-3.70712e+06
-3.71273e+06
-3.7146e+06
4.72259e+06
4.71735e+06
4.70166e+06
4.67558e+06
4.63922e+06
4.59273e+06
4.5363e+06
4.47017e+06
4.39459e+06
4.30988e+06
4.21636e+06
4.11439e+06
4.00437e+06
3.88671e+06
3.76185e+06
3.63022e+06
3.49231e+06
3.34857e+06
3.1995e+06
3.04558e+06
2.88729e+06
2.72513e+06
2.55958e+06
2.39111e+06
2.22019e+06
2.04728e+06
1.87283e+06
1.69727e+06
1.52102e+06
1.34447e+06
1.16801e+06
992005.
816806.
642739.
470112.
299215.
130320.
-36322.9
-200480.
-361938.
-520499.
-675985.
-828232.
-977095.
-1.12244e+06
-1.26416e+06
-1.40214e+06
-1.5363e+06
-1.66655e+06
-1.79284e+06
-1.91511e+06
-2.03331e+06
-2.14741e+06
-2.25738e+06
-2.3632e+06
-2.46486e+06
-2.56234e+06
-2.65566e+06
-2.74481e+06
-2.8298e+06
-2.91064e+06
-2.98735e+06
-3.05994e+06
-3.12844e+06
-3.19286e+06
-3.25322e+06
-3.30956e+06
-3.36188e+06
-3.41022e+06
-3.4546e+06
-3.49504e+06
-3.53156e+06
-3.56417e+06
-3.59291e+06
-3.61777e+06
-3.63879e+06
-3.65597e+06
-3.66932e+06
-3.67884e+06
-3.68456e+06
-3.68646e+06
4.62844e+06
4.62341e+06
4.60832e+06
4.58324e+06
4.54827e+06
4.50354e+06
4.44925e+06
4.38559e+06
4.31281e+06
4.2312e+06
4.14107e+06
4.04274e+06
3.93659e+06
3.82301e+06
3.70238e+06
3.57515e+06
3.44173e+06
3.30257e+06
3.15814e+06
3.00888e+06
2.85526e+06
2.69774e+06
2.53678e+06
2.37282e+06
2.20633e+06
2.03773e+06
1.86746e+06
1.69592e+06
1.52354e+06
1.35068e+06
1.17773e+06
1.00505e+06
832962.
661807.
491884.
323482.
156871.
-7696.63
-169985.
-329776.
-486870.
-641080.
-792238.
-940192.
-1.0848e+06
-1.22594e+06
-1.3635e+06
-1.49738e+06
-1.6275e+06
-1.75377e+06
-1.87614e+06
-1.99455e+06
-2.10896e+06
-2.21932e+06
-2.32561e+06
-2.4278e+06
-2.52588e+06
-2.61984e+06
-2.70967e+06
-2.79538e+06
-2.87696e+06
-2.95442e+06
-3.02777e+06
-3.09703e+06
-3.1622e+06
-3.22331e+06
-3.28037e+06
-3.33339e+06
-3.3824e+06
-3.42741e+06
-3.46844e+06
-3.5055e+06
-3.53862e+06
-3.5678e+06
-3.59307e+06
-3.61442e+06
-3.63188e+06
-3.64545e+06
-3.65513e+06
-3.66094e+06
-3.66288e+06
4.54637e+06
4.54152e+06
4.52696e+06
4.50276e+06
4.46901e+06
4.42584e+06
4.37341e+06
4.31193e+06
4.24162e+06
4.16274e+06
4.07559e+06
3.98047e+06
3.87773e+06
3.76773e+06
3.65084e+06
3.52747e+06
3.39801e+06
3.2629e+06
3.12255e+06
2.9774e+06
2.8279e+06
2.67446e+06
2.51755e+06
2.35757e+06
2.19498e+06
2.03017e+06
1.86358e+06
1.69559e+06
1.52661e+06
1.357e+06
1.18713e+06
1.01735e+06
847998.
679388.
511824.
345593.
180964.
18191.4
-142488.
-300854.
-456700.
-609836.
-760089.
-907299.
-1.05132e+06
-1.19202e+06
-1.32927e+06
-1.46298e+06
-1.59305e+06
-1.71938e+06
-1.84192e+06
-1.96059e+06
-2.07535e+06
-2.18614e+06
-2.29292e+06
-2.39567e+06
-2.49435e+06
-2.58896e+06
-2.67948e+06
-2.76589e+06
-2.8482e+06
-2.92641e+06
-3.00051e+06
-3.07051e+06
-3.13642e+06
-3.19825e+06
-3.25601e+06
-3.30971e+06
-3.35936e+06
-3.40498e+06
-3.44658e+06
-3.48418e+06
-3.51777e+06
-3.54739e+06
-3.57303e+06
-3.59472e+06
-3.61244e+06
-3.62622e+06
-3.63606e+06
-3.64196e+06
-3.64393e+06
4.47596e+06
4.47125e+06
4.45716e+06
4.43373e+06
4.40104e+06
4.35923e+06
4.30844e+06
4.24886e+06
4.1807e+06
4.10421e+06
4.01965e+06
3.92734e+06
3.82757e+06
3.7207e+06
3.60707e+06
3.48707e+06
3.36108e+06
3.22948e+06
3.0927e+06
2.95114e+06
2.80522e+06
2.65536e+06
2.50197e+06
2.34546e+06
2.18626e+06
2.02476e+06
1.86136e+06
1.69645e+06
1.53041e+06
1.36361e+06
1.19641e+06
1.02914e+06
862133.
695707.
530160.
365776.
202826.
41564.3
-117771.
-274956.
-429781.
-582053.
-731591.
-878231.
-1.02182e+06
-1.16222e+06
-1.2993e+06
-1.43295e+06
-1.56306e+06
-1.68955e+06
-1.81233e+06
-1.93133e+06
-2.04649e+06
-2.15775e+06
-2.26506e+06
-2.36839e+06
-2.46771e+06
-2.56298e+06
-2.65419e+06
-2.74132e+06
-2.82436e+06
-2.90331e+06
-2.97815e+06
-3.04888e+06
-3.11552e+06
-3.17805e+06
-3.2365e+06
-3.29086e+06
-3.34115e+06
-3.38736e+06
-3.42952e+06
-3.46763e+06
-3.50169e+06
-3.53173e+06
-3.55774e+06
-3.57974e+06
-3.59773e+06
-3.61171e+06
-3.6217e+06
-3.62769e+06
-3.62969e+06
4.41682e+06
4.41225e+06
4.39856e+06
4.37579e+06
4.34403e+06
4.30338e+06
4.254e+06
4.19606e+06
4.12976e+06
4.05533e+06
3.97303e+06
3.88313e+06
3.78593e+06
3.68176e+06
3.57095e+06
3.45385e+06
3.33084e+06
3.20229e+06
3.06858e+06
2.93011e+06
2.78727e+06
2.64047e+06
2.49011e+06
2.33658e+06
2.18028e+06
2.0216e+06
1.86093e+06
1.69865e+06
1.53512e+06
1.37071e+06
1.20575e+06
1.0406e+06
875565.
710963.
547092.
384234.
222659.
62621.8
-95637.
-251891.
-405928.
-557549.
-706571.
-852822.
-996144.
-1.13639e+06
-1.27343e+06
-1.40715e+06
-1.53742e+06
-1.66416e+06
-1.78727e+06
-1.90667e+06
-2.0223e+06
-2.13408e+06
-2.24198e+06
-2.34593e+06
-2.44591e+06
-2.54187e+06
-2.63379e+06
-2.72165e+06
-2.80543e+06
-2.88512e+06
-2.9607e+06
-3.03216e+06
-3.09952e+06
-3.16276e+06
-3.22188e+06
-3.27689e+06
-3.3278e+06
-3.3746e+06
-3.4173e+06
-3.45591e+06
-3.49044e+06
-3.52088e+06
-3.54726e+06
-3.56956e+06
-3.5878e+06
-3.60199e+06
-3.61212e+06
-3.61819e+06
-3.62022e+06
4.36865e+06
4.36419e+06
4.35084e+06
4.32863e+06
4.29765e+06
4.25801e+06
4.20983e+06
4.15329e+06
4.08857e+06
4.01589e+06
3.9355e+06
3.84766e+06
3.75264e+06
3.65077e+06
3.54235e+06
3.42772e+06
3.30724e+06
3.18126e+06
3.05015e+06
2.91429e+06
2.77406e+06
2.62985e+06
2.48203e+06
2.331e+06
2.17714e+06
2.02083e+06
1.86244e+06
1.70234e+06
1.54089e+06
1.37844e+06
1.21533e+06
1.0519e+06
888470.
725337.
562803.
401148.
240642.
81541.8
-75911.2
-231488.
-384973.
-536165.
-684875.
-830926.
-974156.
-1.11441e+06
-1.25156e+06
-1.38547e+06
-1.51602e+06
-1.64311e+06
-1.76664e+06
-1.88653e+06
-2.0027e+06
-2.11508e+06
-2.22361e+06
-2.32824e+06
-2.42891e+06
-2.5256e+06
-2.61826e+06
-2.70687e+06
-2.7914e+06
-2.87184e+06
-2.94817e+06
-3.02037e+06
-3.08845e+06
-3.15239e+06
-3.21219e+06
-3.26784e+06
-3.31936e+06
-3.36674e+06
-3.40998e+06
-3.44908e+06
-3.48406e+06
-3.51491e+06
-3.54163e+06
-3.56424e+06
-3.58273e+06
-3.59711e+06
-3.60738e+06
-3.61354e+06
-3.61559e+06
4.33115e+06
4.32679e+06
4.31372e+06
4.29199e+06
4.26167e+06
4.22286e+06
4.17569e+06
4.12031e+06
4.05692e+06
3.9857e+06
3.90691e+06
3.82078e+06
3.72758e+06
3.62762e+06
3.52118e+06
3.40861e+06
3.29022e+06
3.16637e+06
3.03741e+06
2.90371e+06
2.76562e+06
2.62353e+06
2.4778e+06
2.32881e+06
2.17693e+06
2.02253e+06
1.86598e+06
1.70763e+06
1.54784e+06
1.38695e+06
1.2253e+06
1.06321e+06
901005.
738988.
577451.
416677.
256935.
98481.7
-58439.3
-213597.
-366772.
-517760.
-666368.
-812415.
-955733.
-1.09617e+06
-1.23357e+06
-1.36781e+06
-1.49877e+06
-1.62633e+06
-1.75039e+06
-1.87086e+06
-1.98765e+06
-2.10069e+06
-2.20992e+06
-2.31527e+06
-2.41669e+06
-2.51414e+06
-2.60757e+06
-2.69696e+06
-2.78227e+06
-2.86348e+06
-2.94057e+06
-3.01352e+06
-3.08233e+06
-3.14697e+06
-3.20745e+06
-3.26375e+06
-3.31588e+06
-3.36383e+06
-3.4076e+06
-3.4472e+06
-3.48262e+06
-3.51387e+06
-3.54094e+06
-3.56385e+06
-3.58258e+06
-3.59715e+06
-3.60756e+06
-3.6138e+06
-3.61589e+06
4.30412e+06
4.29983e+06
4.287e+06
4.26565e+06
4.23586e+06
4.19773e+06
4.15138e+06
4.09695e+06
4.03463e+06
3.96461e+06
3.8871e+06
3.80236e+06
3.71063e+06
3.61221e+06
3.50738e+06
3.39645e+06
3.27975e+06
3.1576e+06
3.03036e+06
2.89837e+06
2.76198e+06
2.62156e+06
2.47747e+06
2.33008e+06
2.17974e+06
2.02681e+06
1.87167e+06
1.71464e+06
1.55609e+06
1.39636e+06
1.23577e+06
1.07465e+06
913309.
752055.
591180.
430964.
271678.
113579.
-43086.1
-198085.
-351196.
-502211.
-650932.
-797175.
-940769.
-1.08155e+06
-1.21937e+06
-1.35409e+06
-1.48559e+06
-1.61374e+06
-1.73843e+06
-1.85958e+06
-1.97709e+06
-2.09087e+06
-2.20087e+06
-2.30701e+06
-2.40923e+06
-2.50749e+06
-2.60174e+06
-2.69193e+06
-2.77805e+06
-2.86006e+06
-2.93793e+06
-3.01164e+06
-3.08118e+06
-3.14654e+06
-3.2077e+06
-3.26465e+06
-3.31739e+06
-3.36592e+06
-3.41022e+06
-3.45031e+06
-3.48617e+06
-3.51782e+06
-3.54524e+06
-3.56844e+06
-3.58742e+06
-3.60218e+06
-3.61272e+06
-3.61905e+06
-3.62116e+06
Process [6]
4.28735e+06
4.28313e+06
4.27047e+06
4.24943e+06
4.22006e+06
4.18246e+06
4.13674e+06
4.08306e+06
4.02157e+06
3.95247e+06
3.87597e+06
3.7923e+06
3.70171e+06
3.60448e+06
3.50088e+06
3.39121e+06
3.27579e+06
3.15494e+06
3.02899e+06
2.89828e+06
2.76317e+06
2.62399e+06
2.4811e+06
2.33486e+06
2.18563e+06
2.03376e+06
1.87959e+06
1.72348e+06
1.56577e+06
1.40679e+06
1.24687e+06
1.08634e+06
925503.
764662.
604111.
444131.
284992.
126954.
-29735.3
-184840.
-338137.
-489413.
-638469.
-785115.
-929176.
-1.07048e+06
-1.20889e+06
-1.34424e+06
-1.47641e+06
-1.60528e+06
-1.73073e+06
-1.85266e+06
-1.97098e+06
-2.0856e+06
-2.19644e+06
-2.30343e+06
-2.40652e+06
-2.50564e+06
-2.60075e+06
-2.6918e+06
-2.77875e+06
-2.86158e+06
-2.94026e+06
-3.01475e+06
-3.08505e+06
-3.15113e+06
-3.21298e+06
-3.27059e+06
-3.32395e+06
-3.37306e+06
-3.4179e+06
-3.45847e+06
-3.49478e+06
-3.52682e+06
-3.55458e+06
-3.57808e+06
-3.5973e+06
-3.61225e+06
-3.62293e+06
-3.62934e+06
-3.63147e+06
4.2807e+06
4.27653e+06
4.26401e+06
4.24318e+06
4.21412e+06
4.17691e+06
4.13166e+06
4.07851e+06
4.01764e+06
3.94921e+06
3.87343e+06
3.79054e+06
3.70076e+06
3.60437e+06
3.50164e+06
3.39286e+06
3.27834e+06
3.15838e+06
3.03332e+06
2.90348e+06
2.76921e+06
2.63085e+06
2.48874e+06
2.34323e+06
2.19468e+06
2.04344e+06
1.88984e+06
1.73423e+06
1.57695e+06
1.41833e+06
1.25871e+06
1.09839e+06
937693.
776916.
616351.
456283.
296981.
138708.
-18288.
-173767.
-327503.
-479281.
-628896.
-776157.
-920882.
-1.0629e+06
-1.20206e+06
-1.3382e+06
-1.4712e+06
-1.60092e+06
-1.72725e+06
-1.85008e+06
-1.96931e+06
-2.08485e+06
-2.19661e+06
-2.30454e+06
-2.40855e+06
-2.50859e+06
-2.60461e+06
-2.69656e+06
-2.7844e+06
-2.86808e+06
-2.94759e+06
-3.02289e+06
-3.09397e+06
-3.16079e+06
-3.22334e+06
-3.28162e+06
-3.33561e+06
-3.3853e+06
-3.43068e+06
-3.47174e+06
-3.5085e+06
-3.54093e+06
-3.56904e+06
-3.59283e+06
-3.61229e+06
-3.62743e+06
-3.63825e+06
-3.64473e+06
-3.6469e+06
4.28407e+06
4.27992e+06
4.26749e+06
4.24681e+06
4.21795e+06
4.18098e+06
4.13604e+06
4.08324e+06
4.02275e+06
3.95474e+06
3.87942e+06
3.79701e+06
3.70774e+06
3.61186e+06
3.50965e+06
3.4014e+06
3.28739e+06
3.16794e+06
3.04336e+06
2.91399e+06
2.78015e+06
2.64219e+06
2.50044e+06
2.35525e+06
2.20696e+06
2.05593e+06
1.90248e+06
1.74697e+06
1.58973e+06
1.43108e+06
1.27137e+06
1.11089e+06
949972.
788907.
627992.
467509.
307732.
148924.
-8662.55
-164788.
-319221.
-471743.
-622148.
-770239.
-915832.
-1.05875e+06
-1.19884e+06
-1.33594e+06
-1.46991e+06
-1.60063e+06
-1.72796e+06
-1.8518e+06
-1.97205e+06
-2.08861e+06
-2.2014e+06
-2.31033e+06
-2.41534e+06
-2.51637e+06
-2.61335e+06
-2.70625e+06
-2.79501e+06
-2.87959e+06
-2.95996e+06
-3.0361e+06
-3.10797e+06
-3.17555e+06
-3.23883e+06
-3.29778e+06
-3.35241e+06
-3.40269e+06
-3.44861e+06
-3.49018e+06
-3.52738e+06
-3.56021e+06
-3.58867e+06
-3.61275e+06
-3.63246e+06
-3.64779e+06
-3.65874e+06
-3.66531e+06
-3.6675e+06
4.29739e+06
4.29325e+06
4.28086e+06
4.26025e+06
4.23148e+06
4.19463e+06
4.14982e+06
4.09718e+06
4.03687e+06
3.96904e+06
3.89392e+06
3.8117e+06
3.72262e+06
3.62694e+06
3.52491e+06
3.41682e+06
3.30296e+06
3.18363e+06
3.05915e+06
2.92985e+06
2.79604e+06
2.65806e+06
2.51626e+06
2.37097e+06
2.22253e+06
2.0713e+06
1.9176e+06
1.76178e+06
1.60418e+06
1.44512e+06
1.28492e+06
1.12392e+06
962417.
800714.
639108.
477884.
317318.
157673.
-793.871
-157840.
-313231.
-466747.
-618176.
-767318.
-913987.
-1.058e+06
-1.1992e+06
-1.33743e+06
-1.47253e+06
-1.60439e+06
-1.73286e+06
-1.85784e+06
-1.97922e+06
-2.0969e+06
-2.21079e+06
-2.32082e+06
-2.4269e+06
-2.52898e+06
-2.62699e+06
-2.72089e+06
-2.81061e+06
-2.89613e+06
-2.97741e+06
-3.0544e+06
-3.1271e+06
-3.19546e+06
-3.25948e+06
-3.31913e+06
-3.37441e+06
-3.42529e+06
-3.47177e+06
-3.51384e+06
-3.55149e+06
-3.58473e+06
-3.61354e+06
-3.63792e+06
-3.65787e+06
-3.67339e+06
-3.68447e+06
-3.69112e+06
-3.69334e+06
4.32061e+06
4.31648e+06
4.30408e+06
4.28346e+06
4.25468e+06
4.21783e+06
4.173e+06
4.12033e+06
4.05997e+06
3.9921e+06
3.91691e+06
3.83461e+06
3.74542e+06
3.64961e+06
3.54743e+06
3.43915e+06
3.32507e+06
3.2055e+06
3.08073e+06
2.95109e+06
2.81691e+06
2.67851e+06
2.53625e+06
2.39045e+06
2.24145e+06
2.08961e+06
1.93525e+06
1.77873e+06
1.62036e+06
1.4605e+06
1.29945e+06
1.13754e+06
975093.
812399.
649761.
487466.
325792.
165006.
5367.02
-152878.
-309494.
-464255.
-616946.
-767366.
-915321.
-1.06063e+06
-1.20313e+06
-1.34265e+06
-1.47905e+06
-1.61219e+06
-1.74194e+06
-1.86818e+06
-1.99081e+06
-2.10972e+06
-2.22482e+06
-2.33603e+06
-2.44326e+06
-2.54647e+06
-2.64557e+06
-2.74052e+06
-2.83126e+06
-2.91776e+06
-2.99997e+06
-3.07786e+06
-3.15141e+06
-3.22058e+06
-3.28536e+06
-3.34573e+06
-3.40166e+06
-3.45316e+06
-3.5002e+06
-3.54278e+06
-3.5809e+06
-3.61454e+06
-3.6437e+06
-3.66838e+06
-3.68858e+06
-3.70429e+06
-3.71551e+06
-3.72225e+06
-3.72449e+06
4.35375e+06
4.3496e+06
4.33716e+06
4.31646e+06
4.28757e+06
4.25057e+06
4.20557e+06
4.15269e+06
4.09209e+06
4.02393e+06
3.94842e+06
3.86575e+06
3.77617e+06
3.67991e+06
3.57724e+06
3.46844e+06
3.35378e+06
3.23358e+06
3.10813e+06
2.97777e+06
2.84282e+06
2.7036e+06
2.56047e+06
2.41375e+06
2.26378e+06
2.11092e+06
1.9555e+06
1.79786e+06
1.63835e+06
1.47728e+06
1.315e+06
1.15182e+06
988052.
824013.
659998.
496299.
333196.
170960.
9853.25
-149875.
-307984.
-464246.
-618442.
-770368.
-919827.
-1.06663e+06
-1.21062e+06
-1.35162e+06
-1.48948e+06
-1.62406e+06
-1.75523e+06
-1.88287e+06
-2.00686e+06
-2.12711e+06
-2.24351e+06
-2.35599e+06
-2.46446e+06
-2.56886e+06
-2.66911e+06
-2.76518e+06
-2.85699e+06
-2.94451e+06
-3.0277e+06
-3.10653e+06
-3.18096e+06
-3.25096e+06
-3.31652e+06
-3.37762e+06
-3.43423e+06
-3.48636e+06
-3.53397e+06
-3.57708e+06
-3.61566e+06
-3.64971e+06
-3.67923e+06
-3.70421e+06
-3.72466e+06
-3.74056e+06
-3.75192e+06
-3.75874e+06
-3.76101e+06
4.39684e+06
4.39265e+06
4.38012e+06
4.35928e+06
4.33018e+06
4.29291e+06
4.24757e+06
4.1943e+06
4.13325e+06
4.06458e+06
3.98849e+06
3.90519e+06
3.81491e+06
3.7179e+06
3.61441e+06
3.50472e+06
3.38913e+06
3.26793e+06
3.14143e+06
3.00995e+06
2.87383e+06
2.73339e+06
2.58897e+06
2.44092e+06
2.28958e+06
2.13529e+06
1.9784e+06
1.81925e+06
1.65818e+06
1.49552e+06
1.33162e+06
1.16678e+06
1.00133e+06
835590.
669851.
504411.
339555.
175557.
12682.3
-148815.
-308691.
-466714.
-622664.
-776329.
-927511.
-1.07602e+06
-1.22169e+06
-1.36435e+06
-1.50383e+06
-1.64001e+06
-1.77275e+06
-1.90191e+06
-2.0274e+06
-2.14909e+06
-2.26691e+06
-2.38075e+06
-2.49054e+06
-2.59621e+06
-2.69769e+06
-2.79492e+06
-2.88786e+06
-2.97645e+06
-3.06066e+06
-3.14046e+06
-3.2158e+06
-3.28666e+06
-3.35303e+06
-3.41487e+06
-3.47218e+06
-3.52495e+06
-3.57315e+06
-3.61678e+06
-3.65583e+06
-3.6903e+06
-3.72018e+06
-3.74547e+06
-3.76617e+06
-3.78227e+06
-3.79377e+06
-3.80067e+06
-3.80297e+06
4.44994e+06
4.44572e+06
4.43305e+06
4.41199e+06
4.38258e+06
4.34491e+06
4.29909e+06
4.24524e+06
4.18353e+06
4.11412e+06
4.0372e+06
3.953e+06
3.86172e+06
3.76364e+06
3.659e+06
3.54809e+06
3.4312e+06
3.30862e+06
3.18068e+06
3.0477e+06
2.91001e+06
2.76794e+06
2.62183e+06
2.47204e+06
2.3189e+06
2.16278e+06
2.004e+06
1.84293e+06
1.6799e+06
1.51526e+06
1.34934e+06
1.18247e+06
1.01497e+06
847157.
679341.
511819.
344880.
178802.
13856.
-149702.
-311623.
-471672.
-629625.
-785267.
-938398.
-1.08883e+06
-1.23637e+06
-1.38087e+06
-1.52216e+06
-1.66009e+06
-1.79454e+06
-1.92537e+06
-2.05247e+06
-2.17573e+06
-2.29506e+06
-2.41036e+06
-2.52155e+06
-2.62857e+06
-2.73134e+06
-2.82981e+06
-2.92393e+06
-3.01364e+06
-3.09892e+06
-3.17971e+06
-3.256e+06
-3.32775e+06
-3.39494e+06
-3.45756e+06
-3.51558e+06
-3.56899e+06
-3.61779e+06
-3.66196e+06
-3.70149e+06
-3.73639e+06
-3.76663e+06
-3.79223e+06
-3.81318e+06
-3.82948e+06
-3.84112e+06
-3.8481e+06
-3.85043e+06
4.51318e+06
4.50889e+06
4.49605e+06
4.47469e+06
4.44487e+06
4.40668e+06
4.36021e+06
4.30562e+06
4.24304e+06
4.17265e+06
4.09466e+06
4.00926e+06
3.9167e+06
3.81723e+06
3.71111e+06
3.59862e+06
3.48006e+06
3.35574e+06
3.22598e+06
3.09109e+06
2.95143e+06
2.80731e+06
2.65911e+06
2.50716e+06
2.35181e+06
2.19342e+06
2.03235e+06
1.86895e+06
1.70356e+06
1.53653e+06
1.3682e+06
1.1989e+06
1.02897e+06
858723.
688473.
518523.
349167.
180688.
13360.7
-152553.
-316802.
-479147.
-639358.
-797219.
-952525.
-1.10508e+06
-1.25471e+06
-1.40124e+06
-1.5445e+06
-1.68436e+06
-1.82067e+06
-1.9533e+06
-2.08214e+06
-2.20708e+06
-2.32803e+06
-2.44489e+06
-2.55757e+06
-2.66602e+06
-2.77015e+06
-2.86992e+06
-2.96527e+06
-3.05615e+06
-3.14253e+06
-3.22436e+06
-3.30162e+06
-3.37429e+06
-3.44233e+06
-3.50574e+06
-3.56449e+06
-3.61857e+06
-3.66797e+06
-3.71269e+06
-3.75271e+06
-3.78803e+06
-3.81865e+06
-3.84456e+06
-3.86576e+06
-3.88226e+06
-3.89404e+06
-3.90111e+06
-3.90346e+06
4.58668e+06
4.58233e+06
4.56926e+06
4.54754e+06
4.5172e+06
4.47835e+06
4.43109e+06
4.37556e+06
4.3119e+06
4.24031e+06
4.16097e+06
4.07411e+06
3.97996e+06
3.87878e+06
3.77084e+06
3.65642e+06
3.53584e+06
3.40939e+06
3.2774e+06
3.14021e+06
2.99816e+06
2.85159e+06
2.70087e+06
2.54633e+06
2.38835e+06
2.22729e+06
2.06349e+06
1.89734e+06
1.72917e+06
1.55934e+06
1.3882e+06
1.21609e+06
1.04334e+06
870287.
697239.
524509.
352396.
181189.
11166.9
-157404.
-324268.
-489181.
-651910.
-812235.
-969949.
-1.12485e+06
-1.27677e+06
-1.42551e+06
-1.57093e+06
-1.71287e+06
-1.85119e+06
-1.98577e+06
-2.11649e+06
-2.24323e+06
-2.3659e+06
-2.48441e+06
-2.59867e+06
-2.70862e+06
-2.81419e+06
-2.91532e+06
-3.01195e+06
-3.10405e+06
-3.19158e+06
-3.27449e+06
-3.35276e+06
-3.42636e+06
-3.49528e+06
-3.55949e+06
-3.61898e+06
-3.67374e+06
-3.72376e+06
-3.76903e+06
-3.80955e+06
-3.8453e+06
-3.87629e+06
-3.90252e+06
-3.92398e+06
-3.94067e+06
-3.9526e+06
-3.95975e+06
-3.96214e+06
4.67063e+06
4.66619e+06
4.65286e+06
4.63069e+06
4.59974e+06
4.5601e+06
4.51188e+06
4.45522e+06
4.39028e+06
4.31724e+06
Process [7]
4.2363e+06
4.14768e+06
4.05164e+06
3.94843e+06
3.83832e+06
3.72162e+06
3.59863e+06
3.46966e+06
3.33506e+06
3.19516e+06
3.0503e+06
2.90086e+06
2.74718e+06
2.58963e+06
2.42858e+06
2.26441e+06
2.09747e+06
1.92813e+06
1.75676e+06
1.58372e+06
1.40936e+06
1.23404e+06
1.05808e+06
881835.
705619.
529751.
354535.
180266.
7228.84
-164305.
-334076.
-501835.
-667346.
-830385.
-990741.
-1.14821e+06
-1.30262e+06
-1.45378e+06
-1.60153e+06
-1.74572e+06
-1.88621e+06
-2.02288e+06
-2.15559e+06
-2.28425e+06
-2.40875e+06
-2.52901e+06
-2.64494e+06
-2.75647e+06
-2.86354e+06
-2.96609e+06
-3.06407e+06
-3.15743e+06
-3.24614e+06
-3.33017e+06
-3.40947e+06
-3.48404e+06
-3.55385e+06
-3.61889e+06
-3.67914e+06
-3.73459e+06
-3.78523e+06
-3.83107e+06
-3.87208e+06
-3.90827e+06
-3.93964e+06
-3.96618e+06
-3.9879e+06
-4.0048e+06
-4.01686e+06
-4.0241e+06
-4.02652e+06
4.76524e+06
4.76069e+06
4.74705e+06
4.72436e+06
4.69269e+06
4.65213e+06
4.60279e+06
4.54481e+06
4.47836e+06
4.40363e+06
4.32082e+06
4.23016e+06
4.13191e+06
4.02633e+06
3.91371e+06
3.79435e+06
3.66857e+06
3.53669e+06
3.39906e+06
3.25602e+06
3.10794e+06
2.95518e+06
2.79812e+06
2.63712e+06
2.47256e+06
2.30483e+06
2.1343e+06
1.96135e+06
1.78635e+06
1.60967e+06
1.43168e+06
1.25273e+06
1.07317e+06
893339.
713577.
534205.
355533.
177863.
1484.51
-173325.
-346300.
-517187.
-685747.
-851753.
-1.01499e+06
-1.17525e+06
-1.33236e+06
-1.48613e+06
-1.63639e+06
-1.783e+06
-1.92582e+06
-2.06471e+06
-2.19955e+06
-2.33025e+06
-2.45669e+06
-2.57879e+06
-2.69648e+06
-2.80967e+06
-2.91831e+06
-3.02234e+06
-3.12172e+06
-3.21639e+06
-3.30632e+06
-3.39149e+06
-3.47186e+06
-3.54742e+06
-3.61815e+06
-3.68402e+06
-3.74504e+06
-3.80119e+06
-3.85247e+06
-3.89886e+06
-3.94038e+06
-3.97701e+06
-4.00876e+06
-4.03562e+06
-4.0576e+06
-4.07469e+06
-4.0869e+06
-4.09423e+06
-4.09667e+06
4.87076e+06
4.86609e+06
4.85209e+06
4.82881e+06
4.7963e+06
4.75468e+06
4.70405e+06
4.64455e+06
4.57637e+06
4.4997e+06
4.41474e+06
4.32174e+06
4.22096e+06
4.11268e+06
3.99718e+06
3.87478e+06
3.74581e+06
3.61061e+06
3.46953e+06
3.32293e+06
3.17119e+06
3.01467e+06
2.85376e+06
2.68886e+06
2.52034e+06
2.34861e+06
2.17404e+06
1.99702e+06
1.81795e+06
1.6372e+06
1.45514e+06
1.27214e+06
1.08856e+06
904757.
721063.
537813.
355324.
173906.
-6145.22
-184547.
-361029.
-535332.
-707214.
-876443.
-1.0428e+06
-1.20608e+06
-1.3661e+06
-1.52267e+06
-1.67564e+06
-1.82483e+06
-1.97013e+06
-2.11139e+06
-2.24849e+06
-2.38134e+06
-2.50983e+06
-2.63387e+06
-2.75339e+06
-2.86832e+06
-2.9786e+06
-3.08417e+06
-3.18499e+06
-3.28101e+06
-3.37221e+06
-3.45855e+06
-3.54002e+06
-3.61659e+06
-3.68824e+06
-3.75497e+06
-3.81677e+06
-3.87362e+06
-3.92554e+06
-3.97251e+06
-4.01453e+06
-4.0516e+06
-4.08373e+06
-4.11091e+06
-4.13314e+06
-4.15044e+06
-4.16279e+06
-4.1702e+06
-4.17267e+06
4.98746e+06
4.98266e+06
4.96825e+06
4.94429e+06
4.91085e+06
4.86802e+06
4.81592e+06
4.75471e+06
4.68457e+06
4.60569e+06
4.5183e+06
4.42265e+06
4.319e+06
4.20765e+06
4.08891e+06
3.96308e+06
3.83052e+06
3.69158e+06
3.54661e+06
3.39601e+06
3.24014e+06
3.07941e+06
2.9142e+06
2.74492e+06
2.57198e+06
2.39577e+06
2.21669e+06
2.03516e+06
1.85155e+06
1.66628e+06
1.47971e+06
1.29224e+06
1.10423e+06
916035.
728012.
540501.
353827.
168307.
-15757.2
-198075.
-378372.
-556384.
-731864.
-904576.
-1.0743e+06
-1.24083e+06
-1.40397e+06
-1.56355e+06
-1.71939e+06
-1.87134e+06
-2.01927e+06
-2.16304e+06
-2.30254e+06
-2.43765e+06
-2.56829e+06
-2.69437e+06
-2.81581e+06
-2.93255e+06
-3.04453e+06
-3.15169e+06
-3.254e+06
-3.35142e+06
-3.44391e+06
-3.53146e+06
-3.61404e+06
-3.69163e+06
-3.76423e+06
-3.83182e+06
-3.89441e+06
-3.95197e+06
-4.00453e+06
-4.05207e+06
-4.09459e+06
-4.13211e+06
-4.16461e+06
-4.19211e+06
-4.2146e+06
-4.23209e+06
-4.24458e+06
-4.25208e+06
-4.25458e+06
5.11569e+06
5.11073e+06
5.09587e+06
5.07115e+06
5.03664e+06
4.99245e+06
4.93871e+06
4.87557e+06
4.80322e+06
4.72187e+06
4.63176e+06
4.53313e+06
4.42628e+06
4.3115e+06
4.18911e+06
4.05945e+06
3.92287e+06
3.77975e+06
3.63045e+06
3.47538e+06
3.31492e+06
3.1495e+06
2.97951e+06
2.80538e+06
2.62752e+06
2.44635e+06
2.26229e+06
2.07576e+06
1.88716e+06
1.6969e+06
1.50537e+06
1.31298e+06
1.1201e+06
927100.
734343.
542178.
350941.
160956.
-27466.7
-214032.
-398457.
-580475.
-759833.
-936293.
-1.10963e+06
-1.27964e+06
-1.44612e+06
-1.6089e+06
-1.7678e+06
-1.92268e+06
-2.0734e+06
-2.21981e+06
-2.36183e+06
-2.49932e+06
-2.63221e+06
-2.76042e+06
-2.88386e+06
-3.00248e+06
-3.11621e+06
-3.22502e+06
-3.32887e+06
-3.42771e+06
-3.52153e+06
-3.61031e+06
-3.69402e+06
-3.77265e+06
-3.84621e+06
-3.91467e+06
-3.97804e+06
-4.03633e+06
-4.08952e+06
-4.13763e+06
-4.18066e+06
-4.21861e+06
-4.25148e+06
-4.27929e+06
-4.30204e+06
-4.31973e+06
-4.33236e+06
-4.33993e+06
-4.34246e+06
5.2558e+06
5.25067e+06
5.2353e+06
5.20973e+06
5.17404e+06
5.12834e+06
5.07276e+06
5.00747e+06
4.93267e+06
4.84856e+06
4.75541e+06
4.65347e+06
4.54305e+06
4.42445e+06
4.29802e+06
4.1641e+06
4.02307e+06
3.87531e+06
3.72121e+06
3.56119e+06
3.39566e+06
3.22505e+06
3.04978e+06
2.87029e+06
2.68701e+06
2.50039e+06
2.31085e+06
2.11882e+06
1.92474e+06
1.72902e+06
1.53207e+06
1.3343e+06
1.13611e+06
937868.
739958.
542736.
346549.
151728.
-41408.4
-232558.
-421432.
-607758.
-791279.
-971754.
-1.14896e+06
-1.32267e+06
-1.49271e+06
-1.65889e+06
-1.82104e+06
-1.97901e+06
-2.13267e+06
-2.28187e+06
-2.42652e+06
-2.56651e+06
-2.70175e+06
-2.83217e+06
-2.95769e+06
-3.07825e+06
-3.1938e+06
-3.3043e+06
-3.40972e+06
-3.51003e+06
-3.6052e+06
-3.69522e+06
-3.78008e+06
-3.85976e+06
-3.93427e+06
-4.00361e+06
-4.06777e+06
-4.12677e+06
-4.1806e+06
-4.22927e+06
-4.27279e+06
-4.31117e+06
-4.34442e+06
-4.37254e+06
-4.39553e+06
-4.41341e+06
-4.42618e+06
-4.43384e+06
-4.43639e+06
5.40821e+06
5.40289e+06
5.38695e+06
5.36044e+06
5.32344e+06
5.27606e+06
5.21845e+06
5.15078e+06
5.07325e+06
4.9861e+06
4.88958e+06
4.78398e+06
4.66961e+06
4.5468e+06
4.4159e+06
4.27728e+06
4.13133e+06
3.97846e+06
3.81907e+06
3.6536e+06
3.48248e+06
3.30617e+06
3.1251e+06
2.93973e+06
2.75052e+06
2.55792e+06
2.36238e+06
2.16435e+06
1.96428e+06
1.7626e+06
1.55974e+06
1.35613e+06
1.15216e+06
948234.
744741.
542048.
340512.
140475.
-57737.8
-253816.
-447465.
-638407.
-826381.
-1.01114e+06
-1.19246e+06
-1.37012e+06
-1.54393e+06
-1.71371e+06
-1.87929e+06
-2.04052e+06
-2.19726e+06
-2.34939e+06
-2.4968e+06
-2.63939e+06
-2.77708e+06
-2.90979e+06
-3.03745e+06
-3.16001e+06
-3.27743e+06
-3.38967e+06
-3.4967e+06
-3.59849e+06
-3.69503e+06
-3.78631e+06
-3.87232e+06
-3.95306e+06
-4.02853e+06
-4.09874e+06
-4.16369e+06
-4.22339e+06
-4.27785e+06
-4.32708e+06
-4.37109e+06
-4.40989e+06
-4.44349e+06
-4.47191e+06
-4.49515e+06
-4.51321e+06
-4.52611e+06
-4.53385e+06
-4.53643e+06
5.57336e+06
5.56784e+06
5.55127e+06
5.52372e+06
5.48528e+06
5.43605e+06
5.37619e+06
5.30589e+06
5.22537e+06
5.13485e+06
5.03463e+06
4.925e+06
4.80629e+06
4.67884e+06
4.54302e+06
4.39924e+06
4.24789e+06
4.0894e+06
3.92421e+06
3.75277e+06
3.57553e+06
3.39297e+06
3.20556e+06
3.01377e+06
2.81808e+06
2.61895e+06
2.41688e+06
2.21232e+06
2.00574e+06
1.79759e+06
1.58832e+06
1.37836e+06
1.16814e+06
958077.
748557.
539966.
332673.
127029.
-76631.7
-277991.
-476747.
-672618.
-865338.
-1.05466e+06
-1.24035e+06
-1.42219e+06
-1.59999e+06
-1.77357e+06
-1.94275e+06
-2.1074e+06
-2.26738e+06
-2.42257e+06
-2.57285e+06
-2.71815e+06
-2.85837e+06
-2.99344e+06
-3.12332e+06
-3.24794e+06
-3.36727e+06
-3.48128e+06
-3.58994e+06
-3.69324e+06
-3.79116e+06
-3.88371e+06
-3.97088e+06
-4.05267e+06
-4.1291e+06
-4.20017e+06
-4.26589e+06
-4.32628e+06
-4.38135e+06
-4.43113e+06
-4.47561e+06
-4.51482e+06
-4.54877e+06
-4.57748e+06
-4.60095e+06
-4.61919e+06
-4.63222e+06
-4.64003e+06
-4.64263e+06
5.75177e+06
5.74601e+06
5.72876e+06
5.70007e+06
5.66003e+06
5.60877e+06
5.54645e+06
5.47327e+06
5.38945e+06
5.29525e+06
5.19096e+06
5.07691e+06
4.95343e+06
4.82089e+06
4.6797e+06
4.53025e+06
4.37299e+06
4.20837e+06
4.03683e+06
3.85887e+06
3.67496e+06
3.48559e+06
3.29126e+06
3.09248e+06
2.88973e+06
2.68352e+06
2.47435e+06
2.2627e+06
2.04907e+06
1.83391e+06
1.61771e+06
1.4009e+06
1.18394e+06
967256.
751250.
536322.
322850.
111198.
-98290.6
-305290.
-509494.
-710611.
-908374.
-1.10253e+06
-1.29284e+06
-1.4791e+06
-1.66111e+06
-1.83868e+06
-2.01166e+06
-2.17989e+06
-2.34325e+06
-2.50161e+06
-2.65489e+06
-2.80298e+06
-2.94582e+06
-3.08333e+06
-3.21548e+06
-3.3422e+06
-3.46348e+06
-3.57928e+06
-3.6896e+06
-3.79441e+06
-3.89373e+06
-3.98754e+06
-4.07586e+06
-4.1587e+06
-4.23607e+06
-4.30799e+06
-4.37447e+06
-4.43553e+06
-4.49121e+06
-4.5415e+06
-4.58644e+06
-4.62604e+06
-4.66033e+06
-4.68931e+06
-4.713e+06
-4.73141e+06
-4.74456e+06
-4.75244e+06
-4.75507e+06
5.84434e+06
5.83847e+06
5.82086e+06
5.79157e+06
5.7507e+06
5.69838e+06
5.63477e+06
5.56008e+06
5.47453e+06
5.37841e+06
5.27199e+06
5.15563e+06
5.02966e+06
4.89447e+06
4.75046e+06
4.59806e+06
4.43772e+06
4.26989e+06
4.09504e+06
3.91368e+06
3.72628e+06
3.53337e+06
3.33544e+06
3.13301e+06
2.92659e+06
2.71669e+06
2.50383e+06
2.2885e+06
2.07119e+06
1.8524e+06
1.63259e+06
1.41224e+06
1.19178e+06
971661.
752295.
534086.
317419.
102662.
-109838.
-319749.
-526761.
-730583.
-930941.
-1.12758e+06
-1.32028e+06
-1.5088e+06
-1.69296e+06
-1.87258e+06
-2.0475e+06
-2.21756e+06
-2.38264e+06
-2.54263e+06
-2.69743e+06
-2.84694e+06
-2.99111e+06
-3.12986e+06
-3.26315e+06
-3.39094e+06
-3.5132e+06
-3.62991e+06
-3.74105e+06
-3.84663e+06
-3.94664e+06
-4.04109e+06
-4.12998e+06
-4.21334e+06
-4.29117e+06
-4.36351e+06
-4.43037e+06
-4.49176e+06
-4.54773e+06
-4.59828e+06
-4.64344e+06
-4.68324e+06
-4.71768e+06
-4.7468e+06
-4.7706e+06
-4.78909e+06
-4.8023e+06
-4.81021e+06
-4.81285e+06
