Vec Object: Vec_0x84000004_3 8 MPI processes
  type: mpi
Process [0]
-2.96986e+08
-2.9683e+08
-2.96365e+08
-2.9559e+08
-2.94507e+08
-2.9312e+08
-2.91433e+08
-2.89449e+08
-2.87175e+08
-2.84618e+08
-2.81786e+08
-2.7869e+08
-2.7534e+08
-2.71751e+08
-2.67938e+08
-2.63917e+08
-2.59709e+08
-2.55334e+08
-2.50815e+08
-2.46178e+08
-2.41449e+08
-2.36654e+08
-2.31824e+08
-2.26986e+08
-2.22169e+08
-2.17403e+08
-2.12713e+08
-2.08126e+08
-2.03664e+08
-1.9935e+08
-1.95201e+08
-1.91233e+08
-1.87458e+08
-1.83884e+08
-1.80518e+08
-1.77362e+08
-1.74417e+08
-1.7168e+08
-1.69148e+08
-1.66814e+08
-1.64671e+08
-1.6271e+08
-1.60922e+08
-1.59298e+08
-1.57826e+08
-1.56497e+08
-1.55301e+08
-1.54227e+08
-1.53266e+08
-1.52409e+08
-1.51647e+08
-1.50971e+08
-1.50373e+08
-1.49847e+08
-1.49385e+08
-1.48981e+08
-1.4863e+08
-1.48325e+08
-1.48061e+08
-1.47836e+08
-1.47643e+08
-1.47479e+08
-1.47342e+08
-1.47227e+08
-1.47133e+08
-1.47056e+08
-1.46994e+08
-1.46945e+08
-1.46908e+08
-1.4688e+08
-1.4686e+08
-1.46847e+08
-1.46839e+08
-1.46835e+08
-1.46834e+08
-1.46835e+08
-1.46838e+08
-1.46841e+08
-1.46843e+08
-1.46845e+08
-1.46845e+08
-2.89315e+08
-2.89163e+08
-2.88705e+08
-2.87944e+08
-2.86881e+08
-2.8552e+08
-2.83863e+08
-2.81917e+08
-2.79685e+08
-2.77177e+08
-2.744e+08
-2.71363e+08
-2.6808e+08
-2.64562e+08
-2.60826e+08
-2.56887e+08
-2.52765e+08
-2.48481e+08
-2.44056e+08
-2.39514e+08
-2.34882e+08
-2.30186e+08
-2.25453e+08
-2.2071e+08
-2.15987e+08
-2.11309e+08
-2.06704e+08
-2.02195e+08
-1.97806e+08
-1.93556e+08
-1.89465e+08
-1.85546e+08
-1.81811e+08
-1.78271e+08
-1.7493e+08
-1.71793e+08
-1.68859e+08
-1.66128e+08
-1.63595e+08
-1.61256e+08
-1.59103e+08
-1.57129e+08
-1.55325e+08
-1.53682e+08
-1.52189e+08
-1.50838e+08
-1.49619e+08
-1.48522e+08
-1.47537e+08
-1.46655e+08
-1.45869e+08
-1.45169e+08
-1.44549e+08
-1.44e+08
-1.43517e+08
-1.43092e+08
-1.42721e+08
-1.42397e+08
-1.42116e+08
-1.41873e+08
-1.41665e+08
-1.41486e+08
-1.41335e+08
-1.41207e+08
-1.411e+08
-1.41012e+08
-1.4094e+08
-1.40881e+08
-1.40835e+08
-1.40799e+08
-1.40771e+08
-1.40751e+08
-1.40737e+08
-1.40728e+08
-1.40722e+08
-1.4072e+08
-1.40719e+08
-1.40719e+08
-1.4072e+08
-1.4072e+08
-1.4072e+08
-2.74154e+08
-2.74006e+08
-2.73565e+08
-2.72831e+08
-2.71806e+08
-2.70492e+08
-2.68895e+08
-2.67019e+08
-2.64868e+08
-2.62452e+08
-2.59778e+08
-2.56856e+08
-2.53697e+08
-2.50314e+08
-2.46721e+08
-2.42935e+08
-2.38974e+08
-2.34857e+08
-2.30605e+08
-2.2624e+08
-2.21788e+08
-2.17271e+08
-2.12717e+08
-2.0815e+08
-2.03597e+08
-1.99082e+08
-1.94631e+08
-1.90266e+08
-1.86008e+08
-1.81878e+08
-1.77891e+08
-1.74064e+08
-1.70406e+08
-1.66929e+08
-1.63637e+08
-1.60536e+08
-1.57626e+08
-1.54907e+08
-1.52376e+08
-1.5003e+08
-1.47863e+08
-1.45867e+08
-1.44036e+08
-1.4236e+08
-1.40832e+08
-1.39443e+08
-1.38183e+08
-1.37043e+08
-1.36015e+08
-1.3509e+08
-1.34261e+08
-1.33519e+08
-1.32857e+08
-1.32268e+08
-1.31745e+08
-1.31283e+08
-1.30875e+08
-1.30516e+08
-1.30202e+08
-1.29928e+08
-1.2969e+08
-1.29484e+08
-1.29306e+08
-1.29154e+08
-1.29024e+08
-1.28914e+08
-1.28822e+08
-1.28745e+08
-1.28682e+08
-1.2863e+08
-1.28589e+08
-1.28556e+08
-1.28531e+08
-1.28512e+08
-1.28497e+08
-1.28487e+08
-1.2848e+08
-1.28475e+08
-1.28472e+08
-1.28471e+08
-1.2847e+08
-2.59345e+08
-2.59203e+08
-2.58776e+08
-2.58066e+08
-2.57075e+08
-2.55806e+08
-2.54262e+08
-2.52448e+08
-2.50371e+08
-2.48037e+08
-2.45454e+08
-2.42632e+08
-2.39582e+08
-2.36316e+08
-2.32848e+08
-2.29194e+08
-2.2537e+08
-2.21395e+08
-2.17289e+08
-2.13073e+08
-2.0877e+08
-2.04403e+08
-1.99996e+08
-1.95573e+08
-1.91159e+08
-1.86778e+08
-1.82453e+08
-1.78206e+08
-1.74057e+08
-1.70025e+08
-1.66127e+08
-1.62376e+08
-1.58785e+08
-1.55362e+08
-1.52115e+08
-1.49048e+08
-1.46163e+08
-1.43459e+08
-1.40937e+08
-1.3859e+08
-1.36416e+08
-1.34408e+08
-1.3256e+08
-1.30863e+08
-1.2931e+08
-1.27892e+08
-1.26602e+08
-1.25431e+08
-1.2437e+08
-1.23412e+08
-1.22549e+08
-1.21773e+08
-1.21078e+08
-1.20456e+08
-1.19901e+08
-1.19408e+08
-1.1897e+08
-1.18583e+08
-1.18241e+08
-1.1794e+08
-1.17677e+08
-1.17447e+08
-1.17247e+08
-1.17073e+08
-1.16924e+08
-1.16795e+08
-1.16686e+08
-1.16593e+08
-1.16515e+08
-1.1645e+08
-1.16397e+08
-1.16353e+08
-1.16317e+08
-1.16289e+08
-1.16267e+08
-1.16251e+08
-1.16238e+08
-1.1623e+08
-1.16224e+08
-1.1622e+08
-1.16219e+08
-2.44878e+08
-2.4474e+08
-2.44326e+08
-2.43638e+08
-2.42678e+08
-2.41448e+08
-2.39952e+08
-2.38195e+08
-2.36182e+08
-2.3392e+08
-2.31418e+08
-2.28683e+08
-2.25727e+08
-2.22562e+08
-2.192e+08
-2.15657e+08
-2.11948e+08
-2.08091e+08
-2.04105e+08
-2.00011e+08
-1.95829e+08
-1.91582e+08
-1.87293e+08
-1.82985e+08
-1.78682e+08
-1.74407e+08
-1.70182e+08
-1.66027e+08
-1.61965e+08
-1.58012e+08
-1.54184e+08
-1.50496e+08
-1.4696e+08
-1.43584e+08
-1.40377e+08
-1.37341e+08
-1.34481e+08
-1.31795e+08
-1.29284e+08
-1.26944e+08
-1.24771e+08
-1.22759e+08
-1.20902e+08
-1.19193e+08
-1.17624e+08
-1.16189e+08
-1.14879e+08
-1.13686e+08
-1.12602e+08
-1.1162e+08
-1.10733e+08
-1.09932e+08
-1.09211e+08
-1.08564e+08
-1.07985e+08
-1.07467e+08
-1.07005e+08
-1.06594e+08
-1.0623e+08
-1.05908e+08
-1.05624e+08
-1.05374e+08
-1.05156e+08
-1.04964e+08
-1.04798e+08
-1.04654e+08
-1.0453e+08
-1.04424e+08
-1.04333e+08
-1.04257e+08
-1.04192e+08
-1.04139e+08
-1.04095e+08
-1.0406e+08
-1.04031e+08
-1.04009e+08
-1.03992e+08
-1.0398e+08
-1.03972e+08
-1.03967e+08
-1.03966e+08
-2.30741e+08
-2.30607e+08
-2.30205e+08
-2.29537e+08
-2.28604e+08
-2.27408e+08
-2.25955e+08
-2.24247e+08
-2.22291e+08
-2.20092e+08
-2.17659e+08
-2.15e+08
-2.12124e+08
-2.09043e+08
-2.0577e+08
-2.02318e+08
-1.98703e+08
-1.94942e+08
-1.91052e+08
-1.87053e+08
-1.82966e+08
-1.78812e+08
-1.74613e+08
-1.70392e+08
-1.66172e+08
-1.61975e+08
-1.57824e+08
-1.53739e+08
-1.4974e+08
-1.45846e+08
-1.42072e+08
-1.38433e+08
-1.34941e+08
-1.31604e+08
-1.2843e+08
-1.25424e+08
-1.22588e+08
-1.19922e+08
-1.17426e+08
-1.15097e+08
-1.12931e+08
-1.10923e+08
-1.09066e+08
-1.07354e+08
-1.0578e+08
-1.04337e+08
-1.03016e+08
-1.01811e+08
-1.00713e+08
-9.97163e+07
-9.88124e+07
-9.79948e+07
-9.72567e+07
-9.6592e+07
-9.59945e+07
-9.54586e+07
-9.49791e+07
-9.4551e+07
-9.41697e+07
-9.38309e+07
-9.35306e+07
-9.32652e+07
-9.30314e+07
-9.2826e+07
-9.26462e+07
-9.24894e+07
-9.23533e+07
-9.22357e+07
-9.21347e+07
-9.20485e+07
-9.19754e+07
-9.1914e+07
-9.18631e+07
-9.18214e+07
-9.17878e+07
-9.17614e+07
-9.17413e+07
-9.17265e+07
-9.17165e+07
-9.17108e+07
-9.17089e+07
-2.16925e+08
-2.16795e+08
-2.16404e+08
-2.15753e+08
-2.14844e+08
-2.13679e+08
-2.12263e+08
-2.10598e+08
-2.08691e+08
-2.06546e+08
-2.04172e+08
-2.01576e+08
-1.98767e+08
-1.95756e+08
-1.92555e+08
-1.89176e+08
-1.85635e+08
-1.81947e+08
-1.7813e+08
-1.74203e+08
-1.70184e+08
-1.66096e+08
-1.61959e+08
-1.57797e+08
-1.53633e+08
-1.49488e+08
-1.45385e+08
-1.41345e+08
-1.37389e+08
-1.33535e+08
-1.29798e+08
-1.26194e+08
-1.22734e+08
-1.19428e+08
-1.16282e+08
-1.13302e+08
-1.10489e+08
-1.07845e+08
-1.05368e+08
-1.03055e+08
-1.00903e+08
-9.89051e+07
-9.70566e+07
-9.53504e+07
-9.37796e+07
-9.2337e+07
-9.10152e+07
-8.98067e+07
-8.87043e+07
-8.77008e+07
-8.67891e+07
-8.59626e+07
-8.52147e+07
-8.45394e+07
-8.39307e+07
-8.33833e+07
-8.2892e+07
-8.24518e+07
-8.20584e+07
-8.17076e+07
-8.13955e+07
-8.11185e+07
-8.08734e+07
-8.06571e+07
-8.04668e+07
-8.03e+07
-8.01544e+07
-8.00279e+07
-7.99185e+07
-7.98245e+07
-7.97444e+07
-7.96766e+07
-7.96201e+07
-7.95735e+07
-7.95359e+07
-7.95062e+07
-7.94836e+07
-7.94671e+07
-7.9456e+07
-7.94496e+07
-7.94475e+07
-2.03423e+08
-2.03295e+08
-2.02913e+08
-2.02277e+08
-2.0139e+08
-2.00252e+08
-1.98868e+08
-1.9724e+08
-1.95375e+08
-1.93276e+08
-1.90951e+08
-1.88407e+08
-1.85652e+08
-1.82697e+08
-1.79552e+08
-1.7623e+08
-1.72743e+08
-1.69108e+08
-1.65342e+08
-1.61461e+08
-1.57486e+08
-1.53437e+08
-1.49337e+08
-1.45206e+08
-1.4107e+08
-1.3695e+08
-1.3287e+08
-1.28852e+08
-1.24915e+08
-1.21081e+08
-1.17364e+08
-1.1378e+08
-1.10342e+08
-1.07058e+08
-1.03935e+08
-1.00977e+08
-9.81878e+07
-9.55667e+07
-9.31121e+07
-9.08208e+07
-8.86882e+07
-8.67089e+07
-8.48766e+07
-8.31846e+07
-8.16257e+07
-8.01928e+07
-7.88786e+07
-7.76758e+07
-7.65771e+07
-7.55755e+07
-7.46642e+07
-7.38365e+07
-7.30861e+07
-7.24072e+07
-7.1794e+07
-7.12411e+07
-7.07437e+07
-7.02969e+07
-6.98964e+07
-6.95382e+07
-6.92185e+07
-6.89339e+07
-6.86811e+07
-6.84572e+07
-6.82594e+07
-6.80854e+07
-6.79329e+07
-6.77997e+07
-6.7684e+07
-6.75842e+07
-6.74986e+07
-6.7426e+07
-6.73651e+07
-6.73149e+07
-6.72744e+07
-6.72426e+07
-6.72186e+07
-6.72013e+07
-6.71899e+07
-6.71835e+07
-6.71814e+07
-1.90226e+08
-1.90101e+08
-1.89727e+08
-1.89104e+08
-1.88235e+08
-1.87121e+08
-1.85764e+08
-1.84168e+08
-1.82338e+08
-1.80277e+08
-1.77993e+08
-1.75491e+08
-1.72779e+08
-1.69866e+08
-1.66763e+08
-1.6348e+08
-1.6003e+08
-1.56428e+08
-1.5269e+08
-1.48833e+08
-1.44877e+08
-1.40842e+08
-1.36749e+08
-1.32623e+08
-1.28487e+08
-1.24365e+08
-1.20281e+08
-1.16258e+08
-1.12319e+08
-1.08483e+08
-1.04769e+08
-1.01192e+08
-9.77633e+07
-9.44929e+07
-9.13873e+07
-8.84505e+07
-8.56842e+07
-8.30882e+07
-8.066e+07
-7.83957e+07
-7.629e+07
-7.43365e+07
-7.25287e+07
-7.08592e+07
-6.9321e+07
-6.79067e+07
-6.66089e+07
-6.54203e+07
-6.43338e+07
-6.33424e+07
-6.24393e+07
-6.1618e+07
-6.08724e+07
-6.01966e+07
-5.95852e+07
-5.90329e+07
-5.85349e+07
-5.80867e+07
-5.76841e+07
-5.7323e+07
-5.69998e+07
-5.67113e+07
-5.64543e+07
-5.6226e+07
-5.60238e+07
-5.58453e+07
-5.56882e+07
-5.55506e+07
-5.54307e+07
-5.53267e+07
-5.52374e+07
-5.51614e+07
-5.50975e+07
-5.50448e+07
-5.50025e+07
-5.49696e+07
-5.49454e+07
-5.49287e+07
-5.49181e+07
-5.49124e+07
-5.49106e+07
-1.77328e+08
-1.77205e+08
-1.76838e+08
-1.76227e+08
-1.75374e+08
-1.74279e+08
-1.72946e+08
-1.71378e+08
-1.69577e+08
-1.67548e+08
-1.65296e+08
-1.62826e+08
-1.60147e+08
-1.57265e+08
-1.54189e+08
-1.5093e+08
-1.475e+08
-1.43912e+08
-1.40182e+08
-1.36326e+08
-1.32363e+08
-1.28315e+08
-1.24203e+08
-1.20052e+08
-1.15886e+08
-1.11733e+08
-1.07617e+08
-1.03563e+08
-9.95966e+07
-9.57386e+07
-9.20087e+07
-8.84231e+07
-8.49938e+07
-8.17297e+07
-7.86367e+07
-7.57183e+07
-7.29757e+07
-7.04077e+07
-6.8011e+07
-6.57803e+07
-6.37091e+07
-6.17899e+07
-6.0015e+07
-5.83769e+07
-5.68681e+07
-5.54812e+07
-5.42085e+07
-5.30429e+07
-5.1977e+07
-5.10039e+07
-5.01167e+07
-4.93092e+07
-4.85752e+07
-4.79093e+07
-4.73058e+07
-4.67599e+07
-4.62669e+07
-4.58223e+07
-4.54221e+07
-4.50625e+07
-4.47398e+07
-4.44511e+07
-4.41933e+07
-4.39638e+07
-4.376e+07
-4.35796e+07
-4.34205e+07
-4.32806e+07
-4.31583e+07
-4.3052e+07
-4.29604e+07
-4.28824e+07
-4.28167e+07
-4.27625e+07
-4.2719e+07
-4.26861e+07
-4.26631e+07
-4.26487e+07
-4.26408e+07
-4.2637e+07
-4.26359e+07
-1.64723e+08
-1.64602e+08
-1.64242e+08
-1.63641e+08
-1.62801e+08
-1.61724e+08
-1.60411e+08
-1.58865e+08
-1.57089e+08
-1.55085e+08
-1.52859e+08
-1.50414e+08
-1.47758e+08
-1.44895e+08
-1.41835e+08
-1.38587e+08
-1.3516e+08
-1.31568e+08
-1.27825e+08
-1.23947e+08
-1.19954e+08
-1.15865e+08
-1.11704e+08
-1.07498e+08
-1.03272e+08
-9.90554e+07
-9.48769e+07
-9.07641e+07
-8.6743e+07
-8.28383e+07
-7.90728e+07
-7.54646e+07
-7.20251e+07
-6.87606e+07
-6.56757e+07
-6.27742e+07
-6.00569e+07
-5.75213e+07
-5.51624e+07
-5.29736e+07
-5.09469e+07
-4.9074e+07
-4.73461e+07
-4.57548e+07
-4.42914e+07
-4.29472e+07
-4.17143e+07
-4.0585e+07
-3.95521e+07
-3.86082e+07
-3.77466e+07
Process [1]
-3.69612e+07
-3.62462e+07
-3.55963e+07
-3.50061e+07
-3.4471e+07
-3.39867e+07
-3.35491e+07
-3.31541e+07
-3.27981e+07
-3.24778e+07
-3.21901e+07
-3.19328e+07
-3.17033e+07
-3.14988e+07
-3.13171e+07
-3.11564e+07
-3.10148e+07
-3.08904e+07
-3.07819e+07
-3.06883e+07
-3.06081e+07
-3.05409e+07
-3.04853e+07
-3.04399e+07
-3.04058e+07
-3.03847e+07
-3.03748e+07
-3.03713e+07
-3.03705e+07
-3.03704e+07
-1.52406e+08
-1.52288e+08
-1.51932e+08
-1.51341e+08
-1.50513e+08
-1.49451e+08
-1.48156e+08
-1.46629e+08
-1.44873e+08
-1.4289e+08
-1.40683e+08
-1.38257e+08
-1.35615e+08
-1.32764e+08
-1.29708e+08
-1.26457e+08
-1.2302e+08
-1.19407e+08
-1.15631e+08
-1.11709e+08
-1.07659e+08
-1.03502e+08
-9.92623e+07
-9.49676e+07
-9.0647e+07
-8.63319e+07
-8.20564e+07
-7.78536e+07
-7.37502e+07
-6.97705e+07
-6.59432e+07
-6.22978e+07
-5.88552e+07
-5.56237e+07
-5.2606e+07
-4.98004e+07
-4.71989e+07
-4.47903e+07
-4.25631e+07
-4.05059e+07
-3.86088e+07
-3.68635e+07
-3.52601e+07
-3.37873e+07
-3.24332e+07
-3.11875e+07
-3.00415e+07
-2.89876e+07
-2.80188e+07
-2.71285e+07
-2.63103e+07
-2.55592e+07
-2.48706e+07
-2.42399e+07
-2.36627e+07
-2.31351e+07
-2.26537e+07
-2.22153e+07
-2.18164e+07
-2.14538e+07
-2.11247e+07
-2.08268e+07
-2.05581e+07
-2.03164e+07
-2.00991e+07
-1.99042e+07
-1.97306e+07
-1.95761e+07
-1.94389e+07
-1.93183e+07
-1.9213e+07
-1.91216e+07
-1.90439e+07
-1.89796e+07
-1.89244e+07
-1.88805e+07
-1.88534e+07
-1.88397e+07
-1.88332e+07
-1.88304e+07
-1.88297e+07
-1.40373e+08
-1.40256e+08
-1.39906e+08
-1.39322e+08
-1.38506e+08
-1.37458e+08
-1.36178e+08
-1.34668e+08
-1.32929e+08
-1.30963e+08
-1.28772e+08
-1.26358e+08
-1.23725e+08
-1.20876e+08
-1.17817e+08
-1.14552e+08
-1.1109e+08
-1.07441e+08
-1.03614e+08
-9.96265e+07
-9.54944e+07
-9.12401e+07
-8.6888e+07
-8.24684e+07
-7.80163e+07
-7.3564e+07
-6.9147e+07
-6.48158e+07
-6.06278e+07
-5.66317e+07
-5.28682e+07
-4.93721e+07
-4.61713e+07
-4.32807e+07
-4.06868e+07
-3.83537e+07
-3.62428e+07
-3.43214e+07
-3.25623e+07
-3.09434e+07
-2.94468e+07
-2.8058e+07
-2.67653e+07
-2.55596e+07
-2.44333e+07
-2.33803e+07
-2.23953e+07
-2.14736e+07
-2.06114e+07
-1.98052e+07
-1.90521e+07
-1.83492e+07
-1.76936e+07
-1.70828e+07
-1.65147e+07
-1.5987e+07
-1.54973e+07
-1.50435e+07
-1.46238e+07
-1.42364e+07
-1.38794e+07
-1.3551e+07
-1.32493e+07
-1.29728e+07
-1.27202e+07
-1.249e+07
-1.22807e+07
-1.20912e+07
-1.19204e+07
-1.17672e+07
-1.16304e+07
-1.15093e+07
-1.14028e+07
-1.13101e+07
-1.12314e+07
-1.11654e+07
-1.11103e+07
-1.10665e+07
-1.10349e+07
-1.10158e+07
-1.10095e+07
-1.2862e+08
-1.28505e+08
-1.28159e+08
-1.27583e+08
-1.26777e+08
-1.25741e+08
-1.24475e+08
-1.2298e+08
-1.21257e+08
-1.19305e+08
-1.17126e+08
-1.14722e+08
-1.12093e+08
-1.09242e+08
-1.06171e+08
-1.02885e+08
-9.93876e+07
-9.56875e+07
-9.17934e+07
-8.77186e+07
-8.34792e+07
-7.90963e+07
-7.45984e+07
-7.00128e+07
-6.53808e+07
-6.077e+07
-5.62653e+07
-5.19787e+07
-4.80501e+07
-4.45886e+07
-4.161e+07
-3.90528e+07
-3.68373e+07
-3.48927e+07
-3.31616e+07
-3.15998e+07
-3.01736e+07
-2.88566e+07
-2.76285e+07
-2.64734e+07
-2.53785e+07
-2.4333e+07
-2.33303e+07
-2.2368e+07
-2.14458e+07
-2.05634e+07
-1.97203e+07
-1.89157e+07
-1.81488e+07
-1.74194e+07
-1.67274e+07
-1.60718e+07
-1.54514e+07
-1.48652e+07
-1.43127e+07
-1.37928e+07
-1.3304e+07
-1.28453e+07
-1.24158e+07
-1.20146e+07
-1.16407e+07
-1.12927e+07
-1.09691e+07
-1.06685e+07
-1.03908e+07
-1.01349e+07
-9.89925e+06
-9.68343e+06
-9.48699e+06
-9.30848e+06
-9.14703e+06
-9.00231e+06
-8.87287e+06
-8.75764e+06
-8.65945e+06
-8.57498e+06
-8.49741e+06
-8.42955e+06
-8.37771e+06
-8.34548e+06
-8.33456e+06
-1.17142e+08
-1.17029e+08
-1.16688e+08
-1.16119e+08
-1.15323e+08
-1.14299e+08
-1.13047e+08
-1.11566e+08
-1.09857e+08
-1.07919e+08
-1.05752e+08
-1.03355e+08
-1.00728e+08
-9.78705e+07
-9.47842e+07
-9.14697e+07
-8.79297e+07
-8.4168e+07
-8.01918e+07
-7.60101e+07
-7.1639e+07
-6.70966e+07
-6.24119e+07
-5.7649e+07
-5.29214e+07
-4.84521e+07
-4.45262e+07
-4.12932e+07
-3.87082e+07
-3.66434e+07
-3.49721e+07
-3.35805e+07
-3.23639e+07
-3.12365e+07
-3.01508e+07
-2.90917e+07
-2.80561e+07
-2.70432e+07
-2.60533e+07
-2.50869e+07
-2.41454e+07
-2.32301e+07
-2.23422e+07
-2.14823e+07
-2.06514e+07
-1.98502e+07
-1.90792e+07
-1.83389e+07
-1.76293e+07
-1.69509e+07
-1.63035e+07
-1.56871e+07
-1.51011e+07
-1.45452e+07
-1.40187e+07
-1.3521e+07
-1.30514e+07
-1.2609e+07
-1.21931e+07
-1.18031e+07
-1.1438e+07
-1.10968e+07
-1.07786e+07
-1.04824e+07
-1.02075e+07
-9.95321e+06
-9.71865e+06
-9.5031e+06
-9.30592e+06
-9.12636e+06
-8.96363e+06
-8.81706e+06
-8.68579e+06
-8.56986e+06
-8.46858e+06
-8.3803e+06
-8.30374e+06
-8.23949e+06
-8.1907e+06
-8.16032e+06
-8.15002e+06
-1.05937e+08
-1.05825e+08
-1.05488e+08
-1.04927e+08
-1.04141e+08
-1.0313e+08
-1.01892e+08
-1.00426e+08
-9.87321e+07
-9.6808e+07
-9.46522e+07
-9.22627e+07
-8.96375e+07
-8.67743e+07
-8.36711e+07
-8.03262e+07
-7.67382e+07
-7.29082e+07
-6.88377e+07
-6.4534e+07
-6.0006e+07
-5.52888e+07
-5.04852e+07
-4.58695e+07
-4.18825e+07
-3.88067e+07
-3.65982e+07
-3.505e+07
-3.39155e+07
-3.297e+07
-3.20793e+07
-3.11967e+07
-3.0313e+07
-2.94292e+07
-2.85449e+07
-2.76587e+07
-2.67724e+07
-2.58896e+07
-2.50144e+07
-2.41505e+07
-2.33017e+07
-2.24712e+07
-2.16615e+07
-2.08743e+07
-2.01109e+07
-1.93723e+07
-1.86593e+07
-1.79727e+07
-1.73128e+07
-1.66801e+07
-1.60746e+07
-1.54965e+07
-1.49456e+07
-1.44216e+07
-1.39241e+07
-1.34528e+07
-1.3007e+07
-1.25862e+07
-1.21898e+07
-1.18172e+07
-1.14676e+07
-1.11403e+07
-1.08345e+07
-1.05495e+07
-1.02846e+07
-1.0039e+07
-9.81227e+06
-9.60361e+06
-9.41241e+06
-9.23805e+06
-9.07994e+06
-8.9374e+06
-8.81008e+06
-8.69737e+06
-8.59868e+06
-8.51349e+06
-8.44164e+06
-8.38375e+06
-8.34088e+06
-8.31443e+06
-8.3055e+06
-9.49997e+07
-9.48892e+07
-9.45577e+07
-9.40047e+07
-9.32295e+07
-9.22311e+07
-9.10082e+07
-8.95592e+07
-8.78819e+07
-8.59739e+07
-8.38319e+07
-8.14528e+07
-7.8832e+07
-7.59655e+07
-7.28478e+07
-6.94738e+07
-6.58386e+07
-6.19371e+07
-5.77673e+07
-5.33306e+07
-4.86698e+07
-4.39824e+07
-3.9769e+07
-3.65791e+07
-3.45344e+07
-3.33432e+07
-3.25914e+07
-3.19669e+07
-3.13448e+07
-3.0703e+07
-3.00333e+07
-2.93288e+07
-2.85943e+07
-2.78403e+07
-2.70744e+07
-2.63008e+07
-2.55227e+07
-2.47435e+07
-2.39667e+07
-2.31962e+07
-2.24352e+07
-2.16869e+07
-2.09536e+07
-2.02376e+07
-1.95405e+07
-1.88635e+07
-1.82079e+07
-1.75744e+07
-1.69637e+07
-1.63765e+07
-1.58129e+07
-1.52734e+07
-1.47578e+07
-1.42661e+07
-1.37983e+07
-1.33539e+07
-1.29327e+07
-1.25342e+07
-1.21581e+07
-1.18037e+07
-1.14705e+07
-1.1158e+07
-1.08656e+07
-1.05925e+07
-1.03384e+07
-1.01025e+07
-9.88426e+06
-9.6832e+06
-9.49874e+06
-9.33037e+06
-9.17753e+06
-9.03982e+06
-8.9167e+06
-8.80784e+06
-8.71281e+06
-8.63142e+06
-8.56373e+06
-8.51002e+06
-8.47094e+06
-8.44712e+06
-8.43911e+06
-8.43267e+07
-8.4218e+07
-8.38919e+07
-8.33477e+07
-8.25845e+07
-8.1601e+07
-8.03953e+07
-7.89652e+07
-7.73077e+07
-7.54191e+07
-7.32955e+07
-7.09312e+07
-6.83209e+07
-6.54567e+07
-6.23311e+07
-5.89348e+07
-5.52578e+07
-5.12899e+07
-4.70263e+07
-4.25255e+07
-3.81074e+07
-3.44701e+07
-3.21637e+07
-3.10534e+07
-3.05743e+07
-3.02581e+07
-2.99248e+07
-2.95432e+07
-2.91033e+07
-2.86093e+07
-2.80724e+07
-2.74991e+07
-2.68942e+07
-2.62636e+07
-2.56133e+07
-2.49489e+07
-2.42745e+07
-2.35942e+07
-2.29115e+07
-2.22301e+07
-2.15533e+07
-2.0884e+07
-2.02249e+07
-1.95782e+07
-1.89458e+07
-1.83292e+07
-1.77298e+07
-1.71486e+07
-1.65866e+07
-1.60444e+07
-1.55225e+07
-1.50214e+07
-1.45413e+07
-1.40822e+07
-1.36443e+07
-1.32273e+07
-1.28312e+07
-1.24556e+07
-1.21002e+07
-1.17648e+07
-1.14488e+07
-1.11518e+07
-1.08734e+07
-1.06131e+07
-1.03703e+07
-1.01447e+07
-9.93573e+06
-9.74294e+06
-9.56586e+06
-9.40406e+06
-9.25715e+06
-9.12467e+06
-9.00634e+06
-8.90178e+06
-8.8108e+06
-8.73328e+06
-8.66925e+06
-8.61892e+06
-8.58259e+06
-8.56062e+06
-8.55326e+06
-7.39134e+07
-7.38068e+07
-7.34867e+07
-7.29525e+07
-7.22029e+07
-7.12364e+07
-7.00507e+07
-6.86428e+07
-6.70092e+07
-6.51455e+07
-6.30458e+07
-6.07043e+07
-5.8112e+07
-5.52605e+07
-5.21377e+07
-4.87312e+07
-4.50255e+07
-4.10106e+07
-3.67593e+07
-3.26974e+07
-2.96671e+07
-2.81509e+07
-2.77374e+07
-2.77124e+07
-2.76985e+07
-2.76164e+07
-2.74544e+07
-2.72177e+07
-2.69185e+07
-2.6563e+07
-2.61574e+07
-2.5709e+07
-2.52243e+07
-2.4709e+07
-2.41687e+07
-2.36087e+07
-2.30335e+07
-2.24476e+07
-2.18546e+07
-2.12584e+07
-2.06621e+07
-2.00688e+07
-1.94811e+07
-1.89015e+07
-1.8332e+07
-1.77742e+07
-1.72298e+07
-1.66999e+07
-1.61856e+07
-1.56878e+07
-1.52072e+07
-1.47442e+07
-1.42994e+07
-1.3873e+07
-1.34651e+07
-1.30757e+07
-1.2705e+07
-1.23526e+07
-1.20186e+07
-1.17025e+07
-1.14042e+07
-1.11234e+07
-1.08596e+07
-1.06125e+07
-1.03818e+07
-1.0167e+07
-9.96785e+06
-9.78387e+06
-9.6147e+06
-9.46002e+06
-9.31944e+06
-9.1927e+06
-9.07948e+06
-8.97958e+06
-8.89281e+06
-8.81911e+06
-8.7585e+06
-8.71108e+06
-8.67702e+06
-8.65649e+06
-8.64963e+06
-6.3755e+07
-6.36507e+07
-6.33375e+07
-6.28145e+07
-6.20806e+07
-6.11337e+07
-5.99713e+07
-5.85899e+07
-5.69857e+07
-5.51528e+07
-5.30856e+07
-5.07752e+07
-4.82133e+07
-4.53869e+07
-4.22831e+07
-3.88842e+07
-3.5177e+07
-3.12388e+07
-2.75545e+07
-2.50597e+07
-2.41662e+07
-2.42605e+07
-2.45839e+07
-2.48485e+07
-2.50151e+07
-2.50827e+07
-2.50646e+07
-2.4969e+07
-2.4803e+07
-2.45752e+07
-2.42929e+07
-2.39626e+07
-2.35909e+07
-2.3184e+07
-2.27473e+07
-2.22862e+07
-2.18053e+07
-2.13091e+07
-2.08016e+07
-2.02864e+07
-1.97671e+07
-1.92465e+07
-1.87275e+07
-1.82126e+07
-1.77038e+07
-1.72032e+07
-1.67122e+07
-1.62323e+07
-1.57648e+07
-1.53106e+07
-1.48705e+07
-1.44453e+07
-1.40355e+07
-1.36415e+07
-1.32636e+07
-1.29019e+07
-1.25567e+07
-1.22278e+07
-1.19153e+07
-1.1619e+07
-1.13388e+07
-1.10745e+07
-1.08258e+07
-1.05924e+07
-1.03742e+07
-1.01707e+07
-9.9818e+06
-9.80707e+06
-9.64625e+06
-9.49907e+06
-9.36525e+06
-9.24455e+06
-9.13676e+06
-9.0417e+06
-8.95925e+06
-8.88936e+06
-8.83201e+06
-8.78727e+06
-8.75521e+06
-8.73593e+06
-8.7295e+06
-5.3846e+07
-5.37442e+07
-5.34388e+07
-5.29287e+07
-5.22127e+07
-5.12884e+07
-5.01532e+07
-4.88035e+07
-4.72343e+07
-4.54405e+07
-4.34139e+07
-4.11473e+07
-3.8628e+07
-3.58444e+07
-3.27788e+07
-2.94166e+07
-2.58266e+07
-2.25035e+07
-2.04368e+07
-2.00144e+07
-2.05122e+07
-2.11571e+07
-2.17055e+07
-2.21314e+07
-2.24424e+07
-2.26526e+07
-2.27693e+07
-2.28026e+07
-2.27612e+07
-2.26529e+07
-2.24852e+07
-2.22653e+07
-2.19996e+07
-2.16943e+07
-2.1355e+07
-2.0987e+07
-2.05952e+07
-2.01839e+07
-1.97574e+07
-1.93194e+07
-1.88733e+07
-1.84222e+07
-1.79689e+07
-1.75161e+07
-1.70659e+07
-1.66203e+07
-1.61812e+07
-1.57499e+07
-1.53279e+07
-1.49163e+07
-1.4516e+07
-1.41279e+07
-1.37526e+07
-1.33907e+07
-1.30426e+07
-1.27085e+07
-1.23887e+07
-1.20834e+07
-1.17926e+07
-1.15162e+07
-1.12544e+07
-1.10068e+07
-1.07735e+07
-1.05543e+07
-1.03488e+07
-1.01571e+07
-9.97875e+06
-9.81363e+06
-9.6615e+06
-9.52215e+06
-9.39537e+06
-9.28099e+06
-9.17883e+06
-9.08877e+06
-9.01072e+06
-8.94462e+06
-8.89048e+06
-8.84829e+06
-8.81811e+06
-8.79997e+06
-8.79393e+06
Process [2]
-4.418e+07
-4.40812e+07
-4.37845e+07
-4.3289e+07
-4.25933e+07
-4.16951e+07
-4.05914e+07
-3.92784e+07
-3.77517e+07
-3.60043e+07
-3.40302e+07
-3.18181e+07
-2.93588e+07
-2.66359e+07
-2.36358e+07
-2.04103e+07
-1.74212e+07
-1.56807e+07
-1.56158e+07
-1.64687e+07
-1.74376e+07
-1.82821e+07
-1.89802e+07
-1.95464e+07
-1.99939e+07
-2.03322e+07
-2.05732e+07
-2.07257e+07
-2.07989e+07
-2.08011e+07
-2.07399e+07
-2.06224e+07
-2.04554e+07
-2.02449e+07
-1.99967e+07
-1.97161e+07
-1.9408e+07
-1.90768e+07
-1.87269e+07
-1.83618e+07
-1.79852e+07
-1.76002e+07
-1.72097e+07
-1.68163e+07
-1.64222e+07
-1.60297e+07
-1.56405e+07
-1.52563e+07
-1.48785e+07
-1.45083e+07
-1.41469e+07
-1.37951e+07
-1.34537e+07
-1.31234e+07
-1.28046e+07
-1.24979e+07
-1.22034e+07
-1.19216e+07
-1.16525e+07
-1.13962e+07
-1.11527e+07
-1.09222e+07
-1.07045e+07
-1.04995e+07
-1.03072e+07
-1.01273e+07
-9.95989e+06
-9.80464e+06
-9.66146e+06
-9.53019e+06
-9.41069e+06
-9.30281e+06
-9.20645e+06
-9.1215e+06
-9.04791e+06
-8.98563e+06
-8.93464e+06
-8.89495e+06
-8.86657e+06
-8.84954e+06
-8.84386e+06
-3.475e+07
-3.46545e+07
-3.43676e+07
-3.38885e+07
-3.32157e+07
-3.23469e+07
-3.12792e+07
-3.0009e+07
-2.85309e+07
-2.68402e+07
-2.49272e+07
-2.27855e+07
-2.0401e+07
-1.7762e+07
-1.49042e+07
-1.22303e+07
-1.07449e+07
-1.09589e+07
-1.21407e+07
-1.3443e+07
-1.45967e+07
-1.558e+07
-1.64116e+07
-1.71051e+07
-1.76732e+07
-1.81289e+07
-1.84821e+07
-1.87433e+07
-1.89214e+07
-1.90249e+07
-1.90615e+07
-1.90386e+07
-1.89628e+07
-1.88403e+07
-1.86769e+07
-1.84778e+07
-1.82481e+07
-1.79921e+07
-1.77141e+07
-1.74179e+07
-1.7107e+07
-1.67847e+07
-1.64538e+07
-1.6117e+07
-1.57766e+07
-1.54349e+07
-1.50938e+07
-1.47549e+07
-1.44198e+07
-1.40899e+07
-1.37662e+07
-1.34497e+07
-1.31415e+07
-1.28421e+07
-1.25523e+07
-1.22724e+07
-1.20031e+07
-1.17445e+07
-1.14969e+07
-1.12606e+07
-1.10357e+07
-1.08222e+07
-1.06202e+07
-1.04296e+07
-1.02505e+07
-1.00828e+07
-9.92641e+06
-9.78123e+06
-9.64718e+06
-9.52417e+06
-9.4121e+06
-9.31087e+06
-9.22042e+06
-9.14067e+06
-9.07159e+06
-9.01313e+06
-8.96529e+06
-8.92807e+06
-8.90147e+06
-8.8855e+06
-8.88018e+06
-2.55482e+07
-2.54563e+07
-2.51804e+07
-2.47194e+07
-2.4072e+07
-2.32362e+07
-2.22089e+07
-2.09867e+07
-1.95655e+07
-1.79378e+07
-1.60998e+07
-1.40392e+07
-1.17481e+07
-9.24997e+06
-6.8819e+06
-5.61707e+06
-6.0639e+06
-7.55851e+06
-9.20203e+06
-1.06761e+07
-1.19552e+07
-1.30604e+07
-1.40072e+07
-1.48117e+07
-1.54877e+07
-1.60469e+07
-1.6501e+07
-1.68597e+07
-1.71326e+07
-1.73282e+07
-1.74541e+07
-1.75178e+07
-1.75258e+07
-1.74845e+07
-1.73995e+07
-1.72761e+07
-1.71193e+07
-1.69335e+07
-1.67229e+07
-1.64913e+07
-1.62424e+07
-1.59792e+07
-1.57047e+07
-1.54217e+07
-1.51325e+07
-1.48394e+07
-1.45442e+07
-1.42489e+07
-1.3955e+07
-1.36638e+07
-1.33766e+07
-1.30945e+07
-1.28185e+07
-1.25494e+07
-1.22878e+07
-1.20344e+07
-1.17897e+07
-1.15541e+07
-1.1328e+07
-1.11115e+07
-1.09049e+07
-1.07084e+07
-1.05221e+07
-1.0346e+07
-1.01802e+07
-1.00247e+07
-9.87949e+06
-9.7445e+06
-9.6197e+06
-9.50507e+06
-9.40054e+06
-9.30606e+06
-9.22159e+06
-9.1471e+06
-9.08256e+06
-9.02794e+06
-8.98325e+06
-8.94848e+06
-8.92364e+06
-8.90873e+06
-8.90376e+06
-1.6566e+07
-1.64781e+07
-1.6214e+07
-1.5773e+07
-1.51536e+07
-1.43538e+07
-1.33713e+07
-1.22028e+07
-1.08432e+07
-9.29039e+06
-7.5335e+06
-5.56947e+06
-3.41335e+06
-1.34941e+06
-307282.
-972275.
-2.76834e+06
-4.75643e+06
-6.5581e+06
-8.13928e+06
-9.5229e+06
-1.07276e+07
-1.17722e+07
-1.26719e+07
-1.34404e+07
-1.40905e+07
-1.4633e+07
-1.50785e+07
-1.54361e+07
-1.57143e+07
-1.59209e+07
-1.60631e+07
-1.61477e+07
-1.61806e+07
-1.61677e+07
-1.61142e+07
-1.60249e+07
-1.59043e+07
-1.57565e+07
-1.55854e+07
-1.53945e+07
-1.5187e+07
-1.49658e+07
-1.47337e+07
-1.4493e+07
-1.4246e+07
-1.39948e+07
-1.37411e+07
-1.34866e+07
-1.32328e+07
-1.29809e+07
-1.2732e+07
-1.24873e+07
-1.22475e+07
-1.20136e+07
-1.1786e+07
-1.15655e+07
-1.13525e+07
-1.11473e+07
-1.09505e+07
-1.07621e+07
-1.05825e+07
-1.04118e+07
-1.02501e+07
-1.00976e+07
-9.95435e+06
-9.82031e+06
-9.69555e+06
-9.58007e+06
-9.47388e+06
-9.37695e+06
-9.28927e+06
-9.21084e+06
-9.14163e+06
-9.08165e+06
-9.03089e+06
-8.98934e+06
-8.95702e+06
-8.93393e+06
-8.92007e+06
-8.91545e+06
-7.79387e+06
-7.71023e+06
-7.45906e+06
-7.03954e+06
-6.45036e+06
-5.69007e+06
-4.75573e+06
-3.64508e+06
-2.35597e+06
-879792.
781304.
2.61859e+06
4.37398e+06
5.15727e+06
4.2526e+06
2.15955e+06
-166747.
-2.29457e+06
-4.17745e+06
-5.83889e+06
-7.30133e+06
-8.58594e+06
-9.70942e+06
-1.06877e+07
-1.15344e+07
-1.22617e+07
-1.28809e+07
-1.3402e+07
-1.38341e+07
-1.41856e+07
-1.44643e+07
-1.46772e+07
-1.48309e+07
-1.49314e+07
-1.49843e+07
-1.49948e+07
-1.49677e+07
-1.49074e+07
-1.48179e+07
-1.47031e+07
-1.45664e+07
-1.4411e+07
-1.42399e+07
-1.40557e+07
-1.38609e+07
-1.36577e+07
-1.34482e+07
-1.32342e+07
-1.30175e+07
-1.27994e+07
-1.25813e+07
-1.23645e+07
-1.215e+07
-1.19387e+07
-1.17315e+07
-1.15292e+07
-1.13322e+07
-1.11413e+07
-1.09568e+07
-1.07792e+07
-1.06088e+07
-1.04458e+07
-1.02906e+07
-1.01433e+07
-1.0004e+07
-9.87288e+06
-9.75002e+06
-9.63549e+06
-9.52934e+06
-9.43159e+06
-9.34228e+06
-9.26143e+06
-9.18904e+06
-9.12514e+06
-9.06972e+06
-9.02281e+06
-8.9844e+06
-8.95452e+06
-8.93316e+06
-8.92035e+06
-8.91607e+06
778498.
857523.
1.09487e+06
1.49121e+06
2.04792e+06
2.76689e+06
3.64871e+06
4.69702e+06
5.91573e+06
7.30026e+06
8.84401e+06
1.02733e+07
1.07245e+07
9.52136e+06
7.12797e+06
4.48209e+06
2.04316e+06
-129789.
-2.06005e+06
-3.77326e+06
-5.29209e+06
-6.63503e+06
-7.81952e+06
-8.86011e+06
-9.77023e+06
-1.05618e+07
-1.12456e+07
-1.18313e+07
-1.2328e+07
-1.27437e+07
-1.3086e+07
-1.33618e+07
-1.35774e+07
-1.37388e+07
-1.38514e+07
-1.39203e+07
-1.39501e+07
-1.39451e+07
-1.39094e+07
-1.38467e+07
-1.37604e+07
-1.36537e+07
-1.35294e+07
-1.33902e+07
-1.32386e+07
-1.30768e+07
-1.29068e+07
-1.27306e+07
-1.25498e+07
-1.23658e+07
-1.21802e+07
-1.19941e+07
-1.18087e+07
-1.16249e+07
-1.14437e+07
-1.12657e+07
-1.10917e+07
-1.09223e+07
-1.0758e+07
-1.05993e+07
-1.04465e+07
-1.02999e+07
-1.01599e+07
-1.00268e+07
-9.90056e+06
-9.78152e+06
-9.66976e+06
-9.5654e+06
-9.46853e+06
-9.37921e+06
-9.2975e+06
-9.22345e+06
-9.1571e+06
-9.09848e+06
-9.04762e+06
-9.00454e+06
-8.96926e+06
-8.9418e+06
-8.92218e+06
-8.9104e+06
-8.90647e+06
9.16228e+06
9.23625e+06
9.45861e+06
9.83055e+06
1.03528e+07
1.10269e+07
1.18565e+07
1.28391e+07
1.39766e+07
1.52447e+07
1.62971e+07
1.63007e+07
1.47098e+07
1.20079e+07
9.07691e+06
6.36155e+06
3.92585e+06
1.74776e+06
-199574.
-1.93928e+06
-3.49102e+06
-4.87302e+06
-6.10053e+06
-7.18781e+06
-8.14726e+06
-8.99022e+06
-9.72698e+06
-1.03668e+07
-1.09183e+07
-1.13893e+07
-1.1787e+07
-1.21181e+07
-1.23886e+07
-1.26044e+07
-1.27706e+07
-1.28922e+07
-1.29738e+07
-1.30194e+07
-1.30331e+07
-1.30185e+07
-1.29788e+07
-1.29172e+07
-1.28365e+07
-1.27395e+07
-1.26284e+07
-1.25055e+07
-1.23729e+07
-1.22323e+07
-1.20856e+07
-1.19342e+07
-1.17796e+07
-1.16229e+07
-1.14654e+07
-1.13081e+07
-1.11518e+07
-1.09975e+07
-1.08457e+07
-1.06972e+07
-1.05525e+07
-1.04122e+07
-1.02766e+07
-1.01461e+07
-1.00211e+07
-9.90185e+06
-9.78855e+06
-9.68142e+06
-9.58064e+06
-9.48635e+06
-9.39867e+06
-9.31771e+06
-9.24355e+06
-9.17626e+06
-9.11591e+06
-9.06255e+06
-9.01621e+06
-8.97694e+06
-8.94476e+06
-8.91971e+06
-8.90181e+06
-8.89106e+06
-8.88747e+06
1.73696e+07
1.74381e+07
1.7644e+07
1.79886e+07
1.84757e+07
1.91054e+07
1.98762e+07
2.07943e+07
2.17563e+07
2.23059e+07
2.17062e+07
1.96382e+07
1.66359e+07
1.34782e+07
1.05447e+07
7.89314e+06
5.50374e+06
3.35128e+06
1.41384e+06
-328060.
-1.89234e+06
-3.29438e+06
-4.54862e+06
-5.6676e+06
-6.66297e+06
-7.54517e+06
-8.32379e+06
-9.00759e+06
-9.60461e+06
-1.01223e+07
-1.05674e+07
-1.09464e+07
-1.12651e+07
-1.15289e+07
-1.1743e+07
-1.19119e+07
-1.20402e+07
-1.21318e+07
-1.21906e+07
-1.22199e+07
-1.22232e+07
-1.22034e+07
-1.21632e+07
-1.21054e+07
-1.20322e+07
-1.19458e+07
-1.18483e+07
-1.17414e+07
-1.1627e+07
-1.15065e+07
-1.13813e+07
-1.12527e+07
-1.11219e+07
-1.09899e+07
-1.08577e+07
-1.0726e+07
-1.05957e+07
-1.04675e+07
-1.03419e+07
-1.02194e+07
-1.01006e+07
-9.9858e+06
-9.87543e+06
-9.76978e+06
-9.66913e+06
-9.57372e+06
-9.48374e+06
-9.39937e+06
-9.32077e+06
-9.24807e+06
-9.18137e+06
-9.12077e+06
-9.06636e+06
-9.01819e+06
-8.97634e+06
-8.94084e+06
-8.91174e+06
-8.88908e+06
-8.87287e+06
-8.86313e+06
-8.85989e+06
2.54128e+07
2.54761e+07
2.56652e+07
2.598e+07
2.64274e+07
2.70138e+07
2.76775e+07
2.81626e+07
2.79831e+07
2.66305e+07
2.40553e+07
2.08148e+07
1.7525e+07
1.44591e+07
1.16604e+07
9.11374e+06
6.79939e+06
4.6989e+06
2.79495e+06
1.07136e+06
-486385.
-1.892e+06
-3.15762e+06
-4.2947e+06
-5.31348e+06
-6.22354e+06
-7.03361e+06
-7.75176e+06
-8.38547e+06
-8.94165e+06
-9.42672e+06
-9.84663e+06
-1.02069e+07
-1.05128e+07
-1.07691e+07
-1.09801e+07
-1.11503e+07
-1.12833e+07
-1.1383e+07
-1.14525e+07
-1.14951e+07
-1.15137e+07
-1.1511e+07
-1.14895e+07
-1.14516e+07
-1.13993e+07
-1.13347e+07
-1.12595e+07
-1.11755e+07
-1.10842e+07
-1.09869e+07
-1.0885e+07
-1.07797e+07
-1.06719e+07
-1.05627e+07
-1.04529e+07
-1.03433e+07
-1.02345e+07
-1.01273e+07
-1.00222e+07
-9.91968e+06
-9.82016e+06
-9.72406e+06
-9.63171e+06
-9.54343e+06
-9.45949e+06
-9.3801e+06
-9.30548e+06
-9.23581e+06
-9.17123e+06
-9.11188e+06
-9.05788e+06
-9.00932e+06
-8.96629e+06
-8.92885e+06
-8.89708e+06
-8.87102e+06
-8.85071e+06
-8.83617e+06
-8.82745e+06
-8.82454e+06
3.32926e+07
3.33464e+07
3.35075e+07
3.37626e+07
3.40392e+07
3.41604e+07
3.38475e+07
3.27549e+07
3.06403e+07
2.767e+07
2.43404e+07
2.10516e+07
1.79641e+07
1.51075e+07
1.24751e+07
1.00567e+07
7.83996e+06
5.81229e+06
3.96085e+06
2.2734e+06
738010.
-656264.
-1.91997e+06
-3.06272e+06
-4.09364e+06
-5.02111e+06
-5.85301e+06
-6.59662e+06
-7.25878e+06
-7.84582e+06
-8.36369e+06
-8.81792e+06
-9.2137e+06
-9.55587e+06
-9.84895e+06
-1.00972e+07
-1.03045e+07
-1.04747e+07
-1.06112e+07
-1.07171e+07
-1.07956e+07
-1.08494e+07
-1.08812e+07
-1.08933e+07
-1.0888e+07
-1.08675e+07
-1.08336e+07
-1.07881e+07
-1.07327e+07
-1.06689e+07
-1.05981e+07
-1.05215e+07
-1.04403e+07
-1.03556e+07
-1.02684e+07
-1.01795e+07
-1.00897e+07
-9.99976e+06
-9.91031e+06
-9.82192e+06
-9.73513e+06
-9.65041e+06
-9.56816e+06
-9.48876e+06
-9.41253e+06
-9.33978e+06
-9.27074e+06
-9.20566e+06
-9.14473e+06
-9.08812e+06
-9.03599e+06
-8.98846e+06
-8.94566e+06
-8.90767e+06
-8.87459e+06
-8.84648e+06
-8.82341e+06
-8.80541e+06
-8.79253e+06
-8.7848e+06
-8.78221e+06
4.00778e+07
4.0039e+07
3.98997e+07
3.95837e+07
3.89463e+07
3.77779e+07
3.58899e+07
3.32918e+07
3.0242e+07
2.70502e+07
Process [3]
2.39166e+07
2.09313e+07
1.81188e+07
1.54854e+07
1.30329e+07
1.07578e+07
8.65441e+06
6.71496e+06
4.93105e+06
3.29373e+06
1.79418e+06
423549.
-826528.
-1.96422e+06
-2.99717e+06
-3.93272e+06
-4.77771e+06
-5.53867e+06
-6.22168e+06
-6.83251e+06
-7.37657e+06
-7.85894e+06
-8.28441e+06
-8.65746e+06
-8.98233e+06
-9.26299e+06
-9.50315e+06
-9.7063e+06
-9.87574e+06
-1.00145e+07
-1.01255e+07
-1.02114e+07
-1.02747e+07
-1.03177e+07
-1.03427e+07
-1.03516e+07
-1.03462e+07
-1.03285e+07
-1.02999e+07
-1.02619e+07
-1.0216e+07
-1.01633e+07
-1.01051e+07
-1.00423e+07
-9.97605e+06
-9.90709e+06
-9.83628e+06
-9.76435e+06
-9.69195e+06
-9.61968e+06
-9.54809e+06
-9.47766e+06
-9.40882e+06
-9.34197e+06
-9.27746e+06
-9.21559e+06
-9.15664e+06
-9.10086e+06
-9.04847e+06
-8.99965e+06
-8.95458e+06
-8.91339e+06
-8.87622e+06
-8.84318e+06
-8.81437e+06
-8.78986e+06
-8.76971e+06
-8.75399e+06
-8.74273e+06
-8.73597e+06
-8.73371e+06
4.24641e+07
4.22744e+07
4.16787e+07
4.06111e+07
3.90195e+07
3.69273e+07
3.44393e+07
3.17014e+07
2.88603e+07
2.60288e+07
2.3265e+07
2.0599e+07
1.80543e+07
1.56444e+07
1.33764e+07
1.12526e+07
9.27207e+06
7.43138e+06
5.72574e+06
4.14944e+06
2.69617e+06
1.35944e+06
132635.
-990725.
-2.01702e+06
-2.95239e+06
-3.80274e+06
-4.57373e+06
-5.27074e+06
-5.89889e+06
-6.46306e+06
-6.96786e+06
-7.41764e+06
-7.81654e+06
-8.16846e+06
-8.47708e+06
-8.74587e+06
-8.97811e+06
-9.17686e+06
-9.34503e+06
-9.48533e+06
-9.60031e+06
-9.69235e+06
-9.7637e+06
-9.81644e+06
-9.85251e+06
-9.87372e+06
-9.88176e+06
-9.87819e+06
-9.86446e+06
-9.84191e+06
-9.81178e+06
-9.7752e+06
-9.73323e+06
-9.68682e+06
-9.63687e+06
-9.58416e+06
-9.52944e+06
-9.47339e+06
-9.4166e+06
-9.35963e+06
-9.30297e+06
-9.24708e+06
-9.19237e+06
-9.1392e+06
-9.08789e+06
-9.03873e+06
-8.992e+06
-8.94791e+06
-8.90669e+06
-8.86849e+06
-8.8335e+06
-8.80184e+06
-8.77363e+06
-8.74899e+06
-8.72799e+06
-8.71072e+06
-8.69722e+06
-8.68755e+06
-8.68174e+06
-8.6798e+06
4.01116e+07
3.98671e+07
3.91368e+07
3.79372e+07
3.6313e+07
3.43459e+07
3.21407e+07
2.97922e+07
2.73668e+07
2.49164e+07
2.24878e+07
2.01159e+07
1.78244e+07
1.56306e+07
1.35453e+07
1.15747e+07
9.72142e+06
7.98558e+06
6.36538e+06
4.85774e+06
3.45873e+06
2.16381e+06
968163.
-133258.
-1.1455e+06
-2.07362e+06
-2.92256e+06
-3.69713e+06
-4.402e+06
-5.04167e+06
-5.62044e+06
-6.14244e+06
-6.61161e+06
-7.0317e+06
-7.40627e+06
-7.7387e+06
-8.03222e+06
-8.28984e+06
-8.51446e+06
-8.70877e+06
-8.87533e+06
-9.01655e+06
-9.13468e+06
-9.23186e+06
-9.31006e+06
-9.37115e+06
-9.41688e+06
-9.44885e+06
-9.46858e+06
-9.47748e+06
-9.47684e+06
-9.46789e+06
-9.45172e+06
-9.42938e+06
-9.4018e+06
-9.36988e+06
-9.3344e+06
-9.29611e+06
-9.25567e+06
-9.2137e+06
-9.17075e+06
-9.12734e+06
-9.08392e+06
-9.04091e+06
-8.99868e+06
-8.95758e+06
-8.91791e+06
-8.87995e+06
-8.84393e+06
-8.81007e+06
-8.77857e+06
-8.7496e+06
-8.7233e+06
-8.69981e+06
-8.67924e+06
-8.66167e+06
-8.6472e+06
-8.63587e+06
-8.62775e+06
-8.62286e+06
-8.62123e+06
3.65708e+07
3.63594e+07
3.57361e+07
3.47328e+07
3.33963e+07
3.17824e+07
2.99526e+07
2.79703e+07
2.58933e+07
2.37695e+07
2.1638e+07
1.95312e+07
1.74738e+07
1.5484e+07
1.35747e+07
1.17547e+07
1.00291e+07
8.4006e+06
6.86978e+06
5.43574e+06
4.09651e+06
2.84933e+06
1.6909e+06
617548.
-374592.
-1.28951e+06
-2.13125e+06
-2.90382e+06
-3.61117e+06
-4.25719e+06
-4.84562e+06
-5.38012e+06
-5.86419e+06
-6.3012e+06
-6.69437e+06
-7.04678e+06
-7.36139e+06
-7.64098e+06
-7.88822e+06
-8.10561e+06
-8.29556e+06
-8.46032e+06
-8.60201e+06
-8.72263e+06
-8.82408e+06
-8.90812e+06
-8.97641e+06
-9.03051e+06
-9.07187e+06
-9.10184e+06
-9.12168e+06
-9.13256e+06
-9.13557e+06
-9.13172e+06
-9.12195e+06
-9.1071e+06
-9.08798e+06
-9.0653e+06
-9.03975e+06
-9.01193e+06
-8.9824e+06
-8.95168e+06
-8.92023e+06
-8.88848e+06
-8.8568e+06
-8.82555e+06
-8.79504e+06
-8.76555e+06
-8.73734e+06
-8.71063e+06
-8.68562e+06
-8.66249e+06
-8.6414e+06
-8.62249e+06
-8.60587e+06
-8.59164e+06
-8.57989e+06
-8.57068e+06
-8.56407e+06
-8.56008e+06
-8.55875e+06
3.34232e+07
3.32514e+07
3.27437e+07
3.19216e+07
3.08185e+07
2.94758e+07
2.79394e+07
2.62564e+07
2.44718e+07
2.2626e+07
2.07536e+07
1.88834e+07
1.70389e+07
1.52382e+07
1.34952e+07
1.182e+07
1.02194e+07
8.69781e+06
7.25768e+06
5.89981e+06
4.62383e+06
3.42844e+06
2.31169e+06
1.27111e+06
303911.
-592954.
-1.42266e+06
-2.18847e+06
-2.89366e+06
-3.54152e+06
-4.13526e+06
-4.67805e+06
-5.17299e+06
-5.62305e+06
-6.03113e+06
-6.40001e+06
-6.73237e+06
-7.03074e+06
-7.29758e+06
-7.53522e+06
-7.74586e+06
-7.93161e+06
-8.09445e+06
-8.23627e+06
-8.35885e+06
-8.46386e+06
-8.55287e+06
-8.62736e+06
-8.68872e+06
-8.73825e+06
-8.77717e+06
-8.80659e+06
-8.82759e+06
-8.84112e+06
-8.84811e+06
-8.8494e+06
-8.84576e+06
-8.83791e+06
-8.82651e+06
-8.81217e+06
-8.79546e+06
-8.77687e+06
-8.75689e+06
-8.73593e+06
-8.71439e+06
-8.69261e+06
-8.67092e+06
-8.64961e+06
-8.62893e+06
-8.60913e+06
-8.5904e+06
-8.57293e+06
-8.55689e+06
-8.54242e+06
-8.52963e+06
-8.51864e+06
-8.50953e+06
-8.50238e+06
-8.49723e+06
-8.49412e+06
-8.49309e+06
3.06966e+07
3.05549e+07
3.01348e+07
2.94521e+07
2.85309e+07
2.74018e+07
2.60996e+07
2.46604e+07
2.31197e+07
2.15107e+07
1.98628e+07
1.82017e+07
1.65486e+07
1.4921e+07
1.33327e+07
1.17943e+07
1.03138e+07
8.89657e+06
7.54638e+06
6.26532e+06
5.05428e+06
3.91316e+06
2.84112e+06
1.83674e+06
898162.
23203.6
-790542.
-1.54563e+06
-2.24473e+06
-2.89054e+06
-3.48579e+06
-4.03319e+06
-4.5354e+06
-4.99507e+06
-5.41473e+06
-5.79688e+06
-6.14392e+06
-6.45816e+06
-6.74182e+06
-6.99705e+06
-7.22587e+06
-7.43023e+06
-7.61198e+06
-7.77288e+06
-7.91458e+06
-8.03867e+06
-8.14663e+06
-8.23986e+06
-8.31968e+06
-8.38733e+06
-8.44396e+06
-8.49067e+06
-8.52847e+06
-8.55831e+06
-8.58106e+06
-8.59755e+06
-8.60854e+06
-8.61472e+06
-8.61675e+06
-8.61523e+06
-8.61072e+06
-8.60371e+06
-8.59468e+06
-8.58406e+06
-8.57223e+06
-8.55955e+06
-8.54634e+06
-8.53289e+06
-8.51947e+06
-8.50633e+06
-8.49365e+06
-8.48165e+06
-8.47049e+06
-8.46031e+06
-8.45123e+06
-8.44338e+06
-8.43683e+06
-8.43166e+06
-8.42793e+06
-8.42568e+06
-8.42492e+06
2.83166e+07
2.8198e+07
2.78461e+07
2.72723e+07
2.64946e+07
2.55361e+07
2.44232e+07
2.31841e+07
2.18471e+07
2.04392e+07
1.89853e+07
1.75077e+07
1.60254e+07
1.45546e+07
1.31086e+07
1.16981e+07
1.03312e+07
9.01417e+06
7.75158e+06
6.54644e+06
5.40058e+06
4.31485e+06
3.28932e+06
2.32344e+06
1.41615e+06
566023.
-228659.
-969827.
-1.65957e+06
-2.30006e+06
-2.89356e+06
-3.44234e+06
-3.94869e+06
-4.41489e+06
-4.84316e+06
-5.2357e+06
-5.59465e+06
-5.92209e+06
-6.22003e+06
-6.49041e+06
-6.73509e+06
-6.95585e+06
-7.15441e+06
-7.33238e+06
-7.49133e+06
-7.63273e+06
-7.75796e+06
-7.86835e+06
-7.96515e+06
-8.04952e+06
-8.12259e+06
-8.18537e+06
-8.23885e+06
-8.28393e+06
-8.32147e+06
-8.35226e+06
-8.37703e+06
-8.39647e+06
-8.41121e+06
-8.42185e+06
-8.42893e+06
-8.43295e+06
-8.43437e+06
-8.43361e+06
-8.43107e+06
-8.42709e+06
-8.42201e+06
-8.41612e+06
-8.40968e+06
-8.40293e+06
-8.3961e+06
-8.38936e+06
-8.3829e+06
-8.37686e+06
-8.37137e+06
-8.36654e+06
-8.36247e+06
-8.35922e+06
-8.35686e+06
-8.35543e+06
-8.35495e+06
2.62256e+07
2.61253e+07
2.58271e+07
2.53399e+07
2.4677e+07
2.38561e+07
2.28977e+07
2.1824e+07
2.06576e+07
1.94208e+07
1.81343e+07
1.68172e+07
1.54866e+07
1.41569e+07
1.28407e+07
1.15482e+07
1.02877e+07
9.06573e+06
7.88728e+06
6.75601e+06
5.67442e+06
4.64411e+06
3.66585e+06
2.73979e+06
1.86556e+06
1.04237e+06
269100.
-455619.
-1.13336e+06
-1.76582e+06
-2.35483e+06
-2.90225e+06
-3.41002e+06
-3.88005e+06
-4.3143e+06
-4.71466e+06
-5.08304e+06
-5.42128e+06
-5.73117e+06
-6.01447e+06
-6.27286e+06
-6.50799e+06
-6.7214e+06
-6.91461e+06
-7.08904e+06
-7.24607e+06
-7.387e+06
-7.51306e+06
-7.62543e+06
-7.72522e+06
-7.81346e+06
-7.89116e+06
-7.95923e+06
-8.01855e+06
-8.06992e+06
-8.11412e+06
-8.15186e+06
-8.1838e+06
-8.21056e+06
-8.2327e+06
-8.25078e+06
-8.26527e+06
-8.27663e+06
-8.28528e+06
-8.2916e+06
-8.29595e+06
-8.29865e+06
-8.29999e+06
-8.30024e+06
-8.29964e+06
-8.2984e+06
-8.29673e+06
-8.29479e+06
-8.29274e+06
-8.2907e+06
-8.28879e+06
-8.2871e+06
-8.28571e+06
-8.28467e+06
-8.28403e+06
-8.28382e+06
2.43787e+07
2.42929e+07
2.40379e+07
2.36202e+07
2.30502e+07
2.23416e+07
2.15105e+07
2.05744e+07
1.95517e+07
1.84605e+07
1.73184e+07
1.61416e+07
1.4945e+07
1.37417e+07
1.25431e+07
1.13589e+07
1.01971e+07
9.06435e+06
7.9658e+06
6.9055e+06
5.88643e+06
4.91067e+06
3.97958e+06
3.09386e+06
2.25369e+06
1.45882e+06
708649.
2284.15
-661380.
-1.28363e+06
-1.86587e+06
-2.40963e+06
-2.91647e+06
-3.38803e+06
-3.82595e+06
-4.23188e+06
-4.60746e+06
-4.95433e+06
-5.27409e+06
-5.56828e+06
-5.83845e+06
-6.08605e+06
-6.31253e+06
-6.51925e+06
-6.70753e+06
-6.87863e+06
-7.03378e+06
-7.17411e+06
-7.30073e+06
-7.41467e+06
-7.51693e+06
-7.60843e+06
-7.69005e+06
-7.76262e+06
-7.82693e+06
-7.88369e+06
-7.9336e+06
-7.9773e+06
-8.01539e+06
-8.04841e+06
-8.07689e+06
-8.10131e+06
-8.12211e+06
-8.13971e+06
-8.15447e+06
-8.16676e+06
-8.17689e+06
-8.18514e+06
-8.19179e+06
-8.19708e+06
-8.20122e+06
-8.20441e+06
-8.20681e+06
-8.20859e+06
-8.20986e+06
-8.21076e+06
-8.21136e+06
-8.21175e+06
-8.21199e+06
-8.21212e+06
-8.21216e+06
2.274e+07
2.2666e+07
2.2446e+07
2.20849e+07
2.1591e+07
2.09748e+07
2.02493e+07
1.94284e+07
1.85271e+07
1.75604e+07
1.65429e+07
1.54885e+07
1.44103e+07
1.33197e+07
1.22272e+07
1.11417e+07
1.00709e+07
9.02125e+06
7.9979e+06
7.00509e+06
6.0461e+06
5.12339e+06
4.23869e+06
3.39316e+06
2.5874e+06
1.82162e+06
1.09564e+06
408987.
-239041.
-849353.
-1.42301e+06
-1.96119e+06
-2.46516e+06
-2.93626e+06
-3.37587e+06
-3.78538e+06
-4.16623e+06
-4.51982e+06
-4.84755e+06
-5.15082e+06
-5.43099e+06
-5.68937e+06
-5.92726e+06
-6.14591e+06
-6.34652e+06
-6.53026e+06
-6.69825e+06
-6.85154e+06
-6.99116e+06
-7.11808e+06
-7.23323e+06
-7.33748e+06
-7.43166e+06
-7.51656e+06
-7.59292e+06
-7.66143e+06
-7.72276e+06
-7.7775e+06
-7.82624e+06
-7.86952e+06
-7.90784e+06
-7.94166e+06
-7.97141e+06
-7.9975e+06
-8.0203e+06
-8.04014e+06
-8.05735e+06
-8.0722e+06
-8.08497e+06
-8.09589e+06
-8.10517e+06
-8.113e+06
-8.11957e+06
-8.12502e+06
-8.12948e+06
-8.13307e+06
-8.13587e+06
-8.13798e+06
-8.13944e+06
-8.1403e+06
-8.14058e+06
Process [4]
2.12804e+07
2.12162e+07
2.10248e+07
2.07104e+07
2.02792e+07
1.97399e+07
1.91026e+07
1.83787e+07
1.75805e+07
1.67204e+07
1.58107e+07
1.48633e+07
1.38893e+07
1.28992e+07
1.1902e+07
1.09062e+07
9.91878e+06
8.94595e+06
7.99284e+06
7.06369e+06
6.16192e+06
5.29022e+06
4.45062e+06
3.64457e+06
2.87305e+06
2.1366e+06
1.43541e+06
769356.
138073.
-459014.
-1.02265e+06
-1.55372e+06
-2.05321e+06
-2.52219e+06
-2.96179e+06
-3.37319e+06
-3.7576e+06
-4.11622e+06
-4.45028e+06
-4.76099e+06
-5.04956e+06
-5.31717e+06
-5.56498e+06
-5.79412e+06
-6.00568e+06
-6.20072e+06
-6.38026e+06
-6.54529e+06
-6.69675e+06
-6.83555e+06
-6.96254e+06
-7.07855e+06
-7.18435e+06
-7.2807e+06
-7.36828e+06
-7.44775e+06
-7.51975e+06
-7.58485e+06
-7.64362e+06
-7.69655e+06
-7.74415e+06
-7.78685e+06
-7.82507e+06
-7.85922e+06
-7.88963e+06
-7.91666e+06
-7.9406e+06
-7.96175e+06
-7.98034e+06
-7.99663e+06
-8.01082e+06
-8.02311e+06
-8.03366e+06
-8.04262e+06
-8.05013e+06
-8.05629e+06
-8.06121e+06
-8.06496e+06
-8.06759e+06
-8.06915e+06
-8.06967e+06
1.99765e+07
1.99203e+07
1.97526e+07
1.94768e+07
1.9098e+07
1.86229e+07
1.80599e+07
1.74182e+07
1.6708e+07
1.59395e+07
1.51232e+07
1.42692e+07
1.33872e+07
1.24862e+07
1.15746e+07
1.06599e+07
9.74854e+06
8.84646e+06
7.95857e+06
7.08904e+06
6.24134e+06
5.41828e+06
4.62207e+06
3.85441e+06
3.11651e+06
2.40921e+06
1.73298e+06
1.08799e+06
474166.
-108783.
-661329.
-1.18409e+06
-1.6778e+06
-2.14329e+06
-2.58148e+06
-2.99332e+06
-3.37981e+06
-3.742e+06
-4.08092e+06
-4.39764e+06
-4.6932e+06
-4.96865e+06
-5.22503e+06
-5.46334e+06
-5.68457e+06
-5.88968e+06
-6.07961e+06
-6.25525e+06
-6.41747e+06
-6.56711e+06
-6.70496e+06
-6.8318e+06
-6.94834e+06
-7.05529e+06
-7.1533e+06
-7.24299e+06
-7.32497e+06
-7.39977e+06
-7.46794e+06
-7.52996e+06
-7.58629e+06
-7.63737e+06
-7.68361e+06
-7.72537e+06
-7.76301e+06
-7.79685e+06
-7.8272e+06
-7.85432e+06
-7.87847e+06
-7.89988e+06
-7.91875e+06
-7.93528e+06
-7.94963e+06
-7.96195e+06
-7.97237e+06
-7.981e+06
-7.98794e+06
-7.99326e+06
-7.99701e+06
-7.99925e+06
-7.99999e+06
1.88085e+07
1.8759e+07
1.86112e+07
1.83677e+07
1.80328e+07
1.76118e+07
1.71117e+07
1.654e+07
1.59051e+07
1.52156e+07
1.44804e+07
1.37081e+07
1.29071e+07
1.20854e+07
1.12504e+07
1.04088e+07
9.56671e+06
8.72948e+06
7.90184e+06
7.08784e+06
6.2909e+06
5.51387e+06
4.75907e+06
4.02836e+06
3.32314e+06
2.64445e+06
1.993e+06
1.36919e+06
773204.
204977.
-335721.
-849275.
-1.3362e+06
-1.79711e+06
-2.23271e+06
-2.64378e+06
-3.03112e+06
-3.39561e+06
-3.73813e+06
-4.05959e+06
-4.36089e+06
-4.64295e+06
-4.90668e+06
-5.15298e+06
-5.38273e+06
-5.5968e+06
-5.79603e+06
-5.98124e+06
-6.15322e+06
-6.31275e+06
-6.46055e+06
-6.59734e+06
-6.72379e+06
-6.84055e+06
-6.94825e+06
-7.04746e+06
-7.13874e+06
-7.22262e+06
-7.2996e+06
-7.37014e+06
-7.4347e+06
-7.49368e+06
-7.54747e+06
-7.59644e+06
-7.64091e+06
-7.68122e+06
-7.71763e+06
-7.75043e+06
-7.77986e+06
-7.80614e+06
-7.82947e+06
-7.85004e+06
-7.86802e+06
-7.88354e+06
-7.89674e+06
-7.90773e+06
-7.9166e+06
-7.92341e+06
-7.92824e+06
-7.93112e+06
-7.93208e+06
1.77604e+07
1.77164e+07
1.75853e+07
1.73691e+07
1.70712e+07
1.66962e+07
1.62496e+07
1.57377e+07
1.51675e+07
1.45464e+07
1.38817e+07
1.3181e+07
1.24515e+07
1.17002e+07
1.09337e+07
1.01579e+07
9.37858e+06
8.6006e+06
7.82839e+06
7.06584e+06
6.31628e+06
5.58254e+06
4.86698e+06
4.17156e+06
3.4978e+06
2.84692e+06
2.21977e+06
1.61698e+06
1.03891e+06
485700.
-42670.8
-546390.
-1.02577e+06
-1.48125e+06
-1.91334e+06
-2.32264e+06
-2.7098e+06
-3.07553e+06
-3.42055e+06
-3.74565e+06
-4.05159e+06
-4.33916e+06
-4.60917e+06
-4.8624e+06
-5.09964e+06
-5.32165e+06
-5.52921e+06
-5.72303e+06
-5.90386e+06
-6.07239e+06
-6.22929e+06
-6.37523e+06
-6.51081e+06
-6.63665e+06
-6.75333e+06
-6.86138e+06
-6.96134e+06
-7.0537e+06
-7.13893e+06
-7.21748e+06
-7.28976e+06
-7.35618e+06
-7.41709e+06
-7.47286e+06
-7.5238e+06
-7.57021e+06
-7.61238e+06
-7.65057e+06
-7.685e+06
-7.71591e+06
-7.74348e+06
-7.7679e+06
-7.78933e+06
-7.8079e+06
-7.82375e+06
-7.83699e+06
-7.84769e+06
-7.85594e+06
-7.86179e+06
-7.86529e+06
-7.86645e+06
1.68183e+07
1.67791e+07
1.66621e+07
1.6469e+07
1.62026e+07
1.58667e+07
1.54658e+07
1.50054e+07
1.44911e+07
1.39292e+07
1.33261e+07
1.26882e+07
1.20217e+07
1.13329e+07
1.06275e+07
9.91101e+06
9.18845e+06
8.46442e+06
7.74304e+06
7.02797e+06
6.32242e+06
5.62916e+06
4.95056e+06
4.2886e+06
3.64491e+06
3.02079e+06
2.41725e+06
1.83506e+06
1.27474e+06
736606.
220799.
-272691.
-744012.
-1.19342e+06
-1.62128e+06
-2.02802e+06
-2.41415e+06
-2.78022e+06
-3.12684e+06
-3.45463e+06
-3.76426e+06
-4.0564e+06
-4.33174e+06
-4.59096e+06
-4.83475e+06
-5.0638e+06
-5.27879e+06
-5.48037e+06
-5.66921e+06
-5.84593e+06
-6.01115e+06
-6.16547e+06
-6.30947e+06
-6.4437e+06
-6.5687e+06
-6.68498e+06
-6.79302e+06
-6.8933e+06
-6.98625e+06
-7.07229e+06
-7.15183e+06
-7.22524e+06
-7.29286e+06
-7.35504e+06
-7.41208e+06
-7.46428e+06
-7.51189e+06
-7.55518e+06
-7.59436e+06
-7.62966e+06
-7.66125e+06
-7.68933e+06
-7.71404e+06
-7.73551e+06
-7.75389e+06
-7.76926e+06
-7.78171e+06
-7.79133e+06
-7.79815e+06
-7.80223e+06
-7.80359e+06
1.59708e+07
1.59356e+07
1.58306e+07
1.56572e+07
1.54178e+07
1.51153e+07
1.47538e+07
1.43377e+07
1.38718e+07
1.33614e+07
1.28121e+07
1.22292e+07
1.16185e+07
1.09851e+07
1.03343e+07
9.67103e+06
8.99978e+06
8.32477e+06
7.64983e+06
6.97842e+06
6.31357e+06
5.65799e+06
5.014e+06
4.38358e+06
3.7684e+06
3.16986e+06
2.58905e+06
2.02685e+06
1.48391e+06
960694.
457482.
-25592.4
-488526.
-931432.
-1.35452e+06
-1.7581e+06
-2.14252e+06
-2.50821e+06
-2.85565e+06
-3.18536e+06
-3.49787e+06
-3.79375e+06
-4.07358e+06
-4.33796e+06
-4.58749e+06
-4.82277e+06
-5.04439e+06
-5.25295e+06
-5.44903e+06
-5.63321e+06
-5.80603e+06
-5.96806e+06
-6.1198e+06
-6.26179e+06
-6.3945e+06
-6.51841e+06
-6.63398e+06
-6.74164e+06
-6.84181e+06
-6.93488e+06
-7.02122e+06
-7.1012e+06
-7.17514e+06
-7.24336e+06
-7.30616e+06
-7.36381e+06
-7.41657e+06
-7.46468e+06
-7.50836e+06
-7.54781e+06
-7.58323e+06
-7.61477e+06
-7.6426e+06
-7.66683e+06
-7.6876e+06
-7.705e+06
-7.71912e+06
-7.73004e+06
-7.73779e+06
-7.74243e+06
-7.74397e+06
1.5208e+07
1.51763e+07
1.50816e+07
1.49251e+07
1.47087e+07
1.44351e+07
1.41075e+07
1.37297e+07
1.33058e+07
1.28403e+07
1.2338e+07
1.18037e+07
1.12421e+07
1.0658e+07
1.00559e+07
9.44034e+06
8.81534e+06
8.18477e+06
7.55217e+06
6.92075e+06
6.29341e+06
5.67273e+06
5.06098e+06
4.46012e+06
3.87183e+06
3.29754e+06
2.73843e+06
2.19546e+06
1.66938e+06
1.16075e+06
669982.
197335.
-257066.
-693205.
-1.11117e+06
-1.51113e+06
-1.89332e+06
-2.25807e+06
-2.60571e+06
-2.93667e+06
-3.25138e+06
-3.5503e+06
-3.83392e+06
-4.10274e+06
-4.35729e+06
-4.59807e+06
-4.82562e+06
-5.04046e+06
-5.2431e+06
-5.43406e+06
-5.61383e+06
-5.78293e+06
-5.94181e+06
-6.09095e+06
-6.23081e+06
-6.36181e+06
-6.48439e+06
-6.59894e+06
-6.70585e+06
-6.8055e+06
-6.89822e+06
-6.98437e+06
-7.06424e+06
-7.13815e+06
-7.20637e+06
-7.26917e+06
-7.32679e+06
-7.37947e+06
-7.4274e+06
-7.4708e+06
-7.50983e+06
-7.54466e+06
-7.57544e+06
-7.60229e+06
-7.62533e+06
-7.64466e+06
-7.66037e+06
-7.67251e+06
-7.68115e+06
-7.68631e+06
-7.68803e+06
1.45217e+07
1.44929e+07
1.44071e+07
1.42651e+07
1.40686e+07
1.38198e+07
1.35216e+07
1.3177e+07
1.27896e+07
1.23634e+07
1.19024e+07
1.14107e+07
1.08925e+07
1.03521e+07
9.79356e+06
9.22072e+06
8.63736e+06
8.04699e+06
7.45286e+06
6.85798e+06
6.26508e+06
5.6766e+06
5.09475e+06
4.52143e+06
3.95834e+06
3.40692e+06
2.86838e+06
2.34375e+06
1.83385e+06
1.33934e+06
860720.
398356.
-47519.3
-476781.
-889403.
-1.28545e+06
-1.66504e+06
-2.0284e+06
-2.37577e+06
-2.70745e+06
-3.02379e+06
-3.32516e+06
-3.61196e+06
-3.88461e+06
-4.14354e+06
-4.38921e+06
-4.62206e+06
-4.84255e+06
-5.05114e+06
-5.24827e+06
-5.43441e+06
-5.61e+06
-5.77546e+06
-5.93122e+06
-6.0777e+06
-6.21529e+06
-6.34439e+06
-6.46537e+06
-6.57858e+06
-6.68438e+06
-6.78309e+06
-6.87502e+06
-6.96048e+06
-7.03974e+06
-7.11307e+06
-7.18072e+06
-7.24293e+06
-7.29991e+06
-7.35187e+06
-7.39899e+06
-7.44144e+06
-7.47939e+06
-7.51296e+06
-7.54229e+06
-7.56749e+06
-7.58866e+06
-7.60586e+06
-7.61917e+06
-7.62865e+06
-7.63432e+06
-7.6362e+06
1.39045e+07
1.38783e+07
1.38001e+07
1.36706e+07
1.34913e+07
1.32641e+07
1.29913e+07
1.26756e+07
1.23201e+07
1.19282e+07
1.15034e+07
1.10493e+07
1.05696e+07
1.0068e+07
9.54812e+06
9.01354e+06
8.4676e+06
7.91351e+06
7.35427e+06
6.79267e+06
6.23126e+06
5.67238e+06
5.11812e+06
4.57037e+06
4.03076e+06
3.50074e+06
2.98157e+06
2.47429e+06
1.9798e+06
1.49882e+06
1.03193e+06
579575.
142085.
-280321.
-687522.
-1.07948e+06
-1.45624e+06
-1.81789e+06
-2.16461e+06
-2.49661e+06
-2.81413e+06
-3.11747e+06
-3.40694e+06
-3.68289e+06
-3.94568e+06
-4.19568e+06
-4.43328e+06
-4.65888e+06
-4.87287e+06
-5.07565e+06
-5.26762e+06
-5.44917e+06
-5.6207e+06
-5.78259e+06
-5.93521e+06
-6.07893e+06
-6.2141e+06
-6.34107e+06
-6.46018e+06
-6.57173e+06
-6.67605e+06
-6.77342e+06
-6.86411e+06
-6.94841e+06
-7.02655e+06
-7.09878e+06
-7.16531e+06
-7.22636e+06
-7.28211e+06
-7.33275e+06
-7.37844e+06
-7.41933e+06
-7.45556e+06
-7.48724e+06
-7.51448e+06
-7.53737e+06
-7.556e+06
-7.57042e+06
-7.58069e+06
-7.58683e+06
-7.58888e+06
1.33504e+07
1.33264e+07
1.32548e+07
1.31362e+07
1.29718e+07
1.27632e+07
1.25125e+07
1.2222e+07
1.18944e+07
1.15325e+07
1.11395e+07
1.07185e+07
1.02727e+07
9.80557e+06
9.32021e+06
8.81982e+06
8.30746e+06
7.78605e+06
7.25836e+06
6.72696e+06
6.19427e+06
5.66247e+06
5.13358e+06
4.6094e+06
4.09156e+06
3.58148e+06
3.08041e+06
2.58944e+06
2.10949e+06
1.64136e+06
1.18566e+06
742939.
313581.
-102110.
-503928.
-891751.
-1.26553e+06
-1.62529e+06
-1.97111e+06
-2.3031e+06
-2.62146e+06
-2.92638e+06
-3.21812e+06
-3.49693e+06
-3.76312e+06
-4.017e+06
-4.25888e+06
-4.4891e+06
-4.70801e+06
-4.91595e+06
-5.11328e+06
-5.30034e+06
-5.47747e+06
-5.64503e+06
-5.80336e+06
-5.95277e+06
-6.09361e+06
-6.22618e+06
-6.3508e+06
-6.46774e+06
-6.57732e+06
-6.67978e+06
-6.7754e+06
-6.86443e+06
-6.9471e+06
-7.02363e+06
-7.09424e+06
-7.15912e+06
-7.21846e+06
-7.27243e+06
-7.32117e+06
-7.36485e+06
-7.40358e+06
-7.43748e+06
-7.46665e+06
-7.49119e+06
-7.51116e+06
-7.52663e+06
-7.53765e+06
-7.54425e+06
-7.54644e+06
1.2854e+07
1.28319e+07
1.2766e+07
1.26568e+07
1.25053e+07
1.2313e+07
1.20815e+07
1.1813e+07
1.15097e+07
1.11742e+07
Process [5]
1.08091e+07
1.04172e+07
1.00015e+07
9.56489e+06
9.11021e+06
8.64033e+06
8.15803e+06
7.66599e+06
7.16674e+06
6.66269e+06
6.15606e+06
5.64896e+06
5.14327e+06
4.64074e+06
4.14296e+06
3.65131e+06
3.16706e+06
2.69129e+06
2.22497e+06
1.76892e+06
1.32381e+06
890240.
468662.
59447.6
-337126.
-720863.
-1.09164e+06
-1.44941e+06
-1.79416e+06
-2.12595e+06
-2.44488e+06
-2.7511e+06
-3.04477e+06
-3.32609e+06
-3.59531e+06
-3.85266e+06
-4.09842e+06
-4.33286e+06
-4.55628e+06
-4.76896e+06
-4.97122e+06
-5.16337e+06
-5.3457e+06
-5.51853e+06
-5.68216e+06
-5.83689e+06
-5.98301e+06
-6.12081e+06
-6.25057e+06
-6.37258e+06
-6.48707e+06
-6.59433e+06
-6.69457e+06
-6.78805e+06
-6.87498e+06
-6.95557e+06
-7.03002e+06
-7.09852e+06
-7.16124e+06
-7.21834e+06
-7.26997e+06
-7.31627e+06
-7.35737e+06
-7.39337e+06
-7.42437e+06
-7.45045e+06
-7.4717e+06
-7.48816e+06
-7.49989e+06
-7.50691e+06
-7.50925e+06
1.24106e+07
1.23902e+07
1.23292e+07
1.22282e+07
1.20879e+07
1.19097e+07
1.16951e+07
1.14457e+07
1.11637e+07
1.08513e+07
1.05107e+07
1.01446e+07
9.75538e+06
9.34577e+06
8.91832e+06
8.47562e+06
8.02018e+06
7.55445e+06
7.08077e+06
6.60137e+06
6.11833e+06
5.63362e+06
5.14906e+06
4.66631e+06
4.1869e+06
3.7122e+06
3.24345e+06
2.78176e+06
2.32809e+06
1.88329e+06
1.4481e+06
1.02312e+06
608892.
205827.
-185732.
-565524.
-933362.
-1.28912e+06
-1.63274e+06
-1.9642e+06
-2.28354e+06
-2.59084e+06
-2.88619e+06
-3.16976e+06
-3.4417e+06
-3.70222e+06
-3.95151e+06
-4.18982e+06
-4.41738e+06
-4.63444e+06
-4.84128e+06
-5.03814e+06
-5.2253e+06
-5.40303e+06
-5.57161e+06
-5.73129e+06
-5.88235e+06
-6.02505e+06
-6.15964e+06
-6.28637e+06
-6.4055e+06
-6.51724e+06
-6.62184e+06
-6.7195e+06
-6.81044e+06
-6.89485e+06
-6.97291e+06
-7.04482e+06
-7.11072e+06
-7.17078e+06
-7.22514e+06
-7.27392e+06
-7.31725e+06
-7.35523e+06
-7.38795e+06
-7.4155e+06
-7.43795e+06
-7.45535e+06
-7.46775e+06
-7.47518e+06
-7.47765e+06
1.20163e+07
1.19973e+07
1.19406e+07
1.18467e+07
1.17162e+07
1.15503e+07
1.13503e+07
1.11177e+07
1.08543e+07
1.0562e+07
1.0243e+07
9.89949e+06
9.53369e+06
9.14796e+06
8.74464e+06
8.32608e+06
7.89457e+06
7.45235e+06
7.00156e+06
6.5443e+06
6.0825e+06
5.61802e+06
5.15258e+06
4.68779e+06
4.2251e+06
3.76587e+06
3.31132e+06
2.86254e+06
2.42051e+06
1.98611e+06
1.56008e+06
1.14309e+06
735704.
338388.
-48461.8
-424531.
-789572.
-1.1434e+06
-1.4859e+06
-1.81699e+06
-2.13664e+06
-2.44488e+06
-2.74175e+06
-3.02735e+06
-3.30178e+06
-3.5652e+06
-3.81776e+06
-4.05964e+06
-4.29104e+06
-4.51218e+06
-4.72326e+06
-4.92451e+06
-5.11618e+06
-5.29849e+06
-5.47169e+06
-5.63601e+06
-5.79169e+06
-5.93898e+06
-6.0781e+06
-6.20928e+06
-6.33274e+06
-6.44871e+06
-6.55739e+06
-6.65899e+06
-6.7537e+06
-6.8417e+06
-6.92317e+06
-6.99829e+06
-7.06719e+06
-7.13004e+06
-7.18696e+06
-7.23808e+06
-7.28352e+06
-7.32337e+06
-7.35772e+06
-7.38665e+06
-7.41024e+06
-7.42852e+06
-7.44155e+06
-7.44936e+06
-7.45196e+06
1.16675e+07
1.16498e+07
1.15968e+07
1.1509e+07
1.13871e+07
1.12319e+07
1.10446e+07
1.08266e+07
1.05794e+07
1.03049e+07
1.00048e+07
9.68107e+06
9.33584e+06
8.97117e+06
8.58918e+06
8.192e+06
7.78173e+06
7.36041e+06
6.93005e+06
6.49257e+06
6.0498e+06
5.60348e+06
5.15525e+06
4.70665e+06
4.25908e+06
3.81387e+06
3.3722e+06
2.93517e+06
2.50375e+06
2.07883e+06
1.66119e+06
1.25152e+06
850409.
458378.
75862.4
-296773.
-659232.
-1.01128e+06
-1.35274e+06
-1.68348e+06
-2.00342e+06
-2.31253e+06
-2.61082e+06
-2.8983e+06
-3.17506e+06
-3.44118e+06
-3.69679e+06
-3.94201e+06
-4.177e+06
-4.40194e+06
-4.617e+06
-4.82237e+06
-5.01825e+06
-5.20486e+06
-5.38239e+06
-5.55106e+06
-5.71109e+06
-5.86268e+06
-6.00605e+06
-6.14141e+06
-6.26895e+06
-6.38889e+06
-6.50142e+06
-6.60672e+06
-6.70497e+06
-6.79636e+06
-6.88104e+06
-6.95917e+06
-7.03091e+06
-7.09638e+06
-7.15572e+06
-7.20905e+06
-7.25647e+06
-7.29808e+06
-7.33396e+06
-7.3642e+06
-7.38885e+06
-7.40797e+06
-7.4216e+06
-7.42976e+06
-7.43248e+06
1.13612e+07
1.13446e+07
1.12949e+07
1.12124e+07
1.10979e+07
1.0952e+07
1.07757e+07
1.05705e+07
1.03375e+07
1.00784e+07
9.79477e+06
9.48846e+06
9.16127e+06
8.8151e+06
8.45189e+06
8.07356e+06
7.68205e+06
7.27924e+06
6.86699e+06
6.4471e+06
6.02127e+06
5.59115e+06
5.15831e+06
4.72419e+06
4.29018e+06
3.85755e+06
3.42746e+06
3.001e+06
2.57915e+06
2.16279e+06
1.75271e+06
1.34964e+06
954200.
566934.
188321.
-181233.
-541387.
-891860.
-1.23243e+06
-1.56291e+06
-1.88319e+06
-2.19317e+06
-2.49282e+06
-2.78211e+06
-3.06108e+06
-3.32977e+06
-3.58825e+06
-3.83663e+06
-4.07501e+06
-4.30353e+06
-4.52233e+06
-4.73158e+06
-4.93143e+06
-5.12208e+06
-5.30369e+06
-5.47646e+06
-5.64057e+06
-5.79621e+06
-5.94359e+06
-6.08287e+06
-6.21426e+06
-6.33794e+06
-6.45408e+06
-6.56287e+06
-6.66446e+06
-6.75903e+06
-6.84673e+06
-6.92771e+06
-7.00211e+06
-7.07005e+06
-7.13167e+06
-7.18707e+06
-7.23636e+06
-7.27963e+06
-7.31695e+06
-7.34842e+06
-7.37408e+06
-7.39398e+06
-7.40817e+06
-7.41667e+06
-7.41951e+06
1.10949e+07
1.10792e+07
1.10323e+07
1.09545e+07
1.08463e+07
1.07084e+07
1.05418e+07
1.03476e+07
1.01269e+07
9.88123e+06
9.61201e+06
9.32085e+06
9.00942e+06
8.67944e+06
8.33267e+06
7.97088e+06
7.59585e+06
7.20933e+06
6.81305e+06
6.40866e+06
5.99781e+06
5.58203e+06
5.16281e+06
4.74155e+06
4.31957e+06
3.89812e+06
3.47833e+06
3.06127e+06
2.64791e+06
2.23916e+06
1.8358e+06
1.43859e+06
1.04816e+06
665092.
289899.
-76979.
-435162.
-784328.
-1.12421e+06
-1.45459e+06
-1.7753e+06
-2.0862e+06
-2.38722e+06
-2.6783e+06
-2.95942e+06
-3.23058e+06
-3.49182e+06
-3.74321e+06
-3.98482e+06
-4.21674e+06
-4.4391e+06
-4.65202e+06
-4.85564e+06
-5.05011e+06
-5.23557e+06
-5.41221e+06
-5.58018e+06
-5.73965e+06
-5.8908e+06
-6.03379e+06
-6.1688e+06
-6.296e+06
-6.41555e+06
-6.52762e+06
-6.63236e+06
-6.72992e+06
-6.82047e+06
-6.90412e+06
-6.98102e+06
-7.05129e+06
-7.11505e+06
-7.1724e+06
-7.22345e+06
-7.26827e+06
-7.30696e+06
-7.33958e+06
-7.36618e+06
-7.38682e+06
-7.40154e+06
-7.41036e+06
-7.4133e+06
1.08662e+07
1.08513e+07
1.08068e+07
1.0733e+07
1.06303e+07
1.04994e+07
1.03411e+07
1.01564e+07
9.94638e+06
9.71232e+06
9.45555e+06
9.17753e+06
8.87978e+06
8.56387e+06
8.23141e+06
7.88403e+06
7.52338e+06
7.15108e+06
6.76874e+06
6.37794e+06
5.98018e+06
5.57697e+06
5.16969e+06
4.7597e+06
4.34828e+06
3.93663e+06
3.52586e+06
3.11704e+06
2.71112e+06
2.309e+06
1.9115e+06
1.51936e+06
1.13326e+06
753786.
381487.
16833.2
-339761.
-687938.
-1.02739e+06
-1.35787e+06
-1.67916e+06
-1.99109e+06
-2.29354e+06
-2.58643e+06
-2.86968e+06
-3.14327e+06
-3.4072e+06
-3.66151e+06
-3.90622e+06
-4.14142e+06
-4.36718e+06
-4.5836e+06
-4.7908e+06
-4.9889e+06
-5.17803e+06
-5.35834e+06
-5.52996e+06
-5.69305e+06
-5.84776e+06
-5.99425e+06
-6.13268e+06
-6.2632e+06
-6.38597e+06
-6.50112e+06
-6.60883e+06
-6.70922e+06
-6.80243e+06
-6.88861e+06
-6.96786e+06
-7.04032e+06
-7.10609e+06
-7.16527e+06
-7.21797e+06
-7.26426e+06
-7.30422e+06
-7.33792e+06
-7.36541e+06
-7.38675e+06
-7.40196e+06
-7.41108e+06
-7.41412e+06
1.06732e+07
1.0659e+07
1.06166e+07
1.05462e+07
1.04482e+07
1.03233e+07
1.01721e+07
9.99556e+06
9.79469e+06
9.57062e+06
9.32457e+06
9.05786e+06
8.77189e+06
8.46811e+06
8.14799e+06
7.81306e+06
7.46483e+06
7.10482e+06
6.73454e+06
6.35548e+06
5.96906e+06
5.57671e+06
5.17977e+06
4.77953e+06
4.37722e+06
3.97402e+06
3.57103e+06
3.16928e+06
2.76973e+06
2.37328e+06
1.98074e+06
1.59288e+06
1.21037e+06
833858.
463888.
100965.
-254466.
-602016.
-941346.
-1.27217e+06
-1.59423e+06
-1.90735e+06
-2.21134e+06
-2.50609e+06
-2.79151e+06
-3.06753e+06
-3.33413e+06
-3.59129e+06
-3.83903e+06
-4.07739e+06
-4.30644e+06
-4.52623e+06
-4.73686e+06
-4.93843e+06
-5.13106e+06
-5.31485e+06
-5.48994e+06
-5.65647e+06
-5.81456e+06
-5.96437e+06
-6.10603e+06
-6.23968e+06
-6.36548e+06
-6.48355e+06
-6.59405e+06
-6.69709e+06
-6.79282e+06
-6.88136e+06
-6.96283e+06
-7.03734e+06
-7.105e+06
-7.1659e+06
-7.22015e+06
-7.26781e+06
-7.30897e+06
-7.34368e+06
-7.37201e+06
-7.39399e+06
-7.40967e+06
-7.41907e+06
-7.4222e+06
1.05142e+07
1.05006e+07
1.04599e+07
1.03924e+07
1.02985e+07
1.01786e+07
1.00335e+07
9.86392e+06
9.67084e+06
9.45527e+06
9.21834e+06
8.96128e+06
8.68535e+06
8.3919e+06
8.08231e+06
7.75799e+06
7.42035e+06
7.07083e+06
6.71083e+06
6.34177e+06
5.96502e+06
5.58191e+06
5.19375e+06
4.80177e+06
4.40718e+06
4.01112e+06
3.61467e+06
3.21884e+06
2.82459e+06
2.43282e+06
2.04434e+06
1.65993e+06
1.28029e+06
906058.
537818.
176097.
-178635.
-525961.
-865512.
-1.19697e+06
-1.52005e+06
-1.83453e+06
-2.14022e+06
-2.43695e+06
-2.7246e+06
-3.00309e+06
-3.27235e+06
-3.53234e+06
-3.78307e+06
-4.02453e+06
-4.25677e+06
-4.47982e+06
-4.69377e+06
-4.89868e+06
-5.09465e+06
-5.28178e+06
-5.46018e+06
-5.62998e+06
-5.79128e+06
-5.94423e+06
-6.08895e+06
-6.22557e+06
-6.35423e+06
-6.47505e+06
-6.58817e+06
-6.69372e+06
-6.79181e+06
-6.88257e+06
-6.96612e+06
-7.04255e+06
-7.11198e+06
-7.1745e+06
-7.23019e+06
-7.27914e+06
-7.32141e+06
-7.35708e+06
-7.38618e+06
-7.40877e+06
-7.42489e+06
-7.43454e+06
-7.43776e+06
1.03878e+07
1.03747e+07
1.03355e+07
1.02705e+07
1.01799e+07
1.00643e+07
9.92422e+06
9.7605e+06
9.57395e+06
9.36552e+06
9.13626e+06
8.88729e+06
8.6198e+06
8.33503e+06
8.03428e+06
7.71885e+06
7.39009e+06
7.04934e+06
6.69795e+06
6.33725e+06
5.96855e+06
5.59313e+06
5.21225e+06
4.8271e+06
4.43887e+06
4.04865e+06
3.65751e+06
3.26646e+06
2.87645e+06
2.48836e+06
2.10304e+06
1.72124e+06
1.34369e+06
971049.
603913.
242832.
-111700.
-459239.
-799392.
-1.13181e+06
-1.45619e+06
-1.77227e+06
-2.07983e+06
-2.37868e+06
-2.66868e+06
-2.94971e+06
-3.22167e+06
-3.48451e+06
-3.7382e+06
-3.98272e+06
-4.21809e+06
-4.44433e+06
-4.66149e+06
-4.86963e+06
-5.06882e+06
-5.25916e+06
-5.44073e+06
-5.61364e+06
-5.77801e+06
-5.93394e+06
-6.08156e+06
-6.22098e+06
-6.35234e+06
-6.47576e+06
-6.59136e+06
-6.69925e+06
-6.79957e+06
-6.89242e+06
-6.97791e+06
-7.05615e+06
-7.12723e+06
-7.19126e+06
-7.2483e+06
-7.29845e+06
-7.34177e+06
-7.37832e+06
-7.40815e+06
-7.4313e+06
-7.44782e+06
-7.45772e+06
-7.46102e+06
Process [6]
1.02928e+07
1.02801e+07
1.02422e+07
1.01791e+07
1.00913e+07
9.9792e+06
9.84336e+06
9.68446e+06
9.5033e+06
9.30076e+06
9.07781e+06
8.8355e+06
8.57495e+06
8.29731e+06
8.0038e+06
7.69567e+06
7.37417e+06
7.04059e+06
6.6962e+06
6.34228e+06
5.98009e+06
5.61086e+06
5.23581e+06
4.85611e+06
4.47288e+06
4.08724e+06
3.70022e+06
3.31281e+06
2.92597e+06
2.54057e+06
2.15747e+06
1.77743e+06
1.40119e+06
1.02941e+06
662729.
301698.
-53162.3
-401387.
-742556.
-1.0763e+06
-1.40229e+06
-1.72023e+06
-2.02988e+06
-2.33104e+06
-2.62352e+06
-2.90718e+06
-3.18192e+06
-3.44765e+06
-3.70431e+06
-3.95188e+06
-4.19034e+06
-4.41971e+06
-4.64001e+06
-4.85129e+06
-5.0536e+06
-5.24702e+06
-5.43164e+06
-5.60754e+06
-5.77482e+06
-5.93359e+06
-6.08396e+06
-6.22605e+06
-6.35997e+06
-6.48583e+06
-6.60375e+06
-6.71386e+06
-6.81626e+06
-6.91106e+06
-6.99837e+06
-7.0783e+06
-7.15093e+06
-7.21636e+06
-7.27466e+06
-7.32593e+06
-7.37021e+06
-7.40758e+06
-7.43809e+06
-7.46177e+06
-7.47866e+06
-7.48879e+06
-7.49216e+06
1.02282e+07
1.02159e+07
1.01789e+07
1.01175e+07
1.00319e+07
9.92262e+06
9.79015e+06
9.63512e+06
9.45828e+06
9.26046e+06
9.04257e+06
8.80558e+06
8.55056e+06
8.2786e+06
7.99085e+06
7.68848e+06
7.37271e+06
7.04476e+06
6.70584e+06
6.35719e+06
6.00003e+06
5.63554e+06
5.26491e+06
4.88928e+06
4.50977e+06
4.12745e+06
3.74334e+06
3.35845e+06
2.97371e+06
2.59001e+06
2.20819e+06
1.82904e+06
1.4533e+06
1.08166e+06
714746.
353149.
-2596.87
-352005.
-694636.
-1.03009e+06
-1.35803e+06
-1.67813e+06
-1.99013e+06
-2.29379e+06
-2.58892e+06
-2.87536e+06
-3.15297e+06
-3.42165e+06
-3.68133e+06
-3.93195e+06
-4.17349e+06
-4.40595e+06
-4.62933e+06
-4.84368e+06
-5.04902e+06
-5.24544e+06
-5.43298e+06
-5.61175e+06
-5.78182e+06
-5.9433e+06
-6.09629e+06
-6.24089e+06
-6.37722e+06
-6.50539e+06
-6.62551e+06
-6.73769e+06
-6.84204e+06
-6.93866e+06
-7.02768e+06
-7.10917e+06
-7.18324e+06
-7.24997e+06
-7.30945e+06
-7.36174e+06
-7.40693e+06
-7.44506e+06
-7.47619e+06
-7.50036e+06
-7.5176e+06
-7.52793e+06
-7.53137e+06
1.01933e+07
1.01812e+07
1.0145e+07
1.00848e+07
1.0001e+07
9.89386e+06
9.76399e+06
9.61195e+06
9.43843e+06
9.24423e+06
9.03021e+06
8.79729e+06
8.54647e+06
8.2788e+06
7.99539e+06
7.69734e+06
7.38584e+06
7.06203e+06
6.72712e+06
6.38229e+06
6.02871e+06
5.66755e+06
5.29997e+06
4.92708e+06
4.54999e+06
4.16975e+06
3.78738e+06
3.40388e+06
3.02017e+06
2.63716e+06
2.25568e+06
1.87654e+06
1.50048e+06
1.12821e+06
760369.
397568.
40354.8
-310763.
-655326.
-992919.
-1.32317e+06
-1.64575e+06
-1.96037e+06
-2.26678e+06
-2.56475e+06
-2.85411e+06
-3.13472e+06
-3.40644e+06
-3.66918e+06
-3.92289e+06
-4.16752e+06
-4.40305e+06
-4.62949e+06
-4.84684e+06
-5.05515e+06
-5.25446e+06
-5.44484e+06
-5.62636e+06
-5.79911e+06
-5.96317e+06
-6.11865e+06
-6.26564e+06
-6.40425e+06
-6.53458e+06
-6.65676e+06
-6.77088e+06
-6.87705e+06
-6.97538e+06
-7.06597e+06
-7.14892e+06
-7.22432e+06
-7.29226e+06
-7.35282e+06
-7.40607e+06
-7.45208e+06
-7.49091e+06
-7.52261e+06
-7.54723e+06
-7.56478e+06
-7.57531e+06
-7.57882e+06
1.01873e+07
1.01754e+07
1.01398e+07
1.00805e+07
9.99793e+06
9.8924e+06
9.76441e+06
9.61452e+06
9.44339e+06
9.25177e+06
9.04049e+06
8.81044e+06
8.56256e+06
8.29788e+06
8.01744e+06
7.72233e+06
7.41367e+06
7.0926e+06
6.76027e+06
6.41783e+06
6.06644e+06
5.70724e+06
5.34135e+06
4.9699e+06
4.59395e+06
4.21456e+06
3.83276e+06
3.44952e+06
3.06577e+06
2.68243e+06
2.30034e+06
1.92031e+06
1.5431e+06
1.16942e+06
799936.
435267.
75983.3
-277393.
-624384.
-964555.
-1.29752e+06
-1.62292e+06
-1.94046e+06
-2.24987e+06
-2.5509e+06
-2.84337e+06
-3.12711e+06
-3.40198e+06
-3.66787e+06
-3.92472e+06
-4.17246e+06
-4.41106e+06
-4.64051e+06
-4.86083e+06
-5.07204e+06
-5.27418e+06
-5.4673e+06
-5.65148e+06
-5.82679e+06
-5.99332e+06
-6.15116e+06
-6.30041e+06
-6.44117e+06
-6.57354e+06
-6.69764e+06
-6.81357e+06
-6.92144e+06
-7.02135e+06
-7.1134e+06
-7.1977e+06
-7.27432e+06
-7.34337e+06
-7.40492e+06
-7.45905e+06
-7.50582e+06
-7.54529e+06
-7.57751e+06
-7.60253e+06
-7.62038e+06
-7.63108e+06
-7.63464e+06
1.021e+07
1.01982e+07
1.01629e+07
1.01042e+07
1.00224e+07
9.9179e+06
9.7911e+06
9.64256e+06
9.47291e+06
9.28289e+06
9.07328e+06
8.84494e+06
8.5988e+06
8.33583e+06
8.05706e+06
7.76355e+06
7.45637e+06
7.13665e+06
6.80551e+06
6.46408e+06
6.11351e+06
5.7549e+06
5.38939e+06
5.01806e+06
4.642e+06
4.26225e+06
3.87983e+06
3.49572e+06
3.11087e+06
2.72618e+06
2.34251e+06
1.96068e+06
1.58146e+06
1.20558e+06
833710.
466494.
104513.
-251693.
-601628.
-944845.
-1.28093e+06
-1.60953e+06
-1.93031e+06
-2.243e+06
-2.54733e+06
-2.8431e+06
-3.13013e+06
-3.40827e+06
-3.67741e+06
-3.93745e+06
-4.18833e+06
-4.43002e+06
-4.66249e+06
-4.88574e+06
-5.09979e+06
-5.30469e+06
-5.50048e+06
-5.68722e+06
-5.86499e+06
-6.03387e+06
-6.19396e+06
-6.34534e+06
-6.48812e+06
-6.6224e+06
-6.7483e+06
-6.86592e+06
-6.97535e+06
-7.07672e+06
-7.17012e+06
-7.25564e+06
-7.33339e+06
-7.40345e+06
-7.4659e+06
-7.52082e+06
-7.56828e+06
-7.60833e+06
-7.64103e+06
-7.66641e+06
-7.68452e+06
-7.69538e+06
-7.699e+06
1.02609e+07
1.02491e+07
1.0214e+07
1.01556e+07
1.00742e+07
9.97013e+06
9.84385e+06
9.69589e+06
9.52687e+06
9.33749e+06
9.12851e+06
8.90078e+06
8.6552e+06
8.39272e+06
8.11435e+06
7.82111e+06
7.51409e+06
7.19437e+06
6.86306e+06
6.52128e+06
6.17016e+06
5.81082e+06
5.44436e+06
5.07187e+06
4.69444e+06
4.31311e+06
3.9289e+06
3.54279e+06
3.15575e+06
2.76867e+06
2.38244e+06
1.99789e+06
1.61579e+06
1.2369e+06
861891.
491426.
126103.
-233523.
-586942.
-933688.
-1.27334e+06
-1.60552e+06
-1.92988e+06
-2.24614e+06
-2.55402e+06
-2.8533e+06
-3.1438e+06
-3.42536e+06
-3.69784e+06
-3.96116e+06
-4.21523e+06
-4.46002e+06
-4.69549e+06
-4.92165e+06
-5.13851e+06
-5.34611e+06
-5.54448e+06
-5.7337e+06
-5.91383e+06
-6.08495e+06
-6.24716e+06
-6.40056e+06
-6.54524e+06
-6.6813e+06
-6.80887e+06
-6.92804e+06
-7.03892e+06
-7.14162e+06
-7.23625e+06
-7.32289e+06
-7.40166e+06
-7.47263e+06
-7.5359e+06
-7.59153e+06
-7.6396e+06
-7.68016e+06
-7.71328e+06
-7.739e+06
-7.75734e+06
-7.76833e+06
-7.772e+06
1.03399e+07
1.03282e+07
1.0293e+07
1.02346e+07
1.01531e+07
1.0049e+07
9.9226e+06
9.77449e+06
9.60525e+06
9.41557e+06
9.20622e+06
8.97802e+06
8.73185e+06
8.46866e+06
8.18943e+06
7.89519e+06
7.587e+06
7.26595e+06
6.93313e+06
6.58966e+06
6.23666e+06
5.87524e+06
5.50652e+06
5.13159e+06
4.75153e+06
4.36739e+06
3.9802e+06
3.59096e+06
3.20063e+06
2.81013e+06
2.42035e+06
2.03213e+06
1.64627e+06
1.26353e+06
884609.
510176.
140846.
-222810.
-580268.
-931048.
-1.27471e+06
-1.61088e+06
-1.93918e+06
-2.25932e+06
-2.57102e+06
-2.87404e+06
-3.1682e+06
-3.45332e+06
-3.72927e+06
-3.99594e+06
-4.25326e+06
-4.50117e+06
-4.73966e+06
-4.96871e+06
-5.18833e+06
-5.39856e+06
-5.59945e+06
-5.79105e+06
-5.97344e+06
-6.1467e+06
-6.31093e+06
-6.46621e+06
-6.61266e+06
-6.75038e+06
-6.87948e+06
-7.00008e+06
-7.11228e+06
-7.21619e+06
-7.31192e+06
-7.39957e+06
-7.47924e+06
-7.55103e+06
-7.61501e+06
-7.67127e+06
-7.71988e+06
-7.76091e+06
-7.79439e+06
-7.82039e+06
-7.83894e+06
-7.85006e+06
-7.85376e+06
1.04471e+07
1.04353e+07
1.03999e+07
1.03412e+07
1.02593e+07
1.01545e+07
1.00274e+07
9.8784e+06
9.70812e+06
9.51725e+06
9.30653e+06
9.07679e+06
8.8289e+06
8.56381e+06
8.2825e+06
7.98598e+06
7.67533e+06
7.35161e+06
7.01595e+06
6.66944e+06
6.31321e+06
5.9484e+06
5.5761e+06
5.19743e+06
4.81347e+06
4.4253e+06
4.03394e+06
3.64041e+06
3.24568e+06
2.8507e+06
2.45636e+06
2.06352e+06
1.67299e+06
1.28556e+06
901928.
522789.
148771.
-219543.
-581613.
-936948.
-1.2851e+06
-1.62566e+06
-1.95827e+06
-2.28262e+06
-2.59841e+06
-2.90542e+06
-3.20343e+06
-3.49227e+06
-3.7718e+06
-4.04192e+06
-4.30255e+06
-4.55363e+06
-4.79513e+06
-5.02705e+06
-5.2494e+06
-5.46221e+06
-5.66554e+06
-5.85944e+06
-6.04399e+06
-6.21927e+06
-6.38539e+06
-6.54244e+06
-6.69052e+06
-6.82977e+06
-6.96027e+06
-7.08216e+06
-7.19555e+06
-7.30054e+06
-7.39725e+06
-7.48579e+06
-7.56626e+06
-7.63876e+06
-7.70336e+06
-7.76017e+06
-7.80924e+06
-7.85065e+06
-7.88446e+06
-7.9107e+06
-7.92942e+06
-7.94064e+06
-7.94438e+06
1.05826e+07
1.05707e+07
1.05349e+07
1.04756e+07
1.03928e+07
1.02869e+07
1.01584e+07
1.00078e+07
9.83569e+06
9.64271e+06
9.42963e+06
9.19729e+06
8.94657e+06
8.6784e+06
8.39377e+06
8.09371e+06
7.77929e+06
7.45159e+06
7.11173e+06
6.76084e+06
6.40005e+06
6.03049e+06
5.65329e+06
5.26958e+06
4.88045e+06
4.48699e+06
4.09025e+06
3.69126e+06
3.29101e+06
2.89047e+06
2.49054e+06
2.0921e+06
1.69599e+06
1.30299e+06
913846.
529246.
149839.
-223776.
-591048.
-951471.
-1.30459e+06
-1.64998e+06
-1.98729e+06
-2.31617e+06
-2.63635e+06
-2.94758e+06
-3.24965e+06
-3.54238e+06
-3.82563e+06
-4.09929e+06
-4.36328e+06
-4.61755e+06
-4.86208e+06
-5.09685e+06
-5.32189e+06
-5.53722e+06
-5.74291e+06
-5.93901e+06
-6.12562e+06
-6.30281e+06
-6.4707e+06
-6.62938e+06
-6.77898e+06
-6.9196e+06
-7.05138e+06
-7.17442e+06
-7.28885e+06
-7.3948e+06
-7.49236e+06
-7.58167e+06
-7.66282e+06
-7.73591e+06
-7.80105e+06
-7.85831e+06
-7.90777e+06
-7.9495e+06
-7.98356e+06
-8.01001e+06
-8.02886e+06
-8.04017e+06
-8.04394e+06
1.07467e+07
1.07346e+07
1.06983e+07
1.0638e+07
1.0554e+07
1.04465e+07
1.0316e+07
1.01631e+07
9.98825e+06
9.79225e+06
9.57584e+06
9.33983e+06
9.08514e+06
8.8127e+06
8.52352e+06
8.21864e+06
7.89914e+06
7.56613e+06
7.22073e+06
6.86409e+06
6.49737e+06
6.12171e+06
5.73827e+06
5.34819e+06
4.9526e+06
4.55258e+06
4.14923e+06
3.74359e+06
3.33668e+06
2.92947e+06
2.52291e+06
2.11788e+06
1.71524e+06
1.31579e+06
920292.
529458.
143946.
-235630.
-608706.
-974767.
-1.33334e+06
-1.68401e+06
-2.0264e+06
-2.36017e+06
-2.68503e+06
-3.00073e+06
-3.30706e+06
-3.60384e+06
-3.89094e+06
-4.16824e+06
-4.43566e+06
-4.69316e+06
-4.94071e+06
-5.17831e+06
-5.40599e+06
-5.62379e+06
-5.83175e+06
-6.02997e+06
-6.21852e+06
-6.3975e+06
-6.56703e+06
-6.72721e+06
-6.87817e+06
-7.02003e+06
-7.15293e+06
-7.27698e+06
-7.39232e+06
-7.49907e+06
-7.59736e+06
-7.6873e+06
-7.76901e+06
-7.84259e+06
-7.90815e+06
-7.96577e+06
-8.01553e+06
-8.05752e+06
-8.09178e+06
-8.11838e+06
-8.13734e+06
-8.14871e+06
-8.1525e+06
1.09398e+07
1.09274e+07
1.08904e+07
1.0829e+07
1.07432e+07
1.06336e+07
1.05005e+07
1.03445e+07
1.01662e+07
9.96627e+06
Process [7]
9.74552e+06
9.50478e+06
9.24497e+06
8.96707e+06
8.67208e+06
8.36109e+06
8.03518e+06
7.69549e+06
7.34318e+06
6.97941e+06
6.60537e+06
6.22224e+06
5.83119e+06
5.4334e+06
5.03001e+06
4.62215e+06
4.21093e+06
3.79743e+06
3.38268e+06
2.96768e+06
2.55341e+06
2.14076e+06
1.73063e+06
1.32382e+06
921130.
523269.
130920.
-255291.
-634790.
-1.00705e+06
-1.37159e+06
-1.72799e+06
-2.07585e+06
-2.41485e+06
-2.74469e+06
-3.06512e+06
-3.37592e+06
-3.67692e+06
-3.96799e+06
-4.24902e+06
-4.51993e+06
-4.78068e+06
-5.03126e+06
-5.27167e+06
-5.50194e+06
-5.72212e+06
-5.93227e+06
-6.13249e+06
-6.32287e+06
-6.50351e+06
-6.67454e+06
-6.83607e+06
-6.98824e+06
-7.13119e+06
-7.26505e+06
-7.38996e+06
-7.50605e+06
-7.61347e+06
-7.71233e+06
-7.80278e+06
-7.88492e+06
-7.95887e+06
-8.02474e+06
-8.08262e+06
-8.1326e+06
-8.17476e+06
-8.20916e+06
-8.23586e+06
-8.2549e+06
-8.26632e+06
-8.27012e+06
1.11625e+07
1.11499e+07
1.1112e+07
1.1049e+07
1.09612e+07
1.08488e+07
1.07125e+07
1.05527e+07
1.037e+07
1.01653e+07
9.93915e+06
9.69258e+06
9.4265e+06
9.1419e+06
8.83983e+06
8.52139e+06
8.18772e+06
7.83997e+06
7.47934e+06
7.10703e+06
6.72425e+06
6.33223e+06
5.93217e+06
5.52528e+06
5.11274e+06
4.69572e+06
4.27534e+06
3.85273e+06
3.42894e+06
3.00501e+06
2.58192e+06
2.16062e+06
1.742e+06
1.32691e+06
916149.
510454.
110518.
-283018.
-669567.
-1.04859e+06
-1.41961e+06
-1.78219e+06
-2.13594e+06
-2.48052e+06
-2.81564e+06
-3.14104e+06
-3.45653e+06
-3.76192e+06
-4.05708e+06
-4.34192e+06
-4.61637e+06
-4.8804e+06
-5.13399e+06
-5.37716e+06
-5.60996e+06
-5.83245e+06
-6.04469e+06
-6.2468e+06
-6.43887e+06
-6.62103e+06
-6.79341e+06
-6.95614e+06
-7.10936e+06
-7.25323e+06
-7.38789e+06
-7.51349e+06
-7.63017e+06
-7.73809e+06
-7.83738e+06
-7.92818e+06
-8.01062e+06
-8.08481e+06
-8.15088e+06
-8.20892e+06
-8.25902e+06
-8.30128e+06
-8.33576e+06
-8.36251e+06
-8.38159e+06
-8.39302e+06
-8.39683e+06
1.14156e+07
1.14026e+07
1.13636e+07
1.12988e+07
1.12084e+07
1.10929e+07
1.09527e+07
1.07883e+07
1.06004e+07
1.03898e+07
1.01573e+07
9.90377e+06
9.63021e+06
9.33766e+06
9.02719e+06
8.69995e+06
8.35711e+06
7.99987e+06
7.62947e+06
7.24716e+06
6.85419e+06
6.45183e+06
6.04132e+06
5.62391e+06
5.20083e+06
4.77327e+06
4.34242e+06
3.90941e+06
3.47534e+06
3.04129e+06
2.60826e+06
2.17723e+06
1.74912e+06
1.32479e+06
905071.
490712.
82424.9
-319138.
-713379.
-1.09975e+06
-1.47777e+06
-1.84699e+06
-2.20703e+06
-2.55754e+06
-2.89824e+06
-3.22887e+06
-3.54923e+06
-3.85916e+06
-4.15854e+06
-4.44727e+06
-4.7253e+06
-4.99261e+06
-5.2492e+06
-5.49509e+06
-5.73034e+06
-5.95504e+06
-6.16926e+06
-6.37312e+06
-6.56674e+06
-6.75026e+06
-6.92382e+06
-7.08757e+06
-7.24167e+06
-7.38628e+06
-7.52156e+06
-7.64767e+06
-7.76478e+06
-7.87303e+06
-7.97259e+06
-8.06359e+06
-8.14617e+06
-8.22047e+06
-8.28661e+06
-8.3447e+06
-8.39483e+06
-8.4371e+06
-8.47158e+06
-8.49833e+06
-8.51741e+06
-8.52884e+06
-8.53264e+06
1.16999e+07
1.16864e+07
1.16462e+07
1.15792e+07
1.14859e+07
1.13666e+07
1.12218e+07
1.1052e+07
1.0858e+07
1.06406e+07
1.04006e+07
1.0139e+07
9.8567e+06
9.55488e+06
9.23465e+06
8.89719e+06
8.54373e+06
8.17553e+06
7.79387e+06
7.40005e+06
6.99538e+06
6.58116e+06
6.15871e+06
5.72931e+06
5.29424e+06
4.85475e+06
4.41205e+06
3.96732e+06
3.52171e+06
3.07631e+06
2.63218e+06
2.19032e+06
1.75167e+06
1.31713e+06
887538.
463670.
46250.9
-364054.
-766636.
-1.16094e+06
-1.54648e+06
-1.92281e+06
-2.28954e+06
-2.64633e+06
-2.9929e+06
-3.329e+06
-3.65444e+06
-3.96907e+06
-4.27276e+06
-4.56545e+06
-4.84709e+06
-5.11767e+06
-5.37721e+06
-5.62575e+06
-5.86338e+06
-6.09016e+06
-6.30623e+06
-6.5117e+06
-6.70671e+06
-6.89141e+06
-7.06598e+06
-7.23056e+06
-7.38534e+06
-7.5305e+06
-7.66621e+06
-7.79264e+06
-7.90997e+06
-8.01838e+06
-8.11802e+06
-8.20906e+06
-8.29163e+06
-8.3659e+06
-8.43198e+06
-8.48999e+06
-8.54005e+06
-8.58224e+06
-8.61664e+06
-8.64333e+06
-8.66236e+06
-8.67376e+06
-8.67756e+06
1.20164e+07
1.20025e+07
1.19607e+07
1.18913e+07
1.17946e+07
1.16709e+07
1.15207e+07
1.13448e+07
1.11438e+07
1.09185e+07
1.06699e+07
1.03989e+07
1.01066e+07
9.79416e+06
9.46274e+06
9.1136e+06
8.74801e+06
8.36731e+06
7.97282e+06
7.56592e+06
7.14797e+06
6.72034e+06
6.2844e+06
5.84149e+06
5.39293e+06
4.94004e+06
4.48407e+06
4.02626e+06
3.56778e+06
3.10979e+06
2.65336e+06
2.19953e+06
1.74927e+06
1.30352e+06
863117.
428875.
1527.37
-418247.
-829830.
-1.23266e+06
-1.62625e+06
-2.01015e+06
-2.38397e+06
-2.74739e+06
-3.10012e+06
-3.44192e+06
-3.77262e+06
-4.09207e+06
-4.40017e+06
-4.69687e+06
-4.98212e+06
-5.25595e+06
-5.51839e+06
-5.76951e+06
-6.00938e+06
-6.23813e+06
-6.45589e+06
-6.66279e+06
-6.85901e+06
-7.04471e+06
-7.22007e+06
-7.38528e+06
-7.54053e+06
-7.68602e+06
-7.82194e+06
-7.94849e+06
-8.06585e+06
-8.17421e+06
-8.27375e+06
-8.36464e+06
-8.44704e+06
-8.52111e+06
-8.58698e+06
-8.6448e+06
-8.69466e+06
-8.73667e+06
-8.77093e+06
-8.7975e+06
-8.81643e+06
-8.82778e+06
-8.83156e+06
1.23664e+07
1.23519e+07
1.23084e+07
1.22362e+07
1.21355e+07
1.20068e+07
1.18506e+07
1.16677e+07
1.14586e+07
1.12244e+07
1.0966e+07
1.06843e+07
1.03807e+07
1.00562e+07
9.71207e+06
9.3497e+06
8.97041e+06
8.57558e+06
8.16664e+06
7.74502e+06
7.31214e+06
6.86947e+06
6.41841e+06
5.96039e+06
5.4968e+06
5.02898e+06
4.55828e+06
4.08596e+06
3.61325e+06
3.14135e+06
2.67138e+06
2.20441e+06
1.74145e+06
1.28345e+06
831290.
385789.
-52296.7
-482278.
-903528.
-1.31549e+06
-1.71765e+06
-2.10958e+06
-2.4909e+06
-2.86127e+06
-3.22043e+06
-3.56816e+06
-3.90428e+06
-4.22868e+06
-4.54126e+06
-4.84199e+06
-5.13085e+06
-5.40789e+06
-5.67314e+06
-5.92672e+06
-6.16871e+06
-6.39927e+06
-6.61854e+06
-6.82669e+06
-7.0239e+06
-7.21037e+06
-7.38631e+06
-7.55191e+06
-7.7074e+06
-7.85299e+06
-7.9889e+06
-8.11532e+06
-8.23249e+06
-8.34058e+06
-8.43982e+06
-8.53036e+06
-8.61241e+06
-8.68611e+06
-8.75163e+06
-8.8091e+06
-8.85865e+06
-8.90039e+06
-8.9344e+06
-8.96078e+06
-8.97957e+06
-8.99083e+06
-8.99458e+06
1.27511e+07
1.2736e+07
1.26906e+07
1.26152e+07
1.25101e+07
1.23757e+07
1.22127e+07
1.20218e+07
1.18036e+07
1.15593e+07
1.12898e+07
1.09962e+07
1.06797e+07
1.03417e+07
9.9833e+06
9.60607e+06
9.2114e+06
8.80075e+06
8.37564e+06
7.93756e+06
7.48804e+06
7.0286e+06
6.56074e+06
6.08595e+06
5.60568e+06
5.12137e+06
4.63438e+06
4.14608e+06
3.65773e+06
3.17057e+06
2.68578e+06
2.20446e+06
1.72766e+06
1.25636e+06
791453.
333790.
-115860.
-556796.
-988386.
-1.41006e+06
-1.82133e+06
-2.22175e+06
-2.61094e+06
-2.9886e+06
-3.35446e+06
-3.70831e+06
-4.05001e+06
-4.37945e+06
-4.69656e+06
-5.00132e+06
-5.29376e+06
-5.57392e+06
-5.8419e+06
-6.09779e+06
-6.34175e+06
-6.57392e+06
-6.7945e+06
-7.00367e+06
-7.20165e+06
-7.38865e+06
-7.56491e+06
-7.73065e+06
-7.88612e+06
-8.03155e+06
-8.16718e+06
-8.29324e+06
-8.40996e+06
-8.51757e+06
-8.61627e+06
-8.70626e+06
-8.78775e+06
-8.86091e+06
-8.9259e+06
-8.98288e+06
-9.03198e+06
-9.07332e+06
-9.10701e+06
-9.13312e+06
-9.15172e+06
-9.16286e+06
-9.16658e+06
1.31722e+07
1.31563e+07
1.31088e+07
1.30298e+07
1.29197e+07
1.2779e+07
1.26083e+07
1.24084e+07
1.21801e+07
1.19244e+07
1.16425e+07
1.13355e+07
1.10047e+07
1.06514e+07
1.02771e+07
9.88333e+06
9.47151e+06
9.04325e+06
8.60015e+06
8.1438e+06
7.67581e+06
7.1978e+06
6.71135e+06
6.21803e+06
5.71939e+06
5.2169e+06
4.71204e+06
4.20621e+06
3.70074e+06
3.19693e+06
2.69598e+06
2.19907e+06
1.70726e+06
1.22156e+06
742905.
272160.
-189892.
-642540.
-1.08515e+06
-1.51714e+06
-1.93803e+06
-2.34738e+06
-2.74483e+06
-3.13007e+06
-3.50287e+06
-3.86304e+06
-4.21044e+06
-4.54499e+06
-4.86665e+06
-5.17543e+06
-5.47137e+06
-5.75456e+06
-6.02511e+06
-6.28316e+06
-6.52888e+06
-6.76246e+06
-6.98411e+06
-7.19406e+06
-7.39253e+06
-7.57979e+06
-7.75609e+06
-7.92169e+06
-8.07685e+06
-8.22184e+06
-8.35691e+06
-8.48233e+06
-8.59835e+06
-8.7052e+06
-8.80312e+06
-8.89233e+06
-8.97305e+06
-9.04546e+06
-9.10974e+06
-9.16607e+06
-9.21458e+06
-9.25541e+06
-9.28866e+06
-9.31443e+06
-9.33278e+06
-9.34378e+06
-9.34744e+06
1.36314e+07
1.36147e+07
1.35647e+07
1.34817e+07
1.33661e+07
1.32182e+07
1.3039e+07
1.2829e+07
1.25894e+07
1.23211e+07
1.20253e+07
1.17033e+07
1.13565e+07
1.09864e+07
1.05944e+07
1.01822e+07
9.75131e+06
9.30353e+06
8.8405e+06
8.36394e+06
7.87557e+06
7.37708e+06
6.87016e+06
6.35647e+06
5.83765e+06
5.31526e+06
4.79084e+06
4.26586e+06
3.74173e+06
3.21979e+06
2.70132e+06
2.18751e+06
1.67949e+06
1.17828e+06
684849.
200082.
-275223.
-740346.
-1.19464e+06
-1.63755e+06
-2.06857e+06
-2.48729e+06
-2.89336e+06
-3.28648e+06
-3.66644e+06
-4.03307e+06
-4.38627e+06
-4.72597e+06
-5.05218e+06
-5.36492e+06
-5.66427e+06
-5.95035e+06
-6.2233e+06
-6.4833e+06
-6.73056e+06
-6.96529e+06
-7.18774e+06
-7.39817e+06
-7.59685e+06
-7.78405e+06
-7.96008e+06
-8.12522e+06
-8.27975e+06
-8.42398e+06
-8.55819e+06
-8.68267e+06
-8.79769e+06
-8.90351e+06
-9.00038e+06
-9.08856e+06
-9.16827e+06
-9.23972e+06
-9.3031e+06
-9.3586e+06
-9.40637e+06
-9.44655e+06
-9.47926e+06
-9.5046e+06
-9.52264e+06
-9.53345e+06
-9.53704e+06
1.38707e+07
1.38536e+07
1.38024e+07
1.37172e+07
1.35986e+07
1.34471e+07
1.32632e+07
1.3048e+07
1.28024e+07
1.25274e+07
1.22244e+07
1.18945e+07
1.15393e+07
1.11603e+07
1.0759e+07
1.03371e+07
9.89621e+06
9.43817e+06
8.96469e+06
8.47753e+06
7.97846e+06
7.46923e+06
6.9516e+06
6.42726e+06
5.89788e+06
5.36509e+06
4.83046e+06
4.2955e+06
3.76164e+06
3.23028e+06
2.70269e+06
2.18011e+06
1.66366e+06
1.15441e+06
653337.
161322.
-320824.
-792376.
-1.25269e+06
-1.7012e+06
-2.13742e+06
-2.56093e+06
-2.97139e+06
-3.36852e+06
-3.75211e+06
-4.12201e+06
-4.47813e+06
-4.82041e+06
-5.14888e+06
-5.46358e+06
-5.76461e+06
-6.0521e+06
-6.3262e+06
-6.58713e+06
-6.83509e+06
-7.07033e+06
-7.2931e+06
-7.5037e+06
-7.7024e+06
-7.8895e+06
-8.0653e+06
-8.23012e+06
-8.38426e+06
-8.52803e+06
-8.66173e+06
-8.78566e+06
-8.9001e+06
-9.00533e+06
-9.10162e+06
-9.18922e+06
-9.26836e+06
-9.33927e+06
-9.40215e+06
-9.45719e+06
-9.50455e+06
-9.54437e+06
-9.57678e+06
-9.60188e+06
-9.61975e+06
-9.63045e+06
-9.63402e+06
