Vec Object: Vec_0x84000004_3 8 MPI processes
  type: mpi
Process [0]
-3.42805e+08
-3.42441e+08
-3.41351e+08
-3.39542e+08
-3.37021e+08
-3.33803e+08
-3.29907e+08
-3.25355e+08
-3.2018e+08
-3.1442e+08
-3.08119e+08
-3.01332e+08
-2.94121e+08
-2.86556e+08
-2.78714e+08
-2.70678e+08
-2.62532e+08
-2.54364e+08
-2.46258e+08
-2.38294e+08
-2.30545e+08
-2.23074e+08
-2.15934e+08
-2.09164e+08
-2.02795e+08
-1.96844e+08
-1.91318e+08
-1.86216e+08
-1.8153e+08
-1.77246e+08
-1.73348e+08
-1.69814e+08
-1.66623e+08
-1.63752e+08
-1.61179e+08
-1.58883e+08
-1.56842e+08
-1.55036e+08
-1.53445e+08
-1.52053e+08
-1.50842e+08
-1.49797e+08
-1.48904e+08
-1.48148e+08
-1.47517e+08
-1.47e+08
-1.46586e+08
-1.46265e+08
-1.46027e+08
-1.45865e+08
-1.45769e+08
-1.45733e+08
-1.4575e+08
-1.45813e+08
-1.45917e+08
-1.46056e+08
-1.46225e+08
-1.46419e+08
-1.46634e+08
-1.46866e+08
-1.47111e+08
-1.47365e+08
-1.47624e+08
-1.47887e+08
-1.4815e+08
-1.48411e+08
-1.48666e+08
-1.48915e+08
-1.49154e+08
-1.49383e+08
-1.49598e+08
-1.49799e+08
-1.49984e+08
-1.50152e+08
-1.50301e+08
-1.5043e+08
-1.50537e+08
-1.50621e+08
-1.50683e+08
-1.5072e+08
-1.50732e+08
-3.3376e+08
-3.33406e+08
-3.32345e+08
-3.30583e+08
-3.2813e+08
-3.24999e+08
-3.21208e+08
-3.16783e+08
-3.11753e+08
-3.06156e+08
-3.00037e+08
-2.93447e+08
-2.86446e+08
-2.79102e+08
-2.71488e+08
-2.63682e+08
-2.55766e+08
-2.47821e+08
-2.39929e+08
-2.32165e+08
-2.24599e+08
-2.17291e+08
-2.10293e+08
-2.03645e+08
-1.97376e+08
-1.91504e+08
-1.86038e+08
-1.8098e+08
-1.76322e+08
-1.72054e+08
-1.6816e+08
-1.64622e+08
-1.61419e+08
-1.5853e+08
-1.55936e+08
-1.53614e+08
-1.51544e+08
-1.49707e+08
-1.48085e+08
-1.46661e+08
-1.45417e+08
-1.44339e+08
-1.43413e+08
-1.42624e+08
-1.41962e+08
-1.41413e+08
-1.40968e+08
-1.40617e+08
-1.40351e+08
-1.4016e+08
-1.40037e+08
-1.39975e+08
-1.39966e+08
-1.40005e+08
-1.40085e+08
-1.40202e+08
-1.40349e+08
-1.40523e+08
-1.40718e+08
-1.40931e+08
-1.41157e+08
-1.41394e+08
-1.41638e+08
-1.41885e+08
-1.42134e+08
-1.42381e+08
-1.42624e+08
-1.42861e+08
-1.43089e+08
-1.43307e+08
-1.43514e+08
-1.43706e+08
-1.43884e+08
-1.44044e+08
-1.44187e+08
-1.4431e+08
-1.44413e+08
-1.44494e+08
-1.44553e+08
-1.44588e+08
-1.446e+08
-3.16084e+08
-3.15748e+08
-3.14741e+08
-3.1307e+08
-3.10742e+08
-3.07774e+08
-3.04182e+08
-2.99991e+08
-2.9523e+08
-2.89934e+08
-2.84146e+08
-2.77915e+08
-2.71297e+08
-2.64352e+08
-2.57148e+08
-2.49757e+08
-2.42252e+08
-2.34709e+08
-2.272e+08
-2.19796e+08
-2.1256e+08
-2.05549e+08
-1.98813e+08
-1.9239e+08
-1.86309e+08
-1.8059e+08
-1.75244e+08
-1.70275e+08
-1.65681e+08
-1.61453e+08
-1.57578e+08
-1.54041e+08
-1.50827e+08
-1.47915e+08
-1.45287e+08
-1.42925e+08
-1.4081e+08
-1.38923e+08
-1.37248e+08
-1.35768e+08
-1.34468e+08
-1.33332e+08
-1.32348e+08
-1.31502e+08
-1.30782e+08
-1.30177e+08
-1.29677e+08
-1.29272e+08
-1.28952e+08
-1.28709e+08
-1.28536e+08
-1.28425e+08
-1.2837e+08
-1.28363e+08
-1.284e+08
-1.28474e+08
-1.28581e+08
-1.28716e+08
-1.28874e+08
-1.29051e+08
-1.29244e+08
-1.29449e+08
-1.29662e+08
-1.29881e+08
-1.30102e+08
-1.30324e+08
-1.30543e+08
-1.30757e+08
-1.30965e+08
-1.31164e+08
-1.31352e+08
-1.31528e+08
-1.31691e+08
-1.31839e+08
-1.3197e+08
-1.32083e+08
-1.32178e+08
-1.32253e+08
-1.32307e+08
-1.32339e+08
-1.3235e+08
-2.99215e+08
-2.98895e+08
-2.97936e+08
-2.96343e+08
-2.94126e+08
-2.91298e+08
-2.87876e+08
-2.83884e+08
-2.79349e+08
-2.74305e+08
-2.68791e+08
-2.62853e+08
-2.56541e+08
-2.49915e+08
-2.43035e+08
-2.35969e+08
-2.28785e+08
-2.21553e+08
-2.14343e+08
-2.0722e+08
-2.00245e+08
-1.93474e+08
-1.86952e+08
-1.80719e+08
-1.74802e+08
-1.69223e+08
-1.63994e+08
-1.5912e+08
-1.54599e+08
-1.50426e+08
-1.46589e+08
-1.43076e+08
-1.39871e+08
-1.36959e+08
-1.34321e+08
-1.31942e+08
-1.29802e+08
-1.27886e+08
-1.26178e+08
-1.24661e+08
-1.23321e+08
-1.22145e+08
-1.21118e+08
-1.20229e+08
-1.19465e+08
-1.18817e+08
-1.18273e+08
-1.17824e+08
-1.17461e+08
-1.17176e+08
-1.16962e+08
-1.1681e+08
-1.16715e+08
-1.1667e+08
-1.16669e+08
-1.16707e+08
-1.16779e+08
-1.16881e+08
-1.17007e+08
-1.17153e+08
-1.17316e+08
-1.17493e+08
-1.17679e+08
-1.17873e+08
-1.1807e+08
-1.18269e+08
-1.18467e+08
-1.18661e+08
-1.1885e+08
-1.19032e+08
-1.19205e+08
-1.19367e+08
-1.19517e+08
-1.19653e+08
-1.19774e+08
-1.19879e+08
-1.19967e+08
-1.20036e+08
-1.20086e+08
-1.20116e+08
-1.20126e+08
-2.83116e+08
-2.82809e+08
-2.81891e+08
-2.80366e+08
-2.78243e+08
-2.75534e+08
-2.72257e+08
-2.68431e+08
-2.64083e+08
-2.59243e+08
-2.53948e+08
-2.4824e+08
-2.42167e+08
-2.35783e+08
-2.29147e+08
-2.22321e+08
-2.15373e+08
-2.08369e+08
-2.01377e+08
-1.94462e+08
-1.87682e+08
-1.81093e+08
-1.74741e+08
-1.68662e+08
-1.62887e+08
-1.57434e+08
-1.52316e+08
-1.47539e+08
-1.431e+08
-1.38994e+08
-1.35211e+08
-1.3174e+08
-1.28566e+08
-1.25674e+08
-1.23048e+08
-1.20671e+08
-1.18528e+08
-1.16602e+08
-1.14879e+08
-1.13343e+08
-1.11981e+08
-1.10779e+08
-1.09725e+08
-1.08806e+08
-1.08012e+08
-1.07331e+08
-1.06755e+08
-1.06273e+08
-1.05877e+08
-1.0556e+08
-1.05312e+08
-1.05128e+08
-1.05001e+08
-1.04924e+08
-1.04892e+08
-1.04901e+08
-1.04943e+08
-1.05016e+08
-1.05115e+08
-1.05235e+08
-1.05373e+08
-1.05526e+08
-1.05689e+08
-1.0586e+08
-1.06037e+08
-1.06216e+08
-1.06395e+08
-1.06572e+08
-1.06745e+08
-1.06912e+08
-1.07071e+08
-1.07221e+08
-1.07359e+08
-1.07486e+08
-1.07598e+08
-1.07696e+08
-1.07778e+08
-1.07842e+08
-1.07889e+08
-1.07918e+08
-1.07927e+08
-2.67751e+08
-2.67457e+08
-2.66573e+08
-2.65106e+08
-2.63063e+08
-2.60455e+08
-2.57296e+08
-2.53606e+08
-2.49408e+08
-2.44728e+08
-2.39602e+08
-2.34067e+08
-2.28168e+08
-2.21956e+08
-2.15487e+08
-2.08823e+08
-2.02028e+08
-1.9517e+08
-1.88318e+08
-1.81536e+08
-1.74887e+08
-1.68424e+08
-1.62195e+08
-1.56238e+08
-1.50579e+08
-1.45239e+08
-1.40228e+08
-1.35549e+08
-1.312e+08
-1.27173e+08
-1.2346e+08
-1.20048e+08
-1.16923e+08
-1.14071e+08
-1.11475e+08
-1.09121e+08
-1.06993e+08
-1.05076e+08
-1.03355e+08
-1.01817e+08
-1.00449e+08
-9.92367e+07
-9.81692e+07
-9.72346e+07
-9.64223e+07
-9.57221e+07
-9.51243e+07
-9.46201e+07
-9.4201e+07
-9.38591e+07
-9.35871e+07
-9.33781e+07
-9.32259e+07
-9.31245e+07
-9.30684e+07
-9.30524e+07
-9.30716e+07
-9.31215e+07
-9.31977e+07
-9.32961e+07
-9.34132e+07
-9.35452e+07
-9.36891e+07
-9.38419e+07
-9.40006e+07
-9.41628e+07
-9.43261e+07
-9.44883e+07
-9.46473e+07
-9.48012e+07
-9.49485e+07
-9.50874e+07
-9.52165e+07
-9.53345e+07
-9.544e+07
-9.55319e+07
-9.5609e+07
-9.56702e+07
-9.57147e+07
-9.57417e+07
-9.57508e+07
-2.53095e+08
-2.5281e+08
-2.51957e+08
-2.50538e+08
-2.48562e+08
-2.46037e+08
-2.42975e+08
-2.39393e+08
-2.35311e+08
-2.30753e+08
-2.25749e+08
-2.20333e+08
-2.14548e+08
-2.0844e+08
-2.02064e+08
-1.95482e+08
-1.88758e+08
-1.81964e+08
-1.7517e+08
-1.68448e+08
-1.61862e+08
-1.55469e+08
-1.49319e+08
-1.43448e+08
-1.37885e+08
-1.32646e+08
-1.27739e+08
-1.23162e+08
-1.18911e+08
-1.14977e+08
-1.11348e+08
-1.08012e+08
-1.04955e+08
-1.02161e+08
-9.96145e+07
-9.73013e+07
-9.52061e+07
-9.33148e+07
-9.16137e+07
-9.00896e+07
-8.87298e+07
-8.75221e+07
-8.6455e+07
-8.55175e+07
-8.46992e+07
-8.39905e+07
-8.33821e+07
-8.28654e+07
-8.24324e+07
-8.20752e+07
-8.17868e+07
-8.15606e+07
-8.13905e+07
-8.12709e+07
-8.11965e+07
-8.11622e+07
-8.11634e+07
-8.11954e+07
-8.12539e+07
-8.13351e+07
-8.14352e+07
-8.15508e+07
-8.16789e+07
-8.18163e+07
-8.19603e+07
-8.21085e+07
-8.22585e+07
-8.24081e+07
-8.25554e+07
-8.26985e+07
-8.28359e+07
-8.29658e+07
-8.3087e+07
-8.31982e+07
-8.32981e+07
-8.33856e+07
-8.34594e+07
-8.35183e+07
-8.35614e+07
-8.35876e+07
-8.35964e+07
-2.39122e+08
-2.38846e+08
-2.38017e+08
-2.3664e+08
-2.34719e+08
-2.32262e+08
-2.29279e+08
-2.25781e+08
-2.21787e+08
-2.17316e+08
-2.12392e+08
-2.07047e+08
-2.01318e+08
-1.95249e+08
-1.88893e+08
-1.82312e+08
-1.75574e+08
-1.68755e+08
-1.61934e+08
-1.55191e+08
-1.48599e+08
-1.42218e+08
-1.361e+08
-1.30284e+08
-1.24798e+08
-1.19652e+08
-1.1485e+08
-1.10384e+08
-1.06244e+08
-1.02418e+08
-9.88911e+07
-9.56487e+07
-9.26756e+07
-8.99566e+07
-8.74766e+07
-8.5221e+07
-8.31755e+07
-8.13264e+07
-7.96607e+07
-7.81657e+07
-7.68292e+07
-7.56397e+07
-7.45862e+07
-7.36581e+07
-7.28455e+07
-7.21391e+07
-7.15304e+07
-7.10111e+07
-7.05733e+07
-7.02095e+07
-6.99126e+07
-6.96763e+07
-6.94948e+07
-6.93632e+07
-6.92766e+07
-6.923e+07
-6.92185e+07
-6.92376e+07
-6.92832e+07
-6.93514e+07
-6.94387e+07
-6.95418e+07
-6.96575e+07
-6.97828e+07
-6.99153e+07
-7.00522e+07
-7.01915e+07
-7.03309e+07
-7.04687e+07
-7.06029e+07
-7.07321e+07
-7.08548e+07
-7.09696e+07
-7.10754e+07
-7.11711e+07
-7.12555e+07
-7.13275e+07
-7.13856e+07
-7.14283e+07
-7.14545e+07
-7.14633e+07
-2.25812e+08
-2.25543e+08
-2.24736e+08
-2.23394e+08
-2.2152e+08
-2.19119e+08
-2.16199e+08
-2.12767e+08
-2.08837e+08
-2.04423e+08
-1.99544e+08
-1.94226e+08
-1.885e+08
-1.82407e+08
-1.75997e+08
-1.69333e+08
-1.6249e+08
-1.55551e+08
-1.48601e+08
-1.41742e+08
-1.35076e+08
-1.28689e+08
-1.22637e+08
-1.1695e+08
-1.11633e+08
-1.06679e+08
-1.02072e+08
-9.77964e+07
-9.38345e+07
-9.01674e+07
-8.67762e+07
-8.36447e+07
-8.07585e+07
-7.81051e+07
-7.56729e+07
-7.34509e+07
-7.14269e+07
-6.95885e+07
-6.7924e+07
-6.64225e+07
-6.50736e+07
-6.38672e+07
-6.27939e+07
-6.18443e+07
-6.10094e+07
-6.02809e+07
-5.96512e+07
-5.91129e+07
-5.86586e+07
-5.8281e+07
-5.7973e+07
-5.77278e+07
-5.75393e+07
-5.74016e+07
-5.7309e+07
-5.7256e+07
-5.72373e+07
-5.72484e+07
-5.72856e+07
-5.73451e+07
-5.74236e+07
-5.75178e+07
-5.76246e+07
-5.77411e+07
-5.78649e+07
-5.79933e+07
-5.81243e+07
-5.82559e+07
-5.83861e+07
-5.85134e+07
-5.86364e+07
-5.87533e+07
-5.8863e+07
-5.89646e+07
-5.90573e+07
-5.91403e+07
-5.92122e+07
-5.92713e+07
-5.93154e+07
-5.93426e+07
-5.93518e+07
-2.13146e+08
-2.12884e+08
-2.12096e+08
-2.10785e+08
-2.08952e+08
-2.066e+08
-2.03732e+08
-2.00352e+08
-1.96468e+08
-1.92089e+08
-1.87226e+08
-1.81898e+08
-1.76128e+08
-1.69951e+08
-1.63414e+08
-1.56578e+08
-1.49522e+08
-1.42361e+08
-1.35237e+08
-1.28313e+08
-1.21763e+08
-1.15708e+08
-1.10169e+08
-1.05093e+08
-1.00406e+08
-9.60485e+07
-9.19736e+07
-8.81483e+07
-8.45488e+07
-8.11581e+07
-7.79641e+07
-7.49577e+07
-7.21319e+07
-6.94813e+07
-6.70008e+07
-6.4686e+07
-6.25325e+07
-6.0536e+07
-5.86921e+07
-5.69963e+07
-5.54438e+07
-5.40297e+07
-5.27488e+07
-5.15959e+07
-5.05654e+07
-4.96515e+07
-4.8849e+07
-4.81522e+07
-4.75554e+07
-4.70522e+07
-4.66362e+07
-4.63007e+07
-4.60365e+07
-4.58324e+07
-4.56788e+07
-4.55692e+07
-4.54981e+07
-4.54607e+07
-4.54537e+07
-4.54737e+07
-4.55166e+07
-4.5579e+07
-4.56578e+07
-4.57499e+07
-4.58522e+07
-4.59622e+07
-4.60775e+07
-4.61957e+07
-4.6315e+07
-4.64333e+07
-4.65491e+07
-4.6661e+07
-4.67667e+07
-4.68647e+07
-4.69547e+07
-4.70375e+07
-4.71123e+07
-4.71755e+07
-4.72231e+07
-4.72527e+07
-4.72627e+07
-2.01109e+08
-2.00853e+08
-2.00084e+08
-1.98802e+08
-1.97007e+08
-1.94699e+08
-1.91877e+08
-1.88542e+08
-1.84695e+08
-1.80336e+08
-1.7547e+08
-1.70104e+08
-1.64252e+08
-1.57938e+08
-1.51199e+08
-1.44104e+08
-1.36789e+08
-1.29508e+08
-1.22658e+08
-1.16527e+08
-1.11116e+08
-1.06278e+08
-1.0187e+08
-9.77838e+07
-9.3942e+07
-9.02928e+07
-8.68017e+07
-8.34466e+07
-8.0215e+07
-7.7103e+07
-7.41102e+07
-7.12372e+07
-6.84845e+07
-6.58519e+07
-6.33389e+07
-6.0945e+07
-5.86707e+07
-5.6517e+07
-5.44842e+07
-5.25713e+07
-5.07772e+07
-4.91003e+07
-4.75382e+07
-4.60887e+07
-4.47489e+07
-4.35156e+07
-4.23851e+07
-4.13534e+07
-4.04167e+07
-3.95711e+07
-3.88122e+07
Process [1]
-3.81358e+07
-3.75373e+07
-3.70123e+07
-3.65562e+07
-3.61646e+07
-3.58328e+07
-3.55558e+07
-3.53295e+07
-3.51496e+07
-3.50116e+07
-3.4911e+07
-3.48442e+07
-3.48066e+07
-3.47943e+07
-3.48039e+07
-3.48315e+07
-3.48739e+07
-3.49277e+07
-3.4991e+07
-3.50594e+07
-3.51319e+07
-3.52072e+07
-3.52768e+07
-3.534e+07
-3.54043e+07
-3.54675e+07
-3.55222e+07
-3.5564e+07
-3.55901e+07
-3.55989e+07
-1.89685e+08
-1.89435e+08
-1.88684e+08
-1.87432e+08
-1.85675e+08
-1.83412e+08
-1.80637e+08
-1.77347e+08
-1.73534e+08
-1.69193e+08
-1.64316e+08
-1.58898e+08
-1.52939e+08
-1.46445e+08
-1.39461e+08
-1.32165e+08
-1.25041e+08
-1.1871e+08
-1.13411e+08
-1.08948e+08
-1.05024e+08
-1.01387e+08
-9.78849e+07
-9.4464e+07
-9.11159e+07
-8.78422e+07
-8.46469e+07
-8.15351e+07
-7.85114e+07
-7.55801e+07
-7.27444e+07
-7.00069e+07
-6.73697e+07
-6.4834e+07
-6.24002e+07
-6.00685e+07
-5.78382e+07
-5.57079e+07
-5.36759e+07
-5.17402e+07
-4.98985e+07
-4.81485e+07
-4.64876e+07
-4.49131e+07
-4.34226e+07
-4.2013e+07
-4.06811e+07
-3.94237e+07
-3.82378e+07
-3.71211e+07
-3.60713e+07
-3.50865e+07
-3.41671e+07
-3.33159e+07
-3.25339e+07
-3.18196e+07
-3.11703e+07
-3.05828e+07
-3.00531e+07
-2.9577e+07
-2.91514e+07
-2.8773e+07
-2.84377e+07
-2.81427e+07
-2.78845e+07
-2.76599e+07
-2.74657e+07
-2.7299e+07
-2.7157e+07
-2.70369e+07
-2.69362e+07
-2.68528e+07
-2.67844e+07
-2.67289e+07
-2.66849e+07
-2.66511e+07
-2.66262e+07
-2.66088e+07
-2.65974e+07
-2.6591e+07
-2.6589e+07
-1.7886e+08
-1.78616e+08
-1.77885e+08
-1.76664e+08
-1.74949e+08
-1.72735e+08
-1.70014e+08
-1.66775e+08
-1.63006e+08
-1.58691e+08
-1.53811e+08
-1.48346e+08
-1.42275e+08
-1.35607e+08
-1.28556e+08
-1.21799e+08
-1.16151e+08
-1.11763e+08
-1.08152e+08
-1.04836e+08
-1.01597e+08
-9.83914e+07
-9.5217e+07
-9.20736e+07
-8.89669e+07
-8.59077e+07
-8.29068e+07
-7.99735e+07
-7.71155e+07
-7.43385e+07
-7.16464e+07
-6.90426e+07
-6.6529e+07
-6.41074e+07
-6.17785e+07
-5.95424e+07
-5.73985e+07
-5.53452e+07
-5.33809e+07
-5.15035e+07
-4.97107e+07
-4.80002e+07
-4.63695e+07
-4.48161e+07
-4.33375e+07
-4.1931e+07
-4.05938e+07
-3.93232e+07
-3.81167e+07
-3.69721e+07
-3.58873e+07
-3.48606e+07
-3.38901e+07
-3.29735e+07
-3.21092e+07
-3.12955e+07
-3.05311e+07
-2.98146e+07
-2.91434e+07
-2.85154e+07
-2.79289e+07
-2.73822e+07
-2.68734e+07
-2.64012e+07
-2.5964e+07
-2.55603e+07
-2.51887e+07
-2.48479e+07
-2.45366e+07
-2.42527e+07
-2.39966e+07
-2.37658e+07
-2.35582e+07
-2.33794e+07
-2.32274e+07
-2.30927e+07
-2.29753e+07
-2.28807e+07
-2.28118e+07
-2.27699e+07
-2.27559e+07
-1.68616e+08
-1.6838e+08
-1.67671e+08
-1.66486e+08
-1.6482e+08
-1.62664e+08
-1.60008e+08
-1.56836e+08
-1.53129e+08
-1.48863e+08
-1.44007e+08
-1.38521e+08
-1.32381e+08
-1.2576e+08
-1.19412e+08
-1.14327e+08
-1.10594e+08
-1.075e+08
-1.04534e+08
-1.01572e+08
-9.85973e+07
-9.56152e+07
-9.26434e+07
-8.96956e+07
-8.67807e+07
-8.39074e+07
-8.10846e+07
-7.83205e+07
-7.56219e+07
-7.29945e+07
-7.04426e+07
-6.79696e+07
-6.5578e+07
-6.32695e+07
-6.10453e+07
-5.89056e+07
-5.68502e+07
-5.48783e+07
-5.29887e+07
-5.11798e+07
-4.94499e+07
-4.7797e+07
-4.62191e+07
-4.4714e+07
-4.32794e+07
-4.1913e+07
-4.06125e+07
-3.93756e+07
-3.81999e+07
-3.70835e+07
-3.60242e+07
-3.50199e+07
-3.40681e+07
-3.31663e+07
-3.23119e+07
-3.15033e+07
-3.07388e+07
-3.00171e+07
-2.93364e+07
-2.86953e+07
-2.80923e+07
-2.7526e+07
-2.69954e+07
-2.64991e+07
-2.60362e+07
-2.56056e+07
-2.52064e+07
-2.48376e+07
-2.4498e+07
-2.41872e+07
-2.3904e+07
-2.36475e+07
-2.34179e+07
-2.32152e+07
-2.30376e+07
-2.28827e+07
-2.275e+07
-2.26423e+07
-2.25632e+07
-2.25149e+07
-2.24986e+07
-1.58935e+08
-1.58708e+08
-1.58025e+08
-1.56882e+08
-1.55274e+08
-1.53189e+08
-1.50615e+08
-1.47533e+08
-1.43918e+08
-1.39738e+08
-1.34949e+08
-1.29507e+08
-1.23477e+08
-1.17514e+08
-1.12725e+08
-1.09335e+08
-1.06568e+08
-1.03872e+08
-1.01146e+08
-9.83843e+07
-9.56045e+07
-9.28201e+07
-9.0041e+07
-8.72792e+07
-8.45446e+07
-8.18461e+07
-7.91915e+07
-7.65881e+07
-7.40423e+07
-7.15594e+07
-6.91437e+07
-6.67987e+07
-6.4527e+07
-6.23305e+07
-6.02105e+07
-5.81675e+07
-5.62017e+07
-5.43127e+07
-5.24997e+07
-5.07615e+07
-4.90969e+07
-4.75041e+07
-4.59816e+07
-4.45274e+07
-4.31397e+07
-4.18163e+07
-4.05553e+07
-3.93547e+07
-3.82125e+07
-3.71266e+07
-3.6095e+07
-3.51159e+07
-3.41869e+07
-3.33061e+07
-3.24715e+07
-3.16813e+07
-3.09339e+07
-3.02277e+07
-2.95614e+07
-2.89335e+07
-2.83427e+07
-2.77878e+07
-2.72675e+07
-2.67807e+07
-2.63265e+07
-2.59039e+07
-2.55119e+07
-2.51496e+07
-2.48161e+07
-2.45108e+07
-2.42326e+07
-2.39814e+07
-2.37563e+07
-2.35567e+07
-2.33817e+07
-2.32309e+07
-2.31044e+07
-2.30035e+07
-2.29297e+07
-2.28848e+07
-2.28697e+07
-1.49797e+08
-1.4958e+08
-1.48927e+08
-1.47834e+08
-1.46295e+08
-1.44297e+08
-1.41827e+08
-1.38862e+08
-1.35376e+08
-1.31332e+08
-1.26676e+08
-1.21393e+08
-1.15875e+08
-1.11168e+08
-1.07851e+08
-1.05294e+08
-1.02839e+08
-1.0034e+08
-9.77932e+07
-9.52168e+07
-9.26207e+07
-9.00167e+07
-8.74165e+07
-8.48295e+07
-8.22651e+07
-7.97316e+07
-7.72364e+07
-7.47862e+07
-7.23869e+07
-7.00433e+07
-6.77598e+07
-6.55397e+07
-6.33856e+07
-6.12996e+07
-5.9283e+07
-5.73368e+07
-5.54611e+07
-5.3656e+07
-5.1921e+07
-5.02552e+07
-4.86577e+07
-4.71272e+07
-4.56622e+07
-4.42613e+07
-4.29228e+07
-4.16449e+07
-4.0426e+07
-3.92641e+07
-3.81576e+07
-3.71045e+07
-3.61032e+07
-3.51517e+07
-3.42482e+07
-3.33909e+07
-3.25782e+07
-3.18082e+07
-3.10796e+07
-3.03908e+07
-2.97405e+07
-2.91275e+07
-2.85504e+07
-2.80081e+07
-2.74995e+07
-2.70235e+07
-2.65792e+07
-2.61656e+07
-2.57818e+07
-2.54271e+07
-2.51006e+07
-2.48017e+07
-2.45296e+07
-2.42838e+07
-2.40637e+07
-2.38688e+07
-2.36987e+07
-2.35532e+07
-2.34325e+07
-2.33373e+07
-2.32683e+07
-2.32266e+07
-2.32126e+07
-1.41176e+08
-1.40971e+08
-1.40353e+08
-1.39319e+08
-1.37861e+08
-1.35968e+08
-1.33625e+08
-1.3081e+08
-1.27495e+08
-1.23641e+08
-1.19208e+08
-1.14296e+08
-1.09665e+08
-1.06209e+08
-1.03717e+08
-1.01473e+08
-9.91936e+07
-9.6857e+07
-9.44799e+07
-9.20716e+07
-8.96446e+07
-8.72093e+07
-8.47753e+07
-8.23523e+07
-7.99481e+07
-7.75708e+07
-7.5227e+07
-7.2923e+07
-7.06641e+07
-6.84549e+07
-6.62996e+07
-6.42012e+07
-6.21624e+07
-6.01852e+07
-5.82712e+07
-5.64213e+07
-5.46359e+07
-5.29153e+07
-5.12592e+07
-4.96671e+07
-4.81383e+07
-4.66717e+07
-4.52662e+07
-4.39205e+07
-4.26333e+07
-4.14031e+07
-4.02283e+07
-3.91073e+07
-3.80387e+07
-3.70207e+07
-3.60517e+07
-3.51301e+07
-3.42543e+07
-3.34226e+07
-3.26336e+07
-3.18857e+07
-3.11776e+07
-3.05078e+07
-2.98752e+07
-2.92784e+07
-2.87164e+07
-2.81881e+07
-2.76924e+07
-2.72284e+07
-2.6795e+07
-2.63915e+07
-2.60171e+07
-2.56709e+07
-2.53523e+07
-2.50605e+07
-2.47951e+07
-2.45554e+07
-2.4341e+07
-2.41514e+07
-2.39865e+07
-2.38461e+07
-2.37303e+07
-2.36396e+07
-2.35743e+07
-2.35348e+07
-2.35217e+07
-1.33046e+08
-1.32854e+08
-1.32276e+08
-1.31309e+08
-1.29945e+08
-1.28174e+08
-1.25982e+08
-1.2335e+08
-1.2025e+08
-1.16645e+08
-1.12528e+08
-1.0822e+08
-1.04548e+08
-1.01924e+08
-9.98243e+07
-9.77464e+07
-9.56111e+07
-9.3426e+07
-9.12013e+07
-8.89488e+07
-8.66783e+07
-8.43993e+07
-8.21211e+07
-7.98516e+07
-7.75987e+07
-7.53692e+07
-7.31696e+07
-7.10052e+07
-6.88812e+07
-6.68018e+07
-6.47707e+07
-6.27909e+07
-6.0865e+07
-5.8995e+07
-5.71824e+07
-5.54282e+07
-5.3733e+07
-5.20972e+07
-5.05207e+07
-4.90033e+07
-4.75443e+07
-4.6143e+07
-4.47985e+07
-4.35098e+07
-4.22757e+07
-4.10949e+07
-3.99661e+07
-3.8888e+07
-3.78591e+07
-3.68781e+07
-3.59434e+07
-3.50537e+07
-3.42075e+07
-3.34033e+07
-3.26399e+07
-3.19157e+07
-3.12297e+07
-3.05805e+07
-2.99669e+07
-2.93878e+07
-2.88423e+07
-2.83292e+07
-2.78475e+07
-2.73965e+07
-2.69752e+07
-2.65828e+07
-2.62186e+07
-2.58818e+07
-2.55718e+07
-2.5288e+07
-2.50298e+07
-2.47968e+07
-2.45886e+07
-2.44048e+07
-2.42452e+07
-2.41097e+07
-2.39984e+07
-2.39115e+07
-2.38491e+07
-2.38116e+07
-2.3799e+07
-1.25374e+08
-1.25196e+08
-1.24663e+08
-1.2377e+08
-1.22512e+08
-1.20881e+08
-1.18863e+08
-1.16443e+08
-1.136e+08
-1.10303e+08
-1.06597e+08
-1.02965e+08
-1.00089e+08
-9.79484e+07
-9.60383e+07
-9.40931e+07
-9.20892e+07
-9.00404e+07
-8.79565e+07
-8.58472e+07
-8.37215e+07
-8.15884e+07
-7.94555e+07
-7.73308e+07
-7.52207e+07
-7.31317e+07
-7.10694e+07
-6.90389e+07
-6.70446e+07
-6.50905e+07
-6.318e+07
-6.13159e+07
-5.95005e+07
-5.77359e+07
-5.60234e+07
-5.43642e+07
-5.27589e+07
-5.1208e+07
-4.97115e+07
-4.82693e+07
-4.68811e+07
-4.55462e+07
-4.42641e+07
-4.30337e+07
-4.18541e+07
-4.07244e+07
-3.96433e+07
-3.86097e+07
-3.76224e+07
-3.668e+07
-3.57815e+07
-3.49253e+07
-3.41104e+07
-3.33354e+07
-3.25991e+07
-3.19003e+07
-3.12378e+07
-3.06105e+07
-3.00173e+07
-2.94572e+07
-2.89293e+07
-2.84326e+07
-2.79661e+07
-2.75291e+07
-2.71208e+07
-2.67404e+07
-2.63872e+07
-2.60606e+07
-2.576e+07
-2.54848e+07
-2.52345e+07
-2.50087e+07
-2.4807e+07
-2.46292e+07
-2.4475e+07
-2.43444e+07
-2.42374e+07
-2.41539e+07
-2.40942e+07
-2.40583e+07
-2.40463e+07
-1.18124e+08
-1.17963e+08
-1.17478e+08
-1.16667e+08
-1.15525e+08
-1.14046e+08
-1.12221e+08
-1.10038e+08
-1.07484e+08
-1.04544e+08
-1.01316e+08
-9.82996e+07
-9.59785e+07
-9.41282e+07
-9.23397e+07
-9.05053e+07
-8.86212e+07
-8.66968e+07
-8.47418e+07
-8.27645e+07
-8.07736e+07
-7.87763e+07
-7.67802e+07
-7.47918e+07
-7.28171e+07
-7.08618e+07
-6.89308e+07
-6.70288e+07
-6.51595e+07
-6.33268e+07
-6.15334e+07
-5.97821e+07
-5.80751e+07
-5.64141e+07
-5.48005e+07
-5.32354e+07
-5.17196e+07
-5.02534e+07
-4.88371e+07
-4.74707e+07
-4.61539e+07
-4.48864e+07
-4.36675e+07
-4.24967e+07
-4.1373e+07
-4.02956e+07
-3.92637e+07
-3.82761e+07
-3.73317e+07
-3.64297e+07
-3.55687e+07
-3.47477e+07
-3.39656e+07
-3.32212e+07
-3.25135e+07
-3.18413e+07
-3.12037e+07
-3.05997e+07
-3.00282e+07
-2.94882e+07
-2.89791e+07
-2.84997e+07
-2.80495e+07
-2.76275e+07
-2.72331e+07
-2.68655e+07
-2.65241e+07
-2.62084e+07
-2.59178e+07
-2.56518e+07
-2.54099e+07
-2.51917e+07
-2.4997e+07
-2.48254e+07
-2.46768e+07
-2.45511e+07
-2.44481e+07
-2.4368e+07
-2.43107e+07
-2.42763e+07
-2.42648e+07
-1.1126e+08
-1.11116e+08
-1.10682e+08
-1.09958e+08
-1.0894e+08
-1.07624e+08
-1.06005e+08
-1.04077e+08
-1.01831e+08
-9.92731e+07
-9.65365e+07
-9.40413e+07
-9.20769e+07
-9.03972e+07
-8.87123e+07
-8.69772e+07
-8.52006e+07
-8.33898e+07
-8.1553e+07
-7.96982e+07
-7.78324e+07
-7.59628e+07
-7.40953e+07
-7.2236e+07
-7.03901e+07
-6.85624e+07
-6.67574e+07
-6.4979e+07
-6.32306e+07
-6.15155e+07
-5.98363e+07
-5.81952e+07
-5.65944e+07
-5.50353e+07
-5.35194e+07
-5.20476e+07
-5.06206e+07
-4.9239e+07
-4.7903e+07
-4.66126e+07
-4.53678e+07
-4.41682e+07
-4.30135e+07
-4.19031e+07
-4.08364e+07
-3.98126e+07
-3.88309e+07
-3.78906e+07
-3.69906e+07
-3.61301e+07
-3.5308e+07
-3.45235e+07
-3.37755e+07
-3.30631e+07
-3.23853e+07
-3.17411e+07
-3.11296e+07
-3.055e+07
-3.00012e+07
-2.94825e+07
-2.89931e+07
-2.85322e+07
-2.8099e+07
-2.76929e+07
-2.73132e+07
-2.69592e+07
-2.66304e+07
-2.63263e+07
-2.60463e+07
-2.57899e+07
-2.55569e+07
-2.53468e+07
-2.51593e+07
-2.49942e+07
-2.48513e+07
-2.47305e+07
-2.46316e+07
-2.45548e+07
-2.44999e+07
-2.44669e+07
-2.44559e+07
Process [2]
-1.04741e+08
-1.04614e+08
-1.04234e+08
-1.03599e+08
-1.0271e+08
-1.01563e+08
-1.00159e+08
-9.84938e+07
-9.65676e+07
-9.43974e+07
-9.21233e+07
-9.00482e+07
-8.8316e+07
-8.67411e+07
-8.51439e+07
-8.35002e+07
-8.18207e+07
-8.01134e+07
-7.83857e+07
-7.66444e+07
-7.48959e+07
-7.31461e+07
-7.14004e+07
-6.96638e+07
-6.79409e+07
-6.62356e+07
-6.45519e+07
-6.28929e+07
-6.12617e+07
-5.9661e+07
-5.80931e+07
-5.656e+07
-5.50634e+07
-5.36048e+07
-5.21853e+07
-5.08059e+07
-4.94673e+07
-4.81699e+07
-4.6914e+07
-4.56999e+07
-4.45274e+07
-4.33963e+07
-4.23064e+07
-4.12573e+07
-4.02483e+07
-3.92791e+07
-3.83488e+07
-3.74567e+07
-3.66022e+07
-3.57844e+07
-3.50025e+07
-3.42557e+07
-3.3543e+07
-3.28637e+07
-3.22169e+07
-3.16018e+07
-3.10175e+07
-3.04633e+07
-2.99383e+07
-2.94418e+07
-2.89731e+07
-2.85314e+07
-2.81162e+07
-2.77268e+07
-2.73625e+07
-2.70228e+07
-2.67072e+07
-2.64152e+07
-2.61464e+07
-2.59003e+07
-2.56765e+07
-2.54748e+07
-2.52948e+07
-2.51364e+07
-2.49994e+07
-2.48836e+07
-2.47889e+07
-2.47153e+07
-2.46627e+07
-2.46312e+07
-2.46207e+07
-9.85239e+07
-9.84151e+07
-9.8089e+07
-9.75458e+07
-9.67863e+07
-9.58115e+07
-9.46231e+07
-9.3224e+07
-9.16185e+07
-8.9829e+07
-8.79658e+07
-8.62183e+07
-8.46521e+07
-8.31536e+07
-8.16282e+07
-8.00653e+07
-7.84738e+07
-7.68612e+07
-7.52343e+07
-7.35989e+07
-7.19605e+07
-7.03242e+07
-6.86944e+07
-6.70751e+07
-6.54702e+07
-6.38829e+07
-6.23164e+07
-6.07733e+07
-5.92562e+07
-5.77672e+07
-5.63082e+07
-5.48809e+07
-5.34869e+07
-5.21273e+07
-5.08031e+07
-4.95153e+07
-4.82644e+07
-4.70509e+07
-4.58752e+07
-4.47373e+07
-4.36373e+07
-4.25751e+07
-4.15505e+07
-4.05632e+07
-3.96128e+07
-3.86989e+07
-3.78208e+07
-3.6978e+07
-3.61699e+07
-3.53958e+07
-3.4655e+07
-3.39469e+07
-3.32706e+07
-3.26254e+07
-3.20106e+07
-3.14256e+07
-3.08695e+07
-3.03416e+07
-2.98413e+07
-2.93679e+07
-2.89207e+07
-2.84991e+07
-2.81026e+07
-2.77305e+07
-2.73824e+07
-2.70576e+07
-2.67558e+07
-2.64766e+07
-2.62194e+07
-2.59839e+07
-2.57698e+07
-2.55768e+07
-2.54047e+07
-2.52532e+07
-2.51221e+07
-2.50114e+07
-2.49209e+07
-2.48506e+07
-2.48004e+07
-2.47703e+07
-2.47603e+07
-9.25675e+07
-9.24765e+07
-9.22041e+07
-9.17515e+07
-9.11209e+07
-9.03158e+07
-8.93408e+07
-8.82026e+07
-8.69105e+07
-8.54847e+07
-8.39852e+07
-8.25001e+07
-8.10594e+07
-7.96217e+07
-7.81563e+07
-7.66639e+07
-7.51516e+07
-7.36258e+07
-7.20925e+07
-7.05566e+07
-6.90225e+07
-6.74943e+07
-6.59754e+07
-6.44691e+07
-6.29782e+07
-6.15053e+07
-6.00527e+07
-5.86226e+07
-5.72168e+07
-5.58372e+07
-5.44851e+07
-5.3162e+07
-5.1869e+07
-5.06072e+07
-4.93774e+07
-4.81804e+07
-4.70167e+07
-4.58868e+07
-4.47909e+07
-4.37292e+07
-4.27019e+07
-4.17089e+07
-4.075e+07
-3.9825e+07
-3.89337e+07
-3.80757e+07
-3.72505e+07
-3.64577e+07
-3.56969e+07
-3.49673e+07
-3.42685e+07
-3.35999e+07
-3.29609e+07
-3.23507e+07
-3.17689e+07
-3.12147e+07
-3.06876e+07
-3.01869e+07
-2.97121e+07
-2.92625e+07
-2.88376e+07
-2.84369e+07
-2.80597e+07
-2.77057e+07
-2.73743e+07
-2.7065e+07
-2.67776e+07
-2.65115e+07
-2.62663e+07
-2.60419e+07
-2.58378e+07
-2.56539e+07
-2.54898e+07
-2.53454e+07
-2.52205e+07
-2.51151e+07
-2.50289e+07
-2.49619e+07
-2.49141e+07
-2.48855e+07
-2.48759e+07
-8.68292e+07
-8.67556e+07
-8.65355e+07
-8.61708e+07
-8.56654e+07
-8.50244e+07
-8.42552e+07
-8.33677e+07
-8.23747e+07
-8.12913e+07
-8.01226e+07
-7.88622e+07
-7.75209e+07
-7.61312e+07
-7.47165e+07
-7.32856e+07
-7.18447e+07
-7.03992e+07
-6.89535e+07
-6.75118e+07
-6.60772e+07
-6.46529e+07
-6.32412e+07
-6.18444e+07
-6.04644e+07
-5.91031e+07
-5.7762e+07
-5.64426e+07
-5.51462e+07
-5.3874e+07
-5.26273e+07
-5.14068e+07
-5.02137e+07
-4.90487e+07
-4.79124e+07
-4.68055e+07
-4.57285e+07
-4.46818e+07
-4.36655e+07
-4.26801e+07
-4.17255e+07
-4.08017e+07
-3.99088e+07
-3.90465e+07
-3.82147e+07
-3.74131e+07
-3.66415e+07
-3.58993e+07
-3.51863e+07
-3.4502e+07
-3.38459e+07
-3.32176e+07
-3.26165e+07
-3.20422e+07
-3.1494e+07
-3.09715e+07
-3.04741e+07
-3.00014e+07
-2.95527e+07
-2.91277e+07
-2.87257e+07
-2.83464e+07
-2.79892e+07
-2.76538e+07
-2.73397e+07
-2.70464e+07
-2.67737e+07
-2.65213e+07
-2.62886e+07
-2.60756e+07
-2.58819e+07
-2.57072e+07
-2.55514e+07
-2.54143e+07
-2.52958e+07
-2.51956e+07
-2.51138e+07
-2.50503e+07
-2.50049e+07
-2.49777e+07
-2.49687e+07
-8.12679e+07
-8.12109e+07
-8.10406e+07
-8.07598e+07
-8.03733e+07
-7.98879e+07
-7.93131e+07
-7.86613e+07
-7.79482e+07
-7.71832e+07
-7.63219e+07
-7.52702e+07
-7.40183e+07
-7.26678e+07
-7.12954e+07
-6.99187e+07
-6.8543e+07
-6.71721e+07
-6.58095e+07
-6.44579e+07
-6.31196e+07
-6.17961e+07
-6.0489e+07
-5.91994e+07
-5.79283e+07
-5.66767e+07
-5.54453e+07
-5.4235e+07
-5.30465e+07
-5.18805e+07
-5.07378e+07
-4.9619e+07
-4.85248e+07
-4.74556e+07
-4.64122e+07
-4.53949e+07
-4.44041e+07
-4.34401e+07
-4.25034e+07
-4.1594e+07
-4.0712e+07
-3.98576e+07
-3.90308e+07
-3.82315e+07
-3.74595e+07
-3.67148e+07
-3.5997e+07
-3.5306e+07
-3.46414e+07
-3.40029e+07
-3.33901e+07
-3.28027e+07
-3.22402e+07
-3.17023e+07
-3.11884e+07
-3.06982e+07
-3.02312e+07
-2.9787e+07
-2.93652e+07
-2.89652e+07
-2.85868e+07
-2.82294e+07
-2.78928e+07
-2.75764e+07
-2.728e+07
-2.70033e+07
-2.67458e+07
-2.65073e+07
-2.62875e+07
-2.60862e+07
-2.59031e+07
-2.5738e+07
-2.55907e+07
-2.54611e+07
-2.5349e+07
-2.52543e+07
-2.5177e+07
-2.51169e+07
-2.5074e+07
-2.50483e+07
-2.50397e+07
-7.58444e+07
-7.58028e+07
-7.56791e+07
-7.54767e+07
-7.52011e+07
-7.48604e+07
-7.44656e+07
-7.40309e+07
-7.35744e+07
-7.31027e+07
-7.25356e+07
-7.16955e+07
-7.05341e+07
-6.92158e+07
-6.78785e+07
-6.65503e+07
-6.52349e+07
-6.39347e+07
-6.2652e+07
-6.13881e+07
-6.01438e+07
-5.89197e+07
-5.77158e+07
-5.65322e+07
-5.53689e+07
-5.42259e+07
-5.31033e+07
-5.20012e+07
-5.09197e+07
-4.98591e+07
-4.88197e+07
-4.78018e+07
-4.68057e+07
-4.58319e+07
-4.48807e+07
-4.39524e+07
-4.30474e+07
-4.2166e+07
-4.13084e+07
-4.04749e+07
-3.96656e+07
-3.88806e+07
-3.81199e+07
-3.73837e+07
-3.66718e+07
-3.59841e+07
-3.53206e+07
-3.46811e+07
-3.40653e+07
-3.3473e+07
-3.2904e+07
-3.2358e+07
-3.18346e+07
-3.13336e+07
-3.08545e+07
-3.03971e+07
-2.99611e+07
-2.95459e+07
-2.91513e+07
-2.8777e+07
-2.84226e+07
-2.80877e+07
-2.7772e+07
-2.74752e+07
-2.7197e+07
-2.6937e+07
-2.66951e+07
-2.6471e+07
-2.62643e+07
-2.6075e+07
-2.59027e+07
-2.57474e+07
-2.56088e+07
-2.54868e+07
-2.53814e+07
-2.52923e+07
-2.52195e+07
-2.51629e+07
-2.51226e+07
-2.50984e+07
-2.50903e+07
-7.05217e+07
-7.04943e+07
-7.04135e+07
-7.02829e+07
-7.01086e+07
-6.98997e+07
-6.96682e+07
-6.94296e+07
-6.92033e+07
-6.89978e+07
-6.87197e+07
-6.81097e+07
-6.70481e+07
-6.57572e+07
-6.44501e+07
-6.31665e+07
-6.19079e+07
-6.0676e+07
-5.94715e+07
-5.82944e+07
-5.71439e+07
-5.60189e+07
-5.49182e+07
-5.38407e+07
-5.27852e+07
-5.17509e+07
-5.0737e+07
-4.97428e+07
-4.87681e+07
-4.78125e+07
-4.68759e+07
-4.59584e+07
-4.50601e+07
-4.41811e+07
-4.33216e+07
-4.2482e+07
-4.16625e+07
-4.08633e+07
-4.00847e+07
-3.93268e+07
-3.859e+07
-3.78743e+07
-3.71798e+07
-3.65067e+07
-3.58549e+07
-3.52245e+07
-3.46155e+07
-3.40276e+07
-3.34609e+07
-3.29152e+07
-3.23904e+07
-3.18861e+07
-3.14022e+07
-3.09385e+07
-3.04947e+07
-3.00706e+07
-2.96658e+07
-2.92802e+07
-2.89133e+07
-2.8565e+07
-2.8235e+07
-2.79229e+07
-2.76286e+07
-2.73517e+07
-2.7092e+07
-2.68493e+07
-2.66232e+07
-2.64137e+07
-2.62205e+07
-2.60434e+07
-2.58822e+07
-2.57368e+07
-2.56071e+07
-2.54929e+07
-2.53941e+07
-2.53107e+07
-2.52426e+07
-2.51896e+07
-2.51518e+07
-2.51291e+07
-2.51216e+07
-6.52659e+07
-6.52514e+07
-6.52091e+07
-6.5143e+07
-6.50596e+07
-6.49684e+07
-6.48821e+07
-6.48167e+07
-6.47922e+07
-6.48219e+07
-6.4825e+07
-6.44705e+07
-6.35317e+07
-6.22733e+07
-6.09944e+07
-5.97518e+07
-5.8548e+07
-5.73838e+07
-5.62581e+07
-5.51688e+07
-5.41134e+07
-5.3089e+07
-5.2093e+07
-5.11229e+07
-5.01764e+07
-4.92517e+07
-4.83471e+07
-4.74614e+07
-4.65936e+07
-4.57431e+07
-4.49093e+07
-4.40921e+07
-4.32913e+07
-4.25069e+07
-4.17389e+07
-4.09877e+07
-4.02533e+07
-3.9536e+07
-3.8836e+07
-3.81537e+07
-3.74891e+07
-3.68425e+07
-3.62142e+07
-3.56041e+07
-3.50125e+07
-3.44394e+07
-3.38849e+07
-3.33489e+07
-3.28315e+07
-3.23326e+07
-3.1852e+07
-3.13898e+07
-3.09457e+07
-3.05196e+07
-3.01114e+07
-2.97208e+07
-2.93477e+07
-2.89919e+07
-2.86532e+07
-2.83312e+07
-2.80259e+07
-2.7737e+07
-2.74644e+07
-2.72077e+07
-2.69668e+07
-2.67415e+07
-2.65316e+07
-2.63369e+07
-2.61573e+07
-2.59927e+07
-2.58428e+07
-2.57075e+07
-2.55868e+07
-2.54805e+07
-2.53886e+07
-2.53109e+07
-2.52474e+07
-2.51981e+07
-2.51629e+07
-2.51418e+07
-2.51348e+07
-6.00466e+07
-6.00434e+07
-6.00351e+07
-6.00257e+07
-6.00219e+07
-6.00335e+07
-6.00734e+07
-6.01578e+07
-6.03066e+07
-6.05401e+07
-6.07996e+07
-6.07142e+07
-5.99468e+07
-5.87471e+07
-5.74939e+07
-5.62889e+07
-5.51397e+07
-5.40449e+07
-5.30008e+07
-5.20027e+07
-5.10457e+07
-5.01254e+07
-4.92371e+07
-4.83771e+07
-4.75418e+07
-4.67285e+07
-4.59347e+07
-4.51586e+07
-4.43986e+07
-4.36537e+07
-4.29231e+07
-4.22063e+07
-4.1503e+07
-4.0813e+07
-4.01363e+07
-3.94731e+07
-3.88236e+07
-3.81879e+07
-3.75663e+07
-3.69592e+07
-3.63666e+07
-3.5789e+07
-3.52266e+07
-3.46795e+07
-3.41479e+07
-3.36321e+07
-3.31321e+07
-3.2648e+07
-3.21799e+07
-3.17278e+07
-3.12918e+07
-3.08717e+07
-3.04676e+07
-3.00794e+07
-2.97069e+07
-2.93502e+07
-2.9009e+07
-2.86833e+07
-2.83728e+07
-2.80775e+07
-2.77972e+07
-2.75318e+07
-2.7281e+07
-2.70447e+07
-2.68229e+07
-2.66153e+07
-2.64217e+07
-2.62421e+07
-2.60764e+07
-2.59243e+07
-2.57858e+07
-2.56609e+07
-2.55493e+07
-2.5451e+07
-2.5366e+07
-2.52941e+07
-2.52354e+07
-2.51898e+07
-2.51572e+07
-2.51377e+07
-2.51312e+07
-5.48368e+07
-5.48433e+07
-5.48643e+07
-5.49036e+07
-5.4968e+07
-5.50672e+07
-5.52139e+07
-5.54243e+07
-5.57186e+07
-5.61226e+07
-5.65956e+07
-5.67785e+07
-5.62487e+07
-5.51529e+07
-5.39253e+07
-5.27564e+07
-5.16653e+07
-5.06452e+07
-4.96884e+07
-4.87873e+07
-4.79347e+07
-4.71236e+07
-4.63478e+07
-4.5602e+07
-4.48814e+07
-4.41823e+07
-4.35016e+07
-4.28367e+07
-4.21858e+07
-4.15475e+07
-4.09206e+07
-4.03045e+07
-3.96987e+07
-3.91031e+07
-3.85176e+07
-3.79423e+07
-3.73773e+07
-3.68229e+07
-3.62794e+07
-3.57471e+07
-3.52263e+07
-3.47174e+07
-3.42206e+07
-3.37362e+07
-3.32645e+07
-3.28058e+07
-3.23602e+07
-3.1928e+07
-3.15092e+07
-3.11039e+07
-3.07124e+07
-3.03346e+07
-2.99705e+07
-2.96202e+07
-2.92837e+07
-2.89609e+07
-2.86518e+07
-2.83563e+07
-2.80743e+07
-2.78058e+07
-2.75507e+07
-2.73089e+07
-2.70802e+07
-2.68646e+07
-2.6662e+07
-2.64722e+07
-2.62952e+07
-2.61308e+07
-2.5979e+07
-2.58397e+07
-2.57128e+07
-2.55982e+07
-2.54958e+07
-2.54056e+07
-2.53276e+07
-2.52616e+07
-2.52077e+07
-2.51658e+07
-2.51359e+07
-2.5118e+07
-2.5112e+07
-4.96129e+07
-4.96277e+07
-4.96732e+07
-4.97534e+07
-4.98746e+07
-5.00463e+07
-5.02806e+07
-5.05934e+07
-5.10045e+07
-5.15399e+07
Process [3]
-5.21774e+07
-5.26231e+07
-5.23902e+07
-5.14462e+07
-5.02556e+07
-4.91301e+07
-4.8106e+07
-4.71696e+07
-4.63093e+07
-4.55144e+07
-4.47744e+07
-4.40801e+07
-4.34233e+07
-4.27971e+07
-4.21958e+07
-4.16146e+07
-4.10498e+07
-4.04985e+07
-3.99583e+07
-3.94276e+07
-3.89053e+07
-3.83904e+07
-3.78825e+07
-3.73813e+07
-3.68868e+07
-3.63991e+07
-3.59184e+07
-3.54449e+07
-3.49791e+07
-3.45213e+07
-3.40718e+07
-3.36312e+07
-3.31997e+07
-3.27777e+07
-3.23656e+07
-3.19638e+07
-3.15724e+07
-3.11918e+07
-3.08221e+07
-3.04637e+07
-3.01166e+07
-2.9781e+07
-2.94569e+07
-2.91446e+07
-2.8844e+07
-2.85552e+07
-2.82783e+07
-2.80131e+07
-2.77598e+07
-2.75182e+07
-2.72884e+07
-2.70703e+07
-2.68638e+07
-2.6669e+07
-2.64857e+07
-2.63139e+07
-2.61535e+07
-2.60045e+07
-2.58667e+07
-2.57403e+07
-2.5625e+07
-2.55208e+07
-2.54278e+07
-2.53458e+07
-2.52748e+07
-2.52147e+07
-2.51657e+07
-2.51275e+07
-2.51003e+07
-2.50839e+07
-2.50785e+07
-4.43555e+07
-4.43769e+07
-4.44425e+07
-4.45558e+07
-4.47229e+07
-4.49525e+07
-4.52561e+07
-4.56483e+07
-4.61471e+07
-4.67748e+07
-4.75276e+07
-4.82145e+07
-4.83122e+07
-4.75693e+07
-4.64483e+07
-4.53852e+07
-4.44419e+07
-4.36028e+07
-4.28528e+07
-4.21766e+07
-4.15605e+07
-4.09926e+07
-4.0463e+07
-3.99633e+07
-3.94867e+07
-3.90278e+07
-3.85824e+07
-3.81472e+07
-3.77197e+07
-3.72982e+07
-3.68812e+07
-3.64681e+07
-3.60583e+07
-3.56516e+07
-3.5248e+07
-3.48476e+07
-3.44508e+07
-3.40578e+07
-3.36692e+07
-3.32854e+07
-3.29068e+07
-3.2534e+07
-3.21674e+07
-3.18074e+07
-3.14545e+07
-3.11092e+07
-3.07717e+07
-3.04424e+07
-3.01217e+07
-2.98098e+07
-2.9507e+07
-2.92134e+07
-2.89293e+07
-2.86549e+07
-2.83902e+07
-2.81354e+07
-2.78906e+07
-2.76558e+07
-2.74311e+07
-2.72165e+07
-2.7012e+07
-2.68177e+07
-2.66335e+07
-2.64595e+07
-2.62956e+07
-2.61419e+07
-2.59982e+07
-2.58646e+07
-2.5741e+07
-2.56274e+07
-2.55239e+07
-2.54302e+07
-2.53465e+07
-2.52727e+07
-2.52088e+07
-2.51547e+07
-2.51105e+07
-2.50762e+07
-2.50516e+07
-2.50369e+07
-2.5032e+07
-3.90482e+07
-3.9075e+07
-3.91563e+07
-3.92956e+07
-3.94983e+07
-3.97723e+07
-4.01279e+07
-4.05782e+07
-4.11387e+07
-4.18269e+07
-4.26549e+07
-4.35226e+07
-4.39304e+07
-4.34582e+07
-4.24739e+07
-4.14963e+07
-4.06522e+07
-3.99304e+07
-3.93091e+07
-3.87681e+07
-3.82901e+07
-3.78606e+07
-3.74679e+07
-3.71026e+07
-3.67571e+07
-3.64255e+07
-3.61033e+07
-3.57871e+07
-3.54744e+07
-3.51634e+07
-3.48529e+07
-3.45421e+07
-3.42306e+07
-3.39183e+07
-3.36053e+07
-3.32919e+07
-3.29786e+07
-3.26656e+07
-3.23537e+07
-3.20432e+07
-3.17349e+07
-3.14294e+07
-3.1127e+07
-3.08285e+07
-3.05344e+07
-3.02451e+07
-2.99611e+07
-2.96828e+07
-2.94107e+07
-2.91451e+07
-2.88862e+07
-2.86345e+07
-2.83902e+07
-2.81535e+07
-2.79246e+07
-2.77037e+07
-2.74909e+07
-2.72864e+07
-2.70902e+07
-2.69026e+07
-2.67235e+07
-2.6553e+07
-2.63911e+07
-2.62379e+07
-2.60935e+07
-2.59578e+07
-2.58309e+07
-2.57127e+07
-2.56033e+07
-2.55027e+07
-2.54108e+07
-2.53277e+07
-2.52534e+07
-2.51878e+07
-2.5131e+07
-2.50829e+07
-2.50436e+07
-2.5013e+07
-2.49912e+07
-2.49781e+07
-2.49737e+07
-3.36784e+07
-3.37091e+07
-3.38024e+07
-3.3961e+07
-3.419e+07
-3.44961e+07
-3.48884e+07
-3.5378e+07
-3.59781e+07
-3.67036e+07
-3.75745e+07
-3.85383e+07
-3.91934e+07
-3.9056e+07
-3.82918e+07
-3.74333e+07
-3.67164e+07
-3.61397e+07
-3.56715e+07
-3.52863e+07
-3.49634e+07
-3.46861e+07
-3.44415e+07
-3.42193e+07
-3.40117e+07
-3.38126e+07
-3.36176e+07
-3.34233e+07
-3.32275e+07
-3.30284e+07
-3.28251e+07
-3.2617e+07
-3.24039e+07
-3.21859e+07
-3.19632e+07
-3.17363e+07
-3.15058e+07
-3.12722e+07
-3.10362e+07
-3.07985e+07
-3.05598e+07
-3.03208e+07
-3.00821e+07
-2.98445e+07
-2.96085e+07
-2.93746e+07
-2.91436e+07
-2.89159e+07
-2.86919e+07
-2.84721e+07
-2.8257e+07
-2.80468e+07
-2.7842e+07
-2.76427e+07
-2.74494e+07
-2.72622e+07
-2.70813e+07
-2.69069e+07
-2.67393e+07
-2.65785e+07
-2.64246e+07
-2.62779e+07
-2.61383e+07
-2.60059e+07
-2.58809e+07
-2.57633e+07
-2.56531e+07
-2.55503e+07
-2.54551e+07
-2.53674e+07
-2.52873e+07
-2.52148e+07
-2.51498e+07
-2.50925e+07
-2.50428e+07
-2.50007e+07
-2.49663e+07
-2.49395e+07
-2.49203e+07
-2.49089e+07
-2.4905e+07
-2.82362e+07
-2.82698e+07
-2.83715e+07
-2.85437e+07
-2.87906e+07
-2.91182e+07
-2.95339e+07
-3.0047e+07
-3.06684e+07
-3.14112e+07
-3.22922e+07
-3.32841e+07
-3.41205e+07
-3.43255e+07
-3.38434e+07
-3.31624e+07
-3.26177e+07
-3.2223e+07
-3.1938e+07
-3.17328e+07
-3.15843e+07
-3.14745e+07
-3.13897e+07
-3.13198e+07
-3.1257e+07
-3.11957e+07
-3.11316e+07
-3.1062e+07
-3.09847e+07
-3.08987e+07
-3.08032e+07
-3.0698e+07
-3.05832e+07
-3.04591e+07
-3.03262e+07
-3.01852e+07
-3.00367e+07
-2.98817e+07
-2.97208e+07
-2.9555e+07
-2.93851e+07
-2.92118e+07
-2.9036e+07
-2.88584e+07
-2.86798e+07
-2.85009e+07
-2.83222e+07
-2.81444e+07
-2.7968e+07
-2.77937e+07
-2.76218e+07
-2.74527e+07
-2.7287e+07
-2.71249e+07
-2.69668e+07
-2.68131e+07
-2.66639e+07
-2.65195e+07
-2.63801e+07
-2.6246e+07
-2.61173e+07
-2.59942e+07
-2.58767e+07
-2.57651e+07
-2.56595e+07
-2.55598e+07
-2.54663e+07
-2.5379e+07
-2.52979e+07
-2.52231e+07
-2.51547e+07
-2.50927e+07
-2.50371e+07
-2.4988e+07
-2.49454e+07
-2.49093e+07
-2.48798e+07
-2.48568e+07
-2.48403e+07
-2.48305e+07
-2.48272e+07
-2.27148e+07
-2.27502e+07
-2.28573e+07
-2.30381e+07
-2.3296e+07
-2.36359e+07
-2.4064e+07
-2.45876e+07
-2.52154e+07
-2.59572e+07
-2.6823e+07
-2.78034e+07
-2.87543e+07
-2.9253e+07
-2.90869e+07
-2.86603e+07
-2.83488e+07
-2.81805e+07
-2.81134e+07
-2.81152e+07
-2.81616e+07
-2.82349e+07
-2.83219e+07
-2.84131e+07
-2.85017e+07
-2.85827e+07
-2.86529e+07
-2.87101e+07
-2.87529e+07
-2.87806e+07
-2.87932e+07
-2.87908e+07
-2.87738e+07
-2.87429e+07
-2.8699e+07
-2.86429e+07
-2.85756e+07
-2.84981e+07
-2.84114e+07
-2.83164e+07
-2.82143e+07
-2.81058e+07
-2.7992e+07
-2.78736e+07
-2.77516e+07
-2.76267e+07
-2.74996e+07
-2.73711e+07
-2.72418e+07
-2.71122e+07
-2.6983e+07
-2.68547e+07
-2.67276e+07
-2.66023e+07
-2.64791e+07
-2.63585e+07
-2.62407e+07
-2.6126e+07
-2.60147e+07
-2.59071e+07
-2.58033e+07
-2.57037e+07
-2.56082e+07
-2.55172e+07
-2.54308e+07
-2.53491e+07
-2.52721e+07
-2.52001e+07
-2.51331e+07
-2.50712e+07
-2.50144e+07
-2.49629e+07
-2.49167e+07
-2.48758e+07
-2.48402e+07
-2.48101e+07
-2.47854e+07
-2.47662e+07
-2.47524e+07
-2.47442e+07
-2.47414e+07
-1.71094e+07
-1.71459e+07
-1.72559e+07
-1.7441e+07
-1.77041e+07
-1.8049e+07
-1.84805e+07
-1.90043e+07
-1.96266e+07
-2.03542e+07
-2.11925e+07
-2.21431e+07
-2.31369e+07
-2.38461e+07
-2.40172e+07
-2.39286e+07
-2.39163e+07
-2.40238e+07
-2.42118e+07
-2.44481e+07
-2.47099e+07
-2.49812e+07
-2.52507e+07
-2.55109e+07
-2.57562e+07
-2.59834e+07
-2.61903e+07
-2.63758e+07
-2.65393e+07
-2.6681e+07
-2.68013e+07
-2.6901e+07
-2.6981e+07
-2.70424e+07
-2.70864e+07
-2.71141e+07
-2.71267e+07
-2.71255e+07
-2.71118e+07
-2.70865e+07
-2.7051e+07
-2.70062e+07
-2.69533e+07
-2.68932e+07
-2.68268e+07
-2.67551e+07
-2.66788e+07
-2.65988e+07
-2.65158e+07
-2.64304e+07
-2.63433e+07
-2.6255e+07
-2.61661e+07
-2.60771e+07
-2.59884e+07
-2.59005e+07
-2.58137e+07
-2.57284e+07
-2.56449e+07
-2.55635e+07
-2.54845e+07
-2.5408e+07
-2.53344e+07
-2.52639e+07
-2.51965e+07
-2.51325e+07
-2.50721e+07
-2.50153e+07
-2.49622e+07
-2.49131e+07
-2.48679e+07
-2.48268e+07
-2.47898e+07
-2.47571e+07
-2.47286e+07
-2.47044e+07
-2.46845e+07
-2.4669e+07
-2.4658e+07
-2.46513e+07
-2.46491e+07
-1.14176e+07
-1.14544e+07
-1.15652e+07
-1.17514e+07
-1.20151e+07
-1.23591e+07
-1.27871e+07
-1.33033e+07
-1.39119e+07
-1.46171e+07
-1.54228e+07
-1.63339e+07
-1.73143e+07
-1.81567e+07
-1.86682e+07
-1.89891e+07
-1.93449e+07
-1.9779e+07
-2.02583e+07
-2.07547e+07
-2.12498e+07
-2.17316e+07
-2.21924e+07
-2.26273e+07
-2.30334e+07
-2.34091e+07
-2.37539e+07
-2.4068e+07
-2.4352e+07
-2.4607e+07
-2.48342e+07
-2.50349e+07
-2.52106e+07
-2.53629e+07
-2.54932e+07
-2.56032e+07
-2.56943e+07
-2.57681e+07
-2.58258e+07
-2.58689e+07
-2.58987e+07
-2.59164e+07
-2.59231e+07
-2.59201e+07
-2.59084e+07
-2.58888e+07
-2.58625e+07
-2.58301e+07
-2.57926e+07
-2.57506e+07
-2.57048e+07
-2.5656e+07
-2.56047e+07
-2.55514e+07
-2.54968e+07
-2.54411e+07
-2.53849e+07
-2.53286e+07
-2.52725e+07
-2.5217e+07
-2.51624e+07
-2.5109e+07
-2.5057e+07
-2.50066e+07
-2.49582e+07
-2.49118e+07
-2.48676e+07
-2.48259e+07
-2.47867e+07
-2.47502e+07
-2.47165e+07
-2.46858e+07
-2.4658e+07
-2.46333e+07
-2.46118e+07
-2.45934e+07
-2.45784e+07
-2.45666e+07
-2.45582e+07
-2.45531e+07
-2.45515e+07
-5.63824e+06
-5.67485e+06
-5.78498e+06
-5.9696e+06
-6.23029e+06
-6.56911e+06
-6.98865e+06
-7.49163e+06
-8.081e+06
-8.75929e+06
-9.52874e+06
-1.03919e+07
-1.13331e+07
-1.22686e+07
-1.31108e+07
-1.38913e+07
-1.46818e+07
-1.54894e+07
-1.62903e+07
-1.70666e+07
-1.7808e+07
-1.85089e+07
-1.91663e+07
-1.97791e+07
-2.03474e+07
-2.0872e+07
-2.13545e+07
-2.17964e+07
-2.21997e+07
-2.25664e+07
-2.28987e+07
-2.31986e+07
-2.34682e+07
-2.37095e+07
-2.39244e+07
-2.41149e+07
-2.42827e+07
-2.44296e+07
-2.45573e+07
-2.46671e+07
-2.47608e+07
-2.48395e+07
-2.49047e+07
-2.49575e+07
-2.49992e+07
-2.50308e+07
-2.50532e+07
-2.50676e+07
-2.50746e+07
-2.50752e+07
-2.50701e+07
-2.506e+07
-2.50456e+07
-2.50275e+07
-2.50062e+07
-2.49823e+07
-2.49563e+07
-2.49285e+07
-2.48995e+07
-2.48695e+07
-2.4839e+07
-2.48083e+07
-2.47776e+07
-2.47472e+07
-2.47173e+07
-2.46883e+07
-2.46603e+07
-2.46335e+07
-2.4608e+07
-2.4584e+07
-2.45617e+07
-2.45411e+07
-2.45224e+07
-2.45057e+07
-2.44911e+07
-2.44786e+07
-2.44683e+07
-2.44602e+07
-2.44544e+07
-2.44509e+07
-2.44498e+07
228216.
192215.
83975.6
-97177.6
-352276.
-682807.
-1.09029e+06
-1.5766e+06
-2.14325e+06
-2.79191e+06
-3.52321e+06
-4.33513e+06
-5.23228e+06
-6.25677e+06
-7.44431e+06
-8.72862e+06
-1.00025e+07
-1.12152e+07
-1.23557e+07
-1.34226e+07
-1.44164e+07
-1.53393e+07
-1.61942e+07
-1.69846e+07
-1.77139e+07
-1.83857e+07
-1.90036e+07
-1.9571e+07
-2.00911e+07
-2.05671e+07
-2.1002e+07
-2.13986e+07
-2.17596e+07
-2.20876e+07
-2.23848e+07
-2.26537e+07
-2.28961e+07
-2.31143e+07
-2.33099e+07
-2.34848e+07
-2.36406e+07
-2.37788e+07
-2.3901e+07
-2.40083e+07
-2.41021e+07
-2.41835e+07
-2.42537e+07
-2.43137e+07
-2.43643e+07
-2.44066e+07
-2.44413e+07
-2.44692e+07
-2.44909e+07
-2.45073e+07
-2.45188e+07
-2.45261e+07
-2.45296e+07
-2.453e+07
-2.45275e+07
-2.45227e+07
-2.45159e+07
-2.45074e+07
-2.44977e+07
-2.4487e+07
-2.44756e+07
-2.44637e+07
-2.44515e+07
-2.44394e+07
-2.44274e+07
-2.44158e+07
-2.44047e+07
-2.43942e+07
-2.43845e+07
-2.43757e+07
-2.43679e+07
-2.43611e+07
-2.43555e+07
-2.43511e+07
-2.43479e+07
-2.43459e+07
-2.43453e+07
Process [4]
6.18052e+06
6.14539e+06
6.03986e+06
5.86354e+06
5.6157e+06
5.29563e+06
4.90228e+06
4.43487e+06
3.89267e+06
3.27522e+06
2.58202e+06
1.81586e+06
952383.
-198121.
-1.79677e+06
-3.63239e+06
-5.40603e+06
-7.02922e+06
-8.5108e+06
-9.86678e+06
-1.111e+07
-1.22511e+07
-1.32994e+07
-1.42631e+07
-1.51491e+07
-1.59639e+07
-1.67131e+07
-1.7402e+07
-1.80352e+07
-1.86169e+07
-1.9151e+07
-1.96411e+07
-2.00906e+07
-2.05023e+07
-2.08792e+07
-2.12238e+07
-2.15386e+07
-2.18257e+07
-2.20873e+07
-2.23252e+07
-2.25414e+07
-2.27374e+07
-2.29148e+07
-2.30751e+07
-2.32197e+07
-2.33497e+07
-2.34664e+07
-2.35708e+07
-2.36641e+07
-2.3747e+07
-2.38206e+07
-2.38856e+07
-2.39427e+07
-2.39928e+07
-2.40365e+07
-2.40743e+07
-2.41069e+07
-2.41347e+07
-2.41583e+07
-2.41782e+07
-2.41946e+07
-2.42081e+07
-2.4219e+07
-2.42277e+07
-2.42343e+07
-2.42393e+07
-2.42428e+07
-2.42451e+07
-2.42464e+07
-2.42469e+07
-2.42469e+07
-2.42463e+07
-2.42455e+07
-2.42445e+07
-2.42434e+07
-2.42423e+07
-2.42413e+07
-2.42404e+07
-2.42398e+07
-2.42394e+07
-2.42393e+07
1.22167e+07
1.21826e+07
1.20803e+07
1.19096e+07
1.16702e+07
1.13616e+07
1.09836e+07
1.05361e+07
1.00187e+07
9.43279e+06
8.77814e+06
8.05031e+06
7.17285e+06
5.78731e+06
3.66913e+06
1.25215e+06
-998958.
-3.00944e+06
-4.81418e+06
-6.44461e+06
-7.92467e+06
-9.2732e+06
-1.05054e+07
-1.16338e+07
-1.26691e+07
-1.362e+07
-1.44946e+07
-1.52994e+07
-1.60406e+07
-1.67233e+07
-1.73524e+07
-1.79322e+07
-1.84664e+07
-1.89586e+07
-1.9412e+07
-1.98296e+07
-2.0214e+07
-2.05676e+07
-2.08928e+07
-2.11917e+07
-2.14662e+07
-2.17181e+07
-2.19492e+07
-2.21608e+07
-2.23546e+07
-2.25318e+07
-2.26937e+07
-2.28414e+07
-2.29761e+07
-2.30986e+07
-2.32101e+07
-2.33113e+07
-2.3403e+07
-2.3486e+07
-2.35611e+07
-2.36288e+07
-2.36897e+07
-2.37445e+07
-2.37937e+07
-2.38377e+07
-2.3877e+07
-2.3912e+07
-2.39431e+07
-2.39707e+07
-2.39951e+07
-2.40166e+07
-2.40354e+07
-2.40519e+07
-2.40663e+07
-2.40788e+07
-2.40896e+07
-2.40989e+07
-2.41067e+07
-2.41133e+07
-2.41188e+07
-2.41233e+07
-2.41269e+07
-2.41296e+07
-2.41314e+07
-2.41326e+07
-2.41329e+07
1.83343e+07
1.83013e+07
1.82025e+07
1.80379e+07
1.78072e+07
1.75108e+07
1.71486e+07
1.67205e+07
1.62285e+07
1.56715e+07
1.50551e+07
1.43599e+07
1.33492e+07
1.15041e+07
8.75313e+06
5.78912e+06
3.1216e+06
771128.
-1.32148e+06
-3.19911e+06
-4.89444e+06
-6.43277e+06
-7.83425e+06
-9.11518e+06
-1.0289e+07
-1.13671e+07
-1.23588e+07
-1.32726e+07
-1.41154e+07
-1.48936e+07
-1.56127e+07
-1.62774e+07
-1.68923e+07
-1.74612e+07
-1.79877e+07
-1.84749e+07
-1.8926e+07
-1.93434e+07
-1.97298e+07
-2.00872e+07
-2.04179e+07
-2.07238e+07
-2.10065e+07
-2.12679e+07
-2.15093e+07
-2.17321e+07
-2.19378e+07
-2.21276e+07
-2.23024e+07
-2.24635e+07
-2.26118e+07
-2.27482e+07
-2.28736e+07
-2.29888e+07
-2.30944e+07
-2.31912e+07
-2.32799e+07
-2.3361e+07
-2.34351e+07
-2.35028e+07
-2.35644e+07
-2.36204e+07
-2.36713e+07
-2.37175e+07
-2.37593e+07
-2.3797e+07
-2.38309e+07
-2.38613e+07
-2.38886e+07
-2.39128e+07
-2.39342e+07
-2.3953e+07
-2.39694e+07
-2.39835e+07
-2.39955e+07
-2.40055e+07
-2.40135e+07
-2.40196e+07
-2.4024e+07
-2.40266e+07
-2.40274e+07
2.45306e+07
2.44988e+07
2.44036e+07
2.4245e+07
2.40233e+07
2.37388e+07
2.33916e+07
2.29837e+07
2.25137e+07
2.19865e+07
2.13996e+07
2.06791e+07
1.9308e+07
1.66925e+07
1.32508e+07
9.8672e+06
6.87805e+06
4.25241e+06
1.92053e+06
-167221.
-2.04877e+06
-3.75369e+06
-5.30551e+06
-6.72325e+06
-8.02254e+06
-9.2164e+06
-1.03158e+07
-1.133e+07
-1.22672e+07
-1.31344e+07
-1.39375e+07
-1.46821e+07
-1.53729e+07
-1.60143e+07
-1.661e+07
-1.71635e+07
-1.7678e+07
-1.81564e+07
-1.86011e+07
-1.90147e+07
-1.93993e+07
-1.9757e+07
-2.00895e+07
-2.03987e+07
-2.0686e+07
-2.0953e+07
-2.12011e+07
-2.14314e+07
-2.16453e+07
-2.18437e+07
-2.20278e+07
-2.21984e+07
-2.23565e+07
-2.25028e+07
-2.26382e+07
-2.27635e+07
-2.28791e+07
-2.29859e+07
-2.30843e+07
-2.3175e+07
-2.32584e+07
-2.3335e+07
-2.34053e+07
-2.34696e+07
-2.35283e+07
-2.35819e+07
-2.36305e+07
-2.36746e+07
-2.37143e+07
-2.375e+07
-2.37819e+07
-2.38101e+07
-2.38348e+07
-2.38563e+07
-2.38746e+07
-2.38899e+07
-2.39023e+07
-2.39118e+07
-2.39186e+07
-2.39227e+07
-2.3924e+07
3.0803e+07
3.07723e+07
3.06805e+07
3.05279e+07
3.03145e+07
3.00413e+07
2.97096e+07
2.93179e+07
2.88718e+07
2.83686e+07
2.77906e+07
2.68153e+07
2.46282e+07
2.10555e+07
1.70635e+07
1.34199e+07
1.02187e+07
7.39259e+06
4.87772e+06
2.62314e+06
589366.
-1.25496e+06
-2.93504e+06
-4.47139e+06
-5.88092e+06
-7.17775e+06
-8.37375e+06
-9.47905e+06
-1.05023e+07
-1.14511e+07
-1.2332e+07
-1.31508e+07
-1.39125e+07
-1.46217e+07
-1.52825e+07
-1.58986e+07
-1.64732e+07
-1.70093e+07
-1.75097e+07
-1.79768e+07
-1.84129e+07
-1.88201e+07
-1.92004e+07
-1.95555e+07
-1.9887e+07
-2.01965e+07
-2.04854e+07
-2.0755e+07
-2.10065e+07
-2.12411e+07
-2.14597e+07
-2.16635e+07
-2.18533e+07
-2.20299e+07
-2.21943e+07
-2.23471e+07
-2.2489e+07
-2.26207e+07
-2.27428e+07
-2.28559e+07
-2.29606e+07
-2.30572e+07
-2.31463e+07
-2.32283e+07
-2.33036e+07
-2.33726e+07
-2.34356e+07
-2.3493e+07
-2.3545e+07
-2.35918e+07
-2.36339e+07
-2.36712e+07
-2.37042e+07
-2.37328e+07
-2.37573e+07
-2.37779e+07
-2.37945e+07
-2.38074e+07
-2.38165e+07
-2.3822e+07
-2.38238e+07
3.71486e+07
3.71191e+07
3.70305e+07
3.68831e+07
3.66778e+07
3.64152e+07
3.60953e+07
3.57237e+07
3.52942e+07
3.4804e+07
3.40493e+07
3.22273e+07
2.878e+07
2.44288e+07
2.01988e+07
1.64394e+07
1.31211e+07
1.01703e+07
7.53032e+06
5.15448e+06
3.0047e+06
1.05019e+06
-734271.
-2.36949e+06
-3.87276e+06
-5.2586e+06
-6.53933e+06
-7.72543e+06
-8.82593e+06
-9.84867e+06
-1.08005e+07
-1.16873e+07
-1.25146e+07
-1.32869e+07
-1.40084e+07
-1.46831e+07
-1.53142e+07
-1.59049e+07
-1.64579e+07
-1.69758e+07
-1.74609e+07
-1.79154e+07
-1.83413e+07
-1.87404e+07
-1.91143e+07
-1.94646e+07
-1.97928e+07
-2.01001e+07
-2.03879e+07
-2.06574e+07
-2.09095e+07
-2.11453e+07
-2.13657e+07
-2.15718e+07
-2.17641e+07
-2.19437e+07
-2.2111e+07
-2.2267e+07
-2.24121e+07
-2.2547e+07
-2.26722e+07
-2.27883e+07
-2.28958e+07
-2.2995e+07
-2.30864e+07
-2.31705e+07
-2.32475e+07
-2.33178e+07
-2.33817e+07
-2.34395e+07
-2.34914e+07
-2.35377e+07
-2.35786e+07
-2.36142e+07
-2.36448e+07
-2.36704e+07
-2.36912e+07
-2.37073e+07
-2.37188e+07
-2.37256e+07
-2.37279e+07
4.35652e+07
4.35365e+07
4.34509e+07
4.33086e+07
4.31095e+07
4.28556e+07
4.255e+07
4.21879e+07
4.17678e+07
4.10891e+07
3.94087e+07
3.60719e+07
3.15565e+07
2.69212e+07
2.27034e+07
1.89458e+07
1.5591e+07
1.2583e+07
9.87281e+06
7.41984e+06
5.18999e+06
3.1547e+06
1.29014e+06
-423689.
-2.00367e+06
-3.4641e+06
-4.8172e+06
-6.07346e+06
-7.24194e+06
-8.33054e+06
-9.34616e+06
-1.02949e+07
-1.1182e+07
-1.20124e+07
-1.27903e+07
-1.35195e+07
-1.42034e+07
-1.48453e+07
-1.54479e+07
-1.60138e+07
-1.65455e+07
-1.70449e+07
-1.75143e+07
-1.79553e+07
-1.83697e+07
-1.87591e+07
-1.9125e+07
-1.94686e+07
-1.97914e+07
-2.00943e+07
-2.03787e+07
-2.06454e+07
-2.08955e+07
-2.11299e+07
-2.13493e+07
-2.15547e+07
-2.17468e+07
-2.19262e+07
-2.20936e+07
-2.22496e+07
-2.23948e+07
-2.25298e+07
-2.2655e+07
-2.2771e+07
-2.28781e+07
-2.29767e+07
-2.30673e+07
-2.31502e+07
-2.32257e+07
-2.32941e+07
-2.33557e+07
-2.34106e+07
-2.34593e+07
-2.35017e+07
-2.35382e+07
-2.35687e+07
-2.35936e+07
-2.36128e+07
-2.36265e+07
-2.36347e+07
-2.36374e+07
5.00515e+07
5.00227e+07
4.99377e+07
4.98004e+07
4.9611e+07
4.93626e+07
4.90556e+07
4.86586e+07
4.78877e+07
4.60622e+07
4.26583e+07
3.80698e+07
3.32378e+07
2.87303e+07
2.46523e+07
2.09746e+07
1.76526e+07
1.46441e+07
1.19118e+07
9.42195e+06
7.14548e+06
5.05739e+06
3.13622e+06
1.36359e+06
-276274.
-1.79691e+06
-3.21003e+06
-4.52575e+06
-5.75291e+06
-6.89922e+06
-7.97147e+06
-8.97564e+06
-9.91706e+06
-1.08005e+07
-1.16301e+07
-1.24097e+07
-1.31429e+07
-1.38326e+07
-1.44817e+07
-1.50928e+07
-1.56683e+07
-1.62104e+07
-1.6721e+07
-1.7202e+07
-1.7655e+07
-1.80818e+07
-1.84837e+07
-1.88621e+07
-1.92183e+07
-1.95536e+07
-1.98689e+07
-2.01654e+07
-2.0444e+07
-2.07057e+07
-2.09513e+07
-2.11817e+07
-2.13976e+07
-2.15996e+07
-2.17886e+07
-2.19651e+07
-2.21297e+07
-2.2283e+07
-2.24254e+07
-2.25576e+07
-2.26798e+07
-2.27926e+07
-2.28964e+07
-2.29915e+07
-2.30782e+07
-2.31569e+07
-2.32278e+07
-2.32912e+07
-2.33473e+07
-2.33964e+07
-2.34385e+07
-2.34739e+07
-2.35027e+07
-2.3525e+07
-2.35408e+07
-2.35503e+07
-2.35535e+07
5.66078e+07
5.65787e+07
5.64919e+07
5.6348e+07
5.6145e+07
5.58468e+07
5.5295e+07
5.41324e+07
5.18631e+07
4.8232e+07
4.3636e+07
3.88149e+07
3.4229e+07
2.99985e+07
2.61234e+07
2.258e+07
1.93411e+07
1.63783e+07
1.36637e+07
1.11714e+07
8.87792e+06
6.76237e+06
4.80627e+06
2.99342e+06
1.30966e+06
-257385.
-1.71855e+06
-3.08331e+06
-4.36001e+06
-5.55601e+06
-6.6778e+06
-7.73115e+06
-8.72122e+06
-9.65261e+06
-1.05295e+07
-1.13555e+07
-1.21341e+07
-1.28682e+07
-1.35608e+07
-1.42143e+07
-1.48312e+07
-1.54134e+07
-1.5963e+07
-1.64819e+07
-1.69718e+07
-1.74341e+07
-1.78704e+07
-1.82821e+07
-1.86704e+07
-1.90365e+07
-1.93816e+07
-1.97067e+07
-2.00128e+07
-2.03008e+07
-2.05716e+07
-2.0826e+07
-2.10648e+07
-2.12888e+07
-2.14986e+07
-2.16948e+07
-2.18781e+07
-2.2049e+07
-2.22081e+07
-2.23559e+07
-2.24928e+07
-2.26194e+07
-2.27359e+07
-2.28427e+07
-2.29403e+07
-2.30289e+07
-2.31089e+07
-2.31804e+07
-2.32438e+07
-2.32992e+07
-2.33469e+07
-2.3387e+07
-2.34195e+07
-2.34448e+07
-2.34627e+07
-2.34735e+07
-2.34771e+07
6.3047e+07
6.30047e+07
6.28569e+07
6.25388e+07
6.19351e+07
6.08673e+07
5.90754e+07
5.62755e+07
5.24449e+07
4.79839e+07
4.33907e+07
3.89485e+07
3.47557e+07
3.08371e+07
2.71945e+07
2.38203e+07
2.07002e+07
1.78168e+07
1.51512e+07
1.26846e+07
1.03991e+07
8.27807e+06
6.30625e+06
4.46996e+06
2.75696e+06
1.15631e+06
-341664.
-1.7456e+06
-3.06314e+06
-4.30111e+06
-5.4656e+06
-6.56203e+06
-7.59529e+06
-8.56977e+06
-9.48941e+06
-1.03578e+07
-1.11782e+07
-1.19535e+07
-1.26865e+07
-1.33797e+07
-1.40352e+07
-1.46553e+07
-1.52418e+07
-1.57966e+07
-1.63213e+07
-1.68175e+07
-1.72866e+07
-1.773e+07
-1.81489e+07
-1.85446e+07
-1.89182e+07
-1.92707e+07
-1.96031e+07
-1.99164e+07
-2.02114e+07
-2.0489e+07
-2.07499e+07
-2.09949e+07
-2.12247e+07
-2.14399e+07
-2.16412e+07
-2.18292e+07
-2.20044e+07
-2.21672e+07
-2.23183e+07
-2.2458e+07
-2.25868e+07
-2.27051e+07
-2.28131e+07
-2.29113e+07
-2.3e+07
-2.30794e+07
-2.31498e+07
-2.32114e+07
-2.32644e+07
-2.33089e+07
-2.33452e+07
-2.33733e+07
-2.33933e+07
-2.34052e+07
-2.34092e+07
6.72324e+07
6.70653e+07
6.65372e+07
6.55674e+07
6.40243e+07
6.17572e+07
5.8709e+07
5.50262e+07
5.09839e+07
4.6829e+07
Process [5]
4.2723e+07
3.87483e+07
3.49449e+07
3.13383e+07
2.79406e+07
2.47545e+07
2.17754e+07
1.89948e+07
1.64011e+07
1.3982e+07
1.17246e+07
9.61622e+06
7.64502e+06
5.79988e+06
4.0706e+06
2.44788e+06
923312.
-510700.
-1.86099e+06
-3.13373e+06
-4.33446e+06
-5.46818e+06
-6.53943e+06
-7.55229e+06
-8.51047e+06
-9.41736e+06
-1.0276e+07
-1.10893e+07
-1.18598e+07
-1.25898e+07
-1.32816e+07
-1.39372e+07
-1.45585e+07
-1.51472e+07
-1.57049e+07
-1.62332e+07
-1.67335e+07
-1.72071e+07
-1.76553e+07
-1.80792e+07
-1.848e+07
-1.88587e+07
-1.92164e+07
-1.95539e+07
-1.98721e+07
-2.01718e+07
-2.0454e+07
-2.07192e+07
-2.09682e+07
-2.12017e+07
-2.14203e+07
-2.16247e+07
-2.18153e+07
-2.19926e+07
-2.21573e+07
-2.23097e+07
-2.24504e+07
-2.25796e+07
-2.26977e+07
-2.28052e+07
-2.29022e+07
-2.29892e+07
-2.30663e+07
-2.31338e+07
-2.31919e+07
-2.32408e+07
-2.32806e+07
-2.33114e+07
-2.33334e+07
-2.33465e+07
-2.33509e+07
6.65596e+07
6.62614e+07
6.53645e+07
6.38653e+07
6.17737e+07
5.91384e+07
5.60594e+07
5.26718e+07
4.91147e+07
4.54944e+07
4.18813e+07
3.83322e+07
3.48899e+07
3.1583e+07
2.84294e+07
2.54381e+07
2.26118e+07
1.99483e+07
1.74422e+07
1.50863e+07
1.28721e+07
1.07908e+07
8.83358e+06
6.99179e+06
5.25732e+06
3.62255e+06
2.08043e+06
624473.
-751249.
-2.05215e+06
-3.28317e+06
-4.44882e+06
-5.55318e+06
-6.60001e+06
-7.59272e+06
-8.53444e+06
-9.42806e+06
-1.02762e+07
-1.10813e+07
-1.18457e+07
-1.25713e+07
-1.32602e+07
-1.39141e+07
-1.45347e+07
-1.51237e+07
-1.56824e+07
-1.62122e+07
-1.67145e+07
-1.71905e+07
-1.76414e+07
-1.80682e+07
-1.8472e+07
-1.88537e+07
-1.92143e+07
-1.95547e+07
-1.98758e+07
-2.01782e+07
-2.04628e+07
-2.07303e+07
-2.09813e+07
-2.12165e+07
-2.14366e+07
-2.16419e+07
-2.18333e+07
-2.2011e+07
-2.21756e+07
-2.23275e+07
-2.24672e+07
-2.25951e+07
-2.27114e+07
-2.28165e+07
-2.29107e+07
-2.29943e+07
-2.30675e+07
-2.31305e+07
-2.31836e+07
-2.32267e+07
-2.32602e+07
-2.3284e+07
-2.32983e+07
-2.3303e+07
6.26775e+07
6.23857e+07
6.15192e+07
6.01071e+07
5.82035e+07
5.58866e+07
5.32438e+07
5.03558e+07
4.7297e+07
4.41408e+07
4.09516e+07
3.77799e+07
3.46656e+07
3.16386e+07
2.87195e+07
2.59213e+07
2.32514e+07
2.07122e+07
1.8303e+07
1.60208e+07
1.38607e+07
1.18172e+07
9.88431e+06
8.05567e+06
6.32514e+06
4.68675e+06
3.13481e+06
1.66399e+06
269291.
-1.0539e+06
-2.30986e+06
-3.50254e+06
-4.63556e+06
-5.71229e+06
-6.7358e+06
-7.70894e+06
-8.63435e+06
-9.51446e+06
-1.03515e+07
-1.11477e+07
-1.19048e+07
-1.26249e+07
-1.33094e+07
-1.39601e+07
-1.45785e+07
-1.5166e+07
-1.57239e+07
-1.62534e+07
-1.67559e+07
-1.72323e+07
-1.76839e+07
-1.81115e+07
-1.85162e+07
-1.8899e+07
-1.92606e+07
-1.96019e+07
-1.99238e+07
-2.02269e+07
-2.0512e+07
-2.07798e+07
-2.10309e+07
-2.12659e+07
-2.14855e+07
-2.16901e+07
-2.18803e+07
-2.20566e+07
-2.22194e+07
-2.23691e+07
-2.25062e+07
-2.2631e+07
-2.27438e+07
-2.2845e+07
-2.29347e+07
-2.30134e+07
-2.30811e+07
-2.31381e+07
-2.31845e+07
-2.32204e+07
-2.3246e+07
-2.32614e+07
-2.32665e+07
5.86648e+07
5.84205e+07
5.76959e+07
5.65165e+07
5.49237e+07
5.29716e+07
5.0722e+07
4.82394e+07
4.55862e+07
4.28201e+07
3.99936e+07
3.71518e+07
3.43311e+07
3.15602e+07
2.88608e+07
2.62482e+07
2.37323e+07
2.13191e+07
1.90111e+07
1.68084e+07
1.47095e+07
1.27113e+07
1.08103e+07
9.00231e+06
7.28292e+06
5.64773e+06
4.09238e+06
2.61265e+06
1.20451e+06
-135868.
-1.41206e+06
-2.62744e+06
-3.78514e+06
-4.88808e+06
-5.939e+06
-6.94042e+06
-7.89472e+06
-8.80411e+06
-9.67065e+06
-1.04963e+07
-1.12828e+07
-1.20319e+07
-1.27452e+07
-1.34242e+07
-1.40703e+07
-1.4685e+07
-1.52694e+07
-1.58247e+07
-1.63523e+07
-1.6853e+07
-1.73281e+07
-1.77785e+07
-1.82051e+07
-1.86089e+07
-1.89907e+07
-1.93514e+07
-1.96917e+07
-2.00125e+07
-2.03144e+07
-2.05982e+07
-2.08644e+07
-2.11138e+07
-2.13468e+07
-2.15642e+07
-2.17663e+07
-2.19537e+07
-2.21268e+07
-2.22861e+07
-2.2432e+07
-2.25649e+07
-2.2685e+07
-2.27928e+07
-2.28884e+07
-2.29723e+07
-2.30444e+07
-2.31052e+07
-2.31547e+07
-2.3193e+07
-2.32204e+07
-2.32367e+07
-2.32422e+07
5.52457e+07
5.50396e+07
5.44281e+07
5.34308e+07
5.20786e+07
5.04121e+07
4.84779e+07
4.6326e+07
4.40061e+07
4.15658e+07
3.90486e+07
3.64931e+07
3.3932e+07
3.13922e+07
2.8895e+07
2.64564e+07
2.40882e+07
2.17984e+07
1.95919e+07
1.74712e+07
1.54371e+07
1.34889e+07
1.16249e+07
9.84289e+06
8.14001e+06
6.51329e+06
4.95961e+06
3.47581e+06
2.05879e+06
705526.
-586888.
-1.82122e+06
-3.0001e+06
-4.12601e+06
-5.2013e+06
-6.22818e+06
-7.20874e+06
-8.14494e+06
-9.03863e+06
-9.89157e+06
-1.07054e+07
-1.14817e+07
-1.22219e+07
-1.29275e+07
-1.35998e+07
-1.42401e+07
-1.48495e+07
-1.54293e+07
-1.59806e+07
-1.65045e+07
-1.70019e+07
-1.74738e+07
-1.79212e+07
-1.8345e+07
-1.8746e+07
-1.91251e+07
-1.94831e+07
-1.98206e+07
-2.01386e+07
-2.04375e+07
-2.07182e+07
-2.09811e+07
-2.1227e+07
-2.14564e+07
-2.16698e+07
-2.18678e+07
-2.20507e+07
-2.22191e+07
-2.23734e+07
-2.25139e+07
-2.2641e+07
-2.27551e+07
-2.28563e+07
-2.2945e+07
-2.30215e+07
-2.30858e+07
-2.31382e+07
-2.31788e+07
-2.32078e+07
-2.32251e+07
-2.32309e+07
5.23282e+07
5.21524e+07
5.163e+07
5.07759e+07
4.96138e+07
4.81746e+07
4.64943e+07
4.46121e+07
4.25677e+07
4.04e+07
3.81454e+07
3.58371e+07
3.35037e+07
3.11699e+07
2.8856e+07
2.6578e+07
2.43485e+07
2.21766e+07
2.00689e+07
1.80297e+07
1.60614e+07
1.41653e+07
1.23413e+07
1.05886e+07
8.90591e+06
7.29147e+06
5.74327e+06
4.25915e+06
2.83688e+06
1.4742e+06
168890.
-1.08125e+06
-2.27834e+06
-3.42441e+06
-4.52144e+06
-5.57129e+06
-6.57577e+06
-7.53657e+06
-8.45533e+06
-9.3336e+06
-1.01729e+07
-1.09746e+07
-1.17401e+07
-1.24706e+07
-1.31675e+07
-1.3832e+07
-1.44651e+07
-1.5068e+07
-1.56418e+07
-1.61875e+07
-1.6706e+07
-1.71984e+07
-1.76656e+07
-1.81083e+07
-1.85276e+07
-1.89241e+07
-1.92988e+07
-1.96523e+07
-1.99854e+07
-2.02987e+07
-2.0593e+07
-2.08689e+07
-2.1127e+07
-2.13678e+07
-2.15919e+07
-2.17998e+07
-2.19921e+07
-2.21691e+07
-2.23313e+07
-2.2479e+07
-2.26127e+07
-2.27327e+07
-2.28392e+07
-2.29325e+07
-2.3013e+07
-2.30807e+07
-2.31358e+07
-2.31786e+07
-2.3209e+07
-2.32273e+07
-2.32333e+07
4.98383e+07
4.96864e+07
4.92346e+07
4.84944e+07
4.7484e+07
4.62274e+07
4.47529e+07
4.30914e+07
4.1275e+07
3.93357e+07
3.7304e+07
3.52079e+07
3.3073e+07
3.09212e+07
2.87716e+07
2.66396e+07
2.45379e+07
2.24764e+07
2.04627e+07
1.85022e+07
1.65988e+07
1.47549e+07
1.29719e+07
1.12503e+07
9.59001e+06
7.9903e+06
6.4502e+06
4.96847e+06
3.54368e+06
2.17429e+06
858700.
-404705.
-1.61755e+06
-2.78145e+06
-3.89797e+06
-4.96865e+06
-5.99499e+06
-6.97844e+06
-7.92041e+06
-8.82225e+06
-9.68528e+06
-1.05108e+07
-1.13e+07
-1.2054e+07
-1.27741e+07
-1.34614e+07
-1.41168e+07
-1.47416e+07
-1.53366e+07
-1.5903e+07
-1.64415e+07
-1.69533e+07
-1.74391e+07
-1.78998e+07
-1.83363e+07
-1.87493e+07
-1.91398e+07
-1.95083e+07
-1.98558e+07
-2.01827e+07
-2.04899e+07
-2.0778e+07
-2.10475e+07
-2.12991e+07
-2.15333e+07
-2.17506e+07
-2.19516e+07
-2.21367e+07
-2.23063e+07
-2.24609e+07
-2.26008e+07
-2.27263e+07
-2.28378e+07
-2.29355e+07
-2.30196e+07
-2.30905e+07
-2.31483e+07
-2.3193e+07
-2.32249e+07
-2.3244e+07
-2.32504e+07
4.77172e+07
4.75843e+07
4.7189e+07
4.654e+07
4.56516e+07
4.45428e+07
4.32359e+07
4.17558e+07
4.01286e+07
3.83806e+07
3.65374e+07
3.46232e+07
3.266e+07
3.06678e+07
2.86639e+07
2.66631e+07
2.46777e+07
2.27179e+07
2.07917e+07
1.89056e+07
1.70642e+07
1.52711e+07
1.35287e+07
1.18385e+07
1.02013e+07
8.61764e+06
7.08721e+06
5.60961e+06
4.18416e+06
2.80998e+06
1.48608e+06
211363.
-1.01532e+06
-2.19514e+06
-3.32931e+06
-4.41903e+06
-5.4655e+06
-6.46992e+06
-7.43347e+06
-8.35731e+06
-9.24257e+06
-1.00904e+07
-1.09018e+07
-1.1678e+07
-1.242e+07
-1.31287e+07
-1.38053e+07
-1.44506e+07
-1.50658e+07
-1.56516e+07
-1.62091e+07
-1.67391e+07
-1.72425e+07
-1.77202e+07
-1.8173e+07
-1.86016e+07
-1.90069e+07
-1.93897e+07
-1.97506e+07
-2.00904e+07
-2.04097e+07
-2.07092e+07
-2.09895e+07
-2.12512e+07
-2.14948e+07
-2.1721e+07
-2.19302e+07
-2.21228e+07
-2.22994e+07
-2.24603e+07
-2.2606e+07
-2.27367e+07
-2.28528e+07
-2.29545e+07
-2.30422e+07
-2.31161e+07
-2.31762e+07
-2.32228e+07
-2.3256e+07
-2.32759e+07
-2.32826e+07
4.59179e+07
4.58004e+07
4.54504e+07
4.4875e+07
4.40854e+07
4.30967e+07
4.1927e+07
4.05963e+07
3.91261e+07
3.75383e+07
3.58545e+07
3.40953e+07
3.22802e+07
3.04268e+07
2.8551e+07
2.66666e+07
2.47855e+07
2.29178e+07
2.10719e+07
1.92546e+07
1.74712e+07
1.57261e+07
1.40225e+07
1.23627e+07
1.07485e+07
9.18103e+06
7.66084e+06
6.18825e+06
4.76322e+06
3.38547e+06
2.05458e+06
769934.
-469149.
-1.66345e+06
-2.81382e+06
-3.92114e+06
-4.98631e+06
-6.0103e+06
-6.99404e+06
-7.93851e+06
-8.84466e+06
-9.71348e+06
-1.05459e+07
-1.13429e+07
-1.21055e+07
-1.28346e+07
-1.3531e+07
-1.41959e+07
-1.483e+07
-1.54342e+07
-1.60095e+07
-1.65568e+07
-1.70768e+07
-1.75704e+07
-1.80385e+07
-1.84818e+07
-1.89011e+07
-1.92972e+07
-1.96707e+07
-2.00225e+07
-2.03531e+07
-2.06633e+07
-2.09537e+07
-2.12248e+07
-2.14773e+07
-2.17117e+07
-2.19285e+07
-2.21282e+07
-2.23112e+07
-2.2478e+07
-2.2629e+07
-2.27646e+07
-2.28849e+07
-2.29905e+07
-2.30814e+07
-2.31579e+07
-2.32203e+07
-2.32687e+07
-2.33031e+07
-2.33237e+07
-2.33306e+07
4.44029e+07
4.42978e+07
4.39845e+07
4.34687e+07
4.27593e+07
4.18687e+07
4.08114e+07
3.9604e+07
3.82642e+07
3.68103e+07
3.52607e+07
3.36332e+07
3.19448e+07
3.02113e+07
2.8447e+07
2.66649e+07
2.48762e+07
2.30907e+07
2.1317e+07
1.95621e+07
1.78318e+07
1.61309e+07
1.44633e+07
1.28321e+07
1.12396e+07
9.68756e+06
8.17735e+06
6.70984e+06
5.28557e+06
3.90483e+06
2.56766e+06
1.27395e+06
23403.5
-1.18437e+06
-2.34987e+06
-3.47367e+06
-4.55643e+06
-5.59882e+06
-6.60161e+06
-7.56554e+06
-8.49143e+06
-9.38009e+06
-1.02324e+07
-1.10491e+07
-1.18311e+07
-1.25794e+07
-1.32947e+07
-1.39778e+07
-1.46298e+07
-1.52514e+07
-1.58435e+07
-1.6407e+07
-1.69426e+07
-1.74512e+07
-1.79336e+07
-1.83907e+07
-1.8823e+07
-1.92315e+07
-1.96169e+07
-1.99798e+07
-2.0321e+07
-2.06412e+07
-2.09409e+07
-2.12207e+07
-2.14814e+07
-2.17234e+07
-2.19472e+07
-2.21534e+07
-2.23424e+07
-2.25147e+07
-2.26706e+07
-2.28105e+07
-2.29348e+07
-2.30438e+07
-2.31377e+07
-2.32168e+07
-2.32812e+07
-2.33311e+07
-2.33667e+07
-2.3388e+07
-2.33951e+07
Process [6]
4.31419e+07
4.30469e+07
4.27633e+07
4.22959e+07
4.16519e+07
4.08414e+07
3.98764e+07
3.87705e+07
3.75387e+07
3.61965e+07
3.47595e+07
3.32432e+07
3.16625e+07
3.00316e+07
2.83634e+07
2.66699e+07
2.49619e+07
2.32488e+07
2.15389e+07
1.98394e+07
1.81565e+07
1.64953e+07
1.48602e+07
1.32547e+07
1.16818e+07
1.01438e+07
8.64257e+06
7.17951e+06
5.75571e+06
4.37192e+06
3.02867e+06
1.72623e+06
464720.
-755910.
-1.93584e+06
-3.07536e+06
-4.17485e+06
-5.23477e+06
-6.25566e+06
-7.23811e+06
-8.18274e+06
-9.09025e+06
-9.96134e+06
-1.07967e+07
-1.15972e+07
-1.23636e+07
-1.30967e+07
-1.37972e+07
-1.4466e+07
-1.5104e+07
-1.57118e+07
-1.62905e+07
-1.68407e+07
-1.73634e+07
-1.78592e+07
-1.8329e+07
-1.87735e+07
-1.91936e+07
-1.95899e+07
-1.99632e+07
-2.03141e+07
-2.06434e+07
-2.09518e+07
-2.12397e+07
-2.15078e+07
-2.17568e+07
-2.19871e+07
-2.21992e+07
-2.23936e+07
-2.25708e+07
-2.27312e+07
-2.28752e+07
-2.30031e+07
-2.31152e+07
-2.32118e+07
-2.32931e+07
-2.33593e+07
-2.34107e+07
-2.34473e+07
-2.34692e+07
-2.34765e+07
4.21105e+07
4.20236e+07
4.17642e+07
4.1336e+07
4.07452e+07
4e+07
3.91105e+07
3.80882e+07
3.69455e+07
3.56959e+07
3.43527e+07
3.29296e+07
3.14397e+07
2.98956e+07
2.83092e+07
2.66916e+07
2.50529e+07
2.34022e+07
2.17476e+07
2.00963e+07
1.84547e+07
1.68281e+07
1.52212e+07
1.3638e+07
1.2082e+07
1.05558e+07
9.06187e+06
7.60202e+06
6.1778e+06
4.79039e+06
3.44071e+06
2.12945e+06
857042.
-376220.
-1.57022e+06
-2.72499e+06
-3.84065e+06
-4.91746e+06
-5.95575e+06
-6.95594e+06
-7.91851e+06
-8.844e+06
-9.73301e+06
-1.05862e+07
-1.14042e+07
-1.21877e+07
-1.29376e+07
-1.36545e+07
-1.43391e+07
-1.49924e+07
-1.56151e+07
-1.6208e+07
-1.67719e+07
-1.73076e+07
-1.78158e+07
-1.82975e+07
-1.87533e+07
-1.9184e+07
-1.95904e+07
-1.99732e+07
-2.03331e+07
-2.06708e+07
-2.0987e+07
-2.12823e+07
-2.15572e+07
-2.18125e+07
-2.20486e+07
-2.22661e+07
-2.24654e+07
-2.26471e+07
-2.28115e+07
-2.29591e+07
-2.30902e+07
-2.32051e+07
-2.33041e+07
-2.33874e+07
-2.34553e+07
-2.35079e+07
-2.35454e+07
-2.35679e+07
-2.35754e+07
4.12887e+07
4.12084e+07
4.09685e+07
4.05721e+07
4.00244e+07
3.93323e+07
3.85043e+07
3.75501e+07
3.64806e+07
3.53071e+07
3.40415e+07
3.26955e+07
3.12811e+07
2.98095e+07
2.82917e+07
2.67379e+07
2.51576e+07
2.35596e+07
2.19517e+07
2.03412e+07
1.87343e+07
1.71367e+07
1.55534e+07
1.39886e+07
1.24461e+07
1.0929e+07
9.44013e+06
7.9817e+06
6.55565e+06
5.16355e+06
3.80668e+06
2.48604e+06
1.20243e+06
-43590.
-1.25163e+06
-2.42146e+06
-3.553e+06
-4.64629e+06
-5.70148e+06
-6.71882e+06
-7.69867e+06
-8.64143e+06
-9.5476e+06
-1.04177e+07
-1.12524e+07
-1.20522e+07
-1.28179e+07
-1.35502e+07
-1.42498e+07
-1.49175e+07
-1.5554e+07
-1.61602e+07
-1.67368e+07
-1.72845e+07
-1.78043e+07
-1.82969e+07
-1.87631e+07
-1.92036e+07
-1.96192e+07
-2.00107e+07
-2.03787e+07
-2.0724e+07
-2.10472e+07
-2.13491e+07
-2.16302e+07
-2.18911e+07
-2.21324e+07
-2.23547e+07
-2.25584e+07
-2.2744e+07
-2.2912e+07
-2.30627e+07
-2.31966e+07
-2.3314e+07
-2.34151e+07
-2.35002e+07
-2.35695e+07
-2.36233e+07
-2.36615e+07
-2.36845e+07
-2.36921e+07
4.06606e+07
4.05856e+07
4.03613e+07
3.99904e+07
3.94774e+07
3.8828e+07
3.80496e+07
3.71506e+07
3.61403e+07
3.50287e+07
3.38261e+07
3.25432e+07
3.11905e+07
2.97784e+07
2.83168e+07
2.68154e+07
2.52831e+07
2.37282e+07
2.21585e+07
2.05811e+07
1.90023e+07
1.74279e+07
1.5863e+07
1.43122e+07
1.27794e+07
1.12682e+07
9.78169e+06
8.32243e+06
6.89269e+06
5.49439e+06
4.12913e+06
2.79822e+06
1.50273e+06
243493.
-978846.
-2.16384e+06
-3.31119e+06
-4.42076e+06
-5.49253e+06
-6.52662e+06
-7.52324e+06
-8.48268e+06
-9.40535e+06
-1.02917e+07
-1.11422e+07
-1.19576e+07
-1.27383e+07
-1.34851e+07
-1.41988e+07
-1.48799e+07
-1.55293e+07
-1.61478e+07
-1.67361e+07
-1.7295e+07
-1.78254e+07
-1.8328e+07
-1.88035e+07
-1.92529e+07
-1.96769e+07
-2.00761e+07
-2.04514e+07
-2.08035e+07
-2.11331e+07
-2.14407e+07
-2.17272e+07
-2.19931e+07
-2.2239e+07
-2.24654e+07
-2.26729e+07
-2.28619e+07
-2.3033e+07
-2.31865e+07
-2.33228e+07
-2.34423e+07
-2.35452e+07
-2.36318e+07
-2.37024e+07
-2.3757e+07
-2.3796e+07
-2.38193e+07
-2.38271e+07
4.02134e+07
4.01425e+07
3.99306e+07
3.958e+07
3.90943e+07
3.84789e+07
3.77399e+07
3.68847e+07
3.59215e+07
3.48592e+07
3.37069e+07
3.24742e+07
3.11708e+07
2.9806e+07
2.83892e+07
2.69294e+07
2.5435e+07
2.39141e+07
2.23742e+07
2.08223e+07
1.92647e+07
1.77073e+07
1.61554e+07
1.46138e+07
1.30866e+07
1.15777e+07
1.00904e+07
8.6276e+06
7.19192e+06
5.78553e+06
4.41032e+06
3.06787e+06
1.75951e+06
486314.
-750853.
-1.95134e+06
-3.11466e+06
-4.24052e+06
-5.32875e+06
-6.37932e+06
-7.39234e+06
-8.36799e+06
-9.3066e+06
-1.02085e+07
-1.10743e+07
-1.19043e+07
-1.26993e+07
-1.34598e+07
-1.41865e+07
-1.48802e+07
-1.55416e+07
-1.61715e+07
-1.67706e+07
-1.73397e+07
-1.78797e+07
-1.83913e+07
-1.88754e+07
-1.93327e+07
-1.9764e+07
-2.01702e+07
-2.05519e+07
-2.091e+07
-2.1245e+07
-2.15578e+07
-2.18489e+07
-2.21191e+07
-2.23688e+07
-2.25988e+07
-2.28095e+07
-2.30014e+07
-2.3175e+07
-2.33308e+07
-2.34691e+07
-2.35903e+07
-2.36947e+07
-2.37826e+07
-2.38542e+07
-2.39096e+07
-2.39491e+07
-2.39728e+07
-2.39807e+07
3.99369e+07
3.98692e+07
3.96669e+07
3.93319e+07
3.88675e+07
3.82783e+07
3.75697e+07
3.67484e+07
3.58217e+07
3.47974e+07
3.36839e+07
3.24899e+07
3.12242e+07
2.98957e+07
2.85129e+07
2.70844e+07
2.56183e+07
2.41223e+07
2.26039e+07
2.10698e+07
1.95265e+07
1.79799e+07
1.64353e+07
1.48977e+07
1.33716e+07
1.1861e+07
1.03694e+07
8.90013e+06
7.45589e+06
6.03918e+06
4.65213e+06
3.29657e+06
1.97407e+06
685901.
-566869.
-1.7834e+06
-2.96306e+06
-4.10539e+06
-5.21009e+06
-6.27703e+06
-7.30619e+06
-8.29769e+06
-9.25177e+06
-1.01687e+07
-1.1049e+07
-1.18931e+07
-1.27015e+07
-1.34749e+07
-1.42139e+07
-1.49193e+07
-1.55917e+07
-1.6232e+07
-1.68409e+07
-1.74193e+07
-1.79679e+07
-1.84876e+07
-1.89792e+07
-1.94435e+07
-1.98813e+07
-2.02935e+07
-2.06808e+07
-2.10439e+07
-2.13836e+07
-2.17006e+07
-2.19957e+07
-2.22694e+07
-2.25223e+07
-2.27552e+07
-2.29685e+07
-2.31627e+07
-2.33384e+07
-2.3496e+07
-2.36359e+07
-2.37585e+07
-2.3864e+07
-2.39529e+07
-2.40252e+07
-2.40813e+07
-2.41212e+07
-2.41451e+07
-2.41531e+07
3.98233e+07
3.9758e+07
3.95628e+07
3.92394e+07
3.87908e+07
3.8221e+07
3.7535e+07
3.67388e+07
3.58388e+07
3.48424e+07
3.37573e+07
3.25913e+07
3.13528e+07
3.005e+07
2.86911e+07
2.72841e+07
2.5837e+07
2.43572e+07
2.28519e+07
2.13281e+07
1.9792e+07
1.82496e+07
1.67065e+07
1.51677e+07
1.36379e+07
1.21213e+07
1.06216e+07
9.14244e+06
7.68671e+06
6.25713e+06
4.85607e+06
3.48557e+06
2.14739e+06
842996.
-426367.
-1.65971e+06
-2.85624e+06
-4.01538e+06
-5.13671e+06
-6.22001e+06
-7.26517e+06
-8.27224e+06
-9.24139e+06
-1.01729e+07
-1.10671e+07
-1.19245e+07
-1.27457e+07
-1.35311e+07
-1.42816e+07
-1.49977e+07
-1.56802e+07
-1.633e+07
-1.69478e+07
-1.75344e+07
-1.80907e+07
-1.86175e+07
-1.91156e+07
-1.9586e+07
-2.00294e+07
-2.04466e+07
-2.08385e+07
-2.12058e+07
-2.15494e+07
-2.18698e+07
-2.2168e+07
-2.24444e+07
-2.26999e+07
-2.2935e+07
-2.31502e+07
-2.33462e+07
-2.35234e+07
-2.36824e+07
-2.38234e+07
-2.39469e+07
-2.40533e+07
-2.41428e+07
-2.42157e+07
-2.42722e+07
-2.43124e+07
-2.43365e+07
-2.43445e+07
3.98667e+07
3.98031e+07
3.96128e+07
3.92974e+07
3.88597e+07
3.83033e+07
3.76328e+07
3.68535e+07
3.59717e+07
3.49939e+07
3.39274e+07
3.27796e+07
3.15583e+07
3.02714e+07
2.89266e+07
2.75317e+07
2.60945e+07
2.46222e+07
2.3122e+07
2.16007e+07
2.00647e+07
1.85199e+07
1.69722e+07
1.54266e+07
1.38881e+07
1.23609e+07
1.08491e+07
9.35644e+06
7.88601e+06
6.44077e+06
5.02326e+06
3.63573e+06
2.28011e+06
958033.
-329107.
-1.58018e+06
-2.79427e+06
-3.97069e+06
-5.10894e+06
-6.2087e+06
-7.2698e+06
-8.29223e+06
-9.27612e+06
-1.02217e+07
-1.11293e+07
-1.19994e+07
-1.28326e+07
-1.36293e+07
-1.43903e+07
-1.51163e+07
-1.5808e+07
-1.64663e+07
-1.7092e+07
-1.76858e+07
-1.82488e+07
-1.87817e+07
-1.92854e+07
-1.97607e+07
-2.02087e+07
-2.063e+07
-2.10256e+07
-2.13962e+07
-2.17427e+07
-2.20657e+07
-2.23662e+07
-2.26446e+07
-2.29019e+07
-2.31385e+07
-2.3355e+07
-2.35522e+07
-2.37303e+07
-2.38901e+07
-2.40318e+07
-2.41559e+07
-2.42628e+07
-2.43526e+07
-2.44258e+07
-2.44825e+07
-2.45229e+07
-2.45471e+07
-2.45551e+07
4.00631e+07
4.00005e+07
3.98131e+07
3.95025e+07
3.90713e+07
3.85227e+07
3.78611e+07
3.70915e+07
3.62196e+07
3.52519e+07
3.41949e+07
3.3056e+07
3.18424e+07
3.05618e+07
2.92218e+07
2.78299e+07
2.63937e+07
2.49204e+07
2.34171e+07
2.18906e+07
2.03474e+07
1.87936e+07
1.7235e+07
1.56769e+07
1.41243e+07
1.25818e+07
1.10536e+07
9.54353e+06
8.05496e+06
6.59101e+06
5.1544e+06
3.74754e+06
2.37251e+06
1.03111e+06
-275152.
-1.54503e+06
-2.7775e+06
-3.9718e+06
-5.12734e+06
-6.24374e+06
-7.32078e+06
-8.35842e+06
-9.35675e+06
-1.0316e+07
-1.12365e+07
-1.21186e+07
-1.2963e+07
-1.37702e+07
-1.45409e+07
-1.52759e+07
-1.59759e+07
-1.66417e+07
-1.72742e+07
-1.78743e+07
-1.84428e+07
-1.89808e+07
-1.9489e+07
-1.99683e+07
-2.04198e+07
-2.08442e+07
-2.12425e+07
-2.16155e+07
-2.19639e+07
-2.22887e+07
-2.25906e+07
-2.28703e+07
-2.31285e+07
-2.33659e+07
-2.35831e+07
-2.37807e+07
-2.39593e+07
-2.41193e+07
-2.42613e+07
-2.43855e+07
-2.44925e+07
-2.45824e+07
-2.46556e+07
-2.47124e+07
-2.47528e+07
-2.47769e+07
-2.4785e+07
4.041e+07
4.03477e+07
4.01615e+07
3.98527e+07
3.94238e+07
3.88778e+07
3.8219e+07
3.74521e+07
3.65827e+07
3.56167e+07
3.45607e+07
3.34217e+07
3.22068e+07
3.09234e+07
2.9579e+07
2.81811e+07
2.6737e+07
2.52542e+07
2.37397e+07
2.22003e+07
2.06426e+07
1.90729e+07
1.7497e+07
1.59204e+07
1.43483e+07
1.27854e+07
1.12362e+07
9.70462e+06
8.19423e+06
6.70831e+06
5.24973e+06
3.82106e+06
2.4245e+06
1.06198e+06
-264891.
-1.55477e+06
-2.80655e+06
-4.0194e+06
-5.19268e+06
-6.32596e+06
-7.419e+06
-8.47173e+06
-9.48423e+06
-1.04567e+07
-1.13895e+07
-1.22831e+07
-1.3138e+07
-1.39549e+07
-1.47344e+07
-1.54774e+07
-1.61846e+07
-1.68569e+07
-1.74952e+07
-1.81005e+07
-1.86735e+07
-1.92154e+07
-1.9727e+07
-2.02093e+07
-2.06633e+07
-2.10897e+07
-2.14897e+07
-2.1864e+07
-2.22135e+07
-2.25391e+07
-2.28415e+07
-2.31215e+07
-2.33799e+07
-2.36174e+07
-2.38345e+07
-2.4032e+07
-2.42104e+07
-2.43702e+07
-2.45118e+07
-2.46358e+07
-2.47425e+07
-2.48322e+07
-2.49052e+07
-2.49617e+07
-2.5002e+07
-2.50261e+07
-2.50341e+07
4.09065e+07
4.0844e+07
4.06572e+07
4.03473e+07
3.99167e+07
3.93685e+07
3.87067e+07
3.79359e+07
3.70615e+07
3.60895e+07
Process [7]
3.50261e+07
3.38783e+07
3.26531e+07
3.13579e+07
3.00001e+07
2.85872e+07
2.71267e+07
2.56259e+07
2.40919e+07
2.25317e+07
2.0952e+07
1.93593e+07
1.77594e+07
1.61582e+07
1.45609e+07
1.29725e+07
1.13975e+07
9.84008e+06
8.304e+06
6.79266e+06
5.30908e+06
3.85595e+06
2.43559e+06
1.05001e+06
-299063.
-1.61023e+06
-2.88233e+06
-4.11448e+06
-5.306e+06
-6.45644e+06
-7.56556e+06
-8.63327e+06
-9.65966e+06
-1.0645e+07
-1.15895e+07
-1.24939e+07
-1.33586e+07
-1.41842e+07
-1.49717e+07
-1.57217e+07
-1.64351e+07
-1.71128e+07
-1.77559e+07
-1.83651e+07
-1.89416e+07
-1.94863e+07
-2.00002e+07
-2.04843e+07
-2.09395e+07
-2.1367e+07
-2.17676e+07
-2.21422e+07
-2.24917e+07
-2.28171e+07
-2.31192e+07
-2.33987e+07
-2.36564e+07
-2.38932e+07
-2.41095e+07
-2.43062e+07
-2.44837e+07
-2.46427e+07
-2.47835e+07
-2.49068e+07
-2.50128e+07
-2.51019e+07
-2.51744e+07
-2.52305e+07
-2.52705e+07
-2.52944e+07
-2.53023e+07
4.1553e+07
4.14898e+07
4.13006e+07
4.09869e+07
4.05509e+07
3.99957e+07
3.93252e+07
3.8544e+07
3.76576e+07
3.66717e+07
3.55927e+07
3.44276e+07
3.31833e+07
3.18674e+07
3.04872e+07
2.90504e+07
2.75645e+07
2.6037e+07
2.44752e+07
2.28862e+07
2.12769e+07
1.96539e+07
1.80233e+07
1.6391e+07
1.47627e+07
1.31432e+07
1.15375e+07
9.94976e+06
8.38393e+06
6.84356e+06
5.33179e+06
3.85141e+06
2.40485e+06
994197.
-378772.
-1.71259e+06
-3.00607e+06
-4.2583e+06
-5.46858e+06
-6.63648e+06
-7.76175e+06
-8.84433e+06
-9.88433e+06
-1.0882e+07
-1.18378e+07
-1.27522e+07
-1.36258e+07
-1.44594e+07
-1.52538e+07
-1.60098e+07
-1.67283e+07
-1.74103e+07
-1.80569e+07
-1.8669e+07
-1.92476e+07
-1.97939e+07
-2.03089e+07
-2.07936e+07
-2.12491e+07
-2.16764e+07
-2.20765e+07
-2.24503e+07
-2.27989e+07
-2.31231e+07
-2.34238e+07
-2.37019e+07
-2.39581e+07
-2.41933e+07
-2.44081e+07
-2.46032e+07
-2.47792e+07
-2.49368e+07
-2.50763e+07
-2.51983e+07
-2.53032e+07
-2.53914e+07
-2.54631e+07
-2.55186e+07
-2.55581e+07
-2.55818e+07
-2.55896e+07
4.23513e+07
4.22868e+07
4.20937e+07
4.17734e+07
4.13283e+07
4.07613e+07
4.00765e+07
3.92786e+07
3.83729e+07
3.73655e+07
3.62627e+07
3.50716e+07
3.37994e+07
3.24537e+07
3.1042e+07
2.95722e+07
2.8052e+07
2.6489e+07
2.48908e+07
2.32648e+07
2.1618e+07
1.99572e+07
1.82889e+07
1.6619e+07
1.49534e+07
1.32974e+07
1.16557e+07
1.00329e+07
8.43316e+06
6.85999e+06
5.31671e+06
3.80619e+06
2.33093e+06
893098.
-505507.
-1.86338e+06
-3.17933e+06
-4.45244e+06
-5.68202e+06
-6.86766e+06
-8.00914e+06
-9.10644e+06
-1.01597e+07
-1.11693e+07
-1.21356e+07
-1.30593e+07
-1.3941e+07
-1.47816e+07
-1.55818e+07
-1.63427e+07
-1.70652e+07
-1.77503e+07
-1.83992e+07
-1.90129e+07
-1.95925e+07
-2.01391e+07
-2.06539e+07
-2.1138e+07
-2.15924e+07
-2.20183e+07
-2.24167e+07
-2.27887e+07
-2.31351e+07
-2.34571e+07
-2.37554e+07
-2.40311e+07
-2.42849e+07
-2.45177e+07
-2.47302e+07
-2.4923e+07
-2.50969e+07
-2.52523e+07
-2.539e+07
-2.55103e+07
-2.56137e+07
-2.57005e+07
-2.57712e+07
-2.58258e+07
-2.58647e+07
-2.5888e+07
-2.58957e+07
4.33047e+07
4.32383e+07
4.30396e+07
4.271e+07
4.22518e+07
4.16684e+07
4.09636e+07
4.01424e+07
3.92104e+07
3.81735e+07
3.70387e+07
3.58129e+07
3.45037e+07
3.31189e+07
3.16664e+07
3.01542e+07
2.85904e+07
2.6983e+07
2.53397e+07
2.36681e+07
2.19757e+07
2.02694e+07
1.8556e+07
1.68417e+07
1.51325e+07
1.34339e+07
1.1751e+07
1.00884e+07
8.45027e+06
6.84042e+06
5.26219e+06
3.71854e+06
2.21204e+06
744855.
-681164.
-2.06452e+06
-3.40403e+06
-4.69879e+06
-5.94818e+06
-7.1518e+06
-8.30949e+06
-9.42131e+06
-1.04875e+07
-1.15084e+07
-1.24846e+07
-1.34167e+07
-1.43056e+07
-1.5152e+07
-1.5957e+07
-1.67216e+07
-1.74468e+07
-1.81337e+07
-1.87836e+07
-1.93975e+07
-1.99767e+07
-2.05224e+07
-2.10357e+07
-2.15178e+07
-2.19699e+07
-2.23931e+07
-2.27886e+07
-2.31575e+07
-2.35007e+07
-2.38193e+07
-2.41142e+07
-2.43865e+07
-2.4637e+07
-2.48664e+07
-2.50757e+07
-2.52655e+07
-2.54364e+07
-2.55892e+07
-2.57244e+07
-2.58425e+07
-2.59439e+07
-2.60291e+07
-2.60983e+07
-2.61518e+07
-2.61899e+07
-2.62127e+07
-2.62203e+07
4.44175e+07
4.43487e+07
4.41426e+07
4.38009e+07
4.33259e+07
4.2721e+07
4.19905e+07
4.11394e+07
4.01735e+07
3.90992e+07
3.79236e+07
3.66541e+07
3.52986e+07
3.38652e+07
3.23622e+07
3.0798e+07
2.91811e+07
2.75197e+07
2.58221e+07
2.40962e+07
2.23497e+07
2.05899e+07
1.88238e+07
1.7058e+07
1.52987e+07
1.35515e+07
1.18218e+07
1.01143e+07
8.43329e+06
6.78273e+06
5.16604e+06
3.58622e+06
2.04585e+06
547149.
-908066.
-2.31831e+06
-3.68244e+06
-4.9996e+06
-6.26923e+06
-7.49101e+06
-8.66486e+06
-9.79092e+06
-1.08695e+07
-1.19011e+07
-1.28863e+07
-1.3826e+07
-1.47209e+07
-1.55721e+07
-1.63806e+07
-1.71476e+07
-1.78741e+07
-1.85615e+07
-1.92109e+07
-1.98237e+07
-2.04011e+07
-2.09443e+07
-2.14547e+07
-2.19335e+07
-2.23819e+07
-2.28012e+07
-2.31924e+07
-2.35569e+07
-2.38956e+07
-2.42097e+07
-2.45002e+07
-2.4768e+07
-2.50141e+07
-2.52393e+07
-2.54445e+07
-2.56304e+07
-2.57977e+07
-2.59472e+07
-2.60793e+07
-2.61946e+07
-2.62936e+07
-2.63766e+07
-2.64441e+07
-2.64963e+07
-2.65335e+07
-2.65557e+07
-2.65631e+07
4.56957e+07
4.56239e+07
4.54087e+07
4.50519e+07
4.4556e+07
4.39246e+07
4.31622e+07
4.22742e+07
4.12666e+07
4.01465e+07
3.89211e+07
3.75984e+07
3.61867e+07
3.46947e+07
3.31311e+07
3.15049e+07
2.98248e+07
2.80997e+07
2.63382e+07
2.45487e+07
2.27393e+07
2.09176e+07
1.9091e+07
1.72663e+07
1.545e+07
1.36479e+07
1.18657e+07
1.01081e+07
8.37961e+06
6.68426e+06
5.02552e+06
3.40642e+06
1.82958e+06
297183.
-1.18898e+06
-2.62748e+06
-4.01723e+06
-5.35746e+06
-6.64769e+06
-7.8877e+06
-9.07754e+06
-1.02174e+07
-1.13078e+07
-1.23493e+07
-1.33427e+07
-1.42888e+07
-1.51886e+07
-1.60433e+07
-1.6854e+07
-1.76219e+07
-1.83484e+07
-1.90347e+07
-1.96822e+07
-2.02923e+07
-2.08663e+07
-2.14056e+07
-2.19115e+07
-2.23855e+07
-2.28288e+07
-2.32426e+07
-2.36283e+07
-2.39871e+07
-2.43201e+07
-2.46284e+07
-2.49132e+07
-2.51754e+07
-2.54161e+07
-2.56361e+07
-2.58363e+07
-2.60175e+07
-2.61804e+07
-2.63258e+07
-2.64542e+07
-2.65662e+07
-2.66622e+07
-2.67428e+07
-2.68082e+07
-2.68588e+07
-2.68948e+07
-2.69163e+07
-2.69234e+07
4.71467e+07
4.70711e+07
4.6845e+07
4.64699e+07
4.59488e+07
4.52854e+07
4.44847e+07
4.35523e+07
4.2495e+07
4.13199e+07
4.00352e+07
3.86493e+07
3.71712e+07
3.561e+07
3.39751e+07
3.2276e+07
3.05222e+07
2.87231e+07
2.68877e+07
2.50249e+07
2.31433e+07
2.12509e+07
1.93555e+07
1.74642e+07
1.55838e+07
1.37204e+07
1.18797e+07
1.00667e+07
8.28601e+06
6.54169e+06
4.83727e+06
3.17581e+06
1.55989e+06
-8341.77
-1.52715e+06
-2.99518e+06
-4.41145e+06
-5.7753e+06
-7.08637e+06
-8.34458e+06
-9.55009e+06
-1.07033e+07
-1.18047e+07
-1.28552e+07
-1.38556e+07
-1.4807e+07
-1.57104e+07
-1.65671e+07
-1.73785e+07
-1.81459e+07
-1.88707e+07
-1.95543e+07
-2.01983e+07
-2.0804e+07
-2.1373e+07
-2.19067e+07
-2.24067e+07
-2.28742e+07
-2.33108e+07
-2.37177e+07
-2.40964e+07
-2.4448e+07
-2.47739e+07
-2.50752e+07
-2.53531e+07
-2.56086e+07
-2.58428e+07
-2.60565e+07
-2.62508e+07
-2.64264e+07
-2.65841e+07
-2.67247e+07
-2.68487e+07
-2.69568e+07
-2.70494e+07
-2.7127e+07
-2.71901e+07
-2.72387e+07
-2.72733e+07
-2.7294e+07
-2.73009e+07
4.87792e+07
4.86993e+07
4.84601e+07
4.80634e+07
4.75124e+07
4.68113e+07
4.59652e+07
4.49805e+07
4.38645e+07
4.2625e+07
4.12707e+07
3.98109e+07
3.82551e+07
3.66134e+07
3.48958e+07
3.31126e+07
3.12739e+07
2.93896e+07
2.74696e+07
2.55234e+07
2.35598e+07
2.15876e+07
1.96147e+07
1.76489e+07
1.5697e+07
1.37655e+07
1.18602e+07
9.98632e+06
8.14858e+06
6.35107e+06
4.59733e+06
2.89042e+06
1.23286e+06
-373251.
-1.92629e+06
-3.42502e+06
-4.86858e+06
-6.25647e+06
-7.58846e+06
-8.86466e+06
-1.00854e+07
-1.12512e+07
-1.23628e+07
-1.34211e+07
-1.44273e+07
-1.53825e+07
-1.62881e+07
-1.71453e+07
-1.79558e+07
-1.87209e+07
-1.94422e+07
-2.01214e+07
-2.076e+07
-2.13597e+07
-2.19219e+07
-2.24483e+07
-2.29405e+07
-2.34e+07
-2.38282e+07
-2.42267e+07
-2.45968e+07
-2.49398e+07
-2.52572e+07
-2.55501e+07
-2.58198e+07
-2.60673e+07
-2.62938e+07
-2.65002e+07
-2.66876e+07
-2.68566e+07
-2.70083e+07
-2.71433e+07
-2.72623e+07
-2.73658e+07
-2.74545e+07
-2.75287e+07
-2.7589e+07
-2.76355e+07
-2.76685e+07
-2.76883e+07
-2.76948e+07
5.06039e+07
5.05188e+07
5.02643e+07
4.98424e+07
4.92564e+07
4.85111e+07
4.76121e+07
4.65665e+07
4.53821e+07
4.40677e+07
4.26328e+07
4.10874e+07
3.9442e+07
3.77076e+07
3.5895e+07
3.40154e+07
3.20798e+07
3.00987e+07
2.80828e+07
2.60422e+07
2.39864e+07
2.19246e+07
1.98653e+07
1.78165e+07
1.57854e+07
1.37788e+07
1.18027e+07
9.86237e+06
7.96268e+06
6.10772e+06
4.30105e+06
2.54566e+06
844014.
-801926.
-2.39065e+06
-3.92109e+06
-5.39254e+06
-6.80468e+06
-8.15749e+06
-9.45125e+06
-1.06865e+07
-1.1864e+07
-1.29846e+07
-1.40496e+07
-1.50601e+07
-1.60176e+07
-1.69236e+07
-1.77796e+07
-1.85872e+07
-1.93482e+07
-2.00643e+07
-2.07371e+07
-2.13684e+07
-2.196e+07
-2.25136e+07
-2.30309e+07
-2.35135e+07
-2.39631e+07
-2.43812e+07
-2.47695e+07
-2.51294e+07
-2.54623e+07
-2.57697e+07
-2.60528e+07
-2.63129e+07
-2.65512e+07
-2.67688e+07
-2.69668e+07
-2.71461e+07
-2.73077e+07
-2.74524e+07
-2.7581e+07
-2.76942e+07
-2.77926e+07
-2.78768e+07
-2.79472e+07
-2.80042e+07
-2.80483e+07
-2.80795e+07
-2.80982e+07
-2.81044e+07
5.15657e+07
5.14778e+07
5.12151e+07
5.07796e+07
5.01748e+07
4.94057e+07
4.84783e+07
4.74e+07
4.61789e+07
4.48243e+07
4.33461e+07
4.17549e+07
4.00617e+07
3.82777e+07
3.64145e+07
3.44836e+07
3.24963e+07
3.04638e+07
2.8397e+07
2.63064e+07
2.42019e+07
2.20928e+07
1.99879e+07
1.78955e+07
1.58229e+07
1.37769e+07
1.17638e+07
9.78888e+06
7.85698e+06
5.97224e+06
4.1382e+06
2.35783e+06
633532.
-1.03279e+06
-2.6397e+06
-4.18622e+06
-5.67174e+06
-7.09604e+06
-8.4592e+06
-9.76161e+06
-1.10039e+07
-1.2187e+07
-1.33118e+07
-1.43797e+07
-1.53921e+07
-1.63503e+07
-1.7256e+07
-1.81109e+07
-1.89167e+07
-1.96752e+07
-2.0388e+07
-2.10572e+07
-2.16844e+07
-2.22715e+07
-2.28203e+07
-2.33325e+07
-2.38098e+07
-2.4254e+07
-2.46667e+07
-2.50494e+07
-2.54038e+07
-2.57312e+07
-2.60332e+07
-2.6311e+07
-2.6566e+07
-2.67993e+07
-2.70122e+07
-2.72057e+07
-2.73808e+07
-2.75384e+07
-2.76794e+07
-2.78046e+07
-2.79147e+07
-2.80104e+07
-2.80921e+07
-2.81605e+07
-2.82159e+07
-2.82586e+07
-2.82889e+07
-2.8307e+07
-2.8313e+07
