Vec Object: Vec_0x84000004_3 8 MPI processes
  type: mpi
Process [0]
-3.42434e+08
-3.42084e+08
-3.41035e+08
-3.39294e+08
-3.36866e+08
-3.33765e+08
-3.30006e+08
-3.25611e+08
-3.20606e+08
-3.15027e+08
-3.08912e+08
-3.02311e+08
-2.95281e+08
-2.87885e+08
-2.80194e+08
-2.72285e+08
-2.6424e+08
-2.56141e+08
-2.48071e+08
-2.4011e+08
-2.32331e+08
-2.24799e+08
-2.17571e+08
-2.10692e+08
-2.04196e+08
-1.98105e+08
-1.92432e+08
-1.87181e+08
-1.82347e+08
-1.7792e+08
-1.73884e+08
-1.70221e+08
-1.66911e+08
-1.6393e+08
-1.61258e+08
-1.58872e+08
-1.5675e+08
-1.54871e+08
-1.53217e+08
-1.51768e+08
-1.50507e+08
-1.49418e+08
-1.48485e+08
-1.47694e+08
-1.47033e+08
-1.46489e+08
-1.4605e+08
-1.45707e+08
-1.45449e+08
-1.45268e+08
-1.45156e+08
-1.45104e+08
-1.45107e+08
-1.45156e+08
-1.45247e+08
-1.45374e+08
-1.45531e+08
-1.45713e+08
-1.45917e+08
-1.46138e+08
-1.46371e+08
-1.46614e+08
-1.46864e+08
-1.47116e+08
-1.47369e+08
-1.4762e+08
-1.47866e+08
-1.48106e+08
-1.48336e+08
-1.48557e+08
-1.48765e+08
-1.48959e+08
-1.49138e+08
-1.493e+08
-1.49443e+08
-1.49568e+08
-1.49671e+08
-1.49753e+08
-1.49812e+08
-1.49848e+08
-1.4986e+08
-3.33447e+08
-3.33106e+08
-3.32084e+08
-3.30386e+08
-3.28021e+08
-3.25001e+08
-3.21341e+08
-3.17064e+08
-3.12196e+08
-3.0677e+08
-3.00826e+08
-2.94412e+08
-2.87582e+08
-2.80397e+08
-2.72926e+08
-2.65241e+08
-2.57421e+08
-2.49543e+08
-2.41686e+08
-2.33926e+08
-2.26334e+08
-2.18971e+08
-2.11892e+08
-2.05141e+08
-1.98752e+08
-1.92749e+08
-1.87144e+08
-1.81943e+08
-1.77143e+08
-1.72736e+08
-1.68708e+08
-1.65044e+08
-1.61723e+08
-1.58727e+08
-1.56033e+08
-1.53621e+08
-1.5147e+08
-1.49561e+08
-1.47874e+08
-1.46392e+08
-1.45097e+08
-1.43973e+08
-1.43006e+08
-1.42182e+08
-1.41487e+08
-1.4091e+08
-1.4044e+08
-1.40065e+08
-1.39778e+08
-1.39568e+08
-1.39427e+08
-1.39348e+08
-1.39325e+08
-1.39349e+08
-1.39416e+08
-1.3952e+08
-1.39654e+08
-1.39816e+08
-1.39999e+08
-1.40201e+08
-1.40416e+08
-1.40642e+08
-1.40875e+08
-1.41112e+08
-1.41351e+08
-1.41588e+08
-1.41822e+08
-1.42049e+08
-1.42269e+08
-1.4248e+08
-1.42678e+08
-1.42864e+08
-1.43035e+08
-1.4319e+08
-1.43328e+08
-1.43447e+08
-1.43546e+08
-1.43624e+08
-1.43681e+08
-1.43715e+08
-1.43726e+08
-3.15871e+08
-3.15547e+08
-3.14576e+08
-3.12962e+08
-3.10715e+08
-3.07846e+08
-3.04372e+08
-3.00314e+08
-2.95699e+08
-2.90557e+08
-2.84928e+08
-2.78856e+08
-2.72391e+08
-2.6559e+08
-2.58515e+08
-2.51235e+08
-2.43818e+08
-2.36338e+08
-2.28864e+08
-2.21466e+08
-2.1421e+08
-2.07153e+08
-2.00346e+08
-1.93832e+08
-1.87644e+08
-1.81806e+08
-1.76333e+08
-1.71233e+08
-1.66506e+08
-1.62147e+08
-1.58145e+08
-1.54488e+08
-1.51159e+08
-1.48142e+08
-1.45416e+08
-1.42965e+08
-1.40768e+08
-1.38808e+08
-1.37066e+08
-1.35527e+08
-1.34173e+08
-1.3299e+08
-1.31963e+08
-1.31079e+08
-1.30325e+08
-1.29689e+08
-1.29161e+08
-1.28731e+08
-1.28388e+08
-1.28124e+08
-1.27932e+08
-1.27803e+08
-1.27731e+08
-1.27709e+08
-1.27731e+08
-1.27792e+08
-1.27885e+08
-1.28007e+08
-1.28153e+08
-1.28318e+08
-1.285e+08
-1.28693e+08
-1.28895e+08
-1.29104e+08
-1.29315e+08
-1.29527e+08
-1.29736e+08
-1.29942e+08
-1.30141e+08
-1.30332e+08
-1.30513e+08
-1.30682e+08
-1.30839e+08
-1.30981e+08
-1.31107e+08
-1.31216e+08
-1.31307e+08
-1.31379e+08
-1.31431e+08
-1.31463e+08
-1.31473e+08
-2.99074e+08
-2.98765e+08
-2.97838e+08
-2.96298e+08
-2.94155e+08
-2.91418e+08
-2.88105e+08
-2.84236e+08
-2.79835e+08
-2.74933e+08
-2.69565e+08
-2.63773e+08
-2.57605e+08
-2.51113e+08
-2.44354e+08
-2.37393e+08
-2.30293e+08
-2.23122e+08
-2.15947e+08
-2.08834e+08
-2.01843e+08
-1.9503e+08
-1.88445e+08
-1.82128e+08
-1.76112e+08
-1.70421e+08
-1.65072e+08
-1.60073e+08
-1.55426e+08
-1.51127e+08
-1.47168e+08
-1.43538e+08
-1.40223e+08
-1.37206e+08
-1.34473e+08
-1.32004e+08
-1.29783e+08
-1.27793e+08
-1.26018e+08
-1.24441e+08
-1.23046e+08
-1.21821e+08
-1.2075e+08
-1.19821e+08
-1.19021e+08
-1.1834e+08
-1.17767e+08
-1.17291e+08
-1.16904e+08
-1.16597e+08
-1.16362e+08
-1.16191e+08
-1.16078e+08
-1.16017e+08
-1.16e+08
-1.16024e+08
-1.16082e+08
-1.1617e+08
-1.16283e+08
-1.16417e+08
-1.16569e+08
-1.16734e+08
-1.16909e+08
-1.17092e+08
-1.17279e+08
-1.17468e+08
-1.17656e+08
-1.17841e+08
-1.18022e+08
-1.18196e+08
-1.18361e+08
-1.18516e+08
-1.1866e+08
-1.18791e+08
-1.18907e+08
-1.19008e+08
-1.19092e+08
-1.19158e+08
-1.19206e+08
-1.19235e+08
-1.19245e+08
-2.83019e+08
-2.82723e+08
-2.81835e+08
-2.8036e+08
-2.78306e+08
-2.75683e+08
-2.72507e+08
-2.68797e+08
-2.64575e+08
-2.59869e+08
-2.54713e+08
-2.49146e+08
-2.4321e+08
-2.36956e+08
-2.30439e+08
-2.23717e+08
-2.16852e+08
-2.0991e+08
-2.02955e+08
-1.96051e+08
-1.89257e+08
-1.8263e+08
-1.76216e+08
-1.70057e+08
-1.64185e+08
-1.58623e+08
-1.53389e+08
-1.48489e+08
-1.43926e+08
-1.39698e+08
-1.35796e+08
-1.3221e+08
-1.28927e+08
-1.25933e+08
-1.23211e+08
-1.20747e+08
-1.18523e+08
-1.16523e+08
-1.14733e+08
-1.13136e+08
-1.11719e+08
-1.10467e+08
-1.09367e+08
-1.08408e+08
-1.07576e+08
-1.06862e+08
-1.06255e+08
-1.05746e+08
-1.05324e+08
-1.04983e+08
-1.04714e+08
-1.0451e+08
-1.04364e+08
-1.0427e+08
-1.04222e+08
-1.04215e+08
-1.04244e+08
-1.04303e+08
-1.04388e+08
-1.04495e+08
-1.04621e+08
-1.04762e+08
-1.04914e+08
-1.05074e+08
-1.0524e+08
-1.05409e+08
-1.05579e+08
-1.05747e+08
-1.05911e+08
-1.0607e+08
-1.06222e+08
-1.06365e+08
-1.06497e+08
-1.06618e+08
-1.06726e+08
-1.06819e+08
-1.06897e+08
-1.06959e+08
-1.07004e+08
-1.07032e+08
-1.07041e+08
-2.67676e+08
-2.67391e+08
-2.66536e+08
-2.65117e+08
-2.63139e+08
-2.60613e+08
-2.57552e+08
-2.53973e+08
-2.49896e+08
-2.45348e+08
-2.40358e+08
-2.34962e+08
-2.292e+08
-2.23119e+08
-2.16771e+08
-2.10212e+08
-2.03505e+08
-1.96712e+08
-1.899e+08
-1.83132e+08
-1.76469e+08
-1.69968e+08
-1.63677e+08
-1.57638e+08
-1.51881e+08
-1.4643e+08
-1.413e+08
-1.36497e+08
-1.32024e+08
-1.27876e+08
-1.24045e+08
-1.20519e+08
-1.17287e+08
-1.14333e+08
-1.11643e+08
-1.09202e+08
-1.06994e+08
-1.05003e+08
-1.03216e+08
-1.01617e+08
-1.00193e+08
-9.89309e+07
-9.78177e+07
-9.68417e+07
-9.59917e+07
-9.52572e+07
-9.46281e+07
-9.40951e+07
-9.36496e+07
-9.32834e+07
-9.2989e+07
-9.27594e+07
-9.2588e+07
-9.24688e+07
-9.23961e+07
-9.23644e+07
-9.23687e+07
-9.24043e+07
-9.24668e+07
-9.25521e+07
-9.26565e+07
-9.27765e+07
-9.29088e+07
-9.30503e+07
-9.31984e+07
-9.33504e+07
-9.3504e+07
-9.3657e+07
-9.38073e+07
-9.39533e+07
-9.4093e+07
-9.42251e+07
-9.4348e+07
-9.44604e+07
-9.45611e+07
-9.46488e+07
-9.47225e+07
-9.47811e+07
-9.48236e+07
-9.48495e+07
-9.48581e+07
-2.53017e+08
-2.52741e+08
-2.51916e+08
-2.50544e+08
-2.4863e+08
-2.46185e+08
-2.43219e+08
-2.39747e+08
-2.35786e+08
-2.31359e+08
-2.26493e+08
-2.21219e+08
-2.15575e+08
-2.09605e+08
-2.03357e+08
-1.96889e+08
-1.90261e+08
-1.83538e+08
-1.76789e+08
-1.70083e+08
-1.63483e+08
-1.57049e+08
-1.50832e+08
-1.44874e+08
-1.39205e+08
-1.33847e+08
-1.28814e+08
-1.24109e+08
-1.19731e+08
-1.15674e+08
-1.11926e+08
-1.08477e+08
-1.05312e+08
-1.02417e+08
-9.97775e+07
-9.73782e+07
-9.52042e+07
-9.32407e+07
-9.14737e+07
-8.98894e+07
-8.84747e+07
-8.72171e+07
-8.61044e+07
-8.51255e+07
-8.42695e+07
-8.35262e+07
-8.28861e+07
-8.23403e+07
-8.18803e+07
-8.14982e+07
-8.11868e+07
-8.09394e+07
-8.07498e+07
-8.06121e+07
-8.05208e+07
-8.04706e+07
-8.04565e+07
-8.04739e+07
-8.05184e+07
-8.05861e+07
-8.06733e+07
-8.07766e+07
-8.08927e+07
-8.10188e+07
-8.1152e+07
-8.12898e+07
-8.143e+07
-8.15703e+07
-8.17088e+07
-8.18438e+07
-8.19735e+07
-8.20966e+07
-8.22116e+07
-8.23172e+07
-8.24122e+07
-8.24955e+07
-8.25658e+07
-8.26221e+07
-8.26631e+07
-8.26882e+07
-8.26966e+07
-2.39019e+08
-2.38752e+08
-2.37951e+08
-2.36619e+08
-2.34761e+08
-2.32383e+08
-2.29494e+08
-2.26107e+08
-2.22236e+08
-2.17899e+08
-2.13119e+08
-2.07923e+08
-2.02345e+08
-1.96426e+08
-1.90212e+08
-1.83759e+08
-1.77131e+08
-1.70395e+08
-1.63627e+08
-1.56901e+08
-1.50292e+08
-1.43864e+08
-1.37672e+08
-1.31757e+08
-1.2615e+08
-1.20872e+08
-1.15931e+08
-1.11327e+08
-1.07053e+08
-1.03098e+08
-9.94497e+07
-9.60929e+07
-9.30132e+07
-9.01955e+07
-8.76245e+07
-8.52853e+07
-8.31631e+07
-8.12436e+07
-7.95133e+07
-7.79592e+07
-7.65688e+07
-7.53301e+07
-7.42317e+07
-7.32626e+07
-7.24127e+07
-7.16721e+07
-7.10318e+07
-7.04832e+07
-7.00181e+07
-6.96288e+07
-6.93083e+07
-6.90504e+07
-6.88495e+07
-6.87001e+07
-6.85967e+07
-6.8534e+07
-6.8507e+07
-6.85112e+07
-6.85424e+07
-6.85969e+07
-6.8671e+07
-6.87614e+07
-6.8865e+07
-6.89788e+07
-6.91001e+07
-6.92266e+07
-6.93558e+07
-6.94858e+07
-6.96147e+07
-6.97406e+07
-6.98622e+07
-6.99778e+07
-7.00864e+07
-7.01866e+07
-7.02774e+07
-7.03576e+07
-7.04261e+07
-7.04813e+07
-7.0522e+07
-7.0547e+07
-7.05554e+07
-2.25662e+08
-2.25402e+08
-2.24622e+08
-2.23325e+08
-2.21514e+08
-2.19193e+08
-2.16368e+08
-2.13049e+08
-2.09246e+08
-2.04972e+08
-2.00246e+08
-1.95089e+08
-1.8953e+08
-1.83604e+08
-1.77358e+08
-1.70845e+08
-1.6413e+08
-1.57293e+08
-1.50415e+08
-1.43577e+08
-1.36871e+08
-1.30387e+08
-1.24199e+08
-1.18348e+08
-1.12859e+08
-1.07733e+08
-1.02963e+08
-9.85326e+07
-9.44256e+07
-9.06245e+07
-8.71126e+07
-8.38739e+07
-8.08936e+07
-7.81569e+07
-7.56498e+07
-7.3359e+07
-7.12716e+07
-6.9375e+07
-6.76575e+07
-6.61081e+07
-6.47161e+07
-6.34711e+07
-6.2363e+07
-6.13822e+07
-6.05193e+07
-5.97654e+07
-5.91124e+07
-5.85528e+07
-5.80786e+07
-5.76822e+07
-5.73558e+07
-5.70929e+07
-5.68874e+07
-5.67332e+07
-5.66242e+07
-5.65548e+07
-5.65203e+07
-5.65162e+07
-5.65388e+07
-5.65844e+07
-5.66494e+07
-5.67307e+07
-5.68251e+07
-5.69299e+07
-5.70424e+07
-5.71601e+07
-5.72809e+07
-5.74029e+07
-5.7524e+07
-5.76428e+07
-5.77579e+07
-5.78677e+07
-5.79712e+07
-5.80672e+07
-5.8155e+07
-5.82337e+07
-5.8302e+07
-5.83581e+07
-5.84001e+07
-5.8426e+07
-5.84348e+07
-2.12928e+08
-2.12674e+08
-2.11914e+08
-2.10648e+08
-2.08878e+08
-2.06606e+08
-2.03836e+08
-2.00572e+08
-1.96821e+08
-1.9259e+08
-1.87891e+08
-1.8274e+08
-1.77158e+08
-1.71174e+08
-1.64829e+08
-1.58178e+08
-1.51286e+08
-1.44239e+08
-1.37154e+08
-1.30167e+08
-1.2342e+08
-1.17049e+08
-1.11142e+08
-1.05722e+08
-1.00746e+08
-9.61515e+07
-9.18855e+07
-8.79057e+07
-8.41813e+07
-8.06893e+07
-7.74131e+07
-7.43401e+07
-7.14606e+07
-6.87668e+07
-6.62523e+07
-6.39111e+07
-6.17379e+07
-5.97273e+07
-5.78742e+07
-5.61733e+07
-5.46193e+07
-5.32069e+07
-5.19303e+07
-5.07839e+07
-4.97617e+07
-4.88575e+07
-4.80653e+07
-4.73796e+07
-4.67941e+07
-4.63018e+07
-4.58947e+07
-4.55628e+07
-4.52953e+07
-4.50834e+07
-4.49207e+07
-4.48012e+07
-4.47202e+07
-4.46735e+07
-4.46577e+07
-4.46687e+07
-4.47027e+07
-4.47565e+07
-4.48271e+07
-4.4911e+07
-4.50054e+07
-4.51077e+07
-4.52154e+07
-4.53264e+07
-4.54388e+07
-4.55504e+07
-4.56597e+07
-4.57653e+07
-4.58653e+07
-4.5958e+07
-4.60431e+07
-4.61214e+07
-4.61923e+07
-4.62524e+07
-4.62978e+07
-4.63261e+07
-4.63357e+07
-2.008e+08
-2.00553e+08
-1.99811e+08
-1.98574e+08
-1.96843e+08
-1.94616e+08
-1.91895e+08
-1.8868e+08
-1.84971e+08
-1.80771e+08
-1.76082e+08
-1.70913e+08
-1.65274e+08
-1.59186e+08
-1.52681e+08
-1.45807e+08
-1.3865e+08
-1.3136e+08
-1.242e+08
-1.17522e+08
-1.11541e+08
-1.06228e+08
-1.0145e+08
-9.70802e+07
-9.30238e+07
-8.92133e+07
-8.56025e+07
-8.2161e+07
-7.8869e+07
-7.57148e+07
-7.26917e+07
-6.97961e+07
-6.70262e+07
-6.43812e+07
-6.18615e+07
-5.94669e+07
-5.71975e+07
-5.50531e+07
-5.30329e+07
-5.11353e+07
-4.93585e+07
-4.77004e+07
-4.61587e+07
-4.47305e+07
-4.34128e+07
-4.22023e+07
-4.1095e+07
-4.00868e+07
-3.91736e+07
-3.83511e+07
-3.76149e+07
Process [1]
-3.69607e+07
-3.63838e+07
-3.58795e+07
-3.54434e+07
-3.50705e+07
-3.47559e+07
-3.44951e+07
-3.42838e+07
-3.41175e+07
-3.39916e+07
-3.3902e+07
-3.38451e+07
-3.38159e+07
-3.38112e+07
-3.3827e+07
-3.38597e+07
-3.39064e+07
-3.39637e+07
-3.40297e+07
-3.40998e+07
-3.41716e+07
-3.42449e+07
-3.43119e+07
-3.4372e+07
-3.4433e+07
-3.44934e+07
-3.45462e+07
-3.45865e+07
-3.46118e+07
-3.46203e+07
-1.89265e+08
-1.89024e+08
-1.883e+08
-1.87092e+08
-1.85399e+08
-1.83219e+08
-1.80546e+08
-1.77379e+08
-1.73711e+08
-1.69537e+08
-1.64852e+08
-1.59652e+08
-1.53934e+08
-1.47706e+08
-1.40989e+08
-1.33852e+08
-1.26537e+08
-1.19562e+08
-1.13453e+08
-1.08309e+08
-1.03913e+08
-1.00014e+08
-9.6399e+07
-9.29307e+07
-8.95549e+07
-8.62612e+07
-8.30502e+07
-7.99252e+07
-7.689e+07
-7.39483e+07
-7.11034e+07
-6.83578e+07
-6.57133e+07
-6.3171e+07
-6.07316e+07
-5.8395e+07
-5.61606e+07
-5.40275e+07
-5.19941e+07
-5.00582e+07
-4.82174e+07
-4.64693e+07
-4.48112e+07
-4.32404e+07
-4.17543e+07
-4.03501e+07
-3.90247e+07
-3.77745e+07
-3.65967e+07
-3.54891e+07
-3.44508e+07
-3.34828e+07
-3.25869e+07
-3.17631e+07
-3.10095e+07
-3.03234e+07
-2.97013e+07
-2.91394e+07
-2.86336e+07
-2.81804e+07
-2.77764e+07
-2.74178e+07
-2.71011e+07
-2.68231e+07
-2.65806e+07
-2.63702e+07
-2.6189e+07
-2.6034e+07
-2.59024e+07
-2.57917e+07
-2.56993e+07
-2.56232e+07
-2.55614e+07
-2.55114e+07
-2.5472e+07
-2.54424e+07
-2.54213e+07
-2.5407e+07
-2.53979e+07
-2.5393e+07
-2.53914e+07
-1.78306e+08
-1.78072e+08
-1.77367e+08
-1.76191e+08
-1.74539e+08
-1.72408e+08
-1.6979e+08
-1.66676e+08
-1.63056e+08
-1.58916e+08
-1.54241e+08
-1.49013e+08
-1.43213e+08
-1.36833e+08
-1.2992e+08
-1.22811e+08
-1.16266e+08
-1.10925e+08
-1.06725e+08
-1.03176e+08
-9.98756e+07
-9.66516e+07
-9.34705e+07
-9.03319e+07
-8.72361e+07
-8.41873e+07
-8.11941e+07
-7.82653e+07
-7.54089e+07
-7.26314e+07
-6.99377e+07
-6.73315e+07
-6.48154e+07
-6.2391e+07
-6.00591e+07
-5.78197e+07
-5.56724e+07
-5.3616e+07
-5.16491e+07
-4.97696e+07
-4.79755e+07
-4.62644e+07
-4.46338e+07
-4.30812e+07
-4.1604e+07
-4.01998e+07
-3.88657e+07
-3.7599e+07
-3.63973e+07
-3.52587e+07
-3.41813e+07
-3.3163e+07
-3.22013e+07
-3.12943e+07
-3.04405e+07
-2.96382e+07
-2.88857e+07
-2.81809e+07
-2.75213e+07
-2.69048e+07
-2.633e+07
-2.57945e+07
-2.52963e+07
-2.48347e+07
-2.44076e+07
-2.40136e+07
-2.36514e+07
-2.33194e+07
-2.30165e+07
-2.27404e+07
-2.2492e+07
-2.22701e+07
-2.20718e+07
-2.19017e+07
-2.17582e+07
-2.16314e+07
-2.15207e+07
-2.14314e+07
-2.13663e+07
-2.13267e+07
-2.13135e+07
-1.67909e+08
-1.67681e+08
-1.66998e+08
-1.65857e+08
-1.64253e+08
-1.62178e+08
-1.59624e+08
-1.56577e+08
-1.53021e+08
-1.48935e+08
-1.44291e+08
-1.39058e+08
-1.332e+08
-1.26727e+08
-1.19985e+08
-1.13891e+08
-1.09208e+08
-1.05697e+08
-1.02643e+08
-9.96735e+07
-9.67149e+07
-9.37545e+07
-9.07978e+07
-8.78614e+07
-8.49584e+07
-8.20972e+07
-7.92853e+07
-7.65299e+07
-7.38382e+07
-7.12159e+07
-6.86678e+07
-6.61978e+07
-6.38085e+07
-6.15019e+07
-5.92791e+07
-5.71405e+07
-5.5086e+07
-5.3115e+07
-5.12265e+07
-4.9419e+07
-4.76908e+07
-4.60401e+07
-4.44648e+07
-4.29628e+07
-4.15318e+07
-4.01695e+07
-3.88737e+07
-3.76421e+07
-3.64725e+07
-3.53627e+07
-3.43104e+07
-3.3313e+07
-3.23678e+07
-3.14723e+07
-3.06246e+07
-2.98232e+07
-2.90664e+07
-2.83526e+07
-2.76802e+07
-2.70474e+07
-2.64528e+07
-2.5895e+07
-2.53727e+07
-2.48847e+07
-2.44299e+07
-2.40073e+07
-2.36158e+07
-2.32545e+07
-2.29221e+07
-2.26181e+07
-2.23417e+07
-2.20916e+07
-2.18677e+07
-2.16704e+07
-2.1498e+07
-2.13475e+07
-2.12184e+07
-2.11134e+07
-2.10361e+07
-2.09889e+07
-2.0973e+07
-1.58053e+08
-1.57834e+08
-1.57176e+08
-1.56076e+08
-1.54527e+08
-1.52521e+08
-1.50046e+08
-1.47085e+08
-1.43618e+08
-1.39615e+08
-1.35043e+08
-1.2985e+08
-1.24009e+08
-1.17756e+08
-1.12003e+08
-1.07683e+08
-1.04564e+08
-1.01828e+08
-9.91158e+07
-9.63792e+07
-9.36191e+07
-9.08538e+07
-8.80941e+07
-8.53497e+07
-8.26314e+07
-7.99482e+07
-7.73081e+07
-7.47178e+07
-7.21836e+07
-6.97108e+07
-6.7304e+07
-6.49669e+07
-6.27022e+07
-6.05121e+07
-5.83978e+07
-5.63602e+07
-5.43994e+07
-5.25151e+07
-5.07068e+07
-4.89733e+07
-4.73133e+07
-4.57255e+07
-4.42081e+07
-4.27593e+07
-4.13772e+07
-4.00598e+07
-3.88051e+07
-3.76112e+07
-3.6476e+07
-3.53975e+07
-3.43735e+07
-3.34018e+07
-3.24803e+07
-3.16069e+07
-3.07797e+07
-2.99972e+07
-2.92577e+07
-2.85597e+07
-2.79016e+07
-2.7282e+07
-2.66995e+07
-2.61528e+07
-2.56407e+07
-2.5162e+07
-2.47156e+07
-2.43007e+07
-2.39161e+07
-2.35609e+07
-2.32344e+07
-2.29355e+07
-2.26635e+07
-2.24177e+07
-2.21974e+07
-2.20022e+07
-2.18311e+07
-2.16835e+07
-2.15597e+07
-2.14606e+07
-2.13882e+07
-2.13441e+07
-2.13293e+07
-1.48721e+08
-1.48512e+08
-1.47882e+08
-1.46829e+08
-1.45345e+08
-1.43422e+08
-1.41044e+08
-1.38195e+08
-1.34849e+08
-1.30973e+08
-1.26523e+08
-1.21452e+08
-1.15828e+08
-1.10359e+08
-1.0612e+08
-1.03158e+08
-1.00659e+08
-9.81777e+07
-9.56569e+07
-9.31022e+07
-9.05301e+07
-8.7949e+07
-8.53708e+07
-8.28053e+07
-8.02614e+07
-7.77475e+07
-7.52708e+07
-7.2838e+07
-7.04548e+07
-6.81262e+07
-6.58563e+07
-6.36488e+07
-6.15063e+07
-5.94311e+07
-5.74246e+07
-5.54877e+07
-5.36209e+07
-5.18242e+07
-5.00973e+07
-4.84394e+07
-4.68495e+07
-4.53266e+07
-4.38692e+07
-4.24759e+07
-4.11451e+07
-3.9875e+07
-3.86639e+07
-3.75101e+07
-3.64117e+07
-3.53669e+07
-3.43739e+07
-3.34306e+07
-3.25353e+07
-3.16862e+07
-3.08816e+07
-3.01198e+07
-2.93994e+07
-2.87189e+07
-2.8077e+07
-2.74722e+07
-2.69034e+07
-2.63693e+07
-2.58687e+07
-2.54005e+07
-2.49639e+07
-2.45577e+07
-2.41812e+07
-2.38333e+07
-2.35134e+07
-2.32206e+07
-2.29542e+07
-2.27136e+07
-2.24983e+07
-2.23075e+07
-2.21411e+07
-2.19986e+07
-2.18805e+07
-2.17872e+07
-2.17196e+07
-2.16786e+07
-2.16649e+07
-1.39888e+08
-1.3969e+08
-1.39094e+08
-1.38095e+08
-1.36688e+08
-1.34862e+08
-1.32604e+08
-1.29894e+08
-1.26707e+08
-1.23009e+08
-1.18748e+08
-1.13909e+08
-1.08845e+08
-1.04533e+08
-1.01506e+08
-9.91629e+07
-9.68963e+07
-9.45856e+07
-9.2232e+07
-8.98506e+07
-8.74493e+07
-8.50402e+07
-8.26322e+07
-8.02344e+07
-7.7855e+07
-7.55015e+07
-7.31807e+07
-7.08985e+07
-6.86603e+07
-6.64707e+07
-6.43336e+07
-6.22523e+07
-6.02296e+07
-5.82676e+07
-5.63677e+07
-5.45311e+07
-5.27583e+07
-5.10497e+07
-4.9405e+07
-4.78239e+07
-4.63056e+07
-4.48492e+07
-4.34537e+07
-4.21178e+07
-4.08402e+07
-3.96195e+07
-3.84542e+07
-3.73426e+07
-3.62833e+07
-3.52745e+07
-3.43147e+07
-3.34022e+07
-3.25353e+07
-3.17124e+07
-3.09321e+07
-3.01929e+07
-2.94933e+07
-2.88321e+07
-2.82079e+07
-2.76196e+07
-2.70658e+07
-2.65456e+07
-2.60578e+07
-2.56015e+07
-2.51757e+07
-2.47794e+07
-2.44119e+07
-2.40724e+07
-2.376e+07
-2.34742e+07
-2.32142e+07
-2.29795e+07
-2.27696e+07
-2.2584e+07
-2.24226e+07
-2.22851e+07
-2.21718e+07
-2.20829e+07
-2.20189e+07
-2.19803e+07
-2.19674e+07
-1.31529e+08
-1.31343e+08
-1.30784e+08
-1.29848e+08
-1.28529e+08
-1.26818e+08
-1.247e+08
-1.22159e+08
-1.1917e+08
-1.15701e+08
-1.11712e+08
-1.07262e+08
-1.02994e+08
-9.97426e+07
-9.73957e+07
-9.53118e+07
-9.32009e+07
-9.10404e+07
-8.8844e+07
-8.66196e+07
-8.43787e+07
-8.21294e+07
-7.98808e+07
-7.7641e+07
-7.54171e+07
-7.3216e+07
-7.10438e+07
-6.89059e+07
-6.68072e+07
-6.47519e+07
-6.27436e+07
-6.07855e+07
-5.888e+07
-5.70293e+07
-5.52348e+07
-5.34978e+07
-5.18189e+07
-5.01984e+07
-4.86366e+07
-4.7133e+07
-4.56874e+07
-4.42989e+07
-4.29667e+07
-4.16899e+07
-4.04673e+07
-3.92978e+07
-3.818e+07
-3.71126e+07
-3.60943e+07
-3.51235e+07
-3.4199e+07
-3.33191e+07
-3.24825e+07
-3.16878e+07
-3.09336e+07
-3.02186e+07
-2.95414e+07
-2.8901e+07
-2.82961e+07
-2.77255e+07
-2.71882e+07
-2.66832e+07
-2.62095e+07
-2.5766e+07
-2.53521e+07
-2.49668e+07
-2.46093e+07
-2.42789e+07
-2.3975e+07
-2.36968e+07
-2.34439e+07
-2.32157e+07
-2.30118e+07
-2.28318e+07
-2.26756e+07
-2.25429e+07
-2.2434e+07
-2.23489e+07
-2.22878e+07
-2.2251e+07
-2.22387e+07
-1.23613e+08
-1.23441e+08
-1.22923e+08
-1.22057e+08
-1.20838e+08
-1.19255e+08
-1.173e+08
-1.14955e+08
-1.122e+08
-1.09008e+08
-1.05364e+08
-1.01463e+08
-9.7994e+07
-9.5461e+07
-9.34736e+07
-9.15391e+07
-8.95612e+07
-8.75408e+07
-8.54868e+07
-8.34096e+07
-8.13169e+07
-7.92175e+07
-7.71188e+07
-7.50279e+07
-7.29516e+07
-7.08956e+07
-6.88655e+07
-6.68661e+07
-6.49018e+07
-6.29765e+07
-6.10933e+07
-5.92553e+07
-5.74646e+07
-5.57234e+07
-5.4033e+07
-5.23947e+07
-5.08092e+07
-4.9277e+07
-4.77982e+07
-4.63729e+07
-4.50006e+07
-4.3681e+07
-4.24134e+07
-4.1197e+07
-4.00309e+07
-3.89141e+07
-3.78455e+07
-3.6824e+07
-3.58483e+07
-3.49173e+07
-3.40297e+07
-3.31843e+07
-3.23797e+07
-3.16147e+07
-3.08882e+07
-3.01989e+07
-2.95457e+07
-2.89275e+07
-2.83431e+07
-2.77917e+07
-2.72721e+07
-2.67834e+07
-2.63248e+07
-2.58953e+07
-2.54943e+07
-2.51208e+07
-2.47742e+07
-2.44539e+07
-2.41591e+07
-2.38893e+07
-2.36441e+07
-2.34229e+07
-2.32254e+07
-2.30513e+07
-2.29004e+07
-2.27725e+07
-2.26677e+07
-2.2586e+07
-2.25275e+07
-2.24924e+07
-2.24806e+07
-1.16107e+08
-1.1595e+08
-1.15478e+08
-1.14688e+08
-1.13577e+08
-1.12138e+08
-1.10361e+08
-1.08237e+08
-1.05748e+08
-1.02874e+08
-9.9634e+07
-9.63288e+07
-9.35363e+07
-9.14365e+07
-8.96378e+07
-8.78295e+07
-8.59727e+07
-8.40797e+07
-8.21584e+07
-8.02169e+07
-7.82631e+07
-7.63042e+07
-7.43468e+07
-7.23973e+07
-7.04612e+07
-6.85438e+07
-6.665e+07
-6.4784e+07
-6.29496e+07
-6.11502e+07
-5.93888e+07
-5.7668e+07
-5.59899e+07
-5.43563e+07
-5.27687e+07
-5.12282e+07
-4.97355e+07
-4.82913e+07
-4.68958e+07
-4.5549e+07
-4.42508e+07
-4.30009e+07
-4.17988e+07
-4.06439e+07
-3.95355e+07
-3.84727e+07
-3.74547e+07
-3.64804e+07
-3.55489e+07
-3.46592e+07
-3.38101e+07
-3.30005e+07
-3.22294e+07
-3.14957e+07
-3.07983e+07
-3.01361e+07
-2.95081e+07
-2.89134e+07
-2.83509e+07
-2.78197e+07
-2.73189e+07
-2.68477e+07
-2.64052e+07
-2.59907e+07
-2.56034e+07
-2.52427e+07
-2.49078e+07
-2.45982e+07
-2.43133e+07
-2.40526e+07
-2.38156e+07
-2.36019e+07
-2.34112e+07
-2.32432e+07
-2.30977e+07
-2.29746e+07
-2.28738e+07
-2.27954e+07
-2.27393e+07
-2.27056e+07
-2.26944e+07
-1.08977e+08
-1.08835e+08
-1.08412e+08
-1.07703e+08
-1.06708e+08
-1.05421e+08
-1.03838e+08
-1.01951e+08
-9.97508e+07
-9.72268e+07
-9.44248e+07
-9.16662e+07
-8.93806e+07
-8.75564e+07
-8.58765e+07
-8.41731e+07
-8.24282e+07
-8.06522e+07
-7.88534e+07
-7.70388e+07
-7.52152e+07
-7.33888e+07
-7.15653e+07
-6.97501e+07
-6.79481e+07
-6.61637e+07
-6.4401e+07
-6.26637e+07
-6.09551e+07
-5.92782e+07
-5.76355e+07
-5.60294e+07
-5.44617e+07
-5.29341e+07
-5.14479e+07
-5.00042e+07
-4.86038e+07
-4.72473e+07
-4.59349e+07
-4.46669e+07
-4.34432e+07
-4.22635e+07
-4.11277e+07
-4.00352e+07
-3.89854e+07
-3.79777e+07
-3.70114e+07
-3.60856e+07
-3.51996e+07
-3.43524e+07
-3.35431e+07
-3.27708e+07
-3.20345e+07
-3.13333e+07
-3.06663e+07
-3.00324e+07
-2.94309e+07
-2.88607e+07
-2.83212e+07
-2.78113e+07
-2.73304e+07
-2.68776e+07
-2.64522e+07
-2.60536e+07
-2.56809e+07
-2.53337e+07
-2.50112e+07
-2.4713e+07
-2.44386e+07
-2.41874e+07
-2.39592e+07
-2.37534e+07
-2.35698e+07
-2.34081e+07
-2.32683e+07
-2.315e+07
-2.30533e+07
-2.2978e+07
-2.29243e+07
-2.2892e+07
-2.28813e+07
Process [2]
-1.02183e+08
-1.02058e+08
-1.01684e+08
-1.01061e+08
-1.00186e+08
-9.90584e+07
-9.76763e+07
-9.60374e+07
-9.41395e+07
-9.19818e+07
-8.96185e+07
-8.73261e+07
-8.54021e+07
-8.37634e+07
-8.21773e+07
-8.05638e+07
-7.89199e+07
-7.72519e+07
-7.55669e+07
-7.38712e+07
-7.21703e+07
-7.04695e+07
-6.87736e+07
-6.70869e+07
-6.54136e+07
-6.37573e+07
-6.21213e+07
-6.05088e+07
-5.89225e+07
-5.73649e+07
-5.58383e+07
-5.43445e+07
-5.28853e+07
-5.14621e+07
-5.00761e+07
-4.87283e+07
-4.74195e+07
-4.61502e+07
-4.49209e+07
-4.37317e+07
-4.25826e+07
-4.14737e+07
-4.04047e+07
-3.93752e+07
-3.83849e+07
-3.74332e+07
-3.65196e+07
-3.56433e+07
-3.48038e+07
-3.40002e+07
-3.32319e+07
-3.24979e+07
-3.17976e+07
-3.11301e+07
-3.04945e+07
-2.98901e+07
-2.9316e+07
-2.87716e+07
-2.82559e+07
-2.77684e+07
-2.73083e+07
-2.68748e+07
-2.64673e+07
-2.60853e+07
-2.5728e+07
-2.5395e+07
-2.50856e+07
-2.47995e+07
-2.45361e+07
-2.4295e+07
-2.40759e+07
-2.38783e+07
-2.37022e+07
-2.35471e+07
-2.3413e+07
-2.32996e+07
-2.3207e+07
-2.3135e+07
-2.30835e+07
-2.30527e+07
-2.30424e+07
-9.56867e+07
-9.55791e+07
-9.52562e+07
-9.47183e+07
-9.3966e+07
-9.30001e+07
-9.18221e+07
-9.04342e+07
-8.88407e+07
-8.70485e+07
-8.51055e+07
-8.3208e+07
-8.15424e+07
-8.00294e+07
-7.85231e+07
-7.6992e+07
-7.54396e+07
-7.38715e+07
-7.22931e+07
-7.07094e+07
-6.9125e+07
-6.75441e+07
-6.59705e+07
-6.44076e+07
-6.28586e+07
-6.13263e+07
-5.98134e+07
-5.83224e+07
-5.68554e+07
-5.54146e+07
-5.40016e+07
-5.26181e+07
-5.12657e+07
-4.99454e+07
-4.86584e+07
-4.74056e+07
-4.61877e+07
-4.50053e+07
-4.38587e+07
-4.27482e+07
-4.1674e+07
-4.0636e+07
-3.96342e+07
-3.86683e+07
-3.77381e+07
-3.68431e+07
-3.59829e+07
-3.51571e+07
-3.43649e+07
-3.3606e+07
-3.28795e+07
-3.21849e+07
-3.15215e+07
-3.08885e+07
-3.02854e+07
-2.97114e+07
-2.91658e+07
-2.86479e+07
-2.81571e+07
-2.76928e+07
-2.72542e+07
-2.68408e+07
-2.64521e+07
-2.60873e+07
-2.57461e+07
-2.5428e+07
-2.51323e+07
-2.48587e+07
-2.46069e+07
-2.43763e+07
-2.41667e+07
-2.39778e+07
-2.38093e+07
-2.36611e+07
-2.35329e+07
-2.34246e+07
-2.3336e+07
-2.32673e+07
-2.32182e+07
-2.31887e+07
-2.31789e+07
-8.94484e+07
-8.93575e+07
-8.90852e+07
-8.86326e+07
-8.80019e+07
-8.71961e+07
-8.62196e+07
-8.50788e+07
-8.37825e+07
-8.23432e+07
-8.07958e+07
-7.92407e+07
-7.77659e+07
-7.63386e+07
-7.4901e+07
-7.34456e+07
-7.1978e+07
-7.05031e+07
-6.90252e+07
-6.75481e+07
-6.60753e+07
-6.46099e+07
-6.31545e+07
-6.17115e+07
-6.02833e+07
-5.88719e+07
-5.74792e+07
-5.6107e+07
-5.4757e+07
-5.34306e+07
-5.21294e+07
-5.08546e+07
-4.96074e+07
-4.83888e+07
-4.71998e+07
-4.60411e+07
-4.49135e+07
-4.38174e+07
-4.27532e+07
-4.17214e+07
-4.0722e+07
-3.97551e+07
-3.88207e+07
-3.79188e+07
-3.70491e+07
-3.62113e+07
-3.54052e+07
-3.46304e+07
-3.38864e+07
-3.31728e+07
-3.2489e+07
-3.18345e+07
-3.12088e+07
-3.06114e+07
-3.00415e+07
-2.94987e+07
-2.89823e+07
-2.84918e+07
-2.80267e+07
-2.75862e+07
-2.717e+07
-2.67774e+07
-2.6408e+07
-2.60613e+07
-2.57368e+07
-2.5434e+07
-2.51526e+07
-2.48921e+07
-2.46522e+07
-2.44325e+07
-2.42329e+07
-2.40529e+07
-2.38924e+07
-2.37511e+07
-2.3629e+07
-2.35258e+07
-2.34415e+07
-2.3376e+07
-2.33293e+07
-2.33012e+07
-2.32919e+07
-8.3428e+07
-8.33535e+07
-8.31304e+07
-8.27608e+07
-8.22481e+07
-8.15973e+07
-8.08153e+07
-7.99116e+07
-7.88987e+07
-7.77926e+07
-7.66118e+07
-7.53603e+07
-7.40399e+07
-7.26777e+07
-7.12994e+07
-6.99135e+07
-6.8525e+07
-6.7138e+07
-6.57559e+07
-6.43814e+07
-6.30167e+07
-6.16634e+07
-6.03233e+07
-5.89977e+07
-5.76879e+07
-5.63951e+07
-5.51205e+07
-5.38651e+07
-5.26301e+07
-5.14166e+07
-5.02256e+07
-4.9058e+07
-4.79147e+07
-4.67967e+07
-4.57047e+07
-4.46394e+07
-4.36014e+07
-4.25911e+07
-4.16091e+07
-4.06556e+07
-3.97309e+07
-3.88352e+07
-3.79684e+07
-3.71306e+07
-3.63217e+07
-3.55416e+07
-3.47901e+07
-3.40668e+07
-3.33715e+07
-3.27038e+07
-3.20634e+07
-3.14497e+07
-3.08625e+07
-3.03012e+07
-2.97653e+07
-2.92544e+07
-2.87679e+07
-2.83055e+07
-2.78666e+07
-2.74508e+07
-2.70575e+07
-2.66864e+07
-2.63369e+07
-2.60087e+07
-2.57014e+07
-2.54145e+07
-2.51478e+07
-2.49008e+07
-2.46733e+07
-2.44649e+07
-2.42754e+07
-2.41047e+07
-2.39523e+07
-2.38183e+07
-2.37024e+07
-2.36045e+07
-2.35245e+07
-2.34624e+07
-2.3418e+07
-2.33914e+07
-2.33826e+07
-7.75869e+07
-7.75279e+07
-7.73519e+07
-7.70613e+07
-7.66608e+07
-7.61569e+07
-7.55586e+07
-7.48777e+07
-7.41294e+07
-7.33323e+07
-7.24888e+07
-7.15157e+07
-7.03369e+07
-6.90325e+07
-6.77064e+07
-6.63838e+07
-6.50694e+07
-6.37666e+07
-6.24773e+07
-6.12029e+07
-5.9944e+07
-5.87012e+07
-5.74748e+07
-5.6265e+07
-5.50722e+07
-5.38966e+07
-5.27386e+07
-5.15988e+07
-5.04776e+07
-4.93756e+07
-4.82936e+07
-4.72321e+07
-4.61919e+07
-4.51735e+07
-4.41777e+07
-4.3205e+07
-4.22559e+07
-4.13311e+07
-4.04308e+07
-3.95554e+07
-3.87052e+07
-3.78805e+07
-3.70813e+07
-3.63078e+07
-3.556e+07
-3.48377e+07
-3.4141e+07
-3.34697e+07
-3.28235e+07
-3.22022e+07
-3.16056e+07
-3.10334e+07
-3.04851e+07
-2.99605e+07
-2.94592e+07
-2.89807e+07
-2.85248e+07
-2.80911e+07
-2.7679e+07
-2.72883e+07
-2.69185e+07
-2.65693e+07
-2.62403e+07
-2.59312e+07
-2.56415e+07
-2.5371e+07
-2.51194e+07
-2.48863e+07
-2.46715e+07
-2.44747e+07
-2.42957e+07
-2.41344e+07
-2.39904e+07
-2.38638e+07
-2.37542e+07
-2.36617e+07
-2.35862e+07
-2.35275e+07
-2.34856e+07
-2.34604e+07
-2.34521e+07
-7.1888e+07
-7.18436e+07
-7.17115e+07
-7.14947e+07
-7.11987e+07
-7.08312e+07
-7.04028e+07
-6.99271e+07
-6.94212e+07
-6.8906e+07
-6.8372e+07
-6.76642e+07
-6.66316e+07
-6.53873e+07
-6.41078e+07
-6.28431e+07
-6.15994e+07
-6.03785e+07
-5.91807e+07
-5.80055e+07
-5.6852e+07
-5.57193e+07
-5.46064e+07
-5.35121e+07
-5.24359e+07
-5.1377e+07
-5.03352e+07
-4.93102e+07
-4.8302e+07
-4.73109e+07
-4.63371e+07
-4.53809e+07
-4.44428e+07
-4.35233e+07
-4.26229e+07
-4.17422e+07
-4.08816e+07
-4.00415e+07
-3.92225e+07
-3.84249e+07
-3.7649e+07
-3.68952e+07
-3.61635e+07
-3.54543e+07
-3.47675e+07
-3.41033e+07
-3.34616e+07
-3.28425e+07
-3.22457e+07
-3.16712e+07
-3.11188e+07
-3.05882e+07
-3.00794e+07
-2.95919e+07
-2.91256e+07
-2.86802e+07
-2.82553e+07
-2.78506e+07
-2.74659e+07
-2.71008e+07
-2.6755e+07
-2.64282e+07
-2.61201e+07
-2.58303e+07
-2.55587e+07
-2.53049e+07
-2.50687e+07
-2.48499e+07
-2.46481e+07
-2.44632e+07
-2.42949e+07
-2.41432e+07
-2.40079e+07
-2.38888e+07
-2.37858e+07
-2.36987e+07
-2.36277e+07
-2.35724e+07
-2.3533e+07
-2.35094e+07
-2.35015e+07
-6.62966e+07
-6.62656e+07
-6.61738e+07
-6.60246e+07
-6.5824e+07
-6.55806e+07
-6.5306e+07
-6.50151e+07
-6.47268e+07
-6.44639e+07
-6.42102e+07
-6.37616e+07
-6.2895e+07
-6.1723e+07
-6.04865e+07
-5.92759e+07
-5.81014e+07
-5.69624e+07
-5.58567e+07
-5.4782e+07
-5.37353e+07
-5.2714e+07
-5.17156e+07
-5.07378e+07
-4.97789e+07
-4.88372e+07
-4.79117e+07
-4.70015e+07
-4.61062e+07
-4.52255e+07
-4.43594e+07
-4.3508e+07
-4.26715e+07
-4.18502e+07
-4.10447e+07
-4.02553e+07
-3.94825e+07
-3.87268e+07
-3.79887e+07
-3.72684e+07
-3.65665e+07
-3.58832e+07
-3.52189e+07
-3.45738e+07
-3.39481e+07
-3.33419e+07
-3.27553e+07
-3.21884e+07
-3.16412e+07
-3.11137e+07
-3.06057e+07
-3.01172e+07
-2.9648e+07
-2.91981e+07
-2.87671e+07
-2.8355e+07
-2.79615e+07
-2.75863e+07
-2.72293e+07
-2.68902e+07
-2.65687e+07
-2.62646e+07
-2.59778e+07
-2.57078e+07
-2.54546e+07
-2.52179e+07
-2.49974e+07
-2.4793e+07
-2.46045e+07
-2.44317e+07
-2.42744e+07
-2.41326e+07
-2.4006e+07
-2.38945e+07
-2.37981e+07
-2.37167e+07
-2.36502e+07
-2.35985e+07
-2.35616e+07
-2.35395e+07
-2.35321e+07
-6.07808e+07
-6.07619e+07
-6.07063e+07
-6.06177e+07
-6.05024e+07
-6.03695e+07
-6.02312e+07
-6.01031e+07
-6.00051e+07
-5.99618e+07
-5.99564e+07
-5.97644e+07
-5.90941e+07
-5.80146e+07
-5.68217e+07
-5.56642e+07
-5.45603e+07
-5.35059e+07
-5.24958e+07
-5.15249e+07
-5.05884e+07
-4.96816e+07
-4.88004e+07
-4.79413e+07
-4.71014e+07
-4.62782e+07
-4.547e+07
-4.46752e+07
-4.38931e+07
-4.31229e+07
-4.23643e+07
-4.16173e+07
-4.08819e+07
-4.01584e+07
-3.94472e+07
-3.87486e+07
-3.80631e+07
-3.73912e+07
-3.67333e+07
-3.609e+07
-3.54616e+07
-3.48486e+07
-3.42513e+07
-3.36701e+07
-3.31052e+07
-3.25569e+07
-3.20254e+07
-3.15108e+07
-3.10132e+07
-3.05327e+07
-3.00693e+07
-2.9623e+07
-2.91937e+07
-2.87815e+07
-2.83861e+07
-2.80076e+07
-2.76457e+07
-2.73003e+07
-2.69713e+07
-2.66584e+07
-2.63616e+07
-2.60806e+07
-2.58152e+07
-2.55653e+07
-2.53308e+07
-2.51113e+07
-2.49068e+07
-2.47172e+07
-2.45421e+07
-2.43816e+07
-2.42355e+07
-2.41036e+07
-2.39859e+07
-2.38823e+07
-2.37926e+07
-2.37169e+07
-2.3655e+07
-2.36069e+07
-2.35725e+07
-2.35519e+07
-2.35451e+07
-5.5312e+07
-5.53037e+07
-5.52799e+07
-5.52446e+07
-5.52039e+07
-5.51672e+07
-5.51468e+07
-5.51584e+07
-5.52219e+07
-5.53625e+07
-5.55697e+07
-5.56308e+07
-5.51916e+07
-5.42314e+07
-5.30877e+07
-5.19874e+07
-5.096e+07
-4.99963e+07
-4.9088e+07
-4.82271e+07
-4.74062e+07
-4.66189e+07
-4.58592e+07
-4.51223e+07
-4.44043e+07
-4.37018e+07
-4.30124e+07
-4.23342e+07
-4.16658e+07
-4.10064e+07
-4.03555e+07
-3.97127e+07
-3.90782e+07
-3.8452e+07
-3.78345e+07
-3.72262e+07
-3.66274e+07
-3.60387e+07
-3.54605e+07
-3.48936e+07
-3.43382e+07
-3.3795e+07
-3.32644e+07
-3.27468e+07
-3.22425e+07
-3.17518e+07
-3.12752e+07
-3.08127e+07
-3.03647e+07
-2.99312e+07
-2.95124e+07
-2.91083e+07
-2.87191e+07
-2.83447e+07
-2.79851e+07
-2.76402e+07
-2.73101e+07
-2.69947e+07
-2.66939e+07
-2.64075e+07
-2.61355e+07
-2.58777e+07
-2.56341e+07
-2.54045e+07
-2.51888e+07
-2.49869e+07
-2.47986e+07
-2.46238e+07
-2.44624e+07
-2.43144e+07
-2.41795e+07
-2.40578e+07
-2.39491e+07
-2.38533e+07
-2.37705e+07
-2.37004e+07
-2.36432e+07
-2.35988e+07
-2.3567e+07
-2.3548e+07
-2.35416e+07
-4.98647e+07
-4.98655e+07
-4.98692e+07
-4.98796e+07
-4.99028e+07
-4.99478e+07
-5.00267e+07
-5.01547e+07
-5.03508e+07
-5.06386e+07
-5.10183e+07
-5.13223e+07
-5.11454e+07
-5.03349e+07
-4.92554e+07
-4.82241e+07
-4.72837e+07
-4.64208e+07
-4.56238e+07
-4.48818e+07
-4.41847e+07
-4.35237e+07
-4.28913e+07
-4.22814e+07
-4.1689e+07
-4.11101e+07
-4.05417e+07
-3.99816e+07
-3.94281e+07
-3.88801e+07
-3.8337e+07
-3.77985e+07
-3.72645e+07
-3.67352e+07
-3.6211e+07
-3.56923e+07
-3.51796e+07
-3.46734e+07
-3.41745e+07
-3.36833e+07
-3.32004e+07
-3.27265e+07
-3.2262e+07
-3.18074e+07
-3.13633e+07
-3.093e+07
-3.0508e+07
-3.00975e+07
-2.96988e+07
-2.93122e+07
-2.89378e+07
-2.8576e+07
-2.82267e+07
-2.78901e+07
-2.75662e+07
-2.72552e+07
-2.6957e+07
-2.66717e+07
-2.63991e+07
-2.61394e+07
-2.58924e+07
-2.5658e+07
-2.54363e+07
-2.52271e+07
-2.50304e+07
-2.48461e+07
-2.46741e+07
-2.45144e+07
-2.43668e+07
-2.42313e+07
-2.41078e+07
-2.39963e+07
-2.38967e+07
-2.38089e+07
-2.3733e+07
-2.36687e+07
-2.36162e+07
-2.35754e+07
-2.35463e+07
-2.35288e+07
-2.3523e+07
-4.4417e+07
-4.44255e+07
-4.44523e+07
-4.4501e+07
-4.45774e+07
-4.46901e+07
-4.48504e+07
-4.50725e+07
-4.53738e+07
-4.57747e+07
Process [3]
-4.62863e+07
-4.68034e+07
-4.68988e+07
-4.62792e+07
-4.52978e+07
-4.43538e+07
-4.35147e+07
-4.27668e+07
-4.20947e+07
-4.14838e+07
-4.09209e+07
-4.03951e+07
-3.98973e+07
-3.94203e+07
-3.89581e+07
-3.85064e+07
-3.80616e+07
-3.76214e+07
-3.7184e+07
-3.67481e+07
-3.63132e+07
-3.58789e+07
-3.54453e+07
-3.50125e+07
-3.4581e+07
-3.41513e+07
-3.37239e+07
-3.32997e+07
-3.28791e+07
-3.24629e+07
-3.20518e+07
-3.16465e+07
-3.12476e+07
-3.08556e+07
-3.04712e+07
-3.00948e+07
-2.97269e+07
-2.9368e+07
-2.90184e+07
-2.86784e+07
-2.83483e+07
-2.80285e+07
-2.77191e+07
-2.74202e+07
-2.71321e+07
-2.68549e+07
-2.65886e+07
-2.63333e+07
-2.60891e+07
-2.5856e+07
-2.5634e+07
-2.54232e+07
-2.52234e+07
-2.50348e+07
-2.48572e+07
-2.46906e+07
-2.4535e+07
-2.43904e+07
-2.42567e+07
-2.41339e+07
-2.40219e+07
-2.39206e+07
-2.38302e+07
-2.37504e+07
-2.36814e+07
-2.3623e+07
-2.35753e+07
-2.35382e+07
-2.35117e+07
-2.34958e+07
-2.34905e+07
-3.89503e+07
-3.89652e+07
-3.9011e+07
-3.90908e+07
-3.92103e+07
-3.93774e+07
-3.96022e+07
-3.98978e+07
-4.02796e+07
-4.07653e+07
-4.13745e+07
-4.20474e+07
-4.23873e+07
-4.20138e+07
-4.11893e+07
-4.03548e+07
-3.96361e+07
-3.90231e+07
-3.8494e+07
-3.80296e+07
-3.7614e+07
-3.72342e+07
-3.68796e+07
-3.65422e+07
-3.62155e+07
-3.58948e+07
-3.55766e+07
-3.52583e+07
-3.49382e+07
-3.46152e+07
-3.42888e+07
-3.39587e+07
-3.36251e+07
-3.32883e+07
-3.29489e+07
-3.26074e+07
-3.22647e+07
-3.19214e+07
-3.15784e+07
-3.12365e+07
-3.08964e+07
-3.05589e+07
-3.02248e+07
-2.98948e+07
-2.95694e+07
-2.92494e+07
-2.89352e+07
-2.86274e+07
-2.83264e+07
-2.80327e+07
-2.77466e+07
-2.74686e+07
-2.71988e+07
-2.69375e+07
-2.6685e+07
-2.64414e+07
-2.62069e+07
-2.59817e+07
-2.57658e+07
-2.55593e+07
-2.53624e+07
-2.51751e+07
-2.49973e+07
-2.48292e+07
-2.46708e+07
-2.4522e+07
-2.43829e+07
-2.42534e+07
-2.41336e+07
-2.40235e+07
-2.3923e+07
-2.38321e+07
-2.37508e+07
-2.36791e+07
-2.3617e+07
-2.35645e+07
-2.35216e+07
-2.34882e+07
-2.34643e+07
-2.345e+07
-2.34452e+07
-3.34496e+07
-3.34695e+07
-3.35302e+07
-3.36348e+07
-3.37881e+07
-3.39972e+07
-3.42713e+07
-3.46217e+07
-3.50621e+07
-3.56088e+07
-3.6283e+07
-3.70478e+07
-3.75863e+07
-3.74972e+07
-3.68912e+07
-3.62018e+07
-3.56326e+07
-3.51812e+07
-3.4818e+07
-3.45192e+07
-3.42662e+07
-3.40445e+07
-3.38427e+07
-3.36522e+07
-3.34665e+07
-3.3281e+07
-3.30922e+07
-3.28978e+07
-3.26963e+07
-3.24868e+07
-3.2269e+07
-3.20429e+07
-3.18088e+07
-3.15674e+07
-3.13192e+07
-3.10652e+07
-3.08061e+07
-3.05429e+07
-3.02765e+07
-3.00078e+07
-2.97378e+07
-2.94673e+07
-2.91972e+07
-2.89283e+07
-2.86612e+07
-2.83968e+07
-2.81357e+07
-2.78785e+07
-2.76257e+07
-2.73778e+07
-2.71354e+07
-2.68987e+07
-2.66682e+07
-2.64442e+07
-2.62271e+07
-2.6017e+07
-2.58141e+07
-2.56188e+07
-2.54311e+07
-2.52513e+07
-2.50793e+07
-2.49154e+07
-2.47596e+07
-2.46121e+07
-2.44728e+07
-2.43418e+07
-2.42191e+07
-2.41048e+07
-2.3999e+07
-2.39016e+07
-2.38126e+07
-2.3732e+07
-2.366e+07
-2.35964e+07
-2.35413e+07
-2.34946e+07
-2.34565e+07
-2.34268e+07
-2.34056e+07
-2.33928e+07
-2.33886e+07
-2.79024e+07
-2.79262e+07
-2.79984e+07
-2.81217e+07
-2.83005e+07
-2.85407e+07
-2.88505e+07
-2.92395e+07
-2.97195e+07
-3.03045e+07
-3.10116e+07
-3.18207e+07
-3.25128e+07
-3.27052e+07
-3.23608e+07
-3.18697e+07
-3.14932e+07
-3.12379e+07
-3.10681e+07
-3.09566e+07
-3.08833e+07
-3.08327e+07
-3.07936e+07
-3.07574e+07
-3.07183e+07
-3.06718e+07
-3.06151e+07
-3.05462e+07
-3.04642e+07
-3.03685e+07
-3.02592e+07
-3.01367e+07
-3.00015e+07
-2.98546e+07
-2.96967e+07
-2.95289e+07
-2.93524e+07
-2.91681e+07
-2.89772e+07
-2.87807e+07
-2.85797e+07
-2.83752e+07
-2.81681e+07
-2.79594e+07
-2.77499e+07
-2.75404e+07
-2.73316e+07
-2.71243e+07
-2.69191e+07
-2.67165e+07
-2.65171e+07
-2.63214e+07
-2.61299e+07
-2.59429e+07
-2.57607e+07
-2.55838e+07
-2.54124e+07
-2.52468e+07
-2.50871e+07
-2.49337e+07
-2.47866e+07
-2.46461e+07
-2.45122e+07
-2.4385e+07
-2.42648e+07
-2.41515e+07
-2.40453e+07
-2.39462e+07
-2.38543e+07
-2.37695e+07
-2.36921e+07
-2.36219e+07
-2.3559e+07
-2.35035e+07
-2.34553e+07
-2.34146e+07
-2.33812e+07
-2.33552e+07
-2.33367e+07
-2.33255e+07
-2.33218e+07
-2.22994e+07
-2.23261e+07
-2.24067e+07
-2.25436e+07
-2.27404e+07
-2.30024e+07
-2.33362e+07
-2.37499e+07
-2.4253e+07
-2.48566e+07
-2.55722e+07
-2.63933e+07
-2.71906e+07
-2.76304e+07
-2.75751e+07
-2.73457e+07
-2.72164e+07
-2.71981e+07
-2.72525e+07
-2.73518e+07
-2.74755e+07
-2.76092e+07
-2.77423e+07
-2.78675e+07
-2.79797e+07
-2.80755e+07
-2.81529e+07
-2.82107e+07
-2.82486e+07
-2.82667e+07
-2.82655e+07
-2.82457e+07
-2.82085e+07
-2.81548e+07
-2.8086e+07
-2.80033e+07
-2.79079e+07
-2.78013e+07
-2.76846e+07
-2.7559e+07
-2.74258e+07
-2.72861e+07
-2.7141e+07
-2.69915e+07
-2.68385e+07
-2.6683e+07
-2.65257e+07
-2.63676e+07
-2.62092e+07
-2.60513e+07
-2.58944e+07
-2.57392e+07
-2.55861e+07
-2.54356e+07
-2.52881e+07
-2.51441e+07
-2.50038e+07
-2.48676e+07
-2.47357e+07
-2.46085e+07
-2.44861e+07
-2.43687e+07
-2.42565e+07
-2.41498e+07
-2.40485e+07
-2.39529e+07
-2.3863e+07
-2.3779e+07
-2.37009e+07
-2.36288e+07
-2.35628e+07
-2.35029e+07
-2.34492e+07
-2.34018e+07
-2.33606e+07
-2.33257e+07
-2.32971e+07
-2.32748e+07
-2.32589e+07
-2.32493e+07
-2.32461e+07
-1.66338e+07
-1.66623e+07
-1.67487e+07
-1.68947e+07
-1.71034e+07
-1.73791e+07
-1.77271e+07
-1.81541e+07
-1.86673e+07
-1.92747e+07
-1.99838e+07
-2.07961e+07
-2.16478e+07
-2.22839e+07
-2.25382e+07
-2.26387e+07
-2.28159e+07
-2.30778e+07
-2.33882e+07
-2.37211e+07
-2.40586e+07
-2.43883e+07
-2.4702e+07
-2.49941e+07
-2.52614e+07
-2.55018e+07
-2.57145e+07
-2.58995e+07
-2.60571e+07
-2.61882e+07
-2.6294e+07
-2.63758e+07
-2.6435e+07
-2.64732e+07
-2.64919e+07
-2.64926e+07
-2.6477e+07
-2.64464e+07
-2.64025e+07
-2.63464e+07
-2.62797e+07
-2.62035e+07
-2.61191e+07
-2.60276e+07
-2.59301e+07
-2.58276e+07
-2.57209e+07
-2.56111e+07
-2.54987e+07
-2.53847e+07
-2.52697e+07
-2.51543e+07
-2.50391e+07
-2.49247e+07
-2.48114e+07
-2.46998e+07
-2.45903e+07
-2.44831e+07
-2.43788e+07
-2.42775e+07
-2.41795e+07
-2.40851e+07
-2.39945e+07
-2.39079e+07
-2.38254e+07
-2.37473e+07
-2.36737e+07
-2.36047e+07
-2.35403e+07
-2.34808e+07
-2.34262e+07
-2.33766e+07
-2.3332e+07
-2.32926e+07
-2.32583e+07
-2.32292e+07
-2.32053e+07
-2.31868e+07
-2.31735e+07
-2.31655e+07
-2.31628e+07
-1.09005e+07
-1.09303e+07
-1.10201e+07
-1.11715e+07
-1.1387e+07
-1.16699e+07
-1.20244e+07
-1.24556e+07
-1.2969e+07
-1.35703e+07
-1.42643e+07
-1.50559e+07
-1.59177e+07
-1.67004e+07
-1.72834e+07
-1.77809e+07
-1.83228e+07
-1.89066e+07
-1.9502e+07
-2.00886e+07
-2.06534e+07
-2.11883e+07
-2.16886e+07
-2.21514e+07
-2.25758e+07
-2.29617e+07
-2.33098e+07
-2.36211e+07
-2.38974e+07
-2.41401e+07
-2.43513e+07
-2.45329e+07
-2.46868e+07
-2.48149e+07
-2.49193e+07
-2.50016e+07
-2.50639e+07
-2.51077e+07
-2.51347e+07
-2.51466e+07
-2.51448e+07
-2.51307e+07
-2.51057e+07
-2.5071e+07
-2.50277e+07
-2.49771e+07
-2.492e+07
-2.48574e+07
-2.47903e+07
-2.47194e+07
-2.46455e+07
-2.45692e+07
-2.44913e+07
-2.44123e+07
-2.43327e+07
-2.4253e+07
-2.41738e+07
-2.40954e+07
-2.40182e+07
-2.39425e+07
-2.38686e+07
-2.37969e+07
-2.37277e+07
-2.3661e+07
-2.35972e+07
-2.35364e+07
-2.34789e+07
-2.34247e+07
-2.3374e+07
-2.3327e+07
-2.32837e+07
-2.32442e+07
-2.32087e+07
-2.31772e+07
-2.31498e+07
-2.31265e+07
-2.31073e+07
-2.30924e+07
-2.30817e+07
-2.30753e+07
-2.30732e+07
-5.09669e+06
-5.12708e+06
-5.21859e+06
-5.37244e+06
-5.59051e+06
-5.87542e+06
-6.23038e+06
-6.65905e+06
-7.16547e+06
-7.75378e+06
-8.42779e+06
-9.19057e+06
-1.00374e+07
-1.09426e+07
-1.18773e+07
-1.28303e+07
-1.37886e+07
-1.47283e+07
-1.56306e+07
-1.64849e+07
-1.72859e+07
-1.80313e+07
-1.87208e+07
-1.93554e+07
-1.99368e+07
-2.04672e+07
-2.09491e+07
-2.1385e+07
-2.17777e+07
-2.21299e+07
-2.24442e+07
-2.27231e+07
-2.29693e+07
-2.31851e+07
-2.33729e+07
-2.35347e+07
-2.36727e+07
-2.37889e+07
-2.38851e+07
-2.39631e+07
-2.40245e+07
-2.40709e+07
-2.41038e+07
-2.41244e+07
-2.41342e+07
-2.41342e+07
-2.41255e+07
-2.41092e+07
-2.40863e+07
-2.40576e+07
-2.40239e+07
-2.39861e+07
-2.39447e+07
-2.39005e+07
-2.3854e+07
-2.38058e+07
-2.37564e+07
-2.37062e+07
-2.36557e+07
-2.36052e+07
-2.35552e+07
-2.35059e+07
-2.34576e+07
-2.34107e+07
-2.33653e+07
-2.33216e+07
-2.328e+07
-2.32405e+07
-2.32033e+07
-2.31686e+07
-2.31365e+07
-2.31071e+07
-2.30806e+07
-2.30569e+07
-2.30363e+07
-2.30187e+07
-2.30043e+07
-2.2993e+07
-2.29849e+07
-2.298e+07
-2.29784e+07
779275.
748788.
656994.
503055.
285525.
2485.26
-348303.
-769594.
-1.26388e+06
-1.83422e+06
-2.48413e+06
-3.21523e+06
-4.04552e+06
-5.08825e+06
-6.41764e+06
-7.8756e+06
-9.28428e+06
-1.05996e+07
-1.18194e+07
-1.29468e+07
-1.39859e+07
-1.49417e+07
-1.58191e+07
-1.66233e+07
-1.7359e+07
-1.80308e+07
-1.86433e+07
-1.92006e+07
-1.97065e+07
-2.01649e+07
-2.05791e+07
-2.09525e+07
-2.12881e+07
-2.15889e+07
-2.18573e+07
-2.20961e+07
-2.23076e+07
-2.24939e+07
-2.26572e+07
-2.27993e+07
-2.29221e+07
-2.30273e+07
-2.31164e+07
-2.31909e+07
-2.32522e+07
-2.33015e+07
-2.33401e+07
-2.3369e+07
-2.33892e+07
-2.34017e+07
-2.34074e+07
-2.34071e+07
-2.34015e+07
-2.33914e+07
-2.33773e+07
-2.336e+07
-2.33398e+07
-2.33174e+07
-2.32931e+07
-2.32675e+07
-2.32409e+07
-2.32136e+07
-2.31861e+07
-2.31585e+07
-2.31312e+07
-2.31045e+07
-2.30785e+07
-2.30535e+07
-2.30297e+07
-2.30071e+07
-2.29861e+07
-2.29666e+07
-2.29489e+07
-2.29331e+07
-2.29191e+07
-2.29072e+07
-2.28974e+07
-2.28897e+07
-2.28842e+07
-2.28808e+07
-2.28797e+07
6.72783e+06
6.69756e+06
6.6066e+06
6.45428e+06
6.23962e+06
5.96138e+06
5.61779e+06
5.20754e+06
4.72843e+06
4.17965e+06
3.55888e+06
2.85862e+06
2.01264e+06
757988.
-1.03647e+06
-3.03113e+06
-4.89709e+06
-6.58634e+06
-8.11953e+06
-9.5144e+06
-1.07857e+07
-1.19457e+07
-1.30051e+07
-1.39729e+07
-1.48573e+07
-1.56654e+07
-1.64035e+07
-1.70773e+07
-1.76921e+07
-1.82525e+07
-1.87628e+07
-1.9227e+07
-1.96486e+07
-2.0031e+07
-2.03773e+07
-2.06902e+07
-2.09724e+07
-2.12264e+07
-2.14545e+07
-2.16586e+07
-2.18408e+07
-2.20028e+07
-2.21464e+07
-2.22732e+07
-2.23845e+07
-2.24818e+07
-2.25662e+07
-2.2639e+07
-2.27013e+07
-2.2754e+07
-2.27981e+07
-2.28344e+07
-2.28638e+07
-2.2887e+07
-2.29046e+07
-2.29174e+07
-2.29259e+07
-2.29307e+07
-2.29322e+07
-2.29309e+07
-2.29273e+07
-2.29217e+07
-2.29145e+07
-2.2906e+07
-2.28966e+07
-2.28864e+07
-2.28759e+07
-2.28651e+07
-2.28544e+07
-2.28439e+07
-2.28337e+07
-2.28241e+07
-2.28151e+07
-2.28069e+07
-2.27996e+07
-2.27933e+07
-2.2788e+07
-2.27838e+07
-2.27808e+07
-2.2779e+07
-2.27784e+07
Process [4]
1.27485e+07
1.27187e+07
1.26293e+07
1.24798e+07
1.22698e+07
1.1998e+07
1.16641e+07
1.12666e+07
1.08051e+07
1.02787e+07
9.68983e+06
9.01913e+06
8.07383e+06
6.44971e+06
4.10019e+06
1.57464e+06
-718920.
-2.75703e+06
-4.58297e+06
-6.22835e+06
-7.71735e+06
-9.06923e+06
-1.02997e+07
-1.14218e+07
-1.24465e+07
-1.33832e+07
-1.42401e+07
-1.50245e+07
-1.57425e+07
-1.63998e+07
-1.70015e+07
-1.75522e+07
-1.80558e+07
-1.85163e+07
-1.89369e+07
-1.93208e+07
-1.9671e+07
-1.999e+07
-2.02802e+07
-2.0544e+07
-2.07834e+07
-2.10003e+07
-2.11966e+07
-2.13738e+07
-2.15336e+07
-2.16772e+07
-2.18062e+07
-2.19216e+07
-2.20247e+07
-2.21165e+07
-2.21979e+07
-2.227e+07
-2.23334e+07
-2.23891e+07
-2.24377e+07
-2.248e+07
-2.25165e+07
-2.25478e+07
-2.25745e+07
-2.25971e+07
-2.2616e+07
-2.26316e+07
-2.26444e+07
-2.26546e+07
-2.26627e+07
-2.26689e+07
-2.26735e+07
-2.26767e+07
-2.26789e+07
-2.26802e+07
-2.26807e+07
-2.26807e+07
-2.26803e+07
-2.26796e+07
-2.26788e+07
-2.2678e+07
-2.26772e+07
-2.26765e+07
-2.2676e+07
-2.26757e+07
-2.26755e+07
1.88402e+07
1.88111e+07
1.87237e+07
1.85779e+07
1.83732e+07
1.81096e+07
1.7786e+07
1.74028e+07
1.69595e+07
1.64558e+07
1.58934e+07
1.5221e+07
1.40266e+07
1.17934e+07
8.8058e+06
5.81917e+06
3.16505e+06
825311.
-1.25806e+06
-3.12625e+06
-4.8108e+06
-6.33636e+06
-7.72273e+06
-8.98613e+06
-1.014e+07
-1.11958e+07
-1.21631e+07
-1.30505e+07
-1.38651e+07
-1.46134e+07
-1.53011e+07
-1.59333e+07
-1.65146e+07
-1.7049e+07
-1.75403e+07
-1.79918e+07
-1.84067e+07
-1.87877e+07
-1.91376e+07
-1.94585e+07
-1.97528e+07
-2.00225e+07
-2.02694e+07
-2.04953e+07
-2.07018e+07
-2.08903e+07
-2.10623e+07
-2.1219e+07
-2.13616e+07
-2.14913e+07
-2.1609e+07
-2.17157e+07
-2.18123e+07
-2.18996e+07
-2.19784e+07
-2.20494e+07
-2.21132e+07
-2.21705e+07
-2.22218e+07
-2.22677e+07
-2.23086e+07
-2.23449e+07
-2.23772e+07
-2.24058e+07
-2.2431e+07
-2.24532e+07
-2.24727e+07
-2.24897e+07
-2.25045e+07
-2.25173e+07
-2.25283e+07
-2.25378e+07
-2.25458e+07
-2.25526e+07
-2.25582e+07
-2.25627e+07
-2.25663e+07
-2.2569e+07
-2.25709e+07
-2.25721e+07
-2.25724e+07
2.50013e+07
2.4973e+07
2.4888e+07
2.47462e+07
2.45478e+07
2.42921e+07
2.39801e+07
2.36111e+07
2.31851e+07
2.27057e+07
2.21597e+07
2.13512e+07
1.95953e+07
1.65314e+07
1.29389e+07
9.61301e+06
6.68895e+06
4.10967e+06
1.81549e+06
-239713.
-2.09143e+06
-3.76774e+06
-5.29118e+06
-6.68016e+06
-7.94995e+06
-9.11335e+06
-1.01812e+07
-1.11629e+07
-1.20665e+07
-1.2899e+07
-1.36668e+07
-1.43751e+07
-1.50291e+07
-1.56331e+07
-1.6191e+07
-1.67064e+07
-1.71827e+07
-1.76228e+07
-1.80293e+07
-1.84048e+07
-1.87516e+07
-1.90718e+07
-1.93673e+07
-1.96399e+07
-1.98913e+07
-2.01231e+07
-2.03366e+07
-2.05332e+07
-2.0714e+07
-2.08804e+07
-2.10332e+07
-2.11735e+07
-2.13023e+07
-2.14203e+07
-2.15284e+07
-2.16274e+07
-2.17178e+07
-2.18003e+07
-2.18756e+07
-2.19442e+07
-2.20065e+07
-2.20632e+07
-2.21145e+07
-2.2161e+07
-2.2203e+07
-2.22408e+07
-2.22748e+07
-2.23052e+07
-2.23324e+07
-2.23565e+07
-2.23778e+07
-2.23965e+07
-2.24128e+07
-2.24268e+07
-2.24387e+07
-2.24485e+07
-2.24565e+07
-2.24625e+07
-2.24668e+07
-2.24694e+07
-2.24702e+07
3.12303e+07
3.12027e+07
3.11201e+07
3.09826e+07
3.07899e+07
3.05434e+07
3.02418e+07
2.98862e+07
2.948e+07
2.90161e+07
2.84205e+07
2.71102e+07
2.43242e+07
2.04175e+07
1.64488e+07
1.29158e+07
9.81216e+06
7.06224e+06
4.60949e+06
2.40808e+06
421520.
-1.37941e+06
-3.0185e+06
-4.51527e+06
-5.88595e+06
-7.14421e+06
-8.30164e+06
-9.36817e+06
-1.03524e+07
-1.12618e+07
-1.2103e+07
-1.28817e+07
-1.36032e+07
-1.4272e+07
-1.48923e+07
-1.54678e+07
-1.60019e+07
-1.64977e+07
-1.6958e+07
-1.73854e+07
-1.77821e+07
-1.81505e+07
-1.84925e+07
-1.88099e+07
-1.91044e+07
-1.93776e+07
-1.96311e+07
-1.9866e+07
-2.00838e+07
-2.02855e+07
-2.04723e+07
-2.06452e+07
-2.08051e+07
-2.09529e+07
-2.10894e+07
-2.12154e+07
-2.13317e+07
-2.14388e+07
-2.15374e+07
-2.16281e+07
-2.17113e+07
-2.17877e+07
-2.18576e+07
-2.19216e+07
-2.19799e+07
-2.20329e+07
-2.20811e+07
-2.21247e+07
-2.21639e+07
-2.21991e+07
-2.22305e+07
-2.22582e+07
-2.22826e+07
-2.23037e+07
-2.23216e+07
-2.23367e+07
-2.23488e+07
-2.23581e+07
-2.23648e+07
-2.23687e+07
-2.237e+07
3.7525e+07
3.74983e+07
3.74181e+07
3.72846e+07
3.70983e+07
3.68583e+07
3.6568e+07
3.6228e+07
3.58311e+07
3.5344e+07
3.43043e+07
3.1819e+07
2.78419e+07
2.34195e+07
1.93359e+07
1.57217e+07
1.25204e+07
9.66708e+06
7.1088e+06
4.80331e+06
2.71586e+06
817926.
-914026.
-2.49958e+06
-3.95516e+06
-5.29466e+06
-6.52994e+06
-7.67119e+06
-8.72723e+06
-9.70576e+06
-1.06135e+07
-1.14565e+07
-1.224e+07
-1.29687e+07
-1.36469e+07
-1.42785e+07
-1.48668e+07
-1.5415e+07
-1.5926e+07
-1.64024e+07
-1.68466e+07
-1.72608e+07
-1.7647e+07
-1.80071e+07
-1.83429e+07
-1.86559e+07
-1.89476e+07
-1.92194e+07
-1.94727e+07
-1.97085e+07
-1.9928e+07
-2.01323e+07
-2.03223e+07
-2.04989e+07
-2.06629e+07
-2.08152e+07
-2.09565e+07
-2.10874e+07
-2.12087e+07
-2.13208e+07
-2.14244e+07
-2.15199e+07
-2.16079e+07
-2.16888e+07
-2.1763e+07
-2.1831e+07
-2.18929e+07
-2.19492e+07
-2.20003e+07
-2.20462e+07
-2.20874e+07
-2.2124e+07
-2.21562e+07
-2.21842e+07
-2.22081e+07
-2.22282e+07
-2.22444e+07
-2.2257e+07
-2.22659e+07
-2.22712e+07
-2.2273e+07
4.38833e+07
4.38578e+07
4.37806e+07
4.36507e+07
4.34684e+07
4.32371e+07
4.29546e+07
4.26216e+07
4.21856e+07
4.11976e+07
3.88131e+07
3.48408e+07
3.01668e+07
2.56764e+07
2.16424e+07
1.80437e+07
1.48211e+07
1.19247e+07
9.31068e+06
6.94169e+06
4.78661e+06
2.81919e+06
1.01729e+06
-637794.
-2.16195e+06
-3.56876e+06
-4.86989e+06
-6.07544e+06
-7.1942e+06
-8.23385e+06
-9.20116e+06
-1.01021e+07
-1.0942e+07
-1.17256e+07
-1.24572e+07
-1.31407e+07
-1.37794e+07
-1.43767e+07
-1.49352e+07
-1.54578e+07
-1.59468e+07
-1.64043e+07
-1.68326e+07
-1.72334e+07
-1.76085e+07
-1.79594e+07
-1.82878e+07
-1.8595e+07
-1.88823e+07
-1.91509e+07
-1.94019e+07
-1.96365e+07
-1.98555e+07
-2.00598e+07
-2.02505e+07
-2.04282e+07
-2.05936e+07
-2.07476e+07
-2.08908e+07
-2.10237e+07
-2.1147e+07
-2.12612e+07
-2.13667e+07
-2.14641e+07
-2.15537e+07
-2.16361e+07
-2.17114e+07
-2.17802e+07
-2.18427e+07
-2.18991e+07
-2.19498e+07
-2.19949e+07
-2.20348e+07
-2.20695e+07
-2.20993e+07
-2.21243e+07
-2.21445e+07
-2.21602e+07
-2.21713e+07
-2.2178e+07
-2.21802e+07
5.03029e+07
5.02782e+07
5.0205e+07
5.00821e+07
4.99032e+07
4.96682e+07
4.93716e+07
4.88706e+07
4.76783e+07
4.51174e+07
4.10801e+07
3.6313e+07
3.16228e+07
2.73233e+07
2.34345e+07
1.99188e+07
1.67365e+07
1.38493e+07
1.12231e+07
8.82734e+06
6.63551e+06
4.62459e+06
2.77473e+06
1.06882e+06
-507925.
-1.96828e+06
-3.32336e+06
-4.58285e+06
-5.75524e+06
-6.84801e+06
-7.86776e+06
-8.82036e+06
-9.71105e+06
-1.05445e+07
-1.13249e+07
-1.20561e+07
-1.27416e+07
-1.33844e+07
-1.39874e+07
-1.45533e+07
-1.50844e+07
-1.5583e+07
-1.6051e+07
-1.64903e+07
-1.69028e+07
-1.729e+07
-1.76534e+07
-1.79944e+07
-1.83143e+07
-1.86143e+07
-1.88956e+07
-1.91592e+07
-1.94061e+07
-1.96372e+07
-1.98535e+07
-2.00557e+07
-2.02445e+07
-2.04208e+07
-2.05851e+07
-2.07382e+07
-2.08805e+07
-2.10127e+07
-2.11352e+07
-2.12485e+07
-2.13532e+07
-2.14495e+07
-2.15379e+07
-2.16187e+07
-2.16922e+07
-2.17588e+07
-2.18188e+07
-2.18723e+07
-2.19195e+07
-2.19608e+07
-2.19962e+07
-2.20259e+07
-2.20501e+07
-2.20688e+07
-2.20821e+07
-2.209e+07
-2.20926e+07
5.67818e+07
5.67543e+07
5.66713e+07
5.65311e+07
5.63105e+07
5.59009e+07
5.50445e+07
5.33326e+07
5.03748e+07
4.62365e+07
4.15318e+07
3.6866e+07
3.24977e+07
2.84728e+07
2.47796e+07
2.13974e+07
1.83009e+07
1.54643e+07
1.28623e+07
1.04714e+07
8.27002e+06
6.23907e+06
4.36145e+06
2.62215e+06
1.00792e+06
-492857.
-1.89042e+06
-3.19381e+06
-4.41099e+06
-5.54906e+06
-6.61431e+06
-7.61236e+06
-8.54826e+06
-9.42653e+06
-1.02513e+07
-1.10262e+07
-1.17546e+07
-1.24396e+07
-1.3084e+07
-1.36903e+07
-1.42609e+07
-1.4798e+07
-1.53035e+07
-1.57794e+07
-1.62274e+07
-1.6649e+07
-1.70457e+07
-1.74189e+07
-1.777e+07
-1.81001e+07
-1.84103e+07
-1.87018e+07
-1.89755e+07
-1.92324e+07
-1.94733e+07
-1.96991e+07
-1.99104e+07
-2.01082e+07
-2.0293e+07
-2.04654e+07
-2.06261e+07
-2.07757e+07
-2.09146e+07
-2.10434e+07
-2.11625e+07
-2.12724e+07
-2.13733e+07
-2.14658e+07
-2.15501e+07
-2.16265e+07
-2.16954e+07
-2.1757e+07
-2.18115e+07
-2.18591e+07
-2.18999e+07
-2.19343e+07
-2.19622e+07
-2.19838e+07
-2.19992e+07
-2.20084e+07
-2.20114e+07
6.29052e+07
6.28287e+07
6.25757e+07
6.20744e+07
6.11954e+07
5.97348e+07
5.74272e+07
5.41182e+07
5.00155e+07
4.55778e+07
4.11632e+07
3.6935e+07
3.29489e+07
2.92201e+07
2.57508e+07
2.25334e+07
1.9555e+07
1.67997e+07
1.42504e+07
1.189e+07
9.70211e+06
7.67139e+06
5.78387e+06
4.02685e+06
2.38893e+06
859855.
-569503.
-1.90732e+06
-3.16091e+06
-4.3368e+06
-5.44088e+06
-6.47841e+06
-7.45414e+06
-8.37238e+06
-9.23703e+06
-1.00516e+07
-1.08193e+07
-1.15432e+07
-1.22259e+07
-1.28698e+07
-1.34774e+07
-1.40506e+07
-1.45915e+07
-1.51019e+07
-1.55834e+07
-1.60376e+07
-1.6466e+07
-1.68699e+07
-1.72507e+07
-1.76095e+07
-1.79475e+07
-1.82657e+07
-1.85651e+07
-1.88466e+07
-1.91112e+07
-1.93596e+07
-1.95927e+07
-1.98111e+07
-2.00155e+07
-2.02067e+07
-2.03851e+07
-2.05514e+07
-2.07062e+07
-2.08499e+07
-2.09829e+07
-2.11058e+07
-2.12189e+07
-2.13227e+07
-2.14174e+07
-2.15033e+07
-2.15808e+07
-2.16502e+07
-2.17116e+07
-2.17653e+07
-2.18115e+07
-2.18503e+07
-2.18818e+07
-2.19063e+07
-2.19237e+07
-2.19341e+07
-2.19375e+07
6.57095e+07
6.54967e+07
6.48304e+07
6.36288e+07
6.17769e+07
5.9202e+07
5.59697e+07
5.22785e+07
4.83556e+07
4.43842e+07
4.04794e+07
3.67e+07
3.30828e+07
2.96515e+07
2.6417e+07
2.33817e+07
2.05416e+07
1.78889e+07
1.54131e+07
1.31031e+07
1.0947e+07
8.93326e+06
7.05098e+06
5.28986e+06
3.64039e+06
2.09389e+06
642451.
-721125.
-2.00334e+06
-3.2101e+06
-4.34673e+06
-5.41809e+06
-6.42856e+06
-7.38214e+06
-8.28248e+06
-9.13291e+06
-9.93648e+06
-1.0696e+07
-1.1414e+07
-1.20929e+07
-1.27348e+07
-1.33419e+07
-1.3916e+07
-1.44588e+07
-1.4972e+07
-1.54571e+07
-1.59155e+07
-1.63486e+07
-1.67577e+07
-1.71439e+07
-1.75083e+07
-1.7852e+07
-1.8176e+07
-1.84812e+07
-1.87684e+07
-1.90385e+07
-1.92924e+07
-1.95306e+07
-1.97539e+07
-1.99631e+07
-2.01586e+07
-2.0341e+07
-2.0511e+07
-2.0669e+07
-2.08155e+07
-2.0951e+07
-2.10758e+07
-2.11903e+07
-2.1295e+07
-2.13901e+07
-2.1476e+07
-2.15528e+07
-2.1621e+07
-2.16806e+07
-2.17318e+07
-2.17749e+07
-2.181e+07
-2.18371e+07
-2.18565e+07
-2.1868e+07
-2.18719e+07
6.3599e+07
6.32917e+07
6.23705e+07
6.08434e+07
5.87426e+07
5.61413e+07
5.31515e+07
4.99053e+07
4.65183e+07
4.30729e+07
Process [5]
3.96351e+07
3.626e+07
3.29866e+07
2.98413e+07
2.68409e+07
2.39938e+07
2.13027e+07
1.87655e+07
1.63775e+07
1.41322e+07
1.20218e+07
1.00384e+07
8.17367e+06
6.41979e+06
4.76917e+06
3.21469e+06
1.74971e+06
368129.
-935709.
-2.16697e+06
-3.33041e+06
-4.43036e+06
-5.4708e+06
-6.45539e+06
-7.38747e+06
-8.27013e+06
-9.10618e+06
-9.89826e+06
-1.06488e+07
-1.136e+07
-1.20339e+07
-1.26726e+07
-1.32777e+07
-1.3851e+07
-1.43941e+07
-1.49084e+07
-1.53953e+07
-1.58561e+07
-1.6292e+07
-1.67043e+07
-1.70939e+07
-1.74619e+07
-1.78094e+07
-1.81371e+07
-1.8446e+07
-1.8737e+07
-1.90107e+07
-1.92679e+07
-1.95094e+07
-1.97357e+07
-1.99476e+07
-2.01455e+07
-2.03301e+07
-2.05019e+07
-2.06613e+07
-2.08088e+07
-2.09449e+07
-2.10698e+07
-2.11841e+07
-2.1288e+07
-2.13819e+07
-2.1466e+07
-2.15405e+07
-2.16058e+07
-2.16619e+07
-2.17091e+07
-2.17476e+07
-2.17774e+07
-2.17986e+07
-2.18113e+07
-2.18155e+07
5.94465e+07
5.91628e+07
5.83232e+07
5.69631e+07
5.5142e+07
5.29337e+07
5.0414e+07
4.76583e+07
4.47432e+07
4.17398e+07
3.87064e+07
3.56905e+07
3.27301e+07
2.98526e+07
2.70773e+07
2.44168e+07
2.18776e+07
1.94624e+07
1.71706e+07
1.49995e+07
1.29449e+07
1.10015e+07
9.16401e+06
7.42649e+06
5.78325e+06
4.22871e+06
2.75753e+06
1.36466e+06
45377.8
-1.20474e+06
-2.38981e+06
-3.51361e+06
-4.57969e+06
-5.5913e+06
-6.55145e+06
-7.46295e+06
-8.32838e+06
-9.15016e+06
-9.93052e+06
-1.06716e+07
-1.13752e+07
-1.20433e+07
-1.26775e+07
-1.32794e+07
-1.38506e+07
-1.43924e+07
-1.49062e+07
-1.53932e+07
-1.58546e+07
-1.62916e+07
-1.67052e+07
-1.70964e+07
-1.74662e+07
-1.78155e+07
-1.81451e+07
-1.84559e+07
-1.87487e+07
-1.90241e+07
-1.92829e+07
-1.95257e+07
-1.97532e+07
-1.9966e+07
-2.01646e+07
-2.03495e+07
-2.05213e+07
-2.06804e+07
-2.08272e+07
-2.09621e+07
-2.10856e+07
-2.11979e+07
-2.12995e+07
-2.13905e+07
-2.14712e+07
-2.15418e+07
-2.16027e+07
-2.16539e+07
-2.16955e+07
-2.17278e+07
-2.17508e+07
-2.17646e+07
-2.17692e+07
5.5546e+07
5.53111e+07
5.46155e+07
5.34859e+07
5.19638e+07
5.01016e+07
4.79578e+07
4.55933e+07
4.30674e+07
4.0436e+07
3.7749e+07
3.50485e+07
3.23688e+07
2.97369e+07
2.7173e+07
2.46916e+07
2.23022e+07
2.00103e+07
1.78185e+07
1.5727e+07
1.37344e+07
1.18381e+07
1.00347e+07
8.32052e+06
6.69138e+06
5.1432e+06
3.67186e+06
2.27337e+06
943918.
-320161.
-1.52231e+06
-2.66577e+06
-3.75359e+06
-4.78862e+06
-5.77351e+06
-6.71076e+06
-7.60271e+06
-8.45152e+06
-9.25924e+06
-1.00278e+07
-1.07589e+07
-1.14544e+07
-1.21158e+07
-1.27446e+07
-1.33421e+07
-1.39099e+07
-1.44491e+07
-1.49609e+07
-1.54465e+07
-1.5907e+07
-1.63433e+07
-1.67566e+07
-1.71476e+07
-1.75174e+07
-1.78668e+07
-1.81965e+07
-1.85074e+07
-1.88001e+07
-1.90755e+07
-1.9334e+07
-1.95765e+07
-1.98034e+07
-2.00153e+07
-2.02129e+07
-2.03964e+07
-2.05666e+07
-2.07236e+07
-2.08681e+07
-2.10004e+07
-2.11208e+07
-2.12296e+07
-2.13272e+07
-2.14138e+07
-2.14897e+07
-2.1555e+07
-2.16099e+07
-2.16547e+07
-2.16894e+07
-2.17141e+07
-2.17289e+07
-2.17338e+07
5.22194e+07
5.20223e+07
5.14378e+07
5.04854e+07
4.91956e+07
4.76076e+07
4.57662e+07
4.37188e+07
4.15129e+07
3.91937e+07
3.68027e+07
3.43765e+07
3.19457e+07
2.95359e+07
2.71669e+07
2.48539e+07
2.26081e+07
2.0437e+07
1.83452e+07
1.63354e+07
1.44082e+07
1.25631e+07
1.07987e+07
9.11271e+06
7.5027e+06
5.96581e+06
4.49912e+06
3.09962e+06
1.76437e+06
490460.
-724896.
-1.88438e+06
-2.99054e+06
-4.0458e+06
-5.05247e+06
-6.0127e+06
-6.92855e+06
-7.80196e+06
-8.63475e+06
-9.42866e+06
-1.01853e+07
-1.09063e+07
-1.1593e+07
-1.2247e+07
-1.28694e+07
-1.34615e+07
-1.40247e+07
-1.45599e+07
-1.50684e+07
-1.55511e+07
-1.6009e+07
-1.64432e+07
-1.68545e+07
-1.72438e+07
-1.76119e+07
-1.79596e+07
-1.82877e+07
-1.8597e+07
-1.88881e+07
-1.91616e+07
-1.94183e+07
-1.96587e+07
-1.98834e+07
-2.00929e+07
-2.02877e+07
-2.04683e+07
-2.06352e+07
-2.07888e+07
-2.09294e+07
-2.10574e+07
-2.11732e+07
-2.12771e+07
-2.13693e+07
-2.14501e+07
-2.15197e+07
-2.15782e+07
-2.16259e+07
-2.16629e+07
-2.16892e+07
-2.1705e+07
-2.17102e+07
4.93734e+07
4.92058e+07
4.87078e+07
4.78942e+07
4.67878e+07
4.54186e+07
4.38211e+07
4.20327e+07
4.00912e+07
3.80338e+07
3.5895e+07
3.3706e+07
3.14942e+07
2.92828e+07
2.70909e+07
2.49336e+07
2.28228e+07
2.07672e+07
1.87729e+07
1.68441e+07
1.49832e+07
1.31913e+07
1.14684e+07
9.81389e+06
8.22644e+06
6.70444e+06
5.246e+06
3.84907e+06
2.51149e+06
1.23111e+06
5750.83
-1.1667e+06
-2.2883e+06
-3.36106e+06
-4.3869e+06
-5.36766e+06
-6.3051e+06
-7.20092e+06
-8.05673e+06
-8.87405e+06
-9.65437e+06
-1.03991e+07
-1.11095e+07
-1.1787e+07
-1.24327e+07
-1.30479e+07
-1.36336e+07
-1.4191e+07
-1.4721e+07
-1.52248e+07
-1.57032e+07
-1.61572e+07
-1.65876e+07
-1.69954e+07
-1.73813e+07
-1.77461e+07
-1.80907e+07
-1.84156e+07
-1.87216e+07
-1.90094e+07
-1.92796e+07
-1.95328e+07
-1.97695e+07
-1.99904e+07
-2.01959e+07
-2.03865e+07
-2.05627e+07
-2.07248e+07
-2.08734e+07
-2.10087e+07
-2.11311e+07
-2.12409e+07
-2.13384e+07
-2.14239e+07
-2.14975e+07
-2.15595e+07
-2.16099e+07
-2.1649e+07
-2.16769e+07
-2.16936e+07
-2.16992e+07
4.69353e+07
4.67908e+07
4.63613e+07
4.56577e+07
4.46977e+07
4.35044e+07
4.2105e+07
4.05289e+07
3.88068e+07
3.6969e+07
3.50444e+07
3.30599e+07
3.10395e+07
2.90039e+07
2.69711e+07
2.49558e+07
2.29698e+07
2.10225e+07
1.91211e+07
1.72707e+07
1.54751e+07
1.37364e+07
1.20561e+07
1.04346e+07
8.87171e+06
7.36693e+06
5.91926e+06
4.52747e+06
3.1902e+06
1.90594e+06
673135.
-509796.
-1.64445e+06
-2.7324e+06
-3.77521e+06
-4.77439e+06
-5.73142e+06
-6.64772e+06
-7.5247e+06
-8.36368e+06
-9.16597e+06
-9.93283e+06
-1.06655e+07
-1.1365e+07
-1.20326e+07
-1.26694e+07
-1.32764e+07
-1.38547e+07
-1.44052e+07
-1.49288e+07
-1.54266e+07
-1.58993e+07
-1.63479e+07
-1.67732e+07
-1.71759e+07
-1.7557e+07
-1.7917e+07
-1.82568e+07
-1.8577e+07
-1.88782e+07
-1.91612e+07
-1.94265e+07
-1.96747e+07
-1.99063e+07
-2.01219e+07
-2.03219e+07
-2.05069e+07
-2.06772e+07
-2.08332e+07
-2.09754e+07
-2.1104e+07
-2.12195e+07
-2.1322e+07
-2.14118e+07
-2.14893e+07
-2.15544e+07
-2.16075e+07
-2.16487e+07
-2.1678e+07
-2.16956e+07
-2.17014e+07
4.4848e+07
4.4722e+07
4.4347e+07
4.37315e+07
4.28894e+07
4.18387e+07
4.06008e+07
3.91995e+07
3.76597e+07
3.60064e+07
3.42638e+07
3.24549e+07
3.06006e+07
2.87197e+07
2.68285e+07
2.49411e+07
2.3069e+07
2.12218e+07
1.94072e+07
1.76311e+07
1.5898e+07
1.42112e+07
1.25729e+07
1.09847e+07
9.44729e+06
7.96095e+06
6.52553e+06
5.14059e+06
3.80543e+06
2.51918e+06
1.28085e+06
89351.5
-1.05645e+06
-2.15774e+06
-3.2157e+06
-4.23153e+06
-5.20642e+06
-6.14155e+06
-7.03809e+06
-7.89718e+06
-8.71995e+06
-9.5075e+06
-1.02609e+07
-1.09812e+07
-1.16694e+07
-1.23266e+07
-1.29537e+07
-1.35516e+07
-1.41214e+07
-1.46638e+07
-1.51798e+07
-1.56703e+07
-1.6136e+07
-1.65779e+07
-1.69966e+07
-1.73929e+07
-1.77676e+07
-1.81214e+07
-1.84549e+07
-1.87689e+07
-1.9064e+07
-1.93407e+07
-1.95996e+07
-1.98414e+07
-2.00665e+07
-2.02754e+07
-2.04686e+07
-2.06465e+07
-2.08096e+07
-2.09582e+07
-2.10928e+07
-2.12135e+07
-2.13207e+07
-2.14147e+07
-2.14957e+07
-2.15638e+07
-2.16194e+07
-2.16624e+07
-2.16931e+07
-2.17115e+07
-2.17176e+07
4.30661e+07
4.29549e+07
4.26238e+07
4.20795e+07
4.13329e+07
4.03983e+07
3.92929e+07
3.8036e+07
3.6648e+07
3.51495e+07
3.35612e+07
3.19026e+07
3.0192e+07
2.84462e+07
2.668e+07
2.49066e+07
2.31371e+07
2.13811e+07
1.96463e+07
1.79392e+07
1.62649e+07
1.46273e+07
1.30295e+07
1.14737e+07
9.96151e+06
8.49383e+06
7.07127e+06
5.69405e+06
4.36207e+06
3.07505e+06
1.8325e+06
633808.
-521733.
-1.63492e+06
-2.70659e+06
-3.73763e+06
-4.72897e+06
-5.68154e+06
-6.59627e+06
-7.47413e+06
-8.31606e+06
-9.12301e+06
-9.89593e+06
-1.06357e+07
-1.13434e+07
-1.20197e+07
-1.26657e+07
-1.32823e+07
-1.38702e+07
-1.44304e+07
-1.49636e+07
-1.54708e+07
-1.59528e+07
-1.64102e+07
-1.68439e+07
-1.72547e+07
-1.76432e+07
-1.80102e+07
-1.83563e+07
-1.86822e+07
-1.89886e+07
-1.92761e+07
-1.95451e+07
-1.97964e+07
-2.00304e+07
-2.02476e+07
-2.04485e+07
-2.06336e+07
-2.08033e+07
-2.0958e+07
-2.10979e+07
-2.12236e+07
-2.13352e+07
-2.1433e+07
-2.15173e+07
-2.15883e+07
-2.16462e+07
-2.1691e+07
-2.17229e+07
-2.17421e+07
-2.17485e+07
4.15532e+07
4.14541e+07
4.11585e+07
4.0672e+07
4.00031e+07
3.91635e+07
3.81671e+07
3.70297e+07
3.57681e+07
3.43996e+07
3.29417e+07
3.14113e+07
2.98243e+07
2.81957e+07
2.65389e+07
2.48662e+07
2.31881e+07
2.15139e+07
1.98514e+07
1.82074e+07
1.65872e+07
1.49954e+07
1.34355e+07
1.19103e+07
1.04221e+07
8.97249e+06
7.5626e+06
6.19322e+06
4.86482e+06
3.57762e+06
2.3316e+06
1.12659e+06
-37727.2
-1.16178e+06
-2.2461e+06
-3.29126e+06
-4.29793e+06
-5.26679e+06
-6.19858e+06
-7.09406e+06
-7.95402e+06
-8.77925e+06
-9.57056e+06
-1.03288e+07
-1.10547e+07
-1.17492e+07
-1.24131e+07
-1.30471e+07
-1.36522e+07
-1.42291e+07
-1.47787e+07
-1.53016e+07
-1.57988e+07
-1.62709e+07
-1.67188e+07
-1.71431e+07
-1.75446e+07
-1.79239e+07
-1.82818e+07
-1.8619e+07
-1.89359e+07
-1.92334e+07
-1.95119e+07
-1.9772e+07
-2.00143e+07
-2.02393e+07
-2.04474e+07
-2.06392e+07
-2.0815e+07
-2.09752e+07
-2.11203e+07
-2.12505e+07
-2.13662e+07
-2.14676e+07
-2.15549e+07
-2.16285e+07
-2.16885e+07
-2.1735e+07
-2.17681e+07
-2.17879e+07
-2.17945e+07
4.02801e+07
4.01907e+07
3.99241e+07
3.94845e+07
3.88792e+07
3.81175e+07
3.72109e+07
3.61724e+07
3.5016e+07
3.37564e+07
3.24085e+07
3.09869e+07
2.95056e+07
2.79778e+07
2.6416e+07
2.48312e+07
2.32335e+07
2.16318e+07
2.00338e+07
1.84463e+07
1.6875e+07
1.53247e+07
1.37994e+07
1.23023e+07
1.08363e+07
9.40337e+06
8.00524e+06
6.64319e+06
5.31816e+06
4.0308e+06
2.78155e+06
1.57062e+06
398049.
-736247.
-1.83249e+06
-2.89098e+06
-3.91213e+06
-4.89641e+06
-5.84434e+06
-6.75651e+06
-7.63353e+06
-8.47606e+06
-9.28479e+06
-1.00604e+07
-1.08037e+07
-1.15153e+07
-1.2196e+07
-1.28467e+07
-1.34679e+07
-1.40606e+07
-1.46255e+07
-1.51633e+07
-1.56747e+07
-1.61607e+07
-1.66218e+07
-1.70588e+07
-1.74724e+07
-1.78633e+07
-1.82322e+07
-1.85798e+07
-1.89066e+07
-1.92134e+07
-1.95007e+07
-1.9769e+07
-2.0019e+07
-2.02511e+07
-2.04659e+07
-2.06638e+07
-2.08452e+07
-2.10106e+07
-2.11604e+07
-2.12948e+07
-2.14142e+07
-2.15188e+07
-2.1609e+07
-2.1685e+07
-2.17469e+07
-2.17949e+07
-2.18291e+07
-2.18496e+07
-2.18564e+07
Process [6]
3.92228e+07
3.91413e+07
3.88983e+07
3.84971e+07
3.79437e+07
3.72459e+07
3.64132e+07
3.54564e+07
3.43874e+07
3.32187e+07
3.19631e+07
3.06333e+07
2.92417e+07
2.78001e+07
2.63197e+07
2.48108e+07
2.32829e+07
2.17444e+07
2.0203e+07
1.86653e+07
1.71372e+07
1.56236e+07
1.4129e+07
1.26569e+07
1.12105e+07
9.79236e+06
8.4045e+06
7.04868e+06
5.72625e+06
4.43827e+06
3.18555e+06
1.96865e+06
787959.
-356309.
-1.46409e+06
-2.53543e+06
-3.5705e+06
-4.56955e+06
-5.53293e+06
-6.46103e+06
-7.35433e+06
-8.21334e+06
-9.03864e+06
-9.83081e+06
-1.05905e+07
-1.13183e+07
-1.20151e+07
-1.26813e+07
-1.33179e+07
-1.39254e+07
-1.45047e+07
-1.50564e+07
-1.55813e+07
-1.60801e+07
-1.65536e+07
-1.70024e+07
-1.74273e+07
-1.7829e+07
-1.82081e+07
-1.85653e+07
-1.89013e+07
-1.92167e+07
-1.9512e+07
-1.9788e+07
-2.0045e+07
-2.02837e+07
-2.05046e+07
-2.07081e+07
-2.08947e+07
-2.10648e+07
-2.12187e+07
-2.1357e+07
-2.14798e+07
-2.15874e+07
-2.16802e+07
-2.17583e+07
-2.1822e+07
-2.18713e+07
-2.19065e+07
-2.19275e+07
-2.19345e+07
3.8362e+07
3.8287e+07
3.80631e+07
3.76932e+07
3.71822e+07
3.65367e+07
3.57645e+07
3.4875e+07
3.38783e+07
3.2785e+07
3.16063e+07
3.03533e+07
2.90371e+07
2.76682e+07
2.62569e+07
2.48126e+07
2.33443e+07
2.18601e+07
2.03672e+07
1.88724e+07
1.73814e+07
1.58995e+07
1.44312e+07
1.29805e+07
1.15507e+07
1.01448e+07
8.76522e+06
7.41403e+06
6.09296e+06
4.80342e+06
3.54655e+06
2.32325e+06
1.1342e+06
-20110.6
-1.13935e+06
-2.22333e+06
-3.272e+06
-4.28542e+06
-5.26375e+06
-6.20723e+06
-7.11618e+06
-7.991e+06
-8.83213e+06
-9.64008e+06
-1.04154e+07
-1.11587e+07
-1.18705e+07
-1.25516e+07
-1.32025e+07
-1.3824e+07
-1.44168e+07
-1.49816e+07
-1.5519e+07
-1.60299e+07
-1.65149e+07
-1.69747e+07
-1.741e+07
-1.78217e+07
-1.82102e+07
-1.85763e+07
-1.89207e+07
-1.92439e+07
-1.95467e+07
-1.98295e+07
-2.0093e+07
-2.03376e+07
-2.0564e+07
-2.07726e+07
-2.09638e+07
-2.11381e+07
-2.1296e+07
-2.14376e+07
-2.15634e+07
-2.16738e+07
-2.17688e+07
-2.18489e+07
-2.19141e+07
-2.19647e+07
-2.20007e+07
-2.20223e+07
-2.20295e+07
3.7682e+07
3.76122e+07
3.74038e+07
3.70593e+07
3.65827e+07
3.59796e+07
3.52569e+07
3.44224e+07
3.34848e+07
3.24535e+07
3.13382e+07
3.01488e+07
2.8895e+07
2.75867e+07
2.62329e+07
2.48427e+07
2.34243e+07
2.19855e+07
2.05333e+07
1.90743e+07
1.76143e+07
1.61587e+07
1.47121e+07
1.32787e+07
1.18621e+07
1.04655e+07
9.09172e+06
7.74313e+06
6.42176e+06
5.12932e+06
3.86726e+06
2.63676e+06
1.43877e+06
274032.
-856876.
-1.95356e+06
-3.01575e+06
-4.04334e+06
-5.03632e+06
-5.99478e+06
-6.91891e+06
-7.80898e+06
-8.66535e+06
-9.48843e+06
-1.02787e+07
-1.10366e+07
-1.17628e+07
-1.24579e+07
-1.31224e+07
-1.3757e+07
-1.43625e+07
-1.49394e+07
-1.54886e+07
-1.60106e+07
-1.65062e+07
-1.69762e+07
-1.74212e+07
-1.78419e+07
-1.82391e+07
-1.86133e+07
-1.89653e+07
-1.92957e+07
-1.96051e+07
-1.98941e+07
-2.01634e+07
-2.04134e+07
-2.06447e+07
-2.08578e+07
-2.10532e+07
-2.12313e+07
-2.13925e+07
-2.15372e+07
-2.16657e+07
-2.17783e+07
-2.18754e+07
-2.19572e+07
-2.20238e+07
-2.20754e+07
-2.21122e+07
-2.21342e+07
-2.21415e+07
3.717e+07
3.71044e+07
3.69085e+07
3.65843e+07
3.61354e+07
3.55665e+07
3.48836e+07
3.40935e+07
3.32038e+07
3.22227e+07
3.11588e+07
3.0021e+07
2.88182e+07
2.75591e+07
2.62523e+07
2.49061e+07
2.35283e+07
2.21264e+07
2.07071e+07
1.9277e+07
1.78417e+07
1.64068e+07
1.49769e+07
1.35564e+07
1.21492e+07
1.07587e+07
9.38787e+06
8.03946e+06
6.71575e+06
5.41872e+06
4.15007e+06
2.91123e+06
1.70342e+06
527597.
-615450.
-1.72512e+06
-2.80098e+06
-3.84274e+06
-4.85024e+06
-5.82345e+06
-6.76242e+06
-7.66734e+06
-8.53845e+06
-9.37609e+06
-1.01806e+07
-1.09526e+07
-1.16924e+07
-1.24007e+07
-1.3078e+07
-1.3725e+07
-1.43423e+07
-1.49305e+07
-1.54905e+07
-1.60229e+07
-1.65283e+07
-1.70076e+07
-1.74614e+07
-1.78904e+07
-1.82953e+07
-1.86769e+07
-1.90357e+07
-1.93725e+07
-1.96879e+07
-1.99824e+07
-2.02568e+07
-2.05115e+07
-2.07472e+07
-2.09643e+07
-2.11632e+07
-2.13446e+07
-2.15087e+07
-2.1656e+07
-2.17869e+07
-2.19015e+07
-2.20004e+07
-2.20835e+07
-2.21513e+07
-2.22039e+07
-2.22413e+07
-2.22637e+07
-2.22712e+07
3.68159e+07
3.67537e+07
3.65675e+07
3.62594e+07
3.58324e+07
3.52905e+07
3.46391e+07
3.38841e+07
3.30323e+07
3.2091e+07
3.10679e+07
2.9971e+07
2.88085e+07
2.75883e+07
2.63186e+07
2.5007e+07
2.3661e+07
2.22876e+07
2.08937e+07
1.94853e+07
1.80685e+07
1.66484e+07
1.52301e+07
1.38179e+07
1.2416e+07
1.1028e+07
9.65701e+06
8.30605e+06
6.97763e+06
5.67398e+06
4.39704e+06
3.14846e+06
1.92966e+06
741833.
-414061.
-1.53724e+06
-2.6271e+06
-3.68321e+06
-4.70528e+06
-5.69313e+06
-6.64675e+06
-7.5662e+06
-8.45165e+06
-9.30336e+06
-1.01217e+07
-1.0907e+07
-1.16598e+07
-1.23806e+07
-1.30699e+07
-1.37284e+07
-1.43568e+07
-1.49556e+07
-1.55255e+07
-1.60674e+07
-1.65818e+07
-1.70695e+07
-1.75312e+07
-1.79677e+07
-1.83796e+07
-1.87677e+07
-1.91326e+07
-1.9475e+07
-1.97955e+07
-2.00949e+07
-2.03737e+07
-2.06325e+07
-2.08719e+07
-2.10923e+07
-2.12944e+07
-2.14785e+07
-2.16451e+07
-2.17946e+07
-2.19273e+07
-2.20437e+07
-2.2144e+07
-2.22283e+07
-2.22971e+07
-2.23504e+07
-2.23883e+07
-2.24111e+07
-2.24187e+07
3.66116e+07
3.65519e+07
3.63734e+07
3.60776e+07
3.56673e+07
3.51463e+07
3.4519e+07
3.37909e+07
3.29682e+07
3.20573e+07
3.10653e+07
2.99996e+07
2.88675e+07
2.76768e+07
2.64347e+07
2.51488e+07
2.3826e+07
2.24732e+07
2.10971e+07
1.97037e+07
1.82987e+07
1.68877e+07
1.54756e+07
1.4067e+07
1.2666e+07
1.12766e+07
9.902e+06
8.54546e+06
7.20969e+06
5.89712e+06
4.6099e+06
3.3499e+06
2.11872e+06
917733.
-251928.
-1.38932e+06
-2.4937e+06
-3.5645e+06
-4.60131e+06
-5.60386e+06
-6.57202e+06
-7.50579e+06
-8.40526e+06
-9.27064e+06
-1.01022e+07
-1.09003e+07
-1.16655e+07
-1.23981e+07
-1.30987e+07
-1.3768e+07
-1.44066e+07
-1.50151e+07
-1.55942e+07
-1.61447e+07
-1.66672e+07
-1.71625e+07
-1.76313e+07
-1.80743e+07
-1.84924e+07
-1.88861e+07
-1.92563e+07
-1.96035e+07
-1.99285e+07
-2.0232e+07
-2.05145e+07
-2.07767e+07
-2.10191e+07
-2.12424e+07
-2.14469e+07
-2.16333e+07
-2.18019e+07
-2.19531e+07
-2.20874e+07
-2.22051e+07
-2.23065e+07
-2.23918e+07
-2.24613e+07
-2.25152e+07
-2.25536e+07
-2.25766e+07
-2.25842e+07
3.6551e+07
3.64932e+07
3.63201e+07
3.60334e+07
3.56354e+07
3.51296e+07
3.45199e+07
3.38115e+07
3.30097e+07
3.21208e+07
3.11511e+07
3.01074e+07
2.89969e+07
2.78265e+07
2.66033e+07
2.53344e+07
2.40266e+07
2.26867e+07
2.13209e+07
1.99354e+07
1.8536e+07
1.71281e+07
1.57167e+07
1.43066e+07
1.29021e+07
1.15071e+07
1.01252e+07
8.75981e+06
7.41378e+06
6.08974e+06
4.79004e+06
3.5167e+06
2.27152e+06
1.05601e+06
-128524.
-1.28102e+06
-2.40059e+06
-3.48656e+06
-4.53842e+06
-5.5558e+06
-6.53852e+06
-7.48647e+06
-8.39972e+06
-9.27841e+06
-1.01228e+07
-1.09332e+07
-1.17101e+07
-1.24539e+07
-1.31651e+07
-1.38444e+07
-1.44924e+07
-1.51098e+07
-1.56972e+07
-1.62554e+07
-1.67852e+07
-1.72871e+07
-1.77621e+07
-1.82109e+07
-1.86342e+07
-1.90328e+07
-1.94074e+07
-1.97586e+07
-2.00873e+07
-2.03941e+07
-2.06796e+07
-2.09445e+07
-2.11894e+07
-2.14148e+07
-2.16212e+07
-2.18093e+07
-2.19794e+07
-2.21319e+07
-2.22674e+07
-2.2386e+07
-2.24882e+07
-2.25742e+07
-2.26443e+07
-2.26986e+07
-2.27372e+07
-2.27604e+07
-2.27681e+07
3.66294e+07
3.65729e+07
3.64036e+07
3.6123e+07
3.57332e+07
3.52375e+07
3.46396e+07
3.3944e+07
3.3156e+07
3.22811e+07
3.13254e+07
3.02955e+07
2.91978e+07
2.80392e+07
2.68264e+07
2.55664e+07
2.42656e+07
2.29307e+07
2.15681e+07
2.01836e+07
1.87832e+07
1.73723e+07
1.59561e+07
1.45393e+07
1.31264e+07
1.17216e+07
1.03286e+07
8.95078e+06
7.59135e+06
6.25307e+06
4.93844e+06
3.64966e+06
2.38865e+06
1.1571e+06
-43592.6
-1.21221e+06
-2.34779e+06
-3.44954e+06
-4.51686e+06
-5.54933e+06
-6.54667e+06
-7.50876e+06
-8.43559e+06
-9.3273e+06
-1.01841e+07
-1.10063e+07
-1.17943e+07
-1.25486e+07
-1.32697e+07
-1.39583e+07
-1.46149e+07
-1.52403e+07
-1.58352e+07
-1.64003e+07
-1.69363e+07
-1.74441e+07
-1.79244e+07
-1.8378e+07
-1.88057e+07
-1.92082e+07
-1.95863e+07
-1.99408e+07
-2.02723e+07
-2.05816e+07
-2.08694e+07
-2.11363e+07
-2.13829e+07
-2.16098e+07
-2.18176e+07
-2.20068e+07
-2.21778e+07
-2.23312e+07
-2.24674e+07
-2.25866e+07
-2.26893e+07
-2.27757e+07
-2.2846e+07
-2.29005e+07
-2.29394e+07
-2.29626e+07
-2.29704e+07
3.68439e+07
3.6788e+07
3.66208e+07
3.63436e+07
3.59584e+07
3.54681e+07
3.48764e+07
3.41875e+07
3.34063e+07
3.25382e+07
3.15889e+07
3.05646e+07
2.94717e+07
2.83167e+07
2.71062e+07
2.58469e+07
2.45453e+07
2.32079e+07
2.18411e+07
2.04507e+07
1.90428e+07
1.76228e+07
1.61959e+07
1.47671e+07
1.3341e+07
1.19218e+07
1.05135e+07
9.11958e+06
7.74342e+06
6.38792e+06
5.05574e+06
3.74921e+06
2.4704e+06
1.22109e+06
2834.34
-1.18308e+06
-2.33559e+06
-3.45381e+06
-4.5371e+06
-5.58497e+06
-6.59709e+06
-7.5733e+06
-8.51357e+06
-9.41801e+06
-1.02868e+07
-1.11203e+07
-1.19189e+07
-1.26831e+07
-1.34134e+07
-1.41104e+07
-1.47748e+07
-1.54074e+07
-1.60088e+07
-1.65798e+07
-1.71213e+07
-1.76339e+07
-1.81186e+07
-1.85761e+07
-1.90072e+07
-1.94128e+07
-1.97935e+07
-2.01503e+07
-2.04839e+07
-2.07949e+07
-2.10842e+07
-2.13523e+07
-2.15999e+07
-2.18277e+07
-2.20362e+07
-2.22259e+07
-2.23974e+07
-2.25512e+07
-2.26876e+07
-2.2807e+07
-2.29098e+07
-2.29963e+07
-2.30667e+07
-2.31213e+07
-2.31601e+07
-2.31834e+07
-2.31912e+07
3.71927e+07
3.7137e+07
3.69703e+07
3.66939e+07
3.63098e+07
3.58206e+07
3.52299e+07
3.45418e+07
3.3761e+07
3.28926e+07
3.19423e+07
3.09159e+07
2.98199e+07
2.86605e+07
2.74443e+07
2.61778e+07
2.48677e+07
2.35203e+07
2.21419e+07
2.07387e+07
1.93166e+07
1.78811e+07
1.64378e+07
1.49915e+07
1.3547e+07
1.21088e+07
1.06808e+07
9.26696e+06
7.87055e+06
6.49469e+06
5.14216e+06
3.81542e+06
2.51667e+06
1.24779e+06
10418.5
-1.19406e+06
-2.36452e+06
-3.50001e+06
-4.59984e+06
-5.66347e+06
-6.69056e+06
-7.68092e+06
-8.6345e+06
-9.55141e+06
-1.04319e+07
-1.12762e+07
-1.20847e+07
-1.28581e+07
-1.35968e+07
-1.43015e+07
-1.49729e+07
-1.56118e+07
-1.62188e+07
-1.67948e+07
-1.73407e+07
-1.78572e+07
-1.83453e+07
-1.88057e+07
-1.92393e+07
-1.9647e+07
-2.00295e+07
-2.03877e+07
-2.07224e+07
-2.10343e+07
-2.13242e+07
-2.15928e+07
-2.18407e+07
-2.20686e+07
-2.22771e+07
-2.24668e+07
-2.26382e+07
-2.27918e+07
-2.2928e+07
-2.30472e+07
-2.31498e+07
-2.32361e+07
-2.33064e+07
-2.33608e+07
-2.33995e+07
-2.34227e+07
-2.34305e+07
3.76752e+07
3.76192e+07
3.74516e+07
3.71736e+07
3.67872e+07
3.6295e+07
3.57004e+07
3.50075e+07
3.42207e+07
3.33453e+07
Process [7]
3.23867e+07
3.13509e+07
3.02439e+07
2.90723e+07
2.78425e+07
2.65611e+07
2.52346e+07
2.38695e+07
2.24723e+07
2.10492e+07
1.96061e+07
1.81488e+07
1.66829e+07
1.52134e+07
1.37453e+07
1.22832e+07
1.08312e+07
9.39325e+06
7.97289e+06
6.57334e+06
5.19751e+06
3.84798e+06
2.52702e+06
1.23662e+06
-21500.8
-1.24591e+06
-2.4354e+06
-3.58901e+06
-4.706e+06
-5.78581e+06
-6.82808e+06
-7.83262e+06
-8.79939e+06
-9.72851e+06
-1.06202e+07
-1.14748e+07
-1.22928e+07
-1.30746e+07
-1.3821e+07
-1.45325e+07
-1.521e+07
-1.58542e+07
-1.64659e+07
-1.70459e+07
-1.75952e+07
-1.81146e+07
-1.8605e+07
-1.90673e+07
-1.95024e+07
-1.99112e+07
-2.02945e+07
-2.06532e+07
-2.09881e+07
-2.13e+07
-2.15897e+07
-2.18579e+07
-2.21054e+07
-2.23327e+07
-2.25406e+07
-2.27296e+07
-2.29003e+07
-2.30532e+07
-2.31887e+07
-2.33073e+07
-2.34093e+07
-2.34951e+07
-2.35649e+07
-2.3619e+07
-2.36575e+07
-2.36805e+07
-2.36882e+07
3.82923e+07
3.82355e+07
3.80656e+07
3.77836e+07
3.73917e+07
3.68923e+07
3.6289e+07
3.55856e+07
3.47868e+07
3.38977e+07
3.29237e+07
3.18709e+07
3.07455e+07
2.95538e+07
2.83024e+07
2.69981e+07
2.56475e+07
2.42572e+07
2.28337e+07
2.13834e+07
1.99124e+07
1.84267e+07
1.6932e+07
1.54335e+07
1.39364e+07
1.24452e+07
1.09645e+07
9.49826e+06
8.05011e+06
6.62342e+06
5.22121e+06
3.84616e+06
2.50063e+06
1.18668e+06
-93923.2
-1.33968e+06
-2.54936e+06
-3.72197e+06
-4.85676e+06
-5.95316e+06
-7.01083e+06
-8.02959e+06
-9.00942e+06
-9.95046e+06
-1.0853e+07
-1.17173e+07
-1.2544e+07
-1.33336e+07
-1.40868e+07
-1.48044e+07
-1.5487e+07
-1.61355e+07
-1.67508e+07
-1.73339e+07
-1.78855e+07
-1.84067e+07
-1.88984e+07
-1.93616e+07
-1.97971e+07
-2.02059e+07
-2.0589e+07
-2.09471e+07
-2.12813e+07
-2.15923e+07
-2.18809e+07
-2.21479e+07
-2.23941e+07
-2.26201e+07
-2.28266e+07
-2.30143e+07
-2.31837e+07
-2.33353e+07
-2.34697e+07
-2.35872e+07
-2.36883e+07
-2.37732e+07
-2.38423e+07
-2.38958e+07
-2.39339e+07
-2.39567e+07
-2.39643e+07
3.90457e+07
3.89877e+07
3.8814e+07
3.85258e+07
3.81251e+07
3.76145e+07
3.69976e+07
3.62783e+07
3.54613e+07
3.45518e+07
3.35554e+07
3.24781e+07
3.13264e+07
3.01067e+07
2.88258e+07
2.74905e+07
2.61078e+07
2.46844e+07
2.32269e+07
2.17421e+07
2.02362e+07
1.87153e+07
1.71853e+07
1.56518e+07
1.412e+07
1.25946e+07
1.10804e+07
9.58136e+06
8.10142e+06
6.644e+06
5.21221e+06
3.80882e+06
2.43626e+06
1.09665e+06
-208204.
-1.47677e+06
-2.70781e+06
-3.90033e+06
-5.05356e+06
-6.16698e+06
-7.24026e+06
-8.27324e+06
-9.26596e+06
-1.02186e+07
-1.11315e+07
-1.2005e+07
-1.28397e+07
-1.36363e+07
-1.43955e+07
-1.5118e+07
-1.58047e+07
-1.64565e+07
-1.70744e+07
-1.76593e+07
-1.82122e+07
-1.87341e+07
-1.9226e+07
-1.96888e+07
-2.01237e+07
-2.05315e+07
-2.09132e+07
-2.12698e+07
-2.16022e+07
-2.19113e+07
-2.21979e+07
-2.24628e+07
-2.27068e+07
-2.29307e+07
-2.31352e+07
-2.33208e+07
-2.34883e+07
-2.36381e+07
-2.37708e+07
-2.38867e+07
-2.39864e+07
-2.40702e+07
-2.41383e+07
-2.4191e+07
-2.42286e+07
-2.4251e+07
-2.42585e+07
3.99386e+07
3.98788e+07
3.96999e+07
3.9403e+07
3.89903e+07
3.84645e+07
3.78291e+07
3.70882e+07
3.62468e+07
3.53101e+07
3.42839e+07
3.31746e+07
3.19886e+07
3.07328e+07
2.94142e+07
2.80398e+07
2.66167e+07
2.51521e+07
2.36529e+07
2.21259e+07
2.05776e+07
1.90146e+07
1.74427e+07
1.58679e+07
1.42955e+07
1.27305e+07
1.11777e+07
9.64143e+06
8.12556e+06
6.63369e+06
5.16901e+06
3.73438e+06
2.33227e+06
964840.
-366072.
-1.65894e+06
-2.91251e+06
-4.12582e+06
-5.29813e+06
-6.42895e+06
-7.51799e+06
-8.56516e+06
-9.57055e+06
-1.05344e+07
-1.14571e+07
-1.23391e+07
-1.31811e+07
-1.39838e+07
-1.47479e+07
-1.54744e+07
-1.61642e+07
-1.68182e+07
-1.74375e+07
-1.80231e+07
-1.8576e+07
-1.90974e+07
-1.95882e+07
-2.00496e+07
-2.04826e+07
-2.08882e+07
-2.12675e+07
-2.16214e+07
-2.1951e+07
-2.22571e+07
-2.25407e+07
-2.28027e+07
-2.30437e+07
-2.32646e+07
-2.34662e+07
-2.36491e+07
-2.3814e+07
-2.39614e+07
-2.40918e+07
-2.42057e+07
-2.43036e+07
-2.43859e+07
-2.44527e+07
-2.45044e+07
-2.45412e+07
-2.45632e+07
-2.45706e+07
4.0975e+07
4.0913e+07
4.07274e+07
4.04195e+07
3.99914e+07
3.9446e+07
3.87871e+07
3.80189e+07
3.71466e+07
3.61756e+07
3.51122e+07
3.39629e+07
3.27345e+07
3.14342e+07
3.00693e+07
2.86472e+07
2.71754e+07
2.56612e+07
2.4112e+07
2.25348e+07
2.09367e+07
1.93241e+07
1.77035e+07
1.60809e+07
1.44618e+07
1.28516e+07
1.12551e+07
9.67681e+06
8.12074e+06
6.5906e+06
5.08965e+06
3.6208e+06
2.18657e+06
789146.
-569646.
-1.88828e+06
-3.16555e+06
-4.40051e+06
-5.59248e+06
-6.74103e+06
-7.84594e+06
-8.90719e+06
-9.92494e+06
-1.08995e+07
-1.18314e+07
-1.27212e+07
-1.35696e+07
-1.43774e+07
-1.51455e+07
-1.58749e+07
-1.65665e+07
-1.72215e+07
-1.7841e+07
-1.8426e+07
-1.89777e+07
-1.94972e+07
-1.99857e+07
-2.04443e+07
-2.08742e+07
-2.12764e+07
-2.16521e+07
-2.20022e+07
-2.23278e+07
-2.263e+07
-2.29095e+07
-2.31674e+07
-2.34046e+07
-2.36217e+07
-2.38196e+07
-2.3999e+07
-2.41605e+07
-2.43049e+07
-2.44325e+07
-2.45439e+07
-2.46396e+07
-2.47199e+07
-2.47851e+07
-2.48356e+07
-2.48715e+07
-2.4893e+07
-2.49002e+07
4.21604e+07
4.20956e+07
4.19018e+07
4.15803e+07
4.11333e+07
4.0564e+07
3.98762e+07
3.90746e+07
3.81646e+07
3.71521e+07
3.60436e+07
3.4846e+07
3.35666e+07
3.2213e+07
3.07929e+07
2.93141e+07
2.77846e+07
2.62121e+07
2.46043e+07
2.29688e+07
2.13127e+07
1.96431e+07
1.79665e+07
1.62893e+07
1.46173e+07
1.2956e+07
1.13105e+07
9.6853e+06
8.08466e+06
6.51232e+06
4.97165e+06
3.46557e+06
1.99663e+06
567020.
-821456.
-2.16731e+06
-3.46938e+06
-4.72679e+06
-5.93893e+06
-7.10546e+06
-8.22624e+06
-9.30135e+06
-1.03311e+07
-1.13158e+07
-1.22562e+07
-1.31528e+07
-1.40067e+07
-1.48185e+07
-1.55894e+07
-1.63205e+07
-1.70127e+07
-1.76674e+07
-1.82856e+07
-1.88687e+07
-1.94177e+07
-1.99341e+07
-2.04189e+07
-2.08734e+07
-2.12989e+07
-2.16964e+07
-2.20671e+07
-2.24122e+07
-2.27328e+07
-2.30298e+07
-2.33042e+07
-2.35571e+07
-2.37893e+07
-2.40017e+07
-2.41951e+07
-2.43702e+07
-2.45277e+07
-2.46683e+07
-2.47925e+07
-2.49009e+07
-2.49939e+07
-2.50719e+07
-2.51352e+07
-2.51842e+07
-2.5219e+07
-2.52399e+07
-2.52468e+07
4.35013e+07
4.34332e+07
4.32295e+07
4.28917e+07
4.24221e+07
4.18241e+07
4.11019e+07
4.02605e+07
3.93056e+07
3.82438e+07
3.70818e+07
3.58271e+07
3.44876e+07
3.30714e+07
3.15866e+07
3.00417e+07
2.84451e+07
2.68051e+07
2.51297e+07
2.34271e+07
2.17047e+07
1.99701e+07
1.823e+07
1.64912e+07
1.47598e+07
1.30414e+07
1.13412e+07
9.66415e+06
8.01443e+06
6.39591e+06
4.81199e+06
3.26565e+06
1.75942e+06
295456.
-1.12446e+06
-2.49892e+06
-3.82682e+06
-5.10739e+06
-6.34011e+06
-7.52475e+06
-8.6613e+06
-9.74995e+06
-1.07911e+07
-1.17853e+07
-1.27333e+07
-1.36359e+07
-1.4494e+07
-1.53087e+07
-1.60811e+07
-1.68125e+07
-1.75039e+07
-1.81568e+07
-1.87724e+07
-1.9352e+07
-1.9897e+07
-2.04087e+07
-2.08884e+07
-2.13374e+07
-2.1757e+07
-2.21484e+07
-2.25129e+07
-2.28517e+07
-2.31658e+07
-2.34565e+07
-2.37247e+07
-2.39715e+07
-2.41977e+07
-2.44044e+07
-2.45924e+07
-2.47623e+07
-2.49151e+07
-2.50513e+07
-2.51714e+07
-2.52762e+07
-2.5366e+07
-2.54413e+07
-2.55025e+07
-2.55497e+07
-2.55833e+07
-2.56034e+07
-2.561e+07
4.50057e+07
4.49338e+07
4.47184e+07
4.43613e+07
4.38651e+07
4.32333e+07
4.24707e+07
4.15825e+07
4.05751e+07
3.94555e+07
3.82311e+07
3.691e+07
3.55006e+07
3.40117e+07
3.24523e+07
3.08312e+07
2.91575e+07
2.74401e+07
2.56877e+07
2.39087e+07
2.21113e+07
2.03032e+07
1.84918e+07
1.6684e+07
1.48863e+07
1.31045e+07
1.13441e+07
9.60997e+06
7.90658e+06
6.23782e+06
4.60712e+06
3.01747e+06
1.47139e+06
-29031.5
-1.48208e+06
-2.88642e+06
-4.24108e+06
-5.54539e+06
-6.79897e+06
-8.00172e+06
-9.15378e+06
-1.02555e+07
-1.13074e+07
-1.23102e+07
-1.32648e+07
-1.41721e+07
-1.50333e+07
-1.58495e+07
-1.6622e+07
-1.73522e+07
-1.80413e+07
-1.86909e+07
-1.93022e+07
-1.98768e+07
-2.04161e+07
-2.09216e+07
-2.13945e+07
-2.18365e+07
-2.22487e+07
-2.26326e+07
-2.29894e+07
-2.33205e+07
-2.3627e+07
-2.391e+07
-2.41708e+07
-2.44103e+07
-2.46296e+07
-2.48296e+07
-2.50111e+07
-2.51751e+07
-2.53223e+07
-2.54533e+07
-2.55688e+07
-2.56694e+07
-2.57556e+07
-2.58277e+07
-2.58863e+07
-2.59315e+07
-2.59636e+07
-2.59828e+07
-2.59892e+07
4.66831e+07
4.66066e+07
4.63777e+07
4.59981e+07
4.54708e+07
4.47998e+07
4.39901e+07
4.30476e+07
4.19794e+07
4.07928e+07
3.94963e+07
3.80986e+07
3.66089e+07
3.50367e+07
3.33916e+07
3.16835e+07
2.99221e+07
2.81169e+07
2.62772e+07
2.44121e+07
2.25303e+07
2.064e+07
1.8749e+07
1.68646e+07
1.49934e+07
1.31417e+07
1.13151e+07
9.51873e+06
7.75698e+06
6.03387e+06
4.35286e+06
2.7169e+06
1.12846e+06
-410437.
-1.89819e+06
-3.33358e+06
-4.71578e+06
-6.04426e+06
-7.31881e+06
-8.53949e+06
-9.70662e+06
-1.08207e+07
-1.18825e+07
-1.28929e+07
-1.38529e+07
-1.47636e+07
-1.56265e+07
-1.64427e+07
-1.72137e+07
-1.7941e+07
-1.86261e+07
-1.92706e+07
-1.9876e+07
-2.04439e+07
-2.09758e+07
-2.14733e+07
-2.19379e+07
-2.23711e+07
-2.27743e+07
-2.31491e+07
-2.34968e+07
-2.38187e+07
-2.41161e+07
-2.43902e+07
-2.46422e+07
-2.48733e+07
-2.50845e+07
-2.52767e+07
-2.54509e+07
-2.5608e+07
-2.57487e+07
-2.58738e+07
-2.5984e+07
-2.60798e+07
-2.61618e+07
-2.62304e+07
-2.6286e+07
-2.63289e+07
-2.63594e+07
-2.63776e+07
-2.63836e+07
4.75662e+07
4.74873e+07
4.72511e+07
4.68595e+07
4.63155e+07
4.56234e+07
4.47885e+07
4.38169e+07
4.2716e+07
4.14936e+07
4.01585e+07
3.87199e+07
3.71872e+07
3.55706e+07
3.388e+07
3.21256e+07
3.03175e+07
2.84656e+07
2.65797e+07
2.4669e+07
2.27426e+07
2.0809e+07
1.8876e+07
1.69513e+07
1.50416e+07
1.31534e+07
1.12922e+07
9.46329e+06
7.67118e+06
5.91987e+06
4.21282e+06
2.55296e+06
942727.
-615901.
-2.12138e+06
-3.57257e+06
-4.96871e+06
-6.30936e+06
-7.5944e+06
-8.82399e+06
-9.99852e+06
-1.11186e+07
-1.21851e+07
-1.3199e+07
-1.41614e+07
-1.50735e+07
-1.59367e+07
-1.67525e+07
-1.75224e+07
-1.82479e+07
-1.89305e+07
-1.9572e+07
-2.0174e+07
-2.0738e+07
-2.12658e+07
-2.17589e+07
-2.22189e+07
-2.26473e+07
-2.30457e+07
-2.34155e+07
-2.37582e+07
-2.40751e+07
-2.43676e+07
-2.46369e+07
-2.48843e+07
-2.51108e+07
-2.53176e+07
-2.55057e+07
-2.5676e+07
-2.58294e+07
-2.59667e+07
-2.60887e+07
-2.6196e+07
-2.62892e+07
-2.6369e+07
-2.64357e+07
-2.64897e+07
-2.65314e+07
-2.6561e+07
-2.65787e+07
-2.65846e+07
