Vec Object: Vec_0x84000004_4 4 MPI processes
  type: mpi
Process [0]
-2.09868e+08
-2.09857e+08
-2.09821e+08
-2.09761e+08
-2.09678e+08
-2.09572e+08
-2.09442e+08
-2.09289e+08
-2.09113e+08
-2.08914e+08
-2.08692e+08
-2.08449e+08
-2.08183e+08
-2.07897e+08
-2.07589e+08
-2.0726e+08
-2.06911e+08
-2.06542e+08
-2.06154e+08
-2.05747e+08
-2.05322e+08
-2.04878e+08
-2.04418e+08
-2.03941e+08
-2.03449e+08
-2.02941e+08
-2.02418e+08
-2.01882e+08
-2.01332e+08
-2.00771e+08
-2.00197e+08
-1.99614e+08
-1.9902e+08
-1.98417e+08
-1.97806e+08
-1.97188e+08
-1.96564e+08
-1.95934e+08
-1.953e+08
-1.94662e+08
-1.94022e+08
-1.9338e+08
-1.92737e+08
-1.92095e+08
-1.91454e+08
-1.90816e+08
-1.90181e+08
-1.8955e+08
-1.88925e+08
-1.88306e+08
-1.87695e+08
-1.87092e+08
-1.86498e+08
-1.85915e+08
-1.85344e+08
-1.84785e+08
-1.84239e+08
-1.83707e+08
-1.83191e+08
-1.8269e+08
-1.82206e+08
-1.81741e+08
-1.81293e+08
-1.80865e+08
-1.80457e+08
-1.8007e+08
-1.79704e+08
-1.79361e+08
-1.7904e+08
-1.78742e+08
-1.78469e+08
-1.7822e+08
-1.77995e+08
-1.77796e+08
-1.77623e+08
-1.77476e+08
-1.77355e+08
-1.7726e+08
-1.77193e+08
-1.77152e+08
-1.77138e+08
-2.03497e+08
-2.03485e+08
-2.0345e+08
-2.03391e+08
-2.03308e+08
-2.03203e+08
-2.03074e+08
-2.02922e+08
-2.02747e+08
-2.02549e+08
-2.0233e+08
-2.02088e+08
-2.01825e+08
-2.0154e+08
-2.01234e+08
-2.00908e+08
-2.00562e+08
-2.00195e+08
-1.9981e+08
-1.99406e+08
-1.98984e+08
-1.98544e+08
-1.98087e+08
-1.97614e+08
-1.97125e+08
-1.96621e+08
-1.96102e+08
-1.9557e+08
-1.95024e+08
-1.94467e+08
-1.93898e+08
-1.93319e+08
-1.92729e+08
-1.92131e+08
-1.91525e+08
-1.90911e+08
-1.90292e+08
-1.89667e+08
-1.89037e+08
-1.88404e+08
-1.87769e+08
-1.87132e+08
-1.86494e+08
-1.85857e+08
-1.85221e+08
-1.84587e+08
-1.83957e+08
-1.83331e+08
-1.82711e+08
-1.82097e+08
-1.8149e+08
-1.80892e+08
-1.80303e+08
-1.79724e+08
-1.79157e+08
-1.78602e+08
-1.78061e+08
-1.77533e+08
-1.77021e+08
-1.76524e+08
-1.76044e+08
-1.75582e+08
-1.75138e+08
-1.74713e+08
-1.74308e+08
-1.73924e+08
-1.73561e+08
-1.7322e+08
-1.72902e+08
-1.72607e+08
-1.72335e+08
-1.72088e+08
-1.71866e+08
-1.71668e+08
-1.71496e+08
-1.7135e+08
-1.7123e+08
-1.71136e+08
-1.71069e+08
-1.71029e+08
-1.71016e+08
-1.90768e+08
-1.90756e+08
-1.90721e+08
-1.90663e+08
-1.90582e+08
-1.90478e+08
-1.90351e+08
-1.90201e+08
-1.90029e+08
-1.89834e+08
-1.89617e+08
-1.89379e+08
-1.8912e+08
-1.88839e+08
-1.88537e+08
-1.88216e+08
-1.87874e+08
-1.87513e+08
-1.87134e+08
-1.86735e+08
-1.86319e+08
-1.85885e+08
-1.85435e+08
-1.84968e+08
-1.84486e+08
-1.83989e+08
-1.83478e+08
-1.82953e+08
-1.82416e+08
-1.81866e+08
-1.81306e+08
-1.80734e+08
-1.80153e+08
-1.79564e+08
-1.78966e+08
-1.78362e+08
-1.77751e+08
-1.77135e+08
-1.76514e+08
-1.7589e+08
-1.75264e+08
-1.74636e+08
-1.74008e+08
-1.7338e+08
-1.72753e+08
-1.72128e+08
-1.71507e+08
-1.7089e+08
-1.70279e+08
-1.69674e+08
-1.69076e+08
-1.68486e+08
-1.67906e+08
-1.67336e+08
-1.66777e+08
-1.6623e+08
-1.65696e+08
-1.65176e+08
-1.64671e+08
-1.64182e+08
-1.63709e+08
-1.63253e+08
-1.62816e+08
-1.62397e+08
-1.61998e+08
-1.6162e+08
-1.61262e+08
-1.60926e+08
-1.60613e+08
-1.60322e+08
-1.60054e+08
-1.59811e+08
-1.59591e+08
-1.59397e+08
-1.59228e+08
-1.59084e+08
-1.58965e+08
-1.58873e+08
-1.58807e+08
-1.58768e+08
-1.58754e+08
-1.78067e+08
-1.78055e+08
-1.78021e+08
-1.77963e+08
-1.77883e+08
-1.7778e+08
-1.77655e+08
-1.77507e+08
-1.77337e+08
-1.77145e+08
-1.76931e+08
-1.76696e+08
-1.7644e+08
-1.76162e+08
-1.75865e+08
-1.75547e+08
-1.7521e+08
-1.74854e+08
-1.74479e+08
-1.74086e+08
-1.73675e+08
-1.73247e+08
-1.72802e+08
-1.72342e+08
-1.71866e+08
-1.71375e+08
-1.7087e+08
-1.70352e+08
-1.69822e+08
-1.69279e+08
-1.68725e+08
-1.68162e+08
-1.67588e+08
-1.67006e+08
-1.66416e+08
-1.65819e+08
-1.65216e+08
-1.64608e+08
-1.63995e+08
-1.63379e+08
-1.62761e+08
-1.62141e+08
-1.61521e+08
-1.60901e+08
-1.60282e+08
-1.59666e+08
-1.59052e+08
-1.58443e+08
-1.5784e+08
-1.57242e+08
-1.56652e+08
-1.5607e+08
-1.55497e+08
-1.54934e+08
-1.54382e+08
-1.53842e+08
-1.53315e+08
-1.52802e+08
-1.52303e+08
-1.5182e+08
-1.51353e+08
-1.50903e+08
-1.50471e+08
-1.50058e+08
-1.49664e+08
-1.4929e+08
-1.48937e+08
-1.48606e+08
-1.48296e+08
-1.48009e+08
-1.47745e+08
-1.47504e+08
-1.47288e+08
-1.47096e+08
-1.46929e+08
-1.46786e+08
-1.4667e+08
-1.46579e+08
-1.46514e+08
-1.46474e+08
-1.46461e+08
-1.65393e+08
-1.65382e+08
-1.65347e+08
-1.65291e+08
-1.65212e+08
-1.6511e+08
-1.64986e+08
-1.6484e+08
-1.64671e+08
-1.64482e+08
-1.6427e+08
-1.64038e+08
-1.63784e+08
-1.63511e+08
-1.63216e+08
-1.62902e+08
-1.62569e+08
-1.62217e+08
-1.61846e+08
-1.61457e+08
-1.61051e+08
-1.60628e+08
-1.60188e+08
-1.59733e+08
-1.59262e+08
-1.58777e+08
-1.58278e+08
-1.57766e+08
-1.57242e+08
-1.56705e+08
-1.56158e+08
-1.556e+08
-1.55033e+08
-1.54458e+08
-1.53874e+08
-1.53284e+08
-1.52688e+08
-1.52086e+08
-1.51481e+08
-1.50872e+08
-1.5026e+08
-1.49647e+08
-1.49034e+08
-1.4842e+08
-1.47808e+08
-1.47199e+08
-1.46592e+08
-1.4599e+08
-1.45393e+08
-1.44802e+08
-1.44218e+08
-1.43643e+08
-1.43076e+08
-1.42519e+08
-1.41973e+08
-1.41439e+08
-1.40918e+08
-1.4041e+08
-1.39917e+08
-1.39439e+08
-1.38977e+08
-1.38532e+08
-1.38104e+08
-1.37695e+08
-1.37306e+08
-1.36936e+08
-1.36587e+08
-1.36259e+08
-1.35952e+08
-1.35668e+08
-1.35407e+08
-1.35169e+08
-1.34955e+08
-1.34765e+08
-1.34599e+08
-1.34459e+08
-1.34343e+08
-1.34253e+08
-1.34189e+08
-1.3415e+08
-1.34137e+08
-1.52746e+08
-1.52735e+08
-1.52701e+08
-1.52645e+08
-1.52567e+08
-1.52466e+08
-1.52343e+08
-1.52198e+08
-1.52032e+08
-1.51844e+08
-1.51635e+08
-1.51405e+08
-1.51154e+08
-1.50883e+08
-1.50591e+08
-1.50281e+08
-1.49951e+08
-1.49602e+08
-1.49235e+08
-1.4885e+08
-1.48448e+08
-1.48029e+08
-1.47593e+08
-1.47143e+08
-1.46677e+08
-1.46196e+08
-1.45702e+08
-1.45195e+08
-1.44675e+08
-1.44144e+08
-1.43602e+08
-1.4305e+08
-1.42488e+08
-1.41918e+08
-1.41341e+08
-1.40756e+08
-1.40166e+08
-1.3957e+08
-1.3897e+08
-1.38367e+08
-1.37761e+08
-1.37154e+08
-1.36546e+08
-1.35938e+08
-1.35332e+08
-1.34728e+08
-1.34127e+08
-1.33531e+08
-1.32939e+08
-1.32354e+08
-1.31775e+08
-1.31204e+08
-1.30643e+08
-1.30091e+08
-1.2955e+08
-1.29021e+08
-1.28504e+08
-1.28001e+08
-1.27512e+08
-1.27038e+08
-1.2658e+08
-1.26139e+08
-1.25715e+08
-1.2531e+08
-1.24924e+08
-1.24557e+08
-1.24211e+08
-1.23886e+08
-1.23582e+08
-1.233e+08
-1.23041e+08
-1.22805e+08
-1.22593e+08
-1.22405e+08
-1.22241e+08
-1.22101e+08
-1.21987e+08
-1.21897e+08
-1.21833e+08
-1.21795e+08
-1.21782e+08
-1.40126e+08
-1.40115e+08
-1.40082e+08
-1.40026e+08
-1.39948e+08
-1.39849e+08
-1.39727e+08
-1.39583e+08
-1.39418e+08
-1.39232e+08
-1.39024e+08
-1.38796e+08
-1.38548e+08
-1.38279e+08
-1.3799e+08
-1.37682e+08
-1.37355e+08
-1.37009e+08
-1.36645e+08
-1.36263e+08
-1.35864e+08
-1.35449e+08
-1.35017e+08
-1.3457e+08
-1.34108e+08
-1.33632e+08
-1.33142e+08
-1.32639e+08
-1.32123e+08
-1.31596e+08
-1.31059e+08
-1.30511e+08
-1.29954e+08
-1.29388e+08
-1.28815e+08
-1.28235e+08
-1.27649e+08
-1.27058e+08
-1.26463e+08
-1.25865e+08
-1.25264e+08
-1.24661e+08
-1.24058e+08
-1.23455e+08
-1.22853e+08
-1.22254e+08
-1.21657e+08
-1.21065e+08
-1.20478e+08
-1.19897e+08
-1.19322e+08
-1.18756e+08
-1.18198e+08
-1.1765e+08
-1.17113e+08
-1.16587e+08
-1.16074e+08
-1.15574e+08
-1.15089e+08
-1.14618e+08
-1.14163e+08
-1.13725e+08
-1.13305e+08
-1.12902e+08
-1.12518e+08
-1.12154e+08
-1.1181e+08
-1.11487e+08
-1.11185e+08
-1.10905e+08
-1.10648e+08
-1.10414e+08
-1.10203e+08
-1.10015e+08
-1.09852e+08
-1.09714e+08
-1.096e+08
-1.09511e+08
-1.09448e+08
-1.09409e+08
-1.09397e+08
-1.27533e+08
-1.27522e+08
-1.27489e+08
-1.27434e+08
-1.27356e+08
-1.27257e+08
-1.27136e+08
-1.26994e+08
-1.2683e+08
-1.26645e+08
-1.26439e+08
-1.26212e+08
-1.25965e+08
-1.25698e+08
-1.25412e+08
-1.25106e+08
-1.24781e+08
-1.24437e+08
-1.24076e+08
-1.23697e+08
-1.23301e+08
-1.22888e+08
-1.2246e+08
-1.22015e+08
-1.21557e+08
-1.21083e+08
-1.20597e+08
-1.20097e+08
-1.19585e+08
-1.19062e+08
-1.18527e+08
-1.17983e+08
-1.1743e+08
-1.16868e+08
-1.16298e+08
-1.15722e+08
-1.15139e+08
-1.14552e+08
-1.1396e+08
-1.13365e+08
-1.12768e+08
-1.12169e+08
-1.11569e+08
-1.1097e+08
-1.10372e+08
-1.09776e+08
-1.09183e+08
-1.08594e+08
-1.08009e+08
-1.07431e+08
-1.0686e+08
-1.06296e+08
-1.05742e+08
-1.05197e+08
-1.04662e+08
-1.04139e+08
-1.03628e+08
-1.03131e+08
-1.02648e+08
-1.0218e+08
-1.01727e+08
-1.01291e+08
-1.00872e+08
-1.00471e+08
-1.00089e+08
-9.97269e+07
-9.93844e+07
-9.90626e+07
-9.87622e+07
-9.84836e+07
-9.82273e+07
-9.79939e+07
-9.77838e+07
-9.75973e+07
-9.74348e+07
-9.72967e+07
-9.71833e+07
-9.70947e+07
-9.70313e+07
-9.69932e+07
-9.69804e+07
-1.14966e+08
-1.14955e+08
-1.14922e+08
-1.14867e+08
-1.14791e+08
-1.14692e+08
-1.14572e+08
-1.1443e+08
-1.14267e+08
-1.14083e+08
-1.13878e+08
-1.13653e+08
-1.13407e+08
-1.13142e+08
-1.12856e+08
-1.12552e+08
-1.12229e+08
-1.11888e+08
-1.11528e+08
-1.11151e+08
-1.10757e+08
-1.10347e+08
-1.0992e+08
-1.09479e+08
-1.09022e+08
-1.08551e+08
-1.08067e+08
-1.0757e+08
-1.0706e+08
-1.0654e+08
-1.06008e+08
-1.05466e+08
-1.04915e+08
-1.04356e+08
-1.03789e+08
-1.03215e+08
-1.02635e+08
-1.02051e+08
-1.01462e+08
-1.00869e+08
-1.00274e+08
-9.96779e+07
-9.90807e+07
-9.84837e+07
-9.78879e+07
-9.7294e+07
-9.67031e+07
-9.61162e+07
-9.55341e+07
-9.49578e+07
-9.43883e+07
-9.38266e+07
-9.32736e+07
-9.27302e+07
-9.21974e+07
-9.16759e+07
-9.11669e+07
-9.0671e+07
-9.01891e+07
-8.97222e+07
-8.92708e+07
-8.88359e+07
-8.84182e+07
-8.80185e+07
-8.76374e+07
-8.72757e+07
-8.6934e+07
-8.66129e+07
-8.63131e+07
-8.60351e+07
-8.57793e+07
-8.55464e+07
-8.53367e+07
-8.51505e+07
-8.49883e+07
-8.48503e+07
-8.47369e+07
-8.46483e+07
-8.45848e+07
-8.45466e+07
-8.45338e+07
-1.02426e+08
-1.02415e+08
-1.02382e+08
-1.02327e+08
-1.02251e+08
-1.02152e+08
-1.02032e+08
-1.01891e+08
-1.01729e+08
-1.01546e+08
-1.01342e+08
-1.01117e+08
-1.00873e+08
-1.00608e+08
-1.00324e+08
-1.00021e+08
-9.96993e+07
-9.93591e+07
-9.9001e+07
-9.86255e+07
-9.82331e+07
-9.78242e+07
-9.73994e+07
-9.69593e+07
-9.65044e+07
-9.60354e+07
-9.55528e+07
-9.50574e+07
-9.45497e+07
-9.40305e+07
-9.35005e+07
-9.29604e+07
-9.24111e+07
-9.18534e+07
-9.1288e+07
-9.07158e+07
-9.01376e+07
-8.95543e+07
-8.89669e+07
-8.8376e+07
-8.77826e+07
-8.71876e+07
-8.65918e+07
-8.59962e+07
-8.54015e+07
-8.48088e+07
-8.42189e+07
-8.36329e+07
-8.30517e+07
-8.24762e+07
-8.19075e+07
-8.13465e+07
-8.07941e+07
-8.02513e+07
-7.9719e+07
-7.91981e+07
-7.86896e+07
-7.81941e+07
-7.77127e+07
-7.72461e+07
-7.6795e+07
-7.63604e+07
-7.59429e+07
-7.55432e+07
-7.51622e+07
-7.48006e+07
-7.44589e+07
-7.41378e+07
-7.3838e+07
-7.35599e+07
-7.33042e+07
-7.30712e+07
-7.28614e+07
-7.26751e+07
-7.25127e+07
-7.23745e+07
-7.22608e+07
-7.21719e+07
-7.2108e+07
-7.20696e+07
-7.20567e+07
-8.99119e+07
-8.99009e+07
-8.9868e+07
-8.98132e+07
-8.97366e+07
-8.96385e+07
-8.95188e+07
-8.93779e+07
-8.9216e+07
-8.90331e+07
-8.88297e+07
-8.86058e+07
-8.83618e+07
-8.80981e+07
-8.78148e+07
-8.75125e+07
-8.71914e+07
-8.6852e+07
-8.64948e+07
-8.61202e+07
-8.57286e+07
-8.53207e+07
-8.48969e+07
-8.44577e+07
-8.40038e+07
-8.35357e+07
-8.30541e+07
-8.25595e+07
-8.20527e+07
-8.15343e+07
-8.1005e+07
-8.04657e+07
-7.99171e+07
-7.93599e+07
-7.87951e+07
-7.82235e+07
-7.76458e+07
-7.70631e+07
-7.64761e+07
-7.58857e+07
-7.52928e+07
-7.46982e+07
-7.41028e+07
-7.35074e+07
-7.29128e+07
-7.23201e+07
-7.17302e+07
-7.1144e+07
-7.05624e+07
-6.99866e+07
-6.94175e+07
-6.8856e+07
-6.83032e+07
-6.77599e+07
-6.72271e+07
-6.67057e+07
-6.61965e+07
-6.57005e+07
-6.52185e+07
-6.47513e+07
-6.42997e+07
-6.38643e+07
-6.34461e+07
-6.30457e+07
-6.2664e+07
-6.23015e+07
-6.19591e+07
-6.16373e+07
-6.13368e+07
-6.10581e+07
-6.08018e+07
-6.05682e+07
-6.03579e+07
-6.01712e+07
-6.00084e+07
-5.98696e+07
-5.97552e+07
-5.96655e+07
-5.96009e+07
-5.95619e+07
-5.95489e+07
-7.7424e+07
-7.7413e+07
-7.738e+07
-7.73251e+07
-7.72484e+07
-7.71502e+07
-7.70306e+07
-7.68898e+07
-7.67279e+07
-7.65453e+07
-7.6342e+07
-7.61184e+07
-7.58747e+07
-7.56112e+07
-7.53282e+07
-7.50262e+07
-7.47054e+07
-7.43663e+07
-7.40094e+07
-7.3635e+07
-7.32438e+07
-7.28361e+07
-7.24126e+07
-7.19737e+07
-7.15201e+07
-7.10522e+07
-7.05708e+07
-7.00763e+07
-6.95695e+07
-6.9051e+07
-6.85216e+07
-6.79821e+07
-6.74331e+07
-6.68756e+07
-6.63104e+07
-6.57383e+07
-6.51602e+07
-6.45769e+07
-6.39894e+07
-6.33985e+07
-6.28051e+07
-6.22099e+07
-6.16138e+07
-6.10176e+07
-6.04221e+07
-5.98282e+07
-5.9237e+07
-5.86494e+07
-5.80664e+07
-5.7489e+07
-5.69183e+07
-5.63553e+07
-5.58008e+07
-5.52559e+07
-5.47215e+07
-5.41985e+07
-5.36878e+07
-5.31902e+07
-5.27068e+07
-5.22381e+07
-5.17848e+07
-5.13479e+07
-5.0928e+07
-5.0526e+07
-5.01426e+07
-4.97786e+07
-4.94347e+07
-4.91115e+07
-4.88096e+07
-4.85296e+07
-4.82721e+07
-4.80375e+07
-4.78263e+07
-4.76387e+07
-4.74752e+07
-4.73357e+07
-4.72202e+07
-4.71292e+07
-4.70632e+07
-4.7023e+07
-4.70094e+07
-6.49624e+07
-6.49514e+07
-6.49181e+07
-6.48629e+07
-6.4786e+07
-6.46875e+07
-6.45677e+07
-6.44267e+07
-6.42648e+07
-6.4082e+07
-6.38787e+07
-6.3655e+07
-6.34112e+07
-6.31476e+07
-6.28645e+07
-6.25622e+07
-6.22412e+07
-6.19019e+07
-6.15447e+07
-6.11701e+07
-6.07785e+07
-6.03705e+07
-5.99466e+07
-5.95074e+07
-5.90534e+07
-5.8585e+07
-5.8103e+07
-5.76079e+07
-5.71003e+07
-5.65809e+07
-5.60504e+07
-5.55097e+07
-5.49595e+07
-5.44006e+07
-5.38339e+07
-5.32603e+07
-5.26807e+07
-5.20958e+07
-5.15068e+07
-5.09144e+07
-5.03194e+07
-4.97228e+07
-4.9125e+07
-4.85269e+07
-4.79293e+07
-4.73332e+07
-4.67395e+07
-4.61493e+07
-4.55636e+07
-4.49835e+07
-4.441e+07
-4.38442e+07
-4.3287e+07
-4.27394e+07
-4.22023e+07
-4.16766e+07
-4.11632e+07
-4.06632e+07
-4.01774e+07
-3.97063e+07
-3.92507e+07
-3.8811e+07
-3.83886e+07
-3.7984e+07
-3.75981e+07
-3.72317e+07
-3.68855e+07
-3.65601e+07
-3.62562e+07
-3.59743e+07
-3.5715e+07
-3.54789e+07
-3.52663e+07
-3.50775e+07
-3.4913e+07
-3.4773e+07
-3.46569e+07
-3.45637e+07
-3.44945e+07
-3.44516e+07
-3.44371e+07
-5.25275e+07
-5.25162e+07
-5.24825e+07
-5.24267e+07
-5.23492e+07
-5.22502e+07
-5.21299e+07
-5.19887e+07
-5.18265e+07
-5.16434e+07
-5.14397e+07
-5.12156e+07
-5.09713e+07
-5.07072e+07
-5.04235e+07
-5.01206e+07
-4.9799e+07
-4.94589e+07
-4.91009e+07
-4.87254e+07
-4.83329e+07
-4.79239e+07
-4.7499e+07
-4.70587e+07
-4.66037e+07
-4.61342e+07
-4.56509e+07
-4.51543e+07
-4.46451e+07
-4.41239e+07
-4.35915e+07
-4.30486e+07
-4.24961e+07
-4.19349e+07
-4.13657e+07
-4.07896e+07
-4.02073e+07
-3.96198e+07
-3.9028e+07
-3.8433e+07
-3.78359e+07
-3.7237e+07
-3.66368e+07
-3.60357e+07
-3.54347e+07
-3.48352e+07
-3.42379e+07
-3.36439e+07
-3.30543e+07
-3.24701e+07
-3.18925e+07
-3.13228e+07
-3.07618e+07
-3.02105e+07
-2.96696e+07
-2.914e+07
-2.86228e+07
-2.81186e+07
-2.76312e+07
-2.71603e+07
-2.67055e+07
-2.62694e+07
-2.58519e+07
-2.54537e+07
-2.50753e+07
-2.47173e+07
-2.43803e+07
-2.40645e+07
-2.37705e+07
-2.34985e+07
-2.32491e+07
-2.30228e+07
-2.28193e+07
-2.2639e+07
-2.2482e+07
-2.23491e+07
-2.22409e+07
-2.21514e+07
-2.20803e+07
-2.20368e+07
-2.20231e+07
-4.01197e+07
-4.0108e+07
-4.00734e+07
-4.00164e+07
-3.99378e+07
-3.9838e+07
-3.97173e+07
-3.95757e+07
-3.9413e+07
-3.92294e+07
-3.90251e+07
-3.88003e+07
-3.85552e+07
-3.82902e+07
-3.80055e+07
-3.77015e+07
-3.73787e+07
-3.70373e+07
-3.6678e+07
-3.6301e+07
-3.5907e+07
-3.54962e+07
-3.50696e+07
-3.46279e+07
-3.41712e+07
-3.37001e+07
-3.32147e+07
-3.27158e+07
-3.22042e+07
-3.16804e+07
-3.11452e+07
-3.05991e+07
-3.00432e+07
-2.94785e+07
-2.89058e+07
-2.83262e+07
-2.77403e+07
-2.71488e+07
-2.65532e+07
-2.59541e+07
-2.53536e+07
-2.47551e+07
-2.41575e+07
-2.35619e+07
-2.29705e+07
-2.23843e+07
-2.18042e+07
-2.12308e+07
-2.06649e+07
-2.01076e+07
-1.95603e+07
-1.90238e+07
-1.84989e+07
-1.79864e+07
-1.74864e+07
-1.69989e+07
-1.6524e+07
-1.60656e+07
-1.56279e+07
-1.52134e+07
-1.48224e+07
-1.44543e+07
-1.41099e+07
-1.37882e+07
-1.34885e+07
-1.32108e+07
-1.29543e+07
-1.27185e+07
-1.25028e+07
-1.23066e+07
-1.21295e+07
-1.19713e+07
-1.18309e+07
-1.1708e+07
-1.16023e+07
-1.15136e+07
-1.14424e+07
-1.13848e+07
-1.13398e+07
-1.13127e+07
-1.13043e+07
-2.77403e+07
-2.77278e+07
-2.76909e+07
-2.76314e+07
-2.75512e+07
-2.74509e+07
-2.733e+07
-2.71878e+07
-2.70245e+07
-2.68402e+07
-2.66351e+07
-2.64092e+07
-2.6163e+07
-2.58966e+07
-2.56105e+07
-2.5305e+07
-2.49804e+07
-2.46373e+07
-2.4276e+07
-2.38971e+07
-2.35006e+07
-2.30878e+07
-2.26581e+07
-2.22142e+07
-2.17583e+07
-2.12888e+07
-2.0808e+07
-2.03169e+07
-1.98163e+07
-1.93068e+07
-1.87892e+07
-1.82645e+07
-1.77334e+07
-1.71975e+07
-1.66581e+07
-1.6116e+07
-1.55716e+07
-1.50259e+07
-1.44788e+07
-1.39316e+07
-1.33901e+07
-1.28606e+07
-1.23477e+07
-1.18523e+07
-1.13757e+07
-1.09199e+07
-1.0485e+07
-1.0071e+07
-9.67781e+06
-9.30596e+06
-8.95565e+06
-8.62657e+06
-8.31846e+06
-8.03095e+06
-7.76351e+06
-7.51602e+06
-7.28879e+06
-7.0797e+06
-6.88491e+06
-6.70514e+06
-6.54282e+06
-6.39673e+06
-6.26504e+06
-6.14694e+06
-6.04151e+06
-5.94772e+06
-5.86473e+06
-5.79176e+06
-5.72796e+06
-5.67256e+06
-5.62477e+06
-5.58355e+06
-5.54877e+06
-5.5197e+06
-5.49582e+06
-5.47628e+06
-5.45965e+06
-5.45083e+06
-5.45047e+06
-5.45039e+06
-5.44946e+06
-1.54702e+07
-1.5458e+07
-1.54197e+07
-1.53578e+07
-1.52798e+07
-1.51856e+07
-1.50707e+07
-1.49353e+07
-1.47799e+07
-1.46051e+07
-1.44112e+07
-1.41979e+07
-1.3966e+07
-1.37161e+07
-1.34486e+07
-1.31641e+07
-1.2863e+07
-1.25459e+07
-1.22138e+07
-1.18673e+07
-1.15067e+07
-1.11312e+07
-1.07428e+07
-1.03462e+07
-9.94586e+06
-9.5451e+06
-9.14526e+06
-8.74901e+06
-8.35805e+06
-7.97347e+06
-7.59669e+06
-7.22928e+06
-6.87251e+06
-6.52785e+06
-6.19681e+06
-5.88024e+06
-5.57886e+06
-5.29363e+06
-5.02623e+06
-4.77803e+06
-4.5465e+06
-4.32909e+06
-4.12903e+06
-3.94956e+06
-3.78998e+06
-3.6493e+06
-3.52725e+06
-3.42378e+06
-3.33868e+06
-3.27115e+06
-3.22035e+06
-3.18566e+06
-3.16616e+06
-3.16108e+06
-3.17e+06
-3.19279e+06
-3.22899e+06
-3.27441e+06
-3.32234e+06
-3.37064e+06
-3.42007e+06
-3.46948e+06
-3.51779e+06
-3.5652e+06
-3.61148e+06
-3.65595e+06
-3.69847e+06
-3.73902e+06
-3.77738e+06
-3.81338e+06
-3.84671e+06
-3.87701e+06
-3.90473e+06
-3.92976e+06
-3.95181e+06
-3.97049e+06
-3.98576e+06
-4.0022e+06
-4.02008e+06
-4.03194e+06
-4.03538e+06
-4.39575e+06
-4.38782e+06
-4.36131e+06
-4.31743e+06
-4.26439e+06
-4.20166e+06
-4.12447e+06
-4.03439e+06
-3.93244e+06
-3.81937e+06
-3.69613e+06
-3.56311e+06
-3.42162e+06
-3.27279e+06
-3.1177e+06
-2.95755e+06
-2.79351e+06
-2.62684e+06
-2.45896e+06
-2.29125e+06
-2.125e+06
-1.96251e+06
-1.80551e+06
-1.65208e+06
-1.50206e+06
-1.35983e+06
-1.2281e+06
-1.10713e+06
-997646.
-900803.
-817579.
-748887.
-695677.
-658370.
-637179.
-632867.
-646237.
-677684.
-728246.
-798078.
-881601.
-971122.
-1.0648e+06
-1.16302e+06
-1.26411e+06
-1.36684e+06
-1.47088e+06
-1.57634e+06
-1.68318e+06
-1.79059e+06
-1.89786e+06
-2.00475e+06
-2.11097e+06
-2.21633e+06
-2.32094e+06
-2.42418e+06
-2.52465e+06
-2.62337e+06
-2.72075e+06
-2.81595e+06
-2.90682e+06
-2.99214e+06
-3.07326e+06
-3.15011e+06
-3.22272e+06
-3.29099e+06
-3.35486e+06
-3.41432e+06
-3.46941e+06
-3.52008e+06
-3.56627e+06
-3.60805e+06
-3.64549e+06
-3.67871e+06
-3.70768e+06
-3.73248e+06
-3.75398e+06
-3.77283e+06
-3.78835e+06
-3.79885e+06
-3.80258e+06
2.22318e+06
2.22371e+06
2.22338e+06
2.22287e+06
2.22747e+06
2.23602e+06
2.24454e+06
2.25341e+06
2.26222e+06
2.27047e+06
2.27758e+06
2.28226e+06
2.28399e+06
2.28199e+06
2.27539e+06
2.26332e+06
2.24468e+06
2.21842e+06
2.18396e+06
2.14025e+06
2.08571e+06
2.01829e+06
1.9373e+06
1.84732e+06
1.75238e+06
1.65183e+06
1.54577e+06
1.4354e+06
1.32087e+06
1.20189e+06
1.07853e+06
951092.
819730.
685016.
547590.
407415.
264355.
118514.
-28413.
-175562.
-324228.
-474859.
-626111.
-774945.
-920612.
-1.06388e+06
-1.20445e+06
-1.34225e+06
-1.47707e+06
-1.60856e+06
-1.73636e+06
-1.86023e+06
-1.98005e+06
-2.09579e+06
-2.20732e+06
-2.31464e+06
-2.41764e+06
-2.51555e+06
-2.61097e+06
-2.70297e+06
-2.78998e+06
-2.87339e+06
-2.95238e+06
-3.0272e+06
-3.09783e+06
-3.16426e+06
-3.22646e+06
-3.2844e+06
-3.33808e+06
-3.38749e+06
-3.43262e+06
-3.47351e+06
-3.5102e+06
-3.54273e+06
-3.57118e+06
-3.59579e+06
-3.61675e+06
-3.63393e+06
-3.64693e+06
-3.65521e+06
-3.65809e+06
3.95024e+06
3.94554e+06
3.92891e+06
3.90252e+06
3.8756e+06
3.84758e+06
3.81248e+06
3.77072e+06
3.72281e+06
3.6688e+06
3.60874e+06
3.54206e+06
3.46906e+06
3.38989e+06
3.30456e+06
3.21313e+06
3.11555e+06
3.01189e+06
2.9024e+06
2.78715e+06
2.66584e+06
2.54e+06
2.4095e+06
2.2734e+06
2.13171e+06
1.98591e+06
1.83862e+06
1.68962e+06
1.53868e+06
1.38596e+06
1.23173e+06
1.07637e+06
920376.
764275.
608536.
453504.
299421.
146854.
-4259.5
-152572.
-298572.
-444821.
-589326.
-731477.
-871905.
-1.00979e+06
-1.14514e+06
-1.27776e+06
-1.40745e+06
-1.53397e+06
-1.65711e+06
-1.77666e+06
-1.89248e+06
-2.00446e+06
-2.11255e+06
-2.21665e+06
-2.31655e+06
-2.41278e+06
-2.50522e+06
-2.59396e+06
-2.67891e+06
-2.75964e+06
-2.83649e+06
-2.90926e+06
-2.97797e+06
-3.0426e+06
-3.10314e+06
-3.15957e+06
-3.21187e+06
-3.26004e+06
-3.30408e+06
-3.34401e+06
-3.37986e+06
-3.41166e+06
-3.4395e+06
-3.46344e+06
-3.48348e+06
-3.4995e+06
-3.51127e+06
-3.51851e+06
-3.52096e+06
3.95429e+06
3.94882e+06
3.93306e+06
3.90904e+06
3.87902e+06
3.84381e+06
3.80254e+06
3.75426e+06
3.69912e+06
3.63733e+06
3.56895e+06
3.49409e+06
3.41294e+06
3.32575e+06
3.2328e+06
3.13431e+06
3.03057e+06
2.92187e+06
2.80854e+06
2.69086e+06
2.56945e+06
2.44399e+06
2.31638e+06
2.18523e+06
2.0495e+06
1.91173e+06
1.77142e+06
1.62895e+06
1.4847e+06
1.33885e+06
1.19167e+06
1.04349e+06
894697.
745698.
596859.
448526.
301059.
154657.
9854.81
-133282.
-275060.
-415325.
-554196.
-691203.
-826050.
-958775.
-1.08906e+06
-1.21673e+06
-1.34161e+06
-1.46349e+06
-1.58221e+06
-1.69759e+06
-1.8095e+06
-1.91784e+06
-2.0225e+06
-2.1234e+06
-2.22059e+06
-2.31404e+06
-2.40385e+06
-2.48997e+06
-2.5723e+06
Process [1]
-2.65082e+06
-2.72544e+06
-2.79618e+06
-2.86299e+06
-2.92586e+06
-2.98476e+06
-3.03968e+06
-3.09061e+06
-3.13753e+06
-3.18046e+06
-3.2194e+06
-3.25436e+06
-3.28537e+06
-3.31246e+06
-3.33564e+06
-3.35486e+06
-3.37004e+06
-3.38104e+06
-3.38772e+06
-3.38996e+06
3.77849e+06
3.77406e+06
3.76127e+06
3.74094e+06
3.71372e+06
3.68013e+06
3.64043e+06
3.59443e+06
3.542e+06
3.4832e+06
3.41815e+06
3.34701e+06
3.26994e+06
3.18713e+06
3.09882e+06
3.00525e+06
2.90667e+06
2.80336e+06
2.6956e+06
2.58373e+06
2.46791e+06
2.34883e+06
2.22637e+06
2.10064e+06
1.97192e+06
1.84026e+06
1.70641e+06
1.57047e+06
1.43269e+06
1.29339e+06
1.15284e+06
1.01135e+06
869248.
726866.
584533.
442567.
301250.
160896.
21710.9
-116174.
-252679.
-387795.
-521331.
-653118.
-782960.
-910663.
-1.03609e+06
-1.15904e+06
-1.27934e+06
-1.39682e+06
-1.51133e+06
-1.62271e+06
-1.73084e+06
-1.8356e+06
-1.93692e+06
-2.03473e+06
-2.129e+06
-2.21972e+06
-2.30687e+06
-2.39043e+06
-2.47035e+06
-2.54657e+06
-2.61907e+06
-2.68779e+06
-2.75273e+06
-2.81385e+06
-2.87114e+06
-2.92457e+06
-2.97414e+06
-3.01982e+06
-3.06163e+06
-3.09955e+06
-3.1336e+06
-3.16378e+06
-3.19009e+06
-3.21252e+06
-3.23102e+06
-3.24554e+06
-3.256e+06
-3.26232e+06
-3.26443e+06
3.61373e+06
3.60995e+06
3.59873e+06
3.58039e+06
3.55532e+06
3.52384e+06
3.48615e+06
3.44235e+06
3.39246e+06
3.33654e+06
3.2747e+06
3.20706e+06
3.1338e+06
3.05509e+06
2.97114e+06
2.88218e+06
2.78844e+06
2.69018e+06
2.58764e+06
2.48109e+06
2.37086e+06
2.25714e+06
2.1402e+06
2.02017e+06
1.89724e+06
1.77175e+06
1.64392e+06
1.5141e+06
1.38252e+06
1.24945e+06
1.11516e+06
979957.
844122.
707957.
571753.
435792.
300346.
165656.
31928.
-100682.
-232055.
-362059.
-490557.
-617377.
-742349.
-865308.
-986086.
-1.10452e+06
-1.22046e+06
-1.33373e+06
-1.4442e+06
-1.55173e+06
-1.6562e+06
-1.75751e+06
-1.85556e+06
-1.9503e+06
-2.04168e+06
-2.12965e+06
-2.21419e+06
-2.29526e+06
-2.37281e+06
-2.4468e+06
-2.51719e+06
-2.58394e+06
-2.64704e+06
-2.70644e+06
-2.76214e+06
-2.8141e+06
-2.86231e+06
-2.90676e+06
-2.94744e+06
-2.98434e+06
-3.01746e+06
-3.0468e+06
-3.07234e+06
-3.09406e+06
-3.11193e+06
-3.12591e+06
-3.13594e+06
-3.14198e+06
-3.14399e+06
3.45838e+06
3.45494e+06
3.44469e+06
3.42779e+06
3.40443e+06
3.37484e+06
3.33919e+06
3.2976e+06
3.25017e+06
3.197e+06
3.13818e+06
3.07386e+06
3.00419e+06
2.92933e+06
2.84948e+06
2.76485e+06
2.67564e+06
2.5821e+06
2.48445e+06
2.38296e+06
2.27784e+06
2.16936e+06
2.05771e+06
1.9431e+06
1.82577e+06
1.70593e+06
1.58388e+06
1.45986e+06
1.33413e+06
1.20696e+06
1.0786e+06
949316.
819388.
689083.
558666.
428396.
298514.
169244.
40782.
-86702.3
-213055.
-338132.
-461777.
-583836.
-704146.
-822548.
-938887.
-1.05301e+06
-1.16476e+06
-1.27401e+06
-1.3806e+06
-1.48442e+06
-1.58536e+06
-1.68331e+06
-1.77818e+06
-1.86991e+06
-1.95843e+06
-2.0437e+06
-2.12567e+06
-2.20429e+06
-2.27953e+06
-2.35133e+06
-2.41966e+06
-2.48448e+06
-2.54576e+06
-2.60348e+06
-2.6576e+06
-2.70811e+06
-2.75498e+06
-2.79821e+06
-2.83777e+06
-2.87365e+06
-2.90585e+06
-2.93436e+06
-2.95914e+06
-2.9802e+06
-2.99749e+06
-3.01099e+06
-3.02066e+06
-3.02647e+06
-3.02841e+06
3.31138e+06
3.30819e+06
3.29866e+06
3.28287e+06
3.26095e+06
3.23306e+06
3.19931e+06
3.15985e+06
3.11478e+06
3.06422e+06
3.00828e+06
2.94708e+06
2.88079e+06
2.80955e+06
2.73355e+06
2.65298e+06
2.56804e+06
2.47894e+06
2.38589e+06
2.28913e+06
2.18888e+06
2.08535e+06
1.97875e+06
1.86932e+06
1.75725e+06
1.6428e+06
1.52619e+06
1.40767e+06
1.28749e+06
1.1659e+06
1.04313e+06
919449.
795101.
670335.
545397.
420522.
295936.
171847.
48448.2
-74086.
-195592.
-315914.
-434896.
-552383.
-668221.
-782257.
-894342.
-1.00433e+06
-1.11208e+06
-1.21745e+06
-1.32033e+06
-1.42058e+06
-1.5181e+06
-1.6128e+06
-1.70457e+06
-1.79336e+06
-1.87909e+06
-1.96171e+06
-2.04115e+06
-2.11738e+06
-2.19035e+06
-2.26001e+06
-2.32632e+06
-2.38925e+06
-2.44876e+06
-2.50482e+06
-2.5574e+06
-2.60647e+06
-2.65203e+06
-2.69404e+06
-2.7325e+06
-2.76738e+06
-2.79867e+06
-2.82635e+06
-2.85041e+06
-2.87083e+06
-2.88758e+06
-2.90065e+06
-2.91e+06
-2.91562e+06
-2.91749e+06
3.17207e+06
3.16908e+06
3.16013e+06
3.14528e+06
3.12462e+06
3.09824e+06
3.06627e+06
3.02881e+06
2.98598e+06
2.93789e+06
2.88466e+06
2.82642e+06
2.76331e+06
2.69548e+06
2.62311e+06
2.54636e+06
2.46542e+06
2.3805e+06
2.29178e+06
2.19949e+06
2.10382e+06
2.00499e+06
1.9032e+06
1.79867e+06
1.69161e+06
1.58224e+06
1.47078e+06
1.35748e+06
1.24255e+06
1.12623e+06
1.00876e+06
890378.
771309.
651789.
532044.
412294.
292751.
173613.
55068.3
-62708.8
-179552.
-295302.
-409803.
-522903.
-634451.
-744300.
-852307.
-958332.
-1.06224e+06
-1.1639e+06
-1.2632e+06
-1.36001e+06
-1.45424e+06
-1.54578e+06
-1.63455e+06
-1.72047e+06
-1.80348e+06
-1.8835e+06
-1.96049e+06
-2.03438e+06
-2.10514e+06
-2.1727e+06
-2.23704e+06
-2.29811e+06
-2.35588e+06
-2.41031e+06
-2.46138e+06
-2.50906e+06
-2.55331e+06
-2.59414e+06
-2.6315e+06
-2.66539e+06
-2.69579e+06
-2.72268e+06
-2.74604e+06
-2.76585e+06
-2.78209e+06
-2.79475e+06
-2.80381e+06
-2.80925e+06
-2.81107e+06
3.03996e+06
3.03714e+06
3.0287e+06
3.01466e+06
2.99511e+06
2.97012e+06
2.93978e+06
2.90419e+06
2.86347e+06
2.81772e+06
2.76705e+06
2.71159e+06
2.65148e+06
2.58687e+06
2.5179e+06
2.44475e+06
2.36758e+06
2.28659e+06
2.20196e+06
2.11388e+06
2.02255e+06
1.92817e+06
1.83094e+06
1.73105e+06
1.62873e+06
1.52417e+06
1.4176e+06
1.30922e+06
1.19926e+06
1.08795e+06
975496.
862124.
748056.
633506.
518689.
403811.
289072.
174661.
60761.3
-52455.9
-164825.
-276188.
-386390.
-495281.
-602715.
-708550.
-812646.
-914870.
-1.01509e+06
-1.11319e+06
-1.20904e+06
-1.30254e+06
-1.39359e+06
-1.48209e+06
-1.56794e+06
-1.65109e+06
-1.73144e+06
-1.80894e+06
-1.88352e+06
-1.95514e+06
-2.02373e+06
-2.08926e+06
-2.15167e+06
-2.21093e+06
-2.267e+06
-2.31984e+06
-2.36942e+06
-2.41572e+06
-2.45871e+06
-2.49837e+06
-2.53467e+06
-2.56759e+06
-2.59711e+06
-2.62322e+06
-2.6459e+06
-2.66513e+06
-2.68089e+06
-2.69317e+06
-2.70195e+06
-2.70723e+06
-2.70899e+06
2.91463e+06
2.91196e+06
2.90396e+06
2.89066e+06
2.87212e+06
2.84839e+06
2.81957e+06
2.78573e+06
2.74699e+06
2.70343e+06
2.65517e+06
2.60234e+06
2.54506e+06
2.48346e+06
2.4177e+06
2.34794e+06
2.27433e+06
2.19704e+06
2.11626e+06
2.03217e+06
1.94494e+06
1.85477e+06
1.76184e+06
1.66636e+06
1.56852e+06
1.46852e+06
1.36656e+06
1.26286e+06
1.15761e+06
1.05103e+06
943324.
834704.
725374.
615540.
505403.
395157.
284992.
175092.
65630.4
-43223.3
-151307.
-258466.
-364547.
-469405.
-572896.
-674882.
-775228.
-873806.
-970490.
-1.06516e+06
-1.15771e+06
-1.24802e+06
-1.336e+06
-1.42155e+06
-1.50459e+06
-1.58504e+06
-1.66282e+06
-1.73787e+06
-1.81012e+06
-1.87952e+06
-1.94601e+06
-2.00954e+06
-2.07008e+06
-2.12757e+06
-2.18198e+06
-2.23326e+06
-2.2814e+06
-2.32636e+06
-2.3681e+06
-2.40662e+06
-2.44187e+06
-2.47385e+06
-2.50252e+06
-2.52788e+06
-2.5499e+06
-2.56857e+06
-2.58386e+06
-2.59578e+06
-2.6043e+06
-2.60941e+06
-2.61112e+06
2.7957e+06
2.79317e+06
2.78557e+06
2.77294e+06
2.75533e+06
2.73277e+06
2.70536e+06
2.67316e+06
2.63626e+06
2.59477e+06
2.54878e+06
2.49841e+06
2.44379e+06
2.38505e+06
2.32231e+06
2.25574e+06
2.18548e+06
2.11169e+06
2.03454e+06
1.9542e+06
1.87084e+06
1.78465e+06
1.69581e+06
1.60449e+06
1.5109e+06
1.41521e+06
1.31763e+06
1.21834e+06
1.11755e+06
1.01545e+06
912248.
808129.
703293.
597934.
492241.
386400.
280592.
174991.
69767.1
-34916.4
-138902.
-242036.
-344172.
-445166.
-544880.
-643178.
-739930.
-835012.
-928301.
-1.01968e+06
-1.10905e+06
-1.19629e+06
-1.28132e+06
-1.36403e+06
-1.44435e+06
-1.52219e+06
-1.59747e+06
-1.67014e+06
-1.74013e+06
-1.80737e+06
-1.87182e+06
-1.93342e+06
-1.99213e+06
-2.0479e+06
-2.10069e+06
-2.15046e+06
-2.19719e+06
-2.24083e+06
-2.28136e+06
-2.31876e+06
-2.353e+06
-2.38405e+06
-2.4119e+06
-2.43652e+06
-2.45791e+06
-2.47603e+06
-2.49088e+06
-2.50245e+06
-2.51072e+06
-2.51568e+06
-2.51733e+06
2.68285e+06
2.68044e+06
2.67322e+06
2.66121e+06
2.64445e+06
2.62298e+06
2.59688e+06
2.5662e+06
2.53104e+06
2.49148e+06
2.44763e+06
2.39959e+06
2.34747e+06
2.29141e+06
2.23152e+06
2.16795e+06
2.10085e+06
2.03035e+06
1.95663e+06
1.87984e+06
1.80015e+06
1.71772e+06
1.63273e+06
1.54536e+06
1.45578e+06
1.36417e+06
1.27073e+06
1.17563e+06
1.07906e+06
981207.
882263.
782411.
681837.
580724.
479253.
377600.
275938.
174434.
73252.7
-27449.1
-127518.
-226805.
-325166.
-422463.
-518560.
-613326.
-706635.
-798364.
-888398.
-976623.
-1.06293e+06
-1.14722e+06
-1.2294e+06
-1.30938e+06
-1.38707e+06
-1.46239e+06
-1.53527e+06
-1.60563e+06
-1.67342e+06
-1.73858e+06
-1.80104e+06
-1.86076e+06
-1.91769e+06
-1.97179e+06
-2.02301e+06
-2.07131e+06
-2.11666e+06
-2.15902e+06
-2.19838e+06
-2.23469e+06
-2.26794e+06
-2.29809e+06
-2.32514e+06
-2.34905e+06
-2.36981e+06
-2.38741e+06
-2.40183e+06
-2.41306e+06
-2.42109e+06
-2.42591e+06
-2.42751e+06
2.57578e+06
2.57349e+06
2.56661e+06
2.55517e+06
2.5392e+06
2.51875e+06
2.49387e+06
2.46462e+06
2.43109e+06
2.39335e+06
2.3515e+06
2.30564e+06
2.25589e+06
2.20234e+06
2.14514e+06
2.0844e+06
2.02027e+06
1.95289e+06
1.8824e+06
1.80896e+06
1.73272e+06
1.65385e+06
1.57251e+06
1.48886e+06
1.40308e+06
1.31534e+06
1.22581e+06
1.13467e+06
1.0421e+06
948268.
853362.
757555.
661024.
563941.
466480.
368808.
271090.
173489.
76160.1
-20743.1
-117073.
-212684.
-307438.
-401199.
-493836.
-585221.
-675232.
-763750.
-850661.
-935857.
-1.01923e+06
-1.10069e+06
-1.18013e+06
-1.25747e+06
-1.33263e+06
-1.40552e+06
-1.47606e+06
-1.54421e+06
-1.60987e+06
-1.67301e+06
-1.73355e+06
-1.79145e+06
-1.84666e+06
-1.89913e+06
-1.94882e+06
-1.99569e+06
-2.0397e+06
-2.08083e+06
-2.11903e+06
-2.15429e+06
-2.18657e+06
-2.21586e+06
-2.24212e+06
-2.26534e+06
-2.28551e+06
-2.3026e+06
-2.3166e+06
-2.32751e+06
-2.3353e+06
-2.33998e+06
-2.34154e+06
2.47421e+06
2.47203e+06
2.46547e+06
2.45456e+06
2.43934e+06
2.41983e+06
2.39609e+06
2.36818e+06
2.33617e+06
2.30014e+06
2.26018e+06
2.21637e+06
2.16883e+06
2.11767e+06
2.06299e+06
2.00492e+06
1.94359e+06
1.87914e+06
1.8117e+06
1.74142e+06
1.66845e+06
1.59294e+06
1.51504e+06
1.43492e+06
1.35273e+06
1.26864e+06
1.18282e+06
1.09543e+06
1.00664e+06
916619.
825539.
733565.
640867.
547609.
453955.
360067.
266101.
172214.
78555.1
-14727.1
-107489.
-199593.
-290901.
-381283.
-470612.
-558763.
-645618.
-731061.
-814981.
-897272.
-977833.
-1.05657e+06
-1.13338e+06
-1.20819e+06
-1.2809e+06
-1.35145e+06
-1.41975e+06
-1.48574e+06
-1.54936e+06
-1.61054e+06
-1.66922e+06
-1.72536e+06
-1.7789e+06
-1.82979e+06
-1.878e+06
-1.92348e+06
-1.9662e+06
-2.00612e+06
-2.04322e+06
-2.07745e+06
-2.1088e+06
-2.13724e+06
-2.16274e+06
-2.1853e+06
-2.20489e+06
-2.22148e+06
-2.23508e+06
-2.24567e+06
-2.25325e+06
-2.25779e+06
-2.25931e+06
2.37789e+06
2.3758e+06
2.36954e+06
2.35913e+06
2.3446e+06
2.32597e+06
2.3033e+06
2.27664e+06
2.24607e+06
2.21164e+06
2.17345e+06
2.13158e+06
2.08612e+06
2.03719e+06
1.98489e+06
1.92934e+06
1.87066e+06
1.80897e+06
1.74441e+06
1.67711e+06
1.60722e+06
1.53488e+06
1.46024e+06
1.38345e+06
1.30465e+06
1.22402e+06
1.1417e+06
1.05786e+06
972651.
886239.
798782.
710442.
621379.
531749.
441710.
351415.
261016.
170661.
80496.8
-9335.92
-98698.2
-187455.
-275475.
-362631.
-448800.
-533860.
-617696.
-700196.
-781253.
-860762.
-938624.
-1.01474e+06
-1.08903e+06
-1.1614e+06
-1.23177e+06
-1.30006e+06
-1.3662e+06
-1.43012e+06
-1.49176e+06
-1.55105e+06
-1.60794e+06
-1.66237e+06
-1.7143e+06
-1.76367e+06
-1.81045e+06
-1.85459e+06
-1.89605e+06
-1.93481e+06
-1.97082e+06
-2.00406e+06
-2.03451e+06
-2.06213e+06
-2.0869e+06
-2.10881e+06
-2.12783e+06
-2.14396e+06
-2.15717e+06
-2.16746e+06
-2.17481e+06
-2.17923e+06
-2.1807e+06
2.28656e+06
2.28457e+06
2.27859e+06
2.26865e+06
2.25476e+06
2.23696e+06
2.21529e+06
2.18981e+06
2.16057e+06
2.12765e+06
2.09112e+06
2.05107e+06
2.00758e+06
1.96076e+06
1.9107e+06
1.85751e+06
1.80132e+06
1.74224e+06
1.68039e+06
1.61591e+06
1.54893e+06
1.47958e+06
1.40802e+06
1.33437e+06
1.25879e+06
1.18142e+06
1.10241e+06
1.02193e+06
940106.
857107.
773082.
688184.
602566.
516377.
429768.
342885.
255875.
168880.
82038.7
-4510.37
-90634.1
-176202.
-261086.
-345164.
-428316.
-510423.
-591375.
-671062.
-749379.
-826224.
-901502.
-975118.
-1.04698e+06
-1.11702e+06
-1.18513e+06
-1.25126e+06
-1.31532e+06
-1.37724e+06
-1.43697e+06
-1.49445e+06
-1.5496e+06
-1.60239e+06
-1.65276e+06
-1.70066e+06
-1.74606e+06
-1.7889e+06
-1.82915e+06
-1.86678e+06
-1.90175e+06
-1.93403e+06
-1.9636e+06
-1.99042e+06
-2.01449e+06
-2.03577e+06
-2.05425e+06
-2.06992e+06
-2.08275e+06
-2.09275e+06
-2.09989e+06
-2.10418e+06
-2.10561e+06
2.20002e+06
2.19811e+06
2.1924e+06
2.18288e+06
2.1696e+06
2.15257e+06
2.13185e+06
2.10747e+06
2.07949e+06
2.04799e+06
2.01302e+06
1.97468e+06
1.93304e+06
1.88819e+06
1.84024e+06
1.78929e+06
1.73544e+06
1.67882e+06
1.61953e+06
1.5577e+06
1.49347e+06
1.42695e+06
1.35828e+06
1.2876e+06
1.21505e+06
1.14077e+06
1.0649e+06
987585.
908970.
829202.
748426.
666788.
584434.
501507.
418151.
334507.
250714.
166910.
83229.3
-196.318
-83237.6
-165768.
-247665.
-328809.
-409083.
-488373.
-566571.
-643570.
-719268.
-793566.
-866370.
-937588.
-1.00713e+06
-1.07492e+06
-1.14088e+06
-1.20492e+06
-1.26698e+06
-1.32699e+06
-1.38489e+06
-1.44061e+06
-1.4941e+06
-1.54531e+06
-1.59418e+06
-1.64066e+06
-1.68472e+06
-1.7263e+06
-1.76539e+06
-1.80192e+06
-1.83588e+06
-1.86724e+06
-1.89596e+06
-1.92203e+06
-1.94541e+06
-1.96609e+06
-1.98404e+06
-1.99927e+06
-2.01174e+06
-2.02145e+06
-2.02839e+06
-2.03256e+06
-2.03395e+06
2.11805e+06
2.11622e+06
2.11075e+06
2.10164e+06
2.08893e+06
2.07263e+06
2.05278e+06
2.02944e+06
2.00265e+06
1.97247e+06
1.93897e+06
1.90223e+06
1.86233e+06
1.81935e+06
1.77338e+06
1.72453e+06
1.67289e+06
1.61858e+06
1.56171e+06
1.50238e+06
1.44073e+06
1.37688e+06
1.31095e+06
1.24308e+06
1.17339e+06
1.10203e+06
1.02912e+06
954800.
879215.
802503.
724801.
646249.
566985.
487149.
406877.
326305.
245565.
164791.
84112.4
3655.57
-76454.3
-156095.
-235148.
-313497.
-391028.
-467633.
-543203.
-617637.
-690835.
-762699.
-833138.
-902062.
-969387.
-1.03503e+06
-1.09891e+06
-1.16096e+06
-1.22111e+06
-1.27928e+06
-1.33541e+06
-1.38945e+06
-1.44134e+06
-1.49102e+06
-1.53844e+06
-1.58356e+06
-1.62633e+06
-1.66671e+06
-1.70467e+06
-1.74015e+06
-1.77314e+06
-1.80361e+06
-1.83151e+06
-1.85684e+06
-1.87956e+06
-1.89966e+06
-1.91711e+06
-1.9319e+06
-1.94403e+06
-1.95347e+06
-1.96022e+06
-1.96427e+06
-1.96562e+06
2.04045e+06
2.0387e+06
2.03346e+06
2.02473e+06
2.01255e+06
1.99693e+06
1.97791e+06
1.95553e+06
1.92985e+06
1.90093e+06
1.86881e+06
1.83358e+06
1.79531e+06
1.75408e+06
1.70998e+06
1.66311e+06
1.61355e+06
1.56142e+06
1.50681e+06
1.44985e+06
1.39064e+06
1.3293e+06
1.26596e+06
1.20073e+06
1.13375e+06
1.06513e+06
995015.
923531.
850811.
776987.
702192.
626559.
550222.
473312.
395962.
318300.
240456.
162557.
84727.6
7090.29
-70234.3
-147128.
-223476.
-299165.
-374086.
-448132.
-521199.
-593187.
-663998.
-733540.
-801721.
-868453.
-933654.
-997243.
-1.05914e+06
-1.11928e+06
-1.17759e+06
-1.234e+06
-1.28844e+06
-1.34087e+06
-1.39122e+06
-1.43944e+06
-1.48547e+06
-1.52928e+06
-1.57081e+06
-1.61003e+06
-1.6469e+06
-1.68137e+06
-1.71343e+06
-1.74303e+06
-1.77015e+06
-1.79477e+06
-1.81685e+06
-1.83639e+06
-1.85336e+06
-1.86774e+06
-1.87953e+06
-1.88871e+06
-1.89527e+06
-1.89921e+06
-1.90052e+06
1.96704e+06
1.96536e+06
1.96033e+06
1.95197e+06
1.94028e+06
1.9253e+06
1.90706e+06
1.88559e+06
1.86096e+06
1.8332e+06
1.80238e+06
1.76857e+06
1.73183e+06
1.69225e+06
1.64991e+06
1.60489e+06
1.55729e+06
1.50721e+06
1.45475e+06
1.4e+06
1.34309e+06
1.28413e+06
1.22322e+06
1.16048e+06
1.09605e+06
1.03003e+06
962553.
893743.
823728.
752632.
680585.
607712.
534142.
460002.
385417.
310513.
235412.
160238.
85111.
10148.9
-64531.5
-138816.
-212594.
-285754.
-358192.
-429804.
-500487.
-570146.
-638685.
-706011.
-772038.
-836679.
-899853.
-961481.
-1.02149e+06
-1.0798e+06
-1.13635e+06
-1.19107e+06
-1.2439e+06
-1.29478e+06
-1.34365e+06
-1.39046e+06
-1.43517e+06
-1.47771e+06
-1.51806e+06
-1.55617e+06
-1.59199e+06
-1.6255e+06
-1.65665e+06
-1.68543e+06
-1.71179e+06
-1.73573e+06
-1.7572e+06
-1.7762e+06
-1.7927e+06
-1.80669e+06
-1.81815e+06
-1.82708e+06
-1.83346e+06
-1.83729e+06
-1.83857e+06
1.89765e+06
1.89604e+06
1.89121e+06
1.88318e+06
1.87196e+06
1.85758e+06
1.84006e+06
1.81945e+06
1.79579e+06
1.76914e+06
1.73953e+06
1.70705e+06
1.67176e+06
1.63373e+06
1.59304e+06
1.54977e+06
1.50401e+06
1.45586e+06
1.40541e+06
1.35276e+06
1.29801e+06
1.24127e+06
1.18266e+06
1.12228e+06
1.06024e+06
996673.
931685.
865399.
797936.
729417.
659964.
589699.
518745.
447223.
375254.
302958.
230455.
157862.
85295.
12868.9
-59304.1
-131113.
-202451.
-273211.
-343290.
-412587.
-481005.
-548447.
-614823.
-680041.
-744016.
-806664.
-867904.
-927660.
-985858.
-1.04243e+06
-1.09729e+06
-1.1504e+06
-1.20169e+06
-1.25109e+06
-1.29855e+06
-1.34402e+06
-1.38745e+06
-1.42879e+06
-1.468e+06
-1.50503e+06
-1.53985e+06
-1.57243e+06
-1.60272e+06
-1.63071e+06
-1.65635e+06
-1.67963e+06
-1.70052e+06
-1.71899e+06
-1.73505e+06
-1.74866e+06
-1.75981e+06
-1.7685e+06
-1.77471e+06
-1.77843e+06
-1.77968e+06
1.83211e+06
1.83056e+06
1.82593e+06
1.81821e+06
1.80743e+06
1.79361e+06
1.77677e+06
1.75697e+06
1.73423e+06
1.7086e+06
1.68014e+06
1.64891e+06
1.61497e+06
1.57839e+06
1.53925e+06
1.49763e+06
1.4536e+06
1.40726e+06
1.3587e+06
1.30802e+06
1.25531e+06
1.20067e+06
1.14422e+06
1.08605e+06
1.02628e+06
965014.
902371.
838464.
773408.
707319.
640314.
572511.
504027.
434978.
365480.
295651.
225604.
155453.
85309.2
15284.3
-54513.3
-123977.
-193001.
-261484.
-329325.
-396426.
-462691.
-528028.
-592347.
-655560.
-717583.
-778334.
-837734.
-895707.
-952181.
-1.00709e+06
-1.06035e+06
-1.11192e+06
-1.16173e+06
-1.20972e+06
-1.25583e+06
-1.30001e+06
-1.34222e+06
-1.38241e+06
-1.42053e+06
-1.45654e+06
-1.49041e+06
-1.52209e+06
-1.55156e+06
-1.57879e+06
-1.60374e+06
-1.62639e+06
-1.64671e+06
-1.6647e+06
-1.68032e+06
-1.69357e+06
-1.70442e+06
-1.71288e+06
-1.71892e+06
-1.72255e+06
-1.72376e+06
1.77028e+06
1.7688e+06
1.76434e+06
1.75691e+06
1.74654e+06
1.73325e+06
1.71705e+06
1.69799e+06
1.67611e+06
1.65145e+06
1.62407e+06
1.59401e+06
1.56134e+06
1.52612e+06
1.48844e+06
1.44836e+06
1.40596e+06
1.36132e+06
1.31454e+06
1.26571e+06
1.21491e+06
1.16225e+06
1.10783e+06
1.05174e+06
994099.
935006.
874571.
812904.
750116.
686317.
621620.
556138.
489983.
423268.
356104.
288603.
220876.
153033.
85180.4
17426.5
-50123.9
-117367.
-184201.
-250527.
-316247.
-381265.
-445490.
-508829.
-571197.
-632506.
-692674.
-751622.
-809272.
-865550.
-920384.
-973706.
-1.02545e+06
-1.07555e+06
-1.12395e+06
-1.17059e+06
-1.21542e+06
-1.25838e+06
-1.29942e+06
-1.33851e+06
-1.37559e+06
-1.41063e+06
-1.44358e+06
-1.47441e+06
-1.50309e+06
-1.52959e+06
-1.55388e+06
-1.57593e+06
-1.59572e+06
-1.61323e+06
-1.62844e+06
-1.64134e+06
-1.65191e+06
-1.66014e+06
-1.66603e+06
-1.66956e+06
-1.67074e+06
Process [2]
1.71202e+06
1.71059e+06
1.70629e+06
1.69914e+06
1.68916e+06
1.67635e+06
1.66076e+06
1.6424e+06
1.62133e+06
1.59758e+06
1.57119e+06
1.54223e+06
1.51075e+06
1.47682e+06
1.4405e+06
1.40186e+06
1.36099e+06
1.31795e+06
1.27284e+06
1.22574e+06
1.17675e+06
1.12594e+06
1.07342e+06
1.0193e+06
963656.
906604.
848247.
788687.
728032.
666389.
603865.
540570.
476609.
412094.
347130.
281826.
216288.
150622.
84932.7
19323.6
-46103.4
-111248.
-176011.
-240297.
-304010.
-367057.
-429349.
-490796.
-551314.
-610818.
-669228.
-726465.
-782455.
-837123.
-890399.
-942217.
-992510.
-1.04122e+06
-1.08828e+06
-1.13364e+06
-1.17724e+06
-1.21903e+06
-1.25897e+06
-1.29701e+06
-1.3331e+06
-1.3672e+06
-1.39929e+06
-1.42931e+06
-1.45723e+06
-1.48304e+06
-1.50669e+06
-1.52817e+06
-1.54745e+06
-1.56451e+06
-1.57933e+06
-1.59189e+06
-1.60219e+06
-1.61022e+06
-1.61595e+06
-1.6194e+06
-1.62054e+06
1.65719e+06
1.65581e+06
1.65167e+06
1.64478e+06
1.63515e+06
1.62281e+06
1.60777e+06
1.59007e+06
1.56975e+06
1.54685e+06
1.5214e+06
1.49347e+06
1.46311e+06
1.43038e+06
1.39533e+06
1.35805e+06
1.31861e+06
1.27707e+06
1.23353e+06
1.18806e+06
1.14074e+06
1.09168e+06
1.04095e+06
988663.
934901.
879767.
823360.
765781.
707132.
647515.
587035.
525795.
463901.
401455.
338563.
275327.
211851.
148238.
84588.1
21001.7
-42422.1
-105586.
-168395.
-230753.
-292570.
-353755.
-414219.
-473877.
-532645.
-590441.
-647186.
-702804.
-757220.
-810362.
-862162.
-912553.
-961471.
-1.00885e+06
-1.05465e+06
-1.09879e+06
-1.14123e+06
-1.18191e+06
-1.2208e+06
-1.25784e+06
-1.29299e+06
-1.32621e+06
-1.35746e+06
-1.38671e+06
-1.41392e+06
-1.43906e+06
-1.46212e+06
-1.48305e+06
-1.50184e+06
-1.51847e+06
-1.53291e+06
-1.54516e+06
-1.55521e+06
-1.56303e+06
-1.56862e+06
-1.57198e+06
-1.5731e+06
1.60567e+06
1.60433e+06
1.60034e+06
1.59369e+06
1.5844e+06
1.57248e+06
1.55797e+06
1.54089e+06
1.52127e+06
1.49916e+06
1.47459e+06
1.44763e+06
1.41831e+06
1.38669e+06
1.35285e+06
1.31684e+06
1.27873e+06
1.2386e+06
1.19652e+06
1.15257e+06
1.10684e+06
1.0594e+06
1.01036e+06
959789.
907790.
854454.
799877.
744156.
687389.
629675.
571113.
511805.
451851.
391351.
330405.
269115.
207579.
145897.
84166.3
22484.4
-39053.
-100351.
-161317.
-221860.
-281889.
-341316.
-400056.
-458025.
-515141.
-571323.
-626495.
-680582.
-733510.
-785210.
-835613.
-884654.
-932270.
-978400.
-1.02299e+06
-1.06598e+06
-1.10731e+06
-1.14695e+06
-1.18484e+06
-1.22093e+06
-1.25518e+06
-1.28756e+06
-1.31803e+06
-1.34654e+06
-1.37307e+06
-1.3976e+06
-1.42008e+06
-1.44049e+06
-1.45882e+06
-1.47504e+06
-1.48913e+06
-1.50108e+06
-1.51088e+06
-1.51851e+06
-1.52396e+06
-1.52724e+06
-1.52833e+06
1.55734e+06
1.55605e+06
1.55219e+06
1.54576e+06
1.53678e+06
1.52527e+06
1.51125e+06
1.49474e+06
1.47578e+06
1.45441e+06
1.43067e+06
1.40459e+06
1.37625e+06
1.34568e+06
1.31296e+06
1.27813e+06
1.24127e+06
1.20246e+06
1.16175e+06
1.11922e+06
1.07497e+06
1.02906e+06
981586.
932629.
882279.
830627.
777763.
723783.
668779.
612848.
556085.
498588.
440454.
381779.
322661.
263196.
203481.
143613.
83685.3
23793.
-35971.
-95514.9
-154748.
-213581.
-271928.
-329701.
-386818.
-443195.
-498754.
-553416.
-607105.
-659748.
-711272.
-761610.
-810695.
-858461.
-904847.
-949794.
-993244.
-1.03514e+06
-1.07544e+06
-1.11408e+06
-1.15102e+06
-1.18622e+06
-1.21963e+06
-1.25121e+06
-1.28093e+06
-1.30875e+06
-1.33464e+06
-1.35857e+06
-1.38051e+06
-1.40043e+06
-1.41832e+06
-1.43415e+06
-1.44791e+06
-1.45958e+06
-1.46914e+06
-1.47659e+06
-1.48191e+06
-1.48511e+06
-1.48618e+06
1.51209e+06
1.51085e+06
1.50711e+06
1.50089e+06
1.49221e+06
1.48107e+06
1.4675e+06
1.45153e+06
1.43318e+06
1.4125e+06
1.38952e+06
1.36429e+06
1.33685e+06
1.30726e+06
1.27558e+06
1.24186e+06
1.20617e+06
1.16857e+06
1.12915e+06
1.08795e+06
1.04508e+06
1.0006e+06
954588.
907137.
858328.
808249.
756987.
704634.
651280.
597016.
541937.
486134.
429703.
372737.
315330.
257575.
199567.
141399.
83161.5
24947.3
-33153.4
-91051.3
-148658.
-205888.
-262654.
-318873.
-374465.
-429347.
-483442.
-536674.
-588968.
-640252.
-690456.
-739513.
-787355.
-833921.
-879149.
-922980.
-965358.
-1.00623e+06
-1.04554e+06
-1.08325e+06
-1.1193e+06
-1.15365e+06
-1.18626e+06
-1.2171e+06
-1.24611e+06
-1.27328e+06
-1.29856e+06
-1.32192e+06
-1.34335e+06
-1.36281e+06
-1.38029e+06
-1.39575e+06
-1.40919e+06
-1.42059e+06
-1.42993e+06
-1.43721e+06
-1.44241e+06
-1.44554e+06
-1.44658e+06
1.46983e+06
1.46862e+06
1.46501e+06
1.45898e+06
1.45057e+06
1.43978e+06
1.42663e+06
1.41116e+06
1.39338e+06
1.37334e+06
1.35108e+06
1.32662e+06
1.30003e+06
1.27135e+06
1.24064e+06
1.20795e+06
1.17335e+06
1.13689e+06
1.09865e+06
1.0587e+06
1.01711e+06
973958.
929317.
883269.
835898.
787286.
737519.
686684.
634868.
582161.
528653.
474433.
419592.
364222.
308414.
252258.
195845.
139266.
82609.3
25964.9
-30579.5
-86936.9
-143021.
-198749.
-254035.
-308799.
-362961.
-416442.
-469165.
-521056.
-572041.
-622051.
-671015.
-718868.
-765545.
-810983.
-855123.
-897906.
-939276.
-979181.
-1.01757e+06
-1.05439e+06
-1.08961e+06
-1.12317e+06
-1.15503e+06
-1.18515e+06
-1.21351e+06
-1.24005e+06
-1.26476e+06
-1.2876e+06
-1.30855e+06
-1.32757e+06
-1.34466e+06
-1.35978e+06
-1.37292e+06
-1.38406e+06
-1.3932e+06
-1.40031e+06
-1.4054e+06
-1.40846e+06
-1.40948e+06
1.43046e+06
1.42929e+06
1.42578e+06
1.41994e+06
1.41178e+06
1.40131e+06
1.38856e+06
1.37354e+06
1.3563e+06
1.33685e+06
1.31525e+06
1.29152e+06
1.26571e+06
1.23788e+06
1.20807e+06
1.17633e+06
1.14274e+06
1.10734e+06
1.07021e+06
1.03142e+06
991019.
949099.
905730.
860988.
814953.
767706.
719329.
669907.
619524.
568266.
516220.
463474.
410115.
356232.
301914.
247247.
192322.
137224.
82042.1
26862.1
-28230.2
-83149.9
-137813.
-192138.
-246042.
-299447.
-352273.
-404444.
-455885.
-506522.
-556284.
-605101.
-652906.
-699633.
-745219.
-789601.
-832722.
-874523.
-914950.
-953950.
-991473.
-1.02747e+06
-1.0619e+06
-1.09471e+06
-1.12587e+06
-1.15533e+06
-1.18306e+06
-1.20903e+06
-1.2332e+06
-1.25555e+06
-1.27604e+06
-1.29466e+06
-1.31138e+06
-1.32617e+06
-1.33903e+06
-1.34994e+06
-1.35888e+06
-1.36585e+06
-1.37083e+06
-1.37382e+06
-1.37482e+06
1.3939e+06
1.39276e+06
1.38935e+06
1.38368e+06
1.37575e+06
1.36558e+06
1.35319e+06
1.3386e+06
1.32185e+06
1.30295e+06
1.28196e+06
1.2589e+06
1.23382e+06
1.20677e+06
1.17779e+06
1.14695e+06
1.11429e+06
1.07987e+06
1.04377e+06
1.00604e+06
966752.
925976.
883786.
840254.
795459.
749479.
702392.
654280.
605226.
555314.
504626.
453248.
401265.
348764.
295829.
242547.
189003.
135283.
81472.
27653.7
-26088.1
-79670.4
-133012.
-186031.
-238649.
-290788.
-342370.
-393321.
-443567.
-493036.
-541658.
-589364.
-636088.
-681765.
-726333.
-769731.
-811900.
-852785.
-892332.
-930487.
-967202.
-1.00243e+06
-1.03612e+06
-1.06824e+06
-1.09874e+06
-1.12758e+06
-1.15474e+06
-1.18016e+06
-1.20383e+06
-1.22572e+06
-1.24579e+06
-1.26402e+06
-1.2804e+06
-1.29489e+06
-1.30749e+06
-1.31817e+06
-1.32693e+06
-1.33375e+06
-1.33863e+06
-1.34157e+06
-1.34254e+06
1.36005e+06
1.35895e+06
1.35563e+06
1.35011e+06
1.3424e+06
1.3325e+06
1.32045e+06
1.30626e+06
1.28996e+06
1.27157e+06
1.25114e+06
1.2287e+06
1.20429e+06
1.17796e+06
1.14976e+06
1.11973e+06
1.08794e+06
1.05443e+06
1.01927e+06
982530.
944266.
904548.
863447.
821034.
777385.
732575.
686681.
639782.
591958.
543289.
493857.
443745.
393036.
341813.
290160.
238159.
185895.
133451.
80909.6
28352.9
-24137.4
-76480.3
-128596.
-180405.
-231831.
-282795.
-333224.
-383043.
-432181.
-480566.
-528129.
-574803.
-620523.
-665226.
-708848.
-751331.
-792618.
-832651.
-871379.
-908749.
-944713.
-979222.
-1.01223e+06
-1.0437e+06
-1.07359e+06
-1.10186e+06
-1.12847e+06
-1.1534e+06
-1.1766e+06
-1.19805e+06
-1.21773e+06
-1.23561e+06
-1.25166e+06
-1.26588e+06
-1.27823e+06
-1.28871e+06
-1.2973e+06
-1.30399e+06
-1.30878e+06
-1.31165e+06
-1.31261e+06
1.32886e+06
1.32778e+06
1.32455e+06
1.31917e+06
1.31166e+06
1.30202e+06
1.29027e+06
1.27645e+06
1.26056e+06
1.24264e+06
1.22273e+06
1.20086e+06
1.17707e+06
1.1514e+06
1.12391e+06
1.09463e+06
1.06363e+06
1.03096e+06
996678.
960843.
923520.
884776.
844677.
803295.
760702.
716969.
672174.
626391.
579699.
532177.
483903.
434958.
385423.
335378.
284906.
234087.
183003.
131735.
80364.9
28971.9
-22363.7
-73562.8
-124547.
-175240.
-225564.
-275445.
-324808.
-373583.
-421696.
-469079.
-515665.
-561386.
-606178.
-649979.
-692728.
-734366.
-774835.
-814082.
-852052.
-888696.
-923964.
-957811.
-990190.
-1.02106e+06
-1.05038e+06
-1.07812e+06
-1.10423e+06
-1.12869e+06
-1.15146e+06
-1.17252e+06
-1.19183e+06
-1.20938e+06
-1.22514e+06
-1.23909e+06
-1.25122e+06
-1.2615e+06
-1.26994e+06
-1.27651e+06
-1.28121e+06
-1.28403e+06
-1.28497e+06
1.30025e+06
1.2992e+06
1.29605e+06
1.2908e+06
1.28346e+06
1.27406e+06
1.26259e+06
1.2491e+06
1.23359e+06
1.2161e+06
1.19667e+06
1.17532e+06
1.15209e+06
1.12704e+06
1.10019e+06
1.0716e+06
1.04133e+06
1.00942e+06
975940.
940937.
904477.
866624.
827445.
787008.
745381.
702637.
658848.
614089.
568436.
521964.
474752.
426877.
378418.
329455.
280066.
230331.
180330.
130142.
79846.6
29521.9
-20753.8
-70902.9
-120849.
-170516.
-219829.
-268714.
-317099.
-364913.
-412086.
-458549.
-504236.
-549081.
-593020.
-635993.
-677939.
-718799.
-758517.
-797040.
-834314.
-870290.
-904919.
-938155.
-969954.
-1.00027e+06
-1.02908e+06
-1.05632e+06
-1.08197e+06
-1.106e+06
-1.12838e+06
-1.14907e+06
-1.16805e+06
-1.18529e+06
-1.20078e+06
-1.21449e+06
-1.22641e+06
-1.23652e+06
-1.24481e+06
-1.25127e+06
-1.25588e+06
-1.25866e+06
-1.25958e+06
1.27416e+06
1.27313e+06
1.27005e+06
1.26492e+06
1.25775e+06
1.24855e+06
1.23735e+06
1.22415e+06
1.209e+06
1.1919e+06
1.1729e+06
1.15202e+06
1.12931e+06
1.10481e+06
1.07855e+06
1.0506e+06
1.02099e+06
989776.
957020.
922775.
887101.
850062.
811721.
772143.
731398.
689555.
646684.
602858.
558152.
512638.
466394.
419495.
372018.
324040.
275639.
226894.
177880.
128678.
79362.6
30012.6
-19295.9
-68486.9
-117485.
-166216.
-214606.
-262583.
-310075.
-357012.
-403326.
-448949.
-493815.
-537860.
-581021.
-623237.
-664449.
-704599.
-743632.
-781493.
-818131.
-853497.
-887542.
-920220.
-951489.
-981305.
-1.00963e+06
-1.03643e+06
-1.06166e+06
-1.0853e+06
-1.10731e+06
-1.12766e+06
-1.14634e+06
-1.1633e+06
-1.17854e+06
-1.19204e+06
-1.20376e+06
-1.21371e+06
-1.22187e+06
-1.22823e+06
-1.23277e+06
-1.2355e+06
-1.23641e+06
1.25053e+06
1.24952e+06
1.24651e+06
1.24148e+06
1.23446e+06
1.22546e+06
1.21449e+06
1.20157e+06
1.18672e+06
1.16998e+06
1.15137e+06
1.13092e+06
1.10868e+06
1.08467e+06
1.05896e+06
1.03157e+06
1.00256e+06
971979.
939882.
906323.
871362.
835059.
797475.
758677.
718730.
677702.
635663.
592683.
548833.
504188.
458820.
412804.
366216.
319132.
271626.
223776.
175658.
127347.
78920.3
30453.1
-17979.3
-66302.2
-114442.
-162325.
-209878.
-257032.
-303715.
-349858.
-395393.
-440255.
-484378.
-527698.
-570153.
-611684.
-652231.
-691738.
-730149.
-767411.
-803473.
-838285.
-871801.
-903974.
-934762.
-964122.
-992016.
-1.01841e+06
-1.04326e+06
-1.06654e+06
-1.08822e+06
-1.10827e+06
-1.12667e+06
-1.14339e+06
-1.1584e+06
-1.17169e+06
-1.18325e+06
-1.19305e+06
-1.20109e+06
-1.20735e+06
-1.21183e+06
-1.21452e+06
-1.21542e+06
1.22931e+06
1.22833e+06
1.22537e+06
1.22044e+06
1.21355e+06
1.20472e+06
1.19396e+06
1.18128e+06
1.16672e+06
1.15029e+06
1.13203e+06
1.11197e+06
1.09015e+06
1.0666e+06
1.04136e+06
1.01448e+06
986013.
955999.
924494.
891552.
857230.
821587.
784685.
746587.
707357.
667061.
625768.
583547.
540468.
496601.
452021.
406799.
361010.
314727.
268025.
220979.
173664.
126155.
78526.
30851.6
-16794.
-64337.6
-111706.
-158828.
-205631.
-252045.
-298001.
-343431.
-388268.
-432447.
-475902.
-518571.
-560393.
-601309.
-641259.
-680188.
-718041.
-754766.
-790311.
-824627.
-857667.
-889387.
-919743.
-948694.
-976202.
-1.00223e+06
-1.02674e+06
-1.0497e+06
-1.07109e+06
-1.09087e+06
-1.10901e+06
-1.1255e+06
-1.14032e+06
-1.15343e+06
-1.16483e+06
-1.17451e+06
-1.18244e+06
-1.18862e+06
-1.19303e+06
-1.19569e+06
-1.19657e+06
1.21046e+06
1.20949e+06
1.20658e+06
1.20174e+06
1.19497e+06
1.18629e+06
1.17572e+06
1.16326e+06
1.14895e+06
1.1328e+06
1.11486e+06
1.09514e+06
1.07369e+06
1.05054e+06
1.02573e+06
999307.
971316.
941805.
910826.
878432.
844679.
809624.
773328.
735852.
697259.
657615.
616986.
575439.
533044.
489870.
445990.
401473.
356393.
310823.
264836.
218505.
171904.
125106.
78185.6
31215.4
-15731.5
-62582.9
-109267.
-155712.
-201849.
-247607.
-292918.
-337716.
-381933.
-425504.
-468367.
-510459.
-551720.
-592089.
-631510.
-669927.
-707286.
-743533.
-778620.
-812496.
-845115.
-876433.
-906407.
-934995.
-962160.
-987864.
-1.01207e+06
-1.03475e+06
-1.05588e+06
-1.07542e+06
-1.09334e+06
-1.10963e+06
-1.12427e+06
-1.13722e+06
-1.14849e+06
-1.15804e+06
-1.16588e+06
-1.17199e+06
-1.17635e+06
-1.17897e+06
-1.17985e+06
1.19393e+06
1.19298e+06
1.19011e+06
1.18535e+06
1.17868e+06
1.17014e+06
1.15972e+06
1.14746e+06
1.13337e+06
1.11747e+06
1.0998e+06
1.08039e+06
1.05926e+06
1.03646e+06
1.01203e+06
986007.
958437.
929369.
898853.
866940.
833686.
799148.
763384.
726454.
688420.
649348.
609301.
568346.
526552.
483986.
440719.
396822.
352364.
307419.
262058.
216353.
170378.
124204.
77904.4
31551.1
-14783.8
-61029.
-107113.
-152967.
-198520.
-243704.
-288451.
-332695.
-376370.
-419411.
-461756.
-503344.
-544113.
-584006.
-622964.
-660934.
-697860.
-733692.
-768378.
-801870.
-834122.
-865089.
-894729.
-923002.
-949867.
-975290.
-999235.
-1.02167e+06
-1.04257e+06
-1.06189e+06
-1.07963e+06
-1.09574e+06
-1.11022e+06
-1.12304e+06
-1.13419e+06
-1.14364e+06
-1.1514e+06
-1.15744e+06
-1.16176e+06
-1.16435e+06
-1.16522e+06
1.17969e+06
1.17875e+06
1.17593e+06
1.17122e+06
1.16465e+06
1.15622e+06
1.14595e+06
1.13385e+06
1.11995e+06
1.10427e+06
1.08684e+06
1.06768e+06
1.04684e+06
1.02435e+06
1.00024e+06
974560.
947354.
918668.
888551.
857055.
824232.
790140.
754835.
718376.
680826.
642247.
602703.
562260.
520983.
478942.
436204.
392840.
348919.
304512.
259691.
214526.
169089.
123452.
77687.
31864.6
-13944.
-59667.9
-105237.
-150582.
-195634.
-240324.
-284587.
-328356.
-371565.
-414152.
-456053.
-497208.
-537556.
-577040.
-615603.
-653190.
-689746.
-725221.
-759565.
-792729.
-824667.
-855335.
-884690.
-912692.
-939302.
-964484.
-988205.
-1.01043e+06
-1.03113e+06
-1.05028e+06
-1.06785e+06
-1.08382e+06
-1.09816e+06
-1.11087e+06
-1.12191e+06
-1.13128e+06
-1.13896e+06
-1.14495e+06
-1.14923e+06
-1.1518e+06
-1.15266e+06
1.16771e+06
1.16678e+06
1.16399e+06
1.15934e+06
1.15284e+06
1.14451e+06
1.13436e+06
1.1224e+06
1.10866e+06
1.09316e+06
1.07593e+06
1.057e+06
1.0364e+06
1.01416e+06
990327.
964940.
938043.
909680.
879901.
848757.
816299.
782583.
747666.
711607.
674465.
636302.
597182.
557170.
516330.
474731.
432440.
389525.
346056.
302102.
257734.
213023.
168040.
122854.
77537.8
32161.
-13205.7
-58492.3
-103629.
-148548.
-193180.
-237458.
-281315.
-324686.
-367507.
-409713.
-451244.
-492038.
-532035.
-571178.
-609411.
-646679.
-682928.
-718106.
-752165.
-785056.
-816733.
-847152.
-876271.
-904048.
-930447.
-955430.
-978964.
-1.00102e+06
-1.02156e+06
-1.04056e+06
-1.05799e+06
-1.07384e+06
-1.08807e+06
-1.10068e+06
-1.11164e+06
-1.12093e+06
-1.12856e+06
-1.1345e+06
-1.13875e+06
-1.1413e+06
-1.14215e+06
1.15796e+06
1.15703e+06
1.15427e+06
1.14967e+06
1.14323e+06
1.13498e+06
1.12493e+06
1.11309e+06
1.09948e+06
1.08413e+06
1.06707e+06
1.04832e+06
1.02791e+06
1.00588e+06
982278.
957131.
930486.
902389.
872887.
842031.
809872.
776465.
741866.
706133.
669325.
631503.
592730.
553070.
512587.
471349.
429421.
386873.
343772.
300187.
256189.
211847.
167232.
122413.
77460.5
32445.2
-12563.6
-57496.2
-102284.
-146858.
-191151.
-235095.
-278626.
-321676.
-364184.
-406085.
-447317.
-487821.
-527537.
-566407.
-604376.
-641388.
-677390.
-712332.
-746164.
-778837.
-810306.
-840527.
-869457.
-897056.
-923287.
-948112.
-971497.
-993411.
-1.01382e+06
-1.03271e+06
-1.05003e+06
-1.06578e+06
-1.07993e+06
-1.09246e+06
-1.10335e+06
-1.11259e+06
-1.12017e+06
-1.12608e+06
-1.1303e+06
-1.13284e+06
-1.13368e+06
1.15041e+06
1.1495e+06
1.14675e+06
1.14219e+06
1.1358e+06
1.12762e+06
1.11764e+06
1.10589e+06
1.09239e+06
1.07716e+06
1.06022e+06
1.04161e+06
1.02136e+06
999502.
976073.
951114.
924668.
896779.
867495.
836865.
804940.
771775.
737425.
701946.
665399.
627843.
589340.
549954.
509749.
468791.
427147.
384882.
342067.
298768.
255055.
210999.
166667.
122131.
77458.6
32721.
-12012.8
-56674.
-101194.
-145504.
-189538.
-233229.
-276510.
-319318.
-361587.
-403256.
-444263.
-484548.
-524051.
-562716.
-600485.
-637305.
-673123.
-707888.
-741549.
-774060.
-805374.
-835447.
-864237.
-891704.
-917809.
-942517.
-965793.
-987604.
-1.00792e+06
-1.02672e+06
-1.04397e+06
-1.05964e+06
-1.07373e+06
-1.0862e+06
-1.09704e+06
-1.10625e+06
-1.11379e+06
-1.11967e+06
-1.12387e+06
-1.1264e+06
-1.12724e+06
1.14506e+06
1.14415e+06
1.14142e+06
1.13688e+06
1.13053e+06
1.12239e+06
1.11247e+06
1.10079e+06
1.08737e+06
1.07222e+06
1.05538e+06
1.03688e+06
1.01674e+06
995000.
971701.
946880.
920578.
892841.
863715.
833249.
Process [3]
801494.
768504.
734334.
699039.
662680.
625316.
587008.
547819.
507813.
467056.
425613.
383552.
340939.
297844.
254334.
210479.
166348.
122010.
77535.1
32992.3
-11549.4
-56021.3
-100355.
-144483.
-188337.
-231853.
-274963.
-317603.
-359710.
-401221.
-442074.
-482210.
-521570.
-560096.
-597732.
-634423.
-670118.
-704764.
-738313.
-770716.
-801927.
-831903.
-860601.
-887981.
-914005.
-938637.
-961841.
-983587.
-1.00384e+06
-1.02258e+06
-1.03978e+06
-1.05541e+06
-1.06946e+06
-1.08189e+06
-1.0927e+06
-1.10188e+06
-1.1094e+06
-1.11526e+06
-1.11946e+06
-1.12198e+06
-1.12281e+06
1.14188e+06
1.14097e+06
1.13826e+06
1.13373e+06
1.12741e+06
1.1193e+06
1.10942e+06
1.09778e+06
1.0844e+06
1.06931e+06
1.05253e+06
1.03409e+06
1.01403e+06
992369.
969152.
944417.
918207.
890565.
861539.
831176.
799528.
766647.
732588.
697408.
661165.
623919.
585730.
546662.
506777.
466142.
424821.
382881.
340390.
297415.
254025.
210289.
166276.
122054.
77692.8
33261.9
-11169.9
-55534.3
-99763.
-143788.
-187543.
-230962.
-273978.
-316527.
-358547.
-399973.
-440745.
-480803.
-520088.
-558542.
-596109.
-632736.
-668368.
-702955.
-736448.
-768798.
-799960.
-829889.
-858544.
-885883.
-911869.
-936465.
-959636.
-981352.
-1.00158e+06
-1.0203e+06
-1.03747e+06
-1.05308e+06
-1.06711e+06
-1.07953e+06
-1.09033e+06
-1.09949e+06
-1.107e+06
-1.11286e+06
-1.11705e+06
-1.11956e+06
-1.1204e+06
1.14088e+06
1.13997e+06
1.13726e+06
1.13274e+06
1.12643e+06
1.11834e+06
1.10847e+06
1.09685e+06
1.08349e+06
1.06843e+06
1.05167e+06
1.03326e+06
1.01323e+06
991602.
968420.
943722.
917551.
889949.
860963.
830642.
799037.
766200.
732185.
697050.
660851.
623650.
585505.
546481.
506641.
466048.
424769.
382871.
340420.
297484.
254132.
210431.
166452.
122264.
77933.9
33532.6
-10871.5
-55209.9
-99414.6
-143418.
-187153.
-230553.
-273552.
-316087.
-358093.
-399509.
-440271.
-480321.
-519600.
-558049.
-595613.
-632238.
-667870.
-702457.
-735952.
-768304.
-799469.
-829402.
-858061.
-885405.
-911396.
-935998.
-959176.
-980897.
-1.00113e+06
-1.01985e+06
-1.03703e+06
-1.05265e+06
-1.06668e+06
-1.0791e+06
-1.08991e+06
-1.09907e+06
-1.10659e+06
-1.11245e+06
-1.11664e+06
-1.11915e+06
-1.11999e+06
1.14204e+06
1.14113e+06
1.13842e+06
1.1339e+06
1.12759e+06
1.11949e+06
1.10962e+06
1.09799e+06
1.08463e+06
1.06956e+06
1.0528e+06
1.03438e+06
1.01433e+06
992697.
969503.
944793.
918606.
890989.
861986.
831646.
800021.
767162.
733124.
697964.
661739.
624509.
586335.
547278.
507404.
466776.
425460.
383522.
341030.
298051.
254654.
210908.
166880.
122642.
78260.7
33806.5
-10651.9
-55046.1
-99307.6
-143369.
-187163.
-230623.
-273683.
-316280.
-358348.
-399826.
-440651.
-480764.
-520105.
-558617.
-596243.
-632929.
-668621.
-703269.
-736822.
-769232.
-800453.
-830441.
-859153.
-886548.
-912588.
-937236.
-960458.
-982222.
-1.0025e+06
-1.02125e+06
-1.03847e+06
-1.05411e+06
-1.06817e+06
-1.08062e+06
-1.09145e+06
-1.10063e+06
-1.10817e+06
-1.11403e+06
-1.11823e+06
-1.12075e+06
-1.12159e+06
1.14537e+06
1.14446e+06
1.14174e+06
1.13721e+06
1.13088e+06
1.12276e+06
1.11287e+06
1.10121e+06
1.08782e+06
1.07271e+06
1.05591e+06
1.03744e+06
1.01735e+06
995656.
972404.
947630.
921376.
893688.
864609.
834191.
802482.
769536.
735408.
700153.
663830.
626499.
588220.
549055.
509070.
468328.
426894.
384837.
342222.
299119.
255595.
211719.
167561.
123190.
78674.9
34085.3
-10509.6
-55041.1
-99440.7
-143640.
-187573.
-231172.
-274371.
-317105.
-359310.
-400924.
-441884.
-482131.
-521603.
-560245.
-597999.
-634810.
-670624.
-705392.
-739061.
-771584.
-802914.
-833007.
-861820.
-889313.
-915446.
-940182.
-963488.
-985330.
-1.00568e+06
-1.0245e+06
-1.04178e+06
-1.05748e+06
-1.07159e+06
-1.08409e+06
-1.09495e+06
-1.10417e+06
-1.11173e+06
-1.11762e+06
-1.12184e+06
-1.12437e+06
-1.12521e+06
1.15087e+06
1.14996e+06
1.14723e+06
1.14268e+06
1.13632e+06
1.12817e+06
1.11823e+06
1.10652e+06
1.09306e+06
1.07789e+06
1.06101e+06
1.04246e+06
1.02227e+06
1.00048e+06
977125.
952239.
925865.
898050.
868838.
838280.
806425.
773327.
739040.
703621.
667129.
629623.
591164.
551816.
511642.
470707.
429077.
386819.
344000.
300690.
256957.
212869.
168497.
123910.
79178.1
34370.4
-10443.5
-55194.3
-99813.3
-144232.
-188383.
-232199.
-275614.
-318563.
-360981.
-402805.
-443973.
-484423.
-524097.
-562936.
-600883.
-637883.
-673882.
-708829.
-742672.
-775364.
-806857.
-837106.
-866070.
-893706.
-919975.
-944842.
-968270.
-990226.
-1.01068e+06
-1.02961e+06
-1.04697e+06
-1.06276e+06
-1.07694e+06
-1.08951e+06
-1.10043e+06
-1.1097e+06
-1.1173e+06
-1.12322e+06
-1.12745e+06
-1.13e+06
-1.13085e+06
1.15856e+06
1.15764e+06
1.15489e+06
1.15031e+06
1.14391e+06
1.1357e+06
1.1257e+06
1.11392e+06
1.10037e+06
1.0851e+06
1.06811e+06
1.04944e+06
1.02912e+06
1.00719e+06
983677.
958628.
932082.
904083.
874680.
843921.
811856.
778540.
744028.
708375.
671642.
633888.
595174.
555565.
515124.
473917.
432010.
389471.
346367.
302768.
258742.
214360.
169690.
124804.
79771.6
34662.5
-10453.1
-55505.6
-100426.
-145145.
-189594.
-233707.
-277417.
-320657.
-363363.
-405472.
-446920.
-487646.
-527591.
-566695.
-604902.
-642155.
-678401.
-713587.
-747662.
-780579.
-812288.
-842746.
-871909.
-899735.
-926186.
-951223.
-974813.
-996921.
-1.01752e+06
-1.03657e+06
-1.05406e+06
-1.06996e+06
-1.08424e+06
-1.09689e+06
-1.10789e+06
-1.11722e+06
-1.12487e+06
-1.13083e+06
-1.1351e+06
-1.13766e+06
-1.13851e+06
1.16844e+06
1.16752e+06
1.16474e+06
1.16013e+06
1.15367e+06
1.14539e+06
1.1353e+06
1.12342e+06
1.10976e+06
1.09435e+06
1.07722e+06
1.05839e+06
1.0379e+06
1.01578e+06
992072.
966809.
940036.
911800.
882146.
851124.
818787.
785187.
750380.
714423.
677377.
639301.
600257.
560310.
519524.
477966.
435701.
392799.
349328.
305356.
260955.
216193.
171143.
125874.
80456.5
34962.4
-10538.4
-55975.5
-101279.
-146380.
-191209.
-235699.
-279781.
-323391.
-366462.
-408930.
-450732.
-491806.
-532091.
-571529.
-610062.
-647633.
-684188.
-719675.
-754041.
-787238.
-819218.
-849936.
-879348.
-907411.
-934088.
-959339.
-983130.
-1.00543e+06
-1.0262e+06
-1.04542e+06
-1.06305e+06
-1.07909e+06
-1.09349e+06
-1.10625e+06
-1.11734e+06
-1.12675e+06
-1.13447e+06
-1.14048e+06
-1.14478e+06
-1.14737e+06
-1.14823e+06
1.18054e+06
1.17961e+06
1.17681e+06
1.17214e+06
1.16562e+06
1.15725e+06
1.14706e+06
1.13505e+06
1.12125e+06
1.10568e+06
1.08837e+06
1.06934e+06
1.04864e+06
1.02628e+06
1.00232e+06
976797.
949745.
921213.
891249.
859904.
827229.
793278.
758108.
721777.
684344.
645872.
606422.
566060.
524850.
482859.
440156.
396809.
352886.
308459.
263598.
218373.
172857.
127120.
81233.5
35269.9
-10700.1
-56605.5
-102376.
-147941.
-193231.
-238177.
-282713.
-326770.
-370282.
-413185.
-455415.
-496909.
-537607.
-577448.
-616374.
-654328.
-691256.
-727104.
-761820.
-795355.
-827660.
-858690.
-888401.
-916749.
-943696.
-969204.
-993235.
-1.01576e+06
-1.03674e+06
-1.05615e+06
-1.07397e+06
-1.09016e+06
-1.10471e+06
-1.1176e+06
-1.1288e+06
-1.13831e+06
-1.1461e+06
-1.15218e+06
-1.15652e+06
-1.15913e+06
-1.16e+06
1.19488e+06
1.19393e+06
1.1911e+06
1.18637e+06
1.17977e+06
1.1713e+06
1.16098e+06
1.14882e+06
1.13485e+06
1.11909e+06
1.10156e+06
1.0823e+06
1.06134e+06
1.03871e+06
1.01445e+06
988611.
961225.
932341.
902008.
870276.
837198.
802829.
767227.
730449.
692557.
653613.
613680.
572823.
531110.
488606.
445382.
401506.
357049.
312082.
266676.
220903.
174835.
128544.
82103.3
35584.8
-10939.5
-57397.6
-103718.
-149830.
-195664.
-241149.
-286217.
-330801.
-374832.
-418247.
-460979.
-502967.
-544148.
-584461.
-623849.
-662252.
-699617.
-735888.
-771014.
-804944.
-837630.
-869024.
-899084.
-927765.
-955028.
-980835.
-1.00515e+06
-1.02793e+06
-1.04916e+06
-1.0688e+06
-1.08682e+06
-1.10321e+06
-1.11793e+06
-1.13096e+06
-1.1423e+06
-1.15192e+06
-1.1598e+06
-1.16595e+06
-1.17034e+06
-1.17298e+06
-1.17386e+06
1.21149e+06
1.21053e+06
1.20765e+06
1.20286e+06
1.19616e+06
1.18757e+06
1.1771e+06
1.16477e+06
1.1506e+06
1.13461e+06
1.11683e+06
1.0973e+06
1.07604e+06
1.05309e+06
1.02848e+06
1.00227e+06
974498.
945204.
914441.
882259.
848713.
813858.
777753.
740456.
702030.
662538.
622043.
580613.
538315.
495216.
451388.
406900.
361823.
316230.
270193.
223785.
177079.
130148.
83066.1
35906.3
-11258.1
-58354.5
-105310.
-152054.
-198514.
-244620.
-290302.
-335492.
-380122.
-424125.
-467436.
-509991.
-551728.
-592584.
-632502.
-671421.
-709287.
-746044.
-781639.
-816023.
-849144.
-880958.
-911417.
-940480.
-968105.
-994253.
-1.01889e+06
-1.04198e+06
-1.06349e+06
-1.08338e+06
-1.10165e+06
-1.11824e+06
-1.13316e+06
-1.14637e+06
-1.15785e+06
-1.16759e+06
-1.17558e+06
-1.18181e+06
-1.18626e+06
-1.18894e+06
-1.18983e+06
1.23039e+06
1.22942e+06
1.22649e+06
1.22162e+06
1.21482e+06
1.20609e+06
1.19545e+06
1.18292e+06
1.16852e+06
1.15227e+06
1.13421e+06
1.11436e+06
1.09276e+06
1.06944e+06
1.04444e+06
1.01781e+06
989590.
959827.
928571.
895876.
861795.
826385.
789705.
751816.
712780.
672662.
631527.
589443.
546478.
502701.
458184.
412998.
367215.
320910.
274154.
227023.
179591.
131933.
84121.9
36233.4
-11658.5
-59479.9
-107157.
-154617.
-201788.
-248599.
-294977.
-340854.
-386162.
-430832.
-474798.
-517996.
-560361.
-601832.
-642349.
-681852.
-720284.
-757590.
-793717.
-828612.
-862226.
-894512.
-925423.
-954916.
-982949.
-1.00948e+06
-1.03448e+06
-1.05791e+06
-1.07974e+06
-1.09993e+06
-1.11846e+06
-1.1353e+06
-1.15043e+06
-1.16383e+06
-1.17549e+06
-1.18537e+06
-1.19348e+06
-1.1998e+06
-1.20432e+06
-1.20703e+06
-1.20793e+06
1.25163e+06
1.25064e+06
1.24766e+06
1.2427e+06
1.23578e+06
1.22689e+06
1.21606e+06
1.20331e+06
1.18865e+06
1.17211e+06
1.15373e+06
1.13352e+06
1.11153e+06
1.0878e+06
1.06236e+06
1.03525e+06
1.00653e+06
976237.
944427.
911152.
876467.
840432.
803105.
764548.
724826.
684004.
642148.
599327.
555612.
511072.
465780.
419810.
373234.
326127.
278565.
230623.
182375.
133899.
85270.4
36564.3
-12143.6
-60777.9
-109264.
-157527.
-205495.
-253094.
-300252.
-346899.
-392965.
-438381.
-483081.
-526997.
-570065.
-612224.
-653410.
-693565.
-732630.
-770549.
-807269.
-842735.
-876899.
-909711.
-941126.
-971099.
-999588.
-1.02655e+06
-1.05196e+06
-1.07576e+06
-1.09794e+06
-1.11846e+06
-1.13729e+06
-1.1544e+06
-1.16978e+06
-1.1834e+06
-1.19524e+06
-1.20528e+06
-1.21352e+06
-1.21994e+06
-1.22453e+06
-1.22729e+06
-1.2282e+06
1.27525e+06
1.27424e+06
1.2712e+06
1.26615e+06
1.25908e+06
1.25002e+06
1.23898e+06
1.22598e+06
1.21103e+06
1.19417e+06
1.17542e+06
1.15482e+06
1.1324e+06
1.1082e+06
1.08226e+06
1.05463e+06
1.02535e+06
994465.
962036.
928115.
892758.
856025.
817977.
778677.
738190.
696583.
653924.
610283.
565732.
520343.
474190.
427346.
379888.
331891.
283431.
234586.
185433.
136049.
86511.3
36897.
-12716.9
-62253.7
-111637.
-160792.
-209643.
-258117.
-306140.
-353640.
-400547.
-446790.
-492301.
-537013.
-580860.
-623779.
-665707.
-706582.
-746348.
-784945.
-822320.
-858419.
-893190.
-926585.
-958556.
-989059.
-1.01805e+06
-1.04549e+06
-1.07134e+06
-1.09557e+06
-1.11814e+06
-1.13901e+06
-1.15817e+06
-1.17559e+06
-1.19123e+06
-1.20509e+06
-1.21713e+06
-1.22735e+06
-1.23573e+06
-1.24226e+06
-1.24694e+06
-1.24974e+06
-1.25068e+06
1.30129e+06
1.30026e+06
1.29716e+06
1.292e+06
1.28478e+06
1.27553e+06
1.26425e+06
1.25097e+06
1.2357e+06
1.21848e+06
1.19934e+06
1.1783e+06
1.1554e+06
1.13069e+06
1.1042e+06
1.07598e+06
1.04608e+06
1.01454e+06
981432.
946797.
910697.
873193.
834348.
794226.
752894.
710420.
666875.
622329.
576856.
530530.
483425.
435618.
387187.
338207.
288759.
238919.
188767.
138383.
87843.5
37228.9
-13382.7
-63913.1
-114285.
-164420.
-214244.
-263680.
-312654.
-361092.
-408923.
-456075.
-502478.
-548064.
-592767.
-636521.
-679262.
-720930.
-761464.
-800806.
-838900.
-875691.
-911129.
-945163.
-977744.
-1.00883e+06
-1.03837e+06
-1.06633e+06
-1.09268e+06
-1.11736e+06
-1.14035e+06
-1.16163e+06
-1.18115e+06
-1.19889e+06
-1.21483e+06
-1.22894e+06
-1.24122e+06
-1.25163e+06
-1.26017e+06
-1.26682e+06
-1.27158e+06
-1.27444e+06
-1.27539e+06
1.32982e+06
1.32876e+06
1.32559e+06
1.3203e+06
1.31292e+06
1.30346e+06
1.29192e+06
1.27833e+06
1.26272e+06
1.2451e+06
1.22552e+06
1.204e+06
1.18058e+06
1.1553e+06
1.12821e+06
1.09935e+06
1.06877e+06
1.03652e+06
1.00265e+06
967233.
930317.
891968.
852248.
811225.
768966.
725542.
681024.
635486.
589002.
541648.
493501.
444639.
395141.
345086.
294554.
243625.
192381.
140901.
89265.8
37556.9
-14145.9
-65762.9
-117215.
-168423.
-219309.
-269797.
-319809.
-369272.
-418112.
-466256.
-513633.
-560174.
-605810.
-650475.
-694104.
-736636.
-778007.
-818161.
-857038.
-894586.
-930749.
-965479.
-998725.
-1.03044e+06
-1.06059e+06
-1.08912e+06
-1.11599e+06
-1.14118e+06
-1.16463e+06
-1.18633e+06
-1.20625e+06
-1.22435e+06
-1.24061e+06
-1.25501e+06
-1.26752e+06
-1.27815e+06
-1.28686e+06
-1.29364e+06
-1.2985e+06
-1.30141e+06
-1.30238e+06
1.36087e+06
1.35979e+06
1.35654e+06
1.35113e+06
1.34356e+06
1.33387e+06
1.32204e+06
1.30812e+06
1.29213e+06
1.27408e+06
1.25402e+06
1.23197e+06
1.20798e+06
1.18209e+06
1.15434e+06
1.12477e+06
1.09345e+06
1.06042e+06
1.02573e+06
989460.
951655.
912382.
871709.
829702.
786433.
741972.
696394.
649774.
602188.
553715.
504433.
454421.
403762.
352535.
300824.
248710.
196275.
143604.
90776.8
37877.5
-15012.2
-67810.7
-120437.
-172810.
-224852.
-276482.
-327623.
-378199.
-428135.
-477356.
-525790.
-573366.
-620015.
-665669.
-710262.
-753729.
-796010.
-837043.
-876770.
-915136.
-952087.
-987570.
-1.02154e+06
-1.05394e+06
-1.08474e+06
-1.11388e+06
-1.14133e+06
-1.16706e+06
-1.19102e+06
-1.21318e+06
-1.23352e+06
-1.25201e+06
-1.26861e+06
-1.28332e+06
-1.29611e+06
-1.30695e+06
-1.31585e+06
-1.32278e+06
-1.32774e+06
-1.33071e+06
-1.33171e+06
1.39452e+06
1.39341e+06
1.39007e+06
1.38452e+06
1.37676e+06
1.36681e+06
1.35468e+06
1.3404e+06
1.32399e+06
1.30548e+06
1.28489e+06
1.26228e+06
1.23766e+06
1.2111e+06
1.18263e+06
1.15231e+06
1.12018e+06
1.0863e+06
1.05072e+06
1.01352e+06
974749.
934475.
892766.
849692.
805326.
759741.
713013.
665219.
616438.
566751.
516237.
464980.
413061.
360565.
307576.
254177.
200454.
146492.
92374.4
38186.4
-15988.
-70065.1
-123962.
-177596.
-230887.
-283752.
-336114.
-387893.
-439013.
-489398.
-538975.
-587669.
-635412.
-682133.
-727766.
-772245.
-815506.
-857488.
-898133.
-937382.
-975181.
-1.01148e+06
-1.04622e+06
-1.07936e+06
-1.11086e+06
-1.14067e+06
-1.16874e+06
-1.19505e+06
-1.21955e+06
-1.24222e+06
-1.26302e+06
-1.28192e+06
-1.2989e+06
-1.31393e+06
-1.32701e+06
-1.3381e+06
-1.34719e+06
-1.35428e+06
-1.35935e+06
-1.36239e+06
-1.3634e+06
1.43084e+06
1.42969e+06
1.42627e+06
1.42056e+06
1.41259e+06
1.40237e+06
1.38991e+06
1.37523e+06
1.35837e+06
1.33935e+06
1.3182e+06
1.29497e+06
1.26968e+06
1.2424e+06
1.21315e+06
1.182e+06
1.149e+06
1.1142e+06
1.07767e+06
1.03946e+06
999642.
958285.
915456.
871229.
825677.
778877.
730907.
681845.
631774.
580775.
528932.
476329.
423052.
369185.
314817.
260033.
204920.
149565.
94056.2
38478.8
-17080.4
-72535.6
-127802.
-182794.
-237430.
-291626.
-345302.
-398376.
-450771.
-502409.
-553215.
-603113.
-652032.
-699902.
-746652.
-792218.
-836533.
-879536.
-921166.
-961364.
-1.00007e+06
-1.03724e+06
-1.07282e+06
-1.10676e+06
-1.13901e+06
-1.16953e+06
-1.19827e+06
-1.2252e+06
-1.25029e+06
-1.27349e+06
-1.29478e+06
-1.31413e+06
-1.33151e+06
-1.3469e+06
-1.36028e+06
-1.37163e+06
-1.38094e+06
-1.38819e+06
-1.39338e+06
-1.3965e+06
-1.39753e+06
1.44967e+06
1.44851e+06
1.44504e+06
1.43925e+06
1.43117e+06
1.4208e+06
1.40817e+06
1.39329e+06
1.3762e+06
1.35691e+06
1.33547e+06
1.31192e+06
1.28628e+06
1.25862e+06
1.22897e+06
1.1974e+06
1.16394e+06
1.12867e+06
1.09163e+06
1.0529e+06
1.01254e+06
970625.
927215.
882389.
836222.
788792.
740176.
690457.
639716.
588037.
535504.
482204.
428221.
373645.
318561.
263058.
207225.
151149.
94917.8
38620.2
-17656.7
-73826.2
-129802.
-185498.
-240831.
-295717.
-350073.
-403818.
-456874.
-509161.
-560602.
-611124.
-660652.
-709116.
-756445.
-802573.
-847434.
-890965.
-933105.
-973794.
-1.01298e+06
-1.0506e+06
-1.08661e+06
-1.12096e+06
-1.15359e+06
-1.18448e+06
-1.21357e+06
-1.24083e+06
-1.26621e+06
-1.28969e+06
-1.31124e+06
-1.33082e+06
-1.3484e+06
-1.36398e+06
-1.37752e+06
-1.389e+06
-1.39842e+06
-1.40576e+06
-1.41101e+06
-1.41416e+06
-1.41521e+06
