+1.72842e+01 -6.72937e+04 2010000 1 4.9738e-02
+1.12339e+03 -6.73034e+04 2010001 1 5.0537e-02
+2.22921e+03 -6.73322e+04 2010002 1 5.2011e-02
+3.33435e+03 -6.73799e+04 2010003 1 5.3793e-02
+4.43827e+03 -6.74466e+04 2010004 1 5.5915e-02
+5.54036e+03 -6.75319e+04 2010005 1 5.8441e-02
+6.64005e+03 -6.76355e+04 2010006 1 6.1609e-02
+7.73689e+03 -6.77567e+04 2010007 1 6.5217e-02
+8.83052e+03 -6.78946e+04 2010008 1 6.8851e-02
+9.92066e+03 -6.80484e+04 2010009 1 7.3290e-02
+1.10071e+04 -6.82172e+04 2010010 1 7.7481e-02
+1.20897e+04 -6.83999e+04 2010011 1 8.2247e-02
+1.31683e+04 -6.85956e+04 2010012 1 8.6875e-02
+1.42430e+04 -6.88030e+04 2010013 1 9.2373e-02
+1.53140e+04 -6.90211e+04 2010014 1 9.9103e-02
+1.63814e+04 -6.92487e+04 2010015 1 1.0635e-01
+1.74456e+04 -6.94846e+04 2010016 1 1.1429e-01
+1.85066e+04 -6.97276e+04 2010017 1 1.2257e-01
+1.95647e+04 -6.99765e+04 2010018 1 1.3183e-01
+2.06205e+04 -7.02302e+04 2010019 1 1.3928e-01
+2.16746e+04 -7.04875e+04 2010020 1 1.4687e-01
+2.27275e+04 -7.07473e+04 2010021 1 1.5517e-01
+2.37795e+04 -7.10084e+04 2010022 1 1.6410e-01
+2.48307e+04 -7.12698e+04 2010023 1 1.7423e-01
+2.58822e+04 -7.15304e+04 2010024 1 1.8006e-01
+2.69348e+04 -7.17894e+04 2010025 1 1.8623e-01
+2.79891e+04 -7.20459e+04 2010026 1 1.9336e-01
+2.90453e+04 -7.22990e+04 2010027 1 2.0234e-01
+3.01029e+04 -7.25477e+04 2010028 1 2.1550e-01
+3.11631e+04 -7.27914e+04 2010029 1 2.1872e-01
+3.22272e+04 -7.30296e+04 2010030 1 2.2179e-01
+3.32957e+04 -7.32619e+04 2010031 1 2.2466e-01
+3.43689e+04 -7.34877e+04 2010032 1 2.2736e-01
+3.54470e+04 -7.37067e+04 2010033 1 2.2991e-01
+4.66932e+04 -7.16559e+04 3010118 1 1.9145e-01
+4.62868e+04 -7.28852e+04 3010079 1 2.1354e-01
+4.27822e+04 -4.89139e+04 4010035 1 7.8452e-02
+4.66663e+04 -6.77632e+04 3010234 1 1.2942e-01
+4.38952e+04 -4.90719e+04 4010036 1 7.4198e-02
+1.77129e+01 -6.60114e+04 2010041 1 4.1701e-02
+1.15126e+03 -6.60213e+04 2010042 1 4.2346e-02
+2.28433e+03 -6.60507e+04 2010043 1 4.3003e-02
+3.41641e+03 -6.60994e+04 2010044 1 4.4300e-02
+4.54691e+03 -6.61673e+04 2010045 1 4.5817e-02
+5.67518e+03 -6.62540e+04 2010046 1 4.7583e-02
+6.80064e+03 -6.63592e+04 2010047 1 4.9690e-02
+7.92276e+03 -6.64820e+04 2010048 1 5.2070e-02
+9.04109e+03 -6.66219e+04 2010049 1 5.4634e-02
+1.01553e+04 -6.67777e+04 2010050 1 5.7328e-02
+1.12650e+04 -6.69487e+04 2010051 1 6.0302e-02
+1.23701e+04 -6.71337e+04 2010052 1 6.2916e-02
+1.34704e+04 -6.73318e+04 2010053 1 6.5881e-02
+1.45659e+04 -6.75417e+04 2010054 1 6.8866e-02
+1.56566e+04 -6.77622e+04 2010055 1 7.3505e-02
+1.67428e+04 -6.79922e+04 2010056 1 7.8324e-02
+1.78247e+04 -6.82305e+04 2010057 1 8.3291e-02
+1.89024e+04 -6.84758e+04 2010058 1 8.8880e-02
+1.99762e+04 -6.87270e+04 2010059 1 9.5045e-02
+2.10464e+04 -6.89829e+04 2010060 1 1.0206e-01
+2.21139e+04 -6.92422e+04 2010061 1 1.0957e-01
+2.31790e+04 -6.95039e+04 2010062 1 1.1776e-01
+2.42421e+04 -6.97669e+04 2010063 1 1.2702e-01
+2.53032e+04 -7.00302e+04 2010064 1 1.3708e-01
+2.63634e+04 -7.02926e+04 2010065 1 1.4350e-01
+2.74237e+04 -7.05534e+04 2010066 1 1.5056e-01
+2.84844e+04 -7.08116e+04 2010067 1 1.5750e-01
+2.95459e+04 -7.10662e+04 2010068 1 1.6645e-01
+3.06077e+04 -7.13165e+04 2010069 1 1.7916e-01
+3.16710e+04 -7.15618e+04 2010070 1 1.8295e-01
+3.27372e+04 -7.18015e+04 2010071 1 1.8664e-01
+3.38067e+04 -7.20352e+04 2010072 1 1.9024e-01
+3.48798e+04 -7.22625e+04 2010073 1 1.9370e-01
+3.59568e+04 -7.24829e+04 2010074 1 1.9699e-01
+3.70376e+04 -7.26957e+04 2010075 1 2.0459e-01
+3.81222e+04 -7.29007e+04 2010076 1 2.1178e-01
+3.92111e+04 -7.30976e+04 2010077 1 2.1855e-01
+4.03047e+04 -7.32862e+04 2010078 1 2.2474e-01
+4.14035e+04 -7.34666e+04 2010079 1 2.3007e-01
+4.25076e+04 -7.36386e+04 2010080 1 2.3343e-01
+1.80885e+01 -6.47583e+04 2010082 1 4.0255e-02
+1.17568e+03 -6.47684e+04 2010083 1 4.0441e-02
+2.33267e+03 -6.47980e+04 2010084 1 4.2481e-02
+3.48844e+03 -6.48472e+04 2010085 1 4.3911e-02
+4.64235e+03 -6.49155e+04 2010086 1 4.5399e-02
+5.79373e+03 -6.50028e+04 2010087 1 4.6732e-02
+6.94196e+03 -6.51085e+04 2010088 1 4.8264e-02
+8.08646e+03 -6.52320e+04 2010089 1 4.9686e-02
+9.22674e+03 -6.53724e+04 2010090 1 5.0928e-02
+1.03624e+04 -6.55289e+04 2010091 1 5.2119e-02
+1.14930e+04 -6.57006e+04 2010092 1 5.3041e-02
+1.26184e+04 -6.58864e+04 2010093 1 5.3490e-02
+1.37383e+04 -6.60852e+04 2010094 1 5.4102e-02
+1.48526e+04 -6.62959e+04 2010095 1 5.4592e-02
+1.59614e+04 -6.65172e+04 2010096 1 5.6934e-02
+1.70649e+04 -6.67480e+04 2010097 1 5.9288e-02
+1.81632e+04 -6.69871e+04 2010098 1 6.1847e-02
+1.92565e+04 -6.72331e+04 2010099 1 6.4614e-02
+2.03449e+04 -6.74850e+04 2010100 1 6.7598e-02
+2.14288e+04 -6.77415e+04 2010101 1 7.3292e-02
+2.25091e+04 -6.80015e+04 2010102 1 7.9578e-02
+2.35860e+04 -6.82638e+04 2010103 1 8.6832e-02
+2.46599e+04 -6.85273e+04 2010104 1 9.4616e-02
+2.57308e+04 -6.87911e+04 2010105 1 1.0330e-01
+2.67999e+04 -6.90540e+04 2010106 1 1.0979e-01
+2.78680e+04 -6.93152e+04 2010107 1 1.1690e-01
+2.89355e+04 -6.95739e+04 2010108 1 1.2472e-01
+3.00027e+04 -6.98291e+04 2010109 1 1.3438e-01
+3.10693e+04 -7.00801e+04 2010110 1 1.4719e-01
+3.21365e+04 -7.03261e+04 2010111 1 1.5197e-01
+3.32055e+04 -7.05667e+04 2010112 1 1.5664e-01
+3.42767e+04 -7.08013e+04 2010113 1 1.6112e-01
+3.53506e+04 -7.10295e+04 2010114 1 1.6480e-01
+3.64275e+04 -7.12508e+04 2010115 1 1.6846e-01
+3.75073e+04 -7.14647e+04 2010116 1 1.7639e-01
+3.85900e+04 -7.16708e+04 2010117 1 1.8383e-01
+3.96762e+04 -7.18689e+04 2010118 1 1.9095e-01
+4.07664e+04 -7.20589e+04 2010119 1 1.9740e-01
+4.18610e+04 -7.22407e+04 2010120 1 2.0304e-01
+4.29601e+04 -7.24143e+04 2010121 1 2.0703e-01
+4.40641e+04 -7.25796e+04 2010122 1 2.0977e-01
+1.84179e+01 -6.35298e+04 2010123 1 4.3426e-02
+1.19709e+03 -6.35400e+04 2010124 1 4.3482e-02
+2.37508e+03 -6.35697e+04 2010125 1 4.4020e-02
+3.55168e+03 -6.36189e+04 2010126 1 4.6548e-02
+4.72621e+03 -6.36873e+04 2010127 1 4.9122e-02
+5.89798e+03 -6.37745e+04 2010128 1 5.0709e-02
+7.06633e+03 -6.38800e+04 2010129 1 5.2375e-02
+8.23067e+03 -6.40032e+04 2010130 1 5.3693e-02
+9.39044e+03 -6.41433e+04 2010131 1 5.4806e-02
+1.05452e+04 -6.42994e+04 2010132 1 5.5640e-02
+1.16945e+04 -6.44706e+04 2010133 1 5.5940e-02
+1.28381e+04 -6.46558e+04 2010134 1 5.5961e-02
+1.39757e+04 -6.48540e+04 2010135 1 5.5472e-02
+1.51072e+04 -6.50641e+04 2010136 1 5.5008e-02
+1.62326e+04 -6.52848e+04 2010137 1 5.5062e-02
+1.73520e+04 -6.55149e+04 2010138 1 5.4888e-02
+1.84656e+04 -6.57533e+04 2010139 1 5.4689e-02
+1.95734e+04 -6.59987e+04 2010140 1 5.4470e-02
+2.06755e+04 -6.62500e+04 2010141 1 5.4224e-02
+2.17725e+04 -6.65059e+04 2010142 1 5.6843e-02
+2.28649e+04 -6.67653e+04 2010143 1 6.0249e-02
+2.39532e+04 -6.70270e+04 2010144 1 6.4232e-02
+2.50375e+04 -6.72899e+04 2010145 1 6.8951e-02
+2.61180e+04 -6.75531e+04 2010146 1 7.4724e-02
+2.71959e+04 -6.78155e+04 2010147 1 8.1114e-02
+2.82718e+04 -6.80763e+04 2010148 1 8.7869e-02
+2.93463e+04 -6.83345e+04 2010149 1 9.5568e-02
+3.04196e+04 -6.85894e+04 2010150 1 1.0481e-01
+3.14913e+04 -6.88401e+04 2010151 1 1.1680e-01
+3.25628e+04 -6.90860e+04 2010152 1 1.2193e-01
+3.36352e+04 -6.93266e+04 2010153 1 1.2699e-01
+3.47090e+04 -6.95613e+04 2010154 1 1.3193e-01
+3.57844e+04 -6.97896e+04 2010155 1 1.3675e-01
+3.68621e+04 -7.00113e+04 2010156 1 1.4156e-01
+3.79417e+04 -7.02257e+04 2010157 1 1.5018e-01
+3.90235e+04 -7.04325e+04 2010158 1 1.5816e-01
+4.01080e+04 -7.06315e+04 2010159 1 1.6575e-01
+4.11957e+04 -7.08225e+04 2010160 1 1.7280e-01
+4.22870e+04 -7.10055e+04 2010161 1 1.7907e-01
+4.33823e+04 -7.11804e+04 2010162 1 1.8338e-01
+4.44817e+04 -7.13471e+04 2010163 1 1.8669e-01
+1.87070e+01 -6.23220e+04 2010164 1 5.0276e-02
+1.21589e+03 -6.23322e+04 2010165 1 5.0506e-02
+2.41231e+03 -6.23619e+04 2010166 1 5.1228e-02
+3.60724e+03 -6.24109e+04 2010167 1 5.2290e-02
+4.79995e+03 -6.24789e+04 2010168 1 5.3412e-02
+5.98972e+03 -6.25655e+04 2010169 1 5.4641e-02
+7.17587e+03 -6.26702e+04 2010170 1 5.5740e-02
+8.35779e+03 -6.27925e+04 2010171 1 5.6630e-02
+9.53489e+03 -6.29314e+04 2010172 1 5.7335e-02
+1.07067e+04 -6.30863e+04 2010173 1 5.7610e-02
+1.18727e+04 -6.32561e+04 2010174 1 5.7999e-02
+1.30327e+04 -6.34398e+04 2010175 1 5.7806e-02
+1.41863e+04 -6.36364e+04 2010176 1 5.6987e-02
+1.53333e+04 -6.38448e+04 2010177 1 5.5748e-02
+1.64738e+04 -6.40637e+04 2010178 1 5.4748e-02
+1.76079e+04 -6.42920e+04 2010179 1 5.3252e-02
+1.87355e+04 -6.45286e+04 2010180 1 5.1346e-02
+1.98567e+04 -6.47721e+04 2010181 1 4.9137e-02
+2.09718e+04 -6.50216e+04 2010182 1 4.7130e-02
+2.20810e+04 -6.52757e+04 2010183 1 4.7247e-02
+2.31851e+04 -6.55333e+04 2010184 1 4.7721e-02
+2.42842e+04 -6.57933e+04 2010185 1 4.8853e-02
+2.53786e+04 -6.60547e+04 2010186 1 5.0598e-02
+2.64686e+04 -6.63164e+04 2010187 1 5.3894e-02
+2.75551e+04 -6.65775e+04 2010188 1 5.9222e-02
+2.86389e+04 -6.68371e+04 2010189 1 6.5129e-02
+2.97204e+04 -6.70941e+04 2010190 1 7.1305e-02
+3.07999e+04 -6.73479e+04 2010191 1 7.9396e-02
+3.18771e+04 -6.75977e+04 2010192 1 8.9965e-02
+3.29532e+04 -6.78428e+04 2010193 1 9.5271e-02
+3.40294e+04 -6.80827e+04 2010194 1 1.0054e-01
+3.51062e+04 -6.83169e+04 2010195 1 1.0575e-01
+3.61838e+04 -6.85449e+04 2010196 1 1.1085e-01
+3.72628e+04 -6.87663e+04 2010197 1 1.1606e-01
+3.83430e+04 -6.89807e+04 2010198 1 1.2465e-01
+3.94246e+04 -6.91876e+04 2010199 1 1.3280e-01
+4.05083e+04 -6.93870e+04 2010200 1 1.4060e-01
+4.15944e+04 -6.95786e+04 2010201 1 1.4793e-01
+4.26835e+04 -6.97623e+04 2010202 1 1.5455e-01
+4.37757e+04 -6.99380e+04 2010203 1 1.5961e-01
+4.48715e+04 -7.01058e+04 2010204 1 1.6373e-01
+1.89609e+01 -6.11319e+04 2010205 1 5.9408e-02
+1.23239e+03 -6.11421e+04 2010206 1 5.9584e-02
+2.44501e+03 -6.11715e+04 2010207 1 6.0288e-02
+3.65606e+03 -6.12199e+04 2010208 1 6.1327e-02
+4.86479e+03 -6.12872e+04 2010209 1 6.2475e-02
+6.07046e+03 -6.13728e+04 2010210 1 6.3554e-02
+7.27237e+03 -6.14763e+04 2010211 1 6.4581e-02
+8.46988e+03 -6.15970e+04 2010212 1 6.5254e-02
+9.66240e+03 -6.17342e+04 2010213 1 6.5657e-02
+1.08494e+04 -6.18871e+04 2010214 1 6.5774e-02
+1.20304e+04 -6.20548e+04 2010215 1 6.5380e-02
+1.32051e+04 -6.22362e+04 2010216 1 6.4462e-02
+1.43731e+04 -6.24304e+04 2010217 1 6.2937e-02
+1.55343e+04 -6.26362e+04 2010218 1 6.1304e-02
+1.66886e+04 -6.28525e+04 2010219 1 5.9597e-02
+1.78360e+04 -6.30781e+04 2010220 1 5.7321e-02
+1.89765e+04 -6.33119e+04 2010221 1 5.4392e-02
+2.01102e+04 -6.35527e+04 2010222 1 5.0894e-02
+2.12372e+04 -6.37994e+04 2010223 1 4.7266e-02
+2.23580e+04 -6.40508e+04 2010224 1 4.4851e-02
+2.34730e+04 -6.43057e+04 2010225 1 4.2753e-02
+2.45824e+04 -6.45631e+04 2010226 1 4.1064e-02
+2.56866e+04 -6.48219e+04 2010227 1 3.9835e-02
+2.67857e+04 -6.50812e+04 2010228 1 4.0010e-02
+2.78807e+04 -6.53400e+04 2010229 1 4.3395e-02
+2.89722e+04 -6.55974e+04 2010230 1 4.7891e-02
+3.00608e+04 -6.58525e+04 2010231 1 5.3622e-02
+3.11466e+04 -6.61045e+04 2010232 1 6.0902e-02
+3.22295e+04 -6.63528e+04 2010233 1 7.0399e-02
+3.33105e+04 -6.65967e+04 2010234 1 7.6150e-02
+3.43909e+04 -6.68355e+04 2010235 1 8.1886e-02
+3.54710e+04 -6.70688e+04 2010236 1 8.7563e-02
+3.65513e+04 -6.72961e+04 2010237 1 9.1721e-02
+3.76321e+04 -6.75168e+04 2010238 1 9.3570e-02
+3.87135e+04 -6.77307e+04 2010239 1 1.0187e-01
+3.97956e+04 -6.79374e+04 2010240 1 1.0999e-01
+4.08791e+04 -6.81367e+04 2010241 1 1.1787e-01
+4.19643e+04 -6.83284e+04 2010242 1 1.2535e-01
+4.30518e+04 -6.85124e+04 2010243 1 1.3219e-01
+4.41419e+04 -6.86887e+04 2010244 1 1.3759e-01
+4.52348e+04 -6.88572e+04 2010245 1 1.4213e-01
+1.91836e+01 -5.99569e+04 2010246 1 7.0340e-02
+1.24687e+03 -5.99670e+04 2010247 1 7.0833e-02
+2.47372e+03 -5.99960e+04 2010248 1 7.1467e-02
+3.69895e+03 -6.00437e+04 2010249 1 7.2242e-02
+4.92179e+03 -6.01099e+04 2010250 1 7.3075e-02
+6.14149e+03 -6.01941e+04 2010251 1 7.3896e-02
+7.35735e+03 -6.02959e+04 2010252 1 7.4614e-02
+8.56869e+03 -6.04146e+04 2010253 1 7.5093e-02
+9.77492e+03 -6.05496e+04 2010254 1 7.5270e-02
+1.09755e+04 -6.07000e+04 2010255 1 7.5173e-02
+1.21699e+04 -6.08649e+04 2010256 1 7.4535e-02
+1.33578e+04 -6.10434e+04 2010257 1 7.3381e-02
+1.45389e+04 -6.12344e+04 2010258 1 7.1573e-02
+1.57129e+04 -6.14370e+04 2010259 1 7.0002e-02
+1.68797e+04 -6.16499e+04 2010260 1 6.7926e-02
+1.80393e+04 -6.18721e+04 2010261 1 6.5268e-02
+1.91918e+04 -6.21024e+04 2010262 1 6.2023e-02
+2.03370e+04 -6.23397e+04 2010263 1 5.8097e-02
+2.14752e+04 -6.25829e+04 2010264 1 5.4119e-02
+2.26067e+04 -6.28308e+04 2010265 1 5.0779e-02
+2.37319e+04 -6.30823e+04 2010266 1 4.7325e-02
+2.48512e+04 -6.33363e+04 2010267 1 4.3520e-02
+2.59646e+04 -6.35919e+04 2010268 1 3.9631e-02
+2.70724e+04 -6.38481e+04 2010269 1 3.6845e-02
+2.81756e+04 -6.41039e+04 2010270 1 3.6789e-02
+2.92748e+04 -6.43584e+04 2010271 1 3.7851e-02
+3.03703e+04 -6.46108e+04 2010272 1 4.0243e-02
+3.14624e+04 -6.48604e+04 2010273 1 4.4295e-02
+3.25510e+04 -6.51064e+04 2010274 1 5.0487e-02
+3.36372e+04 -6.53482e+04 2010275 1 5.5842e-02
+3.47220e+04 -6.55852e+04 2010276 1 6.1323e-02
+3.58058e+04 -6.58168e+04 2010277 1 6.6858e-02
+3.68891e+04 -6.60427e+04 2010278 1 7.2384e-02
+3.79723e+04 -6.62624e+04 2010279 1 7.7976e-02
+3.90554e+04 -6.64755e+04 2010280 1 8.6518e-02
+4.01385e+04 -6.66817e+04 2010281 1 9.4789e-02
+4.12223e+04 -6.68807e+04 2010282 1 1.0282e-01
+4.23073e+04 -6.70723e+04 2010283 1 1.1048e-01
+4.33939e+04 -6.72565e+04 2010284 1 1.1685e-01
+4.44824e+04 -6.74331e+04 2010285 1 1.2158e-01
+4.55732e+04 -6.76020e+04 2010286 1 1.2565e-01
+1.93789e+01 -5.87949e+04 2010287 1 8.0472e-02
+1.25956e+03 -5.88049e+04 2010288 1 8.0975e-02
+2.49890e+03 -5.88333e+04 2010289 1 8.1668e-02
+3.73659e+03 -5.88801e+04 2010290 1 8.2460e-02
+4.97185e+03 -5.89450e+04 2010291 1 8.3241e-02
+6.20393e+03 -5.90275e+04 2010292 1 8.3987e-02
+7.43211e+03 -5.91273e+04 2010293 1 8.4599e-02
+8.65572e+03 -5.92437e+04 2010294 1 8.5099e-02
+9.87414e+03 -5.93759e+04 2010295 1 8.5274e-02
+1.10868e+04 -5.95233e+04 2010296 1 8.5037e-02
+1.22933e+04 -5.96850e+04 2010297 1 8.4403e-02
+1.34931e+04 -5.98600e+04 2010298 1 8.3180e-02
+1.46858e+04 -6.00475e+04 2010299 1 8.1557e-02
+1.58714e+04 -6.02462e+04 2010300 1 7.9828e-02
+1.70497e+04 -6.04552e+04 2010301 1 7.7474e-02
+1.82205e+04 -6.06733e+04 2010302 1 7.4630e-02
+1.93839e+04 -6.08995e+04 2010303 1 7.1039e-02
+2.05398e+04 -6.11327e+04 2010304 1 6.6766e-02
+2.16883e+04 -6.13718e+04 2010305 1 6.2373e-02
+2.28298e+04 -6.16155e+04 2010306 1 5.8391e-02
+2.39647e+04 -6.18630e+04 2010307 1 5.3775e-02
+2.50932e+04 -6.21131e+04 2010308 1 4.8652e-02
+2.62154e+04 -6.23648e+04 2010309 1 4.2958e-02
+2.73316e+04 -6.26173e+04 2010310 1 3.8072e-02
+2.84427e+04 -6.28695e+04 2010311 1 3.5513e-02
+2.95492e+04 -6.31206e+04 2010312 1 3.3736e-02
+3.06515e+04 -6.33698e+04 2010313 1 3.2846e-02
+3.17499e+04 -6.36163e+04 2010314 1 3.3083e-02
+3.28443e+04 -6.38595e+04 2010315 1 3.5296e-02
+3.39356e+04 -6.40987e+04 2010316 1 3.9590e-02
+3.50250e+04 -6.43334e+04 2010317 1 4.4321e-02
+3.61127e+04 -6.45629e+04 2010318 1 4.9337e-02
+3.71993e+04 -6.47869e+04 2010319 1 5.4518e-02
+3.82852e+04 -6.50049e+04 2010320 1 5.9822e-02
+3.93703e+04 -6.52166e+04 2010321 1 6.7868e-02
+4.04550e+04 -6.54217e+04 2010322 1 7.5838e-02
+4.15397e+04 -6.56198e+04 2010323 1 8.3705e-02
+4.26249e+04 -6.58108e+04 2010324 1 9.1306e-02
+4.37112e+04 -6.59946e+04 2010325 1 9.8395e-02
+4.47988e+04 -6.61710e+04 2010326 1 1.0431e-01
+4.58881e+04 -6.63401e+04 2010327 1 1.0931e-01
+4.55853e+04 -7.15056e+04 3010117 1 1.8943e-01
+1.95500e+01 -5.76441e+04 2010328 1 8.9287e-02
+1.27068e+03 -5.76538e+04 2010329 1 8.9819e-02
+2.52096e+03 -5.76816e+04 2010330 1 9.0508e-02
+3.76957e+03 -5.77274e+04 2010331 1 9.1299e-02
+5.01575e+03 -5.77908e+04 2010332 1 9.2145e-02
+6.25873e+03 -5.78715e+04 2010333 1 9.2974e-02
+7.49779e+03 -5.79689e+04 2010334 1 9.3635e-02
+8.73225e+03 -5.80826e+04 2010335 1 9.4181e-02
+9.96149e+03 -5.82119e+04 2010336 1 9.4418e-02
+1.11850e+04 -5.83559e+04 2010337 1 9.4300e-02
+1.24021e+04 -5.85140e+04 2010338 1 9.3748e-02
+1.36126e+04 -5.86851e+04 2010339 1 9.2753e-02
+1.48160e+04 -5.88684e+04 2010340 1 9.1449e-02
+1.60121e+04 -5.90629e+04 2010341 1 8.9819e-02
+1.72007e+04 -5.92674e+04 2010342 1 8.7727e-02
+1.83817e+04 -5.94810e+04 2010343 1 8.4938e-02
+1.95551e+04 -5.97026e+04 2010344 1 8.1322e-02
+2.07207e+04 -5.99312e+04 2010345 1 7.6842e-02
+2.18789e+04 -6.01656e+04 2010346 1 7.2686e-02
+2.30298e+04 -6.04047e+04 2010347 1 6.8196e-02
+2.41737e+04 -6.06476e+04 2010348 1 6.3198e-02
+2.53108e+04 -6.08931e+04 2010349 1 5.7426e-02
+2.64414e+04 -6.11405e+04 2010350 1 5.0930e-02
+2.75656e+04 -6.13888e+04 2010351 1 4.5085e-02
+2.86842e+04 -6.16369e+04 2010352 1 4.0354e-02
+2.97979e+04 -6.18841e+04 2010353 1 3.5719e-02
+3.09068e+04 -6.21296e+04 2010354 1 3.1563e-02
+3.20113e+04 -6.23726e+04 2010355 1 2.8363e-02
+3.31114e+04 -6.26126e+04 2010356 1 2.6555e-02
+3.42079e+04 -6.28488e+04 2010357 1 2.8715e-02
+3.53019e+04 -6.30806e+04 2010358 1 3.1826e-02
+3.63937e+04 -6.33076e+04 2010359 1 3.5659e-02
+3.74838e+04 -6.35292e+04 2010360 1 3.9997e-02
+3.85725e+04 -6.37452e+04 2010361 1 4.4659e-02
+3.96601e+04 -6.39551e+04 2010362 1 5.1794e-02
+4.07466e+04 -6.41586e+04 2010363 1 5.9191e-02
+4.18325e+04 -6.43555e+04 2010364 1 6.6676e-02
+4.29185e+04 -6.45455e+04 2010365 1 7.4130e-02
+4.40049e+04 -6.47285e+04 2010366 1 8.1141e-02
+4.50921e+04 -6.49044e+04 2010367 1 8.7195e-02
+4.61805e+04 -6.50732e+04 2010368 1 9.2255e-02
+1.96994e+01 -5.65028e+04 2010369 1 9.6923e-02
+1.28040e+03 -5.65123e+04 2010370 1 9.7466e-02
+2.54024e+03 -5.65395e+04 2010371 1 9.8163e-02
+3.79842e+03 -5.65841e+04 2010372 1 9.8977e-02
+5.05417e+03 -5.66458e+04 2010373 1 9.9862e-02
+6.30672e+03 -5.67245e+04 2010374 1 1.0073e-01
+7.55536e+03 -5.68194e+04 2010375 1 1.0150e-01
+8.79941e+03 -5.69302e+04 2010376 1 1.0217e-01
+1.00382e+04 -5.70562e+04 2010377 1 1.0255e-01
+1.12713e+04 -5.71967e+04 2010378 1 1.0256e-01
+1.24980e+04 -5.73508e+04 2010379 1 1.0221e-01
+1.37180e+04 -5.75177e+04 2010380 1 1.0139e-01
+1.49310e+04 -5.76966e+04 2010381 1 1.0073e-01
+1.61365e+04 -5.78864e+04 2010382 1 9.9384e-02
+1.73345e+04 -5.80861e+04 2010383 1 9.7397e-02
+1.85248e+04 -5.82948e+04 2010384 1 9.4746e-02
+1.97073e+04 -5.85113e+04 2010385 1 9.1334e-02
+2.08820e+04 -5.87348e+04 2010386 1 8.7134e-02
+2.20490e+04 -5.89640e+04 2010387 1 8.3291e-02
+2.32086e+04 -5.91981e+04 2010388 1 7.8861e-02
+2.43609e+04 -5.94359e+04 2010389 1 7.3876e-02
+2.55062e+04 -5.96765e+04 2010390 1 6.8017e-02
+2.66446e+04 -5.99190e+04 2010391 1 6.1402e-02
+2.77764e+04 -6.01626e+04 2010392 1 5.5533e-02
+2.89023e+04 -6.04062e+04 2010393 1 5.0202e-02
+3.00227e+04 -6.06490e+04 2010394 1 4.4655e-02
+3.11381e+04 -6.08904e+04 2010395 1 3.8821e-02
+3.22487e+04 -6.11295e+04 2010396 1 3.2422e-02
+3.33543e+04 -6.13658e+04 2010397 1 2.6809e-02
+3.44560e+04 -6.15985e+04 2010398 1 2.5409e-02
+3.55547e+04 -6.18272e+04 2010399 1 2.5763e-02
+3.66506e+04 -6.20512e+04 2010400 1 2.7424e-02
+3.77443e+04 -6.22702e+04 2010401 1 2.9999e-02
+3.88361e+04 -6.24837e+04 2010402 1 3.3287e-02
+3.99263e+04 -6.26915e+04 2010403 1 3.8915e-02
+4.10149e+04 -6.28931e+04 2010404 1 4.5292e-02
+4.21024e+04 -6.30883e+04 2010405 1 5.2112e-02
+4.31895e+04 -6.32770e+04 2010406 1 5.9030e-02
+4.42764e+04 -6.34589e+04 2010407 1 6.5856e-02
+4.53636e+04 -6.36339e+04 2010408 1 7.1847e-02
+4.64515e+04 -6.38020e+04 2010409 1 7.6954e-02
+4.59708e+04 -7.02655e+04 3010156 1 1.6726e-01
+1.98297e+01 -5.53699e+04 2010410 1 1.0359e-01
+1.28886e+03 -5.53791e+04 2010411 1 1.0410e-01
+2.55705e+03 -5.54055e+04 2010412 1 1.0477e-01
+3.82358e+03 -5.54489e+04 2010413 1 1.0561e-01
+5.08770e+03 -5.55089e+04 2010414 1 1.0652e-01
+6.34864e+03 -5.55853e+04 2010415 1 1.0741e-01
+7.60570e+03 -5.56777e+04 2010416 1 1.0829e-01
+8.85820e+03 -5.57854e+04 2010417 1 1.0896e-01
+1.01055e+04 -5.59079e+04 2010418 1 1.0945e-01
+1.13471e+04 -5.60445e+04 2010419 1 1.0964e-01
+1.25823e+04 -5.61944e+04 2010420 1 1.0946e-01
+1.38109e+04 -5.63569e+04 2010421 1 1.0941e-01
+1.50323e+04 -5.65311e+04 2010422 1 1.0887e-01
+1.62464e+04 -5.67159e+04 2010423 1 1.0773e-01
+1.74528e+04 -5.69106e+04 2010424 1 1.0593e-01
+1.86516e+04 -5.71140e+04 2010425 1 1.0353e-01
+1.98424e+04 -5.73252e+04 2010426 1 1.0046e-01
+2.10254e+04 -5.75432e+04 2010427 1 9.6697e-02
+2.22006e+04 -5.77669e+04 2010428 1 9.3074e-02
+2.33682e+04 -5.79955e+04 2010429 1 8.8947e-02
+2.45283e+04 -5.82279e+04 2010430 1 8.4132e-02
+2.56812e+04 -5.84632e+04 2010431 1 7.8551e-02
+2.68270e+04 -5.87005e+04 2010432 1 7.2070e-02
+2.79660e+04 -5.89389e+04 2010433 1 6.6635e-02
+2.90988e+04 -5.91775e+04 2010434 1 6.1299e-02
+3.02258e+04 -5.94156e+04 2010435 1 5.5565e-02
+3.13473e+04 -5.96524e+04 2010436 1 4.9478e-02
+3.24637e+04 -5.98871e+04 2010437 1 4.2470e-02
+3.35748e+04 -6.01193e+04 2010438 1 3.5613e-02
+3.46817e+04 -6.03483e+04 2010439 1 3.2285e-02
+3.57849e+04 -6.05733e+04 2010440 1 2.9652e-02
+3.68851e+04 -6.07941e+04 2010441 1 2.7950e-02
+3.79825e+04 -6.10100e+04 2010442 1 2.7352e-02
+3.90775e+04 -6.12208e+04 2010443 1 2.8155e-02
+4.01705e+04 -6.14261e+04 2010444 1 3.1577e-02
+4.12614e+04 -6.16255e+04 2010445 1 3.5955e-02
+4.23508e+04 -6.18188e+04 2010446 1 4.1169e-02
+4.34392e+04 -6.20057e+04 2010447 1 4.6769e-02
+4.45270e+04 -6.21862e+04 2010448 1 5.2853e-02
+4.56146e+04 -6.23600e+04 2010449 1 5.8641e-02
+4.67023e+04 -6.25271e+04 2010450 1 6.3562e-02
+2.84966e+04 -7.35269e+04 10847 1 2.4367e-01
+4.50041e+04 -4.92262e+04 4010037 1 7.0259e-02
+4.61092e+04 -4.93767e+04 4010038 1 6.6639e-02
+4.51730e+04 -7.27365e+04 3010078 1 2.1201e-01
+1.99428e+01 -5.42440e+04 2010451 1 1.0930e-01
+1.29622e+03 -5.42530e+04 2010452 1 1.0981e-01
+2.57164e+03 -5.42786e+04 2010453 1 1.1049e-01
+3.84545e+03 -5.43206e+04 2010454 1 1.1129e-01
+5.11685e+03 -5.43789e+04 2010455 1 1.1220e-01
+6.38513e+03 -5.44530e+04 2010456 1 1.1315e-01
+7.64956e+03 -5.45426e+04 2010457 1 1.1404e-01
+8.90947e+03 -5.46471e+04 2010458 1 1.1481e-01
+1.01643e+04 -5.47660e+04 2010459 1 1.1537e-01
+1.14133e+04 -5.48986e+04 2010460 1 1.1569e-01
+1.26561e+04 -5.50442e+04 2010461 1 1.1611e-01
+1.38923e+04 -5.52021e+04 2010462 1 1.1625e-01
+1.51213e+04 -5.53713e+04 2010463 1 1.1577e-01
+1.63431e+04 -5.55510e+04 2010464 1 1.1487e-01
+1.75572e+04 -5.57402e+04 2010465 1 1.1332e-01
+1.87636e+04 -5.59381e+04 2010466 1 1.1115e-01
+1.99620e+04 -5.61437e+04 2010467 1 1.0826e-01
+2.11525e+04 -5.63560e+04 2010468 1 1.0514e-01
+2.23353e+04 -5.65740e+04 2010469 1 1.0178e-01
+2.35103e+04 -5.67968e+04 2010470 1 9.7870e-02
+2.46777e+04 -5.70234e+04 2010471 1 9.3354e-02
+2.58377e+04 -5.72530e+04 2010472 1 8.8009e-02
+2.69904e+04 -5.74848e+04 2010473 1 8.1890e-02
+2.81361e+04 -5.77178e+04 2010474 1 7.6898e-02
+2.92755e+04 -5.79511e+04 2010475 1 7.1735e-02
+3.04087e+04 -5.81841e+04 2010476 1 6.6139e-02
+3.15362e+04 -5.84159e+04 2010477 1 6.0071e-02
+3.26582e+04 -5.86460e+04 2010478 1 5.3078e-02
+3.37746e+04 -5.88737e+04 2010479 1 4.5997e-02
+3.48864e+04 -5.90984e+04 2010480 1 4.2018e-02
+3.59943e+04 -5.93196e+04 2010481 1 3.8518e-02
+3.70986e+04 -5.95366e+04 2010482 1 3.5622e-02
+3.81998e+04 -5.97491e+04 2010483 1 3.3482e-02
+3.92982e+04 -5.99568e+04 2010484 1 3.2223e-02
+4.03940e+04 -6.01592e+04 2010485 1 3.2638e-02
+4.14874e+04 -6.03560e+04 2010486 1 3.4450e-02
+4.25789e+04 -6.05470e+04 2010487 1 3.7095e-02
+4.36689e+04 -6.07320e+04 2010488 1 4.0729e-02
+4.47578e+04 -6.09108e+04 2010489 1 4.5074e-02
+4.58461e+04 -6.10831e+04 2010490 1 4.9533e-02
+4.63307e+04 -6.90178e+04 3010195 1 1.4612e-01
+2.74452e+04 -7.32764e+04 10846 1 2.3574e-01
+2.00405e+01 -5.31242e+04 2010492 1 1.1423e-01
+1.30257e+03 -5.31329e+04 2010493 1 1.1471e-01
+2.58426e+03 -5.31577e+04 2010494 1 1.1537e-01
+3.86436e+03 -5.31985e+04 2010495 1 1.1618e-01
+5.14209e+03 -5.32549e+04 2010496 1 1.1708e-01
+6.41674e+03 -5.33266e+04 2010497 1 1.1804e-01
+7.68759e+03 -5.34134e+04 2010498 1 1.1896e-01
+8.95400e+03 -5.35146e+04 2010499 1 1.1975e-01
+1.02153e+04 -5.36298e+04 2010500 1 1.2041e-01
+1.14710e+04 -5.37582e+04 2010501 1 1.2102e-01
+1.27205e+04 -5.38994e+04 2010502 1 1.2164e-01
+1.39634e+04 -5.40525e+04 2010503 1 1.2189e-01
+1.51993e+04 -5.42166e+04 2010504 1 1.2165e-01
+1.64279e+04 -5.43909e+04 2010505 1 1.2086e-01
+1.76489e+04 -5.45746e+04 2010506 1 1.1949e-01
+1.88622e+04 -5.47668e+04 2010507 1 1.1755e-01
+2.00676e+04 -5.49665e+04 2010508 1 1.1493e-01
+2.12650e+04 -5.51728e+04 2010509 1 1.1229e-01
+2.24546e+04 -5.53849e+04 2010510 1 1.0925e-01
+2.36365e+04 -5.56017e+04 2010511 1 1.0556e-01
+2.48106e+04 -5.58223e+04 2010512 1 1.0130e-01
+2.59772e+04 -5.60460e+04 2010513 1 9.6382e-02
+2.71364e+04 -5.62719e+04 2010514 1 9.0695e-02
+2.82885e+04 -5.64992e+04 2010515 1 8.6104e-02
+2.94340e+04 -5.67270e+04 2010516 1 8.1099e-02
+3.05731e+04 -5.69545e+04 2010517 1 7.5719e-02
+3.17062e+04 -5.71812e+04 2010518 1 6.9843e-02
+3.28336e+04 -5.74062e+04 2010519 1 6.2896e-02
+3.39552e+04 -5.76292e+04 2010520 1 5.5980e-02
+3.50719e+04 -5.78494e+04 2010521 1 5.1733e-02
+3.61843e+04 -5.80662e+04 2010522 1 4.7767e-02
+3.72927e+04 -5.82792e+04 2010523 1 4.4222e-02
+3.83976e+04 -5.84880e+04 2010524 1 4.1216e-02
+3.94993e+04 -5.86922e+04 2010525 1 3.8884e-02
+4.05982e+04 -5.88914e+04 2010526 1 3.7544e-02
+4.16942e+04 -5.90853e+04 2010527 1 3.7436e-02
+4.27879e+04 -5.92737e+04 2010528 1 3.8047e-02
+4.38797e+04 -5.94564e+04 2010529 1 3.9418e-02
+4.49700e+04 -5.96330e+04 2010530 1 4.1449e-02
+4.60592e+04 -5.98036e+04 2010531 1 4.4071e-02
+2.01244e+01 -5.20096e+04 2010533 1 1.1845e-01
+1.30802e+03 -5.20181e+04 2010534 1 1.1890e-01
+2.59511e+03 -5.20421e+04 2010535 1 1.1955e-01
+3.88061e+03 -5.20814e+04 2010536 1 1.2033e-01
+5.16380e+03 -5.21359e+04 2010537 1 1.2121e-01
+6.44396e+03 -5.22053e+04 2010538 1 1.2216e-01
+7.72039e+03 -5.22892e+04 2010539 1 1.2309e-01
+8.99245e+03 -5.23870e+04 2010540 1 1.2392e-01
+1.02595e+04 -5.24984e+04 2010541 1 1.2463e-01
+1.15210e+04 -5.26227e+04 2010542 1 1.2561e-01
+1.27764e+04 -5.27593e+04 2010543 1 1.2630e-01
+1.40253e+04 -5.29075e+04 2010544 1 1.2665e-01
+1.52672e+04 -5.30664e+04 2010545 1 1.2647e-01
+1.65019e+04 -5.32353e+04 2010546 1 1.2583e-01
+1.77292e+04 -5.34133e+04 2010547 1 1.2467e-01
+1.89487e+04 -5.35996e+04 2010548 1 1.2292e-01
+2.01603e+04 -5.37933e+04 2010549 1 1.2068e-01
+2.13641e+04 -5.39935e+04 2010550 1 1.1840e-01
+2.25600e+04 -5.41993e+04 2010551 1 1.1556e-01
+2.37481e+04 -5.44099e+04 2010552 1 1.1211e-01
+2.49285e+04 -5.46244e+04 2010553 1 1.0815e-01
+2.61012e+04 -5.48420e+04 2010554 1 1.0349e-01
+2.72664e+04 -5.50619e+04 2010555 1 9.8456e-02
+2.84245e+04 -5.52832e+04 2010556 1 9.4103e-02
+2.95757e+04 -5.55051e+04 2010557 1 8.9335e-02
+3.07205e+04 -5.57270e+04 2010558 1 8.4194e-02
+3.18590e+04 -5.59482e+04 2010559 1 7.8501e-02
+3.29915e+04 -5.61680e+04 2010560 1 7.1679e-02
+3.41180e+04 -5.63859e+04 2010561 1 6.5146e-02
+3.52394e+04 -5.66013e+04 2010562 1 6.0793e-02
+3.63561e+04 -5.68136e+04 2010563 1 5.6641e-02
+3.74686e+04 -5.70223e+04 2010564 1 5.2744e-02
+3.85772e+04 -5.72271e+04 2010565 1 4.9224e-02
+3.96824e+04 -5.74274e+04 2010566 1 4.6205e-02
+4.07842e+04 -5.76231e+04 2010567 1 4.3655e-02
+4.18830e+04 -5.78139e+04 2010568 1 4.1958e-02
+4.29790e+04 -5.79993e+04 2010569 1 4.1066e-02
+4.40727e+04 -5.81793e+04 2010570 1 4.0666e-02
+4.51646e+04 -5.83536e+04 2010571 1 4.0866e-02
+4.62549e+04 -5.85220e+04 2010572 1 4.1839e-02
+2.63968e+04 -7.30226e+04 10845 1 2.2914e-01
+2.01959e+01 -5.08995e+04 2010574 1 1.2205e-01
+1.31268e+03 -5.09077e+04 2010575 1 1.2247e-01
+2.60435e+03 -5.09308e+04 2010576 1 1.2308e-01
+3.89449e+03 -5.09688e+04 2010577 1 1.2383e-01
+5.18235e+03 -5.10214e+04 2010578 1 1.2470e-01
+6.46724e+03 -5.10884e+04 2010579 1 1.2564e-01
+7.74848e+03 -5.11693e+04 2010580 1 1.2655e-01
+9.02543e+03 -5.12638e+04 2010581 1 1.2742e-01
+1.02975e+04 -5.13713e+04 2010582 1 1.2826e-01
+1.15641e+04 -5.14914e+04 2010583 1 1.2936e-01
+1.28246e+04 -5.16233e+04 2010584 1 1.3012e-01
+1.40788e+04 -5.17665e+04 2010585 1 1.3048e-01
+1.53261e+04 -5.19202e+04 2010586 1 1.3043e-01
+1.65662e+04 -5.20835e+04 2010587 1 1.2995e-01
+1.77990e+04 -5.22558e+04 2010588 1 1.2892e-01
+1.90241e+04 -5.24361e+04 2010589 1 1.2733e-01
+2.02414e+04 -5.26237e+04 2010590 1 1.2557e-01
+2.14509e+04 -5.28176e+04 2010591 1 1.2346e-01
+2.26526e+04 -5.30172e+04 2010592 1 1.2083e-01
+2.38465e+04 -5.32214e+04 2010593 1 1.1769e-01
+2.50325e+04 -5.34296e+04 2010594 1 1.1398e-01
+2.62109e+04 -5.36408e+04 2010595 1 1.0957e-01
+2.73817e+04 -5.38545e+04 2010596 1 1.0513e-01
+2.85454e+04 -5.40696e+04 2010597 1 1.0097e-01
+2.97020e+04 -5.42856e+04 2010598 1 9.6446e-02
+3.08520e+04 -5.45016e+04 2010599 1 9.1550e-02
+3.19956e+04 -5.47171e+04 2010600 1 8.6064e-02
+3.31330e+04 -5.49314e+04 2010601 1 7.9444e-02
+3.42643e+04 -5.51441e+04 2010602 1 7.3383e-02
+3.53902e+04 -5.53544e+04 2010603 1 6.9054e-02
+3.65112e+04 -5.55619e+04 2010604 1 6.4816e-02
+3.76276e+04 -5.57660e+04 2010605 1 6.0769e-02
+3.87399e+04 -5.59665e+04 2010606 1 5.6998e-02
+3.98484e+04 -5.61628e+04 2010607 1 5.3569e-02
+4.09533e+04 -5.63547e+04 2010608 1 5.0253e-02
+4.20547e+04 -5.65419e+04 2010609 1 4.7365e-02
+4.31531e+04 -5.67242e+04 2010610 1 4.5249e-02
+4.42489e+04 -5.69012e+04 2010611 1 4.3597e-02
+4.53425e+04 -5.70728e+04 2010612 1 4.2509e-02
+4.64342e+04 -5.72388e+04 2010613 1 4.2371e-02
+2.02563e+01 -4.97932e+04 2010615 1 1.2507e-01
+1.31660e+03 -4.98011e+04 2010616 1 1.2547e-01
+2.61216e+03 -4.98234e+04 2010617 1 1.2605e-01
+3.90621e+03 -4.98600e+04 2010618 1 1.2678e-01
+5.19804e+03 -4.99106e+04 2010619 1 1.2761e-01
+6.48696e+03 -4.99752e+04 2010620 1 1.2851e-01
+7.77231e+03 -5.00531e+04 2010621 1 1.2945e-01
+9.05346e+03 -5.01442e+04 2010622 1 1.3035e-01
+1.03298e+04 -5.02479e+04 2010623 1 1.3132e-01
+1.16008e+04 -5.03637e+04 2010624 1 1.3242e-01
+1.28659e+04 -5.04910e+04 2010625 1 1.3317e-01
+1.41246e+04 -5.06292e+04 2010626 1 1.3361e-01
+1.53767e+04 -5.07775e+04 2010627 1 1.3365e-01
+1.66217e+04 -5.09353e+04 2010628 1 1.3324e-01
+1.78593e+04 -5.11017e+04 2010629 1 1.3234e-01
+1.90895e+04 -5.12759e+04 2010630 1 1.3101e-01
+2.03119e+04 -5.14573e+04 2010631 1 1.2953e-01
+2.15266e+04 -5.16449e+04 2010632 1 1.2761e-01
+2.27335e+04 -5.18381e+04 2010633 1 1.2519e-01
+2.39326e+04 -5.20359e+04 2010634 1 1.2226e-01
+2.51239e+04 -5.22376e+04 2010635 1 1.1881e-01
+2.63076e+04 -5.24424e+04 2010636 1 1.1465e-01
+2.74836e+04 -5.26497e+04 2010637 1 1.1074e-01
+2.86524e+04 -5.28585e+04 2010638 1 1.0676e-01
+2.98141e+04 -5.30683e+04 2010639 1 1.0244e-01
+3.09690e+04 -5.32783e+04 2010640 1 9.7650e-02
+3.21174e+04 -5.34879e+04 2010641 1 9.2411e-02
+3.32595e+04 -5.36966e+04 2010642 1 8.5981e-02
+3.43952e+04 -5.39037e+04 2010643 1 8.0440e-02
+3.55255e+04 -5.41088e+04 2010644 1 7.6204e-02
+3.66506e+04 -5.43112e+04 2010645 1 7.2040e-02
+3.77708e+04 -5.45106e+04 2010646 1 6.8005e-02
+3.88867e+04 -5.47065e+04 2010647 1 6.4173e-02
+3.99984e+04 -5.48985e+04 2010648 1 6.0606e-02
+4.11064e+04 -5.50864e+04 2010649 1 5.6895e-02
+4.22106e+04 -5.52699e+04 2010650 1 5.3187e-02
+4.33114e+04 -5.54486e+04 2010651 1 5.0155e-02
+4.44093e+04 -5.56224e+04 2010652 1 4.7597e-02
+4.55047e+04 -5.57910e+04 2010653 1 4.5619e-02
+4.65979e+04 -5.59543e+04 2010654 1 4.4586e-02
+2.26988e+04 -7.34951e+04 10801 1 2.5803e-01
+2.16691e+04 -7.32430e+04 10800 1 2.4964e-01
+2.53513e+04 -7.27666e+04 10844 1 2.2332e-01
+1.70119e+04 -7.35525e+04 10755 1 2.6925e-01
+3.91599e+03 -4.87542e+04 2010659 1 1.2921e-01
+1.60082e+04 -7.33300e+04 10754 1 2.5892e-01
+1.50061e+04 -7.31151e+04 10753 1 2.4935e-01
+5.21115e+03 -4.88030e+04 2010660 1 1.3001e-01
+1.40054e+04 -7.29087e+04 10752 1 2.4023e-01
+6.50347e+03 -4.88651e+04 2010661 1 1.3090e-01
+1.30056e+04 -7.27117e+04 10751 1 2.3118e-01
+7.79230e+03 -4.89401e+04 2010662 1 1.3180e-01
+9.07703e+03 -4.90278e+04 2010663 1 1.3270e-01
+1.03571e+04 -4.91276e+04 2010664 1 1.3375e-01
+1.16318e+04 -4.92391e+04 2010665 1 1.3485e-01
+9.62145e+03 -7.35881e+04 10707 0 2.2412e-01
+1.29008e+04 -4.93618e+04 2010666 1 1.3563e-01
+8.65749e+03 -7.34489e+04 10706 0 2.1646e-01
+6.73306e+03 -7.32106e+04 10704 0 2.0098e-01
+1.41636e+04 -4.94950e+04 2010667 1 1.3608e-01
+7.69476e+03 -7.33229e+04 10705 0 2.0890e-01
+1.54198e+04 -4.96380e+04 2010668 1 1.3617e-01
+1.66690e+04 -4.97901e+04 2010669 1 1.3585e-01
+1.79111e+04 -4.99506e+04 2010670 1 1.3507e-01
+1.91457e+04 -5.01188e+04 2010671 1 1.3404e-01
+2.03727e+04 -5.02939e+04 2010672 1 1.3272e-01
+2.15921e+04 -5.04752e+04 2010673 1 1.3095e-01
+2.28037e+04 -5.06618e+04 2010674 1 1.2873e-01
+2.40076e+04 -5.08531e+04 2010675 1 1.2602e-01
+2.52037e+04 -5.10482e+04 2010676 1 1.2273e-01
+2.63921e+04 -5.12466e+04 2010677 1 1.1877e-01
+2.75730e+04 -5.14473e+04 2010678 1 1.1537e-01
+2.87465e+04 -5.16497e+04 2010679 1 1.1161e-01
+2.99130e+04 -5.18532e+04 2010680 1 1.0747e-01
+3.10725e+04 -5.20570e+04 2010681 1 1.0297e-01
+3.22255e+04 -5.22606e+04 2010682 1 9.7866e-02
+3.33719e+04 -5.24634e+04 2010683 1 9.1612e-02
+3.45119e+04 -5.26649e+04 2010684 1 8.6630e-02
+3.56463e+04 -5.28645e+04 2010685 1 8.2490e-02
+3.67753e+04 -5.30617e+04 2010686 1 7.8390e-02
+3.78993e+04 -5.32561e+04 2010687 1 7.4365e-02
+3.90186e+04 -5.34472e+04 2010688 1 7.0510e-02
+4.01336e+04 -5.36347e+04 2010689 1 6.6871e-02
+4.12445e+04 -5.38184e+04 2010690 1 6.3126e-02
+4.23515e+04 -5.39979e+04 2010691 1 5.9038e-02
+4.34548e+04 -5.41729e+04 2010692 1 5.5378e-02
+4.45549e+04 -5.43432e+04 2010693 1 5.2208e-02
+4.56521e+04 -5.45086e+04 2010694 1 4.9528e-02
+4.67469e+04 -5.46690e+04 2010695 1 4.7829e-02
+2.43084e+04 -7.25091e+04 10843 1 2.1813e-01
+2.06413e+04 -7.29927e+04 10799 1 2.4175e-01
+1.96152e+04 -7.27453e+04 10798 1 2.3471e-01
+1.85905e+04 -7.25019e+04 10797 1 2.2795e-01
+1.75664e+04 -7.22636e+04 10796 1 2.1773e-01
+1.65422e+04 -7.20315e+04 10795 1 2.0837e-01
+1.20066e+04 -7.25252e+04 10750 1 2.2182e-01
+1.55177e+04 -7.18067e+04 10794 1 1.9982e-01
+1.10079e+04 -7.23499e+04 10749 1 2.1141e-01
+1.00094e+04 -7.21868e+04 10748 1 2.0077e-01
+9.01087e+03 -7.20369e+04 10747 1 1.9009e-01
+8.01228e+03 -7.19010e+04 10746 1 1.7840e-01
+7.01350e+03 -7.17798e+04 10745 1 1.7023e-01
+1.79549e+04 -4.88023e+04 2010711 1 1.3722e-01
+6.01443e+03 -7.16737e+04 10744 1 1.6303e-01
+5.77227e+03 -7.31129e+04 10703 0 1.9373e-01
+1.91935e+04 -4.89644e+04 2010712 1 1.3641e-01
+2.04247e+04 -4.91332e+04 2010713 1 1.3519e-01
+2.16482e+04 -4.93080e+04 2010714 1 1.3358e-01
+4.81209e+03 -7.30299e+04 10702 0 1.8912e-01
+2.89312e+03 -7.29093e+04 10700 0 1.8246e-01
+2.28641e+04 -4.94882e+04 2010715 1 1.3155e-01
+3.85247e+03 -7.29615e+04 10701 0 1.8581e-01
+2.40723e+04 -4.96729e+04 2010716 1 1.2897e-01
+2.52728e+04 -4.98614e+04 2010717 1 1.2590e-01
+2.64656e+04 -5.00531e+04 2010718 1 1.2247e-01
+2.76508e+04 -5.02473e+04 2010719 1 1.1923e-01
+2.88288e+04 -5.04432e+04 2010720 1 1.1568e-01
+2.99996e+04 -5.06402e+04 2010721 1 1.1176e-01
+3.11635e+04 -5.08378e+04 2010722 1 1.0746e-01
+3.23207e+04 -5.10352e+04 2010723 1 1.0257e-01
+3.34712e+04 -5.12320e+04 2010724 1 9.6461e-02
+3.46153e+04 -5.14277e+04 2010725 1 9.2048e-02
+3.57536e+04 -5.16216e+04 2010726 1 8.8018e-02
+3.68864e+04 -5.18134e+04 2010727 1 8.4004e-02
+3.80139e+04 -5.20026e+04 2010728 1 8.0055e-02
+3.91366e+04 -5.21888e+04 2010729 1 7.6240e-02
+4.02547e+04 -5.23716e+04 2010730 1 7.2564e-02
+4.13686e+04 -5.25508e+04 2010731 1 6.8818e-02
+4.24782e+04 -5.27261e+04 2010732 1 6.4503e-02
+4.35840e+04 -5.28971e+04 2010733 1 6.0551e-02
+4.46863e+04 -5.30638e+04 2010734 1 5.7005e-02
+4.57855e+04 -5.32258e+04 2010735 1 5.3929e-02
+1.44927e+04 -7.15903e+04 10793 1 1.9117e-01
+2.32670e+04 -7.22511e+04 10842 1 2.0798e-01
+1.91049e+04 -7.12344e+04 10838 1 1.7611e-01
+2.22262e+04 -7.19935e+04 10841 1 1.9881e-01
+1.80634e+04 -7.09896e+04 10837 1 1.6628e-01
+2.01455e+04 -7.14841e+04 10839 1 1.8344e-01
+2.11858e+04 -7.17375e+04 10840 1 1.9068e-01
+1.70202e+04 -7.07508e+04 10836 1 1.5705e-01
+1.59752e+04 -7.05192e+04 10835 1 1.4783e-01
+1.24403e+04 -7.11870e+04 10791 1 1.7357e-01
+1.34670e+04 -7.13833e+04 10792 1 1.8251e-01
+1.14122e+04 -7.10023e+04 10790 1 1.6185e-01
+1.03826e+04 -7.08304e+04 10789 1 1.5262e-01
+9.35150e+03 -7.06720e+04 10788 1 1.4430e-01
+7.28454e+03 -7.03989e+04 10786 1 1.2955e-01
+8.31879e+03 -7.05278e+04 10787 1 1.3667e-01
+5.21181e+03 -7.01892e+04 10784 1 1.1686e-01
+6.24884e+03 -7.02858e+04 10785 1 1.2296e-01
+4.01534e+03 -7.15086e+04 10742 1 1.5030e-01
+5.01504e+03 -7.15833e+04 10743 1 1.5597e-01
+3.13424e+03 -7.00483e+04 10782 1 1.0726e-01
+1.93377e+03 -7.28730e+04 10699 0 1.7928e-01
+2.65288e+04 -4.88620e+04 2010759 1 1.2542e-01
+3.01523e+03 -7.14516e+04 10741 1 1.4552e-01
+2.77181e+04 -4.90495e+04 2010760 1 1.2239e-01
+2.89002e+04 -4.92388e+04 2010761 1 1.1900e-01
+9.74376e+02 -7.28512e+04 10698 0 1.7692e-01
+1.01530e+03 -7.13883e+04 10739 1 1.3827e-01
+3.00750e+04 -4.94294e+04 2010762 1 1.1529e-01
+3.12429e+04 -4.96205e+04 2010763 1 1.1118e-01
+3.24040e+04 -4.98116e+04 2010764 1 1.0652e-01
+3.35584e+04 -5.00023e+04 2010765 1 1.0060e-01
+3.47063e+04 -5.01921e+04 2010766 1 9.6747e-02
+3.58483e+04 -5.03803e+04 2010767 1 9.2844e-02
+3.69847e+04 -5.05665e+04 2010768 1 8.8950e-02
+3.81157e+04 -5.07503e+04 2010769 1 8.5087e-02
+3.92416e+04 -5.09314e+04 2010770 1 8.1330e-02
+4.03628e+04 -5.11093e+04 2010771 1 7.7696e-02
+4.14795e+04 -5.12839e+04 2010772 1 7.4025e-02
+4.25918e+04 -5.14547e+04 2010773 1 6.9575e-02
+4.37000e+04 -5.16216e+04 2010774 1 6.5449e-02
+4.48045e+04 -5.17844e+04 2010775 1 6.1676e-02
+4.59057e+04 -5.19427e+04 2010776 1 5.8351e-02
+1.38788e+04 -7.00824e+04 10833 1 1.3226e-01
+1.28270e+04 -6.98794e+04 10832 1 1.2443e-01
+1.17723e+04 -6.96881e+04 10831 1 1.1651e-01
+1.49281e+04 -7.02961e+04 10834 1 1.3948e-01
+9.65442e+03 -6.93448e+04 10829 1 1.0230e-01
+1.07148e+04 -6.95096e+04 10830 1 1.0894e-01
+7.52552e+03 -6.90603e+04 10827 1 9.0417e-02
+8.59129e+03 -6.91948e+04 10828 1 9.5800e-02
+6.45731e+03 -6.89423e+04 10826 1 8.5150e-02
+4.31454e+03 -6.87584e+04 10824 1 7.6999e-02
+5.38687e+03 -6.88414e+04 10825 1 8.0852e-02
+2.16630e+03 -6.86480e+04 10822 1 7.1430e-02
+4.17351e+03 -7.01097e+04 10783 1 1.1160e-01
+3.24080e+03 -6.86939e+04 10823 1 7.4018e-02
+1.62382e+01 -6.99705e+04 10779 1 9.8885e-02
+2.09471e+03 -7.00052e+04 10781 1 1.0364e-01
+2.01516e+03 -7.14119e+04 10740 1 1.4145e-01
+1.56217e+01 -7.13800e+04 10738 1 1.3646e-01
+1.09156e+03 -6.86204e+04 10821 1 6.9288e-02
+3.36343e+04 -4.87744e+04 2010806 1 1.0443e-01
+3.47859e+04 -4.89581e+04 2010807 1 1.0074e-01
+3.59314e+04 -4.91404e+04 2010808 1 9.6995e-02
+3.70711e+04 -4.93209e+04 2010809 1 9.3243e-02
+1.05538e+03 -6.99794e+04 10780 1 1.0087e-01
+3.82053e+04 -4.94993e+04 2010810 1 8.9506e-02
+3.93344e+04 -4.96751e+04 2010811 1 8.5832e-02
+1.67947e+01 -6.86110e+04 10820 1 6.7743e-02
+1.49919e+01 -7.28435e+04 10697 0 1.7551e-01
+4.04585e+04 -4.98480e+04 2010812 1 8.2264e-02
+4.15779e+04 -5.00177e+04 2010813 1 7.8728e-02
+4.26929e+04 -5.01839e+04 2010814 1 7.4258e-02
+4.38035e+04 -5.03465e+04 2010815 1 7.0034e-02
+4.49102e+04 -5.05051e+04 2010816 1 6.6092e-02
+4.60133e+04 -5.06596e+04 2010817 1 6.2630e-02
+1.05869e+04 -7.37395e+04 10708 0 2.3207e-01
+2.37306e+04 -7.37480e+04 10802 1 2.6787e-01
+4.16647e+04 -4.87524e+04 4010034 1 8.2935e-02
