+4.34844e+01 -1.41124e+04 6010000 1 8.9212e-01
+2.82272e+03 -1.41624e+04 6010001 1 8.9566e-01
+5.57426e+03 -1.43015e+04 6010002 1 9.0515e-01
+8.27315e+03 -1.45265e+04 6010003 1 9.1850e-01
+1.08977e+04 -1.48296e+04 6010004 1 9.3256e-01
+1.34316e+04 -1.52009e+04 6010005 1 9.4475e-01
+1.58637e+04 -1.56299e+04 6010006 1 9.5392e-01
+1.81873e+04 -1.61057e+04 6010007 1 9.5726e-01
+2.03994e+04 -1.66179e+04 6010008 1 9.5643e-01
+2.25021e+04 -1.71573e+04 6010009 1 9.5091e-01
+2.44968e+04 -1.77154e+04 6010010 1 9.3761e-01
+2.63898e+04 -1.82850e+04 6010011 1 9.2633e-01
+2.81864e+04 -1.88599e+04 6010012 1 9.0051e-01
+2.98912e+04 -1.94355e+04 6010013 1 8.8586e-01
+3.15150e+04 -2.00067e+04 6010014 1 8.6706e-01
+3.30578e+04 -2.05710e+04 6010015 1 8.3286e-01
+3.45309e+04 -2.11250e+04 6010016 1 8.1530e-01
+3.59403e+04 -2.16663e+04 6010017 1 7.8868e-01
+3.72872e+04 -2.21936e+04 6010018 1 7.5412e-01
+3.85802e+04 -2.27051e+04 6010019 1 7.3503e-01
+3.98238e+04 -2.31996e+04 6010020 1 7.1311e-01
+4.10225e+04 -2.36763e+04 6010021 1 6.9115e-01
+1.93989e+04 -2.34609e+04 4010334 1 1.2433e+00
+1.07347e+04 -2.10903e+04 4010290 1 1.2371e+00
+8.32445e+03 -2.36870e+04 2010781 1 1.3799e+00
+1.10903e+04 -2.20241e+04 4010208 1 1.2853e+00
+1.37315e+04 -2.14253e+04 4010332 1 1.2351e+00
+7.57084e+03 -2.12734e+04 4010207 1 1.2516e+00
+1.05542e+04 -2.06184e+04 4010331 1 1.2131e+00
+7.18002e+03 -2.00042e+04 4010330 1 1.1859e+00
+5.10764e+01 -1.74101e+04 4010533 1 1.0535e+00
+5.21510e+01 -1.78408e+04 4010492 1 1.0742e+00
+3.45064e+03 -1.83736e+04 4010452 1 1.1013e+00
+5.00015e+01 -1.69701e+04 4010574 1 1.0319e+00
+7.04889e+03 -1.95700e+04 4010371 1 1.1637e+00
+3.17380e+03 -1.66007e+04 4010616 1 1.0150e+00
+4.89254e+01 -1.65205e+04 4010615 1 1.0102e+00
+4.78474e+01 -1.60611e+04 4010656 1 9.8800e-01
+4.67656e+01 -1.55910e+04 4010697 1 9.6488e-01
+3.31233e+03 -1.75048e+04 4010534 1 1.0592e+00
+3.24313e+03 -1.70574e+04 4010575 1 1.0372e+00
+5.98565e+03 -1.58449e+04 4010699 1 9.8031e-01
+4.56789e+01 -1.51100e+04 4010738 1 9.4164e-01
+3.03455e+03 -1.56582e+04 4010698 1 9.6911e-01
+3.10432e+03 -1.61346e+04 4010657 1 9.9253e-01
+5.84972e+03 -1.53409e+04 4010740 1 9.5580e-01
+4.45860e+01 -1.46174e+04 4010779 1 9.1714e-01
+1.11526e+04 -1.54108e+04 4010783 1 9.5864e-01
+4.23735e+01 -1.35947e+04 6010041 1 8.6643e-01
+2.75092e+03 -1.36395e+04 6010042 1 8.6991e-01
+5.43436e+03 -1.37644e+04 6010043 1 8.7919e-01
+8.07007e+03 -1.39665e+04 6010044 1 8.9194e-01
+1.06383e+04 -1.42395e+04 6010045 1 9.0615e-01
+1.31238e+04 -1.45746e+04 6010046 1 9.1918e-01
+1.55156e+04 -1.49626e+04 6010047 1 9.2826e-01
+1.78069e+04 -1.53938e+04 6010048 1 9.3463e-01
+1.99955e+04 -1.58593e+04 6010049 1 9.3611e-01
+2.20806e+04 -1.63504e+04 6010050 1 9.3012e-01
+2.40649e+04 -1.68598e+04 6010051 1 9.2492e-01
+2.59533e+04 -1.73805e+04 6010052 1 9.1192e-01
+2.77479e+04 -1.79074e+04 6010053 1 8.9516e-01
+2.94578e+04 -1.84353e+04 6010054 1 8.8177e-01
+3.10873e+04 -1.89604e+04 6010055 1 8.5024e-01
+3.26395e+04 -1.94797e+04 6010056 1 8.3555e-01
+3.41256e+04 -1.99899e+04 6010057 1 8.1962e-01
+3.55479e+04 -2.04892e+04 6010058 1 7.8758e-01
+3.69086e+04 -2.09761e+04 6010059 1 7.6265e-01
+3.82180e+04 -2.14487e+04 6010060 1 7.4432e-01
+3.94785e+04 -2.19059e+04 6010061 1 7.2257e-01
+4.06941e+04 -2.23470e+04 6010062 1 7.0051e-01
+4.18688e+04 -2.27713e+04 6010063 1 6.7478e-01
+4.30046e+04 -2.31785e+04 6010064 1 6.5167e-01
+4.41069e+04 -2.35681e+04 6010065 1 6.3547e-01
+1.43662e+04 -2.30026e+04 4010209 1 1.3110e+00
+1.41587e+04 -2.24780e+04 4010250 1 1.2852e+00
+6.91724e+01 -2.37347e+04 2010656 1 1.3582e+00
+1.12650e+04 -2.24864e+04 4010167 1 1.3092e+00
+3.51979e+03 -1.87957e+04 4010411 1 1.1223e+00
+5.32266e+01 -1.82629e+04 4010451 1 1.0946e+00
+3.38147e+03 -1.79433e+04 4010493 1 1.0803e+00
+6.12053e+03 -1.63391e+04 4010658 1 1.0044e+00
+4.12501e+01 -1.30629e+04 6010082 1 8.3920e-01
+2.67829e+03 -1.31029e+04 6010083 1 8.4256e-01
+5.29270e+03 -1.32146e+04 6010084 1 8.5170e-01
+7.86398e+03 -1.33955e+04 6010085 1 8.6474e-01
+1.03742e+04 -1.36398e+04 6010086 1 8.7915e-01
+1.28089e+04 -1.39403e+04 6010087 1 8.9268e-01
+1.51580e+04 -1.42892e+04 6010088 1 9.0421e-01
+1.74149e+04 -1.46780e+04 6010089 1 9.1170e-01
+1.95758e+04 -1.50984e+04 6010090 1 9.1357e-01
+2.16407e+04 -1.55431e+04 6010091 1 9.1438e-01
+2.36119e+04 -1.60053e+04 6010092 1 9.0910e-01
+2.54906e+04 -1.64789e+04 6010093 1 8.9723e-01
+2.72827e+04 -1.69587e+04 6010094 1 8.8897e-01
+2.89940e+04 -1.74403e+04 6010095 1 8.7440e-01
+3.06250e+04 -1.79203e+04 6010096 1 8.5131e-01
+3.21857e+04 -1.83954e+04 6010097 1 8.3861e-01
+3.36817e+04 -1.88627e+04 6010098 1 8.2013e-01
+3.51127e+04 -1.93208e+04 6010099 1 7.8643e-01
+3.64867e+04 -1.97677e+04 6010100 1 7.7239e-01
+3.78104e+04 -2.02018e+04 6010101 1 7.5478e-01
+3.90856e+04 -2.06222e+04 6010102 1 7.3323e-01
+4.03163e+04 -2.10281e+04 6010103 1 7.1068e-01
+4.15059e+04 -2.14189e+04 6010104 1 6.8233e-01
+4.26578e+04 -2.17940e+04 6010105 1 6.6580e-01
+4.37761e+04 -2.21531e+04 6010106 1 6.4976e-01
+4.48640e+04 -2.24960e+04 6010107 1 6.3426e-01
+4.59237e+04 -2.28226e+04 6010108 1 6.1852e-01
+2.52495e+04 -2.36868e+04 4010501 1 1.0926e+00
+4.27473e+03 -2.29972e+04 2010780 1 1.3328e+00
+1.09134e+04 -2.15588e+04 4010249 1 1.2612e+00
+7.31077e+03 -2.04325e+04 4010289 1 1.2079e+00
+3.65824e+03 -1.96176e+04 4010329 1 1.1629e+00
+6.65341e+03 -1.82298e+04 4010494 1 1.0967e+00
+9.25204e+03 -1.71837e+04 4010618 1 1.0445e+00
+9.06012e+03 -1.66688e+04 4010659 1 1.0199e+00
+1.16507e+04 -1.65500e+04 4010701 1 1.0098e+00
+8.86659e+03 -1.61464e+04 4010700 1 9.9514e-01
+1.14036e+04 -1.59841e+04 4010742 1 9.8434e-01
+1.40284e+04 -1.64336e+04 4010743 1 9.9563e-01
+8.67104e+03 -1.56156e+04 4010741 1 9.7002e-01
+1.62029e+04 -1.62923e+04 4010785 1 9.7747e-01
+2.89388e+03 -1.46728e+04 4010780 1 9.2093e-01
+8.47332e+03 -1.50758e+04 4010782 1 9.4451e-01
+4.01130e+01 -1.25165e+04 6010123 1 8.1188e-01
+2.60473e+03 -1.25520e+04 6010124 1 8.1505e-01
+5.14899e+03 -1.26510e+04 6010125 1 8.2388e-01
+7.65438e+03 -1.28116e+04 6010126 1 8.3679e-01
+1.01047e+04 -1.30291e+04 6010127 1 8.5172e-01
+1.24867e+04 -1.32972e+04 6010128 1 8.6642e-01
+1.47906e+04 -1.36089e+04 6010129 1 8.7858e-01
+1.70094e+04 -1.39569e+04 6010130 1 8.8779e-01
+1.91404e+04 -1.43344e+04 6010131 1 8.9439e-01
+2.11825e+04 -1.47345e+04 6010132 1 8.9577e-01
+2.31356e+04 -1.51511e+04 6010133 1 8.9115e-01
+2.50032e+04 -1.55790e+04 6010134 1 8.8829e-01
+2.67896e+04 -1.60133e+04 6010135 1 8.8037e-01
+2.84964e+04 -1.64500e+04 6010136 1 8.6138e-01
+3.01294e+04 -1.68859e+04 6010137 1 8.5243e-01
+3.16952e+04 -1.73177e+04 6010138 1 8.4128e-01
+3.31970e+04 -1.77432e+04 6010139 1 8.0728e-01
+3.46354e+04 -1.81608e+04 6010140 1 7.9546e-01
+3.60206e+04 -1.85684e+04 6010141 1 7.8304e-01
+3.73563e+04 -1.89646e+04 6010142 1 7.6596e-01
+3.86440e+04 -1.93488e+04 6010143 1 7.4453e-01
+3.98876e+04 -1.97200e+04 6010144 1 7.1972e-01
+4.10907e+04 -2.00775e+04 6010145 1 6.9868e-01
+4.22573e+04 -2.04209e+04 6010146 1 6.8250e-01
+4.33904e+04 -2.07498e+04 6010147 1 6.6676e-01
+4.44928e+04 -2.10640e+04 6010148 1 6.5143e-01
+4.55674e+04 -2.13634e+04 6010149 1 6.3613e-01
+4.66158e+04 -2.16479e+04 6010150 1 6.2072e-01
+1.71468e+04 -2.35656e+04 4010251 1 1.2961e+00
+1.39471e+04 -2.19524e+04 4010291 1 1.2605e+00
+3.79678e+03 -2.04111e+04 4010247 1 1.2025e+00
+3.72751e+03 -2.00177e+04 4010288 1 1.1829e+00
+3.58899e+03 -1.92103e+04 4010370 1 1.1426e+00
+6.91736e+03 -1.91298e+04 4010412 1 1.1415e+00
+6.78554e+03 -1.86833e+04 4010453 1 1.1192e+00
+6.52092e+03 -1.77691e+04 4010535 1 1.0741e+00
+6.38806e+03 -1.73008e+04 4010576 1 1.0512e+00
+1.21345e+04 -1.76634e+04 4010619 1 1.0600e+00
+6.25462e+03 -1.68242e+04 4010617 1 1.0279e+00
+1.18943e+04 -1.71096e+04 4010660 1 1.0351e+00
+2.96443e+03 -1.51710e+04 4010739 1 9.4551e-01
+2.07894e+04 -1.73754e+04 4010787 1 9.7657e-01
+3.89598e+01 -1.19543e+04 6010164 1 7.8198e-01
+2.53009e+03 -1.19856e+04 6010165 1 7.8532e-01
+5.00307e+03 -1.20729e+04 6010166 1 7.9455e-01
+7.44120e+03 -1.22147e+04 6010167 1 8.0799e-01
+9.82973e+03 -1.24067e+04 6010168 1 8.2343e-01
+1.21564e+04 -1.26438e+04 6010169 1 8.3884e-01
+1.44123e+04 -1.29202e+04 6010170 1 8.5333e-01
+1.65910e+04 -1.32298e+04 6010171 1 8.6519e-01
+1.86888e+04 -1.35662e+04 6010172 1 8.7257e-01
+2.07036e+04 -1.39234e+04 6010173 1 8.7609e-01
+2.26366e+04 -1.42964e+04 6010174 1 8.7890e-01
+2.44903e+04 -1.46801e+04 6010175 1 8.7703e-01
+2.62658e+04 -1.50703e+04 6010176 1 8.6456e-01
+2.79667e+04 -1.54635e+04 6010177 1 8.6013e-01
+2.95989e+04 -1.58563e+04 6010178 1 8.5346e-01
+3.11667e+04 -1.62461e+04 6010179 1 8.4228e-01
+3.26694e+04 -1.66308e+04 6010180 1 8.1513e-01
+3.41151e+04 -1.70087e+04 6010181 1 8.0565e-01
+3.55090e+04 -1.73778e+04 6010182 1 7.9517e-01
+3.68543e+04 -1.77371e+04 6010183 1 7.7780e-01
+3.81524e+04 -1.80856e+04 6010184 1 7.5553e-01
+3.94065e+04 -1.84227e+04 6010185 1 7.2889e-01
+4.06219e+04 -1.87475e+04 6010186 1 7.1730e-01
+4.18017e+04 -1.90596e+04 6010187 1 7.0169e-01
+4.29482e+04 -1.93587e+04 6010188 1 6.8637e-01
+4.40641e+04 -1.96446e+04 6010189 1 6.7141e-01
+4.51522e+04 -1.99170e+04 6010190 1 6.5683e-01
+4.62144e+04 -2.01761e+04 6010191 1 6.4164e-01
+7.69986e+03 -2.16864e+04 4010166 1 1.2733e+00
+7.44111e+03 -2.08556e+04 4010248 1 1.2298e+00
+5.86278e+01 -2.02524e+04 4010246 1 1.1917e+00
+5.64621e+01 -1.94795e+04 4010328 1 1.1538e+00
+5.43033e+01 -1.86765e+04 4010410 1 1.1149e+00
+9.81812e+03 -1.86881e+04 4010495 1 1.1171e+00
+9.63085e+03 -1.81927e+04 4010536 1 1.0931e+00
+1.23717e+04 -1.82120e+04 4010578 1 1.0852e+00
+1.46016e+04 -1.76451e+04 4010661 1 1.0458e+00
+1.43179e+04 -1.70416e+04 4010702 1 1.0211e+00
+1.89125e+04 -1.75210e+04 4010745 1 1.0020e+00
+2.11642e+04 -1.81324e+04 4010746 1 9.9839e-01
+2.29051e+04 -1.79646e+04 4010788 1 9.6886e-01
+3.77878e+01 -1.13749e+04 6010205 1 7.5196e-01
+2.45419e+03 -1.14023e+04 6010206 1 7.5520e-01
+4.85444e+03 -1.14785e+04 6010207 1 7.6438e-01
+7.22361e+03 -1.16025e+04 6010208 1 7.7808e-01
+9.54845e+03 -1.17709e+04 6010209 1 7.9448e-01
+1.18179e+04 -1.19792e+04 6010210 1 8.1158e-01
+1.40233e+04 -1.22225e+04 6010211 1 8.2743e-01
+1.61583e+04 -1.24952e+04 6010212 1 8.3979e-01
+1.82190e+04 -1.27923e+04 6010213 1 8.5158e-01
+2.02045e+04 -1.31089e+04 6010214 1 8.6010e-01
+2.21145e+04 -1.34400e+04 6010215 1 8.6423e-01
+2.39492e+04 -1.37812e+04 6010216 1 8.5976e-01
+2.57109e+04 -1.41289e+04 6010217 1 8.6055e-01
+2.74042e+04 -1.44799e+04 6010218 1 8.5882e-01
+2.90323e+04 -1.48312e+04 6010219 1 8.5279e-01
+3.05962e+04 -1.51801e+04 6010220 1 8.3031e-01
+3.21002e+04 -1.55252e+04 6010221 1 8.2434e-01
+3.35503e+04 -1.58643e+04 6010222 1 8.1690e-01
+3.49504e+04 -1.61959e+04 6010223 1 8.0824e-01
+3.63028e+04 -1.65189e+04 6010224 1 7.8950e-01
+3.76086e+04 -1.68327e+04 6010225 1 7.5772e-01
+3.88718e+04 -1.71363e+04 6010226 1 7.4788e-01
+4.00980e+04 -1.74290e+04 6010227 1 7.3759e-01
+4.12895e+04 -1.77104e+04 6010228 1 7.2377e-01
+4.24480e+04 -1.79802e+04 6010229 1 7.0901e-01
+4.35762e+04 -1.82382e+04 6010230 1 6.9445e-01
+4.46766e+04 -1.84842e+04 6010231 1 6.8020e-01
+4.57515e+04 -1.87181e+04 6010232 1 6.6624e-01
+4.68027e+04 -1.89400e+04 6010233 1 6.5113e-01
+7.95489e+03 -2.24988e+04 4010084 1 1.3161e+00
+1.69182e+04 -2.29753e+04 4010292 1 1.2713e+00
+3.86604e+03 -2.07981e+04 4010206 1 1.2220e+00
+1.01888e+04 -1.96626e+04 4010413 1 1.1651e+00
+1.26058e+04 -1.87559e+04 4010537 1 1.1099e+00
+9.44217e+03 -1.76914e+04 4010577 1 1.0688e+00
+1.74763e+04 -1.89083e+04 4010621 1 1.0746e+00
+1.48803e+04 -1.82448e+04 4010620 1 1.0713e+00
+1.71700e+04 -1.82578e+04 4010662 1 1.0513e+00
+2.68023e+04 -1.91927e+04 4010790 1 9.3648e-01
+2.49084e+04 -1.85729e+04 4010789 1 9.5520e-01
+1.37332e+04 -1.58203e+04 4010784 1 9.7067e-01
+5.71269e+03 -1.48269e+04 4010781 1 9.3087e-01
+3.65955e+01 -1.07774e+04 6010246 1 7.1930e-01
+2.37694e+03 -1.08013e+04 6010247 1 7.2278e-01
+4.70303e+03 -1.08672e+04 6010248 1 7.3258e-01
+7.00156e+03 -1.09747e+04 6010249 1 7.4722e-01
+9.26060e+03 -1.11207e+04 6010250 1 7.6459e-01
+1.14699e+04 -1.13016e+04 6010251 1 7.8270e-01
+1.36217e+04 -1.15134e+04 6010252 1 8.0083e-01
+1.57103e+04 -1.17517e+04 6010253 1 8.1751e-01
+1.77319e+04 -1.20119e+04 6010254 1 8.3154e-01
+1.96843e+04 -1.22896e+04 6010255 1 8.4140e-01
+2.15661e+04 -1.25804e+04 6010256 1 8.4605e-01
+2.33791e+04 -1.28811e+04 6010257 1 8.5258e-01
+2.51254e+04 -1.31882e+04 6010258 1 8.5630e-01
+2.68073e+04 -1.34985e+04 6010259 1 8.5553e-01
+2.84262e+04 -1.38095e+04 6010260 1 8.3972e-01
+2.99843e+04 -1.41192e+04 6010261 1 8.3793e-01
+3.14876e+04 -1.44256e+04 6010262 1 8.3447e-01
+3.29395e+04 -1.47271e+04 6010263 1 8.2946e-01
+3.43431e+04 -1.50223e+04 6010264 1 8.2162e-01
+3.56996e+04 -1.53101e+04 6010265 1 7.9783e-01
+3.70104e+04 -1.55900e+04 6010266 1 7.7712e-01
+3.82818e+04 -1.58608e+04 6010267 1 7.6896e-01
+3.95171e+04 -1.61222e+04 6010268 1 7.6025e-01
+4.07185e+04 -1.63735e+04 6010269 1 7.4868e-01
+4.18877e+04 -1.66147e+04 6010270 1 7.3457e-01
+4.30270e+04 -1.68453e+04 6010271 1 7.2058e-01
+4.41388e+04 -1.70654e+04 6010272 1 7.0669e-01
+4.52252e+04 -1.72747e+04 6010273 1 6.9299e-01
+4.62883e+04 -1.74733e+04 6010274 1 6.7946e-01
+6.61470e+01 -2.27491e+04 2010779 1 1.3130e+00
+6.71810e+01 -2.30826e+04 2010738 1 1.3286e+00
+1.14371e+04 -2.29461e+04 4010126 1 1.3336e+00
+7.82799e+03 -2.20948e+04 4010125 1 1.2948e+00
+3.93517e+03 -2.11788e+04 4010165 1 1.2413e+00
+5.53816e+01 -1.90819e+04 4010369 1 1.1345e+00
+1.77750e+04 -1.95576e+04 4010580 1 1.0993e+00
+1.51536e+04 -1.88412e+04 4010579 1 1.0956e+00
+1.95934e+04 -1.89307e+04 4010663 1 1.0481e+00
+1.92584e+04 -1.82262e+04 4010704 1 1.0264e+00
+2.52982e+04 -1.94333e+04 4010748 1 9.7165e-01
+2.85970e+04 -1.98171e+04 4010791 1 9.1887e-01
+1.85555e+04 -1.68145e+04 4010786 1 9.8081e-01
+3.53789e+01 -1.01596e+04 6010287 1 6.8600e-01
+2.29807e+03 -1.01801e+04 6010288 1 6.8953e-01
+4.54821e+03 -1.02365e+04 6010289 1 6.9960e-01
+6.77406e+03 -1.03286e+04 6010290 1 7.1488e-01
+8.96507e+03 -1.04540e+04 6010291 1 7.3366e-01
+1.11122e+04 -1.06097e+04 6010292 1 7.5415e-01
+1.32080e+04 -1.07923e+04 6010293 1 7.7454e-01
+1.52471e+04 -1.09981e+04 6010294 1 7.9317e-01
+1.72252e+04 -1.12231e+04 6010295 1 8.0803e-01
+1.91401e+04 -1.14637e+04 6010296 1 8.2266e-01
+2.09917e+04 -1.17167e+04 6010297 1 8.3523e-01
+2.27803e+04 -1.19788e+04 6010298 1 8.4469e-01
+2.45070e+04 -1.22468e+04 6010299 1 8.4949e-01
+2.61726e+04 -1.25180e+04 6010300 1 8.4220e-01
+2.77788e+04 -1.27905e+04 6010301 1 8.4540e-01
+2.93302e+04 -1.30623e+04 6010302 1 8.4664e-01
+3.08299e+04 -1.33315e+04 6010303 1 8.4595e-01
+3.22805e+04 -1.35967e+04 6010304 1 8.4276e-01
+3.36845e+04 -1.38565e+04 6010305 1 8.2988e-01
+3.50413e+04 -1.41103e+04 6010306 1 8.0447e-01
+3.63567e+04 -1.43571e+04 6010307 1 7.9910e-01
+3.76343e+04 -1.45963e+04 6010308 1 7.9286e-01
+3.88768e+04 -1.48271e+04 6010309 1 7.8584e-01
+4.00866e+04 -1.50493e+04 6010310 1 7.7690e-01
+4.12650e+04 -1.52625e+04 6010311 1 7.6354e-01
+4.24142e+04 -1.54665e+04 6010312 1 7.5015e-01
+4.35363e+04 -1.56612e+04 6010313 1 7.3673e-01
+4.46334e+04 -1.58465e+04 6010314 1 7.2339e-01
+4.57075e+04 -1.60224e+04 6010315 1 7.1007e-01
+4.67604e+04 -1.61888e+04 6010316 1 6.9681e-01
+6.81919e+01 -2.34111e+04 2010697 1 1.3437e+00
+5.75443e+01 -1.98696e+04 4010287 1 1.1730e+00
+1.03722e+04 -2.01425e+04 4010372 1 1.1890e+00
+1.32904e+04 -2.03657e+04 4010414 1 1.1850e+00
+1.30653e+04 -1.98323e+04 4010455 1 1.1599e+00
+1.00040e+04 -1.91778e+04 4010454 1 1.1411e+00
+1.28370e+04 -1.92959e+04 4010496 1 1.1351e+00
+1.54218e+04 -1.94352e+04 4010538 1 1.1211e+00
+2.36601e+04 -1.95836e+04 4010706 1 1.0058e+00
+2.15252e+04 -1.88898e+04 4010705 1 1.0174e+00
+1.68556e+04 -1.76054e+04 4010703 1 1.0262e+00
+2.71922e+04 -2.01044e+04 4010749 1 9.4534e-01
+1.65335e+04 -1.69505e+04 4010744 1 1.0027e+00
+3.41370e+01 -9.52044e+03 6010328 1 6.4956e-01
+2.21753e+03 -9.53793e+03 6010329 1 6.5348e-01
+4.39002e+03 -9.58562e+03 6010330 1 6.6451e-01
+6.54132e+03 -9.66348e+03 6010331 1 6.8122e-01
+8.66206e+03 -9.76962e+03 6010332 1 7.0172e-01
+1.07440e+04 -9.90160e+03 6010333 1 7.2384e-01
+1.27804e+04 -1.00566e+04 6010334 1 7.4603e-01
+1.47661e+04 -1.02318e+04 6010335 1 7.6833e-01
+1.66977e+04 -1.04240e+04 6010336 1 7.8912e-01
+1.85730e+04 -1.06303e+04 6010337 1 8.0764e-01
+2.03906e+04 -1.08474e+04 6010338 1 8.2292e-01
+2.21505e+04 -1.10726e+04 6010339 1 8.3330e-01
+2.38524e+04 -1.13033e+04 6010340 1 8.3658e-01
+2.54983e+04 -1.15375e+04 6010341 1 8.4552e-01
+2.70907e+04 -1.17732e+04 6010342 1 8.5216e-01
+2.86321e+04 -1.20086e+04 6010343 1 8.5644e-01
+3.01247e+04 -1.22421e+04 6010344 1 8.5780e-01
+3.15708e+04 -1.24722e+04 6010345 1 8.5547e-01
+3.29705e+04 -1.26981e+04 6010346 1 8.2888e-01
+3.43270e+04 -1.29190e+04 6010347 1 8.2699e-01
+3.56450e+04 -1.31340e+04 6010348 1 8.2378e-01
+3.69268e+04 -1.33425e+04 6010349 1 8.1951e-01
+3.81747e+04 -1.35439e+04 6010350 1 8.1426e-01
+3.93910e+04 -1.37377e+04 6010351 1 8.0808e-01
+4.05772e+04 -1.39239e+04 6010352 1 7.9595e-01
+4.17350e+04 -1.41021e+04 6010353 1 7.8322e-01
+4.28663e+04 -1.42722e+04 6010354 1 7.7037e-01
+4.39733e+04 -1.44342e+04 6010355 1 7.5738e-01
+4.50577e+04 -1.45879e+04 6010356 1 7.4431e-01
+4.61212e+04 -1.47334e+04 6010357 1 7.3117e-01
+1.45692e+04 -2.35265e+04 4010168 1 1.3361e+00
+6.07969e+01 -2.09972e+04 4010164 1 1.2282e+00
+1.66833e+04 -2.23857e+04 4010333 1 1.2456e+00
+1.59425e+04 -2.06177e+04 4010456 1 1.1712e+00
+2.05347e+04 -2.10469e+04 4010540 1 1.1161e+00
+1.56847e+04 -2.00271e+04 4010497 1 1.1454e+00
+1.99180e+04 -1.96352e+04 4010622 1 1.0714e+00
+2.18728e+04 -1.96482e+04 4010664 1 1.0396e+00
+2.75584e+04 -2.10207e+04 4010708 1 9.6471e-01
+3.62918e+04 -2.28521e+04 4010796 1 7.8641e-01
+3.48985e+04 -2.22682e+04 4010795 1 8.1113e-01
+3.02953e+04 -2.04411e+04 4010792 1 8.8879e-01
+3.28651e+01 -8.85684e+03 6010369 1 6.1248e-01
+2.13502e+03 -8.87147e+03 6010370 1 6.1657e-01
+4.22779e+03 -8.91101e+03 6010371 1 6.2816e-01
+6.30220e+03 -8.97574e+03 6010372 1 6.4594e-01
+8.35002e+03 -9.06422e+03 6010373 1 6.6830e-01
+1.03640e+04 -9.17458e+03 6010374 1 6.9341e-01
+1.23382e+04 -9.30456e+03 6010375 1 7.1952e-01
+1.42680e+04 -9.45167e+03 6010376 1 7.4518e-01
+1.61497e+04 -9.61337e+03 6010377 1 7.6914e-01
+1.79808e+04 -9.78704e+03 6010378 1 7.8987e-01
+1.97598e+04 -9.97019e+03 6010379 1 8.0527e-01
+2.14860e+04 -1.01606e+04 6010380 1 8.2175e-01
+2.31607e+04 -1.03564e+04 6010381 1 8.3707e-01
+2.47848e+04 -1.05555e+04 6010382 1 8.4975e-01
+2.63598e+04 -1.07563e+04 6010383 1 8.5968e-01
+2.78873e+04 -1.09570e+04 6010384 1 8.6618e-01
+2.93692e+04 -1.11563e+04 6010385 1 8.6831e-01
+3.08059e+04 -1.13530e+04 6010386 1 8.4928e-01
+3.21995e+04 -1.15465e+04 6010387 1 8.5154e-01
+3.35543e+04 -1.17358e+04 6010388 1 8.5226e-01
+3.48725e+04 -1.19203e+04 6010389 1 8.5154e-01
+3.61563e+04 -1.20993e+04 6010390 1 8.4949e-01
+3.74077e+04 -1.22723e+04 6010391 1 8.4618e-01
+3.86287e+04 -1.24390e+04 6010392 1 8.4170e-01
+3.98212e+04 -1.25990e+04 6010393 1 8.3246e-01
+4.09862e+04 -1.27523e+04 6010394 1 8.2045e-01
+4.21257e+04 -1.28987e+04 6010395 1 8.0811e-01
+4.32416e+04 -1.30382e+04 6010396 1 7.9554e-01
+4.43355e+04 -1.31705e+04 6010397 1 7.8272e-01
+4.54092e+04 -1.32958e+04 6010398 1 7.6971e-01
+4.64640e+04 -1.34141e+04 6010399 1 7.5656e-01
+4.40365e+03 -2.36891e+04 2010698 1 1.3667e+00
+4.00410e+03 -2.15535e+04 4010124 1 1.2602e+00
+5.97125e+01 -2.06282e+04 4010205 1 1.2100e+00
+1.61952e+04 -2.12073e+04 4010415 1 1.1954e+00
+1.83489e+04 -2.08552e+04 4010498 1 1.1476e+00
+1.80656e+04 -2.02064e+04 4010539 1 1.1229e+00
+2.02313e+04 -2.03404e+04 4010581 1 1.0935e+00
+2.22059e+04 -2.04085e+04 4010623 1 1.0595e+00
+2.56680e+04 -2.02971e+04 4010707 1 9.8448e-01
+3.06708e+04 -2.14527e+04 4010751 1 8.9143e-01
+2.89797e+04 -2.07796e+04 4010750 1 9.2744e-01
+2.32913e+04 -1.87731e+04 4010747 1 9.8411e-01
+3.15619e+01 -8.16721e+03 6010410 1 5.7070e-01
+2.05050e+03 -8.17925e+03 6010411 1 5.7536e-01
+4.06148e+03 -8.21152e+03 6010412 1 5.8855e-01
+6.05675e+03 -8.26447e+03 6010413 1 6.0873e-01
+8.02907e+03 -8.33696e+03 6010414 1 6.3395e-01
+9.97223e+03 -8.42740e+03 6010415 1 6.6203e-01
+1.18810e+04 -8.53399e+03 6010416 1 6.9104e-01
+1.37507e+04 -8.65483e+03 6010417 1 7.1917e-01
+1.55779e+04 -8.78783e+03 6010418 1 7.4539e-01
+1.73606e+04 -8.93119e+03 6010419 1 7.7207e-01
+1.90973e+04 -9.08300e+03 6010420 1 7.9666e-01
+2.07877e+04 -9.24135e+03 6010421 1 8.1882e-01
+2.24316e+04 -9.40441e+03 6010422 1 8.3804e-01
+2.40298e+04 -9.57052e+03 6010423 1 8.5417e-01
+2.55831e+04 -9.73817e+03 6010424 1 8.6622e-01
+2.70926e+04 -9.90598e+03 6010425 1 8.7264e-01
+2.85585e+04 -1.00728e+04 6010426 1 8.6461e-01
+2.99833e+04 -1.02380e+04 6010427 1 8.7194e-01
+3.13698e+04 -1.04006e+04 6010428 1 8.7737e-01
+3.27200e+04 -1.05600e+04 6010429 1 8.8099e-01
+3.40359e+04 -1.07154e+04 6010430 1 8.8290e-01
+3.53194e+04 -1.08663e+04 6010431 1 8.8318e-01
+3.65723e+04 -1.10122e+04 6010432 1 8.8195e-01
+3.77963e+04 -1.11529e+04 6010433 1 8.7924e-01
+3.89933e+04 -1.12881e+04 6010434 1 8.7336e-01
+4.01642e+04 -1.14175e+04 6010435 1 8.6208e-01
+4.13108e+04 -1.15413e+04 6010436 1 8.5032e-01
+4.24346e+04 -1.16591e+04 6010437 1 8.3813e-01
+4.35374e+04 -1.17710e+04 6010438 1 8.2560e-01
+4.46207e+04 -1.18769e+04 6010439 1 8.1274e-01
+4.56858e+04 -1.19769e+04 6010440 1 7.9962e-01
+4.67341e+04 -1.20711e+04 6010441 1 7.8625e-01
+1.64421e+04 -2.17965e+04 4010374 1 1.2211e+00
+2.66573e+04 -2.29142e+04 4010584 1 1.0308e+00
+2.46647e+04 -2.20333e+04 4010583 1 1.0599e+00
+2.79002e+04 -2.19424e+04 4010667 1 9.7612e-01
+1.35126e+04 -2.08966e+04 4010373 1 1.2101e+00
+3.02235e+01 -7.44812e+03 6010451 1 5.2902e-01
+1.96365e+03 -7.45774e+03 6010452 1 5.3415e-01
+3.89042e+03 -7.48329e+03 6010453 1 5.4853e-01
+5.80374e+03 -7.52540e+03 6010454 1 5.7036e-01
+7.69752e+03 -7.58313e+03 6010455 1 5.9772e-01
+9.56663e+03 -7.65528e+03 6010456 1 6.2888e-01
+1.14061e+04 -7.74068e+03 6010457 1 6.6216e-01
+1.32122e+04 -7.83783e+03 6010458 1 6.9585e-01
+1.49819e+04 -7.94518e+03 6010459 1 7.2895e-01
+1.67128e+04 -8.06114e+03 6010460 1 7.6035e-01
+1.84038e+04 -8.18412e+03 6010461 1 7.8947e-01
+2.00537e+04 -8.31258e+03 6010462 1 8.1546e-01
+2.16624e+04 -8.44506e+03 6010463 1 8.3793e-01
+2.32300e+04 -8.58021e+03 6010464 1 8.5550e-01
+2.47566e+04 -8.71676e+03 6010465 1 8.6440e-01
+2.62426e+04 -8.85374e+03 6010466 1 8.7377e-01
+2.76905e+04 -8.99045e+03 6010467 1 8.8710e-01
+2.91018e+04 -9.12598e+03 6010468 1 8.9811e-01
+3.04780e+04 -9.25961e+03 6010469 1 9.0692e-01
+3.18208e+04 -9.39067e+03 6010470 1 9.1361e-01
+3.31317e+04 -9.51861e+03 6010471 1 9.1828e-01
+3.44124e+04 -9.64296e+03 6010472 1 9.2093e-01
+3.56646e+04 -9.76331e+03 6010473 1 9.2181e-01
+3.68897e+04 -9.87938e+03 6010474 1 9.2101e-01
+3.80894e+04 -9.99091e+03 6010475 1 9.1866e-01
+3.92649e+04 -1.00978e+04 6010476 1 9.0869e-01
+4.04173e+04 -1.01999e+04 6010477 1 8.9741e-01
+4.15482e+04 -1.02973e+04 6010478 1 8.8565e-01
+4.26591e+04 -1.03897e+04 6010479 1 8.7334e-01
+4.37514e+04 -1.04773e+04 6010480 1 8.6057e-01
+4.48265e+04 -1.05600e+04 6010481 1 8.4745e-01
+4.58855e+04 -1.06378e+04 6010482 1 8.3397e-01
+1.86238e+04 -2.15046e+04 4010457 1 1.1710e+00
+2.63480e+04 -2.20369e+04 4010625 1 1.0183e+00
+1.16063e+04 -2.34035e+04 4010085 1 1.3577e+00
+3.22692e+04 -2.21199e+04 4010752 1 8.7135e-01
+2.88452e+01 -6.69530e+03 6010492 1 4.8021e-01
+1.87422e+03 -6.70280e+03 6010493 1 4.8614e-01
+3.71414e+03 -6.72261e+03 6010494 1 5.0285e-01
+5.54276e+03 -6.75543e+03 6010495 1 5.2847e-01
+7.35542e+03 -6.80027e+03 6010496 1 5.6056e-01
+9.14726e+03 -6.85650e+03 6010497 1 5.9688e-01
+1.09143e+04 -6.92308e+03 6010498 1 6.3522e-01
+1.26532e+04 -6.99892e+03 6010499 1 6.7401e-01
+1.43611e+04 -7.08285e+03 6010500 1 7.1175e-01
+1.60360e+04 -7.17363e+03 6010501 1 7.4747e-01
+1.76761e+04 -7.27006e+03 6010502 1 7.7992e-01
+1.92806e+04 -7.37092e+03 6010503 1 8.0816e-01
+2.08487e+04 -7.47510e+03 6010504 1 8.2974e-01
+2.23801e+04 -7.58161e+03 6010505 1 8.5263e-01
+2.38759e+04 -7.68973e+03 6010506 1 8.7570e-01
+2.53369e+04 -7.79860e+03 6010507 1 8.9596e-01
+2.67639e+04 -7.90738e+03 6010508 1 9.1347e-01
+2.81580e+04 -8.01540e+03 6010509 1 9.2835e-01
+2.95205e+04 -8.12202e+03 6010510 1 9.4070e-01
+3.08525e+04 -8.22671e+03 6010511 1 9.5058e-01
+3.21556e+04 -8.32900e+03 6010512 1 9.5805e-01
+3.34310e+04 -8.42850e+03 6010513 1 9.6330e-01
+3.46801e+04 -8.52488e+03 6010514 1 9.6647e-01
+3.59043e+04 -8.61788e+03 6010515 1 9.6769e-01
+3.71050e+04 -8.70729e+03 6010516 1 9.6709e-01
+3.82834e+04 -8.79298e+03 6010517 1 9.6102e-01
+3.94404e+04 -8.87491e+03 6010518 1 9.5026e-01
+4.05774e+04 -8.95301e+03 6010519 1 9.3878e-01
+4.16956e+04 -9.02722e+03 6010520 1 9.2663e-01
+4.27965e+04 -9.09751e+03 6010521 1 9.1394e-01
+4.38812e+04 -9.16388e+03 6010522 1 9.0074e-01
+4.49508e+04 -9.22635e+03 6010523 1 8.8708e-01
+4.60065e+04 -9.28496e+03 6010524 1 8.7301e-01
+2.34012e+04 -2.34779e+04 4010459 1 1.1405e+00
+4.07271e+03 -2.19225e+04 4010083 1 1.2788e+00
+6.18794e+01 -2.13596e+04 4010123 1 1.2460e+00
+1.88909e+04 -2.21550e+04 4010416 1 1.1954e+00
+2.25260e+04 -2.11709e+04 4010582 1 1.0787e+00
+2.43470e+04 -2.12131e+04 4010624 1 1.0388e+00
+2.40115e+04 -2.03968e+04 4010665 1 1.0230e+00
+4.14084e+03 -2.22860e+04 4010042 1 1.2972e+00
+3.52289e+04 -2.34195e+04 4010754 1 8.0745e-01
+1.91490e+04 -2.28070e+04 4010375 1 1.2191e+00
+3.76231e+04 -2.34202e+04 4010797 1 7.5415e-01
+4.34000e+03 -2.33454e+04 2010739 1 1.3500e+00
+2.74277e+01 -5.90664e+03 6010533 1 4.2947e-01
+1.78223e+03 -5.91223e+03 6010534 1 4.3647e-01
+3.53260e+03 -5.92697e+03 6010535 1 4.5611e-01
+5.27379e+03 -5.95136e+03 6010536 1 4.8580e-01
+7.00197e+03 -5.98471e+03 6010537 1 5.2259e-01
+8.71297e+03 -6.02660e+03 6010538 1 5.6363e-01
+1.04037e+04 -6.07622e+03 6010539 1 6.0654e-01
+1.20709e+04 -6.13284e+03 6010540 1 6.4929e-01
+1.37123e+04 -6.19557e+03 6010541 1 6.9024e-01
+1.53257e+04 -6.26353e+03 6010542 1 7.2853e-01
+1.69098e+04 -6.33598e+03 6010543 1 7.6766e-01
+1.84639e+04 -6.41215e+03 6010544 1 8.0440e-01
+1.99873e+04 -6.49120e+03 6010545 1 8.3836e-01
+2.14798e+04 -6.57234e+03 6010546 1 8.6945e-01
+2.29417e+04 -6.65487e+03 6010547 1 8.9752e-01
+2.43732e+04 -6.73808e+03 6010548 1 9.2241e-01
+2.57751e+04 -6.82136e+03 6010549 1 9.4429e-01
+2.71480e+04 -6.90416e+03 6010550 1 9.6320e-01
+2.84930e+04 -6.98600e+03 6010551 1 9.7924e-01
+2.98110e+04 -7.06646e+03 6010552 1 9.9243e-01
+3.11030e+04 -7.14514e+03 6010553 1 1.0029e+00
+3.23703e+04 -7.22174e+03 6010554 1 1.0109e+00
+3.36139e+04 -7.29601e+03 6010555 1 1.0165e+00
+3.48350e+04 -7.36772e+03 6010556 1 1.0198e+00
+3.60347e+04 -7.43670e+03 6010557 1 1.0211e+00
+3.72143e+04 -7.50283e+03 6010558 1 1.0200e+00
+3.83746e+04 -7.56606e+03 6010559 1 1.0096e+00
+3.95166e+04 -7.62636e+03 6010560 1 9.9832e-01
+4.06415e+04 -7.68367e+03 6010561 1 9.8630e-01
+4.17504e+04 -7.73798e+03 6010562 1 9.7355e-01
+4.28444e+04 -7.78926e+03 6010563 1 9.6019e-01
+4.39246e+04 -7.83753e+03 6010564 1 9.4627e-01
+4.49919e+04 -7.88282e+03 6010565 1 9.3185e-01
+4.60473e+04 -7.92517e+03 6010566 1 9.1697e-01
+2.11079e+04 -2.24659e+04 4010458 1 1.1594e+00
+3.34412e+04 -2.16696e+04 4010794 1 8.3017e-01
+2.59607e+01 -5.07358e+03 6010574 1 3.7701e-01
+1.68701e+03 -5.07749e+03 6010575 1 3.8498e-01
+3.34446e+03 -5.08789e+03 6010576 1 4.0726e-01
+4.99484e+03 -5.10489e+03 6010577 1 4.4090e-01
+6.63460e+03 -5.12839e+03 6010578 1 4.8259e-01
+8.26103e+03 -5.15785e+03 6010579 1 5.2928e-01
+9.87094e+03 -5.19296e+03 6010580 1 5.7851e-01
+1.14623e+04 -5.23314e+03 6010581 1 6.2857e-01
+1.30328e+04 -5.27786e+03 6010582 1 6.7795e-01
+1.45808e+04 -5.32655e+03 6010583 1 7.2584e-01
+1.61051e+04 -5.37858e+03 6010584 1 7.7150e-01
+1.76047e+04 -5.43338e+03 6010585 1 8.1436e-01
+1.90789e+04 -5.49036e+03 6010586 1 8.5421e-01
+2.05276e+04 -5.54896e+03 6010587 1 8.9084e-01
+2.19505e+04 -5.60866e+03 6010588 1 9.2402e-01
+2.33479e+04 -5.66894e+03 6010589 1 9.5379e-01
+2.47200e+04 -5.72937e+03 6010590 1 9.8020e-01
+2.60675e+04 -5.78955e+03 6010591 1 1.0033e+00
+2.73910e+04 -5.84910e+03 6010592 1 1.0232e+00
+2.86911e+04 -5.90772e+03 6010593 1 1.0399e+00
+2.99688e+04 -5.96511e+03 6010594 1 1.0536e+00
+3.12249e+04 -6.02104e+03 6010595 1 1.0644e+00
+3.24602e+04 -6.07531e+03 6010596 1 1.0725e+00
+3.36759e+04 -6.12775e+03 6010597 1 1.0781e+00
+3.48727e+04 -6.17824e+03 6010598 1 1.0813e+00
+3.60517e+04 -6.22666e+03 6010599 1 1.0822e+00
+3.72138e+04 -6.27294e+03 6010600 1 1.0766e+00
+3.83596e+04 -6.31709e+03 6010601 1 1.0654e+00
+3.94903e+04 -6.35908e+03 6010602 1 1.0533e+00
+4.06066e+04 -6.39888e+03 6010603 1 1.0404e+00
+4.17097e+04 -6.43647e+03 6010604 1 1.0268e+00
+4.28004e+04 -6.47186e+03 6010605 1 1.0125e+00
+4.38796e+04 -6.50506e+03 6010606 1 9.9761e-01
+4.49480e+04 -6.53610e+03 6010607 1 9.8220e-01
+4.60066e+04 -6.56503e+03 6010608 1 9.6627e-01
+2.08266e+04 -2.17553e+04 4010499 1 1.1388e+00
+2.28316e+04 -2.19364e+04 4010541 1 1.1011e+00
+6.29585e+01 -2.17158e+04 4010082 1 1.2632e+00
+2.93366e+04 -2.17477e+04 4010709 1 9.3395e-01
+3.19081e+04 -2.10598e+04 4010793 1 8.7017e-01
+2.44448e+01 -4.19145e+03 6010615 1 3.1108e-01
+1.58861e+03 -4.19401e+03 6010616 1 3.2168e-01
+3.15000e+03 -4.20090e+03 6010617 1 3.5064e-01
+4.70619e+03 -4.21204e+03 6010618 1 3.9313e-01
+6.25432e+03 -4.22750e+03 6010619 1 4.4419e-01
+7.79219e+03 -4.24694e+03 6010620 1 5.0003e-01
+9.31780e+03 -4.27007e+03 6010621 1 5.5794e-01
+1.08289e+04 -4.29662e+03 6010622 1 6.1600e-01
+1.23240e+04 -4.32621e+03 6010623 1 6.7298e-01
+1.38019e+04 -4.35847e+03 6010624 1 7.2798e-01
+1.52611e+04 -4.39302e+03 6010625 1 7.8026e-01
+1.67009e+04 -4.42947e+03 6010626 1 8.2946e-01
+1.81207e+04 -4.46745e+03 6010627 1 8.7530e-01
+1.95200e+04 -4.50657e+03 6010628 1 9.1754e-01
+2.08988e+04 -4.54650e+03 6010629 1 9.5605e-01
+2.22568e+04 -4.58689e+03 6010630 1 9.9083e-01
+2.35943e+04 -4.62745e+03 6010631 1 1.0219e+00
+2.49117e+04 -4.66791e+03 6010632 1 1.0494e+00
+2.62093e+04 -4.70800e+03 6010633 1 1.0732e+00
+2.74876e+04 -4.74751e+03 6010634 1 1.0936e+00
+2.87472e+04 -4.78625e+03 6010635 1 1.1107e+00
+2.99887e+04 -4.82405e+03 6010636 1 1.1245e+00
+3.12129e+04 -4.86075e+03 6010637 1 1.1353e+00
+3.24204e+04 -4.89626e+03 6010638 1 1.1433e+00
+3.36121e+04 -4.93046e+03 6010639 1 1.1485e+00
+3.47886e+04 -4.96328e+03 6010640 1 1.1511e+00
+3.59508e+04 -4.99467e+03 6010641 1 1.1514e+00
+3.70993e+04 -5.02459e+03 6010642 1 1.1417e+00
+3.82347e+04 -5.05306e+03 6010643 1 1.1294e+00
+3.93580e+04 -5.08006e+03 6010644 1 1.1161e+00
+4.04698e+04 -5.10557e+03 6010645 1 1.1021e+00
+4.15710e+04 -5.12959e+03 6010646 1 1.0872e+00
+4.26623e+04 -5.15213e+03 6010647 1 1.0718e+00
+4.37444e+04 -5.17321e+03 6010648 1 1.0557e+00
+4.48179e+04 -5.19284e+03 6010649 1 1.0389e+00
+4.58835e+04 -5.21106e+03 6010650 1 1.0217e+00
+8.08024e+03 -2.28987e+04 4010043 1 1.3377e+00
+2.49652e+04 -2.28578e+04 4010542 1 1.0760e+00
+3.37887e+04 -2.27760e+04 4010753 1 8.4263e-01
+2.28804e+01 -3.25435e+03 6010656 1 2.3926e-01
+1.48704e+03 -3.25583e+03 6010657 1 2.5419e-01
+2.94920e+03 -3.25984e+03 6010658 1 2.9326e-01
+4.40762e+03 -3.26635e+03 6010659 1 3.4756e-01
+5.86056e+03 -3.27527e+03 6010660 1 4.0999e-01
+7.30608e+03 -3.28658e+03 6010661 1 4.7606e-01
+8.74271e+03 -3.30006e+03 6010662 1 5.4312e-01
+1.01691e+04 -3.31553e+03 6010663 1 6.0952e-01
+1.15841e+04 -3.33280e+03 6010664 1 6.7415e-01
+1.29863e+04 -3.35168e+03 6010665 1 7.3620e-01
+1.43750e+04 -3.37193e+03 6010666 1 7.9517e-01
+1.57494e+04 -3.39334e+03 6010667 1 8.5071e-01
+1.71090e+04 -3.41569e+03 6010668 1 9.0255e-01
+1.84534e+04 -3.43876e+03 6010669 1 9.5048e-01
+1.97822e+04 -3.46234e+03 6010670 1 9.9440e-01
+2.10954e+04 -3.48625e+03 6010671 1 1.0343e+00
+2.23930e+04 -3.51030e+03 6010672 1 1.0702e+00
+2.36752e+04 -3.53433e+03 6010673 1 1.1021e+00
+2.49422e+04 -3.55818e+03 6010674 1 1.1302e+00
+2.61942e+04 -3.58173e+03 6010675 1 1.1544e+00
+2.74317e+04 -3.60484e+03 6010676 1 1.1750e+00
+2.86550e+04 -3.62742e+03 6010677 1 1.1921e+00
+2.98647e+04 -3.64938e+03 6010678 1 1.2058e+00
+3.10613e+04 -3.67064e+03 6010679 1 1.2162e+00
+3.22452e+04 -3.69114e+03 6010680 1 1.2236e+00
+3.34172e+04 -3.71082e+03 6010681 1 1.2281e+00
+3.45777e+04 -3.72966e+03 6010682 1 1.2299e+00
+3.57273e+04 -3.74762e+03 6010683 1 1.2291e+00
+3.68666e+04 -3.76469e+03 6010684 1 1.2175e+00
+3.79961e+04 -3.78089e+03 6010685 1 1.2037e+00
+3.91164e+04 -3.79620e+03 6010686 1 1.1889e+00
+4.02281e+04 -3.81062e+03 6010687 1 1.1733e+00
+4.13318e+04 -3.82416e+03 6010688 1 1.1570e+00
+4.24280e+04 -3.83682e+03 6010689 1 1.1400e+00
+4.35174e+04 -3.84861e+03 6010690 1 1.1222e+00
+4.46003e+04 -3.85955e+03 6010691 1 1.1038e+00
+4.56774e+04 -3.86967e+03 6010692 1 1.0847e+00
+4.67490e+04 -3.87897e+03 6010693 1 1.0650e+00
+4.20824e+03 -2.26441e+04 4010001 1 1.3152e+00
+8.20363e+03 -2.32947e+04 4010002 1 1.3589e+00
+2.13775e+04 -2.31794e+04 4010417 1 1.1834e+00
+2.82195e+04 -2.28695e+04 4010626 1 9.8525e-01
+2.99738e+04 -2.37022e+04 4010627 1 9.5884e-01
+6.40319e+01 -2.20660e+04 4010041 1 1.2802e+00
+2.31233e+04 -2.27053e+04 4010500 1 1.1192e+00
+2.12610e+01 -2.25101e+03 6010697 1 1.6059e-01
+1.38187e+03 -2.25168e+03 6010698 1 1.8397e-01
+2.74121e+03 -2.25354e+03 6010699 1 2.3929e-01
+4.09815e+03 -2.25656e+03 6010700 1 3.0894e-01
+5.45161e+03 -2.26071e+03 6010701 1 3.8407e-01
+6.80052e+03 -2.26593e+03 6010702 1 4.6071e-01
+8.14385e+03 -2.27216e+03 6010703 1 5.3684e-01
+9.48056e+03 -2.27935e+03 6010704 1 6.1124e-01
+1.08098e+04 -2.28739e+03 6010705 1 6.8315e-01
+1.21310e+04 -2.29619e+03 6010706 1 7.5203e-01
+1.34434e+04 -2.30564e+03 6010707 1 8.1748e-01
+1.47465e+04 -2.31566e+03 6010708 1 8.7920e-01
+1.60399e+04 -2.32614e+03 6010709 1 9.3696e-01
+1.73232e+04 -2.33698e+03 6010710 1 9.9057e-01
+1.85962e+04 -2.34809e+03 6010711 1 1.0399e+00
+1.98587e+04 -2.35938e+03 6010712 1 1.0850e+00
+2.11108e+04 -2.37075e+03 6010713 1 1.1259e+00
+2.23523e+04 -2.38214e+03 6010714 1 1.1624e+00
+2.35834e+04 -2.39347e+03 6010715 1 1.1948e+00
+2.48043e+04 -2.40466e+03 6010716 1 1.2231e+00
+2.60151e+04 -2.41568e+03 6010717 1 1.2475e+00
+2.72162e+04 -2.42645e+03 6010718 1 1.2679e+00
+2.84077e+04 -2.43694e+03 6010719 1 1.2846e+00
+2.95900e+04 -2.44711e+03 6010720 1 1.2978e+00
+3.07635e+04 -2.45693e+03 6010721 1 1.3076e+00
+3.19285e+04 -2.46637e+03 6010722 1 1.3141e+00
+3.30854e+04 -2.47541e+03 6010723 1 1.3175e+00
+3.42346e+04 -2.48403e+03 6010724 1 1.3180e+00
+3.53765e+04 -2.49223e+03 6010725 1 1.3158e+00
+3.65114e+04 -2.50000e+03 6010726 1 1.3109e+00
+3.76398e+04 -2.50733e+03 6010727 1 1.2951e+00
+3.87621e+04 -2.51425e+03 6010728 1 1.2782e+00
+3.98785e+04 -2.52074e+03 6010729 1 1.2606e+00
+4.09897e+04 -2.52682e+03 6010730 1 1.2420e+00
+4.20958e+04 -2.53248e+03 6010731 1 1.2227e+00
+4.31973e+04 -2.53773e+03 6010732 1 1.2026e+00
+4.42946e+04 -2.54259e+03 6010733 1 1.1817e+00
+4.53880e+04 -2.54706e+03 6010734 1 1.1600e+00
+4.64778e+04 -2.55115e+03 6010735 1 1.1376e+00
+3.10159e+04 -2.24711e+04 4010710 1 9.1081e-01
+3.25989e+04 -2.31871e+04 4010711 1 8.7200e-01
+2.60188e+04 -2.11645e+04 4010666 1 1.0006e+00
+2.96684e+04 -2.27217e+04 4010668 1 9.3960e-01
+1.95792e+01 -1.16651e+03 6010738 1 7.4092e-02
+1.27262e+03 -1.16668e+03 6010739 1 1.1945e-01
+2.52507e+03 -1.16718e+03 6010740 1 1.9959e-01
+3.77639e+03 -1.16798e+03 6010741 1 2.8571e-01
+5.02605e+03 -1.16910e+03 6010742 1 3.7251e-01
+6.27353e+03 -1.17050e+03 6010743 1 4.5828e-01
+7.51836e+03 -1.17218e+03 6010744 1 5.4215e-01
+8.76009e+03 -1.17411e+03 6010745 1 6.2353e-01
+9.99829e+03 -1.17627e+03 6010746 1 7.0196e-01
+1.12326e+04 -1.17864e+03 6010747 1 7.7707e-01
+1.24627e+04 -1.18120e+03 6010748 1 8.4854e-01
+1.36883e+04 -1.18391e+03 6010749 1 9.1612e-01
+1.49091e+04 -1.18676e+03 6010750 1 9.7960e-01
+1.61249e+04 -1.18971e+03 6010751 1 1.0388e+00
+1.73357e+04 -1.19275e+03 6010752 1 1.0936e+00
+1.85412e+04 -1.19584e+03 6010753 1 1.1440e+00
+1.97414e+04 -1.19896e+03 6010754 1 1.1898e+00
+2.09364e+04 -1.20210e+03 6010755 1 1.2312e+00
+2.21260e+04 -1.20522e+03 6010756 1 1.2682e+00
+2.33104e+04 -1.20832e+03 6010757 1 1.3008e+00
+2.44897e+04 -1.21137e+03 6010758 1 1.3290e+00
+2.56639e+04 -1.21437e+03 6010759 1 1.3531e+00
+2.68331e+04 -1.21729e+03 6010760 1 1.3731e+00
+2.79976e+04 -1.22012e+03 6010761 1 1.3892e+00
+2.91574e+04 -1.22286e+03 6010762 1 1.4015e+00
+3.03127e+04 -1.22551e+03 6010763 1 1.4102e+00
+3.14638e+04 -1.22804e+03 6010764 1 1.4155e+00
+3.26108e+04 -1.23046e+03 6010765 1 1.4174e+00
+3.37539e+04 -1.23276e+03 6010766 1 1.4163e+00
+3.48933e+04 -1.23495e+03 6010767 1 1.4122e+00
+3.60292e+04 -1.23701e+03 6010768 1 1.4053e+00
+3.71618e+04 -1.23896e+03 6010769 1 1.3959e+00
+3.82914e+04 -1.24078e+03 6010770 1 1.3841e+00
+3.94181e+04 -1.24248e+03 6010771 1 1.3700e+00
+4.05421e+04 -1.24407e+03 6010772 1 1.3538e+00
+4.16637e+04 -1.24554e+03 6010773 1 1.3358e+00
+4.27829e+04 -1.24689e+03 6010774 1 1.3159e+00
+4.39001e+04 -1.24814e+03 6010775 1 1.2944e+00
+4.50153e+04 -1.24928e+03 6010776 1 1.2715e+00
+4.61288e+04 -1.25032e+03 6010777 1 1.2464e+00
+3.13303e+04 -2.34967e+04 4010669 1 9.1595e-01
+6.50960e+01 -2.24104e+04 4010000 1 1.2970e+00
