+4.36380e+04 -6.80211e+04 2010613 1 6.9429e-01
+4.47204e+04 -5.32301e+04 4010113 1 5.3013e-01
+4.34082e+04 -6.95965e+04 2010573 1 7.1432e-01
+4.49031e+04 -6.49565e+04 2010694 1 6.5727e-01
+4.47045e+04 -6.66291e+04 2010654 1 6.7729e-01
+4.45064e+04 -6.82367e+04 2010614 1 7.0344e-01
+4.61320e+04 -5.99322e+04 2010815 1 5.9515e-01
+4.55611e+04 -6.68466e+04 2010655 1 6.8676e-01
+4.65691e+04 -6.54307e+04 2010696 1 6.6702e-01
+1.81266e+04 -4.93769e+04 2010010 1 1.1840e+00
+1.85188e+04 -5.10906e+04 2010011 1 1.1264e+00
+1.87607e+04 -5.27397e+04 2010012 1 1.0661e+00
+1.88824e+04 -5.43209e+04 2010013 1 1.0078e+00
+1.89098e+04 -5.58351e+04 2010014 1 9.5198e-01
+1.88650e+04 -5.72851e+04 2010015 1 9.0070e-01
+1.87670e+04 -5.86765e+04 2010016 1 8.6169e-01
+1.86307e+04 -6.00220e+04 2010017 1 8.4385e-01
+1.84716e+04 -6.13166e+04 2010018 1 7.5942e-01
+1.82985e+04 -6.25763e+04 2010019 1 7.5706e-01
+1.81274e+04 -6.37987e+04 2010020 1 7.1321e-01
+1.79621e+04 -6.49981e+04 2010021 1 6.9727e-01
+1.78128e+04 -6.61764e+04 2010022 1 6.9225e-01
+1.76875e+04 -6.73398e+04 2010023 1 7.0174e-01
+1.75933e+04 -6.84870e+04 2010024 1 7.0353e-01
+1.75370e+04 -6.96293e+04 2010025 1 7.3555e-01
+1.75261e+04 -7.07554e+04 2010026 1 7.3255e-01
+1.75683e+04 -7.18791e+04 2010027 1 7.4354e-01
+4.19632e+04 -5.29896e+04 4010069 1 5.3254e-01
+4.57227e+04 -6.52109e+04 2010695 1 6.6424e-01
+4.10814e+04 -7.22205e+04 2010491 1 7.5237e-01
+4.22665e+04 -7.09249e+04 2010532 1 7.3412e-01
+4.25249e+04 -6.93835e+04 2010572 1 7.0444e-01
+4.40356e+04 -5.67601e+04 4010032 1 5.5599e-01
+4.66945e+04 -6.37658e+04 2010736 1 6.4874e-01
+4.58810e+04 -6.35097e+04 2010735 1 6.3999e-01
+4.33391e+04 -5.62495e+04 4010031 1 5.5117e-01
+4.47440e+04 -5.72323e+04 4010033 1 5.6493e-01
+4.54661e+04 -5.76664e+04 4010034 1 5.6908e-01
+4.62039e+04 -5.80615e+04 4010035 1 5.7334e-01
+4.60209e+04 -6.17494e+04 2010775 1 6.1990e-01
+3.93079e+04 -5.22827e+04 4010025 1 5.5404e-01
+3.99771e+04 -5.30549e+04 4010026 1 5.4542e-01
+4.20354e+04 -7.23964e+04 3010429 1 7.6201e-01
+3.43202e+04 -5.16376e+04 2010717 1 6.2553e-01
+1.30275e+04 -6.62881e+04 10724 1 1.5519e+00
+4.32000e+04 -7.11016e+04 3010468 1 7.4416e-01
+3.13309e+04 -5.04816e+04 2010632 1 7.0977e-01
+4.30255e+04 -7.25367e+04 3010430 1 7.6821e-01
+4.40501e+04 -7.26436e+04 3010431 1 7.6885e-01
+4.68077e+04 -6.20412e+04 2010776 1 6.2593e-01
+1.89629e+04 -4.94692e+04 2010051 1 1.1593e+00
+1.93878e+04 -5.12426e+04 2010052 1 1.0945e+00
+1.96603e+04 -5.29503e+04 2010053 1 1.0232e+00
+1.98103e+04 -5.45869e+04 2010054 1 9.5156e-01
+1.98644e+04 -5.61532e+04 2010055 1 8.8275e-01
+1.98455e+04 -5.76513e+04 2010056 1 8.1867e-01
+1.97729e+04 -5.90863e+04 2010057 1 7.6593e-01
+1.96622e+04 -6.04688e+04 2010058 1 7.3195e-01
+1.95283e+04 -6.17996e+04 2010059 1 6.5044e-01
+1.93845e+04 -6.30821e+04 2010060 1 6.2688e-01
+1.92400e+04 -6.43279e+04 2010061 1 5.7692e-01
+1.91030e+04 -6.55419e+04 2010062 1 5.6022e-01
+1.89843e+04 -6.67234e+04 2010063 1 5.4968e-01
+1.88922e+04 -6.78801e+04 2010064 1 5.4868e-01
+1.88326e+04 -6.90180e+04 2010065 1 5.5827e-01
+1.88137e+04 -7.01309e+04 2010066 1 5.8698e-01
+1.88412e+04 -7.12264e+04 2010067 1 5.9971e-01
+1.89220e+04 -7.23043e+04 2010068 1 6.2616e-01
+4.39983e+04 -5.26947e+04 4010112 1 5.2767e-01
+4.08332e+04 -7.36547e+04 3010390 1 7.7562e-01
+4.47692e+04 -5.52500e+04 4010073 1 5.4686e-01
+4.26541e+04 -5.56960e+04 4010030 1 5.4830e-01
+1.12104e+04 -6.29519e+04 10642 0 1.2161e+00
+4.62244e+04 -5.61445e+04 4010075 1 5.5519e-01
+4.13081e+04 -5.44638e+04 4010028 1 5.4118e-01
+3.99582e+04 -5.52311e+04 2010806 1 5.4215e-01
+4.19779e+04 -5.51012e+04 4010029 1 5.4129e-01
+4.12714e+04 -5.23210e+04 4010068 1 5.3210e-01
+4.54911e+04 -5.57160e+04 4010074 1 5.4713e-01
+1.52035e+04 -6.75185e+04 10804 1 1.1254e+00
+1.47118e+04 -6.22161e+04 10760 1 1.4205e+00
+1.53281e+04 -6.63277e+04 10803 1 1.1313e+00
+4.26563e+04 -5.36162e+04 4010070 1 5.3551e-01
+4.54486e+04 -5.37266e+04 4010114 1 5.3184e-01
+3.61613e+04 -5.24009e+04 2010760 1 5.8940e-01
+3.80429e+04 -5.28666e+04 2010803 1 5.6244e-01
+1.21425e+04 -6.42823e+04 10683 0 1.4337e+00
+1.39846e+04 -6.83304e+04 10765 1 1.3669e+00
+3.86319e+04 -5.14643e+04 4010024 1 5.5918e-01
+4.32799e+04 -5.21205e+04 4010111 1 5.2449e-01
+4.05771e+04 -5.16088e+04 4010067 1 5.4286e-01
+4.43238e+04 -6.97747e+04 3010507 1 7.2436e-01
+4.41672e+04 -7.12442e+04 3010469 1 7.5176e-01
+4.61957e+04 -7.14349e+04 3010471 1 7.5835e-01
+1.97177e+04 -4.93611e+04 2010092 1 1.1452e+00
+2.01894e+04 -5.11780e+04 2010093 1 1.0684e+00
+2.05060e+04 -5.29287e+04 2010094 1 9.9607e-01
+2.06982e+04 -5.46092e+04 2010095 1 9.1765e-01
+2.07921e+04 -5.62176e+04 2010096 1 8.3763e-01
+2.08110e+04 -5.77553e+04 2010097 1 7.6076e-01
+2.07749e+04 -5.92258e+04 2010098 1 6.9544e-01
+2.07002e+04 -6.06376e+04 2010099 1 6.4786e-01
+2.06001e+04 -6.19988e+04 2010100 1 5.7468e-01
+2.04913e+04 -6.33012e+04 2010101 1 5.3125e-01
+2.03791e+04 -6.45651e+04 2010102 1 4.8273e-01
+2.02784e+04 -6.57855e+04 2010103 1 4.5548e-01
+2.01973e+04 -6.69717e+04 2010104 1 4.4013e-01
+2.01396e+04 -6.81202e+04 2010105 1 4.3828e-01
+2.01173e+04 -6.92459e+04 2010106 1 4.5190e-01
+2.01338e+04 -7.03353e+04 2010107 1 4.8250e-01
+2.01980e+04 -7.13999e+04 2010108 1 5.0449e-01
+2.03159e+04 -7.24369e+04 2010109 1 5.3190e-01
+2.04939e+04 -7.34401e+04 2010110 1 5.6751e-01
+3.73933e+04 -5.19821e+04 2010802 1 5.7044e-01
+1.50735e+04 -6.99455e+04 10806 1 1.1166e+00
+4.68236e+04 -5.26467e+04 4010156 1 5.2132e-01
+4.06428e+04 -5.37813e+04 4010027 1 5.4077e-01
+4.40575e+04 -5.47449e+04 4010072 1 5.4100e-01
+3.67869e+04 -5.33539e+04 2010761 1 5.7276e-01
+1.43461e+04 -6.45844e+04 10762 1 1.4080e+00
+1.45215e+04 -6.33902e+04 10761 1 1.4169e+00
+4.61841e+04 -5.41866e+04 4010115 1 5.3758e-01
+1.13123e+04 -6.15961e+04 10641 0 1.2229e+00
+9.20405e+03 -5.89136e+04 10557 0 1.0929e+00
+1.02665e+04 -6.11067e+04 10600 0 1.1049e+00
+9.19797e+03 -6.01650e+04 10558 0 1.0799e+00
+8.00855e+03 -5.89482e+04 10515 0 1.1398e+00
+1.02093e+04 -6.24729e+04 10601 0 1.0924e+00
+1.20401e+04 -6.56920e+04 10684 0 1.4296e+00
+4.51663e+04 -7.13546e+04 3010470 1 7.5638e-01
+4.51069e+04 -7.27193e+04 3010432 1 7.7221e-01
+2.04024e+04 -4.90897e+04 2010133 1 1.1393e+00
+2.09314e+04 -5.09373e+04 2010134 1 1.0579e+00
+2.13022e+04 -5.27183e+04 2010135 1 9.7587e-01
+2.15464e+04 -5.44291e+04 2010136 1 8.9839e-01
+2.16900e+04 -5.60693e+04 2010137 1 8.2711e-01
+2.17561e+04 -5.76395e+04 2010138 1 7.3178e-01
+2.17650e+04 -5.91384e+04 2010139 1 6.5244e-01
+2.17340e+04 -6.05730e+04 2010140 1 5.9120e-01
+2.16759e+04 -6.19557e+04 2010141 1 5.4259e-01
+2.16076e+04 -6.32767e+04 2010142 1 4.6989e-01
+2.15346e+04 -6.45521e+04 2010143 1 4.3407e-01
+2.14736e+04 -6.57739e+04 2010144 1 3.8644e-01
+2.14294e+04 -6.69634e+04 2010145 1 3.6486e-01
+2.14082e+04 -6.81067e+04 2010146 1 3.6426e-01
+2.14249e+04 -6.92154e+04 2010147 1 3.7564e-01
+2.14786e+04 -7.02828e+04 2010148 1 4.0250e-01
+2.15791e+04 -7.13191e+04 2010149 1 4.2810e-01
+2.17333e+04 -7.23201e+04 2010150 1 4.5892e-01
+2.19443e+04 -7.32811e+04 2010151 1 5.0985e-01
+4.25630e+04 -5.15066e+04 4010110 1 5.2534e-01
+1.11252e+04 -6.43728e+04 10643 0 1.2100e+00
+4.60739e+04 -5.21938e+04 4010155 1 5.2103e-01
+1.22703e+04 -6.29318e+04 10682 0 1.4316e+00
+1.03284e+04 -5.98048e+04 10599 0 1.1160e+00
+4.33537e+04 -5.42012e+04 4010071 1 5.3449e-01
+3.55178e+04 -5.13982e+04 2010759 1 6.0289e-01
+3.86845e+04 -5.37019e+04 2010804 1 5.5463e-01
+1.51157e+04 -6.87253e+04 10805 1 1.1311e+00
+1.41931e+04 -6.58039e+04 10763 1 1.3978e+00
+1.34651e+04 -6.24307e+04 10721 1 1.5877e+00
+3.93218e+04 -5.44898e+04 2010805 1 5.5328e-01
+1.27219e+04 -5.91981e+04 10679 0 1.4326e+00
+1.36454e+04 -6.12242e+04 10720 1 1.5922e+00
+1.40699e+04 -6.70522e+04 10764 1 1.3828e+00
+1.31481e+04 -6.49586e+04 10723 1 1.5676e+00
+1.03884e+04 -5.85630e+04 10598 0 1.1251e+00
+1.14228e+04 -6.03019e+04 10640 0 1.2337e+00
+9.20262e+03 -5.77212e+04 10556 0 1.1073e+00
+7.87456e+03 -5.67227e+04 10513 0 1.1276e+00
+7.94823e+03 -5.78066e+04 10514 0 1.1338e+00
+6.59821e+03 -5.78377e+04 10471 0 1.2111e+00
+9.18982e+03 -6.14792e+04 10559 0 1.0671e+00
+8.05956e+03 -6.01487e+04 10516 0 1.1271e+00
+3.79452e+04 -5.05998e+04 4010023 1 5.6773e-01
+2.16171e+04 -5.05509e+04 2010175 1 1.0520e+00
+2.20501e+04 -5.23525e+04 2010176 1 9.6436e-01
+2.23533e+04 -5.40839e+04 2010177 1 8.7973e-01
+2.25539e+04 -5.57441e+04 2010178 1 7.9970e-01
+2.26743e+04 -5.73347e+04 2010179 1 7.2705e-01
+2.27342e+04 -5.88584e+04 2010180 1 6.3530e-01
+2.27523e+04 -6.03103e+04 2010181 1 5.5951e-01
+2.27427e+04 -6.17023e+04 2010182 1 5.0426e-01
+2.27180e+04 -6.30400e+04 2010183 1 4.3195e-01
+2.26932e+04 -6.43210e+04 2010184 1 3.8911e-01
+2.26712e+04 -6.55498e+04 2010185 1 3.5220e-01
+2.26668e+04 -6.67339e+04 2010186 1 3.2372e-01
+2.26888e+04 -6.78678e+04 2010187 1 3.2251e-01
+2.27418e+04 -6.89638e+04 2010188 1 3.3509e-01
+2.28305e+04 -7.00136e+04 2010189 1 3.5455e-01
+2.29664e+04 -7.10248e+04 2010190 1 3.8186e-01
+2.31540e+04 -7.19936e+04 2010191 1 4.1249e-01
+2.33961e+04 -7.29178e+04 2010192 1 4.5942e-01
+4.52705e+04 -6.99200e+04 3010508 1 7.3220e-01
+3.91669e+04 -5.00535e+04 4010065 1 5.5693e-01
+3.98767e+04 -5.08531e+04 4010066 1 5.4833e-01
+4.54051e+04 -6.84181e+04 3010546 1 7.0968e-01
+4.18454e+04 -5.08511e+04 4010109 1 5.2613e-01
+4.53296e+04 -5.17050e+04 4010154 1 5.1819e-01
+1.29440e+04 -6.76641e+04 10725 1 1.5310e+00
+6.71882e+03 -5.88664e+04 10472 0 1.2178e+00
+4.91742e+03 -5.73946e+04 10426 0 1.3311e+00
+6.46350e+03 -5.68652e+04 10470 0 1.2103e+00
+6.31232e+03 -5.59464e+04 10469 0 1.2139e+00
+1.25678e+04 -6.03947e+04 10680 0 1.4384e+00
+1.32968e+04 -6.36740e+04 10722 1 1.5797e+00
+1.24148e+04 -6.16374e+04 10681 0 1.4353e+00
+1.04406e+04 -5.73765e+04 10597 0 1.1349e+00
+9.15790e+03 -5.54978e+04 10554 0 1.1018e+00
+9.18878e+03 -5.65838e+04 10555 0 1.1230e+00
+7.78393e+03 -5.56943e+04 10512 0 1.1267e+00
+7.67309e+03 -5.47184e+04 10511 0 1.1314e+00
+6.14265e+03 -5.50783e+04 10468 0 1.2227e+00
+4.26530e+03 -5.52694e+04 10423 0 1.2915e+00
+3.67275e+04 -5.10502e+04 2010801 1 5.8993e-01
+4.64452e+04 -6.70313e+04 3010585 1 6.9426e-01
+4.61936e+04 -7.27661e+04 3010433 1 7.7300e-01
+2.22490e+04 -5.00462e+04 2010216 1 1.0469e+00
+2.27489e+04 -5.18564e+04 2010217 1 9.6523e-01
+2.31172e+04 -5.36007e+04 2010218 1 8.7453e-01
+2.33793e+04 -5.52736e+04 2010219 1 7.8855e-01
+2.35595e+04 -5.68759e+04 2010220 1 7.1111e-01
+2.36770e+04 -5.84112e+04 2010221 1 6.4294e-01
+2.37487e+04 -5.98808e+04 2010222 1 5.5382e-01
+2.37906e+04 -6.12800e+04 2010223 1 4.8646e-01
+2.38141e+04 -6.26244e+04 2010224 1 4.3353e-01
+2.38360e+04 -6.39077e+04 2010225 1 3.6578e-01
+2.38592e+04 -6.51401e+04 2010226 1 3.3891e-01
+2.38997e+04 -6.63144e+04 2010227 1 3.0729e-01
+2.39608e+04 -6.74443e+04 2010228 1 3.0691e-01
+2.40520e+04 -6.85267e+04 2010229 1 3.1040e-01
+2.41803e+04 -6.95561e+04 2010230 1 3.2720e-01
+2.43513e+04 -7.05438e+04 2010231 1 3.6038e-01
+2.45696e+04 -7.14864e+04 2010232 1 3.9601e-01
+2.48397e+04 -7.23807e+04 2010233 1 4.3958e-01
+2.51669e+04 -7.32275e+04 2010234 1 4.7788e-01
+4.62469e+04 -7.00343e+04 3010509 1 7.3760e-01
+3.72404e+04 -4.96884e+04 4010022 1 5.9022e-01
+1.19729e+04 -6.71617e+04 10685 0 1.4285e+00
+1.39459e+04 -6.96401e+04 10766 1 1.3416e+00
+1.01641e+04 -6.39067e+04 10602 0 1.0831e+00
+3.24945e+04 -5.05565e+04 2010674 1 6.8371e-01
+9.18564e+03 -6.28590e+04 10560 0 1.0545e+00
+6.82809e+03 -5.99533e+04 10473 0 1.2284e+00
+4.49816e+03 -5.59234e+04 10424 0 1.3015e+00
+4.71531e+03 -5.66342e+04 10425 0 1.3365e+00
+4.01656e+03 -5.46647e+04 10422 0 1.2950e+00
+5.95280e+03 -5.42574e+04 10467 0 1.2357e+00
+5.74124e+03 -5.34839e+04 10466 0 1.1950e+00
+1.15346e+04 -5.90644e+04 10639 0 1.2349e+00
+1.04793e+04 -5.62402e+04 10596 0 1.1465e+00
+9.10545e+03 -5.44634e+04 10553 0 1.0925e+00
+7.53915e+03 -5.37915e+04 10510 0 1.1421e+00
+7.37957e+03 -5.29096e+04 10509 0 1.1589e+00
+3.75186e+03 -5.41054e+04 10421 0 1.3027e+00
+5.10541e+03 -5.82043e+04 10427 0 1.3286e+00
+4.45887e+04 -5.11800e+04 4010153 1 5.1533e-01
+2.28283e+04 -4.94435e+04 2010257 1 1.0541e+00
+2.33984e+04 -5.12541e+04 2010258 1 9.6195e-01
+2.38346e+04 -5.30004e+04 2010259 1 8.8100e-01
+2.41638e+04 -5.46804e+04 2010260 1 7.9481e-01
+2.44077e+04 -5.62896e+04 2010261 1 7.0639e-01
+2.45856e+04 -5.78288e+04 2010262 1 6.2195e-01
+2.47157e+04 -5.93041e+04 2010263 1 5.6323e-01
+2.48119e+04 -6.07124e+04 2010264 1 4.8861e-01
+2.48884e+04 -6.20540e+04 2010265 1 4.2895e-01
+2.49570e+04 -6.33416e+04 2010266 1 3.7677e-01
+2.50305e+04 -6.45677e+04 2010267 1 3.4505e-01
+2.51126e+04 -6.57398e+04 2010268 1 3.2095e-01
+2.52158e+04 -6.68603e+04 2010269 1 3.0880e-01
+2.53483e+04 -6.79260e+04 2010270 1 3.1222e-01
+2.55110e+04 -6.89423e+04 2010271 1 3.3325e-01
+2.57148e+04 -6.99111e+04 2010272 1 3.5771e-01
+2.59652e+04 -7.08288e+04 2010273 1 3.8199e-01
+2.62642e+04 -7.16951e+04 2010274 1 4.2529e-01
+2.66162e+04 -7.25126e+04 2010275 1 4.6346e-01
+2.70255e+04 -7.32808e+04 2010276 1 5.0522e-01
+4.63333e+04 -6.85668e+04 3010547 1 7.1180e-01
+4.11229e+04 -5.01548e+04 4010108 1 5.3492e-01
+4.38493e+04 -5.06171e+04 4010152 1 5.1666e-01
+3.36669e+04 -5.05090e+04 2010716 1 6.5200e-01
+3.48509e+04 -5.03444e+04 2010758 1 6.3063e-01
+1.10657e+04 -6.58607e+04 10644 0 1.2091e+00
+8.10571e+03 -6.14104e+04 10517 0 1.1148e+00
+1.01394e+04 -6.54095e+04 10603 0 1.0761e+00
+6.92916e+03 -6.10995e+04 10474 0 1.2265e+00
+2.29633e+03 -5.69551e+04 10377 0 1.4290e+00
+1.75579e+03 -5.62988e+04 10375 0 1.3882e+00
+1.16411e+04 -5.78775e+04 10638 0 1.2364e+00
+1.04992e+04 -5.51488e+04 10595 0 1.1614e+00
+9.02742e+03 -5.34764e+04 10552 0 1.0959e+00
+7.19211e+03 -5.20683e+04 10508 0 1.1804e+00
+5.24827e+03 -5.20994e+04 10464 0 1.1995e+00
+5.50653e+03 -5.27687e+04 10465 0 1.1877e+00
+3.47137e+03 -5.35884e+04 10420 0 1.2803e+00
+3.17530e+03 -5.31323e+04 10419 0 1.2551e+00
+8.96622e+02 -5.56575e+04 10372 0 1.3594e+00
+5.28044e+03 -5.90658e+04 10428 0 1.3306e+00
+1.10421e+04 -6.74153e+04 10645 0 1.2085e+00
+2.33556e+04 -4.87607e+04 2010298 1 1.0535e+00
+2.39976e+04 -5.05633e+04 2010299 1 9.7450e-01
+2.45056e+04 -5.23057e+04 2010300 1 8.8555e-01
+2.49023e+04 -5.39818e+04 2010301 1 7.9571e-01
+2.52110e+04 -5.55919e+04 2010302 1 7.1532e-01
+2.54519e+04 -5.71321e+04 2010303 1 6.3219e-01
+2.56427e+04 -5.86045e+04 2010304 1 5.6018e-01
+2.57979e+04 -6.00167e+04 2010305 1 5.0576e-01
+2.59286e+04 -6.13583e+04 2010306 1 4.4897e-01
+2.60487e+04 -6.26403e+04 2010307 1 3.9366e-01
+2.61706e+04 -6.38639e+04 2010308 1 3.7123e-01
+2.62977e+04 -6.50291e+04 2010309 1 3.3730e-01
+2.64460e+04 -6.61368e+04 2010310 1 3.3837e-01
+2.66157e+04 -6.71931e+04 2010311 1 3.3686e-01
+2.68156e+04 -6.81940e+04 2010312 1 3.4215e-01
+2.70550e+04 -6.91422e+04 2010313 1 3.6925e-01
+2.73347e+04 -7.00404e+04 2010314 1 3.9973e-01
+2.76586e+04 -7.08860e+04 2010315 1 4.3225e-01
+2.80324e+04 -7.16801e+04 2010316 1 4.6898e-01
+2.84618e+04 -7.24215e+04 2010317 1 5.0254e-01
+2.89468e+04 -7.31113e+04 2010318 1 5.4427e-01
+2.94892e+04 -7.37496e+04 2010319 1 5.8630e-01
+3.84440e+04 -4.92087e+04 4010064 1 5.6619e-01
+4.31093e+04 -5.00157e+04 4010151 1 5.1662e-01
+4.66466e+04 -5.06525e+04 4010196 1 5.0756e-01
+1.50817e+04 -7.11879e+04 10807 1 1.1066e+00
+1.29070e+04 -6.90850e+04 10726 1 1.5086e+00
+1.39613e+04 -7.09782e+04 10767 1 1.3401e+00
+1.19516e+04 -6.86893e+04 10686 0 1.4127e+00
+9.19225e+03 -6.43065e+04 10561 0 1.0424e+00
+1.17359e+04 -5.67354e+04 10637 0 1.2389e+00
+1.04954e+04 -5.40965e+04 10594 0 1.1712e+00
+8.92013e+03 -5.25324e+04 10551 0 1.1088e+00
+8.78024e+03 -5.16262e+04 10550 0 1.1295e+00
+6.72399e+03 -5.05351e+04 10506 0 1.1275e+00
+6.97418e+03 -5.12763e+04 10507 0 1.1232e+00
+4.96608e+03 -5.14715e+04 10463 0 1.2160e+00
+2.54036e+03 -5.23553e+04 10417 0 1.2723e+00
+2.86466e+03 -5.27232e+04 10418 0 1.2626e+00
+1.18823e+03 -5.58211e+04 10373 0 1.3939e+00
+2.02984e+03 -5.66019e+04 10376 0 1.3883e+00
+8.15197e+03 -6.27355e+04 10518 0 1.1035e+00
+4.58857e+04 -5.01732e+04 4010195 1 5.0634e-01
+2.45479e+04 -4.98001e+04 2010340 1 9.7910e-01
+2.51261e+04 -5.15306e+04 2010341 1 8.9266e-01
+2.55926e+04 -5.31989e+04 2010342 1 8.0925e-01
+2.59696e+04 -5.48010e+04 2010343 1 7.3185e-01
+2.62757e+04 -5.63389e+04 2010344 1 6.6043e-01
+2.65279e+04 -5.78075e+04 2010345 1 5.8060e-01
+2.67429e+04 -5.92107e+04 2010346 1 5.1420e-01
+2.69299e+04 -6.05537e+04 2010347 1 4.7834e-01
+2.71032e+04 -6.18270e+04 2010348 1 4.3213e-01
+2.72741e+04 -6.30467e+04 2010349 1 4.0673e-01
+2.74494e+04 -6.41993e+04 2010350 1 3.8155e-01
+2.76390e+04 -6.53008e+04 2010351 1 3.8095e-01
+2.78500e+04 -6.63423e+04 2010352 1 3.6374e-01
+2.80876e+04 -6.73285e+04 2010353 1 3.8231e-01
+2.83582e+04 -6.82634e+04 2010354 1 4.0267e-01
+2.86674e+04 -6.91435e+04 2010355 1 4.1297e-01
+2.90195e+04 -6.99676e+04 2010356 1 4.4427e-01
+2.94162e+04 -7.07409e+04 2010357 1 4.8078e-01
+2.98619e+04 -7.14625e+04 2010358 1 5.1867e-01
+3.03595e+04 -7.21320e+04 2010359 1 5.5412e-01
+3.09107e+04 -7.27489e+04 2010360 1 5.8770e-01
+3.15179e+04 -7.33131e+04 2010361 1 6.1646e-01
+4.51261e+04 -4.96584e+04 4010194 1 5.0659e-01
+4.23660e+04 -4.93754e+04 4010150 1 5.1822e-01
+3.18083e+04 -4.92977e+04 2010673 1 7.1436e-01
+3.60412e+04 -5.00692e+04 2010800 1 6.0637e-01
+1.40115e+04 -5.88989e+04 10718 0 1.5907e+00
+1.31210e+04 -5.58155e+04 10676 0 1.4037e+00
+1.18130e+04 -5.56322e+04 10636 0 1.2426e+00
+1.03945e+04 -5.21126e+04 10592 0 1.1221e+00
+1.04622e+04 -5.30856e+04 10593 0 1.1263e+00
+8.38938e+03 -4.99215e+04 10548 0 1.1018e+00
+8.60470e+03 -5.07520e+04 10549 0 1.1578e+00
+6.44088e+03 -4.98315e+04 10505 0 1.1511e+00
+6.12390e+03 -4.91647e+04 10504 0 1.1184e+00
+4.32880e+03 -5.03657e+04 10461 0 1.1651e+00
+3.97480e+03 -4.98835e+04 10460 0 1.1825e+00
+4.65963e+03 -5.08883e+04 10462 0 1.1645e+00
+2.20340e+03 -5.20347e+04 10416 0 1.2213e+00
+1.85517e+03 -5.17741e+04 10415 0 1.2275e+00
+1.49741e+03 -5.15545e+04 10414 0 1.2360e+00
+2.50467e+04 -4.89770e+04 2010381 1 9.8393e-01
+2.56972e+04 -5.06904e+04 2010382 1 9.0396e-01
+2.62353e+04 -5.23446e+04 2010383 1 8.2755e-01
+2.66811e+04 -5.39364e+04 2010384 1 7.4811e-01
+2.70529e+04 -5.54620e+04 2010385 1 6.7507e-01
+2.73677e+04 -5.69246e+04 2010386 1 6.0832e-01
+2.76419e+04 -5.83196e+04 2010387 1 5.4861e-01
+2.78880e+04 -5.96512e+04 2010388 1 5.0608e-01
+2.81136e+04 -6.09215e+04 2010389 1 4.7357e-01
+2.83368e+04 -6.21277e+04 2010390 1 4.4423e-01
+2.85576e+04 -6.32751e+04 2010391 1 4.3099e-01
+2.87926e+04 -6.43628e+04 2010392 1 4.1578e-01
+2.90434e+04 -6.53929e+04 2010393 1 4.1317e-01
+2.93164e+04 -6.63682e+04 2010394 1 4.2372e-01
+2.96225e+04 -6.72854e+04 2010395 1 4.3156e-01
+2.99618e+04 -6.81492e+04 2010396 1 4.5147e-01
+3.03372e+04 -6.89596e+04 2010397 1 4.7022e-01
+3.07552e+04 -6.97161e+04 2010398 1 4.9339e-01
+3.12202e+04 -7.04181e+04 2010399 1 5.1985e-01
+3.17323e+04 -7.10689e+04 2010400 1 5.5520e-01
+3.22928e+04 -7.16683e+04 2010401 1 5.8901e-01
+3.29036e+04 -7.22168e+04 2010402 1 6.2188e-01
+3.35652e+04 -7.27146e+04 2010403 1 6.5186e-01
+3.42786e+04 -7.31624e+04 2010404 1 6.7903e-01
+3.50435e+04 -7.35610e+04 2010405 1 6.9981e-01
+4.43660e+04 -4.91076e+04 4010193 1 5.0641e-01
+4.03919e+04 -4.94166e+04 4010107 1 5.4462e-01
+1.28701e+04 -5.80404e+04 10678 0 1.4225e+00
+1.18664e+04 -5.45616e+04 10635 0 1.2510e+00
+1.18902e+04 -5.35162e+04 10634 0 1.2677e+00
+1.02880e+04 -5.11705e+04 10591 0 1.1339e+00
+8.13168e+03 -4.91327e+04 10547 0 1.1073e+00
+1.31890e+04 -7.35608e+04 10729 1 1.4117e+00
+2.94765e+04 -4.88584e+04 2010589 1 8.0814e-01
+1.42031e+04 -7.37072e+04 10769 1 1.2705e+00
+1.52959e+04 -7.36838e+04 10809 1 1.0992e+00
+3.59848e+03 -4.94404e+04 10459 0 1.1433e+00
+3.20062e+03 -4.90641e+04 10458 0 1.1359e+00
+2.55444e+03 -5.73631e+04 10378 0 1.4267e+00
+9.21738e+03 -6.58224e+04 10562 0 1.0296e+00
+2.62199e+04 -4.97969e+04 2010423 1 9.1729e-01
+2.68288e+04 -5.14322e+04 2010424 1 8.3795e-01
+2.73428e+04 -5.30071e+04 2010425 1 7.6384e-01
+2.77805e+04 -5.45198e+04 2010426 1 6.9685e-01
+2.81586e+04 -5.59672e+04 2010427 1 6.3377e-01
+2.84926e+04 -5.73540e+04 2010428 1 5.7296e-01
+2.87970e+04 -5.86740e+04 2010429 1 5.4440e-01
+2.90774e+04 -5.99318e+04 2010430 1 5.0126e-01
+2.93510e+04 -6.11298e+04 2010431 1 4.8590e-01
+2.96202e+04 -6.22648e+04 2010432 1 4.6034e-01
+2.98993e+04 -6.33415e+04 2010433 1 4.6215e-01
+3.01896e+04 -6.43613e+04 2010434 1 4.4861e-01
+3.05020e+04 -6.53202e+04 2010435 1 4.5530e-01
+3.08398e+04 -6.62263e+04 2010436 1 4.7201e-01
+3.12077e+04 -6.70772e+04 2010437 1 4.7932e-01
+3.16106e+04 -6.78705e+04 2010438 1 4.8812e-01
+3.20509e+04 -6.86116e+04 2010439 1 5.1570e-01
+3.25317e+04 -6.93010e+04 2010440 1 5.4047e-01
+3.30561e+04 -6.99381e+04 2010441 1 5.6471e-01
+3.36269e+04 -7.05223e+04 2010442 1 5.8367e-01
+3.42439e+04 -7.10561e+04 2010443 1 6.1473e-01
+3.49070e+04 -7.15409e+04 2010444 1 6.4332e-01
+3.56173e+04 -7.19773e+04 2010445 1 6.7056e-01
+3.63742e+04 -7.23666e+04 2010446 1 6.9609e-01
+3.71775e+04 -7.27098e+04 2010447 1 7.1815e-01
+3.80265e+04 -7.30085e+04 2010448 1 7.3728e-01
+3.89199e+04 -7.32642e+04 2010449 1 7.5205e-01
+3.98563e+04 -7.34788e+04 2010450 1 7.6364e-01
+1.62758e+04 -7.11110e+04 10847 1 9.0493e-01
+1.38300e+04 -6.00492e+04 10719 0 1.5942e+00
+1.30055e+04 -5.69150e+04 10677 0 1.4123e+00
+1.18777e+04 -5.24964e+04 10633 0 1.2118e+00
+1.01388e+04 -5.02510e+04 10590 0 1.1650e+00
+9.94125e+03 -4.93610e+04 10589 0 1.1180e+00
+2.66938e+04 -4.88602e+04 2010464 1 9.2259e-01
+1.64550e+04 -7.34454e+04 10849 1 9.3693e-01
+7.31596e+03 -7.36760e+04 10440 0 1.3859e+00
+3.53295e+04 -4.90398e+04 2010799 1 6.3077e-01
+3.41490e+04 -4.92412e+04 2010757 1 6.5583e-01
+1.22914e+04 -7.35480e+04 10689 0 1.4066e+00
+9.07817e+03 -7.37262e+04 10525 0 1.0521e+00
+2.73709e+04 -5.04713e+04 2010465 1 8.3783e-01
+2.79528e+04 -5.20257e+04 2010466 1 7.7204e-01
+2.84569e+04 -5.35200e+04 2010467 1 7.1294e-01
+2.88982e+04 -5.49529e+04 2010468 1 6.5959e-01
+2.92927e+04 -5.63219e+04 2010469 1 6.0508e-01
+2.96546e+04 -5.76326e+04 2010470 1 5.6953e-01
+2.99901e+04 -5.88753e+04 2010471 1 5.4113e-01
+3.03145e+04 -6.00619e+04 2010472 1 5.0246e-01
+3.06322e+04 -6.11839e+04 2010473 1 5.0119e-01
+3.09548e+04 -6.22504e+04 2010474 1 4.9156e-01
+3.12876e+04 -6.32540e+04 2010475 1 4.7940e-01
+3.16355e+04 -6.42040e+04 2010476 1 4.8957e-01
+3.20072e+04 -6.50961e+04 2010477 1 4.8954e-01
+3.24061e+04 -6.59320e+04 2010478 1 5.0372e-01
+3.28330e+04 -6.67151e+04 2010479 1 5.1572e-01
+3.32943e+04 -6.74441e+04 2010480 1 5.3082e-01
+3.37947e+04 -6.81187e+04 2010481 1 5.4897e-01
+3.43335e+04 -6.87428e+04 2010482 1 5.7570e-01
+3.49127e+04 -6.93169e+04 2010483 1 5.9825e-01
+3.55341e+04 -6.98410e+04 2010484 1 6.2104e-01
+3.61988e+04 -7.03160e+04 2010485 1 6.3473e-01
+3.69078e+04 -7.07425e+04 2010486 1 6.5976e-01
+3.76593e+04 -7.11236e+04 2010487 1 6.8358e-01
+3.84531e+04 -7.14605e+04 2010488 1 7.0422e-01
+3.92889e+04 -7.17544e+04 2010489 1 7.2293e-01
+4.01654e+04 -7.20071e+04 2010490 1 7.3927e-01
+1.62767e+04 -6.99393e+04 10846 1 9.1104e-01
+1.32097e+04 -5.47351e+04 10675 0 1.3993e+00
+1.32647e+04 -5.36646e+04 10674 0 1.4123e+00
+1.17170e+04 -5.05267e+04 10631 0 1.2203e+00
+1.18215e+04 -5.15047e+04 10632 0 1.2034e+00
+1.15583e+04 -4.95579e+04 10630 0 1.1837e+00
+3.06423e+04 -4.91425e+04 2010631 1 7.5881e-01
+8.01159e+03 -7.23920e+04 10482 0 1.2007e+00
+3.29768e+04 -4.93288e+04 2010715 1 6.8837e-01
+9.70423e+03 -7.25064e+04 10566 0 1.0314e+00
+6.19989e+03 -7.31582e+04 10396 0 1.5687e+00
+1.13121e+04 -7.24417e+04 10648 0 1.2518e+00
+7.05526e+03 -7.21883e+04 10439 0 1.3845e+00
+1.13170e+03 -5.13734e+04 10413 0 1.2011e+00
+6.01393e+02 -5.55455e+04 10371 0 1.3605e+00
+7.59814e+02 -5.12608e+04 10412 0 1.2032e+00
+2.78614e+04 -4.94717e+04 2010506 1 8.5156e-01
+2.85103e+04 -5.10015e+04 2010507 1 7.8253e-01
+2.90810e+04 -5.24746e+04 2010508 1 7.2590e-01
+2.95857e+04 -5.38878e+04 2010509 1 6.7606e-01
+3.00399e+04 -5.52408e+04 2010510 1 6.3134e-01
+3.04595e+04 -5.65320e+04 2010511 1 5.8263e-01
+3.08492e+04 -5.77645e+04 2010512 1 5.6938e-01
+3.12253e+04 -5.89328e+04 2010513 1 5.3313e-01
+3.15901e+04 -6.00454e+04 2010514 1 5.2578e-01
+3.19586e+04 -6.10949e+04 2010515 1 5.1711e-01
+3.23307e+04 -6.20893e+04 2010516 1 5.0820e-01
+3.27170e+04 -6.30245e+04 2010517 1 5.0509e-01
+3.31222e+04 -6.39045e+04 2010518 1 5.1907e-01
+3.35493e+04 -6.47306e+04 2010519 1 5.2428e-01
+3.40034e+04 -6.54997e+04 2010520 1 5.2522e-01
+3.44875e+04 -6.62164e+04 2010521 1 5.4731e-01
+3.50042e+04 -6.68824e+04 2010522 1 5.6570e-01
+3.55565e+04 -6.74967e+04 2010523 1 5.8097e-01
+3.61474e+04 -6.80594e+04 2010524 1 5.9810e-01
+3.67759e+04 -6.85739e+04 2010525 1 6.2107e-01
+3.74427e+04 -6.90417e+04 2010526 1 6.4191e-01
+3.81491e+04 -6.94629e+04 2010527 1 6.6079e-01
+3.88951e+04 -6.98391e+04 2010528 1 6.7727e-01
+3.96811e+04 -7.01712e+04 2010529 1 6.8905e-01
+4.05058e+04 -7.04614e+04 2010530 1 7.0594e-01
+4.13680e+04 -7.07121e+04 2010531 1 7.2113e-01
+1.41821e+04 -5.77660e+04 10717 0 1.5829e+00
+1.43340e+04 -5.66436e+04 10716 0 1.5708e+00
+1.32381e+04 -5.15539e+04 10672 0 1.3365e+00
+1.32779e+04 -5.26011e+04 10673 0 1.3492e+00
+4.97738e+03 -7.31179e+04 10351 0 1.7281e+00
+1.04564e+04 -7.20725e+04 10607 0 1.1020e+00
+1.20994e+04 -7.19095e+04 10688 0 1.4125e+00
+1.40463e+04 -7.23335e+04 10768 1 1.3053e+00
+1.51553e+04 -7.24311e+04 10808 1 1.1190e+00
+1.30201e+04 -7.20481e+04 10728 1 1.4515e+00
+8.81484e+03 -7.20048e+04 10524 0 1.0591e+00
+2.90180e+04 -4.99436e+04 2010548 1 7.9702e-01
+3.03715e+02 -5.54753e+04 10370 0 1.3630e+00
+2.96523e+04 -5.13915e+04 2010549 1 7.3364e-01
+3.02202e+04 -5.27829e+04 2010550 1 6.9399e-01
+3.07338e+04 -5.41153e+04 2010551 1 6.4636e-01
+3.12094e+04 -5.53891e+04 2010552 1 6.0715e-01
+3.16543e+04 -5.66024e+04 2010553 1 5.8234e-01
+3.20802e+04 -5.77583e+04 2010554 1 5.5914e-01
+3.24940e+04 -5.88524e+04 2010555 1 5.4294e-01
+3.29057e+04 -5.98918e+04 2010556 1 5.3965e-01
+3.33194e+04 -6.08702e+04 2010557 1 5.2109e-01
+3.37425e+04 -6.17942e+04 2010558 1 5.2985e-01
+3.41806e+04 -6.26634e+04 2010559 1 5.3048e-01
+3.46392e+04 -6.34746e+04 2010560 1 5.3545e-01
+3.51182e+04 -6.42349e+04 2010561 1 5.4387e-01
+3.56238e+04 -6.49422e+04 2010562 1 5.5487e-01
+3.61605e+04 -6.55962e+04 2010563 1 5.6811e-01
+3.67280e+04 -6.62011e+04 2010564 1 5.8856e-01
+3.73281e+04 -6.67576e+04 2010565 1 6.0579e-01
+3.79631e+04 -6.72656e+04 2010566 1 6.1949e-01
+3.86346e+04 -6.77257e+04 2010567 1 6.3399e-01
+3.93415e+04 -6.81411e+04 2010568 1 6.5274e-01
+4.00841e+04 -6.85132e+04 2010569 1 6.7053e-01
+4.08622e+04 -6.88435e+04 2010570 1 6.8513e-01
+4.16760e+04 -6.91331e+04 2010571 1 6.9664e-01
+1.51082e+04 -5.99034e+04 10758 1 1.4312e+00
+1.54825e+04 -6.51499e+04 10802 1 1.1285e+00
+3.83941e+02 -5.11905e+04 10411 0 1.2080e+00
+1.63260e+04 -6.87757e+04 10845 1 8.9691e-01
+6.83223e+03 -7.07359e+04 10438 0 1.3832e+00
+1.49100e+04 -6.10560e+04 10759 1 1.4222e+00
+1.44586e+04 -5.55234e+04 10715 0 1.5605e+00
+1.45483e+04 -5.43966e+04 10714 0 1.5532e+00
+1.31418e+04 -5.04960e+04 10671 0 1.3665e+00
+1.29746e+04 -4.94491e+04 10670 0 1.2906e+00
+9.50058e+03 -7.07568e+04 10565 0 1.0231e+00
+7.78855e+03 -7.07927e+04 10481 0 1.2027e+00
+1.11512e+04 -7.07194e+04 10647 0 1.2227e+00
+1.02894e+04 -7.03222e+04 10606 0 1.0805e+00
+8.61460e+03 -7.03194e+04 10523 0 1.0631e+00
+3.46847e+03 -7.35500e+04 10304 0 1.8347e+00
+3.01723e+04 -5.02789e+04 2010590 1 7.4869e-01
+3.08018e+04 -5.16451e+04 2010591 1 7.0276e-01
+3.13738e+04 -5.29552e+04 2010592 1 6.6420e-01
+3.19049e+04 -5.42081e+04 2010593 1 6.1896e-01
+3.24036e+04 -5.54035e+04 2010594 1 6.0295e-01
+3.28797e+04 -5.65406e+04 2010595 1 5.6757e-01
+3.33407e+04 -5.76207e+04 2010596 1 5.6518e-01
+3.37969e+04 -5.86430e+04 2010597 1 5.4528e-01
+3.42507e+04 -5.96093e+04 2010598 1 5.4344e-01
+3.47108e+04 -6.05204e+04 2010599 1 5.3247e-01
+3.51836e+04 -6.13750e+04 2010600 1 5.4441e-01
+3.56706e+04 -6.21778e+04 2010601 1 5.4868e-01
+3.61766e+04 -6.29260e+04 2010602 1 5.4445e-01
+3.67058e+04 -6.36223e+04 2010603 1 5.6262e-01
+3.72598e+04 -6.42698e+04 2010604 1 5.7684e-01
+3.78423e+04 -6.48667e+04 2010605 1 5.8238e-01
+3.84554e+04 -6.54143e+04 2010606 1 6.0119e-01
+3.90987e+04 -6.59159e+04 2010607 1 6.1918e-01
+3.97732e+04 -6.63727e+04 2010608 1 6.3448e-01
+4.04805e+04 -6.67848e+04 2010609 1 6.4564e-01
+4.12217e+04 -6.71531e+04 2010610 1 6.5652e-01
+4.19952e+04 -6.74809e+04 2010611 1 6.7143e-01
+4.28007e+04 -6.77698e+04 2010612 1 6.8362e-01
+1.19892e+04 -7.02781e+04 10687 0 1.3939e+00
+6.63854e+03 -6.93265e+04 10437 0 1.3777e+00
+1.54718e+04 -5.75936e+04 10756 1 1.4458e+00
+1.52984e+04 -5.87517e+04 10757 1 1.4341e+00
+1.45921e+04 -5.32641e+04 10713 0 1.5014e+00
+1.45762e+04 -5.21186e+04 10712 0 1.5027e+00
+3.25296e+03 -7.28498e+04 10303 0 1.8237e+00
+5.95861e+03 -7.18718e+04 10395 0 1.5633e+00
+1.44934e+04 -5.09555e+04 10711 0 1.4527e+00
+1.76687e+04 -7.29874e+04 2010028 1 7.8896e-01
+7.60731e+03 -6.92377e+04 10480 0 1.2036e+00
+5.53942e+03 -6.94162e+04 10393 0 1.5486e+00
+9.36036e+03 -6.90524e+04 10564 0 1.0166e+00
+1.29281e+04 -7.05502e+04 10727 1 1.4728e+00
+1.63340e+04 -7.22831e+04 10848 1 9.3033e-01
+1.01901e+04 -6.86203e+04 10605 0 1.0561e+00
+8.46422e+03 -6.86820e+04 10522 0 1.0673e+00
+1.10659e+04 -6.90362e+04 10646 0 1.1916e+00
+7.45795e+03 -6.77339e+04 10479 0 1.2048e+00
+6.46687e+03 -6.79658e+04 10436 0 1.3723e+00
+1.90621e+04 -7.33565e+04 2010069 1 6.6696e-01
+5.74029e+03 -7.06229e+04 10394 0 1.5579e+00
+4.32328e+03 -7.01364e+04 10348 0 1.7005e+00
+5.35126e+03 -6.82563e+04 10392 0 1.5397e+00
+3.04294e+03 -7.21886e+04 10302 0 1.8128e+00
+4.74790e+03 -7.20851e+04 10350 0 1.7202e+00
+3.19605e+04 -5.17669e+04 2010633 1 6.7306e-01
+3.25459e+04 -5.29972e+04 2010634 1 6.3526e-01
+3.30975e+04 -5.41722e+04 2010635 1 6.0949e-01
+3.36227e+04 -5.52904e+04 2010636 1 5.8539e-01
+3.41308e+04 -5.63534e+04 2010637 1 5.6780e-01
+3.46303e+04 -5.73595e+04 2010638 1 5.6289e-01
+3.51241e+04 -5.83121e+04 2010639 1 5.4178e-01
+3.56220e+04 -5.92076e+04 2010640 1 5.5119e-01
+3.61272e+04 -6.00525e+04 2010641 1 5.5220e-01
+3.66453e+04 -6.08412e+04 2010642 1 5.5002e-01
+3.71773e+04 -6.15801e+04 2010643 1 5.5582e-01
+3.77285e+04 -6.22685e+04 2010644 1 5.6507e-01
+3.83033e+04 -6.29052e+04 2010645 1 5.7272e-01
+3.89018e+04 -6.34947e+04 2010646 1 5.8967e-01
+3.95258e+04 -6.40378e+04 2010647 1 6.0168e-01
+4.01781e+04 -6.45337e+04 2010648 1 6.0760e-01
+4.08593e+04 -6.49848e+04 2010649 1 6.2449e-01
+4.15690e+04 -6.53936e+04 2010650 1 6.3859e-01
+4.23081e+04 -6.57613e+04 2010651 1 6.5137e-01
+4.30770e+04 -6.60889e+04 2010652 1 6.6025e-01
+4.38762e+04 -6.63772e+04 2010653 1 6.6616e-01
+1.56594e+04 -6.39814e+04 10801 1 1.1332e+00
+1.58516e+04 -6.28169e+04 10800 1 1.1282e+00
+1.64175e+04 -6.76097e+04 10844 1 8.9487e-01
+1.56194e+04 -5.64135e+04 10755 1 1.4440e+00
+1.57295e+04 -5.52230e+04 10754 1 1.4056e+00
+1.57897e+04 -5.39981e+04 10753 1 1.4225e+00
+1.57877e+04 -5.27435e+04 10752 1 1.4108e+00
+1.57061e+04 -5.14497e+04 10751 1 1.3970e+00
+1.43278e+04 -4.97724e+04 10710 0 1.4431e+00
+4.12225e+03 -6.92265e+04 10347 0 1.6899e+00
+3.73064e+03 -6.75423e+04 10345 0 1.6721e+00
+9.26997e+03 -6.74055e+04 10563 0 1.0186e+00
+8.35209e+03 -6.71009e+04 10521 0 1.0738e+00
+7.33194e+03 -6.62864e+04 10478 0 1.2072e+00
+6.31083e+03 -6.66576e+04 10435 0 1.3682e+00
+5.17159e+03 -6.71453e+04 10391 0 1.5312e+00
+1.01444e+04 -6.69813e+04 10604 0 1.0661e+00
+3.92538e+03 -6.83615e+04 10346 0 1.6804e+00
+3.31329e+04 -5.17625e+04 2010675 1 6.4238e-01
+3.37361e+04 -5.29148e+04 2010676 1 6.2195e-01
+3.43096e+04 -5.40135e+04 2010677 1 5.9091e-01
+3.48639e+04 -5.50569e+04 2010678 1 5.8182e-01
+3.54061e+04 -5.60477e+04 2010679 1 5.6643e-01
+3.59401e+04 -5.69823e+04 2010680 1 5.5676e-01
+3.64740e+04 -5.78668e+04 2010681 1 5.5727e-01
+3.70135e+04 -5.86953e+04 2010682 1 5.5313e-01
+3.75607e+04 -5.94750e+04 2010683 1 5.5734e-01
+3.81195e+04 -6.02028e+04 2010684 1 5.4903e-01
+3.86949e+04 -6.08802e+04 2010685 1 5.6467e-01
+3.92883e+04 -6.15107e+04 2010686 1 5.7557e-01
+3.99031e+04 -6.20932e+04 2010687 1 5.7837e-01
+4.05413e+04 -6.26284e+04 2010688 1 5.9371e-01
+4.12030e+04 -6.31202e+04 2010689 1 6.0774e-01
+4.18896e+04 -6.35690e+04 2010690 1 6.1808e-01
+4.26031e+04 -6.39746e+04 2010691 1 6.2329e-01
+4.33434e+04 -6.43397e+04 2010692 1 6.3689e-01
+4.41100e+04 -6.46666e+04 2010693 1 6.4789e-01
+2.03194e+03 -6.94922e+04 10297 0 1.7657e+00
+3.53631e+03 -6.67689e+04 10344 0 1.6644e+00
+1.65439e+04 -6.64467e+04 10843 1 8.8567e-01
+1.60518e+04 -6.16498e+04 10799 1 1.1356e+00
+1.62517e+04 -6.04741e+04 10798 1 1.1448e+00
+1.64429e+04 -5.92831e+04 10797 1 1.1499e+00
+1.66153e+04 -5.80658e+04 10796 1 1.2012e+00
+1.67583e+04 -5.68166e+04 10795 1 1.1719e+00
+1.55242e+04 -5.01178e+04 10750 1 1.3861e+00
+1.68578e+04 -5.55335e+04 10794 1 1.1936e+00
+2.83697e+03 -7.15675e+04 10301 0 1.8027e+00
+1.52254e+04 -4.87527e+04 10749 1 1.3686e+00
+4.53091e+03 -7.10900e+04 10349 0 1.7117e+00
+4.99681e+03 -6.60848e+04 10390 0 1.5239e+00
+1.22864e+03 -6.81029e+04 10293 0 1.7396e+00
+3.34102e+03 -6.60417e+04 10343 0 1.6533e+00
+4.82385e+03 -6.50753e+04 10389 0 1.5178e+00
+3.14378e+03 -6.53634e+04 10342 0 1.6404e+00
+7.22195e+03 -6.48981e+04 10477 0 1.2105e+00
+8.26822e+03 -6.55811e+04 10520 0 1.0830e+00
+6.16492e+03 -6.54041e+04 10434 0 1.3646e+00
+4.65012e+03 -6.41171e+04 10388 0 1.5132e+00
+8.20399e+03 -6.41257e+04 10519 0 1.0930e+00
+6.02442e+03 -6.42069e+04 10433 0 1.3622e+00
+2.94372e+03 -6.47337e+04 10341 0 1.6307e+00
+2.43238e+03 -7.04469e+04 10299 0 1.7847e+00
+3.49410e+04 -5.27139e+04 2010718 1 6.0030e-01
+3.55404e+04 -5.37386e+04 2010719 1 5.8602e-01
+3.61249e+04 -5.47095e+04 2010720 1 5.7118e-01
+3.66978e+04 -5.56301e+04 2010721 1 5.6213e-01
+3.72686e+04 -5.64970e+04 2010722 1 5.5624e-01
+3.78406e+04 -5.73145e+04 2010723 1 5.5938e-01
+3.84181e+04 -5.80808e+04 2010724 1 5.4909e-01
+3.90037e+04 -5.87975e+04 2010725 1 5.5640e-01
+3.96016e+04 -5.94676e+04 2010726 1 5.6213e-01
+4.02163e+04 -6.00877e+04 2010727 1 5.6704e-01
+4.08480e+04 -6.06632e+04 2010728 1 5.7947e-01
+4.14989e+04 -6.11943e+04 2010729 1 5.8897e-01
+4.21717e+04 -6.16806e+04 2010730 1 5.9346e-01
+4.28667e+04 -6.21245e+04 2010731 1 6.0626e-01
+4.35841e+04 -6.25287e+04 2010732 1 6.1793e-01
+4.43251e+04 -6.28937e+04 2010733 1 6.2585e-01
+5.91911e+00 -5.11420e+04 10410 0 1.2138e+00
+4.50909e+04 -6.32198e+04 2010734 1 6.2944e-01
+1.63156e+03 -6.87124e+04 10295 0 1.7507e+00
+1.69001e+04 -5.42051e+04 10793 1 1.2114e+00
+1.66979e+04 -6.52813e+04 10842 1 8.8795e-01
+1.74409e+04 -6.04983e+04 10838 1 9.2075e-01
+1.68724e+04 -6.41097e+04 10841 1 8.8648e-01
+1.76138e+04 -5.92437e+04 10837 1 9.9549e-01
+1.72517e+04 -6.17259e+04 10839 1 9.1007e-01
+1.70598e+04 -6.29263e+04 10840 1 8.9801e-01
+1.77628e+04 -5.79438e+04 10836 1 9.9119e-01
+1.78722e+04 -5.66038e+04 10835 1 1.0163e+00
+1.67403e+04 -5.13943e+04 10791 1 1.2475e+00
+1.68678e+04 -5.28261e+04 10792 1 1.2291e+00
+1.64941e+04 -4.99106e+04 10790 1 1.2657e+00
+2.23193e+03 -6.99479e+04 10298 0 1.7760e+00
+3.21169e+00 -6.73016e+04 10287 0 1.7217e+00
+2.74015e+03 -6.41519e+04 10340 0 1.6234e+00
+4.47348e+03 -6.32102e+04 10387 0 1.5008e+00
+7.12168e+03 -6.35708e+04 10476 0 1.2146e+00
+5.88530e+03 -6.30660e+04 10432 0 1.3616e+00
+5.74409e+03 -6.19813e+04 10431 0 1.3622e+00
+7.02565e+03 -6.23048e+04 10475 0 1.2199e+00
+4.29218e+03 -6.23569e+04 10386 0 1.4862e+00
+2.32073e+03 -6.31271e+04 10338 0 1.6129e+00
+4.10476e+03 -6.15567e+04 10385 0 1.4768e+00
+3.91005e+03 -6.08081e+04 10384 0 1.4712e+00
+3.73987e+04 -5.42557e+04 2010762 1 5.6104e-01
+2.53259e+03 -6.36168e+04 10339 0 1.6176e+00
+3.80049e+04 -5.51085e+04 2010763 1 5.5975e-01
+3.86100e+04 -5.59108e+04 2010764 1 5.5184e-01
+3.92171e+04 -5.66646e+04 2010765 1 5.5281e-01
+3.98290e+04 -5.73717e+04 2010766 1 5.4976e-01
+4.04516e+04 -5.80292e+04 2010767 1 5.5567e-01
+4.10859e+04 -5.86429e+04 2010768 1 5.6639e-01
+4.17349e+04 -5.92113e+04 2010769 1 5.6442e-01
+4.24012e+04 -5.97347e+04 2010770 1 5.7833e-01
+4.30847e+04 -6.02174e+04 2010771 1 5.8849e-01
+4.37874e+04 -6.06589e+04 2010772 1 5.9521e-01
+4.45112e+04 -6.10595e+04 2010773 1 6.0122e-01
+4.52556e+04 -6.14225e+04 2010774 1 6.1136e-01
+1.47496e+03 -5.60398e+04 10374 0 1.3904e+00
+1.83195e+03 -6.90807e+04 10296 0 1.7576e+00
+1.43052e+03 -6.83868e+04 10294 0 1.7446e+00
+4.13669e+02 -6.74091e+04 10289 0 1.7230e+00
+1.43088e+03 -6.16493e+04 10334 0 1.5800e+00
+5.59782e+03 -6.09526e+04 10430 0 1.3491e+00
+1.79088e+04 -5.37580e+04 10833 1 1.0946e+00
+1.77967e+04 -5.22444e+04 10832 1 1.1357e+00
+1.75656e+04 -5.06691e+04 10831 1 1.1790e+00
+1.02591e+03 -6.78612e+04 10292 0 1.7329e+00
+1.88402e+03 -6.22932e+04 10336 0 1.5878e+00
+1.65940e+03 -6.19488e+04 10335 0 1.5831e+00
+1.79270e+04 -5.52102e+04 10834 1 1.0543e+00
+2.63379e+03 -7.09868e+04 10300 0 1.7934e+00
+8.22461e+02 -6.76662e+04 10291 0 1.7282e+00
+1.71871e+04 -4.90353e+04 10830 1 1.2229e+00
+6.18345e+02 -6.75161e+04 10290 0 1.7251e+00
+2.10450e+03 -6.26851e+04 10337 0 1.5955e+00
+2.45455e+02 -6.08446e+04 10329 0 1.5597e+00
+5.44399e+03 -5.99813e+04 10429 0 1.3369e+00
+9.63605e+02 -6.11834e+04 10332 0 1.5645e+00
+3.70710e+03 -6.01095e+04 10383 0 1.4681e+00
+1.19879e+03 -6.13928e+04 10333 0 1.5780e+00
+2.80364e+03 -5.78146e+04 10379 0 1.4261e+00
+4.86361e+02 -6.09141e+04 10330 0 1.5600e+00
+3.49528e+03 -5.94591e+04 10382 0 1.4675e+00
+3.27416e+03 -5.88587e+04 10381 0 1.4376e+00
+3.04361e+03 -5.83120e+04 10380 0 1.4281e+00
+4.05973e+04 -5.59244e+04 2010807 1 5.4607e-01
+4.12429e+04 -5.65740e+04 2010808 1 5.5307e-01
+4.18985e+04 -5.71775e+04 2010809 1 5.5216e-01
+2.08588e+02 -6.73430e+04 10288 0 1.7219e+00
+7.25948e+02 -6.10259e+04 10331 0 1.5614e+00
+4.25657e+04 -5.77379e+04 2010810 1 5.6279e-01
+4.32459e+04 -5.82571e+04 2010811 1 5.7012e-01
+4.39421e+04 -5.87335e+04 2010812 1 5.7184e-01
+4.46546e+04 -5.91706e+04 2010813 1 5.8341e-01
+4.53841e+04 -5.95701e+04 2010814 1 5.9122e-01
+3.78128e+00 -6.07997e+04 10328 0 1.5603e+00
+4.68068e+00 -5.54285e+04 10369 0 1.3663e+00
