+4.70072e+04 -4.85128e+04 4010237 1 4.6150e-01
+4.74303e+04 -4.69751e+04 4010278 1 4.5132e-01
+8.18924e+04 -2.85329e+04 7010028 1 2.8487e-01
+8.27589e+04 -2.85315e+04 7010029 1 2.8329e-01
+6.27641e+04 -2.79858e+04 7010006 1 3.3036e-01
+6.00948e+04 -2.77204e+04 7010003 1 3.3900e-01
+4.82450e+04 -4.73980e+04 4010279 1 4.5054e-01
+4.69729e+04 -4.49953e+04 4010318 1 4.4290e-01
+4.78063e+04 -4.54362e+04 4010319 1 4.4101e-01
+6.62794e+04 -2.82370e+04 7010010 1 3.2081e-01
+6.71528e+04 -2.82842e+04 7010011 1 3.1859e-01
+6.80245e+04 -2.83259e+04 7010012 1 3.1641e-01
+5.44397e+04 -4.80021e+04 4010327 1 4.4488e-01
+5.48451e+04 -4.64086e+04 4010368 1 4.2989e-01
+5.62348e+04 -3.83917e+04 4010573 1 3.7357e-01
+4.90590e+04 -4.77915e+04 4010280 1 4.5045e-01
+5.52072e+04 -4.48101e+04 4010409 1 4.1676e-01
+7.32333e+04 -2.84827e+04 7010018 1 3.0395e-01
+5.63887e+04 -3.67869e+04 4010614 1 3.6604e-01
+8.36256e+04 -2.85298e+04 7010030 1 2.8190e-01
+7.40995e+04 -2.84964e+04 7010019 1 3.0189e-01
+8.44926e+04 -2.85280e+04 7010031 1 2.8065e-01
+5.55268e+04 -4.32079e+04 4010450 1 4.0438e-01
+7.49653e+04 -2.85076e+04 7010020 1 2.9981e-01
+8.53597e+04 -2.85260e+04 7010032 1 2.7933e-01
+7.58310e+04 -2.85163e+04 7010021 1 2.9779e-01
+6.18782e+04 -2.79053e+04 7010005 1 3.3306e-01
+8.62271e+04 -2.85240e+04 7010033 1 2.7821e-01
+6.36469e+04 -2.80587e+04 7010007 1 3.2781e-01
+5.65022e+04 -3.51844e+04 4010655 1 3.5975e-01
+7.66967e+04 -2.85229e+04 7010022 1 2.9587e-01
+8.70945e+04 -2.85221e+04 7010034 1 2.7734e-01
+6.45268e+04 -2.81247e+04 7010008 1 3.2536e-01
+5.58043e+04 -4.16033e+04 4010491 1 3.9279e-01
+5.66019e+04 -3.04011e+04 4010778 1 3.5129e-01
+8.79622e+04 -2.85205e+04 7010035 1 2.7675e-01
+6.54041e+04 -2.81840e+04 7010009 1 3.2305e-01
+8.88299e+04 -2.85194e+04 7010036 1 2.7604e-01
+7.75623e+04 -2.85278e+04 7010023 1 2.9392e-01
+5.65754e+04 -3.35851e+04 4010696 1 3.5514e-01
+8.96978e+04 -2.85184e+04 7010037 1 2.7554e-01
+9.05656e+04 -2.85177e+04 7010038 1 2.7527e-01
+5.60401e+04 -3.99975e+04 4010532 1 3.8219e-01
+5.82929e+04 -2.75007e+04 7010001 1 3.4596e-01
+5.91965e+04 -2.76151e+04 7010002 1 3.4234e-01
+5.73836e+04 -2.73769e+04 7010000 1 3.5021e-01
+6.88949e+04 -2.83626e+04 7010013 1 3.1429e-01
+6.97641e+04 -2.83946e+04 7010014 1 3.1223e-01
+7.84281e+04 -2.85310e+04 7010024 1 2.9193e-01
+7.06325e+04 -2.84222e+04 7010015 1 3.1012e-01
+7.92939e+04 -2.85329e+04 7010025 1 2.9005e-01
+7.15000e+04 -2.84459e+04 7010016 1 3.0802e-01
+8.01599e+04 -2.85337e+04 7010026 1 2.8831e-01
+8.10260e+04 -2.85337e+04 7010027 1 2.8662e-01
+6.09885e+04 -2.78170e+04 7010004 1 3.3594e-01
+7.23669e+04 -2.84659e+04 7010017 1 3.0595e-01
+4.75559e+04 -4.19445e+04 4010400 1 4.2769e-01
+4.72867e+04 -4.34690e+04 4010359 1 4.3508e-01
+4.94625e+04 -4.62334e+04 4010321 1 4.3911e-01
+4.84210e+04 -4.23598e+04 4010401 1 4.2348e-01
+4.89801e+04 -4.42987e+04 4010361 1 4.2961e-01
+4.86620e+04 -4.08244e+04 4010442 1 4.1628e-01
+4.86356e+04 -4.58487e+04 4010320 1 4.3993e-01
+4.81362e+04 -4.38975e+04 4010360 1 4.3159e-01
+4.68912e+04 -3.99970e+04 4010440 1 4.2649e-01
+5.27713e+04 -4.75093e+04 4010325 1 4.4148e-01
+4.79645e+04 -3.89057e+04 4010482 1 4.1520e-01
+5.31663e+04 -4.59226e+04 4010366 1 4.2836e-01
+5.36037e+04 -4.77670e+04 4010326 1 4.4275e-01
+5.44917e+04 -3.79634e+04 4010571 1 3.7662e-01
+5.35172e+04 -4.43327e+04 4010407 1 4.1564e-01
+5.40045e+04 -4.61765e+04 4010367 1 4.2898e-01
+5.43617e+04 -4.45817e+04 4010408 1 4.1612e-01
+5.38246e+04 -4.27407e+04 4010448 1 4.0392e-01
+5.53649e+04 -3.81860e+04 4010572 1 3.7488e-01
+5.46758e+04 -4.29842e+04 4010449 1 4.0390e-01
+5.56182e+04 -3.49939e+04 4010654 1 3.6181e-01
+5.51768e+04 -3.97851e+04 4010531 1 3.8315e-01
+5.49473e+04 -4.13849e+04 4010490 1 3.9272e-01
+5.57097e+04 -3.18174e+04 4010736 1 3.5582e-01
+5.56840e+04 -3.34032e+04 4010695 1 3.5805e-01
+5.56952e+04 -3.02374e+04 4010777 1 3.5523e-01
+5.55119e+04 -3.65885e+04 4010613 1 3.6772e-01
+5.55454e+04 -2.70992e+04 6010039 1 3.6033e-01
+5.64680e+04 -2.72432e+04 6010040 1 3.5495e-01
+5.56404e+04 -2.86644e+04 4010818 1 3.5661e-01
+5.66086e+04 -3.19903e+04 4010737 1 3.5243e-01
+5.65551e+04 -2.88183e+04 4010819 1 3.5190e-01
+5.11146e+04 -4.69220e+04 4010323 1 4.3986e-01
+5.06896e+04 -4.84945e+04 4010282 1 4.5312e-01
+4.70578e+04 -3.84956e+04 4010481 1 4.2225e-01
+5.14937e+04 -4.53467e+04 4010364 1 4.2722e-01
+5.18280e+04 -4.37694e+04 4010405 1 4.1593e-01
+5.19418e+04 -4.72279e+04 4010324 1 4.4081e-01
+5.23297e+04 -4.56463e+04 4010365 1 4.2771e-01
+5.26729e+04 -4.40623e+04 4010406 1 4.1551e-01
+5.29723e+04 -4.24768e+04 4010447 1 4.0458e-01
+5.36144e+04 -3.77234e+04 4010570 1 3.7872e-01
+5.37448e+04 -3.61435e+04 4010611 1 3.7272e-01
+5.38344e+04 -3.45676e+04 4010652 1 3.6861e-01
+5.34424e+04 -3.93062e+04 4010529 1 3.8627e-01
+5.32286e+04 -4.08910e+04 4010488 1 3.9497e-01
+5.47292e+04 -3.47885e+04 4010653 1 3.6486e-01
+5.47870e+04 -3.32072e+04 4010694 1 3.6161e-01
+5.43112e+04 -3.95549e+04 4010530 1 3.8461e-01
+5.40890e+04 -4.11477e+04 4010489 1 3.9356e-01
+5.46309e+04 -3.63743e+04 4010612 1 3.6983e-01
+5.47816e+04 -3.00615e+04 4010776 1 3.5985e-01
+5.46149e+04 -2.69446e+04 6010038 1 3.6644e-01
+5.47184e+04 -2.84990e+04 4010817 1 3.6213e-01
+5.48045e+04 -3.16312e+04 4010735 1 3.5989e-01
+8.18800e+04 -2.68851e+04 7010067 1 2.8271e-01
+7.75419e+04 -2.68789e+04 7010062 1 2.9115e-01
+7.92769e+04 -2.68843e+04 7010064 1 2.8750e-01
+8.79581e+04 -2.68748e+04 7010074 1 2.7543e-01
+8.53524e+04 -2.68795e+04 7010071 1 2.7771e-01
+8.70894e+04 -2.68762e+04 7010073 1 2.7597e-01
+8.27479e+04 -2.68841e+04 7010068 1 2.8127e-01
+8.88269e+04 -2.68738e+04 7010075 1 2.7482e-01
+8.96958e+04 -2.68730e+04 7010076 1 2.7439e-01
+8.44841e+04 -2.68812e+04 7010070 1 2.7889e-01
+8.62209e+04 -2.68778e+04 7010072 1 2.7673e-01
+8.01445e+04 -2.68853e+04 7010065 1 2.8588e-01
+9.05647e+04 -2.68724e+04 7010077 1 2.7415e-01
+7.84094e+04 -2.68822e+04 7010063 1 2.8926e-01
+8.36159e+04 -2.68827e+04 7010069 1 2.8001e-01
+8.10122e+04 -2.68856e+04 7010066 1 2.8430e-01
+5.02885e+04 -4.65909e+04 4010322 1 4.3877e-01
+5.06575e+04 -4.50227e+04 4010363 1 4.2755e-01
+4.98735e+04 -4.81567e+04 4010281 1 4.5185e-01
+4.98200e+04 -4.46736e+04 4010362 1 4.2847e-01
+5.01324e+04 -4.31136e+04 4010403 1 4.1832e-01
+5.12614e+04 -4.18843e+04 4010445 1 4.0724e-01
+5.09815e+04 -4.34534e+04 4010404 1 4.1700e-01
+5.14979e+04 -4.03165e+04 4010486 1 3.9860e-01
+5.18435e+04 -3.71886e+04 4010568 1 3.8543e-01
+5.21182e+04 -4.21915e+04 4010446 1 4.0583e-01
+5.20238e+04 -3.40773e+04 4010650 1 3.7778e-01
+5.27319e+04 -3.74653e+04 4010569 1 3.8153e-01
+5.23652e+04 -4.06142e+04 4010487 1 3.9652e-01
+5.29330e+04 -3.43307e+04 4010651 1 3.7293e-01
+5.28529e+04 -3.58958e+04 4010610 1 3.7661e-01
+5.29724e+04 -3.27711e+04 4010692 1 3.7068e-01
+5.29714e+04 -3.12176e+04 4010733 1 3.7007e-01
+5.27273e+04 -2.66025e+04 6010036 1 3.8058e-01
+5.25696e+04 -3.90385e+04 4010528 1 3.8830e-01
+5.37882e+04 -2.83219e+04 4010816 1 3.6835e-01
+5.38920e+04 -3.14314e+04 4010734 1 3.6465e-01
+5.36759e+04 -2.67792e+04 6010037 1 3.7320e-01
+6.35727e+04 -2.64364e+04 7010046 1 3.2791e-01
+6.44578e+04 -2.64981e+04 7010047 1 3.2503e-01
+6.26845e+04 -2.63682e+04 7010045 1 3.3097e-01
+5.38834e+04 -3.29966e+04 4010693 1 3.6588e-01
+6.62199e+04 -2.66033e+04 7010049 1 3.1966e-01
+6.88476e+04 -2.67213e+04 7010052 1 3.1224e-01
+5.38602e+04 -2.98729e+04 4010775 1 3.6541e-01
+7.40703e+04 -2.68483e+04 7010058 1 2.9902e-01
+6.79734e+04 -2.66868e+04 7010051 1 3.1462e-01
+7.23325e+04 -2.68191e+04 7010056 1 3.0323e-01
+6.53401e+04 -2.65536e+04 7010048 1 3.2227e-01
+7.32017e+04 -2.68350e+04 7010057 1 3.0115e-01
+6.70976e+04 -2.66476e+04 7010050 1 3.1709e-01
+7.58065e+04 -2.68675e+04 7010060 1 2.9494e-01
+6.97204e+04 -2.67514e+04 7010053 1 3.0994e-01
+7.05920e+04 -2.67776e+04 7010054 1 3.0764e-01
+7.66742e+04 -2.68740e+04 7010061 1 2.9305e-01
+7.49386e+04 -2.68590e+04 7010059 1 2.9693e-01
+7.14627e+04 -2.68000e+04 7010055 1 3.0539e-01
+4.92794e+04 -4.27493e+04 4010402 1 4.2036e-01
+4.95346e+04 -4.12014e+04 4010443 1 4.1218e-01
+4.99162e+04 -3.81145e+04 4010525 1 3.9956e-01
+4.97465e+04 -3.96562e+04 4010484 1 4.0537e-01
+5.06254e+04 -3.99974e+04 4010485 1 4.0136e-01
+5.04006e+04 -4.15546e+04 4010444 1 4.0928e-01
+5.08076e+04 -3.84431e+04 4010526 1 3.9504e-01
+5.09481e+04 -3.68928e+04 4010567 1 3.8986e-01
+5.11022e+04 -3.07463e+04 4010731 1 3.8359e-01
+5.20530e+04 -3.25300e+04 4010691 1 3.7607e-01
+5.19541e+04 -3.56305e+04 4010609 1 3.8094e-01
+5.11058e+04 -3.38070e+04 4010649 1 3.8318e-01
+5.20418e+04 -3.09894e+04 4010732 1 3.7653e-01
+5.11240e+04 -3.22732e+04 4010690 1 3.8256e-01
+5.19908e+04 -2.94560e+04 4010773 1 3.7870e-01
+5.10473e+04 -3.53471e+04 4010608 1 3.8587e-01
+5.16917e+04 -3.87510e+04 4010527 1 3.9112e-01
+5.72640e+04 -2.58009e+04 7010039 1 3.5479e-01
+6.08968e+04 -2.62107e+04 7010043 1 3.3765e-01
+5.99966e+04 -2.61207e+04 7010042 1 3.4144e-01
+5.81807e+04 -2.59161e+04 7010040 1 3.4995e-01
+5.28490e+04 -2.81326e+04 4010815 1 3.7520e-01
+6.17926e+04 -2.62931e+04 7010044 1 3.3417e-01
+5.90914e+04 -2.60226e+04 7010041 1 3.4555e-01
+5.29303e+04 -2.96712e+04 4010774 1 3.7177e-01
+5.18997e+04 -2.79308e+04 4010814 1 3.8266e-01
+5.17683e+04 -2.64143e+04 6010035 1 3.8859e-01
+4.77815e+04 -4.04231e+04 4010441 1 4.2099e-01
+4.88601e+04 -3.92924e+04 4010483 1 4.0994e-01
+4.90161e+04 -3.77646e+04 4010524 1 4.0462e-01
+4.81056e+04 -3.73930e+04 4010523 1 4.1093e-01
+4.91307e+04 -3.62418e+04 4010565 1 4.0049e-01
+4.92386e+04 -3.32142e+04 4010647 1 3.9748e-01
+4.92046e+04 -3.47247e+04 4010606 1 3.9839e-01
+5.01312e+04 -3.50453e+04 4010607 1 3.9134e-01
+5.01778e+04 -3.35194e+04 4010648 1 3.8984e-01
+5.01844e+04 -3.20001e+04 4010689 1 3.8988e-01
+4.91880e+04 -3.02148e+04 4010729 1 4.0000e-01
+4.92329e+04 -3.17107e+04 4010688 1 3.9798e-01
+5.00788e+04 -2.89842e+04 4010771 1 3.9461e-01
+5.00443e+04 -3.65773e+04 4010566 1 3.9484e-01
+4.98147e+04 -2.60023e+04 6010033 1 4.0654e-01
+5.01514e+04 -3.04882e+04 4010730 1 3.9144e-01
+5.25650e+04 -2.50817e+04 6010077 1 3.8807e-01
+4.99666e+04 -2.74888e+04 4010812 1 3.9959e-01
+5.07978e+04 -2.62143e+04 6010034 1 3.9722e-01
+5.09393e+04 -2.77163e+04 4010813 1 3.9080e-01
+5.44708e+04 -2.53992e+04 6010079 1 3.7281e-01
+5.10407e+04 -2.92272e+04 4010772 1 3.8633e-01
+5.15963e+04 -2.49071e+04 6010076 1 3.9659e-01
+5.35228e+04 -2.52456e+04 6010078 1 3.8013e-01
+7.13960e+04 -2.51601e+04 7010094 1 3.0346e-01
+7.05212e+04 -2.51391e+04 7010093 1 3.0599e-01
+6.96452e+04 -2.51147e+04 7010092 1 3.0861e-01
+7.92412e+04 -2.52399e+04 7010103 1 2.8444e-01
+7.31428e+04 -2.51929e+04 7010096 1 2.9875e-01
+6.61253e+04 -2.49769e+04 7010088 1 3.1998e-01
+6.78889e+04 -2.50545e+04 7010090 1 3.1404e-01
+8.09822e+04 -2.52414e+04 7010105 1 2.8122e-01
+6.87678e+04 -2.50866e+04 7010091 1 3.1127e-01
+8.27233e+04 -2.52403e+04 7010107 1 2.7829e-01
+5.63406e+04 -2.56765e+04 6010081 1 3.6011e-01
+7.83707e+04 -2.52378e+04 7010102 1 2.8622e-01
+7.40151e+04 -2.52054e+04 7010097 1 2.9644e-01
+7.48869e+04 -2.52155e+04 7010098 1 2.9422e-01
+7.75001e+04 -2.52345e+04 7010101 1 2.8813e-01
+6.52400e+04 -2.49308e+04 7010087 1 3.2318e-01
+8.96911e+04 -2.52306e+04 7010115 1 2.7172e-01
+8.88198e+04 -2.52314e+04 7010114 1 2.7211e-01
+5.54098e+04 -2.55428e+04 6010080 1 3.6610e-01
+7.66293e+04 -2.52298e+04 7010100 1 2.9012e-01
+8.01117e+04 -2.52410e+04 7010104 1 2.8281e-01
+7.57583e+04 -2.52235e+04 7010099 1 2.9211e-01
+8.62065e+04 -2.52349e+04 7010111 1 2.7393e-01
+8.18527e+04 -2.52411e+04 7010106 1 2.7968e-01
+8.35940e+04 -2.52391e+04 7010108 1 2.7707e-01
+7.22698e+04 -2.51779e+04 7010095 1 3.0104e-01
+8.44647e+04 -2.52378e+04 7010109 1 2.7596e-01
+8.70775e+04 -2.52335e+04 7010112 1 2.7321e-01
+8.79486e+04 -2.52323e+04 7010113 1 2.7268e-01
+6.70081e+04 -2.50180e+04 7010089 1 3.1694e-01
+9.05623e+04 -2.52301e+04 7010116 1 2.7150e-01
+8.53356e+04 -2.52364e+04 7010110 1 2.7486e-01
+4.71834e+04 -3.69994e+04 4010522 1 4.1892e-01
+4.73205e+04 -3.25497e+04 4010645 1 4.1545e-01
+4.72686e+04 -3.55093e+04 4010563 1 4.1662e-01
+4.72883e+04 -3.10813e+04 4010686 1 4.1721e-01
+4.82059e+04 -3.58859e+04 4010564 1 4.0810e-01
+4.82867e+04 -3.28910e+04 4010646 1 4.0605e-01
+4.73141e+04 -3.40259e+04 4010604 1 4.1542e-01
+4.82681e+04 -3.14045e+04 4010687 1 4.0705e-01
+4.82661e+04 -3.43850e+04 4010605 1 4.0643e-01
+4.81145e+04 -2.84556e+04 4010769 1 4.1394e-01
+4.91038e+04 -2.87271e+04 4010770 1 4.0371e-01
+4.88181e+04 -2.57782e+04 6010032 1 4.1657e-01
+4.82106e+04 -2.99258e+04 4010728 1 4.0961e-01
+4.78065e+04 -2.55418e+04 6010031 1 4.2727e-01
+4.89805e+04 -2.72481e+04 4010811 1 4.0932e-01
+4.86162e+04 -2.43179e+04 6010073 1 4.2554e-01
+4.79798e+04 -2.69941e+04 4010810 1 4.1978e-01
+4.96231e+04 -2.45254e+04 6010074 1 4.1528e-01
+5.71038e+04 -2.42343e+04 7010078 1 3.6154e-01
+5.06161e+04 -2.47218e+04 6010075 1 4.0565e-01
+6.25667e+04 -2.47589e+04 7010084 1 3.3377e-01
+5.80284e+04 -2.43407e+04 7010079 1 3.5604e-01
+5.98589e+04 -2.45299e+04 7010081 1 3.4628e-01
+6.16685e+04 -2.46894e+04 7010083 1 3.3770e-01
+6.34611e+04 -2.48221e+04 7010085 1 3.3006e-01
+6.43521e+04 -2.48793e+04 7010086 1 3.2653e-01
+6.07660e+04 -2.46132e+04 7010082 1 3.4185e-01
+5.89465e+04 -2.44392e+04 7010080 1 3.5100e-01
+5.61723e+04 -2.41195e+04 6010122 1 3.6751e-01
+4.75942e+04 -2.40991e+04 6010072 1 4.3646e-01
+5.52798e+04 -4.82156e+04 5010273 1 4.4666e-01
+5.61244e+04 -4.84085e+04 5010274 1 4.4792e-01
+5.69740e+04 -4.85817e+04 5010275 1 4.4912e-01
+5.78288e+04 -4.87365e+04 5010276 1 4.5017e-01
+4.71096e+04 -2.81694e+04 4010768 1 4.2501e-01
+4.72179e+04 -2.96211e+04 4010727 1 4.2040e-01
+4.69632e+04 -2.67267e+04 4010809 1 4.3109e-01
+5.42854e+04 -2.38636e+04 6010120 1 3.8141e-01
+5.52331e+04 -2.39960e+04 6010121 1 3.7412e-01
+5.56884e+04 -4.66199e+04 5010312 1 4.3168e-01
+5.65349e+04 -4.68116e+04 5010313 1 4.3311e-01
+5.73851e+04 -4.69844e+04 5010314 1 4.3402e-01
+5.82394e+04 -4.71393e+04 5010315 1 4.3446e-01
+5.90979e+04 -4.72773e+04 5010316 1 4.3495e-01
+5.99608e+04 -4.73995e+04 5010317 1 4.3473e-01
+6.08282e+04 -4.75066e+04 5010318 1 4.3386e-01
+6.17003e+04 -4.75997e+04 5010319 1 4.3240e-01
+6.25771e+04 -4.76796e+04 5010320 1 4.3067e-01
+6.34585e+04 -4.77474e+04 5010321 1 4.2818e-01
+6.43445e+04 -4.78038e+04 5010322 1 4.2495e-01
+6.52351e+04 -4.78498e+04 5010323 1 4.2110e-01
+6.61303e+04 -4.78862e+04 5010324 1 4.1669e-01
+6.70298e+04 -4.79140e+04 5010325 1 4.1155e-01
+6.79335e+04 -4.79337e+04 5010326 1 4.0575e-01
+6.88413e+04 -4.79464e+04 5010327 1 3.9939e-01
+6.97531e+04 -4.79526e+04 5010328 1 3.9271e-01
+7.06688e+04 -4.79533e+04 5010329 1 3.8521e-01
+7.15881e+04 -4.79490e+04 5010330 1 3.7696e-01
+7.25109e+04 -4.79403e+04 5010331 1 3.6823e-01
+7.34370e+04 -4.79280e+04 5010332 1 3.5918e-01
+7.43662e+04 -4.79127e+04 5010333 1 3.5010e-01
+7.52985e+04 -4.78951e+04 5010334 1 3.4048e-01
+7.62335e+04 -4.78755e+04 5010335 1 3.2983e-01
+7.71712e+04 -4.78544e+04 5010336 1 3.1890e-01
+7.81112e+04 -4.78324e+04 5010337 1 3.0786e-01
+7.90535e+04 -4.78100e+04 5010338 1 2.9697e-01
+7.99980e+04 -4.77876e+04 5010339 1 2.8712e-01
+8.09445e+04 -4.77657e+04 5010340 1 2.7522e-01
+8.18926e+04 -4.77445e+04 5010341 1 2.6315e-01
+8.28423e+04 -4.77242e+04 5010342 1 2.5115e-01
+8.37935e+04 -4.77051e+04 5010343 1 2.3947e-01
+8.47459e+04 -4.76876e+04 5010344 1 2.2858e-01
+8.56995e+04 -4.76722e+04 5010345 1 2.2042e-01
+8.66540e+04 -4.76591e+04 5010346 1 2.0949e-01
+8.76093e+04 -4.76481e+04 5010347 1 1.9934e-01
+8.85651e+04 -4.76393e+04 5010348 1 1.9035e-01
+8.95215e+04 -4.76329e+04 5010349 1 1.8307e-01
+9.04781e+04 -4.76288e+04 5010350 1 1.7837e-01
+5.60543e+04 -4.50186e+04 5010351 1 4.1739e-01
+5.69035e+04 -4.52082e+04 5010352 1 4.1864e-01
+5.77552e+04 -4.53797e+04 5010353 1 4.1962e-01
+5.86097e+04 -4.55342e+04 5010354 1 4.2011e-01
+5.94675e+04 -4.56724e+04 5010355 1 4.2009e-01
+6.03287e+04 -4.57952e+04 5010356 1 4.2000e-01
+6.11934e+04 -4.59037e+04 5010357 1 4.1935e-01
+6.20619e+04 -4.59986e+04 5010358 1 4.1808e-01
+6.29342e+04 -4.60808e+04 5010359 1 4.1624e-01
+6.38103e+04 -4.61513e+04 5010360 1 4.1401e-01
+6.46903e+04 -4.62108e+04 5010361 1 4.1115e-01
+6.55741e+04 -4.62602e+04 5010362 1 4.0762e-01
+6.64617e+04 -4.63003e+04 5010363 1 4.0361e-01
+6.73532e+04 -4.63319e+04 5010364 1 3.9911e-01
+6.82483e+04 -4.63558e+04 5010365 1 3.9388e-01
+6.91469e+04 -4.63727e+04 5010366 1 3.8809e-01
+7.00490e+04 -4.63832e+04 5010367 1 3.8179e-01
+7.09544e+04 -4.63882e+04 5010368 1 3.7518e-01
+7.18632e+04 -4.63883e+04 5010369 1 3.6801e-01
+7.27750e+04 -4.63842e+04 5010370 1 3.6003e-01
+7.36897e+04 -4.63763e+04 5010371 1 3.5167e-01
+7.46072e+04 -4.63653e+04 5010372 1 3.4305e-01
+7.55274e+04 -4.63517e+04 5010373 1 3.3444e-01
+7.64502e+04 -4.63363e+04 5010374 1 3.2537e-01
+7.73754e+04 -4.63194e+04 5010375 1 3.1541e-01
+7.83027e+04 -4.63012e+04 5010376 1 3.0527e-01
+7.92321e+04 -4.62824e+04 5010377 1 2.9515e-01
+8.01634e+04 -4.62634e+04 5010378 1 2.8535e-01
+8.10966e+04 -4.62448e+04 5010379 1 2.7613e-01
+8.20313e+04 -4.62266e+04 5010380 1 2.6528e-01
+8.29675e+04 -4.62091e+04 5010381 1 2.5454e-01
+8.39050e+04 -4.61926e+04 5010382 1 2.4409e-01
+8.48436e+04 -4.61774e+04 5010383 1 2.3426e-01
+8.57833e+04 -4.61638e+04 5010384 1 2.2596e-01
+8.67239e+04 -4.61524e+04 5010385 1 2.1811e-01
+8.76652e+04 -4.61428e+04 5010386 1 2.0953e-01
+8.86071e+04 -4.61351e+04 5010387 1 2.0214e-01
+8.95494e+04 -4.61294e+04 5010388 1 1.9640e-01
+9.04920e+04 -4.61258e+04 5010389 1 1.9288e-01
+5.63782e+04 -4.34128e+04 5010390 1 4.0488e-01
+5.72306e+04 -4.35996e+04 5010391 1 4.0529e-01
+5.80845e+04 -4.37691e+04 5010392 1 4.0578e-01
+5.89402e+04 -4.39223e+04 5010393 1 4.0633e-01
+5.97980e+04 -4.40599e+04 5010394 1 4.0643e-01
+6.06583e+04 -4.41828e+04 5010395 1 4.0607e-01
+6.15213e+04 -4.42918e+04 5010396 1 4.0549e-01
+6.23871e+04 -4.43879e+04 5010397 1 4.0443e-01
+6.32559e+04 -4.44717e+04 5010398 1 4.0284e-01
+6.41277e+04 -4.45442e+04 5010399 1 4.0075e-01
+6.50027e+04 -4.46061e+04 5010400 1 3.9823e-01
+6.58808e+04 -4.46583e+04 5010401 1 3.9512e-01
+6.67621e+04 -4.47014e+04 5010402 1 3.9146e-01
+6.76465e+04 -4.47362e+04 5010403 1 3.8734e-01
+6.85341e+04 -4.47636e+04 5010404 1 3.8280e-01
+6.94247e+04 -4.47841e+04 5010405 1 3.7757e-01
+7.03182e+04 -4.47984e+04 5010406 1 3.7185e-01
+7.12146e+04 -4.48072e+04 5010407 1 3.6573e-01
+7.21139e+04 -4.48112e+04 5010408 1 3.5934e-01
+7.30159e+04 -4.48110e+04 5010409 1 3.5247e-01
+7.39204e+04 -4.48070e+04 5010410 1 3.4487e-01
+7.48275e+04 -4.47999e+04 5010411 1 3.3700e-01
+7.57369e+04 -4.47902e+04 5010412 1 3.2897e-01
+7.66485e+04 -4.47784e+04 5010413 1 3.2101e-01
+7.75624e+04 -4.47651e+04 5010414 1 3.1246e-01
+7.84781e+04 -4.47506e+04 5010415 1 3.0331e-01
+7.93958e+04 -4.47351e+04 5010416 1 2.9412e-01
+8.03151e+04 -4.47193e+04 5010417 1 2.8510e-01
+8.12361e+04 -4.47035e+04 5010418 1 2.7659e-01
+8.21586e+04 -4.46881e+04 5010419 1 2.6785e-01
+8.30824e+04 -4.46732e+04 5010420 1 2.5834e-01
+8.40074e+04 -4.46591e+04 5010421 1 2.4913e-01
+8.49334e+04 -4.46460e+04 5010422 1 2.4049e-01
+8.58604e+04 -4.46341e+04 5010423 1 2.3295e-01
+8.67882e+04 -4.46241e+04 5010424 1 2.2691e-01
+8.77167e+04 -4.46158e+04 5010425 1 2.1974e-01
+8.86457e+04 -4.46092e+04 5010426 1 2.1371e-01
+8.95751e+04 -4.46043e+04 5010427 1 2.0916e-01
+9.05047e+04 -4.46011e+04 5010428 1 2.0646e-01
+5.66606e+04 -4.18038e+04 5010429 1 3.9309e-01
+5.75167e+04 -4.19870e+04 5010430 1 3.9337e-01
+5.83734e+04 -4.21538e+04 5010431 1 3.9349e-01
+5.92309e+04 -4.23049e+04 5010432 1 3.9359e-01
+6.00896e+04 -4.24412e+04 5010433 1 3.9349e-01
+6.09498e+04 -4.25635e+04 5010434 1 3.9314e-01
+6.18119e+04 -4.26724e+04 5010435 1 3.9247e-01
+6.26760e+04 -4.27689e+04 5010436 1 3.9151e-01
+6.35422e+04 -4.28536e+04 5010437 1 3.9014e-01
+6.44107e+04 -4.29275e+04 5010438 1 3.8830e-01
+6.52817e+04 -4.29911e+04 5010439 1 3.8602e-01
+6.61552e+04 -4.30453e+04 5010440 1 3.8331e-01
+6.70312e+04 -4.30908e+04 5010441 1 3.8006e-01
+6.79097e+04 -4.31283e+04 5010442 1 3.7635e-01
+6.87908e+04 -4.31585e+04 5010443 1 3.7223e-01
+6.96744e+04 -4.31820e+04 5010444 1 3.6777e-01
+7.05606e+04 -4.31995e+04 5010445 1 3.6264e-01
+7.14491e+04 -4.32117e+04 5010446 1 3.5712e-01
+7.23401e+04 -4.32190e+04 5010447 1 3.5128e-01
+7.32334e+04 -4.32222e+04 5010448 1 3.4524e-01
+7.41290e+04 -4.32217e+04 5010449 1 3.3869e-01
+7.50267e+04 -4.32181e+04 5010450 1 3.3161e-01
+7.59264e+04 -4.32118e+04 5010451 1 3.2432e-01
+7.68282e+04 -4.32033e+04 5010452 1 3.1699e-01
+7.77318e+04 -4.31932e+04 5010453 1 3.0983e-01
+7.86372e+04 -4.31818e+04 5010454 1 3.0179e-01
+7.95443e+04 -4.31694e+04 5010455 1 2.9358e-01
+8.04528e+04 -4.31564e+04 5010456 1 2.8549e-01
+8.13629e+04 -4.31432e+04 5010457 1 2.7773e-01
+8.22742e+04 -4.31303e+04 5010458 1 2.7068e-01
+8.31868e+04 -4.31178e+04 5010459 1 2.6239e-01
+8.41005e+04 -4.31058e+04 5010460 1 2.5440e-01
+8.50151e+04 -4.30946e+04 5010461 1 2.4694e-01
+8.59305e+04 -4.30844e+04 5010462 1 2.4039e-01
+8.68467e+04 -4.30757e+04 5010463 1 2.3563e-01
+8.77635e+04 -4.30686e+04 5010464 1 2.2970e-01
+8.86808e+04 -4.30629e+04 5010465 1 2.2481e-01
+8.95985e+04 -4.30586e+04 5010466 1 2.2120e-01
+9.05163e+04 -4.30559e+04 5010467 1 2.1908e-01
+5.69018e+04 -4.01929e+04 5010468 1 3.8222e-01
+5.77623e+04 -4.03718e+04 5010469 1 3.8228e-01
+5.86222e+04 -4.05351e+04 5010470 1 3.8225e-01
+5.94822e+04 -4.06835e+04 5010471 1 3.8208e-01
+6.03424e+04 -4.08177e+04 5010472 1 3.8187e-01
+6.12034e+04 -4.09385e+04 5010473 1 3.8142e-01
+6.20653e+04 -4.10467e+04 5010474 1 3.8066e-01
+6.29284e+04 -4.11428e+04 5010475 1 3.7958e-01
+6.37931e+04 -4.12278e+04 5010476 1 3.7824e-01
+6.46593e+04 -4.13023e+04 5010477 1 3.7658e-01
+6.55272e+04 -4.13671e+04 5010478 1 3.7456e-01
+6.63970e+04 -4.14227e+04 5010479 1 3.7215e-01
+6.72688e+04 -4.14700e+04 5010480 1 3.6934e-01
+6.81425e+04 -4.15095e+04 5010481 1 3.6606e-01
+6.90182e+04 -4.15419e+04 5010482 1 3.6237e-01
+6.98960e+04 -4.15679e+04 5010483 1 3.5837e-01
+7.07759e+04 -4.15881e+04 5010484 1 3.5402e-01
+7.16577e+04 -4.16030e+04 5010485 1 3.4911e-01
+7.25415e+04 -4.16132e+04 5010486 1 3.4389e-01
+7.34273e+04 -4.16193e+04 5010487 1 3.3843e-01
+7.43150e+04 -4.16218e+04 5010488 1 3.3288e-01
+7.52045e+04 -4.16212e+04 5010489 1 3.2668e-01
+7.60958e+04 -4.16178e+04 5010490 1 3.2020e-01
+7.69888e+04 -4.16123e+04 5010491 1 3.1363e-01
+7.78835e+04 -4.16050e+04 5010492 1 3.0713e-01
+7.87797e+04 -4.15963e+04 5010493 1 3.0058e-01
+7.96773e+04 -4.15867e+04 5010494 1 2.9336e-01
+8.05763e+04 -4.15763e+04 5010495 1 2.8624e-01
+8.14766e+04 -4.15655e+04 5010496 1 2.7937e-01
+8.23780e+04 -4.15547e+04 5010497 1 2.7303e-01
+8.32806e+04 -4.15443e+04 5010498 1 2.6651e-01
+8.41841e+04 -4.15342e+04 5010499 1 2.5968e-01
+8.50884e+04 -4.15247e+04 5010500 1 2.5334e-01
+8.59935e+04 -4.15160e+04 5010501 1 2.4778e-01
+8.68993e+04 -4.15085e+04 5010502 1 2.4353e-01
+8.78057e+04 -4.15025e+04 5010503 1 2.3917e-01
+8.87124e+04 -4.14976e+04 5010504 1 2.3522e-01
+8.96195e+04 -4.14939e+04 5010505 1 2.3235e-01
+9.05268e+04 -4.14915e+04 5010506 1 2.3069e-01
+5.71021e+04 -3.85812e+04 5010507 1 3.7268e-01
+5.79674e+04 -3.87551e+04 5010508 1 3.7219e-01
+5.88314e+04 -3.89143e+04 5010509 1 3.7196e-01
+5.96943e+04 -3.90593e+04 5010510 1 3.7165e-01
+6.05568e+04 -3.91907e+04 5010511 1 3.7119e-01
+6.14192e+04 -3.93094e+04 5010512 1 3.7070e-01
+6.22818e+04 -3.94160e+04 5010513 1 3.6996e-01
+6.31448e+04 -3.95113e+04 5010514 1 3.6894e-01
+6.40086e+04 -3.95958e+04 5010515 1 3.6765e-01
+6.48734e+04 -3.96703e+04 5010516 1 3.6609e-01
+6.57392e+04 -3.97355e+04 5010517 1 3.6419e-01
+6.66063e+04 -3.97919e+04 5010518 1 3.6197e-01
+6.74748e+04 -3.98403e+04 5010519 1 3.5946e-01
+6.83448e+04 -3.98812e+04 5010520 1 3.5656e-01
+6.92162e+04 -3.99154e+04 5010521 1 3.5326e-01
+7.00892e+04 -3.99433e+04 5010522 1 3.4967e-01
+7.09638e+04 -3.99655e+04 5010523 1 3.4584e-01
+7.18401e+04 -3.99827e+04 5010524 1 3.4164e-01
+7.27179e+04 -3.99953e+04 5010525 1 3.3704e-01
+7.35973e+04 -4.00038e+04 5010526 1 3.3220e-01
+7.44782e+04 -4.00088e+04 5010527 1 3.2725e-01
+7.53608e+04 -4.00107e+04 5010528 1 3.2213e-01
+7.62448e+04 -4.00099e+04 5010529 1 3.1645e-01
+7.71302e+04 -4.00069e+04 5010530 1 3.1069e-01
+7.80171e+04 -4.00021e+04 5010531 1 3.0495e-01
+7.89052e+04 -3.99958e+04 5010532 1 2.9939e-01
+7.97947e+04 -3.99885e+04 5010533 1 2.9332e-01
+8.06853e+04 -3.99804e+04 5010534 1 2.8716e-01
+8.15770e+04 -3.99717e+04 5010535 1 2.8122e-01
+8.24697e+04 -3.99629e+04 5010536 1 2.7569e-01
+8.33634e+04 -3.99542e+04 5010537 1 2.7051e-01
+8.42580e+04 -3.99459e+04 5010538 1 2.6476e-01
+8.51533e+04 -3.99379e+04 5010539 1 2.5945e-01
+8.60493e+04 -3.99306e+04 5010540 1 2.5480e-01
+8.69458e+04 -3.99242e+04 5010541 1 2.5118e-01
+8.78429e+04 -3.99190e+04 5010542 1 2.4789e-01
+8.87404e+04 -3.99149e+04 5010543 1 2.4471e-01
+8.96381e+04 -3.99118e+04 5010544 1 2.4241e-01
+9.05360e+04 -3.99097e+04 5010545 1 2.4111e-01
+5.72621e+04 -3.69699e+04 5010546 1 3.6478e-01
+5.81326e+04 -3.71383e+04 5010547 1 3.6389e-01
+5.90009e+04 -3.72925e+04 5010548 1 3.6311e-01
+5.98675e+04 -3.74334e+04 5010549 1 3.6232e-01
+6.07329e+04 -3.75615e+04 5010550 1 3.6161e-01
+6.15974e+04 -3.76775e+04 5010551 1 3.6097e-01
+6.24613e+04 -3.77820e+04 5010552 1 3.6018e-01
+6.33251e+04 -3.78756e+04 5010553 1 3.5916e-01
+6.41889e+04 -3.79591e+04 5010554 1 3.5794e-01
+6.50531e+04 -3.80329e+04 5010555 1 3.5652e-01
+6.59178e+04 -3.80979e+04 5010556 1 3.5479e-01
+6.67831e+04 -3.81545e+04 5010557 1 3.5279e-01
+6.76493e+04 -3.82035e+04 5010558 1 3.5054e-01
+6.85164e+04 -3.82453e+04 5010559 1 3.4803e-01
+6.93846e+04 -3.82805e+04 5010560 1 3.4514e-01
+7.02539e+04 -3.83098e+04 5010561 1 3.4196e-01
+7.11243e+04 -3.83336e+04 5010562 1 3.3856e-01
+7.19960e+04 -3.83525e+04 5010563 1 3.3502e-01
+7.28689e+04 -3.83669e+04 5010564 1 3.3098e-01
+7.37431e+04 -3.83774e+04 5010565 1 3.2675e-01
+7.46185e+04 -3.83844e+04 5010566 1 3.2239e-01
+7.54952e+04 -3.83884e+04 5010567 1 3.1799e-01
+7.63731e+04 -3.83898e+04 5010568 1 3.1320e-01
+7.72521e+04 -3.83889e+04 5010569 1 3.0819e-01
+7.81324e+04 -3.83862e+04 5010570 1 3.0320e-01
+7.90137e+04 -3.83820e+04 5010571 1 2.9833e-01
+7.98961e+04 -3.83767e+04 5010572 1 2.9342e-01
+8.07796e+04 -3.83705e+04 5010573 1 2.8814e-01
+8.16639e+04 -3.83637e+04 5010574 1 2.8306e-01
+8.25492e+04 -3.83566e+04 5010575 1 2.7831e-01
+8.34353e+04 -3.83496e+04 5010576 1 2.7413e-01
+8.43221e+04 -3.83427e+04 5010577 1 2.6937e-01
+8.52096e+04 -3.83361e+04 5010578 1 2.6496e-01
+8.60976e+04 -3.83299e+04 5010579 1 2.6111e-01
+8.69862e+04 -3.83245e+04 5010580 1 2.5809e-01
+8.78753e+04 -3.83202e+04 5010581 1 2.5556e-01
+8.87646e+04 -3.83167e+04 5010582 1 2.5299e-01
+8.96543e+04 -3.83140e+04 5010583 1 2.5115e-01
+9.05440e+04 -3.83123e+04 5010584 1 2.5011e-01
+5.73820e+04 -3.53603e+04 5010585 1 3.5811e-01
+5.82581e+04 -3.55224e+04 5010586 1 3.5677e-01
+5.91313e+04 -3.56713e+04 5010587 1 3.5573e-01
+6.00020e+04 -3.58074e+04 5010588 1 3.5471e-01
+6.08707e+04 -3.59315e+04 5010589 1 3.5366e-01
+6.17379e+04 -3.60441e+04 5010590 1 3.5262e-01
+6.26040e+04 -3.61458e+04 5010591 1 3.5156e-01
+6.34692e+04 -3.62373e+04 5010592 1 3.5036e-01
+6.43339e+04 -3.63190e+04 5010593 1 3.4912e-01
+6.51983e+04 -3.63917e+04 5010594 1 3.4776e-01
+6.60627e+04 -3.64559e+04 5010595 1 3.4621e-01
+6.69272e+04 -3.65122e+04 5010596 1 3.4437e-01
+6.77920e+04 -3.65611e+04 5010597 1 3.4234e-01
+6.86573e+04 -3.66032e+04 5010598 1 3.4012e-01
+6.95233e+04 -3.66390e+04 5010599 1 3.3763e-01
+7.03899e+04 -3.66691e+04 5010600 1 3.3485e-01
+7.12572e+04 -3.66940e+04 5010601 1 3.3185e-01
+7.21254e+04 -3.67141e+04 5010602 1 3.2874e-01
+7.29946e+04 -3.67300e+04 5010603 1 3.2536e-01
+7.38646e+04 -3.67420e+04 5010604 1 3.2169e-01
+7.47356e+04 -3.67506e+04 5010605 1 3.1790e-01
+7.56075e+04 -3.67563e+04 5010606 1 3.1408e-01
+7.64805e+04 -3.67594e+04 5010607 1 3.1014e-01
+7.73544e+04 -3.67603e+04 5010608 1 3.0585e-01
+7.82292e+04 -3.67593e+04 5010609 1 3.0157e-01
+7.91049e+04 -3.67568e+04 5010610 1 2.9739e-01
+7.99815e+04 -3.67532e+04 5010611 1 2.9343e-01
+8.08590e+04 -3.67487e+04 5010612 1 2.8896e-01
+8.17372e+04 -3.67435e+04 5010613 1 2.8468e-01
+8.26162e+04 -3.67379e+04 5010614 1 2.8069e-01
+8.34959e+04 -3.67322e+04 5010615 1 2.7715e-01
+8.43763e+04 -3.67266e+04 5010616 1 2.7344e-01
+8.52572e+04 -3.67212e+04 5010617 1 2.6981e-01
+8.61385e+04 -3.67161e+04 5010618 1 2.6667e-01
+8.70204e+04 -3.67115e+04 5010619 1 2.6419e-01
+8.79027e+04 -3.67078e+04 5010620 1 2.6225e-01
+8.87852e+04 -3.67049e+04 5010621 1 2.6018e-01
+8.96679e+04 -3.67027e+04 5010622 1 2.5872e-01
+9.05508e+04 -3.67012e+04 5010623 1 2.5789e-01
+5.74618e+04 -3.37535e+04 5010624 1 3.5271e-01
+5.83440e+04 -3.39089e+04 5010625 1 3.5100e-01
+5.92225e+04 -3.40517e+04 5010626 1 3.4959e-01
+6.00978e+04 -3.41826e+04 5010627 1 3.4829e-01
+6.09705e+04 -3.43021e+04 5010628 1 3.4702e-01
+6.18411e+04 -3.44107e+04 5010629 1 3.4576e-01
+6.27099e+04 -3.45091e+04 5010630 1 3.4453e-01
+6.35772e+04 -3.45978e+04 5010631 1 3.4325e-01
+6.44435e+04 -3.46773e+04 5010632 1 3.4185e-01
+6.53089e+04 -3.47482e+04 5010633 1 3.4034e-01
+6.61738e+04 -3.48111e+04 5010634 1 3.3875e-01
+6.70384e+04 -3.48664e+04 5010635 1 3.3698e-01
+6.79028e+04 -3.49148e+04 5010636 1 3.3502e-01
+6.87673e+04 -3.49567e+04 5010637 1 3.3294e-01
+6.96320e+04 -3.49926e+04 5010638 1 3.3071e-01
+7.04969e+04 -3.50231e+04 5010639 1 3.2827e-01
+7.13622e+04 -3.50485e+04 5010640 1 3.2566e-01
+7.22281e+04 -3.50694e+04 5010641 1 3.2294e-01
+7.30945e+04 -3.50862e+04 5010642 1 3.2009e-01
+7.39616e+04 -3.50993e+04 5010643 1 3.1693e-01
+7.48292e+04 -3.51091e+04 5010644 1 3.1368e-01
+7.56976e+04 -3.51161e+04 5010645 1 3.1040e-01
+7.65668e+04 -3.51205e+04 5010646 1 3.0717e-01
+7.74366e+04 -3.51229e+04 5010647 1 3.0353e-01
+7.83072e+04 -3.51233e+04 5010648 1 2.9992e-01
+7.91785e+04 -3.51223e+04 5010649 1 2.9640e-01
+8.00506e+04 -3.51200e+04 5010650 1 2.9308e-01
+8.09233e+04 -3.51169e+04 5010651 1 2.8949e-01
+8.17966e+04 -3.51130e+04 5010652 1 2.8594e-01
+8.26706e+04 -3.51087e+04 5010653 1 2.8263e-01
+8.35452e+04 -3.51041e+04 5010654 1 2.7971e-01
+8.44203e+04 -3.50996e+04 5010655 1 2.7680e-01
+8.52959e+04 -3.50952e+04 5010656 1 2.7386e-01
+8.61718e+04 -3.50909e+04 5010657 1 2.7133e-01
+8.70482e+04 -3.50871e+04 5010658 1 2.6933e-01
+8.79250e+04 -3.50840e+04 5010659 1 2.6784e-01
+8.88019e+04 -3.50816e+04 5010660 1 2.6620e-01
+8.96791e+04 -3.50797e+04 5010661 1 2.6504e-01
+9.05564e+04 -3.50785e+04 5010662 1 2.6438e-01
+5.75019e+04 -3.21506e+04 5010663 1 3.4956e-01
+5.83904e+04 -3.22987e+04 5010664 1 3.4707e-01
+5.92746e+04 -3.24350e+04 5010665 1 3.4492e-01
+6.01551e+04 -3.25601e+04 5010666 1 3.4314e-01
+6.10323e+04 -3.26745e+04 5010667 1 3.4159e-01
+6.19068e+04 -3.27787e+04 5010668 1 3.4007e-01
+6.27790e+04 -3.28733e+04 5010669 1 3.3861e-01
+6.36492e+04 -3.29586e+04 5010670 1 3.3718e-01
+6.45178e+04 -3.30354e+04 5010671 1 3.3570e-01
+6.53850e+04 -3.31041e+04 5010672 1 3.3412e-01
+6.62513e+04 -3.31651e+04 5010673 1 3.3251e-01
+6.71168e+04 -3.32190e+04 5010674 1 3.3079e-01
+6.79817e+04 -3.32663e+04 5010675 1 3.2895e-01
+6.88462e+04 -3.33075e+04 5010676 1 3.2698e-01
+6.97106e+04 -3.33431e+04 5010677 1 3.2496e-01
+7.05749e+04 -3.33734e+04 5010678 1 3.2272e-01
+7.14392e+04 -3.33990e+04 5010679 1 3.2037e-01
+7.23037e+04 -3.34202e+04 5010680 1 3.1794e-01
+7.31685e+04 -3.34375e+04 5010681 1 3.1547e-01
+7.40337e+04 -3.34513e+04 5010682 1 3.1272e-01
+7.48992e+04 -3.34619e+04 5010683 1 3.0991e-01
+7.57652e+04 -3.34698e+04 5010684 1 3.0709e-01
+7.66317e+04 -3.34753e+04 5010685 1 3.0431e-01
+7.74988e+04 -3.34787e+04 5010686 1 3.0132e-01
+7.83663e+04 -3.34802e+04 5010687 1 2.9827e-01
+7.92344e+04 -3.34803e+04 5010688 1 2.9531e-01
+8.01031e+04 -3.34792e+04 5010689 1 2.9252e-01
+8.09723e+04 -3.34772e+04 5010690 1 2.8963e-01
+8.18420e+04 -3.34744e+04 5010691 1 2.8669e-01
+8.27122e+04 -3.34711e+04 5010692 1 2.8397e-01
+8.35829e+04 -3.34675e+04 5010693 1 2.8156e-01
+8.44540e+04 -3.34639e+04 5010694 1 2.7927e-01
+8.53256e+04 -3.34603e+04 5010695 1 2.7688e-01
+8.61974e+04 -3.34568e+04 5010696 1 2.7483e-01
+8.70696e+04 -3.34536e+04 5010697 1 2.7322e-01
+8.79421e+04 -3.34510e+04 5010698 1 2.7206e-01
+8.88148e+04 -3.34490e+04 5010699 1 2.7074e-01
+8.96877e+04 -3.34474e+04 5010700 1 2.6981e-01
+9.05606e+04 -3.34463e+04 5010701 1 2.6929e-01
+5.75024e+04 -3.05528e+04 5010702 1 3.4794e-01
+5.83975e+04 -3.06932e+04 5010703 1 3.4498e-01
+5.92877e+04 -3.08225e+04 5010704 1 3.4240e-01
+6.01737e+04 -3.09414e+04 5010705 1 3.4008e-01
+6.10559e+04 -3.10502e+04 5010706 1 3.3792e-01
+6.19349e+04 -3.11495e+04 5010707 1 3.3590e-01
+6.28111e+04 -3.12398e+04 5010708 1 3.3397e-01
+6.36849e+04 -3.13214e+04 5010709 1 3.3228e-01
+6.45565e+04 -3.13950e+04 5010710 1 3.3061e-01
+6.54264e+04 -3.14609e+04 5010711 1 3.2895e-01
+6.62949e+04 -3.15196e+04 5010712 1 3.2723e-01
+6.71622e+04 -3.15717e+04 5010713 1 3.2547e-01
+6.80285e+04 -3.16175e+04 5010714 1 3.2365e-01
+6.88940e+04 -3.16576e+04 5010715 1 3.2178e-01
+6.97591e+04 -3.16923e+04 5010716 1 3.1984e-01
+7.06237e+04 -3.17221e+04 5010717 1 3.1777e-01
+7.14881e+04 -3.17474e+04 5010718 1 3.1562e-01
+7.23523e+04 -3.17686e+04 5010719 1 3.1342e-01
+7.32166e+04 -3.17860e+04 5010720 1 3.1122e-01
+7.40809e+04 -3.18001e+04 5010721 1 3.0884e-01
+7.49454e+04 -3.18112e+04 5010722 1 3.0638e-01
+7.58102e+04 -3.18197e+04 5010723 1 3.0392e-01
+7.66752e+04 -3.18258e+04 5010724 1 3.0154e-01
+7.75406e+04 -3.18300e+04 5010725 1 2.9903e-01
+7.84063e+04 -3.18324e+04 5010726 1 2.9644e-01
+7.92725e+04 -3.18333e+04 5010727 1 2.9395e-01
+8.01390e+04 -3.18330e+04 5010728 1 2.9161e-01
+8.10059e+04 -3.18319e+04 5010729 1 2.8926e-01
+8.18732e+04 -3.18300e+04 5010730 1 2.8682e-01
+8.27409e+04 -3.18275e+04 5010731 1 2.8458e-01
+8.36090e+04 -3.18247e+04 5010732 1 2.8260e-01
+8.44775e+04 -3.18218e+04 5010733 1 2.8078e-01
+8.53462e+04 -3.18189e+04 5010734 1 2.7884e-01
+8.62153e+04 -3.18160e+04 5010735 1 2.7718e-01
+8.70846e+04 -3.18133e+04 5010736 1 2.7589e-01
+8.79541e+04 -3.18112e+04 5010737 1 2.7499e-01
+8.88238e+04 -3.18095e+04 5010738 1 2.7393e-01
+8.96937e+04 -3.18082e+04 5010739 1 2.7318e-01
+9.05636e+04 -3.18072e+04 5010740 1 2.7277e-01
+5.74631e+04 -2.89612e+04 5010741 1 3.4801e-01
+5.83651e+04 -2.90935e+04 5010742 1 3.4458e-01
+5.92618e+04 -2.92155e+04 5010743 1 3.4148e-01
+6.01537e+04 -2.93277e+04 5010744 1 3.3868e-01
+6.10414e+04 -2.94306e+04 5010745 1 3.3611e-01
+6.19254e+04 -2.95246e+04 5010746 1 3.3371e-01
+6.28062e+04 -2.96101e+04 5010747 1 3.3143e-01
+6.36841e+04 -2.96876e+04 5010748 1 3.2926e-01
+6.45595e+04 -2.97575e+04 5010749 1 3.2720e-01
+6.54328e+04 -2.98203e+04 5010750 1 3.2518e-01
+6.63043e+04 -2.98763e+04 5010751 1 3.2323e-01
+6.71742e+04 -2.99261e+04 5010752 1 3.2123e-01
+6.80428e+04 -2.99701e+04 5010753 1 3.1925e-01
+6.89103e+04 -3.00086e+04 5010754 1 3.1730e-01
+6.97770e+04 -3.00422e+04 5010755 1 3.1540e-01
+7.06430e+04 -3.00710e+04 5010756 1 3.1339e-01
+7.15084e+04 -3.00957e+04 5010757 1 3.1135e-01
+7.23735e+04 -3.01165e+04 5010758 1 3.0930e-01
+7.32383e+04 -3.01337e+04 5010759 1 3.0727e-01
+7.41030e+04 -3.01478e+04 5010760 1 3.0514e-01
+7.49676e+04 -3.01591e+04 5010761 1 3.0294e-01
+7.58322e+04 -3.01678e+04 5010762 1 3.0077e-01
+7.66970e+04 -3.01743e+04 5010763 1 2.9868e-01
+7.75619e+04 -3.01789e+04 5010764 1 2.9653e-01
+7.84270e+04 -3.01819e+04 5010765 1 2.9431e-01
+7.92924e+04 -3.01834e+04 5010766 1 2.9219e-01
+8.01580e+04 -3.01838e+04 5010767 1 2.9021e-01
+8.10239e+04 -3.01833e+04 5010768 1 2.8826e-01
+8.18901e+04 -3.01820e+04 5010769 1 2.8623e-01
+8.27566e+04 -3.01802e+04 5010770 1 2.8438e-01
+8.36233e+04 -3.01780e+04 5010771 1 2.8275e-01
+8.44904e+04 -3.01757e+04 5010772 1 2.8128e-01
+8.53577e+04 -3.01733e+04 5010773 1 2.7970e-01
+8.62252e+04 -3.01709e+04 5010774 1 2.7836e-01
+8.70929e+04 -3.01687e+04 5010775 1 2.7732e-01
+8.79608e+04 -3.01669e+04 5010776 1 2.7660e-01
+8.88289e+04 -3.01655e+04 5010777 1 2.7575e-01
+8.96971e+04 -3.01643e+04 5010778 1 2.7515e-01
+9.05653e+04 -3.01635e+04 5010779 1 2.7482e-01
