+3.89440e+04 -7.16494e+04 2010613 1 8.7740e-01
+4.46114e+04 -6.27077e+04 4010036 1 8.2996e-01
+4.36927e+04 -5.76080e+04 4010113 1 7.8031e-01
+3.84155e+04 -7.30805e+04 2010573 1 8.8565e-01
+4.09231e+04 -6.88535e+04 2010694 1 8.6649e-01
+4.03680e+04 -7.03941e+04 2010654 1 8.7520e-01
+3.98521e+04 -7.18632e+04 2010614 1 8.9025e-01
+4.33797e+04 -6.41495e+04 2010815 1 8.3482e-01
+4.12577e+04 -7.06027e+04 2010655 1 8.8786e-01
+4.26261e+04 -6.93027e+04 2010696 1 8.8086e-01
+1.96065e+04 -4.94564e+04 2010012 1 1.4938e+00
+1.91682e+04 -5.09275e+04 2010013 1 1.4661e+00
+1.86858e+04 -5.22877e+04 2010014 1 1.4138e+00
+1.81778e+04 -5.35601e+04 2010015 1 1.3707e+00
+1.76602e+04 -5.47568e+04 2010016 1 1.3559e+00
+1.71402e+04 -5.59019e+04 2010017 1 1.3527e+00
+1.66313e+04 -5.70019e+04 2010018 1 1.2906e+00
+1.61347e+04 -5.80771e+04 2010019 1 1.3030e+00
+1.56622e+04 -5.91384e+04 2010020 1 1.2709e+00
+1.52120e+04 -6.02007e+04 2010021 1 1.2643e+00
+1.47901e+04 -6.12742e+04 2010022 1 1.2658e+00
+1.44003e+04 -6.23702e+04 2010023 1 1.2832e+00
+1.40475e+04 -6.34919e+04 2010024 1 1.2883e+00
+1.37332e+04 -6.46559e+04 2010025 1 1.3196e+00
+1.34648e+04 -6.58542e+04 2010026 1 1.3155e+00
+1.32447e+04 -6.71052e+04 2010027 1 1.3211e+00
+4.10198e+04 -5.72585e+04 4010069 1 7.6589e-01
+4.49076e+04 -7.36030e+04 3010512 1 9.2933e-01
+4.17538e+04 -6.90979e+04 2010695 1 8.7546e-01
+4.53345e+04 -6.30180e+04 4010037 1 8.3658e-01
+3.74863e+04 -7.28610e+04 2010572 1 8.7116e-01
+4.64894e+04 -6.51740e+04 2010819 1 8.6283e-01
+4.20309e+04 -6.10575e+04 4010032 1 7.9622e-01
+4.31015e+04 -6.77600e+04 2010736 1 8.7217e-01
+4.22840e+04 -6.75192e+04 2010735 1 8.6232e-01
+4.14628e+04 -6.05356e+04 4010031 1 7.8687e-01
+4.26287e+04 -6.15351e+04 4010033 1 8.0687e-01
+4.32575e+04 -6.19688e+04 4010034 1 8.1331e-01
+4.39191e+04 -6.23583e+04 4010035 1 8.1971e-01
+4.28304e+04 -6.58698e+04 2010775 1 8.5098e-01
+3.86276e+04 -5.63538e+04 4010025 1 7.6762e-01
+4.62164e+04 -5.93817e+04 4010117 1 8.0051e-01
+4.44051e+04 -6.63847e+04 2010777 1 8.6261e-01
+3.90437e+04 -5.71831e+04 4010026 1 7.5802e-01
+3.40444e+04 -5.50208e+04 2010717 1 7.7770e-01
+1.11977e+04 -5.70088e+04 10724 1 2.3556e+00
+3.16395e+04 -5.32243e+04 2010632 1 7.9810e-01
+4.61164e+04 -7.35776e+04 3010513 1 9.2647e-01
+4.35993e+04 -6.61468e+04 2010776 1 8.5867e-01
+4.50957e+04 -6.08869e+04 4010076 1 8.1441e-01
+4.56635e+04 -6.49725e+04 2010818 1 8.5871e-01
+4.41081e+04 -6.44616e+04 2010816 1 8.4194e-01
+2.03028e+04 -5.02934e+04 2010053 1 1.4015e+00
+1.98652e+04 -5.18449e+04 2010054 1 1.3363e+00
+1.93834e+04 -5.32870e+04 2010055 1 1.2752e+00
+1.88784e+04 -5.46328e+04 2010056 1 1.2383e+00
+1.83649e+04 -5.59012e+04 2010057 1 1.2026e+00
+1.78515e+04 -5.71137e+04 2010058 1 1.1898e+00
+1.73494e+04 -5.82796e+04 2010059 1 1.1239e+00
+1.68667e+04 -5.94123e+04 2010060 1 1.1145e+00
+1.64062e+04 -6.05274e+04 2010061 1 1.0748e+00
+1.59718e+04 -6.16360e+04 2010062 1 1.0650e+00
+1.55710e+04 -6.27435e+04 2010063 1 1.0631e+00
+1.52072e+04 -6.38625e+04 2010064 1 1.0666e+00
+1.48824e+04 -6.50027e+04 2010065 1 1.0766e+00
+1.46035e+04 -6.61615e+04 2010066 1 1.1055e+00
+1.43728e+04 -6.73485e+04 2010067 1 1.1143e+00
+1.41950e+04 -6.85657e+04 2010068 1 1.1337e+00
+4.39565e+04 -6.79632e+04 2010737 1 8.8050e-01
+4.31222e+04 -5.70545e+04 4010112 1 7.7482e-01
+4.48695e+04 -6.47354e+04 2010817 1 8.5133e-01
+4.31880e+04 -5.96035e+04 4010073 1 7.9403e-01
+4.09258e+04 -5.99649e+04 4010030 1 7.8290e-01
+1.06293e+04 -5.18572e+04 10642 0 1.8976e+00
+4.44320e+04 -6.05007e+04 4010075 1 8.0684e-01
+3.99349e+04 -5.86777e+04 4010028 1 7.6846e-01
+3.83629e+04 -5.93269e+04 2010806 1 7.5127e-01
+4.04172e+04 -5.93456e+04 4010029 1 7.7093e-01
+4.05358e+04 -5.65504e+04 4010068 1 7.6301e-01
+4.37960e+04 -6.00736e+04 4010074 1 7.9605e-01
+1.24809e+04 -6.04177e+04 10804 1 1.8386e+00
+1.34654e+04 -5.45197e+04 10760 1 2.1741e+00
+1.28629e+04 -5.92820e+04 10803 1 1.8414e+00
+4.57881e+04 -6.12326e+04 4010077 1 8.1550e-01
+4.15248e+04 -5.79174e+04 4010070 1 7.7428e-01
+4.42872e+04 -5.81148e+04 4010114 1 7.8329e-01
+3.55469e+04 -5.60862e+04 2010760 1 7.6117e-01
+3.72139e+04 -5.68003e+04 2010803 1 7.6086e-01
+1.10372e+04 -5.40462e+04 10683 0 2.1859e+00
+1.14016e+04 -6.01365e+04 10765 1 2.1404e+00
+3.82268e+04 -5.54691e+04 4010024 1 7.5913e-01
+4.25728e+04 -5.64553e+04 4010111 1 7.6440e-01
+4.00708e+04 -5.57877e+04 4010067 1 7.6796e-01
+3.93927e+04 -7.32589e+04 3010507 1 9.0031e-01
+4.61657e+04 -7.23766e+04 3010551 1 9.2130e-01
+4.52457e+04 -6.65860e+04 2010778 1 8.7114e-01
+2.13873e+04 -4.90945e+04 2010093 1 1.3836e+00
+2.10382e+04 -5.08526e+04 2010094 1 1.3090e+00
+2.06169e+04 -5.24805e+04 2010095 1 1.2357e+00
+2.01507e+04 -5.39936e+04 2010096 1 1.1849e+00
+1.96604e+04 -5.54079e+04 2010097 1 1.1282e+00
+1.91611e+04 -5.67430e+04 2010098 1 1.0813e+00
+1.86638e+04 -5.80154e+04 2010099 1 1.0511e+00
+1.81753e+04 -5.92422e+04 2010100 1 9.9125e-01
+1.77107e+04 -6.04249e+04 2010101 1 9.6074e-01
+1.72667e+04 -6.15861e+04 2010102 1 9.2005e-01
+1.68555e+04 -6.27304e+04 2010103 1 9.0106e-01
+1.64800e+04 -6.38700e+04 2010104 1 8.9170e-01
+1.61427e+04 -6.50032e+04 2010105 1 8.9223e-01
+1.58483e+04 -6.61518e+04 2010106 1 9.0652e-01
+1.56023e+04 -6.73013e+04 2010107 1 9.3565e-01
+1.54081e+04 -6.84669e+04 2010108 1 9.5240e-01
+1.52712e+04 -6.96465e+04 2010109 1 9.7131e-01
+1.51980e+04 -7.08337e+04 2010110 1 9.9667e-01
+3.68675e+04 -5.58417e+04 2010802 1 7.5730e-01
+1.18199e+04 -6.29067e+04 10806 1 1.8320e+00
+4.59544e+04 -5.70541e+04 4010156 1 7.7586e-01
+3.94791e+04 -5.79559e+04 4010027 1 7.6289e-01
+4.26080e+04 -5.90875e+04 4010072 1 7.8572e-01
+3.58398e+04 -5.71204e+04 2010761 1 7.5361e-01
+1.25754e+04 -5.65457e+04 10762 1 2.1708e+00
+1.30128e+04 -5.55038e+04 10761 1 2.1778e+00
+4.49053e+04 -5.85788e+04 4010115 1 7.9240e-01
+1.10288e+04 -5.06150e+04 10641 0 1.8760e+00
+1.02521e+04 -4.92818e+04 10600 0 1.6686e+00
+4.65093e+04 -6.15391e+04 4010078 1 8.2399e-01
+4.60889e+04 -6.32899e+04 4010038 1 8.3725e-01
+9.90740e+03 -5.05608e+04 10601 0 1.6771e+00
+4.66055e+04 -5.74699e+04 4010157 1 7.8531e-01
+1.06220e+04 -5.54113e+04 10684 0 2.1961e+00
+4.37302e+04 -7.36001e+04 3010511 1 9.2953e-01
+2.21192e+04 -4.93525e+04 2010134 1 1.3244e+00
+2.18031e+04 -5.11770e+04 2010135 1 1.2474e+00
+2.14119e+04 -5.28679e+04 2010136 1 1.2125e+00
+2.09728e+04 -5.44428e+04 2010137 1 1.1470e+00
+2.05062e+04 -5.59223e+04 2010138 1 1.0528e+00
+2.00301e+04 -5.73165e+04 2010139 1 9.8981e-01
+1.95561e+04 -5.86427e+04 2010140 1 9.4059e-01
+1.90900e+04 -5.99205e+04 2010141 1 9.0477e-01
+1.86474e+04 -6.11494e+04 2010142 1 8.4169e-01
+1.82267e+04 -6.23483e+04 2010143 1 8.1271e-01
+1.78425e+04 -6.35178e+04 2010144 1 7.7282e-01
+1.74917e+04 -6.46807e+04 2010145 1 7.5550e-01
+1.71817e+04 -6.58256e+04 2010146 1 7.5600e-01
+1.69207e+04 -6.69714e+04 2010147 1 7.6774e-01
+1.67088e+04 -6.81076e+04 2010148 1 7.9206e-01
+1.65512e+04 -6.92483e+04 2010149 1 8.1145e-01
+1.64544e+04 -7.03897e+04 2010150 1 8.3357e-01
+1.64220e+04 -7.15241e+04 2010151 1 8.7344e-01
+4.20438e+04 -5.58079e+04 4010110 1 7.6646e-01
+1.02352e+04 -5.32085e+04 10643 0 1.9014e+00
+4.53254e+04 -5.65968e+04 4010155 1 7.7705e-01
+4.54688e+04 -6.97025e+04 3010626 1 9.0366e-01
+1.14661e+04 -5.27997e+04 10682 0 2.2003e+00
+4.52136e+04 -7.10727e+04 3010588 1 9.1227e-01
+4.20536e+04 -5.85267e+04 4010071 1 7.7401e-01
+3.52612e+04 -5.49912e+04 2010759 1 7.7463e-01
+3.75767e+04 -5.76987e+04 2010804 1 7.5479e-01
+1.21311e+04 -6.16243e+04 10805 1 1.8483e+00
+1.21577e+04 -5.76577e+04 10763 1 2.1696e+00
+1.24880e+04 -5.34807e+04 10721 1 2.3795e+00
+3.79589e+04 -5.85402e+04 2010805 1 7.6168e-01
+1.27724e+04 -4.96087e+04 10679 0 2.1952e+00
+1.29421e+04 -5.24711e+04 10720 1 2.3790e+00
+1.17648e+04 -5.88509e+04 10764 1 2.1576e+00
+1.16101e+04 -5.57363e+04 10723 1 2.3709e+00
+1.14277e+04 -4.94662e+04 10640 0 1.8615e+00
+4.62916e+04 -7.11083e+04 3010589 1 9.1157e-01
+4.57740e+04 -6.82631e+04 3010664 1 8.8780e-01
+4.61193e+04 -6.67528e+04 3010702 1 8.7802e-01
+3.58561e+04 -4.88766e+04 4010018 1 8.4488e-01
+3.51454e+04 -5.01029e+04 2010797 1 8.4060e-01
+3.62805e+04 -5.01369e+04 4010019 1 8.2485e-01
+9.21749e+03 -4.88425e+04 10559 0 1.5733e+00
+3.78387e+04 -5.45253e+04 4010023 1 7.7021e-01
+2.28586e+04 -4.94153e+04 2010175 1 1.2904e+00
+2.25877e+04 -5.12920e+04 2010176 1 1.2110e+00
+2.22373e+04 -5.30369e+04 2010177 1 1.1314e+00
+2.18351e+04 -5.46684e+04 2010178 1 1.0589e+00
+2.14022e+04 -5.62025e+04 2010179 1 9.9976e-01
+2.09550e+04 -5.76518e+04 2010180 1 9.1994e-01
+2.05102e+04 -5.90249e+04 2010181 1 8.5433e-01
+2.00752e+04 -6.03402e+04 2010182 1 8.1151e-01
+1.96577e+04 -6.16098e+04 2010183 1 7.4763e-01
+1.92692e+04 -6.28396e+04 2010184 1 7.1161e-01
+1.89099e+04 -6.40338e+04 2010185 1 6.8117e-01
+1.85885e+04 -6.52071e+04 2010186 1 6.5600e-01
+1.83127e+04 -6.63575e+04 2010187 1 6.5508e-01
+1.80821e+04 -6.74977e+04 2010188 1 6.6743e-01
+1.79021e+04 -6.86192e+04 2010189 1 6.8219e-01
+1.77804e+04 -6.97334e+04 2010190 1 7.0260e-01
+1.77211e+04 -7.08349e+04 2010191 1 7.2514e-01
+1.77271e+04 -7.19186e+04 2010192 1 7.6199e-01
+4.04155e+04 -7.33980e+04 3010508 1 9.1210e-01
+3.91818e+04 -5.41020e+04 4010065 1 7.7037e-01
+3.96199e+04 -5.49741e+04 4010066 1 7.6739e-01
+4.08054e+04 -7.20370e+04 3010546 1 9.0009e-01
+4.15332e+04 -5.51098e+04 4010109 1 7.5832e-01
+4.47175e+04 -5.60962e+04 4010154 1 7.7021e-01
+1.08116e+04 -5.83957e+04 10725 1 2.3364e+00
+4.50239e+04 -7.23718e+04 3010550 1 9.2144e-01
+4.03999e+04 -5.03880e+04 4010146 1 7.7242e-01
+4.16842e+04 -4.98342e+04 4010188 1 7.6348e-01
+3.86554e+04 -4.97987e+04 4010103 1 7.9533e-01
+3.74534e+04 -5.00332e+04 4010061 1 8.0317e-01
+1.23383e+04 -5.05989e+04 10680 0 2.1481e+00
+1.20419e+04 -5.45655e+04 10722 1 2.3764e+00
+3.98852e+04 -4.94384e+04 4010145 1 7.8197e-01
+1.19003e+04 -5.16593e+04 10681 0 2.1746e+00
+4.41515e+04 -5.06307e+04 4010232 1 7.4028e-01
+4.61409e+04 -5.03386e+04 4010275 1 7.3206e-01
+4.22338e+04 -5.06566e+04 4010189 1 7.5529e-01
+4.44857e+04 -6.96030e+04 3010625 1 8.9863e-01
+3.91345e+04 -5.08261e+04 4010104 1 7.8827e-01
+4.48477e+04 -6.81305e+04 3010663 1 8.8668e-01
+4.67731e+04 -5.08954e+04 4010276 1 7.2975e-01
+3.65289e+04 -5.48241e+04 2010801 1 7.7907e-01
+4.67333e+04 -6.83632e+04 3010665 1 8.9273e-01
+4.21890e+04 -7.07731e+04 3010585 1 8.9818e-01
+2.35969e+04 -4.93100e+04 2010216 1 1.2441e+00
+2.33801e+04 -5.12335e+04 2010217 1 1.1578e+00
+2.30795e+04 -5.30273e+04 2010218 1 1.0694e+00
+2.27215e+04 -5.47053e+04 2010219 1 9.9472e-01
+2.23312e+04 -5.62826e+04 2010220 1 9.3418e-01
+2.19237e+04 -5.77744e+04 2010221 1 8.7505e-01
+2.15120e+04 -5.91922e+04 2010222 1 7.9527e-01
+2.11116e+04 -6.05396e+04 2010223 1 7.3972e-01
+2.07260e+04 -6.18378e+04 2010224 1 6.9515e-01
+2.03700e+04 -6.30895e+04 2010225 1 6.3411e-01
+2.00418e+04 -6.43039e+04 2010226 1 6.1275e-01
+1.97559e+04 -6.54816e+04 2010227 1 5.8328e-01
+1.95101e+04 -6.66360e+04 2010228 1 5.7878e-01
+1.93128e+04 -6.77673e+04 2010229 1 5.8119e-01
+1.91703e+04 -6.88702e+04 2010230 1 5.9523e-01
+1.90840e+04 -6.99560e+04 2010231 1 6.2348e-01
+1.90585e+04 -7.10203e+04 2010232 1 6.5195e-01
+1.90985e+04 -7.20581e+04 2010233 1 6.8399e-01
+1.92113e+04 -7.30691e+04 2010234 1 7.0655e-01
+4.14812e+04 -7.34998e+04 3010509 1 9.2094e-01
+3.74553e+04 -5.35235e+04 4010022 1 7.7476e-01
+1.02296e+04 -5.69044e+04 10685 0 2.2063e+00
+1.10739e+04 -6.15243e+04 10766 1 2.1147e+00
+9.56153e+03 -5.19486e+04 10602 0 1.6913e+00
+3.26957e+04 -5.35746e+04 2010674 1 7.9581e-01
+8.94232e+03 -5.01800e+04 10560 0 1.5664e+00
+4.64848e+04 -6.97706e+04 3010627 1 9.0626e-01
+1.19486e+04 -7.09165e+04 10851 1 1.5159e+00
+4.41691e+04 -7.10062e+04 3010587 1 9.1076e-01
+1.10519e+04 -7.05512e+04 10811 1 1.7098e+00
+4.47434e+04 -5.12898e+04 4010233 1 7.4295e-01
+3.12592e+04 -5.01431e+04 2010630 1 9.0174e-01
+4.39142e+04 -7.23376e+04 3010549 1 9.1886e-01
+3.78927e+04 -5.11427e+04 4010062 1 7.9780e-01
+4.27853e+04 -5.14267e+04 4010190 1 7.5557e-01
+4.35653e+04 -4.99255e+04 4010231 1 7.4635e-01
+4.09113e+04 -5.12814e+04 4010147 1 7.6503e-01
+3.66844e+04 -5.13309e+04 4010020 1 8.0809e-01
+1.02494e+04 -7.00135e+04 10771 1 1.9050e+00
+9.53897e+03 -6.93758e+04 10731 1 2.0624e+00
+4.41289e+04 -5.55535e+04 4010153 1 7.6624e-01
+2.43258e+04 -4.90640e+04 2010257 1 1.2152e+00
+2.41720e+04 -5.10257e+04 2010258 1 1.1187e+00
+2.39277e+04 -5.28586e+04 2010259 1 1.0357e+00
+2.36231e+04 -5.45755e+04 2010260 1 9.5711e-01
+2.32806e+04 -5.61891e+04 2010261 1 8.8363e-01
+2.29187e+04 -5.77136e+04 2010262 1 8.0696e-01
+2.25499e+04 -5.91636e+04 2010263 1 7.5774e-01
+2.21869e+04 -6.05429e+04 2010264 1 6.9096e-01
+2.18409e+04 -6.18595e+04 2010265 1 6.3649e-01
+2.15173e+04 -6.31309e+04 2010266 1 5.8984e-01
+2.12284e+04 -6.43547e+04 2010267 1 5.6240e-01
+2.09738e+04 -6.55390e+04 2010268 1 5.4077e-01
+2.07627e+04 -6.66904e+04 2010269 1 5.2832e-01
+2.06022e+04 -6.78077e+04 2010270 1 5.2963e-01
+2.04905e+04 -6.88940e+04 2010271 1 5.4799e-01
+2.04364e+04 -6.99536e+04 2010272 1 5.6741e-01
+2.04463e+04 -7.09823e+04 2010273 1 5.7596e-01
+2.05231e+04 -7.19772e+04 2010274 1 6.1300e-01
+2.06681e+04 -7.29387e+04 2010275 1 6.4314e-01
+4.18022e+04 -7.21724e+04 3010547 1 9.0520e-01
+4.25870e+04 -7.35664e+04 3010510 1 9.2673e-01
+4.10371e+04 -5.43625e+04 4010108 1 7.6839e-01
+4.35595e+04 -5.49630e+04 4010152 1 7.6398e-01
+3.38090e+04 -5.37741e+04 2010716 1 7.8578e-01
+3.49784e+04 -5.38285e+04 2010758 1 7.8373e-01
+9.84988e+03 -5.46969e+04 10644 0 1.8955e+00
+9.22103e+03 -5.34600e+04 10603 0 1.7107e+00
+4.29809e+04 -4.91710e+04 4010230 1 7.5124e-01
+3.69949e+04 -4.88615e+04 4010060 1 8.3088e-01
+4.11331e+04 -4.89596e+04 4010187 1 7.6447e-01
+4.53441e+04 -5.19019e+04 4010234 1 7.4183e-01
+4.55477e+04 -5.90014e+04 4010116 1 7.9725e-01
+3.96061e+04 -5.17939e+04 4010105 1 7.7140e-01
+3.43806e+04 -5.12996e+04 2010756 1 8.3566e-01
+3.22529e+04 -5.06841e+04 2010672 1 8.7197e-01
+8.91179e+03 -6.89941e+04 10691 0 2.0387e+00
+7.26465e+03 -6.85256e+04 10569 0 1.7018e+00
+3.40462e+04 -4.99256e+04 2010755 1 8.5671e-01
+8.35344e+03 -6.94817e+04 10651 0 1.8721e+00
+7.79365e+03 -6.84699e+04 10610 0 1.7592e+00
+3.03081e+04 -4.94385e+04 2010588 1 9.3777e-01
+2.71774e+04 -4.90187e+04 2010422 1 1.0624e+00
+9.48412e+03 -5.63296e+04 10645 0 1.9112e+00
+2.49546e+04 -5.06809e+04 2010299 1 1.1102e+00
+2.47748e+04 -5.25433e+04 2010300 1 1.0279e+00
+2.45288e+04 -5.42911e+04 2010301 1 9.4262e-01
+2.42387e+04 -5.59372e+04 2010302 1 8.5171e-01
+2.39256e+04 -5.74892e+04 2010303 1 7.7334e-01
+2.36052e+04 -5.89610e+04 2010304 1 7.1191e-01
+2.32868e+04 -6.03666e+04 2010305 1 6.6372e-01
+2.29822e+04 -6.17018e+04 2010306 1 6.1113e-01
+2.26992e+04 -6.29829e+04 2010307 1 5.6023e-01
+2.24475e+04 -6.42160e+04 2010308 1 5.4170e-01
+2.22288e+04 -6.54013e+04 2010309 1 5.0984e-01
+2.20562e+04 -6.65453e+04 2010310 1 5.0936e-01
+2.19273e+04 -6.76524e+04 2010311 1 5.0452e-01
+2.18504e+04 -6.87201e+04 2010312 1 5.0376e-01
+2.18338e+04 -6.97527e+04 2010313 1 5.2177e-01
+2.18759e+04 -7.07501e+04 2010314 1 5.4841e-01
+2.19806e+04 -7.17083e+04 2010315 1 5.7259e-01
+2.21541e+04 -7.26272e+04 2010316 1 5.9846e-01
+2.24031e+04 -7.35040e+04 2010317 1 6.2052e-01
+1.29400e+04 -7.10919e+04 2010030 1 1.3304e+00
+2.87060e+04 -4.94170e+04 2010505 1 9.6590e-01
+3.87518e+04 -5.31759e+04 4010064 1 7.7227e-01
+4.30065e+04 -5.43271e+04 4010151 1 7.5387e-01
+4.63023e+04 -5.50504e+04 4010196 1 7.6027e-01
+1.15484e+04 -6.42784e+04 10807 1 1.8155e+00
+1.04593e+04 -5.99051e+04 10726 1 2.3133e+00
+1.07877e+04 -6.30175e+04 10767 1 2.1073e+00
+9.86698e+03 -5.85432e+04 10686 0 2.1859e+00
+8.66243e+03 -5.16293e+04 10561 0 1.5721e+00
+6.70174e+03 -6.70239e+04 10527 0 1.6031e+00
+1.19728e+04 -6.94099e+04 10850 1 1.5345e+00
+4.33416e+04 -5.21482e+04 4010191 1 7.4431e-01
+4.14242e+04 -5.21207e+04 4010148 1 7.6644e-01
+1.10726e+04 -6.88734e+04 10810 1 1.7429e+00
+4.31602e+04 -7.09069e+04 3010586 1 9.0587e-01
+3.55104e+04 -5.13854e+04 2010798 1 8.2067e-01
+3.32932e+04 -5.10677e+04 2010714 1 8.4665e-01
+4.35376e+04 -6.94703e+04 3010624 1 8.9100e-01
+4.28395e+04 -7.22718e+04 3010548 1 9.1343e-01
+4.59553e+04 -5.24703e+04 4010235 1 7.4697e-01
+2.95822e+04 -5.03550e+04 2010547 1 9.0889e-01
+1.02745e+04 -6.81290e+04 10770 1 1.9550e+00
+8.03970e+03 -4.93762e+04 10518 0 1.5556e+00
+4.56796e+04 -5.45587e+04 4010195 1 7.6272e-01
+2.57211e+04 -5.02232e+04 2010340 1 1.0846e+00
+2.56098e+04 -5.21059e+04 2010341 1 9.8734e-01
+2.54271e+04 -5.38753e+04 2010342 1 9.0907e-01
+2.51981e+04 -5.55437e+04 2010343 1 8.3701e-01
+2.49395e+04 -5.71221e+04 2010344 1 7.7203e-01
+2.46692e+04 -5.86132e+04 2010345 1 6.8960e-01
+2.44004e+04 -6.00303e+04 2010346 1 6.2707e-01
+2.41392e+04 -6.13837e+04 2010347 1 5.9554e-01
+2.39003e+04 -6.26704e+04 2010348 1 5.5240e-01
+2.36877e+04 -6.39095e+04 2010349 1 5.2979e-01
+2.35107e+04 -6.50903e+04 2010350 1 5.0527e-01
+2.33728e+04 -6.62305e+04 2010351 1 5.0010e-01
+2.32822e+04 -6.73232e+04 2010352 1 4.8056e-01
+2.32413e+04 -6.83728e+04 2010353 1 4.9646e-01
+2.32544e+04 -6.93835e+04 2010354 1 5.1153e-01
+2.33273e+04 -7.03519e+04 2010355 1 5.1631e-01
+2.34645e+04 -7.12752e+04 2010356 1 5.4007e-01
+2.36673e+04 -7.21562e+04 2010357 1 5.7183e-01
+2.39389e+04 -7.29928e+04 2010358 1 6.0216e-01
+4.55166e+04 -4.97388e+04 4010274 1 7.2922e-01
+3.83244e+04 -5.21882e+04 4010063 1 7.8565e-01
+4.50739e+04 -5.40233e+04 4010194 1 7.5565e-01
+3.70721e+04 -5.24579e+04 4010021 1 7.9208e-01
+4.24686e+04 -5.36417e+04 4010150 1 7.5835e-01
+3.24903e+04 -5.21680e+04 2010673 1 8.2671e-01
+3.61944e+04 -5.37430e+04 2010800 1 7.7665e-01
+1.38591e+04 -5.06072e+04 10718 0 2.3645e+00
+1.11178e+04 -7.22744e+04 10812 1 1.6653e+00
+4.95705e+03 -6.76966e+04 10400 0 2.0856e+00
+5.58436e+03 -6.76765e+04 10443 0 1.8990e+00
+5.51899e+03 -6.53445e+04 10442 0 1.8893e+00
+9.57330e+03 -6.72544e+04 10730 1 2.1229e+00
+8.34397e+03 -6.69216e+04 10650 0 1.9291e+00
+4.00767e+04 -5.27061e+04 4010106 1 7.7303e-01
+4.19424e+04 -5.29068e+04 4010149 1 7.5811e-01
+4.39067e+04 -5.28194e+04 4010192 1 7.5147e-01
+8.94354e+03 -6.66357e+04 10690 0 2.1038e+00
+7.24780e+03 -6.58731e+04 10568 0 1.6450e+00
+3.29889e+04 -4.95990e+04 2010713 1 8.8280e-01
+2.64635e+04 -4.96655e+04 2010381 1 1.0633e+00
+2.64255e+04 -5.15642e+04 2010382 1 9.7461e-01
+2.63128e+04 -5.33510e+04 2010383 1 8.8850e-01
+2.61472e+04 -5.50342e+04 2010384 1 8.1342e-01
+2.59488e+04 -5.66241e+04 2010385 1 7.4857e-01
+2.57325e+04 -5.81322e+04 2010386 1 6.8721e-01
+2.55148e+04 -5.95609e+04 2010387 1 6.2992e-01
+2.53052e+04 -6.09201e+04 2010388 1 5.8759e-01
+2.51089e+04 -6.22156e+04 2010389 1 5.5504e-01
+2.49425e+04 -6.34517e+04 2010390 1 5.2659e-01
+2.48034e+04 -6.46327e+04 2010391 1 5.1348e-01
+2.47063e+04 -6.57627e+04 2010392 1 4.9915e-01
+2.46514e+04 -6.68432e+04 2010393 1 4.9576e-01
+2.46430e+04 -6.78775e+04 2010394 1 5.0354e-01
+2.46917e+04 -6.88645e+04 2010395 1 5.0696e-01
+2.47967e+04 -6.98067e+04 2010396 1 5.2474e-01
+2.49597e+04 -7.07024e+04 2010397 1 5.4019e-01
+2.51869e+04 -7.15512e+04 2010398 1 5.5880e-01
+2.54843e+04 -7.23512e+04 2010399 1 5.8457e-01
+2.58498e+04 -7.31031e+04 2010400 1 6.1869e-01
+4.48978e+04 -4.90949e+04 4010273 1 7.3095e-01
+1.03218e+04 -7.19603e+04 10772 1 1.8334e+00
+6.14038e+03 -6.67367e+04 10485 0 1.7000e+00
+6.70570e+03 -6.44927e+04 10526 0 1.6102e+00
+1.29749e+04 -6.97232e+04 2010029 1 1.3443e+00
+4.44833e+04 -5.34453e+04 4010193 1 7.5505e-01
+4.05528e+04 -5.35602e+04 4010107 1 7.6636e-01
+4.23454e+03 -6.75145e+04 10356 0 2.2470e+00
+4.13039e+03 -6.57052e+04 10355 0 2.2161e+00
+4.04373e+03 -6.39793e+04 10354 0 2.1841e+00
+6.12219e+03 -6.42966e+04 10484 0 1.7079e+00
+5.49688e+03 -6.31202e+04 10441 0 1.8720e+00
+4.65790e+04 -5.29956e+04 4010236 1 7.4455e-01
+9.69426e+03 -6.52199e+04 10729 1 2.1856e+00
+3.05013e+04 -5.11221e+04 2010589 1 8.7461e-01
+1.03791e+04 -6.63218e+04 10769 1 2.0101e+00
+1.11684e+04 -6.72596e+04 10809 1 1.7856e+00
+8.43636e+03 -6.44656e+04 10649 0 1.9655e+00
+7.90290e+03 -6.33811e+04 10608 0 1.7789e+00
+7.80259e+03 -6.58343e+04 10609 0 1.7974e+00
+8.38404e+03 -5.32038e+04 10562 0 1.5806e+00
+2.72185e+04 -5.09259e+04 2010423 1 9.7755e-01
+2.71774e+04 -5.27236e+04 2010424 1 8.9833e-01
+2.70788e+04 -5.44196e+04 2010425 1 8.1376e-01
+2.69431e+04 -5.60186e+04 2010426 1 7.4492e-01
+2.67862e+04 -5.75316e+04 2010427 1 6.8222e-01
+2.66213e+04 -5.89702e+04 2010428 1 6.2332e-01
+2.64638e+04 -6.03341e+04 2010429 1 6.0010e-01
+2.63167e+04 -6.16297e+04 2010430 1 5.5944e-01
+2.61942e+04 -6.28662e+04 2010431 1 5.4529e-01
+2.60988e+04 -6.40410e+04 2010432 1 5.1951e-01
+2.60415e+04 -6.51629e+04 2010433 1 5.2150e-01
+2.60227e+04 -6.62324e+04 2010434 1 5.0712e-01
+2.60530e+04 -6.72479e+04 2010435 1 5.1406e-01
+2.61324e+04 -6.82170e+04 2010436 1 5.2870e-01
+2.62658e+04 -6.91371e+04 2010437 1 5.3608e-01
+2.64590e+04 -7.00051e+04 2010438 1 5.4491e-01
+2.67120e+04 -7.08254e+04 2010439 1 5.7426e-01
+2.70279e+04 -7.15971e+04 2010440 1 6.0019e-01
+2.74106e+04 -7.23182e+04 2010441 1 6.2447e-01
+2.78624e+04 -7.29871e+04 2010442 1 6.4917e-01
+2.83833e+04 -7.36043e+04 2010443 1 6.8224e-01
+4.86927e+03 -6.55840e+04 10399 0 2.0648e+00
+1.40245e+04 -7.10662e+04 2010070 1 1.1566e+00
+1.24433e+04 -6.52269e+04 10847 1 1.5513e+00
+1.20042e+04 -7.24579e+04 10852 1 1.4944e+00
+1.34004e+04 -5.15189e+04 10719 0 2.3669e+00
+8.48675e+03 -7.21175e+04 10652 0 1.8691e+00
+9.61288e+03 -7.15849e+04 10732 1 1.9785e+00
+1.51927e+04 -7.20263e+04 2010111 1 1.0110e+00
+6.22338e+03 -6.92729e+04 10486 0 1.6787e+00
+7.31505e+03 -6.33833e+04 10567 0 1.6437e+00
+2.79805e+04 -5.02070e+04 2010464 1 9.6479e-01
+1.20691e+04 -6.79559e+04 10849 1 1.5650e+00
+5.50738e+03 -6.10169e+04 10440 0 1.8506e+00
+3.58590e+04 -5.25965e+04 2010799 1 8.0152e-01
+3.46861e+04 -5.25984e+04 2010757 1 8.0914e-01
+9.07032e+03 -6.43746e+04 10689 0 2.1708e+00
+6.77344e+03 -6.20839e+04 10525 0 1.6131e+00
+2.80140e+04 -5.20060e+04 2010465 1 8.7537e-01
+2.79861e+04 -5.37054e+04 2010466 1 8.0802e-01
+2.79155e+04 -5.53138e+04 2010467 1 7.4976e-01
+2.78199e+04 -5.68321e+04 2010468 1 7.0618e-01
+2.77137e+04 -5.82697e+04 2010469 1 6.4945e-01
+2.76085e+04 -5.96388e+04 2010470 1 6.1118e-01
+2.75128e+04 -6.09320e+04 2010471 1 5.8660e-01
+2.74369e+04 -6.21656e+04 2010472 1 5.4976e-01
+2.73864e+04 -6.33335e+04 2010473 1 5.4988e-01
+2.73688e+04 -6.44479e+04 2010474 1 5.4140e-01
+2.73910e+04 -6.55020e+04 2010475 1 5.3177e-01
+2.74540e+04 -6.65054e+04 2010476 1 5.4328e-01
+2.75672e+04 -6.74556e+04 2010477 1 5.4335e-01
+2.77327e+04 -6.83537e+04 2010478 1 5.6245e-01
+2.79500e+04 -6.92013e+04 2010479 1 5.7644e-01
+2.82257e+04 -6.99980e+04 2010480 1 5.9158e-01
+2.85645e+04 -7.07421e+04 2010481 1 6.1584e-01
+2.89644e+04 -7.14362e+04 2010482 1 6.4571e-01
+2.94277e+04 -7.20795e+04 2010483 1 6.7544e-01
+2.99556e+04 -7.26710e+04 2010484 1 7.0396e-01
+3.05500e+04 -7.32102e+04 2010485 1 7.2606e-01
+3.12109e+04 -7.36969e+04 2010486 1 7.5865e-01
+8.99548e+03 -7.14504e+04 10692 0 1.9912e+00
+4.77630e+03 -6.16548e+04 10397 0 2.0135e+00
+1.27092e+04 -6.39539e+04 10846 1 1.5612e+00
+2.01859e+03 -6.66527e+04 10261 0 2.3477e+00
+6.15514e+03 -6.19798e+04 10483 0 1.7034e+00
+3.14693e+04 -5.17246e+04 2010631 1 8.4824e-01
+6.22713e+03 -5.98018e+04 10482 0 1.6902e+00
+3.35634e+04 -5.24574e+04 2010715 1 8.2228e-01
+7.44875e+03 -6.10237e+04 10566 0 1.6291e+00
+4.75598e+03 -5.98513e+04 10396 0 1.9855e+00
+8.60987e+03 -6.22115e+04 10648 0 1.9654e+00
+5.54122e+03 -5.90409e+04 10439 0 1.8272e+00
+1.78034e+04 -7.29843e+04 2010193 1 7.7938e-01
+3.29515e+03 -6.66393e+04 10310 0 2.3517e+00
+2.88161e+04 -5.12144e+04 2010506 1 8.9201e-01
+2.88607e+04 -5.29124e+04 2010507 1 8.2121e-01
+2.88604e+04 -5.45187e+04 2010508 1 7.6094e-01
+2.88282e+04 -5.60401e+04 2010509 1 7.0793e-01
+2.87806e+04 -5.74789e+04 2010510 1 6.7643e-01
+2.87328e+04 -5.88421e+04 2010511 1 6.2950e-01
+2.86876e+04 -6.01366e+04 2010512 1 6.1654e-01
+2.86621e+04 -6.13613e+04 2010513 1 5.8656e-01
+2.86553e+04 -6.25254e+04 2010514 1 5.8081e-01
+2.86828e+04 -6.36266e+04 2010515 1 5.7285e-01
+2.87415e+04 -6.46719e+04 2010516 1 5.6818e-01
+2.88424e+04 -6.56593e+04 2010517 1 5.6851e-01
+2.89882e+04 -6.65934e+04 2010518 1 5.8438e-01
+2.91813e+04 -6.74751e+04 2010519 1 5.9278e-01
+2.94272e+04 -6.83012e+04 2010520 1 5.9881e-01
+2.97267e+04 -6.90760e+04 2010521 1 6.2537e-01
+3.00827e+04 -6.98001e+04 2010522 1 6.4957e-01
+3.04976e+04 -7.04723e+04 2010523 1 6.7120e-01
+3.09747e+04 -7.10914e+04 2010524 1 6.9546e-01
+3.15114e+04 -7.16602e+04 2010525 1 7.2594e-01
+3.21091e+04 -7.21782e+04 2010526 1 7.5444e-01
+3.27674e+04 -7.26460e+04 2010527 1 7.8174e-01
+3.34871e+04 -7.30635e+04 2010528 1 8.0483e-01
+3.42675e+04 -7.34313e+04 2010529 1 8.2468e-01
+1.43107e+04 -4.97276e+04 10717 0 2.3510e+00
+1.47522e+04 -4.88606e+04 10716 0 2.3253e+00
+2.14591e+03 -6.75182e+04 10262 0 2.3804e+00
+1.89232e+03 -6.58462e+04 10260 0 2.3173e+00
+3.18134e+03 -6.52624e+04 10309 0 2.3157e+00
+3.83843e+03 -5.93375e+04 10351 0 2.0880e+00
+3.96914e+03 -6.23414e+04 10353 0 2.1515e+00
+8.07533e+03 -6.10735e+04 10607 0 1.7647e+00
+9.27434e+03 -6.22995e+04 10688 0 2.1877e+00
+1.05559e+04 -6.46167e+04 10768 1 2.0612e+00
+1.13314e+04 -6.57271e+04 10808 1 1.8182e+00
+9.89132e+03 -6.33269e+04 10728 1 2.2399e+00
+6.89138e+03 -5.98223e+04 10524 0 1.6126e+00
+2.97005e+04 -5.20503e+04 2010548 1 8.5221e-01
+4.81173e+03 -6.35672e+04 10398 0 2.0403e+00
+2.97693e+04 -5.36519e+04 2010549 1 7.9678e-01
+2.98045e+04 -5.51672e+04 2010550 1 7.5323e-01
+2.98179e+04 -5.66034e+04 2010551 1 7.0085e-01
+2.98265e+04 -5.79633e+04 2010552 1 6.7251e-01
+2.98373e+04 -5.92495e+04 2010553 1 6.4793e-01
+2.98597e+04 -6.04706e+04 2010554 1 6.2622e-01
+2.99019e+04 -6.16232e+04 2010555 1 6.1536e-01
+2.99703e+04 -6.27174e+04 2010556 1 6.1433e-01
+3.00705e+04 -6.37487e+04 2010557 1 5.9880e-01
+3.02072e+04 -6.47240e+04 2010558 1 6.1255e-01
+3.03851e+04 -6.56441e+04 2010559 1 6.1673e-01
+3.06102e+04 -6.65068e+04 2010560 1 6.2752e-01
+3.08806e+04 -6.73171e+04 2010561 1 6.4041e-01
+3.12018e+04 -6.80745e+04 2010562 1 6.5660e-01
+3.15788e+04 -6.87778e+04 2010563 1 6.7705e-01
+3.20095e+04 -6.94304e+04 2010564 1 7.0320e-01
+3.24956e+04 -7.00323e+04 2010565 1 7.2787e-01
+3.30389e+04 -7.05830e+04 2010566 1 7.4805e-01
+3.36412e+04 -7.10821e+04 2010567 1 7.6930e-01
+3.42997e+04 -7.15324e+04 2010568 1 7.9548e-01
+3.50143e+04 -7.19345e+04 2010569 1 8.1884e-01
+3.57844e+04 -7.22892e+04 2010570 1 8.4003e-01
+3.66087e+04 -7.25977e+04 2010571 1 8.5831e-01
+1.44028e+04 -5.26651e+04 10758 1 2.1676e+00
+1.32727e+04 -5.82085e+04 10802 1 1.8327e+00
+1.30167e+04 -6.27480e+04 10845 1 1.5488e+00
+5.59022e+03 -5.71929e+04 10438 0 1.8050e+00
+1.39306e+04 -5.35771e+04 10759 1 2.1681e+00
+7.89655e+03 -7.11793e+04 10611 0 1.6999e+00
+6.77857e+03 -6.96707e+04 10528 0 1.7008e+00
+3.41786e+03 -6.80857e+04 10311 0 2.3877e+00
+1.76621e+03 -6.50987e+04 10259 0 2.2895e+00
+3.07325e+03 -6.39576e+04 10308 0 2.2804e+00
+2.96823e+03 -6.27259e+04 10307 0 2.2463e+00
+3.90203e+03 -6.07940e+04 10352 0 2.1192e+00
+7.63535e+03 -5.88206e+04 10565 0 1.6089e+00
+6.32733e+03 -5.77685e+04 10481 0 1.6731e+00
+8.85162e+03 -6.00842e+04 10647 0 1.9379e+00
+8.30660e+03 -5.89184e+04 10606 0 1.7266e+00
+7.04689e+03 -5.77187e+04 10523 0 1.5972e+00
+2.65112e+03 -5.94677e+04 10304 0 2.1553e+00
+3.06403e+04 -5.27178e+04 2010590 1 8.1233e-01
+3.07427e+04 -5.42280e+04 2010591 1 7.8837e-01
+3.08195e+04 -5.56544e+04 2010592 1 7.4934e-01
+3.08861e+04 -5.70079e+04 2010593 1 7.0071e-01
+3.09520e+04 -5.82876e+04 2010594 1 6.9571e-01
+3.10262e+04 -5.94979e+04 2010595 1 6.6068e-01
+3.11150e+04 -6.06437e+04 2010596 1 6.6192e-01
+3.12287e+04 -6.17253e+04 2010597 1 6.4612e-01
+3.13682e+04 -6.27463e+04 2010598 1 6.4624e-01
+3.15415e+04 -6.37090e+04 2010599 1 6.4147e-01
+3.17547e+04 -6.46130e+04 2010600 1 6.5708e-01
+3.20073e+04 -6.54632e+04 2010601 1 6.6663e-01
+3.23048e+04 -6.62567e+04 2010602 1 6.6770e-01
+3.26498e+04 -6.69970e+04 2010603 1 6.9006e-01
+3.30432e+04 -6.76859e+04 2010604 1 7.1132e-01
+3.34886e+04 -6.83222e+04 2010605 1 7.2131e-01
+3.39875e+04 -6.89064e+04 2010606 1 7.4702e-01
+3.45382e+04 -6.94412e+04 2010607 1 7.7035e-01
+3.51416e+04 -6.99271e+04 2010608 1 7.9175e-01
+3.57982e+04 -7.03641e+04 2010609 1 8.0866e-01
+3.65091e+04 -7.07528e+04 2010610 1 8.2476e-01
+3.72711e+04 -7.10956e+04 2010611 1 8.4486e-01
+3.80831e+04 -7.13941e+04 2010612 1 8.6238e-01
+9.54409e+03 -6.03445e+04 10687 0 2.1697e+00
+5.64714e+03 -5.54702e+04 10437 0 1.7862e+00
+1.53565e+04 -5.08617e+04 10756 1 2.1558e+00
+1.48795e+04 -5.17656e+04 10757 1 2.1366e+00
+7.38851e+03 -7.12860e+04 10570 0 1.6547e+00
+5.08473e+03 -6.98908e+04 10401 0 2.1008e+00
+1.29800e+04 -7.24864e+04 2010031 1 1.3248e+00
+1.38269e+03 -6.32034e+04 10256 0 2.2182e+00
+5.70559e+03 -7.00946e+04 10444 0 1.8987e+00
+2.53961e+03 -5.85232e+04 10303 0 2.1298e+00
+4.74467e+03 -5.81576e+04 10395 0 1.9581e+00
+1.45175e+02 -6.05324e+04 10247 0 2.0887e+00
+2.75886e+03 -6.04819e+04 10305 0 2.1834e+00
+1.30793e+04 -6.83955e+04 2010028 1 1.3571e+00
+6.44604e+03 -5.58785e+04 10480 0 1.6555e+00
+4.72844e+03 -5.50906e+04 10393 0 1.9073e+00
+7.86144e+03 -5.67851e+04 10564 0 1.5946e+00
+1.01488e+04 -6.15493e+04 10727 1 2.2710e+00
+1.22284e+04 -6.65647e+04 10848 1 1.5697e+00
+8.58311e+03 -5.69326e+04 10605 0 1.6867e+00
+7.22861e+03 -5.57720e+04 10522 0 1.5803e+00
+9.14791e+03 -5.81197e+04 10646 0 1.9136e+00
+6.57479e+03 -5.41262e+04 10479 0 1.6400e+00
+5.70575e+03 -5.38673e+04 10436 0 1.7757e+00
+1.40764e+04 -6.98048e+04 2010069 1 1.1641e+00
+4.73702e+03 -5.65719e+04 10394 0 1.9317e+00
+3.63703e+03 -5.54962e+04 10348 0 2.0068e+00
+4.71501e+03 -5.37088e+04 10392 0 1.8863e+00
+2.42334e+03 -5.76461e+04 10302 0 2.1066e+00
+3.77493e+03 -5.79708e+04 10350 0 2.0586e+00
+3.17796e+04 -5.46443e+04 2010633 1 7.8111e-01
+3.19060e+04 -5.59851e+04 2010634 1 7.4465e-01
+3.20277e+04 -5.72570e+04 2010635 1 7.1678e-01
+3.21537e+04 -5.84569e+04 2010636 1 7.0424e-01
+3.22913e+04 -5.95918e+04 2010637 1 6.8693e-01
+3.24493e+04 -6.06625e+04 2010638 1 6.8818e-01
+3.26293e+04 -6.16722e+04 2010639 1 6.7046e-01
+3.28411e+04 -6.26208e+04 2010640 1 6.8455e-01
+3.30861e+04 -6.35139e+04 2010641 1 6.9073e-01
+3.33705e+04 -6.43479e+04 2010642 1 6.9153e-01
+3.36933e+04 -6.51285e+04 2010643 1 7.0323e-01
+3.40595e+04 -6.58557e+04 2010644 1 7.1620e-01
+3.44735e+04 -6.65282e+04 2010645 1 7.3013e-01
+3.49338e+04 -6.71503e+04 2010646 1 7.5098e-01
+3.54415e+04 -6.77223e+04 2010647 1 7.6947e-01
+3.59996e+04 -6.82437e+04 2010648 1 7.7946e-01
+3.66075e+04 -6.87159e+04 2010649 1 8.0206e-01
+3.72636e+04 -6.91414e+04 2010650 1 8.2055e-01
+3.79683e+04 -6.95210e+04 2010651 1 8.3741e-01
+3.87211e+04 -6.98555e+04 2010652 1 8.5121e-01
+3.95218e+04 -7.01457e+04 2010653 1 8.6078e-01
+1.37068e+04 -5.71853e+04 10801 1 1.8260e+00
+1.41613e+04 -5.62006e+04 10800 1 1.8169e+00
+1.33643e+04 -6.15941e+04 10844 1 1.5438e+00
+1.58269e+04 -4.99401e+04 10755 1 2.1606e+00
+3.19718e+04 -4.91172e+04 2010671 1 9.1235e-01
+1.62800e+04 -4.89952e+04 10754 1 2.0928e+00
+1.40438e+04 -7.23456e+04 2010071 1 1.1622e+00
+2.86405e+03 -6.15675e+04 10306 0 2.2138e+00
+8.48072e+02 -6.14654e+04 10252 0 2.1305e+00
+9.84507e+02 -6.18133e+04 10253 0 2.1482e+00
+3.55820e+03 -5.43816e+04 10347 0 1.9854e+00
+3.37241e+03 -5.23806e+04 10345 0 1.9010e+00
+8.11429e+03 -5.49174e+04 10563 0 1.5935e+00
+7.42659e+03 -5.39755e+04 10521 0 1.5667e+00
+6.70635e+03 -5.25031e+04 10478 0 1.6279e+00
+5.76072e+03 -5.23777e+04 10435 0 1.7721e+00
+4.69345e+03 -5.24210e+04 10391 0 1.8681e+00
+8.89193e+03 -5.51159e+04 10604 0 1.6870e+00
+3.47047e+03 -5.33435e+04 10346 0 1.9670e+00
+3.28810e+04 -5.49068e+04 2010675 1 7.7321e-01
+3.30602e+04 -5.61639e+04 2010676 1 7.5449e-01
+3.32375e+04 -5.73550e+04 2010677 1 7.2807e-01
+3.34249e+04 -5.84765e+04 2010678 1 7.2460e-01
+3.36271e+04 -5.95371e+04 2010679 1 7.0928e-01
+3.38495e+04 -6.05326e+04 2010680 1 7.0801e-01
+3.40974e+04 -6.14712e+04 2010681 1 7.1151e-01
+3.43781e+04 -6.23487e+04 2010682 1 7.1378e-01
+3.46910e+04 -6.31720e+04 2010683 1 7.2063e-01
+3.50403e+04 -6.39393e+04 2010684 1 7.1786e-01
+3.54306e+04 -6.46519e+04 2010685 1 7.3786e-01
+3.58614e+04 -6.53136e+04 2010686 1 7.5328e-01
+3.63365e+04 -6.59233e+04 2010687 1 7.6009e-01
+3.68570e+04 -6.64817e+04 2010688 1 7.8050e-01
+3.74216e+04 -6.69924e+04 2010689 1 7.9813e-01
+3.80314e+04 -6.74554e+04 2010690 1 8.1338e-01
+3.86876e+04 -6.78711e+04 2010691 1 8.2236e-01
+3.93894e+04 -6.82412e+04 2010692 1 8.3910e-01
+4.01347e+04 -6.85683e+04 2010693 1 8.5430e-01
+1.75080e+03 -5.42344e+04 10297 0 1.9553e+00
+3.26282e+03 -5.14924e+04 10344 0 1.8647e+00
+1.37463e+04 -6.04915e+04 10843 1 1.5274e+00
+1.46325e+04 -5.52425e+04 10799 1 1.8130e+00
+1.51173e+04 -5.42946e+04 10798 1 1.8061e+00
+1.56106e+04 -5.33462e+04 10797 1 1.7952e+00
+1.61100e+04 -5.23738e+04 10796 1 1.8224e+00
+1.66071e+04 -5.13681e+04 10795 1 1.7977e+00
+2.23654e+00 -6.04775e+04 10246 0 2.0878e+00
+1.25183e+03 -6.26843e+04 10255 0 2.1986e+00
+1.70894e+04 -5.03206e+04 10794 1 1.8239e+00
+2.30158e+03 -5.68341e+04 10301 0 2.0858e+00
+3.70861e+03 -5.66913e+04 10349 0 2.0312e+00
+4.66106e+03 -5.12212e+04 10390 0 1.8535e+00
+1.10078e+03 -5.25521e+04 10293 0 1.8678e+00
+3.14116e+03 -5.06733e+04 10343 0 1.8416e+00
+4.61555e+03 -5.01041e+04 10389 0 1.8037e+00
+3.00704e+03 -4.99192e+04 10342 0 1.8263e+00
+6.83464e+03 -5.09996e+04 10477 0 1.6196e+00
+7.63235e+03 -5.23185e+04 10520 0 1.5577e+00
+5.80770e+03 -5.09929e+04 10434 0 1.7587e+00
+4.55460e+03 -4.90688e+04 10388 0 1.7548e+00
+7.83871e+03 -5.07895e+04 10519 0 1.5524e+00
+5.84303e+03 -4.97048e+04 10433 0 1.7486e+00
+2.86029e+03 -4.92262e+04 10341 0 1.8161e+00
+2.03928e+03 -5.54085e+04 10299 0 1.9954e+00
+3.42751e+04 -5.61955e+04 2010718 1 7.5426e-01
+3.45107e+04 -5.73075e+04 2010719 1 7.4681e-01
+3.47594e+04 -5.83523e+04 2010720 1 7.3533e-01
+3.50218e+04 -5.93385e+04 2010721 1 7.3068e-01
+3.53092e+04 -6.02617e+04 2010722 1 7.3104e-01
+3.56224e+04 -6.11292e+04 2010723 1 7.3758e-01
+3.59664e+04 -6.19387e+04 2010724 1 7.3202e-01
+3.63423e+04 -6.26937e+04 2010725 1 7.4341e-01
+3.67539e+04 -6.33961e+04 2010726 1 7.5390e-01
+3.72051e+04 -6.40445e+04 2010727 1 7.6232e-01
+3.76954e+04 -6.46430e+04 2010728 1 7.7956e-01
+3.82255e+04 -6.51927e+04 2010729 1 7.9250e-01
+3.87985e+04 -6.56927e+04 2010730 1 8.0053e-01
+3.94132e+04 -6.61459e+04 2010731 1 8.1726e-01
+4.00688e+04 -6.65543e+04 2010732 1 8.3181e-01
+4.07658e+04 -6.69187e+04 2010733 1 8.4253e-01
+4.15049e+04 -6.72394e+04 2010734 1 8.4916e-01
+1.43708e+03 -5.32882e+04 10295 0 1.9302e+00
+1.75529e+04 -4.91980e+04 10793 1 1.7899e+00
+1.41589e+04 -5.94298e+04 10842 1 1.5247e+00
+1.60437e+04 -5.53713e+04 10838 1 1.5049e+00
+1.45984e+04 -5.83993e+04 10841 1 1.5136e+00
+1.65514e+04 -5.43398e+04 10837 1 1.5656e+00
+1.55437e+04 -5.63840e+04 10839 1 1.5159e+00
+1.50616e+04 -5.73874e+04 10840 1 1.5157e+00
+1.70670e+04 -5.32665e+04 10836 1 1.5362e+00
+1.75772e+04 -5.21429e+04 10835 1 1.5572e+00
+1.11912e+03 -6.22195e+04 10254 0 2.1763e+00
+1.63956e+03 -6.44096e+04 10258 0 2.2637e+00
+4.29511e+02 -6.07510e+04 10249 0 2.0976e+00
+1.89830e+03 -5.47916e+04 10298 0 1.9727e+00
+2.94057e+00 -5.16121e+04 10287 0 1.8401e+00
+1.41416e+04 -7.36322e+04 2010072 1 1.1594e+00
+6.95442e+03 -4.96066e+04 10476 0 1.6343e+00
+4.72367e+03 -7.33473e+04 10359 0 2.3193e+00
+5.89781e+03 -7.25668e+04 10445 0 1.8799e+00
+3.88075e+03 -7.27866e+04 10314 0 2.4688e+00
+5.26419e+03 -7.21463e+04 10402 0 2.1090e+00
+6.96153e+03 -7.24230e+04 10529 0 1.6991e+00
+1.52611e+04 -7.32202e+04 2010112 1 1.0197e+00
+6.38874e+03 -7.18810e+04 10487 0 1.7480e+00
+2.84618e+03 -7.26825e+04 10267 0 2.5324e+00
+3.61451e+04 -5.80908e+04 2010762 1 7.4425e-01
+4.52246e+03 -7.13489e+04 10358 0 2.3024e+00
+3.64693e+04 -5.90037e+04 2010763 1 7.5089e-01
+3.68176e+04 -5.98570e+04 2010764 1 7.4563e-01
+3.71915e+04 -6.06553e+04 2010765 1 7.5183e-01
+3.75934e+04 -6.13996e+04 2010766 1 7.5256e-01
+3.80295e+04 -6.20885e+04 2010767 1 7.6307e-01
+3.84986e+04 -6.27280e+04 2010768 1 7.7636e-01
+3.90040e+04 -6.33166e+04 2010769 1 7.7947e-01
+3.95474e+04 -6.38553e+04 2010770 1 7.9605e-01
+4.01274e+04 -6.43477e+04 2010771 1 8.0983e-01
+4.07454e+04 -6.47943e+04 2010772 1 8.1954e-01
+4.14030e+04 -6.51948e+04 2010773 1 8.2764e-01
+4.20982e+04 -6.55529e+04 2010774 1 8.4059e-01
+2.87684e+02 -6.06173e+04 10248 0 2.0919e+00
+1.59696e+03 -5.37341e+04 10296 0 1.9414e+00
+1.27154e+03 -5.28943e+04 10294 0 1.9214e+00
+3.77614e+02 -5.17477e+04 10289 0 1.8386e+00
+1.85385e+04 -4.96709e+04 10833 1 1.5934e+00
+9.25163e+02 -5.22730e+04 10292 0 1.8509e+00
+1.80718e+04 -5.09528e+04 10834 1 1.5956e+00
+2.17369e+03 -5.60881e+04 10300 0 2.0283e+00
+1.01967e+03 -7.29883e+04 10213 0 2.3167e+00
+5.70363e+02 -6.09359e+04 10250 0 2.1059e+00
+1.64588e+04 -7.26506e+04 2010152 1 8.8907e-01
+7.45591e+02 -5.20483e+04 10291 0 1.8444e+00
+6.33251e+02 -7.20502e+04 10210 0 2.2553e+00
+5.62820e+02 -5.18741e+04 10290 0 1.8405e+00
+2.69156e+03 -7.15458e+04 10266 0 2.5024e+00
+1.27837e+02 -7.14677e+04 10206 0 2.2154e+00
+3.70569e+03 -7.11664e+04 10313 0 2.4426e+00
+7.60947e+02 -7.23144e+04 10211 0 2.2730e+00
+1.15146e+03 -7.33980e+04 10214 0 2.3431e+00
+8.89643e+02 -7.26271e+04 10212 0 2.2935e+00
+4.36262e+03 -6.93994e+04 10357 0 2.2761e+00
+3.79838e+02 -7.16656e+04 10208 0 2.2288e+00
+2.53738e+02 -7.15441e+04 10207 0 2.2204e+00
+2.54642e+03 -7.04585e+04 10265 0 2.4730e+00
+2.40836e+03 -6.94234e+04 10264 0 2.4441e+00
+3.55322e+03 -6.95969e+04 10312 0 2.4155e+00
+2.27538e+03 -6.84424e+04 10263 0 2.4154e+00
+3.87929e+04 -6.00579e+04 2010807 1 7.6338e-01
+3.92506e+04 -6.07384e+04 2010808 1 7.7214e-01
+3.97401e+04 -6.13664e+04 2010809 1 7.7611e-01
+1.90754e+02 -5.16664e+04 10288 0 1.8387e+00
+4.02616e+04 -6.19452e+04 2010810 1 7.8983e-01
+4.08157e+04 -6.24770e+04 2010811 1 8.0004e-01
+5.06286e+02 -7.18340e+04 10209 0 2.2405e+00
+4.14051e+04 -6.29607e+04 2010812 1 8.0489e-01
+4.20290e+04 -6.33997e+04 2010813 1 8.1836e-01
+4.26869e+04 -6.37957e+04 2010814 1 8.2894e-01
+1.51185e+03 -6.37781e+04 10257 0 2.2400e+00
+7.09962e+02 -6.11735e+04 10251 0 2.1168e+00
+1.96752e+00 -7.14196e+04 10205 0 2.2138e+00
+3.47476e+04 -4.87509e+04 2010796 1 8.6955e-01
