+1.78555e+01 -4.87316e+04 4010000 1 0.0000e+00
+1.16061e+03 -4.87316e+04 4010001 1 0.0000e+00
+2.30336e+03 -4.87316e+04 4010002 1 0.0000e+00
+3.44611e+03 -4.87316e+04 4010003 1 0.0000e+00
+4.58886e+03 -4.87316e+04 4010004 1 0.0000e+00
+5.73161e+03 -4.87316e+04 4010005 1 0.0000e+00
+6.87436e+03 -4.87316e+04 4010006 1 0.0000e+00
+8.01711e+03 -4.87316e+04 4010007 1 0.0000e+00
+9.15986e+03 -4.87316e+04 4010008 1 0.0000e+00
+1.03026e+04 -4.87316e+04 4010009 1 0.0000e+00
+1.14454e+04 -4.87316e+04 4010010 1 0.0000e+00
+1.25881e+04 -4.87316e+04 4010011 1 0.0000e+00
+1.37309e+04 -4.87316e+04 4010012 1 0.0000e+00
+1.48736e+04 -4.87316e+04 4010013 1 0.0000e+00
+1.60164e+04 -4.87316e+04 4010014 1 0.0000e+00
+1.71591e+04 -4.87316e+04 4010015 1 0.0000e+00
+1.83019e+04 -4.87316e+04 4010016 1 0.0000e+00
+1.94446e+04 -4.87316e+04 4010017 1 0.0000e+00
+2.05874e+04 -4.87316e+04 4010018 1 0.0000e+00
+2.17301e+04 -4.87316e+04 4010019 1 0.0000e+00
+2.28729e+04 -4.87316e+04 4010020 1 0.0000e+00
+2.40156e+04 -4.87316e+04 4010021 1 0.0000e+00
+2.51584e+04 -4.87316e+04 4010022 1 0.0000e+00
+2.63011e+04 -4.87316e+04 4010023 1 0.0000e+00
+2.74439e+04 -4.87316e+04 4010024 1 0.0000e+00
+2.85866e+04 -4.87316e+04 4010025 1 0.0000e+00
+2.97294e+04 -4.87316e+04 4010026 1 0.0000e+00
+3.08721e+04 -4.87316e+04 4010027 1 0.0000e+00
+3.20149e+04 -4.87316e+04 4010028 1 0.0000e+00
+3.31576e+04 -4.87316e+04 4010029 1 0.0000e+00
+3.43004e+04 -4.87316e+04 4010030 1 0.0000e+00
+3.54431e+04 -4.87316e+04 4010031 1 0.0000e+00
+3.65859e+04 -4.87316e+04 4010032 1 0.0000e+00
+3.77286e+04 -4.87316e+04 4010033 1 0.0000e+00
+3.88714e+04 -4.87316e+04 4010034 1 0.0000e+00
+4.00141e+04 -4.87316e+04 4010035 1 0.0000e+00
+4.11569e+04 -4.87316e+04 4010036 1 0.0000e+00
+4.22996e+04 -4.87316e+04 4010037 1 0.0000e+00
+4.34424e+04 -4.87316e+04 4010038 1 0.0000e+00
+4.45851e+04 -4.87316e+04 4010039 1 0.0000e+00
+4.57279e+04 -4.87316e+04 4010040 1 0.0000e+00
+1.78555e+01 -4.74816e+04 4010041 1 0.0000e+00
+1.16061e+03 -4.74816e+04 4010042 1 0.0000e+00
+2.30336e+03 -4.74816e+04 4010043 1 0.0000e+00
+3.44611e+03 -4.74816e+04 4010044 1 0.0000e+00
+4.58886e+03 -4.74816e+04 4010045 1 0.0000e+00
+5.73161e+03 -4.74816e+04 4010046 1 0.0000e+00
+6.87436e+03 -4.74816e+04 4010047 1 0.0000e+00
+8.01711e+03 -4.74816e+04 4010048 1 0.0000e+00
+9.15986e+03 -4.74816e+04 4010049 1 0.0000e+00
+1.03026e+04 -4.74816e+04 4010050 1 0.0000e+00
+1.14454e+04 -4.74816e+04 4010051 1 0.0000e+00
+1.25881e+04 -4.74816e+04 4010052 1 0.0000e+00
+1.37309e+04 -4.74816e+04 4010053 1 0.0000e+00
+1.48736e+04 -4.74816e+04 4010054 1 0.0000e+00
+1.60164e+04 -4.74816e+04 4010055 1 0.0000e+00
+1.71591e+04 -4.74816e+04 4010056 1 0.0000e+00
+1.83019e+04 -4.74816e+04 4010057 1 0.0000e+00
+1.94446e+04 -4.74816e+04 4010058 1 0.0000e+00
+2.05874e+04 -4.74816e+04 4010059 1 0.0000e+00
+2.17301e+04 -4.74816e+04 4010060 1 0.0000e+00
+2.28729e+04 -4.74816e+04 4010061 1 0.0000e+00
+2.40156e+04 -4.74816e+04 4010062 1 0.0000e+00
+2.51584e+04 -4.74816e+04 4010063 1 0.0000e+00
+2.63011e+04 -4.74816e+04 4010064 1 0.0000e+00
+2.74439e+04 -4.74816e+04 4010065 1 0.0000e+00
+2.85866e+04 -4.74816e+04 4010066 1 0.0000e+00
+2.97294e+04 -4.74816e+04 4010067 1 0.0000e+00
+3.08721e+04 -4.74816e+04 4010068 1 0.0000e+00
+3.20149e+04 -4.74816e+04 4010069 1 0.0000e+00
+3.31576e+04 -4.74816e+04 4010070 1 0.0000e+00
+3.43004e+04 -4.74816e+04 4010071 1 0.0000e+00
+3.54431e+04 -4.74816e+04 4010072 1 0.0000e+00
+3.65859e+04 -4.74816e+04 4010073 1 0.0000e+00
+3.77286e+04 -4.74816e+04 4010074 1 0.0000e+00
+3.88714e+04 -4.74816e+04 4010075 1 0.0000e+00
+4.00141e+04 -4.74816e+04 4010076 1 0.0000e+00
+4.11569e+04 -4.74816e+04 4010077 1 0.0000e+00
+4.22996e+04 -4.74816e+04 4010078 1 0.0000e+00
+4.34424e+04 -4.74816e+04 4010079 1 0.0000e+00
+4.45851e+04 -4.74816e+04 4010080 1 0.0000e+00
+4.57279e+04 -4.74816e+04 4010081 1 0.0000e+00
+1.78555e+01 -4.62316e+04 4010082 1 0.0000e+00
+1.16061e+03 -4.62316e+04 4010083 1 0.0000e+00
+2.30336e+03 -4.62316e+04 4010084 1 0.0000e+00
+3.44611e+03 -4.62316e+04 4010085 1 0.0000e+00
+4.58886e+03 -4.62316e+04 4010086 1 0.0000e+00
+5.73161e+03 -4.62316e+04 4010087 1 0.0000e+00
+6.87436e+03 -4.62316e+04 4010088 1 0.0000e+00
+8.01711e+03 -4.62316e+04 4010089 1 0.0000e+00
+9.15986e+03 -4.62316e+04 4010090 1 0.0000e+00
+1.03026e+04 -4.62316e+04 4010091 1 0.0000e+00
+1.14454e+04 -4.62316e+04 4010092 1 0.0000e+00
+1.25881e+04 -4.62316e+04 4010093 1 0.0000e+00
+1.37309e+04 -4.62316e+04 4010094 1 0.0000e+00
+1.48736e+04 -4.62316e+04 4010095 1 0.0000e+00
+1.60164e+04 -4.62316e+04 4010096 1 0.0000e+00
+1.71591e+04 -4.62316e+04 4010097 1 0.0000e+00
+1.83019e+04 -4.62316e+04 4010098 1 0.0000e+00
+1.94446e+04 -4.62316e+04 4010099 1 0.0000e+00
+2.05874e+04 -4.62316e+04 4010100 1 0.0000e+00
+2.17301e+04 -4.62316e+04 4010101 1 0.0000e+00
+2.28729e+04 -4.62316e+04 4010102 1 0.0000e+00
+2.40156e+04 -4.62316e+04 4010103 1 0.0000e+00
+2.51584e+04 -4.62316e+04 4010104 1 0.0000e+00
+2.63011e+04 -4.62316e+04 4010105 1 0.0000e+00
+2.74439e+04 -4.62316e+04 4010106 1 0.0000e+00
+2.85866e+04 -4.62316e+04 4010107 1 0.0000e+00
+2.97294e+04 -4.62316e+04 4010108 1 0.0000e+00
+3.08721e+04 -4.62316e+04 4010109 1 0.0000e+00
+3.20149e+04 -4.62316e+04 4010110 1 0.0000e+00
+3.31576e+04 -4.62316e+04 4010111 1 0.0000e+00
+3.43004e+04 -4.62316e+04 4010112 1 0.0000e+00
+3.54431e+04 -4.62316e+04 4010113 1 0.0000e+00
+3.65859e+04 -4.62316e+04 4010114 1 0.0000e+00
+3.77286e+04 -4.62316e+04 4010115 1 0.0000e+00
+3.88714e+04 -4.62316e+04 4010116 1 0.0000e+00
+4.00141e+04 -4.62316e+04 4010117 1 0.0000e+00
+4.11569e+04 -4.62316e+04 4010118 1 0.0000e+00
+4.22996e+04 -4.62316e+04 4010119 1 0.0000e+00
+4.34424e+04 -4.62316e+04 4010120 1 0.0000e+00
+4.45851e+04 -4.62316e+04 4010121 1 0.0000e+00
+4.57279e+04 -4.62316e+04 4010122 1 0.0000e+00
+1.78555e+01 -4.49816e+04 4010123 1 0.0000e+00
+1.16061e+03 -4.49816e+04 4010124 1 0.0000e+00
+2.30336e+03 -4.49816e+04 4010125 1 0.0000e+00
+3.44611e+03 -4.49816e+04 4010126 1 0.0000e+00
+4.58886e+03 -4.49816e+04 4010127 1 0.0000e+00
+5.73161e+03 -4.49816e+04 4010128 1 0.0000e+00
+6.87436e+03 -4.49816e+04 4010129 1 0.0000e+00
+8.01711e+03 -4.49816e+04 4010130 1 0.0000e+00
+9.15986e+03 -4.49816e+04 4010131 1 0.0000e+00
+1.03026e+04 -4.49816e+04 4010132 1 0.0000e+00
+1.14454e+04 -4.49816e+04 4010133 1 0.0000e+00
+1.25881e+04 -4.49816e+04 4010134 1 0.0000e+00
+1.37309e+04 -4.49816e+04 4010135 1 0.0000e+00
+1.48736e+04 -4.49816e+04 4010136 1 0.0000e+00
+1.60164e+04 -4.49816e+04 4010137 1 0.0000e+00
+1.71591e+04 -4.49816e+04 4010138 1 0.0000e+00
+1.83019e+04 -4.49816e+04 4010139 1 0.0000e+00
+1.94446e+04 -4.49816e+04 4010140 1 0.0000e+00
+2.05874e+04 -4.49816e+04 4010141 1 0.0000e+00
+2.17301e+04 -4.49816e+04 4010142 1 0.0000e+00
+2.28729e+04 -4.49816e+04 4010143 1 0.0000e+00
+2.40156e+04 -4.49816e+04 4010144 1 0.0000e+00
+2.51584e+04 -4.49816e+04 4010145 1 0.0000e+00
+2.63011e+04 -4.49816e+04 4010146 1 0.0000e+00
+2.74439e+04 -4.49816e+04 4010147 1 0.0000e+00
+2.85866e+04 -4.49816e+04 4010148 1 0.0000e+00
+2.97294e+04 -4.49816e+04 4010149 1 0.0000e+00
+3.08721e+04 -4.49816e+04 4010150 1 0.0000e+00
+3.20149e+04 -4.49816e+04 4010151 1 0.0000e+00
+3.31576e+04 -4.49816e+04 4010152 1 0.0000e+00
+3.43004e+04 -4.49816e+04 4010153 1 0.0000e+00
+3.54431e+04 -4.49816e+04 4010154 1 0.0000e+00
+3.65859e+04 -4.49816e+04 4010155 1 0.0000e+00
+3.77286e+04 -4.49816e+04 4010156 1 0.0000e+00
+3.88714e+04 -4.49816e+04 4010157 1 0.0000e+00
+4.00141e+04 -4.49816e+04 4010158 1 0.0000e+00
+4.11569e+04 -4.49816e+04 4010159 1 0.0000e+00
+4.22996e+04 -4.49816e+04 4010160 1 0.0000e+00
+4.34424e+04 -4.49816e+04 4010161 1 0.0000e+00
+4.45851e+04 -4.49816e+04 4010162 1 0.0000e+00
+4.57279e+04 -4.49816e+04 4010163 1 0.0000e+00
+1.78555e+01 -4.37316e+04 4010164 1 0.0000e+00
+1.16061e+03 -4.37316e+04 4010165 1 0.0000e+00
+2.30336e+03 -4.37316e+04 4010166 1 0.0000e+00
+3.44611e+03 -4.37316e+04 4010167 1 0.0000e+00
+4.58886e+03 -4.37316e+04 4010168 1 0.0000e+00
+5.73161e+03 -4.37316e+04 4010169 1 0.0000e+00
+6.87436e+03 -4.37316e+04 4010170 1 0.0000e+00
+8.01711e+03 -4.37316e+04 4010171 1 0.0000e+00
+9.15986e+03 -4.37316e+04 4010172 1 0.0000e+00
+1.03026e+04 -4.37316e+04 4010173 1 0.0000e+00
+1.14454e+04 -4.37316e+04 4010174 1 0.0000e+00
+1.25881e+04 -4.37316e+04 4010175 1 0.0000e+00
+1.37309e+04 -4.37316e+04 4010176 1 0.0000e+00
+1.48736e+04 -4.37316e+04 4010177 1 0.0000e+00
+1.60164e+04 -4.37316e+04 4010178 1 0.0000e+00
+1.71591e+04 -4.37316e+04 4010179 1 0.0000e+00
+1.83019e+04 -4.37316e+04 4010180 1 0.0000e+00
+1.94446e+04 -4.37316e+04 4010181 1 0.0000e+00
+2.05874e+04 -4.37316e+04 4010182 1 0.0000e+00
+2.17301e+04 -4.37316e+04 4010183 1 0.0000e+00
+2.28729e+04 -4.37316e+04 4010184 1 0.0000e+00
+2.40156e+04 -4.37316e+04 4010185 1 0.0000e+00
+2.51584e+04 -4.37316e+04 4010186 1 0.0000e+00
+2.63011e+04 -4.37316e+04 4010187 1 0.0000e+00
+2.74439e+04 -4.37316e+04 4010188 1 0.0000e+00
+2.85866e+04 -4.37316e+04 4010189 1 0.0000e+00
+2.97294e+04 -4.37316e+04 4010190 1 0.0000e+00
+3.08721e+04 -4.37316e+04 4010191 1 0.0000e+00
+3.20149e+04 -4.37316e+04 4010192 1 0.0000e+00
+3.31576e+04 -4.37316e+04 4010193 1 0.0000e+00
+3.43004e+04 -4.37316e+04 4010194 1 0.0000e+00
+3.54431e+04 -4.37316e+04 4010195 1 0.0000e+00
+3.65859e+04 -4.37316e+04 4010196 1 0.0000e+00
+3.77286e+04 -4.37316e+04 4010197 1 0.0000e+00
+3.88714e+04 -4.37316e+04 4010198 1 0.0000e+00
+4.00141e+04 -4.37316e+04 4010199 1 0.0000e+00
+4.11569e+04 -4.37316e+04 4010200 1 0.0000e+00
+4.22996e+04 -4.37316e+04 4010201 1 0.0000e+00
+4.34424e+04 -4.37316e+04 4010202 1 0.0000e+00
+4.45851e+04 -4.37316e+04 4010203 1 0.0000e+00
+4.57279e+04 -4.37316e+04 4010204 1 0.0000e+00
+1.78555e+01 -4.24816e+04 4010205 1 0.0000e+00
+1.16061e+03 -4.24816e+04 4010206 1 0.0000e+00
+2.30336e+03 -4.24816e+04 4010207 1 0.0000e+00
+3.44611e+03 -4.24816e+04 4010208 1 0.0000e+00
+4.58886e+03 -4.24816e+04 4010209 1 0.0000e+00
+5.73161e+03 -4.24816e+04 4010210 1 0.0000e+00
+6.87436e+03 -4.24816e+04 4010211 1 0.0000e+00
+8.01711e+03 -4.24816e+04 4010212 1 0.0000e+00
+9.15986e+03 -4.24816e+04 4010213 1 0.0000e+00
+1.03026e+04 -4.24816e+04 4010214 1 0.0000e+00
+1.14454e+04 -4.24816e+04 4010215 1 0.0000e+00
+1.25881e+04 -4.24816e+04 4010216 1 0.0000e+00
+1.37309e+04 -4.24816e+04 4010217 1 0.0000e+00
+1.48736e+04 -4.24816e+04 4010218 1 0.0000e+00
+1.60164e+04 -4.24816e+04 4010219 1 0.0000e+00
+1.71591e+04 -4.24816e+04 4010220 1 0.0000e+00
+1.83019e+04 -4.24816e+04 4010221 1 0.0000e+00
+1.94446e+04 -4.24816e+04 4010222 1 0.0000e+00
+2.05874e+04 -4.24816e+04 4010223 1 0.0000e+00
+2.17301e+04 -4.24816e+04 4010224 1 0.0000e+00
+2.28729e+04 -4.24816e+04 4010225 1 0.0000e+00
+2.40156e+04 -4.24816e+04 4010226 1 0.0000e+00
+2.51584e+04 -4.24816e+04 4010227 1 0.0000e+00
+2.63011e+04 -4.24816e+04 4010228 1 0.0000e+00
+2.74439e+04 -4.24816e+04 4010229 1 0.0000e+00
+2.85866e+04 -4.24816e+04 4010230 1 0.0000e+00
+2.97294e+04 -4.24816e+04 4010231 1 0.0000e+00
+3.08721e+04 -4.24816e+04 4010232 1 0.0000e+00
+3.20149e+04 -4.24816e+04 4010233 1 0.0000e+00
+3.31576e+04 -4.24816e+04 4010234 1 0.0000e+00
+3.43004e+04 -4.24816e+04 4010235 1 0.0000e+00
+3.54431e+04 -4.24816e+04 4010236 1 0.0000e+00
+3.65859e+04 -4.24816e+04 4010237 1 0.0000e+00
+3.77286e+04 -4.24816e+04 4010238 1 0.0000e+00
+3.88714e+04 -4.24816e+04 4010239 1 0.0000e+00
+4.00141e+04 -4.24816e+04 4010240 1 0.0000e+00
+4.11569e+04 -4.24816e+04 4010241 1 0.0000e+00
+4.22996e+04 -4.24816e+04 4010242 1 0.0000e+00
+4.34424e+04 -4.24816e+04 4010243 1 0.0000e+00
+4.45851e+04 -4.24816e+04 4010244 1 0.0000e+00
+4.57279e+04 -4.24816e+04 4010245 1 0.0000e+00
+1.78555e+01 -4.12316e+04 4010246 1 0.0000e+00
+1.16061e+03 -4.12316e+04 4010247 1 0.0000e+00
+2.30336e+03 -4.12316e+04 4010248 1 0.0000e+00
+3.44611e+03 -4.12316e+04 4010249 1 0.0000e+00
+4.58886e+03 -4.12316e+04 4010250 1 0.0000e+00
+5.73161e+03 -4.12316e+04 4010251 1 0.0000e+00
+6.87436e+03 -4.12316e+04 4010252 1 0.0000e+00
+8.01711e+03 -4.12316e+04 4010253 1 0.0000e+00
+9.15986e+03 -4.12316e+04 4010254 1 0.0000e+00
+1.03026e+04 -4.12316e+04 4010255 1 0.0000e+00
+1.14454e+04 -4.12316e+04 4010256 1 0.0000e+00
+1.25881e+04 -4.12316e+04 4010257 1 0.0000e+00
+1.37309e+04 -4.12316e+04 4010258 1 0.0000e+00
+1.48736e+04 -4.12316e+04 4010259 1 0.0000e+00
+1.60164e+04 -4.12316e+04 4010260 1 0.0000e+00
+1.71591e+04 -4.12316e+04 4010261 1 0.0000e+00
+1.83019e+04 -4.12316e+04 4010262 1 0.0000e+00
+1.94446e+04 -4.12316e+04 4010263 1 0.0000e+00
+2.05874e+04 -4.12316e+04 4010264 1 0.0000e+00
+2.17301e+04 -4.12316e+04 4010265 1 0.0000e+00
+2.28729e+04 -4.12316e+04 4010266 1 0.0000e+00
+2.40156e+04 -4.12316e+04 4010267 1 0.0000e+00
+2.51584e+04 -4.12316e+04 4010268 1 0.0000e+00
+2.63011e+04 -4.12316e+04 4010269 1 0.0000e+00
+2.74439e+04 -4.12316e+04 4010270 1 0.0000e+00
+2.85866e+04 -4.12316e+04 4010271 1 0.0000e+00
+2.97294e+04 -4.12316e+04 4010272 1 0.0000e+00
+3.08721e+04 -4.12316e+04 4010273 1 0.0000e+00
+3.20149e+04 -4.12316e+04 4010274 1 0.0000e+00
+3.31576e+04 -4.12316e+04 4010275 1 0.0000e+00
+3.43004e+04 -4.12316e+04 4010276 1 0.0000e+00
+3.54431e+04 -4.12316e+04 4010277 1 0.0000e+00
+3.65859e+04 -4.12316e+04 4010278 1 0.0000e+00
+3.77286e+04 -4.12316e+04 4010279 1 0.0000e+00
+3.88714e+04 -4.12316e+04 4010280 1 0.0000e+00
+4.00141e+04 -4.12316e+04 4010281 1 0.0000e+00
+4.11569e+04 -4.12316e+04 4010282 1 0.0000e+00
+4.22996e+04 -4.12316e+04 4010283 1 0.0000e+00
+4.34424e+04 -4.12316e+04 4010284 1 0.0000e+00
+4.45851e+04 -4.12316e+04 4010285 1 0.0000e+00
+4.57279e+04 -4.12316e+04 4010286 1 0.0000e+00
+1.78555e+01 -3.99816e+04 4010287 1 0.0000e+00
+1.16061e+03 -3.99816e+04 4010288 1 0.0000e+00
+2.30336e+03 -3.99816e+04 4010289 1 0.0000e+00
+3.44611e+03 -3.99816e+04 4010290 1 0.0000e+00
+4.58886e+03 -3.99816e+04 4010291 1 0.0000e+00
+5.73161e+03 -3.99816e+04 4010292 1 0.0000e+00
+6.87436e+03 -3.99816e+04 4010293 1 0.0000e+00
+8.01711e+03 -3.99816e+04 4010294 1 0.0000e+00
+9.15986e+03 -3.99816e+04 4010295 1 0.0000e+00
+1.03026e+04 -3.99816e+04 4010296 1 0.0000e+00
+1.14454e+04 -3.99816e+04 4010297 1 0.0000e+00
+1.25881e+04 -3.99816e+04 4010298 1 0.0000e+00
+1.37309e+04 -3.99816e+04 4010299 1 0.0000e+00
+1.48736e+04 -3.99816e+04 4010300 1 0.0000e+00
+1.60164e+04 -3.99816e+04 4010301 1 0.0000e+00
+1.71591e+04 -3.99816e+04 4010302 1 0.0000e+00
+1.83019e+04 -3.99816e+04 4010303 1 0.0000e+00
+1.94446e+04 -3.99816e+04 4010304 1 0.0000e+00
+2.05874e+04 -3.99816e+04 4010305 1 0.0000e+00
+2.17301e+04 -3.99816e+04 4010306 1 0.0000e+00
+2.28729e+04 -3.99816e+04 4010307 1 0.0000e+00
+2.40156e+04 -3.99816e+04 4010308 1 0.0000e+00
+2.51584e+04 -3.99816e+04 4010309 1 0.0000e+00
+2.63011e+04 -3.99816e+04 4010310 1 0.0000e+00
+2.74439e+04 -3.99816e+04 4010311 1 0.0000e+00
+2.85866e+04 -3.99816e+04 4010312 1 0.0000e+00
+2.97294e+04 -3.99816e+04 4010313 1 0.0000e+00
+3.08721e+04 -3.99816e+04 4010314 1 0.0000e+00
+3.20149e+04 -3.99816e+04 4010315 1 0.0000e+00
+3.31576e+04 -3.99816e+04 4010316 1 0.0000e+00
+3.43004e+04 -3.99816e+04 4010317 1 0.0000e+00
+3.54431e+04 -3.99816e+04 4010318 1 0.0000e+00
+3.65859e+04 -3.99816e+04 4010319 1 0.0000e+00
+3.77286e+04 -3.99816e+04 4010320 1 0.0000e+00
+3.88714e+04 -3.99816e+04 4010321 1 0.0000e+00
+4.00141e+04 -3.99816e+04 4010322 1 0.0000e+00
+4.11569e+04 -3.99816e+04 4010323 1 0.0000e+00
+4.22996e+04 -3.99816e+04 4010324 1 0.0000e+00
+4.34424e+04 -3.99816e+04 4010325 1 0.0000e+00
+4.45851e+04 -3.99816e+04 4010326 1 0.0000e+00
+4.57279e+04 -3.99816e+04 4010327 1 0.0000e+00
+1.78555e+01 -3.87316e+04 4010328 1 0.0000e+00
+1.16061e+03 -3.87316e+04 4010329 1 0.0000e+00
+2.30336e+03 -3.87316e+04 4010330 1 0.0000e+00
+3.44611e+03 -3.87316e+04 4010331 1 0.0000e+00
+4.58886e+03 -3.87316e+04 4010332 1 0.0000e+00
+5.73161e+03 -3.87316e+04 4010333 1 0.0000e+00
+6.87436e+03 -3.87316e+04 4010334 1 0.0000e+00
+8.01711e+03 -3.87316e+04 4010335 1 0.0000e+00
+9.15986e+03 -3.87316e+04 4010336 1 0.0000e+00
+1.03026e+04 -3.87316e+04 4010337 1 0.0000e+00
+1.14454e+04 -3.87316e+04 4010338 1 0.0000e+00
+1.25881e+04 -3.87316e+04 4010339 1 0.0000e+00
+1.37309e+04 -3.87316e+04 4010340 1 0.0000e+00
+1.48736e+04 -3.87316e+04 4010341 1 0.0000e+00
+1.60164e+04 -3.87316e+04 4010342 1 0.0000e+00
+1.71591e+04 -3.87316e+04 4010343 1 0.0000e+00
+1.83019e+04 -3.87316e+04 4010344 1 0.0000e+00
+1.94446e+04 -3.87316e+04 4010345 1 0.0000e+00
+2.05874e+04 -3.87316e+04 4010346 1 0.0000e+00
+2.17301e+04 -3.87316e+04 4010347 1 0.0000e+00
+2.28729e+04 -3.87316e+04 4010348 1 0.0000e+00
+2.40156e+04 -3.87316e+04 4010349 1 0.0000e+00
+2.51584e+04 -3.87316e+04 4010350 1 0.0000e+00
+2.63011e+04 -3.87316e+04 4010351 1 0.0000e+00
+2.74439e+04 -3.87316e+04 4010352 1 0.0000e+00
+2.85866e+04 -3.87316e+04 4010353 1 0.0000e+00
+2.97294e+04 -3.87316e+04 4010354 1 0.0000e+00
+3.08721e+04 -3.87316e+04 4010355 1 0.0000e+00
+3.20149e+04 -3.87316e+04 4010356 1 0.0000e+00
+3.31576e+04 -3.87316e+04 4010357 1 0.0000e+00
+3.43004e+04 -3.87316e+04 4010358 1 0.0000e+00
+3.54431e+04 -3.87316e+04 4010359 1 0.0000e+00
+3.65859e+04 -3.87316e+04 4010360 1 0.0000e+00
+3.77286e+04 -3.87316e+04 4010361 1 0.0000e+00
+3.88714e+04 -3.87316e+04 4010362 1 0.0000e+00
+4.00141e+04 -3.87316e+04 4010363 1 0.0000e+00
+4.11569e+04 -3.87316e+04 4010364 1 0.0000e+00
+4.22996e+04 -3.87316e+04 4010365 1 0.0000e+00
+4.34424e+04 -3.87316e+04 4010366 1 0.0000e+00
+4.45851e+04 -3.87316e+04 4010367 1 0.0000e+00
+4.57279e+04 -3.87316e+04 4010368 1 0.0000e+00
+1.78555e+01 -3.74816e+04 4010369 1 0.0000e+00
+1.16061e+03 -3.74816e+04 4010370 1 0.0000e+00
+2.30336e+03 -3.74816e+04 4010371 1 0.0000e+00
+3.44611e+03 -3.74816e+04 4010372 1 0.0000e+00
+4.58886e+03 -3.74816e+04 4010373 1 0.0000e+00
+5.73161e+03 -3.74816e+04 4010374 1 0.0000e+00
+6.87436e+03 -3.74816e+04 4010375 1 0.0000e+00
+8.01711e+03 -3.74816e+04 4010376 1 0.0000e+00
+9.15986e+03 -3.74816e+04 4010377 1 0.0000e+00
+1.03026e+04 -3.74816e+04 4010378 1 0.0000e+00
+1.14454e+04 -3.74816e+04 4010379 1 0.0000e+00
+1.25881e+04 -3.74816e+04 4010380 1 0.0000e+00
+1.37309e+04 -3.74816e+04 4010381 1 0.0000e+00
+1.48736e+04 -3.74816e+04 4010382 1 0.0000e+00
+1.60164e+04 -3.74816e+04 4010383 1 0.0000e+00
+1.71591e+04 -3.74816e+04 4010384 1 0.0000e+00
+1.83019e+04 -3.74816e+04 4010385 1 0.0000e+00
+1.94446e+04 -3.74816e+04 4010386 1 0.0000e+00
+2.05874e+04 -3.74816e+04 4010387 1 0.0000e+00
+2.17301e+04 -3.74816e+04 4010388 1 0.0000e+00
+2.28729e+04 -3.74816e+04 4010389 1 0.0000e+00
+2.40156e+04 -3.74816e+04 4010390 1 0.0000e+00
+2.51584e+04 -3.74816e+04 4010391 1 0.0000e+00
+2.63011e+04 -3.74816e+04 4010392 1 0.0000e+00
+2.74439e+04 -3.74816e+04 4010393 1 0.0000e+00
+2.85866e+04 -3.74816e+04 4010394 1 0.0000e+00
+2.97294e+04 -3.74816e+04 4010395 1 0.0000e+00
+3.08721e+04 -3.74816e+04 4010396 1 0.0000e+00
+3.20149e+04 -3.74816e+04 4010397 1 0.0000e+00
+3.31576e+04 -3.74816e+04 4010398 1 0.0000e+00
+3.43004e+04 -3.74816e+04 4010399 1 0.0000e+00
+3.54431e+04 -3.74816e+04 4010400 1 0.0000e+00
+3.65859e+04 -3.74816e+04 4010401 1 0.0000e+00
+3.77286e+04 -3.74816e+04 4010402 1 0.0000e+00
+3.88714e+04 -3.74816e+04 4010403 1 0.0000e+00
+4.00141e+04 -3.74816e+04 4010404 1 0.0000e+00
+4.11569e+04 -3.74816e+04 4010405 1 0.0000e+00
+4.22996e+04 -3.74816e+04 4010406 1 0.0000e+00
+4.34424e+04 -3.74816e+04 4010407 1 0.0000e+00
+4.45851e+04 -3.74816e+04 4010408 1 0.0000e+00
+4.57279e+04 -3.74816e+04 4010409 1 0.0000e+00
+1.78555e+01 -3.62316e+04 4010410 1 0.0000e+00
+1.16061e+03 -3.62316e+04 4010411 1 0.0000e+00
+2.30336e+03 -3.62316e+04 4010412 1 0.0000e+00
+3.44611e+03 -3.62316e+04 4010413 1 0.0000e+00
+4.58886e+03 -3.62316e+04 4010414 1 0.0000e+00
+5.73161e+03 -3.62316e+04 4010415 1 0.0000e+00
+6.87436e+03 -3.62316e+04 4010416 1 0.0000e+00
+8.01711e+03 -3.62316e+04 4010417 1 0.0000e+00
+9.15986e+03 -3.62316e+04 4010418 1 0.0000e+00
+1.03026e+04 -3.62316e+04 4010419 1 0.0000e+00
+1.14454e+04 -3.62316e+04 4010420 1 0.0000e+00
+1.25881e+04 -3.62316e+04 4010421 1 0.0000e+00
+1.37309e+04 -3.62316e+04 4010422 1 0.0000e+00
+1.48736e+04 -3.62316e+04 4010423 1 0.0000e+00
+1.60164e+04 -3.62316e+04 4010424 1 0.0000e+00
+1.71591e+04 -3.62316e+04 4010425 1 0.0000e+00
+1.83019e+04 -3.62316e+04 4010426 1 0.0000e+00
+1.94446e+04 -3.62316e+04 4010427 1 0.0000e+00
+2.05874e+04 -3.62316e+04 4010428 1 0.0000e+00
+2.17301e+04 -3.62316e+04 4010429 1 0.0000e+00
+2.28729e+04 -3.62316e+04 4010430 1 0.0000e+00
+2.40156e+04 -3.62316e+04 4010431 1 0.0000e+00
+2.51584e+04 -3.62316e+04 4010432 1 0.0000e+00
+2.63011e+04 -3.62316e+04 4010433 1 0.0000e+00
+2.74439e+04 -3.62316e+04 4010434 1 0.0000e+00
+2.85866e+04 -3.62316e+04 4010435 1 0.0000e+00
+2.97294e+04 -3.62316e+04 4010436 1 0.0000e+00
+3.08721e+04 -3.62316e+04 4010437 1 0.0000e+00
+3.20149e+04 -3.62316e+04 4010438 1 0.0000e+00
+3.31576e+04 -3.62316e+04 4010439 1 0.0000e+00
+3.43004e+04 -3.62316e+04 4010440 1 0.0000e+00
+3.54431e+04 -3.62316e+04 4010441 1 0.0000e+00
+3.65859e+04 -3.62316e+04 4010442 1 0.0000e+00
+3.77286e+04 -3.62316e+04 4010443 1 0.0000e+00
+3.88714e+04 -3.62316e+04 4010444 1 0.0000e+00
+4.00141e+04 -3.62316e+04 4010445 1 0.0000e+00
+4.11569e+04 -3.62316e+04 4010446 1 0.0000e+00
+4.22996e+04 -3.62316e+04 4010447 1 0.0000e+00
+4.34424e+04 -3.62316e+04 4010448 1 0.0000e+00
+4.45851e+04 -3.62316e+04 4010449 1 0.0000e+00
+4.57279e+04 -3.62316e+04 4010450 1 0.0000e+00
+1.78555e+01 -3.49816e+04 4010451 1 0.0000e+00
+1.16061e+03 -3.49816e+04 4010452 1 0.0000e+00
+2.30336e+03 -3.49816e+04 4010453 1 0.0000e+00
+3.44611e+03 -3.49816e+04 4010454 1 0.0000e+00
+4.58886e+03 -3.49816e+04 4010455 1 0.0000e+00
+5.73161e+03 -3.49816e+04 4010456 1 0.0000e+00
+6.87436e+03 -3.49816e+04 4010457 1 0.0000e+00
+8.01711e+03 -3.49816e+04 4010458 1 0.0000e+00
+9.15986e+03 -3.49816e+04 4010459 1 0.0000e+00
+1.03026e+04 -3.49816e+04 4010460 1 0.0000e+00
+1.14454e+04 -3.49816e+04 4010461 1 0.0000e+00
+1.25881e+04 -3.49816e+04 4010462 1 0.0000e+00
+1.37309e+04 -3.49816e+04 4010463 1 0.0000e+00
+1.48736e+04 -3.49816e+04 4010464 1 0.0000e+00
+1.60164e+04 -3.49816e+04 4010465 1 0.0000e+00
+1.71591e+04 -3.49816e+04 4010466 1 0.0000e+00
+1.83019e+04 -3.49816e+04 4010467 1 0.0000e+00
+1.94446e+04 -3.49816e+04 4010468 1 0.0000e+00
+2.05874e+04 -3.49816e+04 4010469 1 0.0000e+00
+2.17301e+04 -3.49816e+04 4010470 1 0.0000e+00
+2.28729e+04 -3.49816e+04 4010471 1 0.0000e+00
+2.40156e+04 -3.49816e+04 4010472 1 0.0000e+00
+2.51584e+04 -3.49816e+04 4010473 1 0.0000e+00
+2.63011e+04 -3.49816e+04 4010474 1 0.0000e+00
+2.74439e+04 -3.49816e+04 4010475 1 0.0000e+00
+2.85866e+04 -3.49816e+04 4010476 1 0.0000e+00
+2.97294e+04 -3.49816e+04 4010477 1 0.0000e+00
+3.08721e+04 -3.49816e+04 4010478 1 0.0000e+00
+3.20149e+04 -3.49816e+04 4010479 1 0.0000e+00
+3.31576e+04 -3.49816e+04 4010480 1 0.0000e+00
+3.43004e+04 -3.49816e+04 4010481 1 0.0000e+00
+3.54431e+04 -3.49816e+04 4010482 1 0.0000e+00
+3.65859e+04 -3.49816e+04 4010483 1 0.0000e+00
+3.77286e+04 -3.49816e+04 4010484 1 0.0000e+00
+3.88714e+04 -3.49816e+04 4010485 1 0.0000e+00
+4.00141e+04 -3.49816e+04 4010486 1 0.0000e+00
+4.11569e+04 -3.49816e+04 4010487 1 0.0000e+00
+4.22996e+04 -3.49816e+04 4010488 1 0.0000e+00
+4.34424e+04 -3.49816e+04 4010489 1 0.0000e+00
+4.45851e+04 -3.49816e+04 4010490 1 0.0000e+00
+4.57279e+04 -3.49816e+04 4010491 1 0.0000e+00
+1.78555e+01 -3.37316e+04 4010492 1 0.0000e+00
+1.16061e+03 -3.37316e+04 4010493 1 0.0000e+00
+2.30336e+03 -3.37316e+04 4010494 1 0.0000e+00
+3.44611e+03 -3.37316e+04 4010495 1 0.0000e+00
+4.58886e+03 -3.37316e+04 4010496 1 0.0000e+00
+5.73161e+03 -3.37316e+04 4010497 1 0.0000e+00
+6.87436e+03 -3.37316e+04 4010498 1 0.0000e+00
+8.01711e+03 -3.37316e+04 4010499 1 0.0000e+00
+9.15986e+03 -3.37316e+04 4010500 1 0.0000e+00
+1.03026e+04 -3.37316e+04 4010501 1 0.0000e+00
+1.14454e+04 -3.37316e+04 4010502 1 0.0000e+00
+1.25881e+04 -3.37316e+04 4010503 1 0.0000e+00
+1.37309e+04 -3.37316e+04 4010504 1 0.0000e+00
+1.48736e+04 -3.37316e+04 4010505 1 0.0000e+00
+1.60164e+04 -3.37316e+04 4010506 1 0.0000e+00
+1.71591e+04 -3.37316e+04 4010507 1 0.0000e+00
+1.83019e+04 -3.37316e+04 4010508 1 0.0000e+00
+1.94446e+04 -3.37316e+04 4010509 1 0.0000e+00
+2.05874e+04 -3.37316e+04 4010510 1 0.0000e+00
+2.17301e+04 -3.37316e+04 4010511 1 0.0000e+00
+2.28729e+04 -3.37316e+04 4010512 1 0.0000e+00
+2.40156e+04 -3.37316e+04 4010513 1 0.0000e+00
+2.51584e+04 -3.37316e+04 4010514 1 0.0000e+00
+2.63011e+04 -3.37316e+04 4010515 1 0.0000e+00
+2.74439e+04 -3.37316e+04 4010516 1 0.0000e+00
+2.85866e+04 -3.37316e+04 4010517 1 0.0000e+00
+2.97294e+04 -3.37316e+04 4010518 1 0.0000e+00
+3.08721e+04 -3.37316e+04 4010519 1 0.0000e+00
+3.20149e+04 -3.37316e+04 4010520 1 0.0000e+00
+3.31576e+04 -3.37316e+04 4010521 1 0.0000e+00
+3.43004e+04 -3.37316e+04 4010522 1 0.0000e+00
+3.54431e+04 -3.37316e+04 4010523 1 0.0000e+00
+3.65859e+04 -3.37316e+04 4010524 1 0.0000e+00
+3.77286e+04 -3.37316e+04 4010525 1 0.0000e+00
+3.88714e+04 -3.37316e+04 4010526 1 0.0000e+00
+4.00141e+04 -3.37316e+04 4010527 1 0.0000e+00
+4.11569e+04 -3.37316e+04 4010528 1 0.0000e+00
+4.22996e+04 -3.37316e+04 4010529 1 0.0000e+00
+4.34424e+04 -3.37316e+04 4010530 1 0.0000e+00
+4.45851e+04 -3.37316e+04 4010531 1 0.0000e+00
+4.57279e+04 -3.37316e+04 4010532 1 0.0000e+00
+1.78555e+01 -3.24816e+04 4010533 1 0.0000e+00
+1.16061e+03 -3.24816e+04 4010534 1 0.0000e+00
+2.30336e+03 -3.24816e+04 4010535 1 0.0000e+00
+3.44611e+03 -3.24816e+04 4010536 1 0.0000e+00
+4.58886e+03 -3.24816e+04 4010537 1 0.0000e+00
+5.73161e+03 -3.24816e+04 4010538 1 0.0000e+00
+6.87436e+03 -3.24816e+04 4010539 1 0.0000e+00
+8.01711e+03 -3.24816e+04 4010540 1 0.0000e+00
+9.15986e+03 -3.24816e+04 4010541 1 0.0000e+00
+1.03026e+04 -3.24816e+04 4010542 1 0.0000e+00
+1.14454e+04 -3.24816e+04 4010543 1 0.0000e+00
+1.25881e+04 -3.24816e+04 4010544 1 0.0000e+00
+1.37309e+04 -3.24816e+04 4010545 1 0.0000e+00
+1.48736e+04 -3.24816e+04 4010546 1 0.0000e+00
+1.60164e+04 -3.24816e+04 4010547 1 0.0000e+00
+1.71591e+04 -3.24816e+04 4010548 1 0.0000e+00
+1.83019e+04 -3.24816e+04 4010549 1 0.0000e+00
+1.94446e+04 -3.24816e+04 4010550 1 0.0000e+00
+2.05874e+04 -3.24816e+04 4010551 1 0.0000e+00
+2.17301e+04 -3.24816e+04 4010552 1 0.0000e+00
+2.28729e+04 -3.24816e+04 4010553 1 0.0000e+00
+2.40156e+04 -3.24816e+04 4010554 1 0.0000e+00
+2.51584e+04 -3.24816e+04 4010555 1 0.0000e+00
+2.63011e+04 -3.24816e+04 4010556 1 0.0000e+00
+2.74439e+04 -3.24816e+04 4010557 1 0.0000e+00
+2.85866e+04 -3.24816e+04 4010558 1 0.0000e+00
+2.97294e+04 -3.24816e+04 4010559 1 0.0000e+00
+3.08721e+04 -3.24816e+04 4010560 1 0.0000e+00
+3.20149e+04 -3.24816e+04 4010561 1 0.0000e+00
+3.31576e+04 -3.24816e+04 4010562 1 0.0000e+00
+3.43004e+04 -3.24816e+04 4010563 1 0.0000e+00
+3.54431e+04 -3.24816e+04 4010564 1 0.0000e+00
+3.65859e+04 -3.24816e+04 4010565 1 0.0000e+00
+3.77286e+04 -3.24816e+04 4010566 1 0.0000e+00
+3.88714e+04 -3.24816e+04 4010567 1 0.0000e+00
+4.00141e+04 -3.24816e+04 4010568 1 0.0000e+00
+4.11569e+04 -3.24816e+04 4010569 1 0.0000e+00
+4.22996e+04 -3.24816e+04 4010570 1 0.0000e+00
+4.34424e+04 -3.24816e+04 4010571 1 0.0000e+00
+4.45851e+04 -3.24816e+04 4010572 1 0.0000e+00
+4.57279e+04 -3.24816e+04 4010573 1 0.0000e+00
+1.78555e+01 -3.12316e+04 4010574 1 0.0000e+00
+1.16061e+03 -3.12316e+04 4010575 1 0.0000e+00
+2.30336e+03 -3.12316e+04 4010576 1 0.0000e+00
+3.44611e+03 -3.12316e+04 4010577 1 0.0000e+00
+4.58886e+03 -3.12316e+04 4010578 1 0.0000e+00
+5.73161e+03 -3.12316e+04 4010579 1 0.0000e+00
+6.87436e+03 -3.12316e+04 4010580 1 0.0000e+00
+8.01711e+03 -3.12316e+04 4010581 1 0.0000e+00
+9.15986e+03 -3.12316e+04 4010582 1 0.0000e+00
+1.03026e+04 -3.12316e+04 4010583 1 0.0000e+00
+1.14454e+04 -3.12316e+04 4010584 1 0.0000e+00
+1.25881e+04 -3.12316e+04 4010585 1 0.0000e+00
+1.37309e+04 -3.12316e+04 4010586 1 0.0000e+00
+1.48736e+04 -3.12316e+04 4010587 1 0.0000e+00
+1.60164e+04 -3.12316e+04 4010588 1 0.0000e+00
+1.71591e+04 -3.12316e+04 4010589 1 0.0000e+00
+1.83019e+04 -3.12316e+04 4010590 1 0.0000e+00
+1.94446e+04 -3.12316e+04 4010591 1 0.0000e+00
+2.05874e+04 -3.12316e+04 4010592 1 0.0000e+00
+2.17301e+04 -3.12316e+04 4010593 1 0.0000e+00
+2.28729e+04 -3.12316e+04 4010594 1 0.0000e+00
+2.40156e+04 -3.12316e+04 4010595 1 0.0000e+00
+2.51584e+04 -3.12316e+04 4010596 1 0.0000e+00
+2.63011e+04 -3.12316e+04 4010597 1 0.0000e+00
+2.74439e+04 -3.12316e+04 4010598 1 0.0000e+00
+2.85866e+04 -3.12316e+04 4010599 1 0.0000e+00
+2.97294e+04 -3.12316e+04 4010600 1 0.0000e+00
+3.08721e+04 -3.12316e+04 4010601 1 0.0000e+00
+3.20149e+04 -3.12316e+04 4010602 1 0.0000e+00
+3.31576e+04 -3.12316e+04 4010603 1 0.0000e+00
+3.43004e+04 -3.12316e+04 4010604 1 0.0000e+00
+3.54431e+04 -3.12316e+04 4010605 1 0.0000e+00
+3.65859e+04 -3.12316e+04 4010606 1 0.0000e+00
+3.77286e+04 -3.12316e+04 4010607 1 0.0000e+00
+3.88714e+04 -3.12316e+04 4010608 1 0.0000e+00
+4.00141e+04 -3.12316e+04 4010609 1 0.0000e+00
+4.11569e+04 -3.12316e+04 4010610 1 0.0000e+00
+4.22996e+04 -3.12316e+04 4010611 1 0.0000e+00
+4.34424e+04 -3.12316e+04 4010612 1 0.0000e+00
+4.45851e+04 -3.12316e+04 4010613 1 0.0000e+00
+4.57279e+04 -3.12316e+04 4010614 1 0.0000e+00
+1.78555e+01 -2.99816e+04 4010615 1 0.0000e+00
+1.16061e+03 -2.99816e+04 4010616 1 0.0000e+00
+2.30336e+03 -2.99816e+04 4010617 1 0.0000e+00
+3.44611e+03 -2.99816e+04 4010618 1 0.0000e+00
+4.58886e+03 -2.99816e+04 4010619 1 0.0000e+00
+5.73161e+03 -2.99816e+04 4010620 1 0.0000e+00
+6.87436e+03 -2.99816e+04 4010621 1 0.0000e+00
+8.01711e+03 -2.99816e+04 4010622 1 0.0000e+00
+9.15986e+03 -2.99816e+04 4010623 1 0.0000e+00
+1.03026e+04 -2.99816e+04 4010624 1 0.0000e+00
+1.14454e+04 -2.99816e+04 4010625 1 0.0000e+00
+1.25881e+04 -2.99816e+04 4010626 1 0.0000e+00
+1.37309e+04 -2.99816e+04 4010627 1 0.0000e+00
+1.48736e+04 -2.99816e+04 4010628 1 0.0000e+00
+1.60164e+04 -2.99816e+04 4010629 1 0.0000e+00
+1.71591e+04 -2.99816e+04 4010630 1 0.0000e+00
+1.83019e+04 -2.99816e+04 4010631 1 0.0000e+00
+1.94446e+04 -2.99816e+04 4010632 1 0.0000e+00
+2.05874e+04 -2.99816e+04 4010633 1 0.0000e+00
+2.17301e+04 -2.99816e+04 4010634 1 0.0000e+00
+2.28729e+04 -2.99816e+04 4010635 1 0.0000e+00
+2.40156e+04 -2.99816e+04 4010636 1 0.0000e+00
+2.51584e+04 -2.99816e+04 4010637 1 0.0000e+00
+2.63011e+04 -2.99816e+04 4010638 1 0.0000e+00
+2.74439e+04 -2.99816e+04 4010639 1 0.0000e+00
+2.85866e+04 -2.99816e+04 4010640 1 0.0000e+00
+2.97294e+04 -2.99816e+04 4010641 1 0.0000e+00
+3.08721e+04 -2.99816e+04 4010642 1 0.0000e+00
+3.20149e+04 -2.99816e+04 4010643 1 0.0000e+00
+3.31576e+04 -2.99816e+04 4010644 1 0.0000e+00
+3.43004e+04 -2.99816e+04 4010645 1 0.0000e+00
+3.54431e+04 -2.99816e+04 4010646 1 0.0000e+00
+3.65859e+04 -2.99816e+04 4010647 1 0.0000e+00
+3.77286e+04 -2.99816e+04 4010648 1 0.0000e+00
+3.88714e+04 -2.99816e+04 4010649 1 0.0000e+00
+4.00141e+04 -2.99816e+04 4010650 1 0.0000e+00
+4.11569e+04 -2.99816e+04 4010651 1 0.0000e+00
+4.22996e+04 -2.99816e+04 4010652 1 0.0000e+00
+4.34424e+04 -2.99816e+04 4010653 1 0.0000e+00
+4.45851e+04 -2.99816e+04 4010654 1 0.0000e+00
+4.57279e+04 -2.99816e+04 4010655 1 0.0000e+00
+1.78555e+01 -2.87316e+04 4010656 1 0.0000e+00
+1.16061e+03 -2.87316e+04 4010657 1 0.0000e+00
+2.30336e+03 -2.87316e+04 4010658 1 0.0000e+00
+3.44611e+03 -2.87316e+04 4010659 1 0.0000e+00
+4.58886e+03 -2.87316e+04 4010660 1 0.0000e+00
+5.73161e+03 -2.87316e+04 4010661 1 0.0000e+00
+6.87436e+03 -2.87316e+04 4010662 1 0.0000e+00
+8.01711e+03 -2.87316e+04 4010663 1 0.0000e+00
+9.15986e+03 -2.87316e+04 4010664 1 0.0000e+00
+1.03026e+04 -2.87316e+04 4010665 1 0.0000e+00
+1.14454e+04 -2.87316e+04 4010666 1 0.0000e+00
+1.25881e+04 -2.87316e+04 4010667 1 0.0000e+00
+1.37309e+04 -2.87316e+04 4010668 1 0.0000e+00
+1.48736e+04 -2.87316e+04 4010669 1 0.0000e+00
+1.60164e+04 -2.87316e+04 4010670 1 0.0000e+00
+1.71591e+04 -2.87316e+04 4010671 1 0.0000e+00
+1.83019e+04 -2.87316e+04 4010672 1 0.0000e+00
+1.94446e+04 -2.87316e+04 4010673 1 0.0000e+00
+2.05874e+04 -2.87316e+04 4010674 1 0.0000e+00
+2.17301e+04 -2.87316e+04 4010675 1 0.0000e+00
+2.28729e+04 -2.87316e+04 4010676 1 0.0000e+00
+2.40156e+04 -2.87316e+04 4010677 1 0.0000e+00
+2.51584e+04 -2.87316e+04 4010678 1 0.0000e+00
+2.63011e+04 -2.87316e+04 4010679 1 0.0000e+00
+2.74439e+04 -2.87316e+04 4010680 1 0.0000e+00
+2.85866e+04 -2.87316e+04 4010681 1 0.0000e+00
+2.97294e+04 -2.87316e+04 4010682 1 0.0000e+00
+3.08721e+04 -2.87316e+04 4010683 1 0.0000e+00
+3.20149e+04 -2.87316e+04 4010684 1 0.0000e+00
+3.31576e+04 -2.87316e+04 4010685 1 0.0000e+00
+3.43004e+04 -2.87316e+04 4010686 1 0.0000e+00
+3.54431e+04 -2.87316e+04 4010687 1 0.0000e+00
+3.65859e+04 -2.87316e+04 4010688 1 0.0000e+00
+3.77286e+04 -2.87316e+04 4010689 1 0.0000e+00
+3.88714e+04 -2.87316e+04 4010690 1 0.0000e+00
+4.00141e+04 -2.87316e+04 4010691 1 0.0000e+00
+4.11569e+04 -2.87316e+04 4010692 1 0.0000e+00
+4.22996e+04 -2.87316e+04 4010693 1 0.0000e+00
+4.34424e+04 -2.87316e+04 4010694 1 0.0000e+00
+4.45851e+04 -2.87316e+04 4010695 1 0.0000e+00
+4.57279e+04 -2.87316e+04 4010696 1 0.0000e+00
+1.78555e+01 -2.74816e+04 4010697 1 0.0000e+00
+1.16061e+03 -2.74816e+04 4010698 1 0.0000e+00
+2.30336e+03 -2.74816e+04 4010699 1 0.0000e+00
+3.44611e+03 -2.74816e+04 4010700 1 0.0000e+00
+4.58886e+03 -2.74816e+04 4010701 1 0.0000e+00
+5.73161e+03 -2.74816e+04 4010702 1 0.0000e+00
+6.87436e+03 -2.74816e+04 4010703 1 0.0000e+00
+8.01711e+03 -2.74816e+04 4010704 1 0.0000e+00
+9.15986e+03 -2.74816e+04 4010705 1 0.0000e+00
+1.03026e+04 -2.74816e+04 4010706 1 0.0000e+00
+1.14454e+04 -2.74816e+04 4010707 1 0.0000e+00
+1.25881e+04 -2.74816e+04 4010708 1 0.0000e+00
+1.37309e+04 -2.74816e+04 4010709 1 0.0000e+00
+1.48736e+04 -2.74816e+04 4010710 1 0.0000e+00
+1.60164e+04 -2.74816e+04 4010711 1 0.0000e+00
+1.71591e+04 -2.74816e+04 4010712 1 0.0000e+00
+1.83019e+04 -2.74816e+04 4010713 1 0.0000e+00
+1.94446e+04 -2.74816e+04 4010714 1 0.0000e+00
+2.05874e+04 -2.74816e+04 4010715 1 0.0000e+00
+2.17301e+04 -2.74816e+04 4010716 1 0.0000e+00
+2.28729e+04 -2.74816e+04 4010717 1 0.0000e+00
+2.40156e+04 -2.74816e+04 4010718 1 0.0000e+00
+2.51584e+04 -2.74816e+04 4010719 1 0.0000e+00
+2.63011e+04 -2.74816e+04 4010720 1 0.0000e+00
+2.74439e+04 -2.74816e+04 4010721 1 0.0000e+00
+2.85866e+04 -2.74816e+04 4010722 1 0.0000e+00
+2.97294e+04 -2.74816e+04 4010723 1 0.0000e+00
+3.08721e+04 -2.74816e+04 4010724 1 0.0000e+00
+3.20149e+04 -2.74816e+04 4010725 1 0.0000e+00
+3.31576e+04 -2.74816e+04 4010726 1 0.0000e+00
+3.43004e+04 -2.74816e+04 4010727 1 0.0000e+00
+3.54431e+04 -2.74816e+04 4010728 1 0.0000e+00
+3.65859e+04 -2.74816e+04 4010729 1 0.0000e+00
+3.77286e+04 -2.74816e+04 4010730 1 0.0000e+00
+3.88714e+04 -2.74816e+04 4010731 1 0.0000e+00
+4.00141e+04 -2.74816e+04 4010732 1 0.0000e+00
+4.11569e+04 -2.74816e+04 4010733 1 0.0000e+00
+4.22996e+04 -2.74816e+04 4010734 1 0.0000e+00
+4.34424e+04 -2.74816e+04 4010735 1 0.0000e+00
+4.45851e+04 -2.74816e+04 4010736 1 0.0000e+00
+4.57279e+04 -2.74816e+04 4010737 1 0.0000e+00
+1.78555e+01 -2.62316e+04 4010738 1 0.0000e+00
+1.16061e+03 -2.62316e+04 4010739 1 0.0000e+00
+2.30336e+03 -2.62316e+04 4010740 1 0.0000e+00
+3.44611e+03 -2.62316e+04 4010741 1 0.0000e+00
+4.58886e+03 -2.62316e+04 4010742 1 0.0000e+00
+5.73161e+03 -2.62316e+04 4010743 1 0.0000e+00
+6.87436e+03 -2.62316e+04 4010744 1 0.0000e+00
+8.01711e+03 -2.62316e+04 4010745 1 0.0000e+00
+9.15986e+03 -2.62316e+04 4010746 1 0.0000e+00
+1.03026e+04 -2.62316e+04 4010747 1 0.0000e+00
+1.14454e+04 -2.62316e+04 4010748 1 0.0000e+00
+1.25881e+04 -2.62316e+04 4010749 1 0.0000e+00
+1.37309e+04 -2.62316e+04 4010750 1 0.0000e+00
+1.48736e+04 -2.62316e+04 4010751 1 0.0000e+00
+1.60164e+04 -2.62316e+04 4010752 1 0.0000e+00
+1.71591e+04 -2.62316e+04 4010753 1 0.0000e+00
+1.83019e+04 -2.62316e+04 4010754 1 0.0000e+00
+1.94446e+04 -2.62316e+04 4010755 1 0.0000e+00
+2.05874e+04 -2.62316e+04 4010756 1 0.0000e+00
+2.17301e+04 -2.62316e+04 4010757 1 0.0000e+00
+2.28729e+04 -2.62316e+04 4010758 1 0.0000e+00
+2.40156e+04 -2.62316e+04 4010759 1 0.0000e+00
+2.51584e+04 -2.62316e+04 4010760 1 0.0000e+00
+2.63011e+04 -2.62316e+04 4010761 1 0.0000e+00
+2.74439e+04 -2.62316e+04 4010762 1 0.0000e+00
+2.85866e+04 -2.62316e+04 4010763 1 0.0000e+00
+2.97294e+04 -2.62316e+04 4010764 1 0.0000e+00
+3.08721e+04 -2.62316e+04 4010765 1 0.0000e+00
+3.20149e+04 -2.62316e+04 4010766 1 0.0000e+00
+3.31576e+04 -2.62316e+04 4010767 1 0.0000e+00
+3.43004e+04 -2.62316e+04 4010768 1 0.0000e+00
+3.54431e+04 -2.62316e+04 4010769 1 0.0000e+00
+3.65859e+04 -2.62316e+04 4010770 1 0.0000e+00
+3.77286e+04 -2.62316e+04 4010771 1 0.0000e+00
+3.88714e+04 -2.62316e+04 4010772 1 0.0000e+00
+4.00141e+04 -2.62316e+04 4010773 1 0.0000e+00
+4.11569e+04 -2.62316e+04 4010774 1 0.0000e+00
+4.22996e+04 -2.62316e+04 4010775 1 0.0000e+00
+4.34424e+04 -2.62316e+04 4010776 1 0.0000e+00
+4.45851e+04 -2.62316e+04 4010777 1 0.0000e+00
+4.57279e+04 -2.62316e+04 4010778 1 0.0000e+00
+1.78555e+01 -2.49816e+04 4010779 1 0.0000e+00
+1.16061e+03 -2.49816e+04 4010780 1 0.0000e+00
+2.30336e+03 -2.49816e+04 4010781 1 0.0000e+00
+3.44611e+03 -2.49816e+04 4010782 1 0.0000e+00
+4.58886e+03 -2.49816e+04 4010783 1 0.0000e+00
+5.73161e+03 -2.49816e+04 4010784 1 0.0000e+00
+6.87436e+03 -2.49816e+04 4010785 1 0.0000e+00
+8.01711e+03 -2.49816e+04 4010786 1 0.0000e+00
+9.15986e+03 -2.49816e+04 4010787 1 0.0000e+00
+1.03026e+04 -2.49816e+04 4010788 1 0.0000e+00
+1.14454e+04 -2.49816e+04 4010789 1 0.0000e+00
+1.25881e+04 -2.49816e+04 4010790 1 0.0000e+00
+1.37309e+04 -2.49816e+04 4010791 1 0.0000e+00
+1.48736e+04 -2.49816e+04 4010792 1 0.0000e+00
+1.60164e+04 -2.49816e+04 4010793 1 0.0000e+00
+1.71591e+04 -2.49816e+04 4010794 1 0.0000e+00
+1.83019e+04 -2.49816e+04 4010795 1 0.0000e+00
+1.94446e+04 -2.49816e+04 4010796 1 0.0000e+00
+2.05874e+04 -2.49816e+04 4010797 1 0.0000e+00
+2.17301e+04 -2.49816e+04 4010798 1 0.0000e+00
+2.28729e+04 -2.49816e+04 4010799 1 0.0000e+00
+2.40156e+04 -2.49816e+04 4010800 1 0.0000e+00
+2.51584e+04 -2.49816e+04 4010801 1 0.0000e+00
+2.63011e+04 -2.49816e+04 4010802 1 0.0000e+00
+2.74439e+04 -2.49816e+04 4010803 1 0.0000e+00
+2.85866e+04 -2.49816e+04 4010804 1 0.0000e+00
+2.97294e+04 -2.49816e+04 4010805 1 0.0000e+00
+3.08721e+04 -2.49816e+04 4010806 1 0.0000e+00
+3.20149e+04 -2.49816e+04 4010807 1 0.0000e+00
+3.31576e+04 -2.49816e+04 4010808 1 0.0000e+00
+3.43004e+04 -2.49816e+04 4010809 1 0.0000e+00
+3.54431e+04 -2.49816e+04 4010810 1 0.0000e+00
+3.65859e+04 -2.49816e+04 4010811 1 0.0000e+00
+3.77286e+04 -2.49816e+04 4010812 1 0.0000e+00
+3.88714e+04 -2.49816e+04 4010813 1 0.0000e+00
+4.00141e+04 -2.49816e+04 4010814 1 0.0000e+00
+4.11569e+04 -2.49816e+04 4010815 1 0.0000e+00
+4.22996e+04 -2.49816e+04 4010816 1 0.0000e+00
+4.34424e+04 -2.49816e+04 4010817 1 0.0000e+00
+4.45851e+04 -2.49816e+04 4010818 1 0.0000e+00
+4.57279e+04 -2.49816e+04 4010819 1 0.0000e+00
