+4.87134e+04 -2.33968e+04 6010112 1 5.2711e-01
+4.77095e+04 -2.31458e+04 6010111 1 5.4003e-01
+4.96992e+04 -2.36340e+04 6010113 1 5.1494e-01
+4.94042e+04 -2.21147e+04 6010154 1 5.3003e-01
+4.84062e+04 -2.18973e+04 6010153 1 5.4259e-01
+4.70165e+04 -2.02014e+04 6010193 1 5.7469e-01
+5.13516e+04 -2.25124e+04 6010156 1 5.0668e-01
+5.50859e+04 -2.31668e+04 6010160 1 4.6590e-01
+4.73898e+04 -2.16673e+04 6010152 1 5.5580e-01
+5.03855e+04 -2.23197e+04 6010155 1 5.1807e-01
+5.57207e+04 -2.16902e+04 6010202 1 4.7105e-01
+5.59926e+04 -2.33028e+04 6010161 1 4.5705e-01
+5.41695e+04 -2.30201e+04 6010159 1 4.7529e-01
+5.68905e+04 -2.34285e+04 6010162 1 4.4875e-01
+4.90547e+04 -2.06084e+04 6010195 1 5.4828e-01
+5.77804e+04 -2.35443e+04 6010163 1 4.4111e-01
+5.53924e+04 -2.00923e+04 6010243 1 4.8902e-01
+5.66287e+04 -2.18047e+04 6010203 1 4.6193e-01
+5.63108e+04 -2.01957e+04 6010244 1 4.7902e-01
+5.75283e+04 -2.19102e+04 6010204 1 4.5341e-01
+5.72208e+04 -2.02909e+04 6010245 1 4.6963e-01
+5.59352e+04 -1.86029e+04 6010285 1 5.0000e-01
+5.68559e+04 -1.86880e+04 6010286 1 4.8989e-01
+5.55006e+04 -1.70278e+04 6010326 1 5.2443e-01
+5.50052e+04 -1.54717e+04 6010367 1 5.5316e-01
+5.54023e+04 -1.39923e+04 6010409 1 5.7375e-01
+5.64324e+04 -1.71029e+04 6010327 1 5.1348e-01
+5.59488e+04 -1.55371e+04 6010368 1 5.4133e-01
+5.41097e+04 -1.09712e+04 6010491 1 6.4872e-01
+5.47901e+04 -1.24699e+04 6010450 1 6.1092e-01
+5.33585e+04 -9.49746e+03 6010532 1 6.9092e-01
+5.25323e+04 -8.04999e+03 6010573 1 7.3792e-01
+5.16269e+04 -6.63006e+03 6010614 1 7.9029e-01
+5.23035e+04 -2.26932e+04 6010157 1 4.9566e-01
+5.32424e+04 -2.28623e+04 6010158 1 4.8525e-01
+4.80448e+04 -2.04106e+04 6010194 1 5.6121e-01
+5.10250e+04 -2.09704e+04 6010197 1 5.2402e-01
+5.29384e+04 -2.12890e+04 6010199 1 5.0166e-01
+5.38766e+04 -2.14327e+04 6010200 1 4.9095e-01
+5.19882e+04 -2.11350e+04 6010198 1 5.1263e-01
+5.25775e+04 -1.97301e+04 6010240 1 5.2143e-01
+5.48037e+04 -2.15663e+04 6010201 1 4.8075e-01
+5.21585e+04 -1.81868e+04 6010281 1 5.4474e-01
+5.44645e+04 -1.99804e+04 6010242 1 4.9953e-01
+5.35266e+04 -1.98598e+04 6010241 1 5.1030e-01
+5.31185e+04 -1.83027e+04 6010282 1 5.3300e-01
+5.40673e+04 -1.84106e+04 6010283 1 5.2160e-01
+5.26505e+04 -1.67626e+04 6010323 1 5.5973e-01
+5.36105e+04 -1.68578e+04 6010324 1 5.4761e-01
+5.45602e+04 -1.69462e+04 6010325 1 5.3580e-01
+5.21202e+04 -1.52406e+04 6010364 1 5.9062e-01
+5.30917e+04 -1.53236e+04 6010365 1 5.7783e-01
+5.50059e+04 -1.85105e+04 6010284 1 5.1059e-01
+5.40531e+04 -1.54006e+04 6010366 1 5.6534e-01
+5.34818e+04 -1.38753e+04 6010407 1 5.9957e-01
+5.13553e+04 -9.43286e+03 6010530 1 7.1969e-01
+5.18574e+04 -1.23159e+04 6010447 1 6.4954e-01
+5.44462e+04 -1.39362e+04 6010408 1 5.8652e-01
+5.25083e+04 -1.38093e+04 6010406 1 6.1287e-01
+5.28435e+04 -1.23715e+04 6010448 1 6.3664e-01
+5.21358e+04 -1.08903e+04 6010489 1 6.7592e-01
+4.95875e+04 -5.22726e+03 6010654 1 8.6653e-01
+5.38208e+04 -1.24228e+04 6010449 1 6.2376e-01
+5.31266e+04 -1.09325e+04 6010490 1 6.6235e-01
+4.95575e+04 -3.87763e+03 6010696 1 9.1587e-01
+5.05958e+04 -6.61278e+03 6010613 1 8.0666e-01
+5.23605e+04 -9.46655e+03 6010531 1 7.0539e-01
+4.83810e+04 -2.54721e+03 6010737 1 9.9538e-01
+5.15184e+04 -8.02626e+03 6010572 1 7.5326e-01
+5.06372e+04 -5.23891e+03 6010655 1 8.4906e-01
+4.76279e+04 -1.89374e+04 6010235 1 5.8307e-01
+5.00476e+04 -2.07950e+04 6010196 1 5.3589e-01
+4.86492e+04 -1.91158e+04 6010236 1 5.6983e-01
+4.96535e+04 -1.92842e+04 6010237 1 5.5708e-01
+4.81859e+04 -1.76377e+04 6010277 1 5.9506e-01
+4.86889e+04 -1.63078e+04 6010319 1 6.1065e-01
+5.06421e+04 -1.94425e+04 6010238 1 5.4480e-01
+4.92013e+04 -1.77882e+04 6010278 1 5.8198e-01
+5.11864e+04 -1.80625e+04 6010280 1 5.5683e-01
+5.02010e+04 -1.79297e+04 6010279 1 5.6922e-01
+5.16164e+04 -1.95911e+04 6010239 1 5.3291e-01
+4.91355e+04 -1.49531e+04 6010361 1 6.2952e-01
+5.01431e+04 -1.50555e+04 6010362 1 6.1681e-01
+5.16793e+04 -1.66601e+04 6010322 1 5.7206e-01
+5.06961e+04 -1.65503e+04 6010321 1 5.8465e-01
+4.96997e+04 -1.64329e+04 6010320 1 5.9751e-01
+5.15248e+04 -1.37380e+04 6010405 1 6.2617e-01
+5.11376e+04 -1.51513e+04 6010363 1 6.0361e-01
+4.95247e+04 -1.35791e+04 6010403 1 6.5071e-01
+5.05305e+04 -1.36613e+04 6010404 1 6.3849e-01
+4.85064e+04 -1.34911e+04 6010402 1 6.6286e-01
+5.08618e+04 -1.22559e+04 6010446 1 6.6239e-01
+4.88388e+04 -1.21218e+04 6010444 1 6.8772e-01
+4.98559e+04 -1.21912e+04 6010445 1 6.7514e-01
+4.84348e+04 -7.94184e+03 6010569 1 7.9765e-01
+4.93209e+04 -9.35676e+03 6010528 1 7.4774e-01
+4.91104e+04 -1.07418e+04 6010486 1 7.1600e-01
+4.82902e+04 -9.31416e+03 6010527 1 7.6133e-01
+5.01284e+04 -1.07951e+04 6010487 1 7.0281e-01
+5.11367e+04 -1.08445e+04 6010488 1 6.8945e-01
+4.95589e+04 -6.59392e+03 6010612 1 8.2265e-01
+4.71000e+04 -1.24851e+03 6010778 1 1.1091e+00
+4.85328e+04 -5.21453e+03 6010653 1 8.8355e-01
+4.85155e+04 -6.57342e+03 6010611 1 8.3822e-01
+4.84875e+04 -3.87068e+03 6010695 1 9.3472e-01
+4.72889e+04 -2.54390e+03 6010736 1 1.0161e+00
+5.03424e+04 -9.39630e+03 6010529 1 7.3385e-01
+4.94703e+04 -7.97226e+03 6010570 1 7.8317e-01
+9.03282e+04 -1.25273e+03 7010740 1 3.7044e-02
+5.04979e+04 -8.00037e+03 6010571 1 7.6837e-01
+5.86631e+04 -2.36505e+04 7010117 1 4.3405e-01
+5.95392e+04 -2.37477e+04 7010118 1 4.2749e-01
+4.71536e+04 -1.74783e+04 6010276 1 6.0829e-01
+4.70777e+04 -1.47280e+04 6010359 1 6.5324e-01
+4.76627e+04 -1.61749e+04 6010318 1 6.2316e-01
+4.78096e+04 -1.20476e+04 6010443 1 7.0010e-01
+4.74746e+04 -1.33973e+04 6010401 1 6.7488e-01
+4.81141e+04 -1.48440e+04 6010360 1 6.4138e-01
+4.72495e+04 -9.26842e+03 6010526 1 7.7460e-01
+4.74135e+04 -3.86309e+03 6010694 1 9.5302e-01
+4.74725e+04 -5.20069e+03 6010652 1 9.0005e-01
+4.80817e+04 -1.06847e+04 6010485 1 7.2889e-01
+4.73908e+04 -7.90905e+03 6010568 1 8.1177e-01
+4.70415e+04 -1.06235e+04 6010484 1 7.4152e-01
+4.74651e+04 -6.55123e+03 6010610 1 8.5339e-01
+5.84205e+04 -2.20071e+04 7010156 1 4.4553e-01
+5.93059e+04 -2.20956e+04 7010157 1 4.3808e-01
+6.01851e+04 -2.21762e+04 7010158 1 4.3101e-01
+6.10588e+04 -2.22493e+04 7010159 1 4.2428e-01
+6.19275e+04 -2.23152e+04 7010160 1 4.1782e-01
+6.27918e+04 -2.23744e+04 7010161 1 4.1165e-01
+6.36521e+04 -2.24271e+04 7010162 1 4.0566e-01
+6.45090e+04 -2.24739e+04 7010163 1 3.9993e-01
+6.53627e+04 -2.25149e+04 7010164 1 3.9444e-01
+6.62136e+04 -2.25508e+04 7010165 1 3.8916e-01
+6.70622e+04 -2.25817e+04 7010166 1 3.8400e-01
+6.79087e+04 -2.26080e+04 7010167 1 3.7904e-01
+6.87535e+04 -2.26302e+04 7010168 1 3.7429e-01
+6.95967e+04 -2.26484e+04 7010169 1 3.6967e-01
+7.04387e+04 -2.26632e+04 7010170 1 3.6517e-01
+7.12797e+04 -2.26747e+04 7010171 1 3.6085e-01
+7.21198e+04 -2.26834e+04 7010172 1 3.5670e-01
+7.29593e+04 -2.26894e+04 7010173 1 3.5268e-01
+7.37983e+04 -2.26931e+04 7010174 1 3.4877e-01
+7.46369e+04 -2.26948e+04 7010175 1 3.4505e-01
+7.54753e+04 -2.26947e+04 7010176 1 3.4154e-01
+7.63136e+04 -2.26931e+04 7010177 1 3.3807e-01
+7.71519e+04 -2.26902e+04 7010178 1 3.3477e-01
+7.79902e+04 -2.26863e+04 7010179 1 3.3167e-01
+7.88287e+04 -2.26815e+04 7010180 1 3.2880e-01
+7.96673e+04 -2.26761e+04 7010181 1 3.2594e-01
+8.05061e+04 -2.26702e+04 7010182 1 3.2331e-01
+8.13452e+04 -2.26641e+04 7010183 1 3.2090e-01
+8.21846e+04 -2.26579e+04 7010184 1 3.1868e-01
+8.30242e+04 -2.26517e+04 7010185 1 3.1653e-01
+8.38641e+04 -2.26456e+04 7010186 1 3.1462e-01
+8.47043e+04 -2.26399e+04 7010187 1 3.1297e-01
+8.55448e+04 -2.26347e+04 7010188 1 3.1146e-01
+8.63855e+04 -2.26299e+04 7010189 1 3.1009e-01
+8.72264e+04 -2.26256e+04 7010190 1 3.0897e-01
+8.80675e+04 -2.26221e+04 7010191 1 3.0813e-01
+8.89088e+04 -2.26195e+04 7010192 1 3.0739e-01
+8.97502e+04 -2.26175e+04 7010193 1 3.0683e-01
+9.05916e+04 -2.26162e+04 7010194 1 3.0651e-01
+5.81230e+04 -2.03783e+04 7010195 1 4.6076e-01
+5.90182e+04 -2.04582e+04 7010196 1 4.5236e-01
+5.99071e+04 -2.05310e+04 7010197 1 4.4433e-01
+6.07902e+04 -2.05969e+04 7010198 1 4.3664e-01
+6.16681e+04 -2.06564e+04 7010199 1 4.2925e-01
+6.25415e+04 -2.07097e+04 7010200 1 4.2207e-01
+6.34107e+04 -2.07572e+04 7010201 1 4.1514e-01
+6.42761e+04 -2.07993e+04 7010202 1 4.0845e-01
+6.51384e+04 -2.08363e+04 7010203 1 4.0202e-01
+6.59977e+04 -2.08685e+04 7010204 1 3.9572e-01
+6.68545e+04 -2.08963e+04 7010205 1 3.8965e-01
+6.77092e+04 -2.09200e+04 7010206 1 3.8380e-01
+6.85619e+04 -2.09398e+04 7010207 1 3.7816e-01
+6.94130e+04 -2.09562e+04 7010208 1 3.7262e-01
+7.02627e+04 -2.09694e+04 7010209 1 3.6730e-01
+7.11113e+04 -2.09796e+04 7010210 1 3.6219e-01
+7.19590e+04 -2.09873e+04 7010211 1 3.5729e-01
+7.28060e+04 -2.09925e+04 7010212 1 3.5249e-01
+7.36523e+04 -2.09957e+04 7010213 1 3.4790e-01
+7.44983e+04 -2.09971e+04 7010214 1 3.4352e-01
+7.53439e+04 -2.09969e+04 7010215 1 3.3934e-01
+7.61894e+04 -2.09953e+04 7010216 1 3.3527e-01
+7.70348e+04 -2.09925e+04 7010217 1 3.3143e-01
+7.78802e+04 -2.09888e+04 7010218 1 3.2782e-01
+7.87257e+04 -2.09843e+04 7010219 1 3.2438e-01
+7.95713e+04 -2.09793e+04 7010220 1 3.2108e-01
+8.04171e+04 -2.09739e+04 7010221 1 3.1804e-01
+8.12632e+04 -2.09682e+04 7010222 1 3.1525e-01
+8.21095e+04 -2.09625e+04 7010223 1 3.1262e-01
+8.29560e+04 -2.09568e+04 7010224 1 3.1015e-01
+8.38028e+04 -2.09512e+04 7010225 1 3.0796e-01
+8.46498e+04 -2.09460e+04 7010226 1 3.0604e-01
+8.54972e+04 -2.09411e+04 7010227 1 3.0427e-01
+8.63447e+04 -2.09367e+04 7010228 1 3.0270e-01
+8.71924e+04 -2.09328e+04 7010229 1 3.0141e-01
+8.80404e+04 -2.09296e+04 7010230 1 3.0043e-01
+8.88885e+04 -2.09272e+04 7010231 1 2.9957e-01
+8.97367e+04 -2.09254e+04 7010232 1 2.9894e-01
+9.05849e+04 -2.09242e+04 7010233 1 2.9858e-01
+5.77688e+04 -1.87660e+04 7010234 1 4.8017e-01
+5.86745e+04 -1.88374e+04 7010235 1 4.7077e-01
+5.95738e+04 -1.89023e+04 7010236 1 4.6173e-01
+6.04672e+04 -1.89611e+04 7010237 1 4.5295e-01
+6.13553e+04 -1.90141e+04 7010238 1 4.4444e-01
+6.22387e+04 -1.90616e+04 7010239 1 4.3619e-01
+6.31177e+04 -1.91039e+04 7010240 1 4.2821e-01
+6.39930e+04 -1.91414e+04 7010241 1 4.2046e-01
+6.48649e+04 -1.91742e+04 7010242 1 4.1288e-01
+6.57338e+04 -1.92028e+04 7010243 1 4.0552e-01
+6.66000e+04 -1.92274e+04 7010244 1 3.9838e-01
+6.74640e+04 -1.92484e+04 7010245 1 3.9149e-01
+6.83260e+04 -1.92659e+04 7010246 1 3.8471e-01
+6.91863e+04 -1.92803e+04 7010247 1 3.7815e-01
+7.00452e+04 -1.92918e+04 7010248 1 3.7185e-01
+7.09028e+04 -1.93007e+04 7010249 1 3.6575e-01
+7.17595e+04 -1.93073e+04 7010250 1 3.5980e-01
+7.26154e+04 -1.93117e+04 7010251 1 3.5407e-01
+7.34707e+04 -1.93143e+04 7010252 1 3.4856e-01
+7.43255e+04 -1.93153e+04 7010253 1 3.4331e-01
+7.51799e+04 -1.93149e+04 7010254 1 3.3819e-01
+7.60342e+04 -1.93132e+04 7010255 1 3.3330e-01
+7.68883e+04 -1.93105e+04 7010256 1 3.2867e-01
+7.77424e+04 -1.93069e+04 7010257 1 3.2431e-01
+7.85967e+04 -1.93027e+04 7010258 1 3.2008e-01
+7.94509e+04 -1.92980e+04 7010259 1 3.1611e-01
+8.03054e+04 -1.92930e+04 7010260 1 3.1242e-01
+8.11601e+04 -1.92877e+04 7010261 1 3.0902e-01
+8.20150e+04 -1.92824e+04 7010262 1 3.0577e-01
+8.28702e+04 -1.92772e+04 7010263 1 3.0280e-01
+8.37256e+04 -1.92721e+04 7010264 1 3.0013e-01
+8.45812e+04 -1.92672e+04 7010265 1 2.9778e-01
+8.54372e+04 -1.92628e+04 7010266 1 2.9559e-01
+8.62933e+04 -1.92588e+04 7010267 1 2.9370e-01
+8.71496e+04 -1.92552e+04 7010268 1 2.9213e-01
+8.80062e+04 -1.92523e+04 7010269 1 2.9090e-01
+8.88629e+04 -1.92500e+04 7010270 1 2.8984e-01
+8.97196e+04 -1.92483e+04 7010271 1 2.8909e-01
+9.05765e+04 -1.92472e+04 7010272 1 2.8865e-01
+5.73564e+04 -1.71718e+04 7010273 1 5.0293e-01
+5.82733e+04 -1.72347e+04 7010274 1 4.9278e-01
+5.91837e+04 -1.72919e+04 7010275 1 4.8282e-01
+6.00881e+04 -1.73437e+04 7010276 1 4.7313e-01
+6.09873e+04 -1.73904e+04 7010277 1 4.6364e-01
+6.18816e+04 -1.74322e+04 7010278 1 4.5438e-01
+6.27716e+04 -1.74693e+04 7010279 1 4.4528e-01
+6.36578e+04 -1.75022e+04 7010280 1 4.3633e-01
+6.45405e+04 -1.75310e+04 7010281 1 4.2754e-01
+6.54202e+04 -1.75560e+04 7010282 1 4.1895e-01
+6.62972e+04 -1.75774e+04 7010283 1 4.1060e-01
+6.71719e+04 -1.75956e+04 7010284 1 4.0239e-01
+6.80445e+04 -1.76108e+04 7010285 1 3.9441e-01
+6.89154e+04 -1.76232e+04 7010286 1 3.8664e-01
+6.97849e+04 -1.76331e+04 7010287 1 3.7910e-01
+7.06531e+04 -1.76406e+04 7010288 1 3.7175e-01
+7.15203e+04 -1.76461e+04 7010289 1 3.6458e-01
+7.23866e+04 -1.76498e+04 7010290 1 3.5768e-01
+7.32523e+04 -1.76518e+04 7010291 1 3.5102e-01
+7.41176e+04 -1.76523e+04 7010292 1 3.4458e-01
+7.49825e+04 -1.76516e+04 7010293 1 3.3834e-01
+7.58471e+04 -1.76498e+04 7010294 1 3.3238e-01
+7.67117e+04 -1.76471e+04 7010295 1 3.2670e-01
+7.75762e+04 -1.76437e+04 7010296 1 3.2126e-01
+7.84408e+04 -1.76398e+04 7010297 1 3.1606e-01
+7.93055e+04 -1.76354e+04 7010298 1 3.1115e-01
+8.01704e+04 -1.76307e+04 7010299 1 3.0657e-01
+8.10355e+04 -1.76258e+04 7010300 1 3.0227e-01
+8.19008e+04 -1.76209e+04 7010301 1 2.9823e-01
+8.27663e+04 -1.76160e+04 7010302 1 2.9452e-01
+8.36321e+04 -1.76114e+04 7010303 1 2.9116e-01
+8.44982e+04 -1.76070e+04 7010304 1 2.8815e-01
+8.53645e+04 -1.76029e+04 7010305 1 2.8540e-01
+8.62310e+04 -1.75992e+04 7010306 1 2.8302e-01
+8.70977e+04 -1.75959e+04 7010307 1 2.8103e-01
+8.79647e+04 -1.75933e+04 7010308 1 2.7943e-01
+8.88318e+04 -1.75912e+04 7010309 1 2.7810e-01
+8.96990e+04 -1.75896e+04 7010310 1 2.7715e-01
+9.05662e+04 -1.75886e+04 7010311 1 2.7660e-01
+5.68846e+04 -1.55971e+04 7010312 1 5.2982e-01
+5.78133e+04 -1.56518e+04 7010313 1 5.1859e-01
+5.87355e+04 -1.57016e+04 7010314 1 5.0765e-01
+5.96519e+04 -1.57466e+04 7010315 1 4.9689e-01
+6.05629e+04 -1.57871e+04 7010316 1 4.8629e-01
+6.14692e+04 -1.58233e+04 7010317 1 4.7583e-01
+6.23712e+04 -1.58555e+04 7010318 1 4.6552e-01
+6.32693e+04 -1.58838e+04 7010319 1 4.5537e-01
+6.41640e+04 -1.59087e+04 7010320 1 4.4540e-01
+6.50557e+04 -1.59302e+04 7010321 1 4.3560e-01
+6.59448e+04 -1.59486e+04 7010322 1 4.2590e-01
+6.68315e+04 -1.59641e+04 7010323 1 4.1641e-01
+6.77161e+04 -1.59770e+04 7010324 1 4.0712e-01
+6.85991e+04 -1.59875e+04 7010325 1 3.9805e-01
+6.94806e+04 -1.59958e+04 7010326 1 3.8910e-01
+7.03609e+04 -1.60020e+04 7010327 1 3.8035e-01
+7.12401e+04 -1.60065e+04 7010328 1 3.7187e-01
+7.21186e+04 -1.60093e+04 7010329 1 3.6360e-01
+7.29964e+04 -1.60107e+04 7010330 1 3.5556e-01
+7.38737e+04 -1.60108e+04 7010331 1 3.4772e-01
+7.47507e+04 -1.60099e+04 7010332 1 3.4017e-01
+7.56275e+04 -1.60080e+04 7010333 1 3.3291e-01
+7.65042e+04 -1.60054e+04 7010334 1 3.2593e-01
+7.73809e+04 -1.60021e+04 7010335 1 3.1918e-01
+7.82576e+04 -1.59983e+04 7010336 1 3.1277e-01
+7.91344e+04 -1.59942e+04 7010337 1 3.0669e-01
+8.00115e+04 -1.59899e+04 7010338 1 3.0097e-01
+8.08888e+04 -1.59854e+04 7010339 1 2.9553e-01
+8.17662e+04 -1.59809e+04 7010340 1 2.9046e-01
+8.26440e+04 -1.59764e+04 7010341 1 2.8580e-01
+8.35220e+04 -1.59722e+04 7010342 1 2.8154e-01
+8.44003e+04 -1.59681e+04 7010343 1 2.7766e-01
+8.52789e+04 -1.59644e+04 7010344 1 2.7417e-01
+8.61576e+04 -1.59610e+04 7010345 1 2.7114e-01
+8.70366e+04 -1.59581e+04 7010346 1 2.6858e-01
+8.79158e+04 -1.59557e+04 7010347 1 2.6648e-01
+8.87952e+04 -1.59538e+04 7010348 1 2.6479e-01
+8.96746e+04 -1.59524e+04 7010349 1 2.6358e-01
+9.05542e+04 -1.59515e+04 7010350 1 2.6286e-01
+5.63507e+04 -1.40436e+04 7010351 1 5.6126e-01
+5.72921e+04 -1.40905e+04 7010352 1 5.4903e-01
+5.82272e+04 -1.41330e+04 7010353 1 5.3696e-01
+5.91565e+04 -1.41714e+04 7010354 1 5.2504e-01
+6.00806e+04 -1.42059e+04 7010355 1 5.1322e-01
+6.09999e+04 -1.42368e+04 7010356 1 5.0152e-01
+6.19151e+04 -1.42642e+04 7010357 1 4.8997e-01
+6.28265e+04 -1.42882e+04 7010358 1 4.7854e-01
+6.37345e+04 -1.43092e+04 7010359 1 4.6717e-01
+6.46395e+04 -1.43274e+04 7010360 1 4.5595e-01
+6.55420e+04 -1.43429e+04 7010361 1 4.4487e-01
+6.64421e+04 -1.43559e+04 7010362 1 4.3397e-01
+6.73403e+04 -1.43666e+04 7010363 1 4.2321e-01
+6.82368e+04 -1.43753e+04 7010364 1 4.1258e-01
+6.91319e+04 -1.43820e+04 7010365 1 4.0214e-01
+7.00258e+04 -1.43870e+04 7010366 1 3.9190e-01
+7.09188e+04 -1.43905e+04 7010367 1 3.8190e-01
+7.18109e+04 -1.43926e+04 7010368 1 3.7206e-01
+7.27025e+04 -1.43934e+04 7010369 1 3.6245e-01
+7.35936e+04 -1.43932e+04 7010370 1 3.5309e-01
+7.44844e+04 -1.43921e+04 7010371 1 3.4402e-01
+7.53751e+04 -1.43901e+04 7010372 1 3.3521e-01
+7.62656e+04 -1.43876e+04 7010373 1 3.2666e-01
+7.71562e+04 -1.43844e+04 7010374 1 3.1844e-01
+7.80468e+04 -1.43809e+04 7010375 1 3.1057e-01
+7.89377e+04 -1.43771e+04 7010376 1 3.0305e-01
+7.98287e+04 -1.43731e+04 7010377 1 2.9588e-01
+8.07199e+04 -1.43690e+04 7010378 1 2.8909e-01
+8.16114e+04 -1.43649e+04 7010379 1 2.8273e-01
+8.25032e+04 -1.43609e+04 7010380 1 2.7683e-01
+8.33953e+04 -1.43570e+04 7010381 1 2.7141e-01
+8.42877e+04 -1.43534e+04 7010382 1 2.6643e-01
+8.51803e+04 -1.43500e+04 7010383 1 2.6197e-01
+8.60732e+04 -1.43470e+04 7010384 1 2.5806e-01
+8.69663e+04 -1.43444e+04 7010385 1 2.5474e-01
+8.78596e+04 -1.43422e+04 7010386 1 2.5198e-01
+8.87530e+04 -1.43405e+04 7010387 1 2.4979e-01
+8.96466e+04 -1.43392e+04 7010388 1 2.4821e-01
+9.05403e+04 -1.43384e+04 7010389 1 2.4728e-01
+5.57520e+04 -1.25130e+04 7010390 1 5.9792e-01
+5.67071e+04 -1.25523e+04 7010391 1 5.8454e-01
+5.76560e+04 -1.25879e+04 7010392 1 5.7126e-01
+5.85994e+04 -1.26201e+04 7010393 1 5.5811e-01
+5.95377e+04 -1.26489e+04 7010394 1 5.4509e-01
+6.04714e+04 -1.26747e+04 7010395 1 5.3204e-01
+6.14010e+04 -1.26974e+04 7010396 1 5.1909e-01
+6.23270e+04 -1.27175e+04 7010397 1 5.0621e-01
+6.32497e+04 -1.27349e+04 7010398 1 4.9341e-01
+6.41696e+04 -1.27498e+04 7010399 1 4.8073e-01
+6.50869e+04 -1.27626e+04 7010400 1 4.6814e-01
+6.60021e+04 -1.27732e+04 7010401 1 4.5563e-01
+6.69154e+04 -1.27819e+04 7010402 1 4.4324e-01
+6.78271e+04 -1.27889e+04 7010403 1 4.3101e-01
+6.87374e+04 -1.27942e+04 7010404 1 4.1893e-01
+6.96466e+04 -1.27981e+04 7010405 1 4.0702e-01
+7.05549e+04 -1.28007e+04 7010406 1 3.9525e-01
+7.14625e+04 -1.28021e+04 7010407 1 3.8370e-01
+7.23696e+04 -1.28025e+04 7010408 1 3.7236e-01
+7.32762e+04 -1.28020e+04 7010409 1 3.6126e-01
+7.41827e+04 -1.28007e+04 7010410 1 3.5042e-01
+7.50889e+04 -1.27988e+04 7010411 1 3.3981e-01
+7.59952e+04 -1.27963e+04 7010412 1 3.2949e-01
+7.69015e+04 -1.27934e+04 7010413 1 3.1952e-01
+7.78079e+04 -1.27901e+04 7010414 1 3.0990e-01
+7.87145e+04 -1.27866e+04 7010415 1 3.0062e-01
+7.96214e+04 -1.27830e+04 7010416 1 2.9173e-01
+8.05285e+04 -1.27793e+04 7010417 1 2.8328e-01
+8.14359e+04 -1.27756e+04 7010418 1 2.7531e-01
+8.23436e+04 -1.27721e+04 7010419 1 2.6786e-01
+8.32516e+04 -1.27686e+04 7010420 1 2.6092e-01
+8.41599e+04 -1.27654e+04 7010421 1 2.5455e-01
+8.50685e+04 -1.27624e+04 7010422 1 2.4882e-01
+8.59773e+04 -1.27597e+04 7010423 1 2.4376e-01
+8.68864e+04 -1.27574e+04 7010424 1 2.3941e-01
+8.77957e+04 -1.27555e+04 7010425 1 2.3578e-01
+8.87052e+04 -1.27540e+04 7010426 1 2.3291e-01
+8.96148e+04 -1.27529e+04 7010427 1 2.3084e-01
+9.05245e+04 -1.27522e+04 7010428 1 2.2960e-01
+5.50858e+04 -1.10066e+04 7010429 1 6.3508e-01
+5.60555e+04 -1.10388e+04 7010430 1 6.2143e-01
+5.70193e+04 -1.10680e+04 7010431 1 6.0767e-01
+5.79778e+04 -1.10943e+04 7010432 1 5.9384e-01
+5.89315e+04 -1.11179e+04 7010433 1 5.7994e-01
+5.98809e+04 -1.11389e+04 7010434 1 5.6599e-01
+6.08264e+04 -1.11574e+04 7010435 1 5.5199e-01
+6.17684e+04 -1.11736e+04 7010436 1 5.3796e-01
+6.27073e+04 -1.11877e+04 7010437 1 5.2387e-01
+6.36436e+04 -1.11997e+04 7010438 1 5.0976e-01
+6.45774e+04 -1.12099e+04 7010439 1 4.9569e-01
+6.55092e+04 -1.12184e+04 7010440 1 4.8164e-01
+6.64393e+04 -1.12252e+04 7010441 1 4.6765e-01
+6.73679e+04 -1.12306e+04 7010442 1 4.5372e-01
+6.82952e+04 -1.12347e+04 7010443 1 4.3988e-01
+6.92215e+04 -1.12376e+04 7010444 1 4.2615e-01
+7.01470e+04 -1.12394e+04 7010445 1 4.1255e-01
+7.10718e+04 -1.12403e+04 7010446 1 3.9912e-01
+7.19962e+04 -1.12403e+04 7010447 1 3.8586e-01
+7.29203e+04 -1.12396e+04 7010448 1 3.7279e-01
+7.38442e+04 -1.12383e+04 7010449 1 3.5992e-01
+7.47680e+04 -1.12364e+04 7010450 1 3.4733e-01
+7.56918e+04 -1.12341e+04 7010451 1 3.3500e-01
+7.66158e+04 -1.12314e+04 7010452 1 3.2300e-01
+7.75399e+04 -1.12285e+04 7010453 1 3.1130e-01
+7.84642e+04 -1.12254e+04 7010454 1 2.9998e-01
+7.93888e+04 -1.12222e+04 7010455 1 2.8908e-01
+8.03137e+04 -1.12190e+04 7010456 1 2.7865e-01
+8.12389e+04 -1.12157e+04 7010457 1 2.6873e-01
+8.21645e+04 -1.12126e+04 7010458 1 2.5935e-01
+8.30904e+04 -1.12096e+04 7010459 1 2.5057e-01
+8.40166e+04 -1.12068e+04 7010460 1 2.4247e-01
+8.49430e+04 -1.12042e+04 7010461 1 2.3512e-01
+8.58698e+04 -1.12019e+04 7010462 1 2.2858e-01
+8.67969e+04 -1.11999e+04 7010463 1 2.2290e-01
+8.77241e+04 -1.11983e+04 7010464 1 2.1813e-01
+8.86516e+04 -1.11969e+04 7010465 1 2.1436e-01
+8.95791e+04 -1.11960e+04 7010466 1 2.1163e-01
+9.05068e+04 -1.11954e+04 7010467 1 2.0998e-01
+5.43498e+04 -9.52570e+03 7010468 1 6.7635e-01
+5.53352e+04 -9.55138e+03 7010469 1 6.6165e-01
+5.63150e+04 -9.57461e+03 7010470 1 6.4681e-01
+5.72900e+04 -9.59551e+03 7010471 1 6.3186e-01
+5.82604e+04 -9.61419e+03 7010472 1 6.1679e-01
+5.92268e+04 -9.63078e+03 7010473 1 6.0152e-01
+6.01895e+04 -9.64540e+03 7010474 1 5.8617e-01
+6.11491e+04 -9.65817e+03 7010475 1 5.7076e-01
+6.21058e+04 -9.66920e+03 7010476 1 5.5526e-01
+6.30600e+04 -9.67861e+03 7010477 1 5.3969e-01
+6.40121e+04 -9.68652e+03 7010478 1 5.2411e-01
+6.49623e+04 -9.69304e+03 7010479 1 5.0849e-01
+6.59109e+04 -9.69828e+03 7010480 1 4.9288e-01
+6.68581e+04 -9.70236e+03 7010481 1 4.7730e-01
+6.78043e+04 -9.70538e+03 7010482 1 4.6177e-01
+6.87495e+04 -9.70743e+03 7010483 1 4.4634e-01
+6.96941e+04 -9.70863e+03 7010484 1 4.3100e-01
+7.06381e+04 -9.70907e+03 7010485 1 4.1572e-01
+7.15818e+04 -9.70883e+03 7010486 1 4.0063e-01
+7.25252e+04 -9.70800e+03 7010487 1 3.8569e-01
+7.34685e+04 -9.70668e+03 7010488 1 3.7094e-01
+7.44117e+04 -9.70495e+03 7010489 1 3.5641e-01
+7.53551e+04 -9.70287e+03 7010490 1 3.4212e-01
+7.62987e+04 -9.70053e+03 7010491 1 3.2811e-01
+7.72424e+04 -9.69798e+03 7010492 1 3.1440e-01
+7.81864e+04 -9.69530e+03 7010493 1 3.0106e-01
+7.91308e+04 -9.69254e+03 7010494 1 2.8813e-01
+8.00754e+04 -9.68976e+03 7010495 1 2.7564e-01
+8.10205e+04 -9.68703e+03 7010496 1 2.6365e-01
+8.19658e+04 -9.68437e+03 7010497 1 2.5224e-01
+8.29115e+04 -9.68183e+03 7010498 1 2.4147e-01
+8.38576e+04 -9.67944e+03 7010499 1 2.3144e-01
+8.48040e+04 -9.67726e+03 7010500 1 2.2223e-01
+8.57506e+04 -9.67532e+03 7010501 1 2.1396e-01
+8.66976e+04 -9.67365e+03 7010502 1 2.0670e-01
+8.76448e+04 -9.67225e+03 7010503 1 2.0057e-01
+8.85921e+04 -9.67113e+03 7010504 1 1.9568e-01
+8.95396e+04 -9.67031e+03 7010505 1 1.9212e-01
+9.04872e+04 -9.66980e+03 7010506 1 1.8996e-01
+5.35402e+04 -8.07164e+03 7010507 1 7.2236e-01
+5.45425e+04 -8.09132e+03 7010508 1 7.0652e-01
+5.55398e+04 -8.10909e+03 7010509 1 6.9053e-01
+5.65326e+04 -8.12506e+03 7010510 1 6.7432e-01
+5.75213e+04 -8.13931e+03 7010511 1 6.5792e-01
+5.85063e+04 -8.15194e+03 7010512 1 6.4135e-01
+5.94881e+04 -8.16304e+03 7010513 1 6.2458e-01
+6.04669e+04 -8.17269e+03 7010514 1 6.0769e-01
+6.14432e+04 -8.18101e+03 7010515 1 5.9065e-01
+6.24173e+04 -8.18807e+03 7010516 1 5.7354e-01
+6.33893e+04 -8.19396e+03 7010517 1 5.5632e-01
+6.43598e+04 -8.19879e+03 7010518 1 5.3907e-01
+6.53288e+04 -8.20262e+03 7010519 1 5.2178e-01
+6.62967e+04 -8.20556e+03 7010520 1 5.0451e-01
+6.72636e+04 -8.20767e+03 7010521 1 4.8721e-01
+6.82298e+04 -8.20905e+03 7010522 1 4.6994e-01
+6.91954e+04 -8.20976e+03 7010523 1 4.5273e-01
+7.01606e+04 -8.20989e+03 7010524 1 4.3563e-01
+7.11255e+04 -8.20950e+03 7010525 1 4.1860e-01
+7.20902e+04 -8.20867e+03 7010526 1 4.0173e-01
+7.30550e+04 -8.20746e+03 7010527 1 3.8499e-01
+7.40198e+04 -8.20593e+03 7010528 1 3.6842e-01
+7.49847e+04 -8.20415e+03 7010529 1 3.5206e-01
+7.59499e+04 -8.20217e+03 7010530 1 3.3596e-01
+7.69153e+04 -8.20003e+03 7010531 1 3.2012e-01
+7.78810e+04 -8.19781e+03 7010532 1 3.0460e-01
+7.88471e+04 -8.19554e+03 7010533 1 2.8946e-01
+7.98135e+04 -8.19326e+03 7010534 1 2.7470e-01
+8.07803e+04 -8.19102e+03 7010535 1 2.6043e-01
+8.17475e+04 -8.18884e+03 7010536 1 2.4672e-01
+8.27151e+04 -8.18677e+03 7010537 1 2.3366e-01
+8.36830e+04 -8.18484e+03 7010538 1 2.2136e-01
+8.46512e+04 -8.18307e+03 7010539 1 2.0993e-01
+8.56197e+04 -8.18151e+03 7010540 1 1.9952e-01
+8.65886e+04 -8.18015e+03 7010541 1 1.9027e-01
+8.75576e+04 -8.17901e+03 7010542 1 1.8236e-01
+8.85268e+04 -8.17810e+03 7010543 1 1.7599e-01
+8.94962e+04 -8.17744e+03 7010544 1 1.7129e-01
+9.04656e+04 -8.17703e+03 7010545 1 1.6843e-01
+5.26526e+04 -6.64582e+03 7010546 1 7.7362e-01
+5.36734e+04 -6.66011e+03 7010547 1 7.5665e-01
+5.46898e+04 -6.67301e+03 7010548 1 7.3934e-01
+5.57021e+04 -6.68457e+03 7010549 1 7.2178e-01
+5.67108e+04 -6.69488e+03 7010550 1 7.0392e-01
+5.77162e+04 -6.70399e+03 7010551 1 6.8586e-01
+5.87188e+04 -6.71197e+03 7010552 1 6.6758e-01
+5.97188e+04 -6.71890e+03 7010553 1 6.4910e-01
+6.07166e+04 -6.72484e+03 7010554 1 6.3044e-01
+6.17124e+04 -6.72985e+03 7010555 1 6.1164e-01
+6.27066e+04 -6.73402e+03 7010556 1 5.9271e-01
+6.36994e+04 -6.73739e+03 7010557 1 5.7371e-01
+6.46909e+04 -6.74004e+03 7010558 1 5.5461e-01
+6.56815e+04 -6.74203e+03 7010559 1 5.3550e-01
+6.66713e+04 -6.74342e+03 7010560 1 5.1636e-01
+6.76605e+04 -6.74427e+03 7010561 1 4.9724e-01
+6.86493e+04 -6.74464e+03 7010562 1 4.7811e-01
+6.96378e+04 -6.74458e+03 7010563 1 4.5904e-01
+7.06261e+04 -6.74415e+03 7010564 1 4.4005e-01
+7.16144e+04 -6.74340e+03 7010565 1 4.2113e-01
+7.26027e+04 -6.74237e+03 7010566 1 4.0234e-01
+7.35911e+04 -6.74111e+03 7010567 1 3.8367e-01
+7.45797e+04 -6.73968e+03 7010568 1 3.6519e-01
+7.55686e+04 -6.73810e+03 7010569 1 3.4690e-01
+7.65578e+04 -6.73642e+03 7010570 1 3.2884e-01
+7.75473e+04 -6.73468e+03 7010571 1 3.1103e-01
+7.85372e+04 -6.73291e+03 7010572 1 2.9353e-01
+7.95275e+04 -6.73114e+03 7010573 1 2.7639e-01
+8.05181e+04 -6.72940e+03 7010574 1 2.5967e-01
+8.15092e+04 -6.72772e+03 7010575 1 2.4346e-01
+8.25006e+04 -6.72613e+03 7010576 1 2.2784e-01
+8.34924e+04 -6.72465e+03 7010577 1 2.1295e-01
+8.44845e+04 -6.72330e+03 7010578 1 1.9890e-01
+8.54769e+04 -6.72210e+03 7010579 1 1.8590e-01
+8.64696e+04 -6.72106e+03 7010580 1 1.7417e-01
+8.74625e+04 -6.72018e+03 7010581 1 1.6397e-01
+8.84556e+04 -6.71948e+03 7010582 1 1.5559e-01
+8.94488e+04 -6.71898e+03 7010583 1 1.4933e-01
+9.04421e+04 -6.71867e+03 7010584 1 1.4546e-01
+5.16824e+04 -5.24952e+03 7010585 1 8.3112e-01
+5.27233e+04 -5.25913e+03 7010586 1 8.1278e-01
+5.37604e+04 -5.26779e+03 7010587 1 7.9404e-01
+5.47941e+04 -5.27555e+03 7010588 1 7.7498e-01
+5.58247e+04 -5.28245e+03 7010589 1 7.5553e-01
+5.68526e+04 -5.28853e+03 7010590 1 7.3581e-01
+5.78780e+04 -5.29385e+03 7010591 1 7.1582e-01
+5.89013e+04 -5.29845e+03 7010592 1 6.9556e-01
+5.99228e+04 -5.30238e+03 7010593 1 6.7512e-01
+6.09426e+04 -5.30568e+03 7010594 1 6.5453e-01
+6.19611e+04 -5.30840e+03 7010595 1 6.3376e-01
+6.29784e+04 -5.31058e+03 7010596 1 6.1287e-01
+6.39948e+04 -5.31227e+03 7010597 1 5.9189e-01
+6.50104e+04 -5.31352e+03 7010598 1 5.7080e-01
+6.60254e+04 -5.31436e+03 7010599 1 5.4969e-01
+6.70399e+04 -5.31483e+03 7010600 1 5.2854e-01
+6.80542e+04 -5.31498e+03 7010601 1 5.0741e-01
+6.90682e+04 -5.31484e+03 7010602 1 4.8630e-01
+7.00822e+04 -5.31445e+03 7010603 1 4.6522e-01
+7.10962e+04 -5.31384e+03 7010604 1 4.4422e-01
+7.21104e+04 -5.31305e+03 7010605 1 4.2331e-01
+7.31247e+04 -5.31211e+03 7010606 1 4.0250e-01
+7.41392e+04 -5.31106e+03 7010607 1 3.8181e-01
+7.51541e+04 -5.30991e+03 7010608 1 3.6126e-01
+7.61692e+04 -5.30869e+03 7010609 1 3.4092e-01
+7.71847e+04 -5.30743e+03 7010610 1 3.2078e-01
+7.82006e+04 -5.30616e+03 7010611 1 3.0087e-01
+7.92168e+04 -5.30490e+03 7010612 1 2.8126e-01
+8.02334e+04 -5.30366e+03 7010613 1 2.6199e-01
+8.12505e+04 -5.30247e+03 7010614 1 2.4314e-01
+8.22678e+04 -5.30134e+03 7010615 1 2.2478e-01
+8.32856e+04 -5.30030e+03 7010616 1 2.0702e-01
+8.43036e+04 -5.29934e+03 7010617 1 1.9003e-01
+8.53220e+04 -5.29849e+03 7010618 1 1.7401e-01
+8.63405e+04 -5.29775e+03 7010619 1 1.5923e-01
+8.73593e+04 -5.29713e+03 7010620 1 1.4607e-01
+8.83783e+04 -5.29664e+03 7010621 1 1.3497e-01
+8.93974e+04 -5.29628e+03 7010622 1 1.2646e-01
+9.04167e+04 -5.29606e+03 7010623 1 1.2110e-01
+5.06238e+04 -3.88395e+03 7010624 1 8.9648e-01
+5.16867e+04 -3.88968e+03 7010625 1 8.7658e-01
+5.27466e+04 -3.89483e+03 7010626 1 8.5617e-01
+5.38038e+04 -3.89943e+03 7010627 1 8.3536e-01
+5.48585e+04 -3.90352e+03 7010628 1 8.1412e-01
+5.59111e+04 -3.90712e+03 7010629 1 7.9254e-01
+5.69617e+04 -3.91026e+03 7010630 1 7.7060e-01
+5.80107e+04 -3.91296e+03 7010631 1 7.4840e-01
+5.90582e+04 -3.91526e+03 7010632 1 7.2596e-01
+6.01045e+04 -3.91719e+03 7010633 1 7.0330e-01
+6.11497e+04 -3.91876e+03 7010634 1 6.8045e-01
+6.21940e+04 -3.92001e+03 7010635 1 6.5746e-01
+6.32377e+04 -3.92097e+03 7010636 1 6.3435e-01
+6.42808e+04 -3.92166e+03 7010637 1 6.1117e-01
+6.53234e+04 -3.92211e+03 7010638 1 5.8793e-01
+6.63658e+04 -3.92234e+03 7010639 1 5.6464e-01
+6.74080e+04 -3.92237e+03 7010640 1 5.4134e-01
+6.84502e+04 -3.92223e+03 7010641 1 5.1804e-01
+6.94923e+04 -3.92195e+03 7010642 1 4.9478e-01
+7.05345e+04 -3.92153e+03 7010643 1 4.7156e-01
+7.15769e+04 -3.92101e+03 7010644 1 4.4841e-01
+7.26194e+04 -3.92040e+03 7010645 1 4.2535e-01
+7.36622e+04 -3.91972e+03 7010646 1 4.0240e-01
+7.47053e+04 -3.91898e+03 7010647 1 3.7958e-01
+7.57487e+04 -3.91821e+03 7010648 1 3.5689e-01
+7.67925e+04 -3.91742e+03 7010649 1 3.3437e-01
+7.78366e+04 -3.91662e+03 7010650 1 3.1203e-01
+7.88810e+04 -3.91583e+03 7010651 1 2.8993e-01
+7.99259e+04 -3.91506e+03 7010652 1 2.6806e-01
+8.09710e+04 -3.91432e+03 7010653 1 2.4650e-01
+8.20165e+04 -3.91361e+03 7010654 1 2.2529e-01
+8.30623e+04 -3.91296e+03 7010655 1 2.0455e-01
+8.41084e+04 -3.91237e+03 7010656 1 1.8439e-01
+8.51547e+04 -3.91184e+03 7010657 1 1.6500e-01
+8.62013e+04 -3.91138e+03 7010658 1 1.4666e-01
+8.72481e+04 -3.91099e+03 7010659 1 1.2978e-01
+8.82950e+04 -3.91069e+03 7010660 1 1.1498e-01
+8.93420e+04 -3.91047e+03 7010661 1 1.0314e-01
+9.03892e+04 -3.91033e+03 7010662 1 9.5378e-02
+4.94705e+04 -2.55023e+03 7010663 1 9.7403e-01
+5.05576e+04 -2.55296e+03 7010664 1 9.5209e-01
+5.16426e+04 -2.55541e+03 7010665 1 9.2961e-01
+5.27256e+04 -2.55760e+03 7010666 1 9.0662e-01
+5.38069e+04 -2.55954e+03 7010667 1 8.8319e-01
+5.48867e+04 -2.56124e+03 7010668 1 8.5936e-01
+5.59651e+04 -2.56273e+03 7010669 1 8.3516e-01
+5.70424e+04 -2.56400e+03 7010670 1 8.1062e-01
+5.81187e+04 -2.56509e+03 7010671 1 7.8582e-01
+5.91941e+04 -2.56599e+03 7010672 1 7.6079e-01
+6.02688e+04 -2.56672e+03 7010673 1 7.3555e-01
+6.13430e+04 -2.56730e+03 7010674 1 7.1015e-01
+6.24167e+04 -2.56774e+03 7010675 1 6.8464e-01
+6.34900e+04 -2.56805e+03 7010676 1 6.5904e-01
+6.45631e+04 -2.56825e+03 7010677 1 6.3337e-01
+6.56360e+04 -2.56834e+03 7010678 1 6.0766e-01
+6.67089e+04 -2.56833e+03 7010679 1 5.8193e-01
+6.77817e+04 -2.56825e+03 7010680 1 5.5622e-01
+6.88546e+04 -2.56809e+03 7010681 1 5.3054e-01
+6.99276e+04 -2.56787e+03 7010682 1 5.0493e-01
+7.10008e+04 -2.56761e+03 7010683 1 4.7937e-01
+7.20741e+04 -2.56730e+03 7010684 1 4.5389e-01
+7.31477e+04 -2.56695e+03 7010685 1 4.2852e-01
+7.42216e+04 -2.56659e+03 7010686 1 4.0327e-01
+7.52957e+04 -2.56620e+03 7010687 1 3.7813e-01
+7.63701e+04 -2.56581e+03 7010688 1 3.5312e-01
+7.74448e+04 -2.56542e+03 7010689 1 3.2826e-01
+7.85197e+04 -2.56503e+03 7010690 1 3.0356e-01
+7.95950e+04 -2.56465e+03 7010691 1 2.7905e-01
+8.06705e+04 -2.56428e+03 7010692 1 2.5474e-01
+8.17463e+04 -2.56393e+03 7010693 1 2.3067e-01
+8.28224e+04 -2.56361e+03 7010694 1 2.0688e-01
+8.38986e+04 -2.56332e+03 7010695 1 1.8344e-01
+8.49751e+04 -2.56306e+03 7010696 1 1.6048e-01
+8.60518e+04 -2.56283e+03 7010697 1 1.3818e-01
+8.71286e+04 -2.56264e+03 7010698 1 1.1688e-01
+8.82055e+04 -2.56249e+03 7010699 1 9.7189e-02
+8.92826e+04 -2.56239e+03 7010700 1 8.0228e-02
+9.03597e+04 -2.56232e+03 7010701 1 6.8061e-02
+4.82150e+04 -1.24935e+03 7010702 1 1.0862e+00
+4.93288e+04 -1.25011e+03 7010703 1 1.0622e+00
+5.04414e+04 -1.25079e+03 7010704 1 1.0360e+00
+5.15530e+04 -1.25139e+03 7010705 1 1.0094e+00
+5.26637e+04 -1.25193e+03 7010706 1 9.8228e-01
+5.37736e+04 -1.25241e+03 7010707 1 9.5480e-01
+5.48828e+04 -1.25282e+03 7010708 1 9.2698e-01
+5.59914e+04 -1.25317e+03 7010709 1 8.9890e-01
+5.70995e+04 -1.25347e+03 7010710 1 8.7053e-01
+5.82071e+04 -1.25373e+03 7010711 1 8.4199e-01
+5.93144e+04 -1.25393e+03 7010712 1 8.1328e-01
+6.04215e+04 -1.25409e+03 7010713 1 7.8443e-01
+6.15283e+04 -1.25422e+03 7010714 1 7.5552e-01
+6.26349e+04 -1.25430e+03 7010715 1 7.2653e-01
+6.37414e+04 -1.25436e+03 7010716 1 6.9751e-01
+6.48479e+04 -1.25438e+03 7010717 1 6.6852e-01
+6.59544e+04 -1.25438e+03 7010718 1 6.3955e-01
+6.70609e+04 -1.25436e+03 7010719 1 6.1061e-01
+6.81674e+04 -1.25432e+03 7010720 1 5.8176e-01
+6.92741e+04 -1.25426e+03 7010721 1 5.5298e-01
+7.03808e+04 -1.25419e+03 7010722 1 5.2432e-01
+7.14877e+04 -1.25410e+03 7010723 1 4.9575e-01
+7.25947e+04 -1.25401e+03 7010724 1 4.6732e-01
+7.37019e+04 -1.25391e+03 7010725 1 4.3901e-01
+7.48092e+04 -1.25380e+03 7010726 1 4.1084e-01
+7.59168e+04 -1.25369e+03 7010727 1 3.8280e-01
+7.70245e+04 -1.25358e+03 7010728 1 3.5490e-01
+7.81323e+04 -1.25348e+03 7010729 1 3.2715e-01
+7.92404e+04 -1.25337e+03 7010730 1 2.9953e-01
+8.03486e+04 -1.25327e+03 7010731 1 2.7206e-01
+8.14570e+04 -1.25317e+03 7010732 1 2.4472e-01
+8.25655e+04 -1.25308e+03 7010733 1 2.1753e-01
+8.36742e+04 -1.25300e+03 7010734 1 1.9049e-01
+8.47830e+04 -1.25293e+03 7010735 1 1.6360e-01
+8.58918e+04 -1.25287e+03 7010736 1 1.3692e-01
+8.70008e+04 -1.25282e+03 7010737 1 1.1050e-01
+8.81099e+04 -1.25278e+03 7010738 1 8.4513e-02
+8.92190e+04 -1.25275e+03 7010739 1 5.9447e-02
