+4.71123e+04 -7.41672e+04 3010120 1 3.7805e-01
+4.82253e+04 -7.43056e+04 3010121 1 3.7757e-01
+4.79841e+04 -9.99821e+04 1010001 0 1.6093e+00
+4.91275e+04 -9.99821e+04 1010002 0 1.5706e+00
+5.02710e+04 -9.99821e+04 1010003 0 1.5306e+00
+5.14145e+04 -9.99822e+04 1010004 0 1.4895e+00
+5.25581e+04 -9.99822e+04 1010005 0 1.4475e+00
+5.37016e+04 -9.99822e+04 1010006 0 1.4048e+00
+5.48451e+04 -9.99822e+04 1010007 0 1.3614e+00
+5.59887e+04 -9.99822e+04 1010008 0 1.3176e+00
+5.71322e+04 -9.99822e+04 1010009 0 1.2734e+00
+5.82758e+04 -9.99822e+04 1010010 0 1.2289e+00
+5.94194e+04 -9.99822e+04 1010011 0 1.1843e+00
+6.05629e+04 -9.99822e+04 1010012 0 1.1396e+00
+6.17065e+04 -9.99822e+04 1010013 0 1.0949e+00
+6.28501e+04 -9.99822e+04 1010014 0 1.0502e+00
+6.39936e+04 -9.99822e+04 1010015 0 1.0056e+00
+6.51372e+04 -9.99822e+04 1010016 0 9.6113e-01
+6.62807e+04 -9.99822e+04 1010017 0 9.1683e-01
+6.74243e+04 -9.99821e+04 1010018 0 8.7273e-01
+6.85678e+04 -9.99821e+04 1010019 0 8.2884e-01
+6.97114e+04 -9.99821e+04 1010020 0 7.8519e-01
+7.08549e+04 -9.99821e+04 1010021 0 7.4179e-01
+7.19984e+04 -9.99821e+04 1010022 0 6.9863e-01
+7.31420e+04 -9.99821e+04 1010023 0 6.5574e-01
+7.42855e+04 -9.99821e+04 1010024 0 6.1311e-01
+7.54290e+04 -9.99821e+04 1010025 0 5.7073e-01
+7.65725e+04 -9.99821e+04 1010026 0 5.2861e-01
+7.77160e+04 -9.99821e+04 1010027 0 4.8674e-01
+7.88595e+04 -9.99821e+04 1010028 0 4.4512e-01
+8.00030e+04 -9.99821e+04 1010029 0 4.0373e-01
+8.11465e+04 -9.99821e+04 1010030 0 3.6258e-01
+8.22900e+04 -9.99821e+04 1010031 0 3.2164e-01
+8.34335e+04 -9.99821e+04 1010032 0 2.8093e-01
+8.45770e+04 -9.99821e+04 1010033 0 2.4042e-01
+8.57205e+04 -9.99821e+04 1010034 0 2.0011e-01
+8.68640e+04 -9.99821e+04 1010035 0 1.6000e-01
+8.80074e+04 -9.99821e+04 1010036 0 1.2011e-01
+8.91509e+04 -9.99821e+04 1010037 0 8.0543e-02
+9.02944e+04 -9.99821e+04 1010038 0 4.1883e-02
+4.75924e+04 -7.54986e+04 3010082 1 4.0402e-01
+5.04867e+04 -7.45380e+04 3010123 1 3.7379e-01
+4.71307e+04 -9.87667e+04 1010041 0 1.4954e+00
+4.83248e+04 -9.87677e+04 1010042 0 1.4613e+00
+4.95205e+04 -9.87686e+04 1010043 0 1.4253e+00
+5.07175e+04 -9.87693e+04 1010044 0 1.3878e+00
+5.19156e+04 -9.87698e+04 1010045 0 1.3489e+00
+5.31146e+04 -9.87702e+04 1010046 0 1.3087e+00
+5.43142e+04 -9.87704e+04 1010047 0 1.2678e+00
+5.55143e+04 -9.87706e+04 1010048 0 1.2262e+00
+5.67148e+04 -9.87706e+04 1010049 0 1.1842e+00
+5.79156e+04 -9.87706e+04 1010050 0 1.1417e+00
+5.91164e+04 -9.87704e+04 1010051 0 1.0989e+00
+6.03172e+04 -9.87702e+04 1010052 0 1.0563e+00
+6.15180e+04 -9.87700e+04 1010053 0 1.0131e+00
+6.27186e+04 -9.87697e+04 1010054 0 9.7034e-01
+6.39190e+04 -9.87694e+04 1010055 0 9.2742e-01
+6.51191e+04 -9.87690e+04 1010056 0 8.8470e-01
+6.63190e+04 -9.87686e+04 1010057 0 8.4219e-01
+6.75185e+04 -9.87683e+04 1010058 0 7.9971e-01
+6.87177e+04 -9.87678e+04 1010059 0 7.5750e-01
+6.99165e+04 -9.87674e+04 1010060 0 7.1558e-01
+7.11149e+04 -9.87670e+04 1010061 0 6.7378e-01
+7.23130e+04 -9.87666e+04 1010062 0 6.3248e-01
+7.35106e+04 -9.87662e+04 1010063 0 5.9131e-01
+7.47079e+04 -9.87658e+04 1010064 0 5.5047e-01
+7.59049e+04 -9.87655e+04 1010065 0 5.0995e-01
+7.71015e+04 -9.87651e+04 1010066 0 4.6975e-01
+7.82977e+04 -9.87648e+04 1010067 0 4.2985e-01
+7.94936e+04 -9.87644e+04 1010068 0 3.9017e-01
+8.06892e+04 -9.87641e+04 1010069 0 3.5082e-01
+8.18845e+04 -9.87639e+04 1010070 0 3.1189e-01
+8.30795e+04 -9.87636e+04 1010071 0 2.7323e-01
+8.42742e+04 -9.87634e+04 1010072 0 2.3497e-01
+8.54687e+04 -9.87631e+04 1010073 0 1.9719e-01
+8.66630e+04 -9.87630e+04 1010074 0 1.6005e-01
+8.78571e+04 -9.87628e+04 1010075 0 1.2391e-01
+8.90510e+04 -9.87627e+04 1010076 0 8.9736e-02
+9.02449e+04 -9.87627e+04 1010077 0 6.0490e-02
+7.81730e+04 -7.82397e+04 3010029 1 2.0676e-01
+7.94968e+04 -7.82221e+04 3010030 1 1.9767e-01
+4.74136e+04 -7.79351e+04 3010005 1 4.5319e-01
+4.69275e+04 -7.66704e+04 3010043 1 4.3121e-01
+4.87348e+04 -7.56190e+04 3010083 1 4.0149e-01
+4.93502e+04 -7.44289e+04 3010122 1 3.7618e-01
+4.77590e+04 -9.76034e+04 1010082 0 1.3640e+00
+4.90047e+04 -9.76065e+04 1010083 0 1.3299e+00
+5.02528e+04 -9.76090e+04 1010084 0 1.2944e+00
+5.15029e+04 -9.76110e+04 1010085 0 1.2574e+00
+5.27545e+04 -9.76125e+04 1010086 0 1.2193e+00
+5.40073e+04 -9.76135e+04 1010087 0 1.1801e+00
+5.52609e+04 -9.76141e+04 1010088 0 1.1405e+00
+5.65151e+04 -9.76145e+04 1010089 0 1.1006e+00
+5.77696e+04 -9.76145e+04 1010090 0 1.0600e+00
+5.90242e+04 -9.76142e+04 1010091 0 1.0192e+00
+6.02786e+04 -9.76138e+04 1010092 0 9.7807e-01
+6.15328e+04 -9.76131e+04 1010093 0 9.3696e-01
+6.27866e+04 -9.76123e+04 1010094 0 8.9595e-01
+6.40398e+04 -9.76114e+04 1010095 0 8.5510e-01
+6.52924e+04 -9.76104e+04 1010096 0 8.1443e-01
+6.65444e+04 -9.76093e+04 1010097 0 7.7364e-01
+6.77957e+04 -9.76082e+04 1010098 0 7.3311e-01
+6.90462e+04 -9.76070e+04 1010099 0 6.9285e-01
+7.02960e+04 -9.76058e+04 1010100 0 6.5290e-01
+7.15450e+04 -9.76046e+04 1010101 0 6.1325e-01
+7.27932e+04 -9.76035e+04 1010102 0 5.7391e-01
+7.40406e+04 -9.76023e+04 1010103 0 5.3490e-01
+7.52872e+04 -9.76012e+04 1010104 0 4.9621e-01
+7.65331e+04 -9.76001e+04 1010105 0 4.5765e-01
+7.77783e+04 -9.75991e+04 1010106 0 4.1966e-01
+7.90228e+04 -9.75981e+04 1010107 0 3.8185e-01
+8.02666e+04 -9.75972e+04 1010108 0 3.4460e-01
+8.15098e+04 -9.75963e+04 1010109 0 3.0763e-01
+8.27525e+04 -9.75955e+04 1010110 0 2.7118e-01
+8.39946e+04 -9.75948e+04 1010111 0 2.3545e-01
+8.52362e+04 -9.75941e+04 1010112 0 2.0045e-01
+8.64774e+04 -9.75936e+04 1010113 0 1.6666e-01
+8.77183e+04 -9.75931e+04 1010114 0 1.3483e-01
+8.89588e+04 -9.75928e+04 1010115 0 1.0651e-01
+9.01991e+04 -9.75926e+04 1010116 0 8.5131e-02
+5.35145e+04 -7.83076e+04 3010010 1 4.1481e-01
+4.80895e+04 -7.67882e+04 3010044 1 4.2738e-01
+4.92642e+04 -7.68913e+04 3010045 1 4.2241e-01
+4.98893e+04 -7.57249e+04 3010084 1 3.9780e-01
+4.74354e+04 -9.64826e+04 1010122 0 1.2244e+00
+4.87283e+04 -9.64889e+04 1010123 0 1.1922e+00
+5.00245e+04 -9.64940e+04 1010124 0 1.1586e+00
+5.13232e+04 -9.64980e+04 1010125 0 1.1237e+00
+5.26239e+04 -9.65010e+04 1010126 0 1.0881e+00
+5.39262e+04 -9.65031e+04 1010127 0 1.0517e+00
+5.52294e+04 -9.65044e+04 1010128 0 1.0148e+00
+5.65332e+04 -9.65050e+04 1010129 0 9.7774e-01
+5.78373e+04 -9.65050e+04 1010130 0 9.4049e-01
+5.91413e+04 -9.65045e+04 1010131 0 9.0276e-01
+6.04449e+04 -9.65035e+04 1010132 0 8.6503e-01
+6.17479e+04 -9.65022e+04 1010133 0 8.2741e-01
+6.30502e+04 -9.65006e+04 1010134 0 7.8994e-01
+6.43517e+04 -9.64988e+04 1010135 0 7.5263e-01
+6.56521e+04 -9.64968e+04 1010136 0 7.1554e-01
+6.69515e+04 -9.64946e+04 1010137 0 6.7869e-01
+6.82497e+04 -9.64924e+04 1010138 0 6.4180e-01
+6.95467e+04 -9.64901e+04 1010139 0 6.0553e-01
+7.08425e+04 -9.64878e+04 1010140 0 5.6931e-01
+7.21371e+04 -9.64855e+04 1010141 0 5.3370e-01
+7.34305e+04 -9.64833e+04 1010142 0 4.9820e-01
+7.47228e+04 -9.64811e+04 1010143 0 4.6308e-01
+7.60140e+04 -9.64790e+04 1010144 0 4.2858e-01
+7.73040e+04 -9.64769e+04 1010145 0 3.9430e-01
+7.85930e+04 -9.64750e+04 1010146 0 3.6051e-01
+7.98811e+04 -9.64731e+04 1010147 0 3.2727e-01
+8.11681e+04 -9.64714e+04 1010148 0 2.9479e-01
+8.24542e+04 -9.64698e+04 1010149 0 2.6295e-01
+8.37396e+04 -9.64684e+04 1010150 0 2.3210e-01
+8.50242e+04 -9.64671e+04 1010151 0 2.0257e-01
+8.63082e+04 -9.64660e+04 1010152 0 1.7492e-01
+8.75917e+04 -9.64650e+04 1010153 0 1.5006e-01
+8.88747e+04 -9.64644e+04 1010154 0 1.2951e-01
+9.01575e+04 -9.64639e+04 1010155 0 1.1550e-01
+5.47654e+04 -7.83479e+04 3010011 1 4.0523e-01
+4.86107e+04 -7.80358e+04 3010006 1 4.4698e-01
+5.04509e+04 -7.69804e+04 3010046 1 4.1668e-01
+5.16488e+04 -7.70568e+04 3010047 1 4.1013e-01
+5.10555e+04 -7.58171e+04 3010085 1 3.9338e-01
+4.73550e+04 -9.54005e+04 1010162 0 1.0738e+00
+4.86917e+04 -9.54105e+04 1010163 0 1.0439e+00
+5.00321e+04 -9.54185e+04 1010164 0 1.0128e+00
+5.13756e+04 -9.54247e+04 1010165 0 9.8109e-01
+5.27213e+04 -9.54291e+04 1010166 0 9.4893e-01
+5.40685e+04 -9.54322e+04 1010167 0 9.1598e-01
+5.54168e+04 -9.54340e+04 1010168 0 8.8276e-01
+5.67655e+04 -9.54346e+04 1010169 0 8.4938e-01
+5.81143e+04 -9.54343e+04 1010170 0 8.1594e-01
+5.94626e+04 -9.54332e+04 1010171 0 7.8251e-01
+6.08103e+04 -9.54315e+04 1010172 0 7.4919e-01
+6.21571e+04 -9.54292e+04 1010173 0 7.1561e-01
+6.35028e+04 -9.54264e+04 1010174 0 6.8257e-01
+6.48472e+04 -9.54233e+04 1010175 0 6.4941e-01
+6.61901e+04 -9.54199e+04 1010176 0 6.1653e-01
+6.75315e+04 -9.54164e+04 1010177 0 5.8427e-01
+6.88713e+04 -9.54128e+04 1010178 0 5.5204e-01
+7.02095e+04 -9.54091e+04 1010179 0 5.2016e-01
+7.15462e+04 -9.54054e+04 1010180 0 4.8892e-01
+7.28813e+04 -9.54017e+04 1010181 0 4.5782e-01
+7.42148e+04 -9.53982e+04 1010182 0 4.2718e-01
+7.55467e+04 -9.53947e+04 1010183 0 3.9703e-01
+7.68772e+04 -9.53914e+04 1010184 0 3.6743e-01
+7.82064e+04 -9.53882e+04 1010185 0 3.3857e-01
+7.95342e+04 -9.53852e+04 1010186 0 3.1024e-01
+8.08608e+04 -9.53824e+04 1010187 0 2.8273e-01
+8.21862e+04 -9.53797e+04 1010188 0 2.5623e-01
+8.35104e+04 -9.53774e+04 1010189 0 2.3103e-01
+8.48338e+04 -9.53753e+04 1010190 0 2.0751e-01
+8.61563e+04 -9.53734e+04 1010191 0 1.8619e-01
+8.74780e+04 -9.53719e+04 1010192 0 1.6785e-01
+8.87992e+04 -9.53708e+04 1010193 0 1.5348e-01
+9.01200e+04 -9.53701e+04 1010194 0 1.4422e-01
+5.60247e+04 -7.83791e+04 3010012 1 3.9509e-01
+4.98202e+04 -7.81224e+04 3010007 1 4.3999e-01
+5.28574e+04 -7.71212e+04 3010048 1 4.0295e-01
+5.40759e+04 -7.71747e+04 3010049 1 3.9498e-01
+5.22326e+04 -7.58967e+04 3010086 1 3.8805e-01
+5.34200e+04 -7.59646e+04 3010087 1 3.8203e-01
+5.27925e+04 -7.47170e+04 3010125 1 3.6611e-01
+5.16343e+04 -7.46337e+04 3010124 1 3.7035e-01
+5.79850e+04 -7.37610e+04 3010168 1 3.2364e-01
+4.75152e+04 -9.43532e+04 1010202 0 9.2203e-01
+4.88915e+04 -9.43666e+04 1010203 0 8.9514e-01
+5.02719e+04 -9.43772e+04 1010204 0 8.6727e-01
+5.16555e+04 -9.43852e+04 1010205 0 8.3910e-01
+5.30413e+04 -9.43908e+04 1010206 0 8.1060e-01
+5.44285e+04 -9.43944e+04 1010207 0 7.8189e-01
+5.58166e+04 -9.43962e+04 1010208 0 7.5264e-01
+5.72049e+04 -9.43965e+04 1010209 0 7.2378e-01
+5.85928e+04 -9.43955e+04 1010210 0 6.9461e-01
+5.99801e+04 -9.43934e+04 1010211 0 6.6590e-01
+6.13664e+04 -9.43904e+04 1010212 0 6.3697e-01
+6.27513e+04 -9.43867e+04 1010213 0 6.0856e-01
+6.41346e+04 -9.43824e+04 1010214 0 5.8010e-01
+6.55162e+04 -9.43777e+04 1010215 0 5.5194e-01
+6.68960e+04 -9.43727e+04 1010216 0 5.2438e-01
+6.82738e+04 -9.43675e+04 1010217 0 4.9686e-01
+6.96497e+04 -9.43621e+04 1010218 0 4.6973e-01
+7.10236e+04 -9.43568e+04 1010219 0 4.4306e-01
+7.23956e+04 -9.43515e+04 1010220 0 4.1684e-01
+7.37656e+04 -9.43463e+04 1010221 0 3.9113e-01
+7.51338e+04 -9.43412e+04 1010222 0 3.6596e-01
+7.65002e+04 -9.43364e+04 1010223 0 3.4156e-01
+7.78648e+04 -9.43318e+04 1010224 0 3.1772e-01
+7.92278e+04 -9.43274e+04 1010225 0 2.9469e-01
+8.05893e+04 -9.43233e+04 1010226 0 2.7262e-01
+8.19494e+04 -9.43194e+04 1010227 0 2.5168e-01
+8.33082e+04 -9.43159e+04 1010228 0 2.3214e-01
+8.46657e+04 -9.43128e+04 1010229 0 2.1434e-01
+8.60221e+04 -9.43102e+04 1010230 0 1.9870e-01
+8.73777e+04 -9.43080e+04 1010231 0 1.8569e-01
+8.87326e+04 -9.43063e+04 1010232 0 1.7586e-01
+9.00870e+04 -9.43053e+04 1010233 0 1.6972e-01
+8.08215e+04 -7.82055e+04 3010031 1 1.8910e-01
+5.10411e+04 -7.81958e+04 3010008 1 4.3220e-01
+5.77840e+04 -7.72792e+04 3010052 1 3.6787e-01
+5.53036e+04 -7.72183e+04 3010050 1 3.8644e-01
+5.65399e+04 -7.72528e+04 3010051 1 3.7740e-01
+5.46173e+04 -7.60217e+04 3010088 1 3.7518e-01
+5.51385e+04 -7.48496e+04 3010127 1 3.5530e-01
+5.39607e+04 -7.47886e+04 3010126 1 3.6110e-01
+5.63252e+04 -7.49007e+04 3010128 1 3.4879e-01
+4.79098e+04 -9.33366e+04 1010242 0 7.7283e-01
+4.93212e+04 -9.33528e+04 1010243 0 7.4939e-01
+5.07366e+04 -9.33652e+04 1010244 0 7.2568e-01
+5.21551e+04 -9.33742e+04 1010245 0 7.0175e-01
+5.35756e+04 -9.33803e+04 1010246 0 6.7766e-01
+5.49972e+04 -9.33838e+04 1010247 0 6.5320e-01
+5.64194e+04 -9.33850e+04 1010248 0 6.2920e-01
+5.78414e+04 -9.33843e+04 1010249 0 6.0487e-01
+5.92628e+04 -9.33820e+04 1010250 0 5.8066e-01
+6.06829e+04 -9.33784e+04 1010251 0 5.5701e-01
+6.21017e+04 -9.33738e+04 1010252 0 5.3328e-01
+6.35187e+04 -9.33682e+04 1010253 0 5.0981e-01
+6.49338e+04 -9.33621e+04 1010254 0 4.8663e-01
+6.63467e+04 -9.33554e+04 1010255 0 4.6380e-01
+6.77575e+04 -9.33485e+04 1010256 0 4.4165e-01
+6.91660e+04 -9.33414e+04 1010257 0 4.1963e-01
+7.05721e+04 -9.33342e+04 1010258 0 3.9805e-01
+7.19760e+04 -9.33270e+04 1010259 0 3.7696e-01
+7.33776e+04 -9.33200e+04 1010260 0 3.5646e-01
+7.47771e+04 -9.33132e+04 1010261 0 3.3655e-01
+7.61745e+04 -9.33066e+04 1010262 0 3.1729e-01
+7.75698e+04 -9.33003e+04 1010263 0 2.9877e-01
+7.89632e+04 -9.32944e+04 1010264 0 2.8111e-01
+8.03549e+04 -9.32888e+04 1010265 0 2.6446e-01
+8.17450e+04 -9.32837e+04 1010266 0 2.4891e-01
+8.31335e+04 -9.32789e+04 1010267 0 2.3465e-01
+8.45206e+04 -9.32747e+04 1010268 0 2.2190e-01
+8.59064e+04 -9.32711e+04 1010269 0 2.1099e-01
+8.72913e+04 -9.32681e+04 1010270 0 2.0215e-01
+8.86752e+04 -9.32658e+04 1010271 0 1.9561e-01
+9.00586e+04 -9.32643e+04 1010272 0 1.9160e-01
+8.21469e+04 -7.81902e+04 3010032 1 1.8119e-01
+5.22729e+04 -7.82572e+04 3010009 1 4.2372e-01
+5.72918e+04 -7.84022e+04 3010013 1 3.8459e-01
+6.15577e+04 -7.73176e+04 3010055 1 3.3706e-01
+5.90355e+04 -7.72983e+04 3010053 1 3.5793e-01
+6.02935e+04 -7.73108e+04 3010054 1 3.4763e-01
+5.70385e+04 -7.61072e+04 3010090 1 3.5965e-01
+5.58236e+04 -7.60690e+04 3010089 1 3.6769e-01
+5.82614e+04 -7.61372e+04 3010091 1 3.5105e-01
+4.70938e+04 -9.23236e+04 1010281 0 6.5019e-01
+4.85299e+04 -9.23465e+04 1010282 0 6.3115e-01
+4.99711e+04 -9.23642e+04 1010283 0 6.1199e-01
+5.14161e+04 -9.23773e+04 1010284 0 5.9232e-01
+5.28637e+04 -9.23864e+04 1010285 0 5.7322e-01
+5.43129e+04 -9.23919e+04 1010286 0 5.5374e-01
+5.57630e+04 -9.23944e+04 1010287 0 5.3434e-01
+5.72132e+04 -9.23943e+04 1010288 0 5.1544e-01
+5.86627e+04 -9.23920e+04 1010289 0 4.9646e-01
+6.01112e+04 -9.23879e+04 1010290 0 4.7767e-01
+6.15582e+04 -9.23823e+04 1010291 0 4.5910e-01
+6.30032e+04 -9.23755e+04 1010292 0 4.4087e-01
+6.44462e+04 -9.23678e+04 1010293 0 4.2300e-01
+6.58869e+04 -9.23595e+04 1010294 0 4.0546e-01
+6.73251e+04 -9.23507e+04 1010295 0 3.8850e-01
+6.87608e+04 -9.23416e+04 1010296 0 3.7178e-01
+7.01939e+04 -9.23325e+04 1010297 0 3.5552e-01
+7.16246e+04 -9.23234e+04 1010298 0 3.3973e-01
+7.30527e+04 -9.23144e+04 1010299 0 3.2446e-01
+7.44783e+04 -9.23056e+04 1010300 0 3.0982e-01
+7.59016e+04 -9.22972e+04 1010301 0 2.9583e-01
+7.73227e+04 -9.22891e+04 1010302 0 2.8252e-01
+7.87417e+04 -9.22815e+04 1010303 0 2.6995e-01
+8.01586e+04 -9.22744e+04 1010304 0 2.5828e-01
+8.15737e+04 -9.22678e+04 1010305 0 2.4757e-01
+8.29872e+04 -9.22618e+04 1010306 0 2.3789e-01
+8.43992e+04 -9.22563e+04 1010307 0 2.2935e-01
+8.58096e+04 -9.22516e+04 1010308 0 2.2212e-01
+8.72189e+04 -9.22477e+04 1010309 0 2.1639e-01
+8.86272e+04 -9.22447e+04 1010310 0 2.1220e-01
+9.00348e+04 -9.22428e+04 1010311 0 2.0965e-01
+8.34730e+04 -7.81764e+04 3010033 1 1.7405e-01
+5.85659e+04 -7.84179e+04 3010014 1 3.7377e-01
+6.41022e+04 -7.73168e+04 3010057 1 3.1517e-01
+6.28274e+04 -7.73194e+04 3010056 1 3.2619e-01
+6.07286e+04 -7.61760e+04 3010093 1 3.3240e-01
+5.94916e+04 -7.61599e+04 3010092 1 3.4194e-01
+5.87234e+04 -7.49769e+04 3010130 1 3.3395e-01
+5.75204e+04 -7.49429e+04 3010129 1 3.4163e-01
+4.79037e+04 -9.13547e+04 1010321 0 5.2114e-01
+4.93645e+04 -9.13782e+04 1010322 0 5.0750e-01
+5.08298e+04 -9.13959e+04 1010323 0 4.9366e-01
+5.22984e+04 -9.14084e+04 1010324 0 4.7986e-01
+5.37691e+04 -9.14163e+04 1010325 0 4.6548e-01
+5.52409e+04 -9.14203e+04 1010326 0 4.5121e-01
+5.67130e+04 -9.14209e+04 1010327 0 4.3706e-01
+5.81847e+04 -9.14187e+04 1010328 0 4.2317e-01
+5.96553e+04 -9.14141e+04 1010329 0 4.0920e-01
+6.11244e+04 -9.14076e+04 1010330 0 3.9552e-01
+6.25917e+04 -9.13995e+04 1010331 0 3.8199e-01
+6.40566e+04 -9.13903e+04 1010332 0 3.6882e-01
+6.55192e+04 -9.13802e+04 1010333 0 3.5603e-01
+6.69793e+04 -9.13695e+04 1010334 0 3.4361e-01
+6.84366e+04 -9.13584e+04 1010335 0 3.3154e-01
+6.98912e+04 -9.13472e+04 1010336 0 3.1998e-01
+7.13430e+04 -9.13360e+04 1010337 0 3.0891e-01
+7.27923e+04 -9.13249e+04 1010338 0 2.9839e-01
+7.42388e+04 -9.13142e+04 1010339 0 2.8830e-01
+7.56828e+04 -9.13038e+04 1010340 0 2.7883e-01
+7.71245e+04 -9.12939e+04 1010341 0 2.6997e-01
+7.85639e+04 -9.12845e+04 1010342 0 2.6170e-01
+8.00011e+04 -9.12758e+04 1010343 0 2.5411e-01
+8.14364e+04 -9.12677e+04 1010344 0 2.4733e-01
+8.28699e+04 -9.12602e+04 1010345 0 2.4129e-01
+8.43018e+04 -9.12535e+04 1010346 0 2.3600e-01
+8.57321e+04 -9.12476e+04 1010347 0 2.3150e-01
+8.71610e+04 -9.12428e+04 1010348 0 2.2799e-01
+8.85888e+04 -9.12390e+04 1010349 0 2.2542e-01
+9.00158e+04 -9.12366e+04 1010350 0 2.2383e-01
+8.47996e+04 -7.81641e+04 3010034 1 1.6805e-01
+5.98464e+04 -7.84272e+04 3010015 1 3.6261e-01
+6.66648e+04 -7.73012e+04 3010059 1 2.9280e-01
+6.53814e+04 -7.73106e+04 3010058 1 3.0402e-01
+6.44753e+04 -7.61921e+04 3010096 1 3.0205e-01
+6.32210e+04 -7.61914e+04 3010095 1 3.1242e-01
+6.19719e+04 -7.61863e+04 3010094 1 3.2254e-01
+6.23748e+04 -7.50374e+04 3010133 1 3.0782e-01
+6.11511e+04 -7.50234e+04 3010132 1 3.1695e-01
+5.99338e+04 -7.50035e+04 3010131 1 3.2569e-01
+5.91697e+04 -7.37991e+04 3010169 1 3.1673e-01
+4.74498e+04 -9.03745e+04 1010360 0 4.2325e-01
+4.89241e+04 -9.04041e+04 1010361 0 4.1421e-01
+5.04035e+04 -9.04265e+04 1010362 0 4.0500e-01
+5.18866e+04 -9.04425e+04 1010363 0 3.9599e-01
+5.33723e+04 -9.04529e+04 1010364 0 3.8703e-01
+5.48594e+04 -9.04585e+04 1010365 0 3.7772e-01
+5.63470e+04 -9.04599e+04 1010366 0 3.6859e-01
+5.78344e+04 -9.04578e+04 1010367 0 3.5959e-01
+5.93209e+04 -9.04528e+04 1010368 0 3.5061e-01
+6.08058e+04 -9.04454e+04 1010369 0 3.4192e-01
+6.22890e+04 -9.04361e+04 1010370 0 3.3357e-01
+6.37699e+04 -9.04254e+04 1010371 0 3.2512e-01
+6.52483e+04 -9.04135e+04 1010372 0 3.1695e-01
+6.67241e+04 -9.04009e+04 1010373 0 3.0912e-01
+6.81972e+04 -9.03878e+04 1010374 0 3.0149e-01
+6.96674e+04 -9.03744e+04 1010375 0 2.9412e-01
+7.11348e+04 -9.03611e+04 1010376 0 2.8715e-01
+7.25995e+04 -9.03480e+04 1010377 0 2.8046e-01
+7.40614e+04 -9.03351e+04 1010378 0 2.7408e-01
+7.55206e+04 -9.03227e+04 1010379 0 2.6808e-01
+7.69774e+04 -9.03109e+04 1010380 0 2.6251e-01
+7.84319e+04 -9.02998e+04 1010381 0 2.5731e-01
+7.98841e+04 -9.02894e+04 1010382 0 2.5251e-01
+8.13342e+04 -9.02797e+04 1010383 0 2.4819e-01
+8.27826e+04 -9.02709e+04 1010384 0 2.4435e-01
+8.42293e+04 -9.02629e+04 1010385 0 2.4092e-01
+8.56744e+04 -9.02558e+04 1010386 0 2.3794e-01
+8.71180e+04 -9.02499e+04 1010387 0 2.3560e-01
+8.85603e+04 -9.02453e+04 1010388 0 2.3384e-01
+9.00017e+04 -9.02423e+04 1010389 0 2.3272e-01
+8.61269e+04 -7.81537e+04 3010035 1 1.6295e-01
+6.11327e+04 -7.84309e+04 3010016 1 3.5130e-01
+7.05356e+04 -7.72598e+04 3010062 1 2.5908e-01
+6.92423e+04 -7.72753e+04 3010061 1 2.7027e-01
+6.69978e+04 -7.61826e+04 3010098 1 2.8067e-01
+6.57344e+04 -7.61890e+04 3010097 1 2.9143e-01
+4.71704e+04 -8.94031e+04 1010399 0 3.3465e-01
+4.86519e+04 -8.94384e+04 1010400 0 3.3145e-01
+5.01389e+04 -8.94653e+04 1010401 0 3.2765e-01
+5.16301e+04 -8.94846e+04 1010402 0 3.2384e-01
+5.31242e+04 -8.94973e+04 1010403 0 3.2011e-01
+5.46201e+04 -8.95044e+04 1010404 0 3.1602e-01
+5.61167e+04 -8.95065e+04 1010405 0 3.1204e-01
+5.76133e+04 -8.95045e+04 1010406 0 3.0808e-01
+5.91092e+04 -8.94991e+04 1010407 0 3.0390e-01
+6.06038e+04 -8.94908e+04 1010408 0 2.9961e-01
+6.20965e+04 -8.94803e+04 1010409 0 2.9546e-01
+6.35872e+04 -8.94681e+04 1010410 0 2.9123e-01
+6.50754e+04 -8.94545e+04 1010411 0 2.8704e-01
+6.65610e+04 -8.94400e+04 1010412 0 2.8293e-01
+6.80438e+04 -8.94249e+04 1010413 0 2.7893e-01
+6.95239e+04 -8.94095e+04 1010414 0 2.7494e-01
+7.10010e+04 -8.93941e+04 1010415 0 2.7109e-01
+7.24754e+04 -8.93789e+04 1010416 0 2.6742e-01
+7.39471e+04 -8.93641e+04 1010417 0 2.6381e-01
+7.54160e+04 -8.93497e+04 1010418 0 2.6032e-01
+7.68824e+04 -8.93361e+04 1010419 0 2.5716e-01
+7.83465e+04 -8.93232e+04 1010420 0 2.5418e-01
+7.98083e+04 -8.93112e+04 1010421 0 2.5136e-01
+8.12681e+04 -8.93001e+04 1010422 0 2.4881e-01
+8.27260e+04 -8.92899e+04 1010423 0 2.4655e-01
+8.41823e+04 -8.92806e+04 1010424 0 2.4450e-01
+8.56371e+04 -8.92724e+04 1010425 0 2.4260e-01
+8.70902e+04 -8.92654e+04 1010426 0 2.4102e-01
+8.85420e+04 -8.92598e+04 1010427 0 2.3976e-01
+8.99927e+04 -8.92561e+04 1010428 0 2.3889e-01
+8.74548e+04 -7.81452e+04 3010036 1 1.5888e-01
+6.24243e+04 -7.84296e+04 3010017 1 3.3976e-01
+7.44300e+04 -7.72079e+04 3010065 1 2.2627e-01
+7.31298e+04 -7.72257e+04 3010064 1 2.3692e-01
+7.18315e+04 -7.72431e+04 3010063 1 2.4793e-01
+6.79519e+04 -7.72893e+04 3010060 1 2.8154e-01
+6.95363e+04 -7.61622e+04 3010100 1 2.5890e-01
+6.85722e+04 -7.50414e+04 3010138 1 2.5776e-01
+6.60791e+04 -7.50506e+04 3010136 1 2.7847e-01
+6.48392e+04 -7.50504e+04 3010135 1 2.8853e-01
+6.36043e+04 -7.50462e+04 3010134 1 2.9831e-01
+6.03617e+04 -7.38297e+04 3010170 1 3.0926e-01
+4.70659e+04 -8.84378e+04 1010438 0 2.7467e-01
+4.85482e+04 -8.84781e+04 1010439 0 2.7685e-01
+5.00364e+04 -8.85087e+04 1010440 0 2.7849e-01
+5.15292e+04 -8.85309e+04 1010441 0 2.7957e-01
+5.30252e+04 -8.85456e+04 1010442 0 2.8027e-01
+5.45233e+04 -8.85538e+04 1010443 0 2.8038e-01
+5.60224e+04 -8.85565e+04 1010444 0 2.8005e-01
+5.75218e+04 -8.85545e+04 1010445 0 2.7946e-01
+5.90207e+04 -8.85486e+04 1010446 0 2.7842e-01
+6.05184e+04 -8.85394e+04 1010447 0 2.7704e-01
+6.20146e+04 -8.85277e+04 1010448 0 2.7555e-01
+6.35088e+04 -8.85140e+04 1010449 0 2.7381e-01
+6.50006e+04 -8.84987e+04 1010450 0 2.7181e-01
+6.64899e+04 -8.84824e+04 1010451 0 2.6976e-01
+6.79766e+04 -8.84654e+04 1010452 0 2.6766e-01
+6.94606e+04 -8.84481e+04 1010453 0 2.6543e-01
+7.09417e+04 -8.84307e+04 1010454 0 2.6317e-01
+7.24202e+04 -8.84136e+04 1010455 0 2.6102e-01
+7.38959e+04 -8.83968e+04 1010456 0 2.5881e-01
+7.53690e+04 -8.83806e+04 1010457 0 2.5659e-01
+7.68395e+04 -8.83652e+04 1010458 0 2.5459e-01
+7.83077e+04 -8.83507e+04 1010459 0 2.5269e-01
+7.97738e+04 -8.83371e+04 1010460 0 2.5085e-01
+8.12378e+04 -8.83246e+04 1010461 0 2.4915e-01
+8.27000e+04 -8.83132e+04 1010462 0 2.4771e-01
+8.41607e+04 -8.83028e+04 1010463 0 2.4639e-01
+8.56200e+04 -8.82935e+04 1010464 0 2.4509e-01
+8.70777e+04 -8.82854e+04 1010465 0 2.4388e-01
+8.85339e+04 -8.82788e+04 1010466 0 2.4276e-01
+8.99887e+04 -8.82744e+04 1010467 0 2.4191e-01
+8.87831e+04 -7.81388e+04 3010037 1 1.5588e-01
+6.37206e+04 -7.84240e+04 3010018 1 3.2815e-01
+7.70358e+04 -7.71724e+04 3010067 1 2.0589e-01
+7.57321e+04 -7.71900e+04 3010066 1 2.1591e-01
+7.33674e+04 -7.61196e+04 3010103 1 2.2635e-01
+7.08105e+04 -7.61492e+04 3010101 1 2.4789e-01
+6.82653e+04 -7.61735e+04 3010099 1 2.6980e-01
+6.73235e+04 -7.50475e+04 3010137 1 2.6819e-01
+4.71359e+04 -8.74760e+04 1010477 0 2.7054e-01
+4.86126e+04 -8.75201e+04 1010478 0 2.7530e-01
+5.00957e+04 -8.75537e+04 1010479 0 2.7872e-01
+5.15836e+04 -8.75779e+04 1010480 0 2.8137e-01
+5.30750e+04 -8.75940e+04 1010481 0 2.8317e-01
+5.45688e+04 -8.76031e+04 1010482 0 2.8402e-01
+5.60640e+04 -8.76060e+04 1010483 0 2.8414e-01
+5.75597e+04 -8.76037e+04 1010484 0 2.8373e-01
+5.90552e+04 -8.75972e+04 1010485 0 2.8278e-01
+6.05497e+04 -8.75871e+04 1010486 0 2.8130e-01
+6.20429e+04 -8.75741e+04 1010487 0 2.7959e-01
+6.35344e+04 -8.75589e+04 1010488 0 2.7742e-01
+6.50238e+04 -8.75421e+04 1010489 0 2.7510e-01
+6.65109e+04 -8.75241e+04 1010490 0 2.7270e-01
+6.79955e+04 -8.75053e+04 1010491 0 2.7019e-01
+6.94775e+04 -8.74861e+04 1010492 0 2.6764e-01
+7.09569e+04 -8.74670e+04 1010493 0 2.6508e-01
+7.24337e+04 -8.74480e+04 1010494 0 2.6263e-01
+7.39079e+04 -8.74294e+04 1010495 0 2.6011e-01
+7.53795e+04 -8.74115e+04 1010496 0 2.5761e-01
+7.68487e+04 -8.73945e+04 1010497 0 2.5537e-01
+7.83156e+04 -8.73784e+04 1010498 0 2.5324e-01
+7.97805e+04 -8.73634e+04 1010499 0 2.5119e-01
+8.12434e+04 -8.73496e+04 1010500 0 2.4936e-01
+8.27046e+04 -8.73370e+04 1010501 0 2.4779e-01
+8.41644e+04 -8.73257e+04 1010502 0 2.4639e-01
+8.56228e+04 -8.73156e+04 1010503 0 2.4520e-01
+8.70800e+04 -8.73065e+04 1010504 0 2.4395e-01
+8.85356e+04 -8.72987e+04 1010505 0 2.4262e-01
+8.99896e+04 -8.72934e+04 1010506 0 2.4158e-01
+9.01118e+04 -7.81348e+04 3010038 1 1.5407e-01
+7.83409e+04 -7.71552e+04 3010068 1 1.9619e-01
+7.59336e+04 -7.60877e+04 3010105 1 2.0552e-01
+7.72196e+04 -7.60717e+04 3010106 1 1.9537e-01
+7.20877e+04 -7.61348e+04 3010102 1 2.3707e-01
+7.10804e+04 -7.50227e+04 3010140 1 2.3681e-01
+7.23394e+04 -7.50109e+04 3010141 1 2.2628e-01
+7.50779e+04 -7.38498e+04 3010182 1 1.9481e-01
+6.27657e+04 -7.38716e+04 3010172 1 2.9286e-01
+4.73799e+04 -8.65148e+04 1010516 0 3.2229e-01
+4.88453e+04 -8.65612e+04 1010517 0 3.2408e-01
+5.03171e+04 -8.65965e+04 1010518 0 3.2504e-01
+5.17939e+04 -8.66219e+04 1010519 0 3.2484e-01
+5.32744e+04 -8.66387e+04 1010520 0 3.2382e-01
+5.47575e+04 -8.66480e+04 1010521 0 3.2200e-01
+5.62423e+04 -8.66507e+04 1010522 0 3.1960e-01
+5.77278e+04 -8.66480e+04 1010523 0 3.1664e-01
+5.92135e+04 -8.66407e+04 1010524 0 3.1284e-01
+6.06985e+04 -8.66296e+04 1010525 0 3.0891e-01
+6.21825e+04 -8.66154e+04 1010526 0 3.0468e-01
+6.36650e+04 -8.65989e+04 1010527 0 3.0026e-01
+6.51457e+04 -8.65806e+04 1010528 0 2.9557e-01
+6.66244e+04 -8.65610e+04 1010529 0 2.9091e-01
+6.81008e+04 -8.65406e+04 1010530 0 2.8618e-01
+6.95749e+04 -8.65198e+04 1010531 0 2.8139e-01
+7.10466e+04 -8.64990e+04 1010532 0 2.7675e-01
+7.25160e+04 -8.64784e+04 1010533 0 2.7223e-01
+7.39830e+04 -8.64582e+04 1010534 0 2.6775e-01
+7.54475e+04 -8.64387e+04 1010535 0 2.6346e-01
+7.69098e+04 -8.64202e+04 1010536 0 2.5956e-01
+7.83700e+04 -8.64028e+04 1010537 0 2.5584e-01
+7.98283e+04 -8.63866e+04 1010538 0 2.5236e-01
+8.12847e+04 -8.63716e+04 1010539 0 2.4931e-01
+8.27396e+04 -8.63580e+04 1010540 0 2.4668e-01
+8.41930e+04 -8.63457e+04 1010541 0 2.4420e-01
+8.56454e+04 -8.63351e+04 1010542 0 2.4250e-01
+8.70968e+04 -8.63250e+04 1010543 0 2.4082e-01
+8.85466e+04 -8.63161e+04 1010544 0 2.3909e-01
+8.99950e+04 -8.63099e+04 1010545 0 2.3784e-01
+6.50210e+04 -7.84150e+04 3010019 1 3.1640e-01
+7.96472e+04 -7.71388e+04 3010069 1 1.8690e-01
+7.85073e+04 -7.60561e+04 3010107 1 1.8557e-01
+7.97964e+04 -7.60411e+04 3010108 1 1.7612e-01
+7.46495e+04 -7.61038e+04 3010104 1 2.1581e-01
+7.86715e+04 -7.49423e+04 3010146 1 1.7500e-01
+7.36013e+04 -7.49980e+04 3010142 1 2.1575e-01
+6.98246e+04 -7.50330e+04 3010139 1 2.4733e-01
+7.48656e+04 -7.49844e+04 3010143 1 2.0539e-01
+6.15605e+04 -7.38537e+04 3010171 1 3.0131e-01
+4.77957e+04 -8.55499e+04 1010555 0 4.0054e-01
+4.92433e+04 -8.55970e+04 1010556 0 3.9795e-01
+5.06972e+04 -8.56327e+04 1010557 0 3.9425e-01
+5.21562e+04 -8.56584e+04 1010558 0 3.8978e-01
+5.36191e+04 -8.56751e+04 1010559 0 3.8426e-01
+5.50850e+04 -8.56841e+04 1010560 0 3.7833e-01
+5.65528e+04 -8.56863e+04 1010561 0 3.7134e-01
+5.80217e+04 -8.56828e+04 1010562 0 3.6426e-01
+5.94910e+04 -8.56746e+04 1010563 0 3.5658e-01
+6.09602e+04 -8.56625e+04 1010564 0 3.4885e-01
+6.24287e+04 -8.56472e+04 1010565 0 3.4085e-01
+6.38961e+04 -8.56295e+04 1010566 0 3.3261e-01
+6.53620e+04 -8.56100e+04 1010567 0 3.2447e-01
+6.68263e+04 -8.55890e+04 1010568 0 3.1636e-01
+6.82888e+04 -8.55673e+04 1010569 0 3.0816e-01
+6.97492e+04 -8.55452e+04 1010570 0 3.0013e-01
+7.12076e+04 -8.55231e+04 1010571 0 2.9259e-01
+7.26639e+04 -8.55011e+04 1010572 0 2.8515e-01
+7.41181e+04 -8.54796e+04 1010573 0 2.7790e-01
+7.55701e+04 -8.54588e+04 1010574 0 2.7108e-01
+7.70202e+04 -8.54391e+04 1010575 0 2.6474e-01
+7.84685e+04 -8.54206e+04 1010576 0 2.5877e-01
+7.99149e+04 -8.54034e+04 1010577 0 2.5321e-01
+8.13597e+04 -8.53875e+04 1010578 0 2.4830e-01
+8.28032e+04 -8.53731e+04 1010579 0 2.4410e-01
+8.42453e+04 -8.53599e+04 1010580 0 2.4012e-01
+8.56863e+04 -8.53491e+04 1010581 0 2.3709e-01
+8.71266e+04 -8.53382e+04 1010582 0 2.3480e-01
+8.85658e+04 -8.53284e+04 1010583 0 2.3283e-01
+9.00044e+04 -8.53218e+04 1010584 0 2.3151e-01
+6.63252e+04 -7.84029e+04 3010020 1 3.0463e-01
+8.48822e+04 -7.70847e+04 3010073 1 1.5644e-01
+8.22630e+04 -7.71090e+04 3010071 1 1.6992e-01
+8.09546e+04 -7.71233e+04 3010070 1 1.7811e-01
+8.10867e+04 -7.60269e+04 3010109 1 1.6712e-01
+8.36707e+04 -7.60019e+04 3010111 1 1.5145e-01
+7.74010e+04 -7.49562e+04 3010145 1 1.8490e-01
+6.39768e+04 -7.38842e+04 3010173 1 2.8398e-01
+4.69502e+04 -8.45164e+04 1010593 0 4.8535e-01
+4.83649e+04 -8.45758e+04 1010594 0 4.7781e-01
+4.97873e+04 -8.46223e+04 1010595 0 4.6919e-01
+5.12162e+04 -8.46573e+04 1010596 0 4.5991e-01
+5.26504e+04 -8.46823e+04 1010597 0 4.4970e-01
+5.40887e+04 -8.46985e+04 1010598 0 4.3893e-01
+5.55303e+04 -8.47067e+04 1010599 0 4.2757e-01
+5.69743e+04 -8.47082e+04 1010600 0 4.1597e-01
+5.84199e+04 -8.47040e+04 1010601 1 4.0411e-01
+5.98665e+04 -8.46951e+04 1010602 1 3.9225e-01
+6.13135e+04 -8.46822e+04 1010603 1 3.8033e-01
+6.27604e+04 -8.46661e+04 1010604 1 3.6830e-01
+6.42067e+04 -8.46476e+04 1010605 1 3.5654e-01
+6.56523e+04 -8.46271e+04 1010606 1 3.4505e-01
+6.70968e+04 -8.46052e+04 1010607 1 3.3363e-01
+6.85400e+04 -8.45826e+04 1010608 1 3.2248e-01
+6.99818e+04 -8.45596e+04 1010609 1 3.1182e-01
+7.14220e+04 -8.45365e+04 1010610 1 3.0159e-01
+7.28606e+04 -8.45136e+04 1010611 1 2.9169e-01
+7.42975e+04 -8.44911e+04 1010612 1 2.8222e-01
+7.57328e+04 -8.44695e+04 1010613 1 2.7343e-01
+7.71666e+04 -8.44489e+04 1010614 1 2.6516e-01
+7.85989e+04 -8.44296e+04 1010615 1 2.5746e-01
+8.00296e+04 -8.44117e+04 1010616 1 2.5026e-01
+8.14590e+04 -8.43951e+04 1010617 1 2.4400e-01
+8.28872e+04 -8.43800e+04 1010618 1 2.3854e-01
+8.43145e+04 -8.43664e+04 1010619 1 2.3356e-01
+8.57406e+04 -8.43551e+04 1010620 1 2.2925e-01
+8.71659e+04 -8.43439e+04 1010621 1 2.2663e-01
+8.85912e+04 -8.43340e+04 1010622 1 2.2479e-01
+9.00167e+04 -8.43273e+04 1010623 1 2.2361e-01
+6.76328e+04 -7.83885e+04 3010021 1 2.9300e-01
+8.88808e+04 -7.48646e+04 3010154 1 1.1856e-01
+8.24922e+04 -7.49043e+04 3010149 1 1.4798e-01
+7.61323e+04 -7.49703e+04 3010144 1 1.9506e-01
+8.13460e+04 -7.37909e+04 3010187 1 1.4592e-01
+7.01066e+04 -7.38879e+04 3010178 1 2.3573e-01
+8.51252e+04 -7.37623e+04 3010190 1 1.2198e-01
+4.76465e+04 -8.35270e+04 1010632 1 5.2667e-01
+4.90292e+04 -8.35848e+04 1010633 1 5.1425e-01
+5.04199e+04 -8.36300e+04 1010634 1 5.0117e-01
+5.18176e+04 -8.36641e+04 1010635 1 4.8751e-01
+5.32210e+04 -8.36883e+04 1010636 1 4.7346e-01
+5.46292e+04 -8.37038e+04 1010637 1 4.5928e-01
+5.60413e+04 -8.37115e+04 1010638 1 4.4491e-01
+5.74565e+04 -8.37126e+04 1010639 1 4.3051e-01
+5.88742e+04 -8.37081e+04 1010640 1 4.1604e-01
+6.02936e+04 -8.36989e+04 1010641 1 4.0168e-01
+6.17143e+04 -8.36857e+04 1010642 1 3.8757e-01
+6.31357e+04 -8.36693e+04 1010643 1 3.7369e-01
+6.45575e+04 -8.36504e+04 1010644 1 3.6017e-01
+6.59793e+04 -8.36296e+04 1010645 1 3.4694e-01
+6.74009e+04 -8.36074e+04 1010646 1 3.3402e-01
+6.88219e+04 -8.35844e+04 1010647 1 3.2169e-01
+7.02422e+04 -8.35609e+04 1010648 1 3.0979e-01
+7.16616e+04 -8.35373e+04 1010649 1 2.9839e-01
+7.30801e+04 -8.35139e+04 1010650 1 2.8745e-01
+7.44975e+04 -8.34911e+04 1010651 1 2.7726e-01
+7.59140e+04 -8.34690e+04 1010652 1 2.6763e-01
+7.73294e+04 -8.34479e+04 1010653 1 2.5855e-01
+7.87437e+04 -8.34281e+04 1010654 1 2.5006e-01
+8.01570e+04 -8.34097e+04 1010655 1 2.4241e-01
+8.15693e+04 -8.33928e+04 1010656 1 2.3557e-01
+8.29807e+04 -8.33773e+04 1010657 1 2.2958e-01
+8.43915e+04 -8.33634e+04 1010658 1 2.2418e-01
+8.58013e+04 -8.33515e+04 1010659 1 2.1965e-01
+8.72107e+04 -8.33405e+04 1010660 1 2.1688e-01
+8.86205e+04 -8.33310e+04 1010661 1 2.1512e-01
+9.00311e+04 -8.33247e+04 1010662 1 2.1403e-01
+6.89432e+04 -7.83722e+04 3010022 1 2.8146e-01
+8.61929e+04 -7.70750e+04 3010074 1 1.5106e-01
+9.01281e+04 -7.70576e+04 3010077 1 1.4150e-01
+8.35722e+04 -7.70961e+04 3010072 1 1.6275e-01
+8.62583e+04 -7.59824e+04 3010113 1 1.3913e-01
+8.49641e+04 -7.59914e+04 3010112 1 1.4480e-01
+8.23782e+04 -7.60138e+04 3010110 1 1.5886e-01
+7.99437e+04 -7.49289e+04 3010147 1 1.6536e-01
+8.76017e+04 -7.48694e+04 3010153 1 1.2229e-01
+6.51934e+04 -7.38921e+04 3010174 1 2.7485e-01
+6.64150e+04 -7.38959e+04 3010175 1 2.6538e-01
+4.70299e+04 -8.24438e+04 1010670 1 5.3429e-01
+4.83680e+04 -8.25137e+04 1010671 1 5.2094e-01
+4.97160e+04 -8.25702e+04 1010672 1 5.0693e-01
+5.10727e+04 -8.26147e+04 1010673 1 4.9277e-01
+5.24370e+04 -8.26483e+04 1010674 1 4.7835e-01
+5.38078e+04 -8.26723e+04 1010675 1 4.6392e-01
+5.51842e+04 -8.26877e+04 1010676 1 4.4941e-01
+5.65655e+04 -8.26957e+04 1010677 1 4.3492e-01
+5.79508e+04 -8.26970e+04 1010678 1 4.2050e-01
+5.93396e+04 -8.26928e+04 1010679 1 4.0607e-01
+6.07310e+04 -8.26839e+04 1010680 1 3.9195e-01
+6.21246e+04 -8.26711e+04 1010681 1 3.7804e-01
+6.35200e+04 -8.26550e+04 1010682 1 3.6431e-01
+6.49166e+04 -8.26364e+04 1010683 1 3.5087e-01
+6.63140e+04 -8.26159e+04 1010684 1 3.3772e-01
+6.77121e+04 -8.25939e+04 1010685 1 3.2505e-01
+6.91105e+04 -8.25709e+04 1010686 1 3.1271e-01
+7.05089e+04 -8.25475e+04 1010687 1 3.0075e-01
+7.19071e+04 -8.25239e+04 1010688 1 2.8920e-01
+7.33051e+04 -8.25005e+04 1010689 1 2.7832e-01
+7.47027e+04 -8.24775e+04 1010690 1 2.6795e-01
+7.60998e+04 -8.24553e+04 1010691 1 2.5806e-01
+7.74965e+04 -8.24342e+04 1010692 1 2.4870e-01
+7.88925e+04 -8.24142e+04 1010693 1 2.3998e-01
+8.02879e+04 -8.23956e+04 1010694 1 2.3223e-01
+8.16828e+04 -8.23785e+04 1010695 1 2.2518e-01
+8.30772e+04 -8.23628e+04 1010696 1 2.1888e-01
+8.44710e+04 -8.23489e+04 1010697 1 2.1333e-01
+8.58645e+04 -8.23367e+04 1010698 1 2.0894e-01
+8.72579e+04 -8.23260e+04 1010699 1 2.0591e-01
+8.86519e+04 -8.23173e+04 1010700 1 2.0393e-01
+9.00466e+04 -8.23115e+04 1010701 1 2.0277e-01
+8.75042e+04 -7.70671e+04 3010075 1 1.4669e-01
+8.88486e+04 -7.59699e+04 3010115 1 1.3102e-01
+9.01603e+04 -7.48616e+04 3010155 1 1.1620e-01
+7.75793e+04 -7.38259e+04 3010184 1 1.7446e-01
+8.38644e+04 -7.37708e+04 3010189 1 1.2928e-01
+4.77680e+04 -8.14038e+04 1010709 1 5.1174e-01
+4.90727e+04 -8.14730e+04 1010710 1 4.9949e-01
+5.03878e+04 -8.15293e+04 1010711 1 4.8680e-01
+5.17121e+04 -8.15739e+04 1010712 1 4.7366e-01
+5.30446e+04 -8.16080e+04 1010713 1 4.6050e-01
+5.43844e+04 -8.16327e+04 1010714 1 4.4703e-01
+5.57306e+04 -8.16489e+04 1010715 1 4.3347e-01
+5.70825e+04 -8.16578e+04 1010716 1 4.1982e-01
+5.84392e+04 -8.16602e+04 1010717 1 4.0618e-01
+5.98002e+04 -8.16571e+04 1010718 1 3.9260e-01
+6.11647e+04 -8.16492e+04 1010719 1 3.7906e-01
+6.25323e+04 -8.16374e+04 1010720 1 3.6566e-01
+6.39023e+04 -8.16223e+04 1010721 1 3.5238e-01
+6.52744e+04 -8.16046e+04 1010722 1 3.3939e-01
+6.66482e+04 -8.15848e+04 1010723 1 3.2668e-01
+6.80234e+04 -8.15635e+04 1010724 1 3.1422e-01
+6.93995e+04 -8.15412e+04 1010725 1 3.0203e-01
+7.07763e+04 -8.15184e+04 1010726 1 2.9017e-01
+7.21537e+04 -8.14953e+04 1010727 1 2.7886e-01
+7.35313e+04 -8.14722e+04 1010728 1 2.6802e-01
+7.49092e+04 -8.14496e+04 1010729 1 2.5760e-01
+7.62871e+04 -8.14277e+04 1010730 1 2.4763e-01
+7.76650e+04 -8.14067e+04 1010731 1 2.3817e-01
+7.90428e+04 -8.13870e+04 1010732 1 2.2955e-01
+8.04204e+04 -8.13685e+04 1010733 1 2.2161e-01
+8.17978e+04 -8.13514e+04 1010734 1 2.1436e-01
+8.31750e+04 -8.13358e+04 1010735 1 2.0785e-01
+8.45521e+04 -8.13220e+04 1010736 1 2.0216e-01
+8.59291e+04 -8.13100e+04 1010737 1 1.9782e-01
+8.73064e+04 -8.12997e+04 1010738 1 1.9452e-01
+8.86843e+04 -8.12917e+04 1010739 1 1.9224e-01
+9.00627e+04 -8.12864e+04 1010740 1 1.9089e-01
+8.88160e+04 -7.70613e+04 3010076 1 1.4347e-01
+8.75532e+04 -7.59752e+04 3010114 1 1.3448e-01
+8.50452e+04 -7.48840e+04 3010151 1 1.3327e-01
+8.37682e+04 -7.48935e+04 3010150 1 1.4023e-01
+8.12173e+04 -7.49161e+04 3010148 1 1.5634e-01
+6.88720e+04 -7.38933e+04 3010177 1 2.4579e-01
+8.00888e+04 -7.38021e+04 3010186 1 1.5501e-01
+7.13447e+04 -7.38805e+04 3010179 1 2.2558e-01
+7.63275e+04 -7.38379e+04 3010183 1 1.8459e-01
+4.72166e+04 -8.02522e+04 1010747 1 4.9753e-01
+4.84791e+04 -8.03357e+04 1010748 1 4.8742e-01
+4.97532e+04 -8.04054e+04 1010749 1 4.7673e-01
+5.10380e+04 -8.04626e+04 1010750 1 4.6559e-01
+5.23324e+04 -8.05084e+04 1010751 1 4.5411e-01
+5.36355e+04 -8.05438e+04 1010752 1 4.4213e-01
+5.49465e+04 -8.05700e+04 1010753 1 4.2983e-01
+5.62645e+04 -8.05879e+04 1010754 1 4.1728e-01
+5.75888e+04 -8.05984e+04 1010755 1 4.0459e-01
+5.89185e+04 -8.06025e+04 1010756 1 3.9183e-01
+6.02532e+04 -8.06011e+04 1010757 1 3.7895e-01
+6.15921e+04 -8.05949e+04 1010758 1 3.6606e-01
+6.29348e+04 -8.05847e+04 1010759 1 3.5324e-01
+6.42806e+04 -8.05712e+04 1010760 1 3.4055e-01
+6.56292e+04 -8.05549e+04 1010761 1 3.2799e-01
+6.69801e+04 -8.05364e+04 1010762 1 3.1556e-01
+6.83329e+04 -8.05164e+04 1010763 1 3.0334e-01
+6.96874e+04 -8.04952e+04 1010764 1 2.9132e-01
+7.10432e+04 -8.04734e+04 1010765 1 2.7974e-01
+7.24000e+04 -8.04511e+04 1010766 1 2.6854e-01
+7.37578e+04 -8.04289e+04 1010767 1 2.5765e-01
+7.51162e+04 -8.04070e+04 1010768 1 2.4716e-01
+7.64751e+04 -8.03857e+04 1010769 1 2.3710e-01
+7.78344e+04 -8.03653e+04 1010770 1 2.2768e-01
+7.91940e+04 -8.03460e+04 1010771 1 2.1895e-01
+8.05538e+04 -8.03279e+04 1010772 1 2.1084e-01
+8.19138e+04 -8.03111e+04 1010773 1 2.0336e-01
+8.32739e+04 -8.02959e+04 1010774 1 1.9666e-01
+8.46342e+04 -8.02825e+04 1010775 1 1.9096e-01
+8.59947e+04 -8.02708e+04 1010776 1 1.8642e-01
+8.73557e+04 -8.02611e+04 1010777 1 1.8286e-01
+8.87171e+04 -8.02537e+04 1010778 1 1.8032e-01
+9.00790e+04 -8.02489e+04 1010779 1 1.7879e-01
+8.63231e+04 -7.48759e+04 3010152 1 1.2725e-01
+7.38307e+04 -7.38610e+04 3010181 1 2.0501e-01
+6.76414e+04 -7.38961e+04 3010176 1 2.5568e-01
+7.25862e+04 -7.38714e+04 3010180 1 2.1530e-01
+7.88332e+04 -7.38138e+04 3010185 1 1.6446e-01
+4.79284e+04 -7.91567e+04 1010786 1 4.7225e-01
+4.91630e+04 -7.92413e+04 1010787 1 4.6377e-01
+5.04093e+04 -7.93125e+04 1010788 1 4.5448e-01
+5.16664e+04 -7.93715e+04 1010789 1 4.4464e-01
+5.29333e+04 -7.94192e+04 1010790 1 4.3441e-01
+5.42093e+04 -7.94568e+04 1010791 1 4.2360e-01
+5.54935e+04 -7.94851e+04 1010792 1 4.1246e-01
+5.67851e+04 -7.95053e+04 1010793 1 4.0098e-01
+5.80835e+04 -7.95182e+04 1010794 1 3.8925e-01
+5.93879e+04 -7.95247e+04 1010795 1 3.7731e-01
+6.06977e+04 -7.95255e+04 1010796 1 3.6520e-01
+6.20123e+04 -7.95216e+04 1010797 1 3.5303e-01
+6.33312e+04 -7.95135e+04 1010798 1 3.4085e-01
+6.46538e+04 -7.95019e+04 1010799 1 3.2861e-01
+6.59798e+04 -7.94876e+04 1010800 1 3.1647e-01
+6.73086e+04 -7.94709e+04 1010801 1 3.0433e-01
+6.86398e+04 -7.94526e+04 1010802 1 2.9238e-01
+6.99733e+04 -7.94330e+04 1010803 1 2.8072e-01
+7.13085e+04 -7.94125e+04 1010804 1 2.6931e-01
+7.26454e+04 -7.93915e+04 1010805 1 2.5812e-01
+7.39835e+04 -7.93704e+04 1010806 1 2.4725e-01
+7.53228e+04 -7.93496e+04 1010807 1 2.3668e-01
+7.66630e+04 -7.93293e+04 1010808 1 2.2665e-01
+7.80039e+04 -7.93097e+04 1010809 1 2.1722e-01
+7.93455e+04 -7.92911e+04 1010810 1 2.0831e-01
+8.06877e+04 -7.92736e+04 1010811 1 2.0004e-01
+8.20303e+04 -7.92575e+04 1010812 1 1.9233e-01
+8.33734e+04 -7.92429e+04 1010813 1 1.8539e-01
+8.47169e+04 -7.92300e+04 1010814 1 1.7957e-01
+8.60608e+04 -7.92189e+04 1010815 1 1.7477e-01
+8.74052e+04 -7.92097e+04 1010816 1 1.7096e-01
+8.87501e+04 -7.92029e+04 1010817 1 1.6819e-01
+9.00954e+04 -7.91985e+04 1010818 1 1.6650e-01
+7.68501e+04 -7.82582e+04 3010028 1 2.1628e-01
+7.55283e+04 -7.82773e+04 3010027 1 2.2628e-01
+7.42078e+04 -7.82968e+04 3010026 1 2.3671e-01
+7.28888e+04 -7.83164e+04 3010025 1 2.4762e-01
+7.15716e+04 -7.83357e+04 3010024 1 2.5871e-01
+7.02563e+04 -7.83544e+04 3010023 1 2.7003e-01
+9.01443e+04 -7.59666e+04 3010116 1 1.2885e-01
+8.26045e+04 -7.37804e+04 3010188 1 1.3731e-01
+8.63870e+04 -7.37551e+04 3010191 1 1.1559e-01
