+4.76296e+04 -4.79432e+04 4010081 1 4.6127e-02
+7.95803e+04 -2.45650e+04 7010028 1 5.9682e-02
+4.76797e+04 -4.66722e+04 4010122 1 4.8782e-02
+8.06605e+04 -2.45750e+04 7010029 1 5.9673e-02
+5.55013e+04 -2.41002e+04 7010006 1 6.3565e-02
+5.21467e+04 -2.40024e+04 7010003 1 6.4969e-02
+4.77230e+04 -4.54013e+04 4010163 1 5.1150e-02
+4.77597e+04 -4.41308e+04 4010204 1 5.3240e-02
+5.99412e+04 -2.42189e+04 7010010 1 6.2078e-02
+6.10458e+04 -2.42463e+04 7010011 1 6.1779e-02
+4.77902e+04 -4.28605e+04 4010245 1 5.5077e-02
+6.21484e+04 -2.42728e+04 7010012 1 6.1504e-02
+4.78337e+04 -4.03210e+04 4010327 1 5.8053e-02
+4.78148e+04 -4.15905e+04 4010286 1 5.6674e-02
+4.78472e+04 -3.90519e+04 4010368 1 5.9244e-02
+4.78397e+04 -3.27135e+04 4010573 1 6.3165e-02
+4.78555e+04 -3.77832e+04 4010409 1 6.0264e-02
+6.87263e+04 -2.44118e+04 7010018 1 6.0305e-02
+4.78241e+04 -3.14474e+04 4010614 1 6.3729e-02
+8.17400e+04 -2.45840e+04 7010030 1 5.9669e-02
+6.98171e+04 -2.44315e+04 7010019 1 6.0181e-02
+8.28189e+04 -2.45921e+04 7010031 1 5.9668e-02
+4.78587e+04 -3.65151e+04 4010450 1 6.1138e-02
+7.09064e+04 -2.44503e+04 7010020 1 6.0074e-02
+8.38973e+04 -2.45991e+04 7010032 1 5.9669e-02
+7.19945e+04 -2.44681e+04 7010021 1 5.9983e-02
+5.43856e+04 -2.40684e+04 7010005 1 6.4000e-02
+8.49753e+04 -2.46053e+04 7010033 1 5.9672e-02
+5.66147e+04 -2.41311e+04 7010007 1 6.3155e-02
+4.78041e+04 -3.01817e+04 4010655 1 6.4276e-02
+7.30813e+04 -2.44849e+04 7010022 1 5.9905e-02
+8.60528e+04 -2.46105e+04 7010034 1 5.9675e-02
+5.77258e+04 -2.41613e+04 7010008 1 6.2766e-02
+4.78571e+04 -3.52474e+04 4010491 1 6.1892e-02
+4.77173e+04 -2.63882e+04 4010778 1 6.6045e-02
+8.71300e+04 -2.46147e+04 7010035 1 5.9678e-02
+5.88346e+04 -2.41905e+04 7010009 1 6.2419e-02
+8.82069e+04 -2.46180e+04 7010036 1 5.9680e-02
+7.41669e+04 -2.45007e+04 7010023 1 5.9841e-02
+4.77796e+04 -2.89167e+04 4010696 1 6.4805e-02
+8.92837e+04 -2.46204e+04 7010037 1 5.9682e-02
+9.03603e+04 -2.46218e+04 7010038 1 5.9682e-02
+4.78507e+04 -3.39802e+04 4010532 1 6.2573e-02
+4.98974e+04 -2.39335e+04 7010001 1 6.6094e-02
+5.10234e+04 -2.39683e+04 7010002 1 6.5502e-02
+4.87687e+04 -2.38980e+04 7010000 1 6.6789e-02
+6.32491e+04 -2.42984e+04 7010013 1 6.1238e-02
+6.43479e+04 -2.43230e+04 7010014 1 6.1010e-02
+7.52515e+04 -2.45155e+04 7010024 1 5.9790e-02
+6.54450e+04 -2.43467e+04 7010015 1 6.0805e-02
+7.63351e+04 -2.45293e+04 7010025 1 5.9750e-02
+6.65404e+04 -2.43694e+04 7010016 1 6.0621e-02
+7.74177e+04 -2.45422e+04 7010026 1 5.9720e-02
+7.84994e+04 -2.45541e+04 7010027 1 5.9698e-02
+5.32674e+04 -2.40357e+04 7010004 1 6.4475e-02
+6.76341e+04 -2.43911e+04 7010017 1 6.0447e-02
+4.87481e+04 -4.80405e+04 5010039 1 4.4934e-02
+4.98641e+04 -4.81356e+04 5010040 1 4.4011e-02
+5.09779e+04 -4.82282e+04 5010041 1 4.3288e-02
+5.20895e+04 -4.83184e+04 5010042 1 4.2764e-02
+5.31990e+04 -4.84061e+04 5010043 1 4.2438e-02
+5.43066e+04 -4.84912e+04 5010044 1 4.2226e-02
+5.54124e+04 -4.85736e+04 5010045 1 4.2181e-02
+5.65166e+04 -4.86534e+04 5010046 1 4.2224e-02
+5.76192e+04 -4.87305e+04 5010047 1 4.2403e-02
+4.76372e+04 -2.38619e+04 6010040 1 6.7608e-02
+4.77507e+04 -2.76522e+04 4010737 1 6.5410e-02
+4.76795e+04 -2.51248e+04 4010819 1 6.6763e-02
+4.87989e+04 -4.67666e+04 5010078 1 4.7564e-02
+4.99156e+04 -4.68589e+04 5010079 1 4.6569e-02
+5.10299e+04 -4.69489e+04 5010080 1 4.5793e-02
+5.21419e+04 -4.70366e+04 5010081 1 4.5210e-02
+5.32517e+04 -4.71219e+04 5010082 1 4.4799e-02
+5.43595e+04 -4.72047e+04 5010083 1 4.4504e-02
+5.54654e+04 -4.72850e+04 5010084 1 4.4366e-02
+5.65695e+04 -4.73628e+04 5010085 1 4.4358e-02
+5.76720e+04 -4.74379e+04 5010086 1 4.4421e-02
+5.87728e+04 -4.75104e+04 5010087 1 4.4609e-02
+5.98721e+04 -4.75803e+04 5010088 1 4.4877e-02
+6.09701e+04 -4.76475e+04 5010089 1 4.5212e-02
+6.20668e+04 -4.77120e+04 5010090 1 4.5598e-02
+6.31622e+04 -4.77739e+04 5010091 1 4.5995e-02
+6.42566e+04 -4.78332e+04 5010092 1 4.6439e-02
+6.53500e+04 -4.78898e+04 5010093 1 4.6880e-02
+6.64424e+04 -4.79437e+04 5010094 1 4.7318e-02
+6.75340e+04 -4.79951e+04 5010095 1 4.7750e-02
+6.86247e+04 -4.80439e+04 5010096 1 4.8163e-02
+6.97148e+04 -4.80901e+04 5010097 1 4.8554e-02
+7.08042e+04 -4.81337e+04 5010098 1 4.8955e-02
+7.18930e+04 -4.81749e+04 5010099 1 4.9333e-02
+7.29812e+04 -4.82136e+04 5010100 1 4.9683e-02
+7.40690e+04 -4.82499e+04 5010101 1 5.0002e-02
+7.51563e+04 -4.82838e+04 5010102 1 5.0286e-02
+7.62432e+04 -4.83153e+04 5010103 1 5.0538e-02
+7.73298e+04 -4.83445e+04 5010104 1 5.0756e-02
+7.84160e+04 -4.83714e+04 5010105 1 5.0947e-02
+7.95020e+04 -4.83959e+04 5010106 1 5.1108e-02
+8.05877e+04 -4.84183e+04 5010107 1 5.1236e-02
+8.16732e+04 -4.84384e+04 5010108 1 5.1344e-02
+8.27585e+04 -4.84563e+04 5010109 1 5.1429e-02
+8.38437e+04 -4.84721e+04 5010110 1 5.1500e-02
+8.49287e+04 -4.84857e+04 5010111 1 5.1549e-02
+8.60136e+04 -4.84972e+04 5010112 1 5.1582e-02
+8.70983e+04 -4.85066e+04 5010113 1 5.1611e-02
+8.81831e+04 -4.85138e+04 5010114 1 5.1630e-02
+8.92677e+04 -4.85190e+04 5010115 1 5.1634e-02
+9.03523e+04 -4.85221e+04 5010116 1 5.1639e-02
+4.88429e+04 -4.54928e+04 5010117 1 4.9902e-02
+4.99603e+04 -4.55823e+04 5010118 1 4.8894e-02
+5.10751e+04 -4.56696e+04 5010119 1 4.8088e-02
+5.21876e+04 -4.57546e+04 5010120 1 4.7455e-02
+5.32978e+04 -4.58374e+04 5010121 1 4.6998e-02
+5.44059e+04 -4.59179e+04 5010122 1 4.6638e-02
+5.55119e+04 -4.59959e+04 5010123 1 4.6440e-02
+5.66160e+04 -4.60715e+04 5010124 1 4.6359e-02
+5.77184e+04 -4.61446e+04 5010125 1 4.6355e-02
+5.88190e+04 -4.62152e+04 5010126 1 4.6478e-02
+5.99181e+04 -4.62832e+04 5010127 1 4.6673e-02
+6.10157e+04 -4.63487e+04 5010128 1 4.6938e-02
+6.21118e+04 -4.64117e+04 5010129 1 4.7260e-02
+6.32067e+04 -4.64720e+04 5010130 1 4.7631e-02
+6.43004e+04 -4.65299e+04 5010131 1 4.8009e-02
+6.53929e+04 -4.65851e+04 5010132 1 4.8433e-02
+6.64844e+04 -4.66379e+04 5010133 1 4.8852e-02
+6.75749e+04 -4.66881e+04 5010134 1 4.9272e-02
+6.86646e+04 -4.67358e+04 5010135 1 4.9688e-02
+6.97534e+04 -4.67810e+04 5010136 1 5.0082e-02
+7.08415e+04 -4.68238e+04 5010137 1 5.0472e-02
+7.19289e+04 -4.68642e+04 5010138 1 5.0868e-02
+7.30156e+04 -4.69021e+04 5010139 1 5.1237e-02
+7.41018e+04 -4.69377e+04 5010140 1 5.1583e-02
+7.51875e+04 -4.69709e+04 5010141 1 5.1901e-02
+7.62726e+04 -4.70019e+04 5010142 1 5.2190e-02
+7.73574e+04 -4.70305e+04 5010143 1 5.2449e-02
+7.84418e+04 -4.70569e+04 5010144 1 5.2684e-02
+7.95258e+04 -4.70810e+04 5010145 1 5.2891e-02
+8.06096e+04 -4.71030e+04 5010146 1 5.3065e-02
+8.16930e+04 -4.71228e+04 5010147 1 5.3219e-02
+8.27762e+04 -4.71404e+04 5010148 1 5.3348e-02
+8.38592e+04 -4.71559e+04 5010149 1 5.3462e-02
+8.49421e+04 -4.71693e+04 5010150 1 5.3549e-02
+8.60248e+04 -4.71806e+04 5010151 1 5.3618e-02
+8.71073e+04 -4.71899e+04 5010152 1 5.3676e-02
+8.81898e+04 -4.71970e+04 5010153 1 5.3712e-02
+8.92722e+04 -4.72021e+04 5010154 1 5.3741e-02
+9.03546e+04 -4.72052e+04 5010155 1 5.3757e-02
+4.88804e+04 -4.42192e+04 5010156 1 5.2019e-02
+4.99984e+04 -4.43057e+04 5010157 1 5.1013e-02
+5.11139e+04 -4.43902e+04 5010158 1 5.0195e-02
+5.22268e+04 -4.44725e+04 5010159 1 4.9538e-02
+5.33374e+04 -4.45527e+04 5010160 1 4.9010e-02
+5.44458e+04 -4.46307e+04 5010161 1 4.8609e-02
+5.55521e+04 -4.47064e+04 5010162 1 4.8364e-02
+5.66564e+04 -4.47797e+04 5010163 1 4.8232e-02
+5.77587e+04 -4.48507e+04 5010164 1 4.8177e-02
+5.88593e+04 -4.49192e+04 5010165 1 4.8243e-02
+5.99582e+04 -4.49853e+04 5010166 1 4.8395e-02
+6.10555e+04 -4.50490e+04 5010167 1 4.8603e-02
+6.21513e+04 -4.51103e+04 5010168 1 4.8869e-02
+6.32457e+04 -4.51690e+04 5010169 1 4.9190e-02
+6.43388e+04 -4.52253e+04 5010170 1 4.9553e-02
+6.54306e+04 -4.52792e+04 5010171 1 4.9924e-02
+6.65214e+04 -4.53306e+04 5010172 1 5.0334e-02
+6.76110e+04 -4.53796e+04 5010173 1 5.0742e-02
+6.86997e+04 -4.54261e+04 5010174 1 5.1148e-02
+6.97875e+04 -4.54703e+04 5010175 1 5.1549e-02
+7.08744e+04 -4.55121e+04 5010176 1 5.1939e-02
+7.19606e+04 -4.55515e+04 5010177 1 5.2334e-02
+7.30461e+04 -4.55886e+04 5010178 1 5.2716e-02
+7.41309e+04 -4.56234e+04 5010179 1 5.3081e-02
+7.52151e+04 -4.56559e+04 5010180 1 5.3423e-02
+7.62988e+04 -4.56862e+04 5010181 1 5.3739e-02
+7.73819e+04 -4.57142e+04 5010182 1 5.4029e-02
+7.84647e+04 -4.57401e+04 5010183 1 5.4292e-02
+7.95470e+04 -4.57638e+04 5010184 1 5.4533e-02
+8.06290e+04 -4.57853e+04 5010185 1 5.4747e-02
+8.17106e+04 -4.58047e+04 5010186 1 5.4936e-02
+8.27920e+04 -4.58220e+04 5010187 1 5.5099e-02
+8.38731e+04 -4.58372e+04 5010188 1 5.5239e-02
+8.49540e+04 -4.58503e+04 5010189 1 5.5355e-02
+8.60348e+04 -4.58614e+04 5010190 1 5.5451e-02
+8.71154e+04 -4.58705e+04 5010191 1 5.5531e-02
+8.81959e+04 -4.58775e+04 5010192 1 5.5592e-02
+8.92762e+04 -4.58825e+04 5010193 1 5.5629e-02
+9.03566e+04 -4.58855e+04 5010194 1 5.5654e-02
+4.89117e+04 -4.29458e+04 5010195 1 5.3856e-02
+5.00304e+04 -4.30293e+04 5010196 1 5.2857e-02
+5.11464e+04 -4.31109e+04 5010197 1 5.2041e-02
+5.22599e+04 -4.31904e+04 5010198 1 5.1374e-02
+5.33710e+04 -4.32680e+04 5010199 1 5.0829e-02
+5.44798e+04 -4.33434e+04 5010200 1 5.0436e-02
+5.55863e+04 -4.34166e+04 5010201 1 5.0125e-02
+5.66908e+04 -4.34876e+04 5010202 1 4.9956e-02
+5.77932e+04 -4.35563e+04 5010203 1 4.9887e-02
+5.88938e+04 -4.36227e+04 5010204 1 4.9890e-02
+5.99926e+04 -4.36868e+04 5010205 1 4.9996e-02
+6.10898e+04 -4.37486e+04 5010206 1 5.0178e-02
+6.21853e+04 -4.38080e+04 5010207 1 5.0399e-02
+6.32794e+04 -4.38651e+04 5010208 1 5.0677e-02
+6.43720e+04 -4.39198e+04 5010209 1 5.1000e-02
+6.54633e+04 -4.39721e+04 5010210 1 5.1342e-02
+6.65535e+04 -4.40221e+04 5010211 1 5.1726e-02
+6.76424e+04 -4.40698e+04 5010212 1 5.2126e-02
+6.87303e+04 -4.41151e+04 5010213 1 5.2523e-02
+6.98172e+04 -4.41581e+04 5010214 1 5.2925e-02
+7.09032e+04 -4.41988e+04 5010215 1 5.3318e-02
+7.19884e+04 -4.42372e+04 5010216 1 5.3704e-02
+7.30727e+04 -4.42734e+04 5010217 1 5.4093e-02
+7.41563e+04 -4.43073e+04 5010218 1 5.4470e-02
+7.52393e+04 -4.43391e+04 5010219 1 5.4828e-02
+7.63217e+04 -4.43686e+04 5010220 1 5.5163e-02
+7.74035e+04 -4.43960e+04 5010221 1 5.5474e-02
+7.84848e+04 -4.44212e+04 5010222 1 5.5761e-02
+7.95656e+04 -4.44444e+04 5010223 1 5.6027e-02
+8.06461e+04 -4.44654e+04 5010224 1 5.6262e-02
+8.17261e+04 -4.44844e+04 5010225 1 5.6476e-02
+8.28059e+04 -4.45013e+04 5010226 1 5.6665e-02
+8.38854e+04 -4.45162e+04 5010227 1 5.6829e-02
+8.49646e+04 -4.45290e+04 5010228 1 5.6973e-02
+8.60436e+04 -4.45399e+04 5010229 1 5.7088e-02
+8.71225e+04 -4.45487e+04 5010230 1 5.7181e-02
+8.82012e+04 -4.45556e+04 5010231 1 5.7256e-02
+8.92798e+04 -4.45605e+04 5010232 1 5.7308e-02
+9.03583e+04 -4.45635e+04 5010233 1 5.7340e-02
+4.89370e+04 -4.16727e+04 5010234 1 5.5489e-02
+5.00564e+04 -4.17531e+04 5010235 1 5.4513e-02
+5.11731e+04 -4.18317e+04 5010236 1 5.3681e-02
+5.22872e+04 -4.19084e+04 5010237 1 5.3016e-02
+5.33987e+04 -4.19832e+04 5010238 1 5.2464e-02
+5.45079e+04 -4.20559e+04 5010239 1 5.2055e-02
+5.56148e+04 -4.21266e+04 5010240 1 5.1724e-02
+5.67195e+04 -4.21952e+04 5010241 1 5.1528e-02
+5.78222e+04 -4.22616e+04 5010242 1 5.1429e-02
+5.89229e+04 -4.23258e+04 5010243 1 5.1395e-02
+6.00217e+04 -4.23878e+04 5010244 1 5.1468e-02
+6.11187e+04 -4.24476e+04 5010245 1 5.1617e-02
+6.22141e+04 -4.25051e+04 5010246 1 5.1827e-02
+6.33080e+04 -4.25604e+04 5010247 1 5.2069e-02
+6.44003e+04 -4.26134e+04 5010248 1 5.2356e-02
+6.54913e+04 -4.26642e+04 5010249 1 5.2688e-02
+6.65809e+04 -4.27126e+04 5010250 1 5.3030e-02
+6.76693e+04 -4.27589e+04 5010251 1 5.3409e-02
+6.87566e+04 -4.28029e+04 5010252 1 5.3800e-02
+6.98428e+04 -4.28446e+04 5010253 1 5.4194e-02
+7.09280e+04 -4.28842e+04 5010254 1 5.4582e-02
+7.20123e+04 -4.29215e+04 5010255 1 5.4968e-02
+7.30957e+04 -4.29567e+04 5010256 1 5.5359e-02
+7.41783e+04 -4.29897e+04 5010257 1 5.5736e-02
+7.52602e+04 -4.30206e+04 5010258 1 5.6103e-02
+7.63415e+04 -4.30493e+04 5010259 1 5.6450e-02
+7.74221e+04 -4.30760e+04 5010260 1 5.6776e-02
+7.85022e+04 -4.31006e+04 5010261 1 5.7079e-02
+7.95818e+04 -4.31231e+04 5010262 1 5.7362e-02
+8.06609e+04 -4.31436e+04 5010263 1 5.7616e-02
+8.17396e+04 -4.31621e+04 5010264 1 5.7848e-02
+8.28180e+04 -4.31786e+04 5010265 1 5.8056e-02
+8.38960e+04 -4.31931e+04 5010266 1 5.8237e-02
+8.49738e+04 -4.32057e+04 5010267 1 5.8393e-02
+8.60513e+04 -4.32163e+04 5010268 1 5.8528e-02
+8.71286e+04 -4.32249e+04 5010269 1 5.8633e-02
+8.82058e+04 -4.32316e+04 5010270 1 5.8718e-02
+8.92829e+04 -4.32364e+04 5010271 1 5.8778e-02
+9.03599e+04 -4.32393e+04 5010272 1 5.8810e-02
+4.89567e+04 -4.03999e+04 5010273 1 5.6883e-02
+5.00768e+04 -4.04772e+04 5010274 1 5.5942e-02
+5.11941e+04 -4.05528e+04 5010275 1 5.5150e-02
+5.23088e+04 -4.06265e+04 5010276 1 5.4467e-02
+5.34209e+04 -4.06985e+04 5010277 1 5.3916e-02
+5.45305e+04 -4.07685e+04 5010278 1 5.3501e-02
+5.56378e+04 -4.08366e+04 5010279 1 5.3158e-02
+5.67428e+04 -4.09027e+04 5010280 1 5.2944e-02
+5.78457e+04 -4.09667e+04 5010281 1 5.2822e-02
+5.89466e+04 -4.10286e+04 5010282 1 5.2787e-02
+6.00455e+04 -4.10885e+04 5010283 1 5.2809e-02
+6.11426e+04 -4.11462e+04 5010284 1 5.2929e-02
+6.22380e+04 -4.12017e+04 5010285 1 5.3112e-02
+6.33317e+04 -4.12551e+04 5010286 1 5.3348e-02
+6.44238e+04 -4.13064e+04 5010287 1 5.3605e-02
+6.55145e+04 -4.13554e+04 5010288 1 5.3903e-02
+6.66038e+04 -4.14023e+04 5010289 1 5.4242e-02
+6.76918e+04 -4.14471e+04 5010290 1 5.4586e-02
+6.87786e+04 -4.14897e+04 5010291 1 5.4965e-02
+6.98643e+04 -4.15301e+04 5010292 1 5.5347e-02
+7.09488e+04 -4.15684e+04 5010293 1 5.5733e-02
+7.20324e+04 -4.16046e+04 5010294 1 5.6116e-02
+7.31151e+04 -4.16387e+04 5010295 1 5.6496e-02
+7.41970e+04 -4.16708e+04 5010296 1 5.6874e-02
+7.52780e+04 -4.17007e+04 5010297 1 5.7244e-02
+7.63583e+04 -4.17286e+04 5010298 1 5.7597e-02
+7.74380e+04 -4.17545e+04 5010299 1 5.7931e-02
+7.85171e+04 -4.17784e+04 5010300 1 5.8244e-02
+7.95956e+04 -4.18003e+04 5010301 1 5.8534e-02
+8.06736e+04 -4.18202e+04 5010302 1 5.8804e-02
+8.17511e+04 -4.18382e+04 5010303 1 5.9049e-02
+8.28283e+04 -4.18542e+04 5010304 1 5.9269e-02
+8.39051e+04 -4.18683e+04 5010305 1 5.9463e-02
+8.49816e+04 -4.18805e+04 5010306 1 5.9630e-02
+8.60579e+04 -4.18908e+04 5010307 1 5.9771e-02
+8.71339e+04 -4.18993e+04 5010308 1 5.9890e-02
+8.82098e+04 -4.19058e+04 5010309 1 5.9978e-02
+8.92855e+04 -4.19104e+04 5010310 1 6.0044e-02
+9.03612e+04 -4.19132e+04 5010311 1 6.0083e-02
+4.89709e+04 -3.91275e+04 5010312 1 5.8112e-02
+5.00917e+04 -3.92016e+04 5010313 1 5.7204e-02
+5.12097e+04 -3.92741e+04 5010314 1 5.6416e-02
+5.23250e+04 -3.93449e+04 5010315 1 5.5773e-02
+5.34376e+04 -3.94140e+04 5010316 1 5.5229e-02
+5.45477e+04 -3.94812e+04 5010317 1 5.4783e-02
+5.56555e+04 -3.95467e+04 5010318 1 5.4463e-02
+5.67609e+04 -3.96102e+04 5010319 1 5.4209e-02
+5.78641e+04 -3.96717e+04 5010320 1 5.4070e-02
+5.89652e+04 -3.97313e+04 5010321 1 5.4015e-02
+6.00643e+04 -3.97889e+04 5010322 1 5.4016e-02
+6.11615e+04 -3.98444e+04 5010323 1 5.4112e-02
+6.22569e+04 -3.98980e+04 5010324 1 5.4269e-02
+6.33506e+04 -3.99494e+04 5010325 1 5.4480e-02
+6.44427e+04 -3.99988e+04 5010326 1 5.4740e-02
+6.55333e+04 -4.00461e+04 5010327 1 5.5014e-02
+6.66224e+04 -4.00914e+04 5010328 1 5.5324e-02
+6.77101e+04 -4.01346e+04 5010329 1 5.5660e-02
+6.87966e+04 -4.01757e+04 5010330 1 5.6007e-02
+6.98818e+04 -4.02148e+04 5010331 1 5.6380e-02
+7.09659e+04 -4.02518e+04 5010332 1 5.6752e-02
+7.20490e+04 -4.02868e+04 5010333 1 5.7128e-02
+7.31311e+04 -4.03198e+04 5010334 1 5.7500e-02
+7.42123e+04 -4.03507e+04 5010335 1 5.7874e-02
+7.52927e+04 -4.03797e+04 5010336 1 5.8242e-02
+7.63723e+04 -4.04067e+04 5010337 1 5.8595e-02
+7.74512e+04 -4.04318e+04 5010338 1 5.8932e-02
+7.85294e+04 -4.04549e+04 5010339 1 5.9249e-02
+7.96070e+04 -4.04761e+04 5010340 1 5.9545e-02
+8.06841e+04 -4.04954e+04 5010341 1 5.9822e-02
+8.17607e+04 -4.05129e+04 5010342 1 6.0071e-02
+8.28369e+04 -4.05284e+04 5010343 1 6.0299e-02
+8.39127e+04 -4.05421e+04 5010344 1 6.0500e-02
+8.49882e+04 -4.05539e+04 5010345 1 6.0675e-02
+8.60634e+04 -4.05639e+04 5010346 1 6.0827e-02
+8.71383e+04 -4.05720e+04 5010347 1 6.0947e-02
+8.82131e+04 -4.05784e+04 5010348 1 6.1044e-02
+8.92877e+04 -4.05829e+04 5010349 1 6.1110e-02
+9.03623e+04 -4.05856e+04 5010350 1 6.1152e-02
+4.89799e+04 -3.78555e+04 5010351 1 5.9179e-02
+5.01014e+04 -3.79264e+04 5010352 1 5.8281e-02
+5.12201e+04 -3.79958e+04 5010353 1 5.7543e-02
+5.23360e+04 -3.80636e+04 5010354 1 5.6889e-02
+5.34492e+04 -3.81297e+04 5010355 1 5.6362e-02
+5.45598e+04 -3.81942e+04 5010356 1 5.5921e-02
+5.56680e+04 -3.82568e+04 5010357 1 5.5593e-02
+5.67739e+04 -3.83177e+04 5010358 1 5.5337e-02
+5.78775e+04 -3.83768e+04 5010359 1 5.5186e-02
+5.89789e+04 -3.84340e+04 5010360 1 5.5114e-02
+6.00783e+04 -3.84892e+04 5010361 1 5.5116e-02
+6.11757e+04 -3.85426e+04 5010362 1 5.5167e-02
+6.22713e+04 -3.85940e+04 5010363 1 5.5301e-02
+6.33651e+04 -3.86434e+04 5010364 1 5.5489e-02
+6.44572e+04 -3.86909e+04 5010365 1 5.5725e-02
+6.55477e+04 -3.87364e+04 5010366 1 5.5999e-02
+6.66367e+04 -3.87800e+04 5010367 1 5.6293e-02
+6.77243e+04 -3.88216e+04 5010368 1 5.6606e-02
+6.88106e+04 -3.88611e+04 5010369 1 5.6945e-02
+6.98956e+04 -3.88988e+04 5010370 1 5.7283e-02
+7.09794e+04 -3.89345e+04 5010371 1 5.7650e-02
+7.20621e+04 -3.89682e+04 5010372 1 5.8010e-02
+7.31438e+04 -3.90000e+04 5010373 1 5.8372e-02
+7.42245e+04 -3.90298e+04 5010374 1 5.8737e-02
+7.53044e+04 -3.90578e+04 5010375 1 5.9098e-02
+7.63834e+04 -3.90839e+04 5010376 1 5.9443e-02
+7.74617e+04 -3.91081e+04 5010377 1 5.9778e-02
+7.85393e+04 -3.91304e+04 5010378 1 6.0095e-02
+7.96162e+04 -3.91509e+04 5010379 1 6.0396e-02
+8.06926e+04 -3.91695e+04 5010380 1 6.0671e-02
+8.17684e+04 -3.91863e+04 5010381 1 6.0927e-02
+8.28438e+04 -3.92013e+04 5010382 1 6.1158e-02
+8.39188e+04 -3.92146e+04 5010383 1 6.1363e-02
+8.49935e+04 -3.92260e+04 5010384 1 6.1542e-02
+8.60678e+04 -3.92356e+04 5010385 1 6.1693e-02
+8.71419e+04 -3.92435e+04 5010386 1 6.1817e-02
+8.82158e+04 -3.92497e+04 5010387 1 6.1917e-02
+8.92895e+04 -3.92540e+04 5010388 1 6.1988e-02
+9.03632e+04 -3.92566e+04 5010389 1 6.2028e-02
+4.89839e+04 -3.65840e+04 5010390 1 6.0076e-02
+5.01061e+04 -3.66516e+04 5010391 1 5.9238e-02
+5.12254e+04 -3.67178e+04 5010392 1 5.8499e-02
+5.23419e+04 -3.67826e+04 5010393 1 5.7872e-02
+5.34557e+04 -3.68458e+04 5010394 1 5.7353e-02
+5.45669e+04 -3.69073e+04 5010395 1 5.6924e-02
+5.56757e+04 -3.69673e+04 5010396 1 5.6597e-02
+5.67820e+04 -3.70255e+04 5010397 1 5.6332e-02
+5.78860e+04 -3.70820e+04 5010398 1 5.6171e-02
+5.89878e+04 -3.71367e+04 5010399 1 5.6086e-02
+6.00875e+04 -3.71896e+04 5010400 1 5.6070e-02
+6.11853e+04 -3.72407e+04 5010401 1 5.6105e-02
+6.22811e+04 -3.72900e+04 5010402 1 5.6217e-02
+6.33750e+04 -3.73373e+04 5010403 1 5.6381e-02
+6.44673e+04 -3.73829e+04 5010404 1 5.6591e-02
+6.55579e+04 -3.74265e+04 5010405 1 5.6842e-02
+6.66469e+04 -3.74683e+04 5010406 1 5.7126e-02
+6.77345e+04 -3.75082e+04 5010407 1 5.7432e-02
+6.88207e+04 -3.75462e+04 5010408 1 5.7748e-02
+6.99056e+04 -3.75823e+04 5010409 1 5.8081e-02
+7.09893e+04 -3.76166e+04 5010410 1 5.8414e-02
+7.20718e+04 -3.76490e+04 5010411 1 5.8762e-02
+7.31532e+04 -3.76796e+04 5010412 1 5.9111e-02
+7.42337e+04 -3.77083e+04 5010413 1 5.9462e-02
+7.53132e+04 -3.77352e+04 5010414 1 5.9808e-02
+7.63918e+04 -3.77603e+04 5010415 1 6.0149e-02
+7.74696e+04 -3.77835e+04 5010416 1 6.0476e-02
+7.85467e+04 -3.78050e+04 5010417 1 6.0788e-02
+7.96232e+04 -3.78247e+04 5010418 1 6.1082e-02
+8.06990e+04 -3.78427e+04 5010419 1 6.1355e-02
+8.17743e+04 -3.78589e+04 5010420 1 6.1609e-02
+8.28491e+04 -3.78733e+04 5010421 1 6.1840e-02
+8.39235e+04 -3.78861e+04 5010422 1 6.2043e-02
+8.49975e+04 -3.78971e+04 5010423 1 6.2225e-02
+8.60712e+04 -3.79064e+04 5010424 1 6.2377e-02
+8.71446e+04 -3.79140e+04 5010425 1 6.2502e-02
+8.82179e+04 -3.79199e+04 5010426 1 6.2602e-02
+8.92909e+04 -3.79241e+04 5010427 1 6.2671e-02
+9.03639e+04 -3.79266e+04 5010428 1 6.2715e-02
+4.89830e+04 -3.53130e+04 5010429 1 6.0876e-02
+5.01058e+04 -3.53773e+04 5010430 1 6.0051e-02
+5.12258e+04 -3.54403e+04 5010431 1 5.9368e-02
+5.23430e+04 -3.55020e+04 5010432 1 5.8758e-02
+5.34574e+04 -3.55622e+04 5010433 1 5.8231e-02
+5.45692e+04 -3.56209e+04 5010434 1 5.7832e-02
+5.56785e+04 -3.56780e+04 5010435 1 5.7485e-02
+5.67853e+04 -3.57335e+04 5010436 1 5.7237e-02
+5.78898e+04 -3.57874e+04 5010437 1 5.7047e-02
+5.89921e+04 -3.58396e+04 5010438 1 5.6948e-02
+6.00922e+04 -3.58901e+04 5010439 1 5.6916e-02
+6.11903e+04 -3.59389e+04 5010440 1 5.6949e-02
+6.22864e+04 -3.59860e+04 5010441 1 5.7018e-02
+6.33807e+04 -3.60313e+04 5010442 1 5.7161e-02
+6.44732e+04 -3.60748e+04 5010443 1 5.7347e-02
+6.55640e+04 -3.61165e+04 5010444 1 5.7572e-02
+6.66532e+04 -3.61565e+04 5010445 1 5.7831e-02
+6.77409e+04 -3.61946e+04 5010446 1 5.8117e-02
+6.88271e+04 -3.62310e+04 5010447 1 5.8424e-02
+6.99121e+04 -3.62656e+04 5010448 1 5.8744e-02
+7.09957e+04 -3.62984e+04 5010449 1 5.9062e-02
+7.20781e+04 -3.63295e+04 5010450 1 5.9394e-02
+7.31595e+04 -3.63588e+04 5010451 1 5.9714e-02
+7.42398e+04 -3.63863e+04 5010452 1 6.0047e-02
+7.53191e+04 -3.64121e+04 5010453 1 6.0378e-02
+7.63975e+04 -3.64361e+04 5010454 1 6.0705e-02
+7.74751e+04 -3.64584e+04 5010455 1 6.1022e-02
+7.85519e+04 -3.64790e+04 5010456 1 6.1324e-02
+7.96280e+04 -3.64980e+04 5010457 1 6.1609e-02
+8.07035e+04 -3.65152e+04 5010458 1 6.1876e-02
+8.17785e+04 -3.65307e+04 5010459 1 6.2123e-02
+8.28529e+04 -3.65446e+04 5010460 1 6.2349e-02
+8.39268e+04 -3.65568e+04 5010461 1 6.2551e-02
+8.50004e+04 -3.65674e+04 5010462 1 6.2728e-02
+8.60736e+04 -3.65764e+04 5010463 1 6.2879e-02
+8.71466e+04 -3.65837e+04 5010464 1 6.3005e-02
+8.82193e+04 -3.65893e+04 5010465 1 6.3101e-02
+8.92919e+04 -3.65934e+04 5010466 1 6.3172e-02
+9.03644e+04 -3.65958e+04 5010467 1 6.3213e-02
+4.89773e+04 -3.40424e+04 5010468 1 6.1583e-02
+5.01008e+04 -3.41035e+04 5010469 1 6.0789e-02
+5.12215e+04 -3.41633e+04 5010470 1 6.0112e-02
+5.23393e+04 -3.42219e+04 5010471 1 5.9527e-02
+5.34543e+04 -3.42790e+04 5010472 1 5.9037e-02
+5.45668e+04 -3.43348e+04 5010473 1 5.8619e-02
+5.56766e+04 -3.43891e+04 5010474 1 5.8275e-02
+5.67840e+04 -3.44419e+04 5010475 1 5.8027e-02
+5.78891e+04 -3.44932e+04 5010476 1 5.7844e-02
+5.89919e+04 -3.45429e+04 5010477 1 5.7713e-02
+6.00925e+04 -3.45909e+04 5010478 1 5.7663e-02
+6.11910e+04 -3.46374e+04 5010479 1 5.7675e-02
+6.22875e+04 -3.46822e+04 5010480 1 5.7741e-02
+6.33822e+04 -3.47253e+04 5010481 1 5.7839e-02
+6.44750e+04 -3.47668e+04 5010482 1 5.7998e-02
+6.55661e+04 -3.48066e+04 5010483 1 5.8196e-02
+6.66555e+04 -3.48447e+04 5010484 1 5.8427e-02
+6.77435e+04 -3.48811e+04 5010485 1 5.8686e-02
+6.88299e+04 -3.49158e+04 5010486 1 5.8966e-02
+6.99150e+04 -3.49488e+04 5010487 1 5.9264e-02
+7.09987e+04 -3.49802e+04 5010488 1 5.9573e-02
+7.20813e+04 -3.50098e+04 5010489 1 5.9887e-02
+7.31626e+04 -3.50378e+04 5010490 1 6.0199e-02
+7.42429e+04 -3.50640e+04 5010491 1 6.0506e-02
+7.53222e+04 -3.50887e+04 5010492 1 6.0813e-02
+7.64006e+04 -3.51117e+04 5010493 1 6.1119e-02
+7.74781e+04 -3.51330e+04 5010494 1 6.1416e-02
+7.85548e+04 -3.51527e+04 5010495 1 6.1704e-02
+7.96308e+04 -3.51708e+04 5010496 1 6.1978e-02
+8.07061e+04 -3.51873e+04 5010497 1 6.2234e-02
+8.17809e+04 -3.52021e+04 5010498 1 6.2473e-02
+8.28551e+04 -3.52154e+04 5010499 1 6.2691e-02
+8.39288e+04 -3.52271e+04 5010500 1 6.2885e-02
+8.50021e+04 -3.52372e+04 5010501 1 6.3056e-02
+8.60751e+04 -3.52458e+04 5010502 1 6.3203e-02
+8.71478e+04 -3.52528e+04 5010503 1 6.3325e-02
+8.82202e+04 -3.52582e+04 5010504 1 6.3419e-02
+8.92925e+04 -3.52621e+04 5010505 1 6.3488e-02
+9.03646e+04 -3.52644e+04 5010506 1 6.3529e-02
+4.89669e+04 -3.27724e+04 5010507 1 6.2213e-02
+5.00912e+04 -3.28302e+04 5010508 1 6.1457e-02
+5.12125e+04 -3.28868e+04 5010509 1 6.0802e-02
+5.23309e+04 -3.29422e+04 5010510 1 6.0237e-02
+5.34466e+04 -3.29964e+04 5010511 1 5.9739e-02
+5.45597e+04 -3.30492e+04 5010512 1 5.9328e-02
+5.56702e+04 -3.31007e+04 5010513 1 5.9009e-02
+5.67782e+04 -3.31508e+04 5010514 1 5.8732e-02
+5.78838e+04 -3.31994e+04 5010515 1 5.8542e-02
+5.89872e+04 -3.32465e+04 5010516 1 5.8397e-02
+6.00883e+04 -3.32921e+04 5010517 1 5.8328e-02
+6.11874e+04 -3.33362e+04 5010518 1 5.8315e-02
+6.22844e+04 -3.33787e+04 5010519 1 5.8355e-02
+6.33795e+04 -3.34197e+04 5010520 1 5.8441e-02
+6.44727e+04 -3.34591e+04 5010521 1 5.8555e-02
+6.55642e+04 -3.34969e+04 5010522 1 5.8723e-02
+6.66541e+04 -3.35331e+04 5010523 1 5.8923e-02
+6.77423e+04 -3.35677e+04 5010524 1 5.9151e-02
+6.88291e+04 -3.36007e+04 5010525 1 5.9400e-02
+6.99144e+04 -3.36321e+04 5010526 1 5.9668e-02
+7.09984e+04 -3.36619e+04 5010527 1 5.9948e-02
+7.20812e+04 -3.36901e+04 5010528 1 6.0237e-02
+7.31627e+04 -3.37167e+04 5010529 1 6.0531e-02
+7.42432e+04 -3.37418e+04 5010530 1 6.0825e-02
+7.53226e+04 -3.37652e+04 5010531 1 6.1116e-02
+7.64011e+04 -3.37871e+04 5010532 1 6.1397e-02
+7.74787e+04 -3.38074e+04 5010533 1 6.1669e-02
+7.85555e+04 -3.38262e+04 5010534 1 6.1938e-02
+7.96315e+04 -3.38434e+04 5010535 1 6.2194e-02
+8.07068e+04 -3.38592e+04 5010536 1 6.2435e-02
+8.17815e+04 -3.38733e+04 5010537 1 6.2659e-02
+8.28557e+04 -3.38860e+04 5010538 1 6.2865e-02
+8.39294e+04 -3.38971e+04 5010539 1 6.3050e-02
+8.50027e+04 -3.39068e+04 5010540 1 6.3212e-02
+8.60756e+04 -3.39149e+04 5010541 1 6.3352e-02
+8.71482e+04 -3.39216e+04 5010542 1 6.3467e-02
+8.82205e+04 -3.39268e+04 5010543 1 6.3557e-02
+8.92927e+04 -3.39305e+04 5010544 1 6.3623e-02
+9.03648e+04 -3.39327e+04 5010545 1 6.3662e-02
+4.89520e+04 -3.15029e+04 5010546 1 6.2799e-02
+5.00769e+04 -3.15574e+04 5010547 1 6.2070e-02
+5.11989e+04 -3.16109e+04 5010548 1 6.1422e-02
+5.23180e+04 -3.16632e+04 5010549 1 6.0876e-02
+5.34344e+04 -3.17143e+04 5010550 1 6.0410e-02
+5.45481e+04 -3.17642e+04 5010551 1 6.0004e-02
+5.56593e+04 -3.18128e+04 5010552 1 5.9659e-02
+5.67679e+04 -3.18601e+04 5010553 1 5.9379e-02
+5.78742e+04 -3.19060e+04 5010554 1 5.9174e-02
+5.89782e+04 -3.19506e+04 5010555 1 5.9028e-02
+6.00799e+04 -3.19937e+04 5010556 1 5.8923e-02
+6.11795e+04 -3.20354e+04 5010557 1 5.8884e-02
+6.22771e+04 -3.20757e+04 5010558 1 5.8896e-02
+6.33728e+04 -3.21145e+04 5010559 1 5.8951e-02
+6.44666e+04 -3.21518e+04 5010560 1 5.9046e-02
+6.55586e+04 -3.21875e+04 5010561 1 5.9165e-02
+6.66489e+04 -3.22218e+04 5010562 1 5.9330e-02
+6.77376e+04 -3.22546e+04 5010563 1 5.9522e-02
+6.88248e+04 -3.22859e+04 5010564 1 5.9736e-02
+6.99105e+04 -3.23157e+04 5010565 1 5.9968e-02
+7.09949e+04 -3.23439e+04 5010566 1 6.0214e-02
+7.20780e+04 -3.23707e+04 5010567 1 6.0470e-02
+7.31599e+04 -3.23959e+04 5010568 1 6.0732e-02
+7.42407e+04 -3.24196e+04 5010569 1 6.0996e-02
+7.53204e+04 -3.24419e+04 5010570 1 6.1260e-02
+7.63991e+04 -3.24627e+04 5010571 1 6.1522e-02
+7.74769e+04 -3.24820e+04 5010572 1 6.1778e-02
+7.85539e+04 -3.24998e+04 5010573 1 6.2026e-02
+7.96301e+04 -3.25161e+04 5010574 1 6.2259e-02
+8.07057e+04 -3.25310e+04 5010575 1 6.2478e-02
+8.17805e+04 -3.25445e+04 5010576 1 6.2685e-02
+8.28549e+04 -3.25565e+04 5010577 1 6.2874e-02
+8.39287e+04 -3.25671e+04 5010578 1 6.3046e-02
+8.50021e+04 -3.25763e+04 5010579 1 6.3197e-02
+8.60751e+04 -3.25840e+04 5010580 1 6.3326e-02
+8.71478e+04 -3.25904e+04 5010581 1 6.3433e-02
+8.82202e+04 -3.25953e+04 5010582 1 6.3517e-02
+8.92925e+04 -3.25988e+04 5010583 1 6.3578e-02
+9.03647e+04 -3.26009e+04 5010584 1 6.3614e-02
+4.89326e+04 -3.02339e+04 5010585 1 6.3382e-02
+5.00582e+04 -3.02852e+04 5010586 1 6.2661e-02
+5.11808e+04 -3.03355e+04 5010587 1 6.2035e-02
+5.23006e+04 -3.03847e+04 5010588 1 6.1503e-02
+5.34177e+04 -3.04328e+04 5010589 1 6.1025e-02
+5.45321e+04 -3.04797e+04 5010590 1 6.0621e-02
+5.56439e+04 -3.05255e+04 5010591 1 6.0273e-02
+5.67533e+04 -3.05701e+04 5010592 1 6.0001e-02
+5.78602e+04 -3.06133e+04 5010593 1 5.9762e-02
+5.89649e+04 -3.06553e+04 5010594 1 5.9596e-02
+6.00673e+04 -3.06959e+04 5010595 1 5.9480e-02
+6.11676e+04 -3.07353e+04 5010596 1 5.9397e-02
+6.22658e+04 -3.07732e+04 5010597 1 5.9374e-02
+6.33621e+04 -3.08098e+04 5010598 1 5.9394e-02
+6.44564e+04 -3.08449e+04 5010599 1 5.9453e-02
+6.55491e+04 -3.08787e+04 5010600 1 5.9546e-02
+6.66399e+04 -3.09111e+04 5010601 1 5.9657e-02
+6.77292e+04 -3.09420e+04 5010602 1 5.9808e-02
+6.88170e+04 -3.09715e+04 5010603 1 5.9981e-02
+6.99032e+04 -3.09996e+04 5010604 1 6.0173e-02
+7.09881e+04 -3.10263e+04 5010605 1 6.0380e-02
+7.20717e+04 -3.10516e+04 5010606 1 6.0597e-02
+7.31541e+04 -3.10754e+04 5010607 1 6.0821e-02
+7.42353e+04 -3.10979e+04 5010608 1 6.1049e-02
+7.53154e+04 -3.11189e+04 5010609 1 6.1280e-02
+7.63946e+04 -3.11385e+04 5010610 1 6.1509e-02
+7.74728e+04 -3.11568e+04 5010611 1 6.1735e-02
+7.85502e+04 -3.11736e+04 5010612 1 6.1954e-02
+7.96268e+04 -3.11891e+04 5010613 1 6.2164e-02
+8.07027e+04 -3.12032e+04 5010614 1 6.2363e-02
+8.17779e+04 -3.12159e+04 5010615 1 6.2549e-02
+8.28525e+04 -3.12273e+04 5010616 1 6.2719e-02
+8.39267e+04 -3.12373e+04 5010617 1 6.2873e-02
+8.50004e+04 -3.12460e+04 5010618 1 6.3009e-02
+8.60737e+04 -3.12533e+04 5010619 1 6.3126e-02
+8.71467e+04 -3.12593e+04 5010620 1 6.3224e-02
+8.82194e+04 -3.12640e+04 5010621 1 6.3300e-02
+8.92920e+04 -3.12673e+04 5010622 1 6.3355e-02
+9.03644e+04 -3.12693e+04 5010623 1 6.3387e-02
+4.89087e+04 -2.89656e+04 5010624 1 6.3944e-02
+5.00349e+04 -2.90136e+04 5010625 1 6.3248e-02
+5.11582e+04 -2.90607e+04 5010626 1 6.2641e-02
+5.22787e+04 -2.91068e+04 5010627 1 6.2122e-02
+5.33965e+04 -2.91519e+04 5010628 1 6.1649e-02
+5.45116e+04 -2.91960e+04 5010629 1 6.1244e-02
+5.56242e+04 -2.92389e+04 5010630 1 6.0887e-02
+5.67342e+04 -2.92807e+04 5010631 1 6.0582e-02
+5.78419e+04 -2.93213e+04 5010632 1 6.0341e-02
+5.89473e+04 -2.93607e+04 5010633 1 6.0132e-02
+6.00504e+04 -2.93988e+04 5010634 1 5.9989e-02
+6.11514e+04 -2.94357e+04 5010635 1 5.9886e-02
+6.22504e+04 -2.94714e+04 5010636 1 5.9811e-02
+6.33474e+04 -2.95057e+04 5010637 1 5.9791e-02
+6.44425e+04 -2.95388e+04 5010638 1 5.9805e-02
+6.55358e+04 -2.95705e+04 5010639 1 5.9853e-02
+6.66274e+04 -2.96009e+04 5010640 1 5.9930e-02
+6.77173e+04 -2.96300e+04 5010641 1 6.0034e-02
+6.88057e+04 -2.96578e+04 5010642 1 6.0148e-02
+6.98926e+04 -2.96842e+04 5010643 1 6.0293e-02
+7.09782e+04 -2.97093e+04 5010644 1 6.0454e-02
+7.20624e+04 -2.97331e+04 5010645 1 6.0626e-02
+7.31453e+04 -2.97555e+04 5010646 1 6.0807e-02
+7.42272e+04 -2.97766e+04 5010647 1 6.0993e-02
+7.53079e+04 -2.97964e+04 5010648 1 6.1182e-02
+7.63876e+04 -2.98149e+04 5010649 1 6.1374e-02
+7.74664e+04 -2.98321e+04 5010650 1 6.1563e-02
+7.85443e+04 -2.98479e+04 5010651 1 6.1748e-02
+7.96214e+04 -2.98625e+04 5010652 1 6.1927e-02
+8.06978e+04 -2.98758e+04 5010653 1 6.2097e-02
+8.17736e+04 -2.98878e+04 5010654 1 6.2257e-02
+8.28487e+04 -2.98985e+04 5010655 1 6.2404e-02
+8.39234e+04 -2.99079e+04 5010656 1 6.2537e-02
+8.49976e+04 -2.99161e+04 5010657 1 6.2655e-02
+8.60714e+04 -2.99230e+04 5010658 1 6.2756e-02
+8.71448e+04 -2.99287e+04 5010659 1 6.2840e-02
+8.82180e+04 -2.99330e+04 5010660 1 6.2906e-02
+8.92910e+04 -2.99362e+04 5010661 1 6.2953e-02
+9.03639e+04 -2.99381e+04 5010662 1 6.2981e-02
+4.88804e+04 -2.76978e+04 5010663 1 6.4553e-02
+5.00073e+04 -2.77426e+04 5010664 1 6.3861e-02
+5.11312e+04 -2.77866e+04 5010665 1 6.3266e-02
+5.22524e+04 -2.78296e+04 5010666 1 6.2734e-02
+5.33709e+04 -2.78717e+04 5010667 1 6.2283e-02
+5.44867e+04 -2.79129e+04 5010668 1 6.1853e-02
+5.56000e+04 -2.79530e+04 5010669 1 6.1487e-02
+5.67109e+04 -2.79920e+04 5010670 1 6.1161e-02
+5.78193e+04 -2.80300e+04 5010671 1 6.0899e-02
+5.89255e+04 -2.80668e+04 5010672 1 6.0660e-02
+6.00294e+04 -2.81025e+04 5010673 1 6.0479e-02
+6.11312e+04 -2.81370e+04 5010674 1 6.0337e-02
+6.22310e+04 -2.81703e+04 5010675 1 6.0234e-02
+6.33287e+04 -2.82024e+04 5010676 1 6.0152e-02
+6.44246e+04 -2.82334e+04 5010677 1 6.0119e-02
+6.55187e+04 -2.82631e+04 5010678 1 6.0115e-02
+6.66111e+04 -2.82915e+04 5010679 1 6.0140e-02
+6.77018e+04 -2.83188e+04 5010680 1 6.0188e-02
+6.87910e+04 -2.83448e+04 5010681 1 6.0260e-02
+6.98787e+04 -2.83695e+04 5010682 1 6.0340e-02
+7.09650e+04 -2.83930e+04 5010683 1 6.0447e-02
+7.20500e+04 -2.84153e+04 5010684 1 6.0567e-02
+7.31337e+04 -2.84363e+04 5010685 1 6.0697e-02
+7.42163e+04 -2.84561e+04 5010686 1 6.0833e-02
+7.52977e+04 -2.84746e+04 5010687 1 6.0976e-02
+7.63782e+04 -2.84920e+04 5010688 1 6.1122e-02
+7.74577e+04 -2.85081e+04 5010689 1 6.1269e-02
+7.85363e+04 -2.85229e+04 5010690 1 6.1414e-02
+7.96141e+04 -2.85366e+04 5010691 1 6.1555e-02
+8.06912e+04 -2.85491e+04 5010692 1 6.1691e-02
+8.17677e+04 -2.85603e+04 5010693 1 6.1819e-02
+8.28435e+04 -2.85704e+04 5010694 1 6.1938e-02
+8.39188e+04 -2.85792e+04 5010695 1 6.2046e-02
+8.49936e+04 -2.85869e+04 5010696 1 6.2142e-02
+8.60681e+04 -2.85934e+04 5010697 1 6.2225e-02
+8.71422e+04 -2.85986e+04 5010698 1 6.2293e-02
+8.82161e+04 -2.86028e+04 5010699 1 6.2347e-02
+8.92898e+04 -2.86057e+04 5010700 1 6.2386e-02
+9.03633e+04 -2.86075e+04 5010701 1 6.2409e-02
+4.88477e+04 -2.64306e+04 5010702 1 6.5193e-02
+4.99751e+04 -2.64722e+04 5010703 1 6.4516e-02
+5.10998e+04 -2.65131e+04 5010704 1 6.3936e-02
+5.22217e+04 -2.65531e+04 5010705 1 6.3408e-02
+5.33409e+04 -2.65923e+04 5010706 1 6.2934e-02
+5.44575e+04 -2.66305e+04 5010707 1 6.2514e-02
+5.55716e+04 -2.66678e+04 5010708 1 6.2129e-02
+5.66832e+04 -2.67042e+04 5010709 1 6.1782e-02
+5.77925e+04 -2.67395e+04 5010710 1 6.1468e-02
+5.88995e+04 -2.67737e+04 5010711 1 6.1212e-02
+6.00042e+04 -2.68069e+04 5010712 1 6.0975e-02
+6.11069e+04 -2.68391e+04 5010713 1 6.0788e-02
+6.22075e+04 -2.68701e+04 5010714 1 6.0635e-02
+6.33062e+04 -2.69000e+04 5010715 1 6.0513e-02
+6.44030e+04 -2.69288e+04 5010716 1 6.0408e-02
+6.54979e+04 -2.69565e+04 5010717 1 6.0346e-02
+6.65912e+04 -2.69830e+04 5010718 1 6.0311e-02
+6.76828e+04 -2.70084e+04 5010719 1 6.0298e-02
+6.87729e+04 -2.70327e+04 5010720 1 6.0308e-02
+6.98615e+04 -2.70557e+04 5010721 1 6.0335e-02
+7.09487e+04 -2.70776e+04 5010722 1 6.0380e-02
+7.20345e+04 -2.70984e+04 5010723 1 6.0431e-02
+7.31192e+04 -2.71180e+04 5010724 1 6.0501e-02
+7.42026e+04 -2.71365e+04 5010725 1 6.0581e-02
+7.52850e+04 -2.71538e+04 5010726 1 6.0668e-02
+7.63663e+04 -2.71699e+04 5010727 1 6.0762e-02
+7.74467e+04 -2.71849e+04 5010728 1 6.0858e-02
+7.85262e+04 -2.71988e+04 5010729 1 6.0956e-02
+7.96048e+04 -2.72116e+04 5010730 1 6.1054e-02
+8.06828e+04 -2.72232e+04 5010731 1 6.1149e-02
+8.17601e+04 -2.72337e+04 5010732 1 6.1240e-02
+8.28368e+04 -2.72431e+04 5010733 1 6.1325e-02
+8.39129e+04 -2.72514e+04 5010734 1 6.1403e-02
+8.49886e+04 -2.72585e+04 5010735 1 6.1473e-02
+8.60639e+04 -2.72646e+04 5010736 1 6.1533e-02
+8.71389e+04 -2.72695e+04 5010737 1 6.1584e-02
+8.82136e+04 -2.72733e+04 5010738 1 6.1623e-02
+8.92881e+04 -2.72761e+04 5010739 1 6.1652e-02
+9.03625e+04 -2.72777e+04 5010740 1 6.1668e-02
+4.88104e+04 -2.51640e+04 5010741 1 6.5928e-02
+4.99385e+04 -2.52025e+04 5010742 1 6.5268e-02
+5.10638e+04 -2.52403e+04 5010743 1 6.4673e-02
+5.21864e+04 -2.52774e+04 5010744 1 6.4143e-02
+5.33064e+04 -2.53136e+04 5010745 1 6.3661e-02
+5.44238e+04 -2.53490e+04 5010746 1 6.3229e-02
+5.55387e+04 -2.53835e+04 5010747 1 6.2801e-02
+5.66511e+04 -2.54172e+04 5010748 1 6.2425e-02
+5.77613e+04 -2.54499e+04 5010749 1 6.2096e-02
+5.88692e+04 -2.54816e+04 5010750 1 6.1779e-02
+5.99749e+04 -2.55124e+04 5010751 1 6.1512e-02
+6.10784e+04 -2.55422e+04 5010752 1 6.1255e-02
+6.21800e+04 -2.55709e+04 5010753 1 6.1046e-02
+6.32796e+04 -2.55987e+04 5010754 1 6.0863e-02
+6.43774e+04 -2.56254e+04 5010755 1 6.0709e-02
+6.54734e+04 -2.56510e+04 5010756 1 6.0566e-02
+6.65676e+04 -2.56756e+04 5010757 1 6.0461e-02
+6.76603e+04 -2.56991e+04 5010758 1 6.0379e-02
+6.87513e+04 -2.57216e+04 5010759 1 6.0317e-02
+6.98410e+04 -2.57430e+04 5010760 1 6.0274e-02
+7.09292e+04 -2.57633e+04 5010761 1 6.0248e-02
+7.20161e+04 -2.57826e+04 5010762 1 6.0236e-02
+7.31017e+04 -2.58008e+04 5010763 1 6.0237e-02
+7.41862e+04 -2.58179e+04 5010764 1 6.0250e-02
+7.52696e+04 -2.58340e+04 5010765 1 6.0268e-02
+7.63519e+04 -2.58490e+04 5010766 1 6.0300e-02
+7.74333e+04 -2.58629e+04 5010767 1 6.0339e-02
+7.85138e+04 -2.58758e+04 5010768 1 6.0382e-02
+7.95936e+04 -2.58877e+04 5010769 1 6.0427e-02
+8.06726e+04 -2.58985e+04 5010770 1 6.0475e-02
+8.17509e+04 -2.59082e+04 5010771 1 6.0522e-02
+8.28286e+04 -2.59169e+04 5010772 1 6.0567e-02
+8.39058e+04 -2.59246e+04 5010773 1 6.0610e-02
+8.49825e+04 -2.59312e+04 5010774 1 6.0649e-02
+8.60588e+04 -2.59369e+04 5010775 1 6.0683e-02
+8.71348e+04 -2.59414e+04 5010776 1 6.0712e-02
+8.82105e+04 -2.59450e+04 5010777 1 6.0735e-02
+8.92861e+04 -2.59476e+04 5010778 1 6.0751e-02
+9.03615e+04 -2.59491e+04 5010779 1 6.0760e-02
