+4.79618e+04 -9.99829e+04 1010001 0 2.8825e+00
+4.91066e+04 -9.99829e+04 1010002 0 2.7665e+00
+5.02514e+04 -9.99829e+04 1010003 0 2.6525e+00
+5.13961e+04 -9.99829e+04 1010004 0 2.5407e+00
+5.25408e+04 -9.99828e+04 1010005 0 2.4313e+00
+5.36855e+04 -9.99828e+04 1010006 0 2.3245e+00
+5.48301e+04 -9.99828e+04 1010007 0 2.2203e+00
+5.59746e+04 -9.99827e+04 1010008 0 2.1188e+00
+5.71191e+04 -9.99827e+04 1010009 0 2.0201e+00
+5.82636e+04 -9.99827e+04 1010010 0 1.9241e+00
+5.94080e+04 -9.99827e+04 1010011 0 1.8309e+00
+6.05524e+04 -9.99826e+04 1010012 0 1.7403e+00
+6.16967e+04 -9.99826e+04 1010013 0 1.6524e+00
+6.28409e+04 -9.99826e+04 1010014 0 1.5671e+00
+6.39852e+04 -9.99825e+04 1010015 0 1.4842e+00
+6.51294e+04 -9.99825e+04 1010016 0 1.4038e+00
+6.62735e+04 -9.99825e+04 1010017 0 1.3258e+00
+6.74176e+04 -9.99825e+04 1010018 0 1.2499e+00
+6.85617e+04 -9.99824e+04 1010019 0 1.1762e+00
+6.97057e+04 -9.99824e+04 1010020 0 1.1046e+00
+7.08497e+04 -9.99824e+04 1010021 0 1.0349e+00
+7.19937e+04 -9.99824e+04 1010022 0 9.6699e-01
+7.31376e+04 -9.99824e+04 1010023 0 9.0085e-01
+7.42815e+04 -9.99823e+04 1010024 0 8.3635e-01
+7.54254e+04 -9.99823e+04 1010025 0 7.7338e-01
+7.65693e+04 -9.99823e+04 1010026 0 7.1184e-01
+7.77131e+04 -9.99823e+04 1010027 0 6.5165e-01
+7.88569e+04 -9.99823e+04 1010028 0 5.9270e-01
+8.00007e+04 -9.99823e+04 1010029 0 5.3491e-01
+8.11445e+04 -9.99822e+04 1010030 0 4.7818e-01
+8.22882e+04 -9.99822e+04 1010031 0 4.2244e-01
+8.34320e+04 -9.99822e+04 1010032 0 3.6759e-01
+8.45757e+04 -9.99822e+04 1010033 0 3.1355e-01
+8.57194e+04 -9.99822e+04 1010034 0 2.6024e-01
+8.68631e+04 -9.99822e+04 1010035 0 2.0759e-01
+8.80068e+04 -9.99822e+04 1010036 0 1.5554e-01
+8.91505e+04 -9.99822e+04 1010037 0 1.0414e-01
+9.02942e+04 -9.99822e+04 1010038 0 5.4062e-02
+4.80514e+04 -9.88222e+04 1010043 0 2.6445e+00
+4.93462e+04 -9.88203e+04 1010044 0 2.5251e+00
+5.06372e+04 -9.88184e+04 1010045 0 2.4086e+00
+5.19241e+04 -9.88162e+04 1010046 0 2.2947e+00
+5.32069e+04 -9.88140e+04 1010047 0 2.1842e+00
+5.44854e+04 -9.88118e+04 1010048 0 2.0769e+00
+5.57598e+04 -9.88095e+04 1010049 0 1.9730e+00
+5.70299e+04 -9.88072e+04 1010050 0 1.8725e+00
+5.82959e+04 -9.88049e+04 1010051 0 1.7752e+00
+5.95579e+04 -9.88027e+04 1010052 0 1.6815e+00
+6.08161e+04 -9.88005e+04 1010053 0 1.5905e+00
+6.20705e+04 -9.87983e+04 1010054 0 1.5029e+00
+6.33213e+04 -9.87962e+04 1010055 0 1.4181e+00
+6.45686e+04 -9.87942e+04 1010056 0 1.3362e+00
+6.58126e+04 -9.87922e+04 1010057 0 1.2570e+00
+6.70534e+04 -9.87903e+04 1010058 0 1.1804e+00
+6.82913e+04 -9.87886e+04 1010059 0 1.1062e+00
+6.95262e+04 -9.87868e+04 1010060 0 1.0345e+00
+7.07585e+04 -9.87852e+04 1010061 0 9.6483e-01
+7.19882e+04 -9.87837e+04 1010062 0 8.9750e-01
+7.32155e+04 -9.87823e+04 1010063 0 8.3199e-01
+7.44406e+04 -9.87809e+04 1010064 0 7.6835e-01
+7.56637e+04 -9.87796e+04 1010065 0 7.0645e-01
+7.68848e+04 -9.87785e+04 1010066 0 6.4617e-01
+7.81042e+04 -9.87774e+04 1010067 0 5.8739e-01
+7.93220e+04 -9.87763e+04 1010068 0 5.2992e-01
+8.05382e+04 -9.87754e+04 1010069 0 4.7378e-01
+8.17531e+04 -9.87746e+04 1010070 0 4.1896e-01
+8.29667e+04 -9.87738e+04 1010071 0 3.6521e-01
+8.41792e+04 -9.87731e+04 1010072 0 3.1260e-01
+8.53908e+04 -9.87726e+04 1010073 0 2.6111e-01
+8.66015e+04 -9.87721e+04 1010074 0 2.1085e-01
+8.78114e+04 -9.87717e+04 1010075 0 1.6215e-01
+8.90209e+04 -9.87714e+04 1010076 0 1.1604e-01
+9.02300e+04 -9.87712e+04 1010077 0 7.6059e-02
+7.54537e+04 -8.09184e+04 3010029 1 4.2199e-01
+7.70717e+04 -8.08034e+04 3010030 1 4.0598e-01
+4.75529e+04 -9.77933e+04 1010084 0 2.4260e+00
+4.89913e+04 -9.77863e+04 1010085 0 2.3112e+00
+5.04208e+04 -9.77788e+04 1010086 0 2.1992e+00
+5.18414e+04 -9.77709e+04 1010087 0 2.0902e+00
+5.32529e+04 -9.77628e+04 1010088 0 1.9847e+00
+5.46554e+04 -9.77546e+04 1010089 0 1.8827e+00
+5.60490e+04 -9.77464e+04 1010090 0 1.7839e+00
+5.74339e+04 -9.77383e+04 1010091 0 1.6886e+00
+5.88104e+04 -9.77302e+04 1010092 0 1.5962e+00
+6.01788e+04 -9.77223e+04 1010093 0 1.5072e+00
+6.15392e+04 -9.77147e+04 1010094 0 1.4215e+00
+6.28921e+04 -9.77073e+04 1010095 0 1.3388e+00
+6.42379e+04 -9.77002e+04 1010096 0 1.2591e+00
+6.55769e+04 -9.76933e+04 1010097 0 1.1818e+00
+6.69094e+04 -9.76868e+04 1010098 0 1.1073e+00
+6.82358e+04 -9.76806e+04 1010099 0 1.0352e+00
+6.95564e+04 -9.76747e+04 1010100 0 9.6559e-01
+7.08715e+04 -9.76691e+04 1010101 0 8.9824e-01
+7.21816e+04 -9.76639e+04 1010102 0 8.3300e-01
+7.34871e+04 -9.76589e+04 1010103 0 7.6973e-01
+7.47882e+04 -9.76544e+04 1010104 0 7.0829e-01
+7.60852e+04 -9.76501e+04 1010105 0 6.4837e-01
+7.73785e+04 -9.76461e+04 1010106 0 5.9031e-01
+7.86683e+04 -9.76425e+04 1010107 0 5.3361e-01
+7.99548e+04 -9.76392e+04 1010108 0 4.7856e-01
+8.12385e+04 -9.76362e+04 1010109 0 4.2480e-01
+8.25196e+04 -9.76334e+04 1010110 0 3.7245e-01
+8.37984e+04 -9.76310e+04 1010111 0 3.2164e-01
+8.50752e+04 -9.76289e+04 1010112 0 2.7236e-01
+8.63503e+04 -9.76271e+04 1010113 0 2.2509e-01
+8.76240e+04 -9.76257e+04 1010114 0 1.8069e-01
+8.88966e+04 -9.76247e+04 1010115 0 1.4115e-01
+9.01684e+04 -9.76241e+04 1010116 0 1.1106e-01
+4.76585e+04 -9.68567e+04 1010125 0 2.1412e+00
+4.92262e+04 -9.68414e+04 1010126 0 2.0343e+00
+5.07795e+04 -9.68252e+04 1010127 0 1.9304e+00
+5.23184e+04 -9.68085e+04 1010128 0 1.8298e+00
+5.38430e+04 -9.67916e+04 1010129 0 1.7327e+00
+5.53538e+04 -9.67746e+04 1010130 0 1.6391e+00
+5.68509e+04 -9.67577e+04 1010131 0 1.5485e+00
+5.83349e+04 -9.67411e+04 1010132 0 1.4612e+00
+5.98063e+04 -9.67249e+04 1010133 0 1.3773e+00
+6.12656e+04 -9.67092e+04 1010134 0 1.2965e+00
+6.27135e+04 -9.66939e+04 1010135 0 1.2187e+00
+6.41503e+04 -9.66793e+04 1010136 0 1.1438e+00
+6.55769e+04 -9.66653e+04 1010137 0 1.0717e+00
+6.69937e+04 -9.66520e+04 1010138 0 1.0018e+00
+6.84014e+04 -9.66393e+04 1010139 0 9.3476e-01
+6.98004e+04 -9.66274e+04 1010140 0 8.6978e-01
+7.11915e+04 -9.66162e+04 1010141 0 8.0727e-01
+7.25752e+04 -9.66056e+04 1010142 0 7.4658e-01
+7.39519e+04 -9.65958e+04 1010143 0 6.8787e-01
+7.53222e+04 -9.65867e+04 1010144 0 6.3125e-01
+7.66866e+04 -9.65782e+04 1010145 0 5.7622e-01
+7.80456e+04 -9.65704e+04 1010146 0 5.2291e-01
+7.93998e+04 -9.65633e+04 1010147 0 4.7126e-01
+8.07495e+04 -9.65569e+04 1010148 0 4.2142e-01
+8.20951e+04 -9.65510e+04 1010149 0 3.7321e-01
+8.34371e+04 -9.65459e+04 1010150 0 3.2696e-01
+8.47760e+04 -9.65414e+04 1010151 0 2.8303e-01
+8.61122e+04 -9.65377e+04 1010152 0 2.4203e-01
+8.74463e+04 -9.65347e+04 1010153 0 2.0513e-01
+8.87788e+04 -9.65325e+04 1010154 0 1.7440e-01
+9.01101e+04 -9.65311e+04 1010155 0 1.5319e-01
+4.83539e+04 -8.02625e+04 3010167 1 7.9307e-01
+4.83764e+04 -9.59789e+04 1010166 0 1.8386e+00
+5.00531e+04 -9.59524e+04 1010167 0 1.7428e+00
+5.17097e+04 -9.59250e+04 1010168 0 1.6501e+00
+5.33467e+04 -9.58971e+04 1010169 0 1.5607e+00
+5.49644e+04 -9.58692e+04 1010170 0 1.4745e+00
+5.65637e+04 -9.58416e+04 1010171 0 1.3916e+00
+5.81453e+04 -9.58143e+04 1010172 0 1.3118e+00
+5.97097e+04 -9.57878e+04 1010173 0 1.2347e+00
+6.12580e+04 -9.57620e+04 1010174 0 1.1610e+00
+6.27909e+04 -9.57372e+04 1010175 0 1.0897e+00
+6.43093e+04 -9.57134e+04 1010176 0 1.0213e+00
+6.58142e+04 -9.56907e+04 1010177 0 9.5573e-01
+6.73063e+04 -9.56691e+04 1010178 0 8.9236e-01
+6.87864e+04 -9.56487e+04 1010179 0 8.3139e-01
+7.02554e+04 -9.56295e+04 1010180 0 7.7292e-01
+7.17141e+04 -9.56115e+04 1010181 0 7.1631e-01
+7.31631e+04 -9.55947e+04 1010182 0 6.6177e-01
+7.46033e+04 -9.55790e+04 1010183 0 6.0922e-01
+7.60355e+04 -9.55646e+04 1010184 0 5.5856e-01
+7.74603e+04 -9.55513e+04 1010185 0 5.0990e-01
+7.88782e+04 -9.55391e+04 1010186 0 4.6297e-01
+8.02901e+04 -9.55281e+04 1010187 0 4.1801e-01
+8.16966e+04 -9.55182e+04 1010188 0 3.7510e-01
+8.30982e+04 -9.55094e+04 1010189 0 3.3454e-01
+8.44956e+04 -9.55018e+04 1010190 0 2.9678e-01
+8.58892e+04 -9.54955e+04 1010191 0 2.6256e-01
+8.72800e+04 -9.54903e+04 1010192 0 2.3291e-01
+8.86685e+04 -9.54866e+04 1010193 0 2.0938e-01
+9.00555e+04 -9.54842e+04 1010194 0 1.9399e-01
+8.26527e+04 -7.49264e+04 3010267 1 3.0511e-01
+8.85149e+04 -7.47299e+04 3010271 1 2.5776e-01
+8.70505e+04 -7.47610e+04 3010270 1 2.6601e-01
+8.55855e+04 -7.48041e+04 3010269 1 2.7684e-01
+4.98992e+04 -8.01090e+04 3010168 1 7.7385e-01
+8.99790e+04 -7.47109e+04 3010272 1 2.5218e-01
+8.11845e+04 -7.50048e+04 3010266 1 3.2158e-01
+4.78942e+04 -9.51709e+04 1010206 0 1.6417e+00
+4.96802e+04 -9.51320e+04 1010207 0 1.5520e+00
+5.14409e+04 -9.50918e+04 1010208 0 1.4653e+00
+5.31769e+04 -9.50512e+04 1010209 0 1.3829e+00
+5.48888e+04 -9.50107e+04 1010210 0 1.3037e+00
+5.65775e+04 -9.49707e+04 1010211 0 1.2295e+00
+5.82440e+04 -9.49315e+04 1010212 0 1.1583e+00
+5.98894e+04 -9.48932e+04 1010213 0 1.0902e+00
+6.15149e+04 -9.48563e+04 1010214 0 1.0245e+00
+6.31215e+04 -9.48207e+04 1010215 0 9.6143e-01
+6.47105e+04 -9.47867e+04 1010216 0 9.0114e-01
+6.62829e+04 -9.47544e+04 1010217 0 8.4295e-01
+6.78400e+04 -9.47237e+04 1010218 0 7.8712e-01
+6.93828e+04 -9.46948e+04 1010219 0 7.3349e-01
+7.09122e+04 -9.46677e+04 1010220 0 6.8200e-01
+7.24294e+04 -9.46424e+04 1010221 0 6.3260e-01
+7.39354e+04 -9.46189e+04 1010222 0 5.8520e-01
+7.54309e+04 -9.45972e+04 1010223 0 5.3991e-01
+7.69170e+04 -9.45772e+04 1010224 0 4.9647e-01
+7.83947e+04 -9.45589e+04 1010225 0 4.5501e-01
+7.98646e+04 -9.45424e+04 1010226 0 4.1565e-01
+8.13275e+04 -9.45275e+04 1010227 0 3.7860e-01
+8.27844e+04 -9.45144e+04 1010228 0 3.4409e-01
+8.42360e+04 -9.45029e+04 1010229 0 3.1253e-01
+8.56830e+04 -9.44933e+04 1010230 0 2.8458e-01
+8.71262e+04 -9.44856e+04 1010231 0 2.6109e-01
+8.85666e+04 -9.44800e+04 1010232 0 2.4303e-01
+9.00050e+04 -9.44764e+04 1010233 0 2.3156e-01
+7.86834e+04 -8.06991e+04 3010031 1 3.9111e-01
+4.91175e+04 -8.28194e+04 3010052 1 7.7933e-01
+4.74131e+04 -8.29927e+04 3010051 1 8.0241e-01
+8.27988e+04 -7.39406e+04 3010306 1 2.9450e-01
+8.13558e+04 -7.40174e+04 3010305 1 3.1190e-01
+4.74686e+04 -8.12570e+04 3010128 1 8.0230e-01
+8.71227e+04 -7.37790e+04 3010309 1 2.5263e-01
+7.97148e+04 -7.50943e+04 3010265 1 3.3965e-01
+8.41196e+04 -7.48593e+04 3010268 1 2.9007e-01
+7.84666e+04 -7.42028e+04 3010303 1 3.5051e-01
+7.99118e+04 -7.41048e+04 3010304 1 3.3054e-01
+4.78013e+04 -9.44050e+04 1010246 0 1.4549e+00
+4.96773e+04 -9.43518e+04 1010247 0 1.3741e+00
+5.15232e+04 -9.42971e+04 1010248 0 1.2967e+00
+5.33401e+04 -9.42418e+04 1010249 0 1.2222e+00
+5.51287e+04 -9.41868e+04 1010250 0 1.1510e+00
+5.68905e+04 -9.41325e+04 1010251 0 1.0833e+00
+5.86265e+04 -9.40796e+04 1010252 0 1.0184e+00
+6.03384e+04 -9.40283e+04 1010253 0 9.5658e-01
+6.20274e+04 -9.39789e+04 1010254 0 8.9783e-01
+6.36949e+04 -9.39316e+04 1010255 0 8.4198e-01
+6.53423e+04 -9.38867e+04 1010256 0 7.8917e-01
+6.69710e+04 -9.38441e+04 1010257 0 7.3878e-01
+6.85822e+04 -9.38040e+04 1010258 0 6.9092e-01
+7.01773e+04 -9.37664e+04 1010259 0 6.4555e-01
+7.17576e+04 -9.37314e+04 1010260 0 6.0218e-01
+7.33240e+04 -9.36988e+04 1010261 0 5.6064e-01
+7.48780e+04 -9.36687e+04 1010262 0 5.2108e-01
+7.64206e+04 -9.36410e+04 1010263 0 4.8348e-01
+7.79528e+04 -9.36157e+04 1010264 0 4.4794e-01
+7.94759e+04 -9.35928e+04 1010265 0 4.1452e-01
+8.09907e+04 -9.35723e+04 1010266 0 3.8337e-01
+8.24981e+04 -9.35542e+04 1010267 0 3.5477e-01
+8.39992e+04 -9.35383e+04 1010268 0 3.2900e-01
+8.54950e+04 -9.35250e+04 1010269 0 3.0651e-01
+8.69861e+04 -9.35143e+04 1010270 0 2.8798e-01
+8.84737e+04 -9.35065e+04 1010271 0 2.7404e-01
+8.99591e+04 -9.35016e+04 1010272 0 2.6534e-01
+8.02895e+04 -8.06059e+04 3010032 1 3.7778e-01
+4.83621e+04 -8.37201e+04 3010013 1 7.9079e-01
+5.42236e+04 -8.22526e+04 3010055 1 7.0624e-01
+5.08221e+04 -8.26365e+04 3010053 1 7.5541e-01
+5.25248e+04 -8.24468e+04 3010054 1 7.3082e-01
+4.82343e+04 -8.20613e+04 3010090 1 7.9142e-01
+4.98863e+04 -8.18898e+04 3010091 1 7.6943e-01
+8.56821e+04 -7.38211e+04 3010308 1 2.6426e-01
+7.52950e+04 -7.54253e+04 3010262 1 3.9955e-01
+7.55721e+04 -7.44283e+04 3010301 1 3.9266e-01
+4.80890e+04 -9.36596e+04 1010286 0 1.2634e+00
+5.00354e+04 -9.35913e+04 1010287 0 1.1948e+00
+5.19477e+04 -9.35214e+04 1010288 0 1.1290e+00
+5.38271e+04 -9.34512e+04 1010289 0 1.0656e+00
+5.56751e+04 -9.33815e+04 1010290 0 1.0047e+00
+5.74929e+04 -9.33131e+04 1010291 0 9.4664e-01
+5.92826e+04 -9.32465e+04 1010292 0 8.9114e-01
+6.10455e+04 -9.31822e+04 1010293 0 8.3828e-01
+6.27834e+04 -9.31204e+04 1010294 0 7.8798e-01
+6.44980e+04 -9.30615e+04 1010295 0 7.4042e-01
+6.61908e+04 -9.30056e+04 1010296 0 6.9499e-01
+6.78634e+04 -9.29528e+04 1010297 0 6.5193e-01
+6.95174e+04 -9.29032e+04 1010298 0 6.1114e-01
+7.11541e+04 -9.28569e+04 1010299 0 5.7263e-01
+7.27751e+04 -9.28138e+04 1010300 0 5.3627e-01
+7.43815e+04 -9.27741e+04 1010301 0 5.0204e-01
+7.59748e+04 -9.27376e+04 1010302 0 4.6999e-01
+7.75563e+04 -9.27043e+04 1010303 0 4.4005e-01
+7.91271e+04 -9.26742e+04 1010304 0 4.1229e-01
+8.06884e+04 -9.26472e+04 1010305 0 3.8675e-01
+8.22414e+04 -9.26234e+04 1010306 0 3.6361e-01
+8.37869e+04 -9.26027e+04 1010307 0 3.4307e-01
+8.53264e+04 -9.25852e+04 1010308 0 3.2533e-01
+8.68606e+04 -9.25711e+04 1010309 0 3.1087e-01
+8.83906e+04 -9.25608e+04 1010310 0 3.0019e-01
+8.99180e+04 -9.25543e+04 1010311 0 2.9358e-01
+8.18909e+04 -8.05239e+04 3010033 1 3.6591e-01
+5.01188e+04 -8.35363e+04 3010014 1 7.6626e-01
+5.76040e+04 -8.18590e+04 3010057 1 6.5649e-01
+5.59170e+04 -8.20561e+04 3010056 1 6.8133e-01
+5.31951e+04 -8.15214e+04 3010093 1 7.2298e-01
+5.15405e+04 -8.17089e+04 3010092 1 7.4654e-01
+5.06656e+04 -8.09313e+04 3010130 1 7.6091e-01
+4.90638e+04 -8.11000e+04 3010129 1 7.8212e-01
+7.82434e+04 -7.51946e+04 3010264 1 3.5878e-01
+8.42408e+04 -7.38751e+04 3010307 1 2.7851e-01
+7.70200e+04 -7.43108e+04 3010302 1 3.7129e-01
+4.87372e+04 -9.29206e+04 1010326 0 1.0961e+00
+5.07322e+04 -9.28357e+04 1010327 0 1.0360e+00
+5.26907e+04 -9.27498e+04 1010328 0 9.7873e-01
+5.46139e+04 -9.26642e+04 1010329 0 9.2408e-01
+5.65036e+04 -9.25799e+04 1010330 0 8.7241e-01
+5.83614e+04 -9.24976e+04 1010331 0 8.2354e-01
+6.01892e+04 -9.24180e+04 1010332 0 7.7838e-01
+6.19887e+04 -9.23414e+04 1010333 0 7.3530e-01
+6.37619e+04 -9.22681e+04 1010334 0 6.9435e-01
+6.55106e+04 -9.21984e+04 1010335 0 6.5543e-01
+6.72367e+04 -9.21325e+04 1010336 0 6.1854e-01
+6.89418e+04 -9.20705e+04 1010337 0 5.8366e-01
+7.06277e+04 -9.20125e+04 1010338 0 5.5077e-01
+7.22958e+04 -9.19586e+04 1010339 0 5.1972e-01
+7.39479e+04 -9.19087e+04 1010340 0 4.9054e-01
+7.55852e+04 -9.18629e+04 1010341 0 4.6325e-01
+7.72095e+04 -9.18211e+04 1010342 0 4.3782e-01
+7.88219e+04 -9.17833e+04 1010343 0 4.1427e-01
+8.04237e+04 -9.17495e+04 1010344 0 3.9272e-01
+8.20164e+04 -9.17196e+04 1010345 0 3.7320e-01
+8.36009e+04 -9.16936e+04 1010346 0 3.5588e-01
+8.51787e+04 -9.16716e+04 1010347 0 3.4095e-01
+8.67507e+04 -9.16537e+04 1010348 0 3.2877e-01
+8.83179e+04 -9.16406e+04 1010349 0 3.1981e-01
+8.98820e+04 -9.16324e+04 1010350 0 3.1429e-01
+8.34882e+04 -8.04537e+04 3010034 1 3.5566e-01
+5.18706e+04 -8.33456e+04 3010015 1 7.4109e-01
+6.09561e+04 -8.14699e+04 3010059 1 6.0718e-01
+5.92839e+04 -8.16631e+04 3010058 1 6.3167e-01
+5.81447e+04 -8.09396e+04 3010096 1 6.5021e-01
+5.64986e+04 -8.11348e+04 3010095 1 6.7467e-01
+5.48483e+04 -8.13293e+04 3010094 1 6.9892e-01
+5.54881e+04 -8.03802e+04 3010133 1 6.9259e-01
+5.38796e+04 -8.05691e+04 3010132 1 7.1590e-01
+5.22715e+04 -8.07535e+04 3010131 1 7.3871e-01
+5.14527e+04 -7.99441e+04 3010169 1 7.5334e-01
+7.26720e+04 -7.46897e+04 3010299 1 4.3750e-01
+4.76571e+04 -9.22754e+04 1010365 0 9.9441e-01
+4.97194e+04 -9.21762e+04 1010366 0 9.4440e-01
+5.17420e+04 -9.20749e+04 1010367 0 8.9639e-01
+5.37265e+04 -9.19733e+04 1010368 0 8.5028e-01
+5.56746e+04 -9.18727e+04 1010369 0 8.0640e-01
+5.75881e+04 -9.17741e+04 1010370 0 7.6481e-01
+5.94692e+04 -9.16783e+04 1010371 0 7.2512e-01
+6.13198e+04 -9.15860e+04 1010372 0 6.8773e-01
+6.31417e+04 -9.14977e+04 1010373 0 6.5250e-01
+6.49373e+04 -9.14137e+04 1010374 0 6.1939e-01
+6.67081e+04 -9.13342e+04 1010375 0 5.8836e-01
+6.84563e+04 -9.12596e+04 1010376 0 5.5929e-01
+7.01834e+04 -9.11897e+04 1010377 0 5.3190e-01
+7.18913e+04 -9.11246e+04 1010378 0 5.0599e-01
+7.35816e+04 -9.10645e+04 1010379 0 4.8170e-01
+7.52561e+04 -9.10091e+04 1010380 0 4.5890e-01
+7.69162e+04 -9.09587e+04 1010381 0 4.3768e-01
+7.85637e+04 -9.09131e+04 1010382 0 4.1804e-01
+8.01997e+04 -9.08724e+04 1010383 0 4.0001e-01
+8.18259e+04 -9.08363e+04 1010384 0 3.8369e-01
+8.34435e+04 -9.08050e+04 1010385 0 3.6920e-01
+8.50536e+04 -9.07784e+04 1010386 0 3.5671e-01
+8.66577e+04 -9.07566e+04 1010387 0 3.4639e-01
+8.82564e+04 -9.07406e+04 1010388 0 3.3880e-01
+8.98516e+04 -9.07305e+04 1010389 0 3.3411e-01
+8.50825e+04 -8.03952e+04 3010035 1 3.4736e-01
+5.36158e+04 -8.31503e+04 3010016 1 7.1551e-01
+6.59241e+04 -8.09183e+04 3010062 1 5.3629e-01
+6.42765e+04 -8.10964e+04 3010061 1 5.5934e-01
+6.14208e+04 -8.05536e+04 3010098 1 6.0171e-01
+5.97856e+04 -8.07454e+04 3010097 1 6.2587e-01
+7.67702e+04 -7.53051e+04 3010263 1 3.7872e-01
+7.41228e+04 -7.45548e+04 3010300 1 4.1476e-01
+4.89228e+04 -9.15297e+04 1010405 0 8.6391e-01
+5.09938e+04 -9.14137e+04 1010406 0 8.2304e-01
+5.30251e+04 -9.12968e+04 1010407 0 7.8387e-01
+5.50181e+04 -9.11807e+04 1010408 0 7.4763e-01
+5.69747e+04 -9.10666e+04 1010409 0 7.1362e-01
+5.88967e+04 -9.09554e+04 1010410 0 6.8102e-01
+6.07865e+04 -9.08479e+04 1010411 0 6.4991e-01
+6.26463e+04 -9.07448e+04 1010412 0 6.2021e-01
+6.44779e+04 -9.06464e+04 1010413 0 5.9214e-01
+6.62836e+04 -9.05533e+04 1010414 0 5.6556e-01
+6.80654e+04 -9.04655e+04 1010415 0 5.4054e-01
+6.98250e+04 -9.03832e+04 1010416 0 5.1696e-01
+7.15645e+04 -9.03066e+04 1010417 0 4.9492e-01
+7.32853e+04 -9.02358e+04 1010418 0 4.7434e-01
+7.49895e+04 -9.01708e+04 1010419 0 4.5527e-01
+7.66785e+04 -9.01116e+04 1010420 0 4.3764e-01
+7.83541e+04 -9.00581e+04 1010421 0 4.2148e-01
+8.00178e+04 -9.00103e+04 1010422 0 4.0676e-01
+8.16711e+04 -8.99681e+04 1010423 0 3.9317e-01
+8.33153e+04 -8.99314e+04 1010424 0 3.8105e-01
+8.49519e+04 -8.99003e+04 1010425 0 3.7056e-01
+8.65820e+04 -8.98747e+04 1010426 0 3.6172e-01
+8.82065e+04 -8.98556e+04 1010427 0 3.5513e-01
+8.98270e+04 -8.98435e+04 1010428 0 3.5104e-01
+8.66746e+04 -8.03491e+04 3010036 1 3.4075e-01
+5.53532e+04 -8.29527e+04 3010017 1 6.8978e-01
+7.08178e+04 -8.04290e+04 3010065 1 4.7151e-01
+6.91945e+04 -8.05839e+04 3010064 1 4.9238e-01
+6.75633e+04 -8.07472e+04 3010063 1 5.1389e-01
+6.26205e+04 -8.12806e+04 3010060 1 5.8300e-01
+6.46725e+04 -8.01824e+04 3010100 1 5.5447e-01
+6.34961e+04 -7.94295e+04 3010138 1 5.7309e-01
+6.03037e+04 -7.98048e+04 3010136 1 6.2090e-01
+5.87013e+04 -7.99963e+04 3010135 1 6.4510e-01
+5.70957e+04 -8.01887e+04 3010134 1 6.6887e-01
+5.30121e+04 -7.97704e+04 3010170 1 7.3169e-01
+7.12199e+04 -7.48325e+04 3010298 1 4.6055e-01
+7.15895e+04 -7.38047e+04 3010337 1 4.5462e-01
+4.83588e+04 -9.08882e+04 1010444 0 8.0741e-01
+5.04601e+04 -9.07580e+04 1010445 0 7.7474e-01
+5.25209e+04 -9.06263e+04 1010446 0 7.4277e-01
+5.45429e+04 -9.04950e+04 1010447 0 7.1174e-01
+5.65277e+04 -9.03656e+04 1010448 0 6.8185e-01
+5.84776e+04 -9.02394e+04 1010449 0 6.5315e-01
+6.03946e+04 -9.01173e+04 1010450 0 6.2587e-01
+6.22806e+04 -9.00001e+04 1010451 0 6.0008e-01
+6.41378e+04 -8.98883e+04 1010452 0 5.7594e-01
+6.59683e+04 -8.97821e+04 1010453 0 5.5294e-01
+6.77740e+04 -8.96820e+04 1010454 0 5.3099e-01
+6.95570e+04 -8.95880e+04 1010455 0 5.1013e-01
+7.13191e+04 -8.95004e+04 1010456 0 4.9044e-01
+7.30621e+04 -8.94192e+04 1010457 0 4.7195e-01
+7.47879e+04 -8.93446e+04 1010458 0 4.5473e-01
+7.64982e+04 -8.92766e+04 1010459 0 4.3872e-01
+7.81947e+04 -8.92152e+04 1010460 0 4.2405e-01
+7.98790e+04 -8.91603e+04 1010461 0 4.1068e-01
+8.15525e+04 -8.91118e+04 1010462 0 3.9867e-01
+8.32170e+04 -8.90698e+04 1010463 0 3.8823e-01
+8.48738e+04 -8.90341e+04 1010464 0 3.7927e-01
+8.65240e+04 -8.90046e+04 1010465 0 3.7155e-01
+8.81682e+04 -8.89822e+04 1010466 0 3.6566e-01
+8.98081e+04 -8.89679e+04 1010467 0 3.6198e-01
+8.82653e+04 -8.03159e+04 3010037 1 3.3619e-01
+5.70819e+04 -8.27548e+04 3010018 1 6.6403e-01
+7.40426e+04 -8.01469e+04 3010067 1 4.3299e-01
+7.24337e+04 -8.02831e+04 3010066 1 4.5179e-01
+6.95007e+04 -7.96717e+04 3010103 1 4.8694e-01
+6.62886e+04 -8.00051e+04 3010101 1 5.3140e-01
+6.30498e+04 -8.03656e+04 3010099 1 5.7786e-01
+6.19021e+04 -7.96154e+04 3010137 1 5.9684e-01
+6.87437e+04 -7.41014e+04 3010335 1 5.0126e-01
+7.38176e+04 -7.55549e+04 3010261 1 4.2120e-01
+6.83124e+04 -7.51384e+04 3010296 1 5.0724e-01
+4.80320e+04 -9.02406e+04 1010483 0 7.8404e-01
+5.01460e+04 -9.00974e+04 1010484 0 7.5402e-01
+5.22203e+04 -8.99523e+04 1010485 0 7.2532e-01
+5.42559e+04 -8.98072e+04 1010486 0 6.9838e-01
+5.62545e+04 -8.96640e+04 1010487 0 6.7176e-01
+5.82182e+04 -8.95239e+04 1010488 0 6.4566e-01
+6.01490e+04 -8.93881e+04 1010489 0 6.2054e-01
+6.20490e+04 -8.92573e+04 1010490 0 5.9632e-01
+6.39202e+04 -8.91324e+04 1010491 0 5.7313e-01
+6.57647e+04 -8.90138e+04 1010492 0 5.5118e-01
+6.75845e+04 -8.89019e+04 1010493 0 5.3034e-01
+6.93816e+04 -8.87969e+04 1010494 0 5.1075e-01
+7.11575e+04 -8.86989e+04 1010495 0 4.9224e-01
+7.29143e+04 -8.86081e+04 1010496 0 4.7471e-01
+7.46536e+04 -8.85246e+04 1010497 0 4.5830e-01
+7.63774e+04 -8.84485e+04 1010498 0 4.4303e-01
+7.80872e+04 -8.83798e+04 1010499 0 4.2897e-01
+7.97848e+04 -8.83182e+04 1010500 0 4.1616e-01
+8.14717e+04 -8.82640e+04 1010501 0 4.0464e-01
+8.31495e+04 -8.82170e+04 1010502 0 3.9467e-01
+8.48197e+04 -8.81773e+04 1010503 0 3.8637e-01
+8.64838e+04 -8.81440e+04 1010504 0 3.7892e-01
+8.81417e+04 -8.81183e+04 1010505 0 3.7306e-01
+8.97950e+04 -8.81019e+04 1010506 0 3.6936e-01
+8.98552e+04 -8.02954e+04 3010038 1 3.3350e-01
+7.56450e+04 -8.00207e+04 3010068 1 4.1531e-01
+7.26867e+04 -7.93714e+04 3010105 1 4.4576e-01
+7.42708e+04 -7.92352e+04 3010106 1 4.2631e-01
+6.78980e+04 -7.98346e+04 3010102 1 5.0890e-01
+6.66691e+04 -7.90726e+04 3010140 1 5.2664e-01
+6.82479e+04 -7.89035e+04 3010141 1 5.0410e-01
+7.16954e+04 -7.76417e+04 3010182 1 4.5503e-01
+5.61403e+04 -7.94052e+04 3010172 1 6.8647e-01
+7.01666e+04 -7.39501e+04 3010336 1 4.7790e-01
+6.44781e+04 -7.45823e+04 3010332 1 5.7150e-01
+4.79475e+04 -8.95794e+04 1010522 0 7.9427e-01
+5.00554e+04 -8.94241e+04 1010523 0 7.6627e-01
+5.21252e+04 -8.92664e+04 1010524 0 7.3781e-01
+5.41582e+04 -8.91087e+04 1010525 0 7.0975e-01
+5.61559e+04 -8.89527e+04 1010526 0 6.8209e-01
+5.81199e+04 -8.88002e+04 1010527 0 6.5534e-01
+6.00521e+04 -8.86523e+04 1010528 0 6.3016e-01
+6.19541e+04 -8.85097e+04 1010529 0 6.0589e-01
+6.38280e+04 -8.83732e+04 1010530 0 5.8245e-01
+6.56758e+04 -8.82434e+04 1010531 0 5.5997e-01
+6.74993e+04 -8.81207e+04 1010532 0 5.3845e-01
+6.93006e+04 -8.80053e+04 1010533 0 5.1801e-01
+7.10812e+04 -8.78975e+04 1010534 0 4.9866e-01
+7.28430e+04 -8.77976e+04 1010535 0 4.8060e-01
+7.45877e+04 -8.77057e+04 1010536 0 4.6380e-01
+7.63171e+04 -8.76220e+04 1010537 0 4.4829e-01
+7.80327e+04 -8.75465e+04 1010538 0 4.3421e-01
+7.97363e+04 -8.74789e+04 1010539 0 4.2142e-01
+8.14294e+04 -8.74195e+04 1010540 0 4.0979e-01
+8.31133e+04 -8.73679e+04 1010541 0 3.9956e-01
+8.47902e+04 -8.73249e+04 1010542 0 3.9154e-01
+8.64614e+04 -8.72881e+04 1010543 0 3.8426e-01
+8.81264e+04 -8.72594e+04 1010544 0 3.7846e-01
+8.97873e+04 -8.72410e+04 1010545 0 3.7482e-01
+5.88013e+04 -8.25582e+04 3010019 1 6.3850e-01
+7.72414e+04 -7.99050e+04 3010069 1 3.9869e-01
+7.58493e+04 -7.91090e+04 3010107 1 4.0818e-01
+7.74228e+04 -7.89932e+04 3010108 1 3.9098e-01
+7.10968e+04 -7.95171e+04 3010104 1 4.6588e-01
+7.60653e+04 -7.81824e+04 3010146 1 4.0098e-01
+6.98215e+04 -7.87418e+04 3010142 1 4.8207e-01
+6.50851e+04 -7.92482e+04 3010139 1 5.4960e-01
+7.13899e+04 -7.85882e+04 3010143 1 4.6065e-01
+5.45751e+04 -7.95901e+04 3010171 1 7.0936e-01
+6.68576e+04 -7.52999e+04 3010295 1 5.3063e-01
+6.73210e+04 -7.42578e+04 3010334 1 5.2468e-01
+6.58990e+04 -7.44185e+04 3010333 1 5.4816e-01
+4.80966e+04 -8.88955e+04 1010561 0 8.2170e-01
+5.01817e+04 -8.87295e+04 1010562 0 7.9131e-01
+5.22315e+04 -8.85611e+04 1010563 0 7.6284e-01
+5.42468e+04 -8.83925e+04 1010564 0 7.3421e-01
+5.62288e+04 -8.82257e+04 1010565 0 7.0565e-01
+5.81792e+04 -8.80623e+04 1010566 0 6.7745e-01
+6.00996e+04 -8.79035e+04 1010567 0 6.4994e-01
+6.19917e+04 -8.77504e+04 1010568 0 6.2324e-01
+6.38573e+04 -8.76037e+04 1010569 0 5.9743e-01
+6.56981e+04 -8.74643e+04 1010570 0 5.7305e-01
+6.75156e+04 -8.73324e+04 1010571 0 5.5030e-01
+6.93118e+04 -8.72082e+04 1010572 0 5.2852e-01
+7.10881e+04 -8.70920e+04 1010573 0 5.0776e-01
+7.28464e+04 -8.69842e+04 1010574 0 4.8820e-01
+7.45883e+04 -8.68849e+04 1010575 0 4.6995e-01
+7.63155e+04 -8.67944e+04 1010576 0 4.5304e-01
+7.80294e+04 -8.67127e+04 1010577 0 4.3763e-01
+7.97318e+04 -8.66395e+04 1010578 0 4.2373e-01
+8.14240e+04 -8.65752e+04 1010579 0 4.1151e-01
+8.31076e+04 -8.65192e+04 1010580 0 4.0083e-01
+8.47842e+04 -8.64733e+04 1010581 0 3.9233e-01
+8.64552e+04 -8.64334e+04 1010582 0 3.8538e-01
+8.81213e+04 -8.64023e+04 1010583 0 3.8025e-01
+8.97844e+04 -8.63823e+04 1010584 0 3.7712e-01
+6.05109e+04 -8.23645e+04 3010020 1 6.1342e-01
+8.35788e+04 -7.95534e+04 3010073 1 3.4609e-01
+8.04184e+04 -7.97063e+04 3010071 1 3.6933e-01
+7.88323e+04 -7.98001e+04 3010070 1 3.8315e-01
+7.89916e+04 -7.88882e+04 3010109 1 3.7504e-01
+8.21178e+04 -7.87120e+04 3010111 1 3.4738e-01
+7.45115e+04 -7.83080e+04 3010145 1 4.1985e-01
+5.77062e+04 -7.92176e+04 3010173 1 6.6324e-01
+4.92411e+04 -7.92375e+04 3010206 1 7.8400e-01
+4.96154e+04 -7.72223e+04 3010283 1 7.8269e-01
+4.84491e+04 -8.81836e+04 1010600 0 8.4611e-01
+5.04945e+04 -8.80085e+04 1010601 1 8.1383e-01
+5.25087e+04 -8.78311e+04 1010602 1 7.8142e-01
+5.44923e+04 -8.76535e+04 1010603 1 7.4922e-01
+5.64462e+04 -8.74779e+04 1010604 1 7.1767e-01
+5.83714e+04 -8.73058e+04 1010605 1 6.8847e-01
+6.02690e+04 -8.71384e+04 1010606 1 6.5997e-01
+6.21405e+04 -8.69767e+04 1010607 1 6.3209e-01
+6.39876e+04 -8.68216e+04 1010608 1 6.0516e-01
+6.58118e+04 -8.66739e+04 1010609 1 5.7933e-01
+6.76146e+04 -8.65340e+04 1010610 1 5.5464e-01
+6.93977e+04 -8.64022e+04 1010611 1 5.3124e-01
+7.11623e+04 -8.62790e+04 1010612 1 5.0927e-01
+7.29103e+04 -8.61645e+04 1010613 1 4.8904e-01
+7.46429e+04 -8.60590e+04 1010614 1 4.7026e-01
+7.63616e+04 -8.59628e+04 1010615 1 4.5291e-01
+7.80678e+04 -8.58759e+04 1010616 1 4.3697e-01
+7.97631e+04 -8.57980e+04 1010617 1 4.2265e-01
+8.14488e+04 -8.57295e+04 1010618 1 4.1002e-01
+8.31267e+04 -8.56700e+04 1010619 1 3.9919e-01
+8.47974e+04 -8.56211e+04 1010620 1 3.8978e-01
+8.64628e+04 -8.55790e+04 1010621 1 3.8315e-01
+8.81251e+04 -8.55463e+04 1010622 1 3.7876e-01
+8.97859e+04 -8.55255e+04 1010623 1 3.7610e-01
+6.22100e+04 -8.21749e+04 3010021 1 5.8907e-01
+8.83805e+04 -7.75815e+04 3010154 1 3.0031e-01
+8.07030e+04 -7.78692e+04 3010149 1 3.5107e-01
+7.29532e+04 -7.84434e+04 3010144 1 4.3976e-01
+7.93383e+04 -7.70224e+04 3010187 1 3.5756e-01
+6.55121e+04 -7.82933e+04 3010178 1 5.4507e-01
+8.38882e+04 -7.67795e+04 3010190 1 3.1352e-01
+6.74707e+04 -7.71473e+04 3010218 1 5.1702e-01
+4.72641e+04 -7.84276e+04 3010243 1 8.0716e-01
+5.59890e+04 -7.75518e+04 3010249 1 6.9699e-01
+7.23382e+04 -7.56932e+04 3010260 1 4.4335e-01
+6.97667e+04 -7.49823e+04 3010297 1 4.8385e-01
+4.78793e+04 -7.62906e+04 3010320 1 7.9871e-01
+4.69056e+04 -8.76198e+04 1010638 1 8.7206e-01
+4.89286e+04 -8.74429e+04 1010639 1 8.3862e-01
+5.09249e+04 -8.72607e+04 1010640 1 8.0671e-01
+5.28942e+04 -8.70764e+04 1010641 1 7.7467e-01
+5.48369e+04 -8.68918e+04 1010642 1 7.4287e-01
+5.67537e+04 -8.67092e+04 1010643 1 7.1146e-01
+5.86455e+04 -8.65301e+04 1010644 1 6.8068e-01
+6.05133e+04 -8.63557e+04 1010645 1 6.5074e-01
+6.23583e+04 -8.61873e+04 1010646 1 6.2246e-01
+6.41812e+04 -8.60256e+04 1010647 1 5.9612e-01
+6.59834e+04 -8.58713e+04 1010648 1 5.7086e-01
+6.77661e+04 -8.57249e+04 1010649 1 5.4676e-01
+6.95308e+04 -8.55868e+04 1010650 1 5.2384e-01
+7.12788e+04 -8.54575e+04 1010651 1 5.0228e-01
+7.30117e+04 -8.53372e+04 1010652 1 4.8206e-01
+7.47307e+04 -8.52264e+04 1010653 1 4.6333e-01
+7.64371e+04 -8.51252e+04 1010654 1 4.4610e-01
+7.81320e+04 -8.50338e+04 1010655 1 4.3055e-01
+7.98170e+04 -8.49520e+04 1010656 1 4.1674e-01
+8.14929e+04 -8.48799e+04 1010657 1 4.0476e-01
+8.31617e+04 -8.48177e+04 1010658 1 3.9440e-01
+8.48238e+04 -8.47658e+04 1010659 1 3.8542e-01
+8.64812e+04 -8.47223e+04 1010660 1 3.7946e-01
+8.81365e+04 -8.46891e+04 1010661 1 3.7574e-01
+8.97913e+04 -8.46680e+04 1010662 1 3.7357e-01
+6.38988e+04 -8.19907e+04 3010022 1 5.6520e-01
+8.51547e+04 -7.94949e+04 3010074 1 3.3718e-01
+8.98730e+04 -7.93955e+04 3010077 1 3.2207e-01
+8.20004e+04 -7.96239e+04 3010072 1 3.5687e-01
+8.52322e+04 -7.85833e+04 3010113 1 3.2631e-01
+8.36761e+04 -7.86417e+04 3010112 1 3.3591e-01
+8.05564e+04 -7.87944e+04 3010110 1 3.6055e-01
+7.76149e+04 -7.80671e+04 3010147 1 3.8298e-01
+8.68480e+04 -7.76141e+04 3010153 1 3.0617e-01
+5.92717e+04 -7.90290e+04 3010174 1 6.3980e-01
+6.08358e+04 -7.88409e+04 3010175 1 6.1629e-01
+8.99337e+04 -7.66257e+04 3010194 1 2.8244e-01
+8.84235e+04 -7.66454e+04 3010193 1 2.8664e-01
+5.22455e+04 -7.89285e+04 3010208 1 7.4573e-01
+4.77554e+04 -7.93730e+04 3010205 1 8.0121e-01
+5.07385e+04 -7.90885e+04 3010207 1 7.6545e-01
+5.24186e+04 -7.69605e+04 3010285 1 7.4891e-01
+5.10104e+04 -7.70979e+04 3010284 1 7.6653e-01
+5.38379e+04 -7.68125e+04 3010286 1 7.3018e-01
+5.81445e+04 -7.63246e+04 3010289 1 6.6878e-01
+6.54025e+04 -7.54660e+04 3010294 1 5.5402e-01
+5.32543e+04 -7.58535e+04 3010324 1 7.3959e-01
+6.22453e+04 -7.38244e+04 3010369 1 6.1005e-01
+4.74986e+04 -8.68583e+04 1010677 1 8.4721e-01
+4.94636e+04 -8.66756e+04 1010678 1 8.1531e-01
+5.14074e+04 -8.64881e+04 1010679 1 7.8294e-01
+5.33293e+04 -8.62984e+04 1010680 1 7.5081e-01
+5.52292e+04 -8.61086e+04 1010681 1 7.2067e-01
+5.71069e+04 -8.59207e+04 1010682 1 6.9136e-01
+5.89629e+04 -8.57362e+04 1010683 1 6.6276e-01
+6.07979e+04 -8.55564e+04 1010684 1 6.3480e-01
+6.26130e+04 -8.53823e+04 1010685 1 6.0765e-01
+6.44089e+04 -8.52151e+04 1010686 1 5.8143e-01
+6.61868e+04 -8.50554e+04 1010687 1 5.5627e-01
+6.79476e+04 -8.49037e+04 1010688 1 5.3309e-01
+6.96921e+04 -8.47605e+04 1010689 1 5.1136e-01
+7.14216e+04 -8.46262e+04 1010690 1 4.9096e-01
+7.31374e+04 -8.45013e+04 1010691 1 4.7168e-01
+7.48405e+04 -8.43859e+04 1010692 1 4.5387e-01
+7.65322e+04 -8.42805e+04 1010693 1 4.3735e-01
+7.82135e+04 -8.41851e+04 1010694 1 4.2246e-01
+7.98857e+04 -8.40997e+04 1010695 1 4.0917e-01
+8.15500e+04 -8.40246e+04 1010696 1 3.9760e-01
+8.32076e+04 -8.39598e+04 1010697 1 3.8765e-01
+8.48595e+04 -8.39054e+04 1010698 1 3.7955e-01
+8.65076e+04 -8.38609e+04 1010699 1 3.7395e-01
+8.81539e+04 -8.38276e+04 1010700 1 3.7050e-01
+8.97998e+04 -8.38066e+04 1010701 1 3.6860e-01
+8.67286e+04 -7.94488e+04 3010075 1 3.3002e-01
+8.83397e+04 -7.85047e+04 3010115 1 3.1314e-01
+8.99124e+04 -7.75616e+04 3010155 1 2.9656e-01
+8.69128e+04 -7.66775e+04 3010192 1 2.9316e-01
+7.47634e+04 -7.73644e+04 3010184 1 4.1342e-01
+8.23737e+04 -7.68488e+04 3010189 1 3.2646e-01
+5.98535e+04 -7.80373e+04 3010213 1 6.3455e-01
+6.29052e+04 -7.76715e+04 3010215 1 5.8768e-01
+6.13797e+04 -7.78536e+04 3010214 1 6.1114e-01
+5.68022e+04 -7.84043e+04 3010211 1 6.8061e-01
+7.05013e+04 -7.68263e+04 3010220 1 4.7127e-01
+8.40019e+04 -7.58272e+04 3010229 1 3.0182e-01
+8.54917e+04 -7.57708e+04 3010230 1 2.8961e-01
+8.69804e+04 -7.57268e+04 3010231 1 2.7966e-01
+5.15792e+04 -7.80390e+04 3010246 1 7.5723e-01
+6.04442e+04 -7.70212e+04 3010252 1 6.2927e-01
+6.34226e+04 -7.66651e+04 3010254 1 5.8272e-01
+4.82361e+04 -7.73316e+04 3010282 1 7.9749e-01
+6.10413e+04 -7.59804e+04 3010291 1 6.2383e-01
+5.46325e+04 -7.57125e+04 3010325 1 7.2139e-01
+6.02291e+04 -7.50812e+04 3010329 1 6.3978e-01
+5.60206e+04 -7.55631e+04 3010326 1 7.0213e-01
+5.74170e+04 -7.54069e+04 3010327 1 6.8206e-01
+4.76114e+04 -7.51872e+04 3010358 1 7.9468e-01
+4.81205e+04 -8.60692e+04 1010716 1 8.1913e-01
+5.00297e+04 -8.58825e+04 1010717 1 7.9008e-01
+5.19218e+04 -8.56911e+04 1010718 1 7.6066e-01
+5.37961e+04 -8.54975e+04 1010719 1 7.3110e-01
+5.56523e+04 -8.53037e+04 1010720 1 7.0179e-01
+5.74903e+04 -8.51118e+04 1010721 1 6.7279e-01
+5.93104e+04 -8.49232e+04 1010722 1 6.4494e-01
+6.11124e+04 -8.47393e+04 1010723 1 6.1874e-01
+6.28970e+04 -8.45610e+04 1010724 1 5.9316e-01
+6.46648e+04 -8.43895e+04 1010725 1 5.6854e-01
+6.64167e+04 -8.42253e+04 1010726 1 5.4477e-01
+6.81535e+04 -8.40693e+04 1010727 1 5.2218e-01
+6.98761e+04 -8.39219e+04 1010728 1 5.0074e-01
+7.15856e+04 -8.37836e+04 1010729 1 4.8056e-01
+7.32829e+04 -8.36548e+04 1010730 1 4.6188e-01
+7.49688e+04 -8.35358e+04 1010731 1 4.4465e-01
+7.66443e+04 -8.34269e+04 1010732 1 4.2872e-01
+7.83105e+04 -8.33283e+04 1010733 1 4.1435e-01
+7.99684e+04 -8.32401e+04 1010734 1 4.0133e-01
+8.16192e+04 -8.31625e+04 1010735 1 3.9006e-01
+8.32641e+04 -8.30956e+04 1010736 1 3.8038e-01
+8.49041e+04 -8.30395e+04 1010737 1 3.7264e-01
+8.65410e+04 -8.29942e+04 1010738 1 3.6692e-01
+8.81762e+04 -8.29608e+04 1010739 1 3.6327e-01
+8.98109e+04 -8.29400e+04 1010740 1 3.6123e-01
+8.83012e+04 -7.94158e+04 3010076 1 3.2507e-01
+8.67865e+04 -7.85375e+04 3010114 1 3.1854e-01
+8.37794e+04 -7.77173e+04 3010151 1 3.2496e-01
+8.22424e+04 -7.77873e+04 3010150 1 3.3704e-01
+7.91606e+04 -7.79626e+04 3010148 1 3.6639e-01
+6.39566e+04 -7.84718e+04 3010177 1 5.6856e-01
+7.78165e+04 -7.71259e+04 3010186 1 3.7497e-01
+6.70639e+04 -7.81201e+04 3010179 1 5.2187e-01
+7.32313e+04 -7.74985e+04 3010183 1 4.3391e-01
+7.35199e+04 -7.65359e+04 3010222 1 4.2753e-01
+7.20121e+04 -7.66770e+04 3010221 1 4.4902e-01
+8.25108e+04 -7.58955e+04 3010228 1 3.1577e-01
+5.45119e+04 -7.77215e+04 3010248 1 7.1792e-01
+5.01274e+04 -7.81825e+04 3010245 1 7.7534e-01
+4.86882e+04 -7.83129e+04 3010244 1 7.9202e-01
+5.89565e+04 -7.72000e+04 3010251 1 6.5227e-01
+6.64003e+04 -7.63196e+04 3010256 1 5.3594e-01
+6.93731e+04 -7.59932e+04 3010258 1 4.8906e-01
+5.67025e+04 -7.64927e+04 3010288 1 6.9000e-01
+6.39477e+04 -7.56355e+04 3010293 1 5.7737e-01
+5.14446e+04 -7.49516e+04 3010361 1 7.6041e-01
+6.16424e+04 -7.49149e+04 3010330 1 6.1751e-01
+4.88694e+04 -7.51269e+04 3010359 1 7.8503e-01
+5.40840e+04 -7.47182e+04 3010363 1 7.2889e-01
+5.54228e+04 -7.45849e+04 3010364 1 7.1127e-01
+5.81303e+04 -7.42945e+04 3010366 1 6.7304e-01
+5.67721e+04 -7.44431e+04 3010365 1 6.9262e-01
+5.10834e+04 -7.38608e+04 3010399 1 7.5917e-01
+4.74242e+04 -7.40195e+04 3010396 1 7.8558e-01
+4.98429e+04 -7.39329e+04 3010398 1 7.6986e-01
+4.86224e+04 -7.39865e+04 3010397 1 7.7869e-01
+4.68988e+04 -8.54345e+04 1010754 1 8.2587e-01
+4.87651e+04 -8.52526e+04 1010755 1 7.9779e-01
+5.06203e+04 -8.50632e+04 1010756 1 7.6900e-01
+5.24627e+04 -8.48693e+04 1010757 1 7.4102e-01
+5.42908e+04 -8.46731e+04 1010758 1 7.1354e-01
+5.61041e+04 -8.44768e+04 1010759 1 6.8614e-01
+5.79023e+04 -8.42821e+04 1010760 1 6.5907e-01
+5.96853e+04 -8.40907e+04 1010761 1 6.3238e-01
+6.14534e+04 -8.39037e+04 1010762 1 6.0629e-01
+6.32070e+04 -8.37224e+04 1010763 1 5.8110e-01
+6.49461e+04 -8.35476e+04 1010764 1 5.5736e-01
+6.66712e+04 -8.33803e+04 1010765 1 5.3453e-01
+6.83831e+04 -8.32210e+04 1010766 1 5.1266e-01
+7.00825e+04 -8.30703e+04 1010767 1 4.9190e-01
+7.17703e+04 -8.29288e+04 1010768 1 4.7224e-01
+7.34471e+04 -8.27969e+04 1010769 1 4.5383e-01
+7.51141e+04 -8.26750e+04 1010770 1 4.3667e-01
+7.67719e+04 -8.25634e+04 1010771 1 4.2091e-01
+7.84215e+04 -8.24623e+04 1010772 1 4.0662e-01
+8.00637e+04 -8.23719e+04 1010773 1 3.9368e-01
+8.16997e+04 -8.22923e+04 1010774 1 3.8252e-01
+8.33303e+04 -8.22238e+04 1010775 1 3.7290e-01
+8.49567e+04 -8.21666e+04 1010776 1 3.6517e-01
+8.65805e+04 -8.21208e+04 1010777 1 3.5930e-01
+8.82025e+04 -8.20874e+04 1010778 1 3.5536e-01
+8.98240e+04 -8.20667e+04 1010779 1 3.5312e-01
+8.53145e+04 -7.76594e+04 3010152 1 3.1463e-01
+7.01556e+04 -7.77936e+04 3010181 1 4.7672e-01
+6.23977e+04 -7.86548e+04 3010176 1 5.9250e-01
+6.86117e+04 -7.79533e+04 3010180 1 4.9893e-01
+7.62917e+04 -7.72400e+04 3010185 1 3.9366e-01
+6.44292e+04 -7.74923e+04 3010216 1 5.6437e-01
+5.37596e+04 -7.87597e+04 3010209 1 7.2507e-01
+5.83273e+04 -7.82214e+04 3010212 1 6.5768e-01
+6.59512e+04 -7.73172e+04 3010217 1 5.4057e-01
+5.52791e+04 -7.85843e+04 3010210 1 7.0313e-01
+6.89874e+04 -7.69834e+04 3010219 1 4.9399e-01
+7.50249e+04 -7.64038e+04 3010223 1 4.0658e-01
+7.65270e+04 -7.62812e+04 3010224 1 3.8627e-01
+7.95233e+04 -7.60665e+04 3010226 1 3.4864e-01
+7.80264e+04 -7.61687e+04 3010225 1 3.6699e-01
+8.10180e+04 -7.59753e+04 3010227 1 3.3137e-01
+8.84684e+04 -7.56951e+04 3010232 1 2.7241e-01
+8.99559e+04 -7.56758e+04 3010233 1 2.6760e-01
+5.74710e+04 -7.73774e+04 3010250 1 6.7496e-01
+5.30414e+04 -7.78846e+04 3010247 1 7.3806e-01
+6.49119e+04 -7.64905e+04 3010255 1 5.5929e-01
+7.08567e+04 -7.58395e+04 3010259 1 4.6583e-01
+6.78875e+04 -7.61535e+04 3010257 1 5.1250e-01
+4.68748e+04 -7.74233e+04 3010281 1 8.1041e-01
+5.52664e+04 -7.66559e+04 3010287 1 7.1049e-01
+5.95912e+04 -7.61533e+04 3010290 1 6.4659e-01
+6.24937e+04 -7.58074e+04 3010292 1 6.0070e-01
+4.91981e+04 -7.62047e+04 3010321 1 7.8653e-01
+5.05350e+04 -7.61017e+04 3010322 1 7.7231e-01
+5.18878e+04 -7.59839e+04 3010323 1 7.5659e-01
+5.88203e+04 -7.52457e+04 3010328 1 6.6124e-01
+5.01479e+04 -7.50476e+04 3010360 1 7.7373e-01
+5.27573e+04 -7.48411e+04 3010362 1 7.4533e-01
+6.30590e+04 -7.47481e+04 3010331 1 5.9463e-01
+5.94960e+04 -7.41408e+04 3010367 1 6.5267e-01
+6.08680e+04 -7.39837e+04 3010368 1 6.3164e-01
+4.76220e+04 -8.45918e+04 1010793 1 8.0654e-01
+4.94322e+04 -8.44083e+04 1010794 1 7.8057e-01
+5.12347e+04 -8.42177e+04 1010795 1 7.5394e-01
+5.30278e+04 -8.40224e+04 1010796 1 7.2694e-01
+5.48103e+04 -8.38250e+04 1010797 1 6.9974e-01
+5.65815e+04 -8.36273e+04 1010798 1 6.7331e-01
+5.83402e+04 -8.34311e+04 1010799 1 6.4733e-01
+6.00865e+04 -8.32380e+04 1010800 1 6.2193e-01
+6.18201e+04 -8.30491e+04 1010801 1 5.9688e-01
+6.35414e+04 -8.28658e+04 1010802 1 5.7255e-01
+6.52506e+04 -8.26889e+04 1010803 1 5.4892e-01
+6.69481e+04 -8.25193e+04 1010804 1 5.2625e-01
+6.86342e+04 -8.23578e+04 1010805 1 5.0458e-01
+7.03094e+04 -8.22049e+04 1010806 1 4.8414e-01
+7.19743e+04 -8.20611e+04 1010807 1 4.6456e-01
+7.36297e+04 -8.19270e+04 1010808 1 4.4633e-01
+7.52763e+04 -8.18029e+04 1010809 1 4.2916e-01
+7.69147e+04 -8.16892e+04 1010810 1 4.1334e-01
+7.85461e+04 -8.15861e+04 1010811 1 3.9893e-01
+8.01709e+04 -8.14940e+04 1010812 1 3.8594e-01
+8.17903e+04 -8.14130e+04 1010813 1 3.7458e-01
+8.34051e+04 -8.13434e+04 1010814 1 3.6474e-01
+8.50163e+04 -8.12854e+04 1010815 1 3.5690e-01
+8.66251e+04 -8.12394e+04 1010816 1 3.5078e-01
+8.82323e+04 -8.12061e+04 1010817 1 3.4652e-01
+8.98389e+04 -8.11855e+04 1010818 1 3.4405e-01
+7.38287e+04 -8.10439e+04 3010028 1 4.3945e-01
+7.21959e+04 -8.11795e+04 3010027 1 4.5799e-01
+7.05548e+04 -8.13246e+04 3010026 1 4.7761e-01
+6.89049e+04 -8.14790e+04 3010025 1 4.9823e-01
+6.72460e+04 -8.16419e+04 3010024 1 5.1970e-01
+6.55773e+04 -8.18127e+04 3010023 1 5.4213e-01
+8.98921e+04 -7.84845e+04 3010116 1 3.0977e-01
+8.08572e+04 -7.69298e+04 3010188 1 3.4130e-01
+8.54011e+04 -7.67222e+04 3010191 1 3.0230e-01
+6.19332e+04 -7.68425e+04 3010253 1 6.0605e-01
+5.23420e+04 -7.37725e+04 3010400 1 7.4683e-01
