+2.96894e+01 -1.76236e+04 6010000 1 5.0941e-01
+1.92911e+03 -1.76413e+04 6010001 1 5.1029e-01
+3.82316e+03 -1.76884e+04 6010002 1 5.1287e-01
+5.70628e+03 -1.77666e+04 6010003 1 5.1675e-01
+7.57356e+03 -1.78741e+04 6010004 1 5.2189e-01
+9.42047e+03 -1.80097e+04 6010005 1 5.2754e-01
+1.12426e+04 -1.81716e+04 6010006 1 5.3336e-01
+1.30367e+04 -1.83577e+04 6010007 1 5.3887e-01
+1.47994e+04 -1.85659e+04 6010008 1 5.4365e-01
+1.65284e+04 -1.87937e+04 6010009 1 5.4722e-01
+1.82219e+04 -1.90389e+04 6010010 1 5.4999e-01
+1.98786e+04 -1.92991e+04 6010011 1 5.5129e-01
+2.14976e+04 -1.95717e+04 6010012 1 5.5111e-01
+2.30788e+04 -1.98547e+04 6010013 1 5.4885e-01
+2.46216e+04 -2.01456e+04 6010014 1 5.4510e-01
+2.61271e+04 -2.04426e+04 6010015 1 5.4129e-01
+2.75959e+04 -2.07437e+04 6010016 1 5.3596e-01
+2.90289e+04 -2.10469e+04 6010017 1 5.2854e-01
+3.04265e+04 -2.13507e+04 6010018 1 5.1712e-01
+3.17902e+04 -2.16538e+04 6010019 1 5.0964e-01
+3.31221e+04 -2.19545e+04 6010020 1 5.0148e-01
+3.44236e+04 -2.22517e+04 6010021 1 4.9243e-01
+3.56961e+04 -2.25441e+04 6010022 1 4.8137e-01
+3.69395e+04 -2.28313e+04 6010023 1 4.6172e-01
+3.81561e+04 -2.31123e+04 6010024 1 4.5227e-01
+3.93481e+04 -2.33861e+04 6010025 1 4.4276e-01
+4.05172e+04 -2.36521e+04 6010026 1 4.3330e-01
+3.27564e+01 -2.26212e+04 4010533 1 6.0769e-01
+3.31793e+01 -2.32975e+04 4010492 1 6.2039e-01
+3.23308e+01 -2.19363e+04 4010574 1 5.9445e-01
+2.07261e+03 -2.12698e+04 4010616 1 5.8257e-01
+3.19023e+01 -2.12423e+04 4010615 1 5.8135e-01
+3.14700e+01 -2.05388e+04 4010656 1 5.6745e-01
+3.10334e+01 -1.98257e+04 4010697 1 5.5362e-01
+2.12798e+03 -2.26534e+04 4010534 1 6.0912e-01
+2.10040e+03 -2.19662e+04 4010575 1 5.9580e-01
+3.99474e+03 -1.99116e+04 4010699 1 5.5789e-01
+3.05917e+01 -1.91023e+04 4010738 1 5.3918e-01
+2.01628e+03 -1.98491e+04 4010698 1 5.5469e-01
+2.04459e+03 -2.05642e+04 4010657 1 5.6858e-01
+3.93839e+03 -1.91808e+04 4010740 1 5.4308e-01
+3.01440e+01 -1.83685e+04 4010779 1 5.2441e-01
+7.68587e+03 -1.86446e+04 4010783 1 5.3769e-01
+2.92270e+01 -1.68672e+04 6010041 1 4.9346e-01
+1.89910e+03 -1.68832e+04 6010042 1 4.9435e-01
+3.76404e+03 -1.69258e+04 6010043 1 4.9689e-01
+5.61881e+03 -1.69964e+04 6010044 1 5.0081e-01
+7.45902e+03 -1.70936e+04 6010045 1 5.0591e-01
+9.28027e+03 -1.72161e+04 6010046 1 5.1157e-01
+1.10785e+04 -1.73626e+04 6010047 1 5.1746e-01
+1.28507e+04 -1.75310e+04 6010048 1 5.2304e-01
+1.45935e+04 -1.77196e+04 6010049 1 5.2813e-01
+1.63051e+04 -1.79262e+04 6010050 1 5.3244e-01
+1.79832e+04 -1.81489e+04 6010051 1 5.3569e-01
+1.96270e+04 -1.83852e+04 6010052 1 5.3761e-01
+2.12351e+04 -1.86332e+04 6010053 1 5.3771e-01
+2.28072e+04 -1.88907e+04 6010054 1 5.3676e-01
+2.43435e+04 -1.91558e+04 6010055 1 5.3509e-01
+2.58442e+04 -1.94267e+04 6010056 1 5.3211e-01
+2.73100e+04 -1.97014e+04 6010057 1 5.2752e-01
+2.87413e+04 -1.99784e+04 6010058 1 5.1910e-01
+3.01387e+04 -2.02564e+04 6010059 1 5.1257e-01
+3.15040e+04 -2.05336e+04 6010060 1 5.0619e-01
+3.28387e+04 -2.08090e+04 6010061 1 4.9906e-01
+3.41438e+04 -2.10813e+04 6010062 1 4.9101e-01
+3.54206e+04 -2.13496e+04 6010063 1 4.7804e-01
+3.66689e+04 -2.16133e+04 6010064 1 4.6339e-01
+3.78916e+04 -2.18714e+04 6010065 1 4.5493e-01
+3.90904e+04 -2.21230e+04 6010066 1 4.4637e-01
+4.02665e+04 -2.23677e+04 6010067 1 4.3775e-01
+4.14213e+04 -2.26049e+04 6010068 1 4.2801e-01
+4.25555e+04 -2.28344e+04 6010069 1 4.1713e-01
+4.36705e+04 -2.30559e+04 6010070 1 4.0660e-01
+4.47675e+04 -2.32690e+04 6010071 1 3.9648e-01
+4.58478e+04 -2.34735e+04 6010072 1 3.8676e-01
+2.15539e+03 -2.33321e+04 4010493 1 6.2200e-01
+4.05038e+03 -2.06325e+04 4010658 1 5.7203e-01
+2.87556e+01 -1.60986e+04 6010082 1 4.7744e-01
+1.86852e+03 -1.61131e+04 6010083 1 4.7833e-01
+3.70373e+03 -1.61513e+04 6010084 1 4.8085e-01
+5.52953e+03 -1.62147e+04 6010085 1 4.8480e-01
+7.34192e+03 -1.63020e+04 6010086 1 4.8978e-01
+9.13669e+03 -1.64122e+04 6010087 1 4.9536e-01
+1.09103e+04 -1.65439e+04 6010088 1 5.0134e-01
+1.26596e+04 -1.66957e+04 6010089 1 5.0729e-01
+1.43817e+04 -1.68657e+04 6010090 1 5.1283e-01
+1.60746e+04 -1.70521e+04 6010091 1 5.1768e-01
+1.77363e+04 -1.72531e+04 6010092 1 5.2137e-01
+1.93656e+04 -1.74666e+04 6010093 1 5.2368e-01
+2.09615e+04 -1.76909e+04 6010094 1 5.2527e-01
+2.25236e+04 -1.79240e+04 6010095 1 5.2595e-01
+2.40520e+04 -1.81643e+04 6010096 1 5.2537e-01
+2.55467e+04 -1.84099e+04 6010097 1 5.2305e-01
+2.70079e+04 -1.86593e+04 6010098 1 5.1837e-01
+2.84359e+04 -1.89110e+04 6010099 1 5.1300e-01
+2.98323e+04 -1.91637e+04 6010100 1 5.0868e-01
+3.11979e+04 -1.94161e+04 6010101 1 5.0339e-01
+3.25340e+04 -1.96668e+04 6010102 1 4.9720e-01
+3.38416e+04 -1.99150e+04 6010103 1 4.8977e-01
+3.51211e+04 -2.01597e+04 6010104 1 4.7280e-01
+3.63736e+04 -2.04004e+04 6010105 1 4.6571e-01
+3.76014e+04 -2.06361e+04 6010106 1 4.5837e-01
+3.88059e+04 -2.08660e+04 6010107 1 4.5082e-01
+3.99882e+04 -2.10898e+04 6010108 1 4.4313e-01
+4.11497e+04 -2.13068e+04 6010109 1 4.3463e-01
+4.22909e+04 -2.15169e+04 6010110 1 4.2425e-01
+4.34132e+04 -2.17197e+04 6010111 1 4.1419e-01
+4.45177e+04 -2.19150e+04 6010112 1 4.0442e-01
+4.56056e+04 -2.21026e+04 6010113 1 3.9497e-01
+4.66781e+04 -2.22822e+04 6010114 1 3.8586e-01
+4.26773e+03 -2.34262e+04 4010494 1 6.2708e-01
+6.12260e+03 -2.14661e+04 4010618 1 5.9175e-01
+6.04162e+03 -2.07449e+04 4010659 1 5.7714e-01
+7.90462e+03 -2.01568e+04 4010701 1 5.6831e-01
+5.95964e+03 -2.00147e+04 4010700 1 5.6260e-01
+7.79614e+03 -1.94053e+04 4010742 1 5.5297e-01
+9.69220e+03 -1.95689e+04 4010743 1 5.5908e-01
+5.87653e+03 -1.92752e+04 4010741 1 5.4744e-01
+1.14029e+04 -1.89718e+04 4010785 1 5.4923e-01
+1.95860e+03 -1.83881e+04 4010780 1 5.2538e-01
+5.79214e+03 -1.85261e+04 4010782 1 5.3231e-01
+2.82739e+01 -1.53171e+04 6010123 1 4.6040e-01
+1.83726e+03 -1.53300e+04 6010124 1 4.6128e-01
+3.64207e+03 -1.53641e+04 6010125 1 4.6377e-01
+5.43820e+03 -1.54209e+04 6010126 1 4.6774e-01
+7.22202e+03 -1.54988e+04 6010127 1 4.7286e-01
+8.98951e+03 -1.55975e+04 6010128 1 4.7876e-01
+1.07376e+04 -1.57153e+04 6010129 1 4.8511e-01
+1.24630e+04 -1.58512e+04 6010130 1 4.9148e-01
+1.41634e+04 -1.60034e+04 6010131 1 4.9747e-01
+1.58363e+04 -1.61705e+04 6010132 1 5.0273e-01
+1.74804e+04 -1.63508e+04 6010133 1 5.0719e-01
+1.90940e+04 -1.65425e+04 6010134 1 5.1101e-01
+2.06766e+04 -1.67442e+04 6010135 1 5.1386e-01
+2.22275e+04 -1.69540e+04 6010136 1 5.1538e-01
+2.37465e+04 -1.71703e+04 6010137 1 5.1554e-01
+2.52335e+04 -1.73917e+04 6010138 1 5.1366e-01
+2.66886e+04 -1.76167e+04 6010139 1 5.1054e-01
+2.81127e+04 -1.78439e+04 6010140 1 5.0835e-01
+2.95066e+04 -1.80723e+04 6010141 1 5.0527e-01
+3.08712e+04 -1.83004e+04 6010142 1 5.0125e-01
+3.22075e+04 -1.85274e+04 6010143 1 4.9588e-01
+3.35162e+04 -1.87521e+04 6010144 1 4.8795e-01
+3.47973e+04 -1.89740e+04 6010145 1 4.7490e-01
+3.60531e+04 -1.91923e+04 6010146 1 4.6893e-01
+3.72850e+04 -1.94061e+04 6010147 1 4.6265e-01
+3.84942e+04 -1.96149e+04 6010148 1 4.5609e-01
+3.96818e+04 -1.98182e+04 6010149 1 4.4931e-01
+4.08490e+04 -2.00155e+04 6010150 1 4.4212e-01
+4.19966e+04 -2.02065e+04 6010151 1 4.3233e-01
+4.31254e+04 -2.03911e+04 6010152 1 4.2276e-01
+4.42368e+04 -2.05689e+04 6010153 1 4.1339e-01
+4.53319e+04 -2.07397e+04 6010154 1 4.0430e-01
+4.64116e+04 -2.09034e+04 6010155 1 3.9545e-01
+4.21403e+03 -2.27406e+04 4010535 1 6.1365e-01
+4.15995e+03 -2.20467e+04 4010576 1 5.9995e-01
+8.11692e+03 -2.16342e+04 4010619 1 5.9841e-01
+4.10542e+03 -2.13440e+04 4010617 1 5.8626e-01
+8.01151e+03 -2.08997e+04 4010660 1 5.8335e-01
+1.98763e+03 -1.91237e+04 4010739 1 5.4016e-01
+1.49995e+04 -1.94051e+04 4010787 1 5.5929e-01
+2.77810e+01 -1.45223e+04 6010164 1 4.4268e-01
+1.80528e+03 -1.45338e+04 6010165 1 4.4361e-01
+3.57893e+03 -1.45641e+04 6010166 1 4.4622e-01
+5.34463e+03 -1.46144e+04 6010167 1 4.5039e-01
+7.09904e+03 -1.46835e+04 6010168 1 4.5577e-01
+8.83838e+03 -1.47711e+04 6010169 1 4.6201e-01
+1.05599e+04 -1.48757e+04 6010170 1 4.6873e-01
+1.22604e+04 -1.49964e+04 6010171 1 4.7548e-01
+1.39377e+04 -1.51318e+04 6010172 1 4.8209e-01
+1.55897e+04 -1.52805e+04 6010173 1 4.8832e-01
+1.72149e+04 -1.54412e+04 6010174 1 4.9400e-01
+1.88119e+04 -1.56123e+04 6010175 1 4.9874e-01
+2.03798e+04 -1.57923e+04 6010176 1 5.0251e-01
+2.19180e+04 -1.59797e+04 6010177 1 5.0489e-01
+2.34261e+04 -1.61731e+04 6010178 1 5.0536e-01
+2.49039e+04 -1.63712e+04 6010179 1 5.0535e-01
+2.63520e+04 -1.65727e+04 6010180 1 5.0546e-01
+2.77708e+04 -1.67765e+04 6010181 1 5.0447e-01
+2.91610e+04 -1.69813e+04 6010182 1 5.0250e-01
+3.05232e+04 -1.71862e+04 6010183 1 4.9939e-01
+3.18582e+04 -1.73900e+04 6010184 1 4.9452e-01
+3.31663e+04 -1.75922e+04 6010185 1 4.8255e-01
+3.44485e+04 -1.77919e+04 6010186 1 4.7815e-01
+3.57065e+04 -1.79884e+04 6010187 1 4.7333e-01
+3.69415e+04 -1.81810e+04 6010188 1 4.6812e-01
+3.81544e+04 -1.83692e+04 6010189 1 4.6257e-01
+3.93464e+04 -1.85526e+04 6010190 1 4.5673e-01
+4.05186e+04 -1.87306e+04 6010191 1 4.5062e-01
+4.16717e+04 -1.89031e+04 6010192 1 4.4174e-01
+4.28065e+04 -1.90698e+04 6010193 1 4.3265e-01
+4.39242e+04 -1.92305e+04 6010194 1 4.2371e-01
+4.50258e+04 -1.93849e+04 6010195 1 4.1496e-01
+4.61123e+04 -1.95330e+04 6010196 1 4.0638e-01
+6.36077e+03 -2.35806e+04 4010495 1 6.3458e-01
+6.28208e+03 -2.28837e+04 4010536 1 6.2035e-01
+8.22102e+03 -2.23610e+04 4010578 1 6.1347e-01
+9.95408e+03 -2.10943e+04 4010661 1 5.9025e-01
+9.82423e+03 -2.03355e+04 4010702 1 5.7468e-01
+1.33949e+04 -1.99880e+04 4010745 1 5.7047e-01
+1.51943e+04 -2.02380e+04 4010746 1 5.7492e-01
+1.67450e+04 -1.96552e+04 4010788 1 5.6270e-01
+2.72754e+01 -1.37131e+04 6010205 1 4.2482e-01
+1.77245e+03 -1.37231e+04 6010206 1 4.2578e-01
+3.51411e+03 -1.37498e+04 6010207 1 4.2849e-01
+5.24851e+03 -1.37940e+04 6010208 1 4.3275e-01
+6.97253e+03 -1.38548e+04 6010209 1 4.3826e-01
+8.68278e+03 -1.39319e+04 6010210 1 4.4480e-01
+1.03766e+04 -1.40241e+04 6010211 1 4.5201e-01
+1.20512e+04 -1.41306e+04 6010212 1 4.5952e-01
+1.37045e+04 -1.42501e+04 6010213 1 4.6706e-01
+1.53344e+04 -1.43816e+04 6010214 1 4.7422e-01
+1.69394e+04 -1.45236e+04 6010215 1 4.8084e-01
+1.85183e+04 -1.46749e+04 6010216 1 4.8654e-01
+2.00701e+04 -1.48342e+04 6010217 1 4.9103e-01
+2.15939e+04 -1.50002e+04 6010218 1 4.9387e-01
+2.30898e+04 -1.51718e+04 6010219 1 4.9717e-01
+2.45574e+04 -1.53477e+04 6010220 1 4.9953e-01
+2.59972e+04 -1.55268e+04 6010221 1 5.0096e-01
+2.74093e+04 -1.57080e+04 6010222 1 5.0137e-01
+2.87944e+04 -1.58902e+04 6010223 1 5.0041e-01
+3.01528e+04 -1.60727e+04 6010224 1 4.9786e-01
+3.14851e+04 -1.62543e+04 6010225 1 4.8803e-01
+3.27915e+04 -1.64347e+04 6010226 1 4.8556e-01
+3.40738e+04 -1.66129e+04 6010227 1 4.8253e-01
+3.53329e+04 -1.67883e+04 6010228 1 4.7900e-01
+3.65699e+04 -1.69604e+04 6010229 1 4.7498e-01
+3.77857e+04 -1.71287e+04 6010230 1 4.7046e-01
+3.89812e+04 -1.72927e+04 6010231 1 4.6557e-01
+4.01574e+04 -1.74521e+04 6010232 1 4.6033e-01
+4.13153e+04 -1.76065e+04 6010233 1 4.5266e-01
+4.24554e+04 -1.77558e+04 6010234 1 4.4405e-01
+4.35788e+04 -1.78997e+04 6010235 1 4.3554e-01
+4.46864e+04 -1.80382e+04 6010236 1 4.2713e-01
+4.57793e+04 -1.81709e+04 6010237 1 4.1883e-01
+8.32392e+03 -2.30803e+04 4010537 1 6.2836e-01
+6.20272e+03 -2.21790e+04 4010577 1 6.0610e-01
+1.20121e+04 -2.20967e+04 4010621 1 6.1269e-01
+1.00819e+04 -2.18455e+04 4010620 1 6.0569e-01
+1.18641e+04 -2.13258e+04 4010662 1 5.9676e-01
+2.01212e+04 -2.02089e+04 4010790 1 5.6500e-01
+1.84528e+04 -1.99240e+04 4010789 1 5.6451e-01
+9.55769e+03 -1.87938e+04 4010784 1 5.4348e-01
+3.88124e+03 -1.84401e+04 4010781 1 5.2816e-01
+2.67554e+01 -1.28884e+04 6010246 1 4.0508e-01
+1.73870e+03 -1.28971e+04 6010247 1 4.0609e-01
+3.44742e+03 -1.29204e+04 6010248 1 4.0897e-01
+5.14959e+03 -1.29589e+04 6010249 1 4.1368e-01
+6.84223e+03 -1.30121e+04 6010250 1 4.1977e-01
+8.52242e+03 -1.30794e+04 6010251 1 4.2704e-01
+1.01875e+04 -1.31600e+04 6010252 1 4.3507e-01
+1.18351e+04 -1.32530e+04 6010253 1 4.4347e-01
+1.34630e+04 -1.33575e+04 6010254 1 4.5194e-01
+1.50695e+04 -1.34725e+04 6010255 1 4.6007e-01
+1.66530e+04 -1.35968e+04 6010256 1 4.6754e-01
+1.82122e+04 -1.37294e+04 6010257 1 4.7402e-01
+1.97464e+04 -1.38690e+04 6010258 1 4.8026e-01
+2.12547e+04 -1.40148e+04 6010259 1 4.8591e-01
+2.27371e+04 -1.41656e+04 6010260 1 4.9075e-01
+2.41933e+04 -1.43203e+04 6010261 1 4.9453e-01
+2.56232e+04 -1.44780e+04 6010262 1 4.9718e-01
+2.70272e+04 -1.46376e+04 6010263 1 4.9863e-01
+2.84056e+04 -1.47982e+04 6010264 1 4.9852e-01
+2.97588e+04 -1.49591e+04 6010265 1 4.9515e-01
+3.10867e+04 -1.51196e+04 6010266 1 4.9116e-01
+3.23909e+04 -1.52789e+04 6010267 1 4.9004e-01
+3.36722e+04 -1.54364e+04 6010268 1 4.8829e-01
+3.49313e+04 -1.55916e+04 6010269 1 4.8595e-01
+3.61692e+04 -1.57440e+04 6010270 1 4.8307e-01
+3.73868e+04 -1.58930e+04 6010271 1 4.7967e-01
+3.85849e+04 -1.60383e+04 6010272 1 4.7579e-01
+3.97645e+04 -1.61795e+04 6010273 1 4.7148e-01
+4.09264e+04 -1.63165e+04 6010274 1 4.6514e-01
+4.20711e+04 -1.64489e+04 6010275 1 4.5700e-01
+4.31995e+04 -1.65766e+04 6010276 1 4.4889e-01
+4.43127e+04 -1.66995e+04 6010277 1 4.4082e-01
+4.54115e+04 -1.68174e+04 6010278 1 4.3276e-01
+4.64967e+04 -1.69302e+04 6010279 1 4.2474e-01
+1.21575e+04 -2.28613e+04 4010580 1 6.2871e-01
+1.02079e+04 -2.25896e+04 4010579 1 6.2126e-01
+1.37370e+04 -2.15913e+04 4010663 1 6.0247e-01
+1.35678e+04 -2.07927e+04 4010704 1 5.8645e-01
+1.86761e+04 -2.08048e+04 4010748 1 5.7977e-01
+2.17498e+04 -2.05073e+04 4010791 1 5.6433e-01
+1.32179e+04 -1.91764e+04 4010786 1 5.5465e-01
+2.62200e+01 -1.20476e+04 6010287 1 3.8474e-01
+1.70395e+03 -1.20552e+04 6010288 1 3.8586e-01
+3.37872e+03 -1.20753e+04 6010289 1 3.8907e-01
+5.04764e+03 -1.21085e+04 6010290 1 3.9425e-01
+6.70781e+03 -1.21544e+04 6010291 1 4.0100e-01
+8.35679e+03 -1.22124e+04 6010292 1 4.0904e-01
+9.99189e+03 -1.22820e+04 6010293 1 4.1791e-01
+1.16112e+04 -1.23623e+04 6010294 1 4.2723e-01
+1.32124e+04 -1.24526e+04 6010295 1 4.3655e-01
+1.47940e+04 -1.25520e+04 6010296 1 4.4581e-01
+1.63546e+04 -1.26597e+04 6010297 1 4.5488e-01
+1.78929e+04 -1.27746e+04 6010298 1 4.6352e-01
+1.94082e+04 -1.28959e+04 6010299 1 4.7158e-01
+2.08998e+04 -1.30225e+04 6010300 1 4.7871e-01
+2.23671e+04 -1.31536e+04 6010301 1 4.8495e-01
+2.38102e+04 -1.32882e+04 6010302 1 4.9013e-01
+2.52289e+04 -1.34254e+04 6010303 1 4.9402e-01
+2.66232e+04 -1.35645e+04 6010304 1 4.9618e-01
+2.79934e+04 -1.37045e+04 6010305 1 4.9548e-01
+2.93395e+04 -1.38449e+04 6010306 1 4.9467e-01
+3.06626e+04 -1.39850e+04 6010307 1 4.9578e-01
+3.19633e+04 -1.41242e+04 6010308 1 4.9616e-01
+3.32423e+04 -1.42620e+04 6010309 1 4.9577e-01
+3.45004e+04 -1.43978e+04 6010310 1 4.9467e-01
+3.57382e+04 -1.45311e+04 6010311 1 4.9295e-01
+3.69567e+04 -1.46616e+04 6010312 1 4.9063e-01
+3.81565e+04 -1.47890e+04 6010313 1 4.8773e-01
+3.93386e+04 -1.49128e+04 6010314 1 4.8432e-01
+4.05036e+04 -1.50328e+04 6010315 1 4.7942e-01
+4.16523e+04 -1.51490e+04 6010316 1 4.7175e-01
+4.27852e+04 -1.52611e+04 6010317 1 4.6402e-01
+4.39034e+04 -1.53689e+04 6010318 1 4.5628e-01
+4.50077e+04 -1.54725e+04 6010319 1 4.4849e-01
+4.60989e+04 -1.55716e+04 6010320 1 4.4069e-01
+1.03322e+04 -2.33272e+04 4010538 1 6.3680e-01
+1.71595e+04 -2.13627e+04 4010706 1 5.9366e-01
+1.53842e+04 -2.10652e+04 4010705 1 5.9080e-01
+1.17135e+04 -2.05484e+04 4010703 1 5.8087e-01
+2.03552e+04 -2.11155e+04 4010749 1 5.7940e-01
+1.15598e+04 -1.97640e+04 4010744 1 5.6506e-01
+2.56671e+01 -1.11891e+04 6010328 1 3.6409e-01
+1.66805e+03 -1.11955e+04 6010329 1 3.6532e-01
+3.30775e+03 -1.12127e+04 6010330 1 3.6886e-01
+4.94222e+03 -1.12408e+04 6010331 1 3.7451e-01
+6.56874e+03 -1.12799e+04 6010332 1 3.8182e-01
+8.18520e+03 -1.13293e+04 6010333 1 3.9055e-01
+9.78909e+03 -1.13886e+04 6010334 1 4.0035e-01
+1.13786e+04 -1.14571e+04 6010335 1 4.1090e-01
+1.29519e+04 -1.15342e+04 6010336 1 4.2179e-01
+1.45073e+04 -1.16193e+04 6010337 1 4.3276e-01
+1.60436e+04 -1.17114e+04 6010338 1 4.4356e-01
+1.75597e+04 -1.18098e+04 6010339 1 4.5379e-01
+1.90546e+04 -1.19137e+04 6010340 1 4.6339e-01
+2.05277e+04 -1.20223e+04 6010341 1 4.7217e-01
+2.19786e+04 -1.21347e+04 6010342 1 4.7976e-01
+2.34070e+04 -1.22503e+04 6010343 1 4.8604e-01
+2.48127e+04 -1.23681e+04 6010344 1 4.9064e-01
+2.61956e+04 -1.24876e+04 6010345 1 4.9234e-01
+2.75561e+04 -1.26081e+04 6010346 1 4.9603e-01
+2.88945e+04 -1.27291e+04 6010347 1 4.9947e-01
+3.02114e+04 -1.28499e+04 6010348 1 5.0209e-01
+3.15073e+04 -1.29700e+04 6010349 1 5.0391e-01
+3.27829e+04 -1.30889e+04 6010350 1 5.0494e-01
+3.40386e+04 -1.32062e+04 6010351 1 5.0519e-01
+3.52753e+04 -1.33214e+04 6010352 1 5.0472e-01
+3.64936e+04 -1.34342e+04 6010353 1 5.0354e-01
+3.76943e+04 -1.35443e+04 6010354 1 5.0168e-01
+3.88780e+04 -1.36515e+04 6010355 1 4.9919e-01
+4.00456e+04 -1.37554e+04 6010356 1 4.9592e-01
+4.11975e+04 -1.38559e+04 6010357 1 4.8864e-01
+4.23344e+04 -1.39530e+04 6010358 1 4.8128e-01
+4.34571e+04 -1.40464e+04 6010359 1 4.7383e-01
+4.45665e+04 -1.41361e+04 6010360 1 4.6628e-01
+4.56632e+04 -1.42220e+04 6010361 1 4.5863e-01
+4.67481e+04 -1.43040e+04 6010362 1 4.5088e-01
+1.39027e+04 -2.23843e+04 4010622 1 6.1863e-01
+1.55692e+04 -2.18872e+04 4010664 1 6.0692e-01
+2.05809e+04 -2.20194e+04 4010708 1 5.9446e-01
+2.92992e+04 -2.21170e+04 4010796 1 5.3654e-01
+2.78661e+04 -2.17867e+04 4010795 1 5.4430e-01
+2.33384e+04 -2.08166e+04 4010792 1 5.6162e-01
+2.50949e+01 -1.03114e+04 6010369 1 3.4092e-01
+1.63089e+03 -1.03168e+04 6010370 1 3.4230e-01
+3.23427e+03 -1.03312e+04 6010371 1 3.4628e-01
+4.83304e+03 -1.03548e+04 6010372 1 3.5266e-01
+6.42466e+03 -1.03876e+04 6010373 1 3.6111e-01
+8.00725e+03 -1.04291e+04 6010374 1 3.7123e-01
+9.57869e+03 -1.04789e+04 6010375 1 3.8257e-01
+1.11371e+04 -1.05366e+04 6010376 1 3.9476e-01
+1.26810e+04 -1.06015e+04 6010377 1 4.0742e-01
+1.42088e+04 -1.06730e+04 6010378 1 4.2011e-01
+1.57192e+04 -1.07506e+04 6010379 1 4.3259e-01
+1.72114e+04 -1.08335e+04 6010380 1 4.4458e-01
+1.86843e+04 -1.09211e+04 6010381 1 4.5570e-01
+2.01373e+04 -1.10127e+04 6010382 1 4.6580e-01
+2.15699e+04 -1.11077e+04 6010383 1 4.7458e-01
+2.29819e+04 -1.12053e+04 6010384 1 4.8144e-01
+2.43729e+04 -1.13049e+04 6010385 1 4.8786e-01
+2.57431e+04 -1.14061e+04 6010386 1 4.9489e-01
+2.70928e+04 -1.15083e+04 6010387 1 5.0102e-01
+2.84221e+04 -1.16109e+04 6010388 1 5.0623e-01
+2.97315e+04 -1.17134e+04 6010389 1 5.1052e-01
+3.10214e+04 -1.18154e+04 6010390 1 5.1382e-01
+3.22922e+04 -1.19165e+04 6010391 1 5.1623e-01
+3.35446e+04 -1.20162e+04 6010392 1 5.1779e-01
+3.47790e+04 -1.21143e+04 6010393 1 5.1852e-01
+3.59961e+04 -1.22103e+04 6010394 1 5.1844e-01
+3.71967e+04 -1.23040e+04 6010395 1 5.1760e-01
+3.83812e+04 -1.23953e+04 6010396 1 5.1603e-01
+3.95505e+04 -1.24839e+04 6010397 1 5.1378e-01
+4.07050e+04 -1.25695e+04 6010398 1 5.0769e-01
+4.18453e+04 -1.26523e+04 6010399 1 5.0064e-01
+4.29721e+04 -1.27319e+04 6010400 1 4.9346e-01
+4.40861e+04 -1.28084e+04 6010401 1 4.8610e-01
+4.51881e+04 -1.28817e+04 6010402 1 4.7862e-01
+4.62788e+04 -1.29517e+04 6010403 1 4.7097e-01
+1.23005e+04 -2.36204e+04 4010539 1 6.4488e-01
+1.40650e+04 -2.31722e+04 4010581 1 6.3502e-01
+1.57499e+04 -2.27046e+04 4010623 1 6.2310e-01
+1.88921e+04 -2.16818e+04 4010707 1 5.9494e-01
+2.35868e+04 -2.17773e+04 4010751 1 5.7419e-01
+2.19922e+04 -2.14406e+04 4010750 1 5.7738e-01
+1.69552e+04 -2.05113e+04 4010747 1 5.7816e-01
+2.45022e+01 -9.41357e+03 6010410 1 3.1650e-01
+1.59241e+03 -9.41800e+03 6010411 1 3.1812e-01
+3.15815e+03 -9.42995e+03 6010412 1 3.2277e-01
+4.71984e+03 -9.44935e+03 6010413 1 3.3020e-01
+6.27521e+03 -9.47638e+03 6010414 1 3.4000e-01
+7.82248e+03 -9.51059e+03 6010415 1 3.5168e-01
+9.35999e+03 -9.55161e+03 6010416 1 3.6475e-01
+1.08858e+04 -9.59914e+03 6010417 1 3.7873e-01
+1.23987e+04 -9.65267e+03 6010418 1 3.9320e-01
+1.38972e+04 -9.71169e+03 6010419 1 4.0770e-01
+1.53802e+04 -9.77574e+03 6010420 1 4.2185e-01
+1.68466e+04 -9.84425e+03 6010421 1 4.3536e-01
+1.82957e+04 -9.91665e+03 6010422 1 4.4788e-01
+1.97268e+04 -9.99240e+03 6010423 1 4.5887e-01
+2.11394e+04 -1.00710e+04 6010424 1 4.7039e-01
+2.25333e+04 -1.01520e+04 6010425 1 4.8129e-01
+2.39084e+04 -1.02348e+04 6010426 1 4.9129e-01
+2.52647e+04 -1.03189e+04 6010427 1 5.0026e-01
+2.66021e+04 -1.04039e+04 6010428 1 5.0819e-01
+2.79208e+04 -1.04893e+04 6010429 1 5.1512e-01
+2.92212e+04 -1.05747e+04 6010430 1 5.2103e-01
+3.05036e+04 -1.06598e+04 6010431 1 5.2593e-01
+3.17685e+04 -1.07440e+04 6010432 1 5.2985e-01
+3.30162e+04 -1.08273e+04 6010433 1 5.3279e-01
+3.42472e+04 -1.09091e+04 6010434 1 5.3478e-01
+3.54622e+04 -1.09893e+04 6010435 1 5.3585e-01
+3.66617e+04 -1.10676e+04 6010436 1 5.3603e-01
+3.78463e+04 -1.11439e+04 6010437 1 5.3539e-01
+3.90165e+04 -1.12179e+04 6010438 1 5.3395e-01
+4.01729e+04 -1.12896e+04 6010439 1 5.2941e-01
+4.13160e+04 -1.13588e+04 6010440 1 5.2263e-01
+4.24464e+04 -1.14254e+04 6010441 1 5.1566e-01
+4.35648e+04 -1.14894e+04 6010442 1 5.0848e-01
+4.46718e+04 -1.15507e+04 6010443 1 5.0111e-01
+4.57680e+04 -1.16093e+04 6010444 1 4.9355e-01
+2.07984e+04 -2.29213e+04 4010667 1 6.0922e-01
+2.38866e+01 -8.49351e+03 6010451 1 2.9137e-01
+1.55243e+03 -8.49706e+03 6010452 1 2.9325e-01
+3.07907e+03 -8.50667e+03 6010453 1 2.9867e-01
+4.60215e+03 -8.52226e+03 6010454 1 3.0728e-01
+6.11975e+03 -8.54393e+03 6010455 1 3.1856e-01
+7.63017e+03 -8.57143e+03 6010456 1 3.3192e-01
+9.13199e+03 -8.60440e+03 6010457 1 3.4682e-01
+1.06236e+04 -8.64258e+03 6010458 1 3.6262e-01
+1.21037e+04 -8.68564e+03 6010459 1 3.7881e-01
+1.35711e+04 -8.73315e+03 6010460 1 3.9496e-01
+1.50247e+04 -8.78471e+03 6010461 1 4.1116e-01
+1.64637e+04 -8.83996e+03 6010462 1 4.2724e-01
+1.78872e+04 -8.89847e+03 6010463 1 4.4282e-01
+1.92948e+04 -8.95980e+03 6010464 1 4.5774e-01
+2.06861e+04 -9.02351e+03 6010465 1 4.7179e-01
+2.20605e+04 -9.08918e+03 6010466 1 4.8486e-01
+2.34180e+04 -9.15639e+03 6010467 1 4.9692e-01
+2.47585e+04 -9.22473e+03 6010468 1 5.0792e-01
+2.60820e+04 -9.29381e+03 6010469 1 5.1782e-01
+2.73886e+04 -9.36329e+03 6010470 1 5.2661e-01
+2.86786e+04 -9.43280e+03 6010471 1 5.3421e-01
+2.99522e+04 -9.50203e+03 6010472 1 5.4067e-01
+3.12097e+04 -9.57069e+03 6010473 1 5.4604e-01
+3.24515e+04 -9.63850e+03 6010474 1 5.5032e-01
+3.36781e+04 -9.70523e+03 6010475 1 5.5355e-01
+3.48898e+04 -9.77065e+03 6010476 1 5.5577e-01
+3.60873e+04 -9.83458e+03 6010477 1 5.5700e-01
+3.72709e+04 -9.89684e+03 6010478 1 5.5730e-01
+3.84413e+04 -9.95729e+03 6010479 1 5.5669e-01
+3.95990e+04 -1.00158e+04 6010480 1 5.5397e-01
+4.07443e+04 -1.00723e+04 6010481 1 5.4740e-01
+4.18779e+04 -1.01268e+04 6010482 1 5.4056e-01
+4.30002e+04 -1.01790e+04 6010483 1 5.3350e-01
+4.41119e+04 -1.02291e+04 6010484 1 5.2621e-01
+4.52136e+04 -1.02770e+04 6010485 1 5.1865e-01
+4.63058e+04 -1.03226e+04 6010486 1 5.1087e-01
+1.93041e+04 -2.34273e+04 4010625 1 6.2629e-01
+2.51395e+04 -2.21229e+04 4010752 1 5.6916e-01
+2.32450e+01 -7.54831e+03 6010492 1 2.6518e-01
+1.51076e+03 -7.55106e+03 6010493 1 2.6733e-01
+2.99662e+03 -7.55856e+03 6010494 1 2.7353e-01
+4.47937e+03 -7.57073e+03 6010495 1 2.8338e-01
+5.95748e+03 -7.58756e+03 6010496 1 2.9628e-01
+7.42933e+03 -7.60900e+03 6010497 1 3.1161e-01
+8.89367e+03 -7.63476e+03 6010498 1 3.2875e-01
+1.03493e+04 -7.66458e+03 6010499 1 3.4711e-01
+1.17949e+04 -7.69826e+03 6010500 1 3.6612e-01
+1.32294e+04 -7.73550e+03 6010501 1 3.8542e-01
+1.46520e+04 -7.77597e+03 6010502 1 4.0465e-01
+1.60619e+04 -7.81935e+03 6010503 1 4.2350e-01
+1.74582e+04 -7.86532e+03 6010504 1 4.4169e-01
+1.88406e+04 -7.91355e+03 6010505 1 4.5910e-01
+2.02084e+04 -7.96367e+03 6010506 1 4.7557e-01
+2.15616e+04 -8.01537e+03 6010507 1 4.9100e-01
+2.28997e+04 -8.06832e+03 6010508 1 5.0530e-01
+2.42228e+04 -8.12219e+03 6010509 1 5.1836e-01
+2.55307e+04 -8.17669e+03 6010510 1 5.3019e-01
+2.68236e+04 -8.23152e+03 6010511 1 5.4079e-01
+2.81015e+04 -8.28641e+03 6010512 1 5.5015e-01
+2.93647e+04 -8.34112e+03 6010513 1 5.5826e-01
+3.06135e+04 -8.39539e+03 6010514 1 5.6515e-01
+3.18481e+04 -8.44903e+03 6010515 1 5.7085e-01
+3.30690e+04 -8.50184e+03 6010516 1 5.7537e-01
+3.42765e+04 -8.55364e+03 6010517 1 5.7875e-01
+3.54709e+04 -8.60427e+03 6010518 1 5.8102e-01
+3.66529e+04 -8.65360e+03 6010519 1 5.8223e-01
+3.78227e+04 -8.70150e+03 6010520 1 5.8243e-01
+3.89810e+04 -8.74788e+03 6010521 1 5.8167e-01
+4.01280e+04 -8.79268e+03 6010522 1 5.7546e-01
+4.12642e+04 -8.83583e+03 6010523 1 5.6872e-01
+4.23901e+04 -8.87729e+03 6010524 1 5.6169e-01
+4.35063e+04 -8.91700e+03 6010525 1 5.5440e-01
+4.46133e+04 -8.95494e+03 6010526 1 5.4686e-01
+4.57115e+04 -8.99108e+03 6010527 1 5.3903e-01
+4.68016e+04 -9.02542e+03 6010528 1 5.3088e-01
+1.59263e+04 -2.35180e+04 4010582 1 6.3963e-01
+1.75511e+04 -2.30536e+04 4010624 1 6.2578e-01
+1.73581e+04 -2.22099e+04 4010665 1 6.0964e-01
+2.81213e+04 -2.28311e+04 4010754 1 5.5284e-01
+3.06961e+04 -2.24475e+04 4010797 1 5.2573e-01
+2.25759e+01 -6.57618e+03 6010533 1 2.3404e-01
+1.46731e+03 -6.57824e+03 6010534 1 2.3676e-01
+2.91063e+03 -6.58388e+03 6010535 1 2.4454e-01
+4.35130e+03 -6.59307e+03 6010536 1 2.5677e-01
+5.78810e+03 -6.60572e+03 6010537 1 2.7261e-01
+7.21965e+03 -6.62184e+03 6010538 1 2.9116e-01
+8.64477e+03 -6.64124e+03 6010539 1 3.1164e-01
+1.00625e+04 -6.66373e+03 6010540 1 3.3334e-01
+1.14717e+04 -6.68910e+03 6010541 1 3.5569e-01
+1.28716e+04 -6.71717e+03 6010542 1 3.7816e-01
+1.42612e+04 -6.74771e+03 6010543 1 4.0042e-01
+1.56399e+04 -6.78047e+03 6010544 1 4.2218e-01
+1.70070e+04 -6.81519e+03 6010545 1 4.4321e-01
+1.83622e+04 -6.85164e+03 6010546 1 4.6329e-01
+1.97048e+04 -6.88956e+03 6010547 1 4.8226e-01
+2.10347e+04 -6.92869e+03 6010548 1 5.0006e-01
+2.23515e+04 -6.96879e+03 6010549 1 5.1660e-01
+2.36553e+04 -7.00962e+03 6010550 1 5.3184e-01
+2.49458e+04 -7.05094e+03 6010551 1 5.4572e-01
+2.62232e+04 -7.09255e+03 6010552 1 5.5824e-01
+2.74875e+04 -7.13423e+03 6010553 1 5.6937e-01
+2.87389e+04 -7.17579e+03 6010554 1 5.7911e-01
+2.99775e+04 -7.21705e+03 6010555 1 5.8750e-01
+3.12036e+04 -7.25784e+03 6010556 1 5.9457e-01
+3.24175e+04 -7.29802e+03 6010557 1 6.0035e-01
+3.36196e+04 -7.33744e+03 6010558 1 6.0488e-01
+3.48100e+04 -7.37599e+03 6010559 1 6.0818e-01
+3.59893e+04 -7.41355e+03 6010560 1 6.1032e-01
+3.71578e+04 -7.45005e+03 6010561 1 6.1134e-01
+3.83159e+04 -7.48539e+03 6010562 1 6.1127e-01
+3.94640e+04 -7.51952e+03 6010563 1 6.0719e-01
+4.06025e+04 -7.55240e+03 6010564 1 6.0042e-01
+4.17317e+04 -7.58400e+03 6010565 1 5.9335e-01
+4.28521e+04 -7.61427e+03 6010566 1 5.8600e-01
+4.39643e+04 -7.64318e+03 6010567 1 5.7835e-01
+4.50686e+04 -7.67073e+03 6010568 1 5.7040e-01
+4.61655e+04 -7.69690e+03 6010569 1 5.6212e-01
+2.63958e+04 -2.14585e+04 4010794 1 5.5060e-01
+2.18778e+01 -5.57491e+03 6010574 1 2.0066e-01
+1.42196e+03 -5.57636e+03 6010575 1 2.0420e-01
+2.82088e+03 -5.58039e+03 6010576 1 2.1419e-01
+4.21761e+03 -5.58695e+03 6010577 1 2.2962e-01
+5.61113e+03 -5.59600e+03 6010578 1 2.4921e-01
+7.00043e+03 -5.60746e+03 6010579 1 2.7173e-01
+8.38441e+03 -5.62129e+03 6010580 1 2.9615e-01
+9.76221e+03 -5.63734e+03 6010581 1 3.2166e-01
+1.11330e+04 -5.65547e+03 6010582 1 3.4763e-01
+1.24961e+04 -5.67552e+03 6010583 1 3.7358e-01
+1.38507e+04 -5.69734e+03 6010584 1 3.9911e-01
+1.51962e+04 -5.72077e+03 6010585 1 4.2394e-01
+1.65320e+04 -5.74562e+03 6010586 1 4.4785e-01
+1.78577e+04 -5.77173e+03 6010587 1 4.7067e-01
+1.91730e+04 -5.79890e+03 6010588 1 4.9227e-01
+2.04776e+04 -5.82696e+03 6010589 1 5.1256e-01
+2.17712e+04 -5.85573e+03 6010590 1 5.3143e-01
+2.30537e+04 -5.88505e+03 6010591 1 5.4883e-01
+2.43250e+04 -5.91475e+03 6010592 1 5.6474e-01
+2.55851e+04 -5.94466e+03 6010593 1 5.7916e-01
+2.68340e+04 -5.97464e+03 6010594 1 5.9207e-01
+2.80719e+04 -6.00455e+03 6010595 1 6.0349e-01
+2.92988e+04 -6.03427e+03 6010596 1 6.1343e-01
+3.05150e+04 -6.06366e+03 6010597 1 6.2192e-01
+3.17207e+04 -6.09261e+03 6010598 1 6.2899e-01
+3.29161e+04 -6.12104e+03 6010599 1 6.3468e-01
+3.41015e+04 -6.14885e+03 6010600 1 6.3903e-01
+3.52772e+04 -6.17596e+03 6010601 1 6.4209e-01
+3.64436e+04 -6.20231e+03 6010602 1 6.4389e-01
+3.76009e+04 -6.22782e+03 6010603 1 6.4450e-01
+3.87495e+04 -6.25246e+03 6010604 1 6.4341e-01
+3.98898e+04 -6.27620e+03 6010605 1 6.3649e-01
+4.10219e+04 -6.29901e+03 6010606 1 6.2924e-01
+4.21464e+04 -6.32086e+03 6010607 1 6.2175e-01
+4.32637e+04 -6.34174e+03 6010608 1 6.1393e-01
+4.43741e+04 -6.36162e+03 6010609 1 6.0579e-01
+4.54779e+04 -6.38051e+03 6010610 1 5.9730e-01
+4.65756e+04 -6.39840e+03 6010611 1 5.8845e-01
+2.22250e+04 -2.23723e+04 4010709 1 5.9128e-01
+3.46815e+04 -2.34265e+04 4010800 1 4.9408e-01
+3.20571e+04 -2.27771e+04 4010798 1 5.1358e-01
+2.48869e+04 -2.11344e+04 4010793 1 5.5664e-01
+2.11478e+01 -4.54101e+03 6010615 1 1.6477e-01
+1.37454e+03 -4.54196e+03 6010616 1 1.6955e-01
+2.72701e+03 -4.54461e+03 6010617 1 1.8279e-01
+4.07774e+03 -4.54895e+03 6010618 1 2.0262e-01
+5.42592e+03 -4.55492e+03 6010619 1 2.2701e-01
+6.77076e+03 -4.56248e+03 6010620 1 2.5431e-01
+8.11148e+03 -4.57158e+03 6010621 1 2.8327e-01
+9.44728e+03 -4.58217e+03 6010622 1 3.1300e-01
+1.07775e+04 -4.59413e+03 6010623 1 3.4287e-01
+1.21015e+04 -4.60738e+03 6010624 1 3.7243e-01
+1.34187e+04 -4.62180e+03 6010625 1 4.0135e-01
+1.47287e+04 -4.63729e+03 6010626 1 4.2936e-01
+1.60311e+04 -4.65373e+03 6010627 1 4.5627e-01
+1.73253e+04 -4.67101e+03 6010628 1 4.8188e-01
+1.86110e+04 -4.68901e+03 6010629 1 5.0611e-01
+1.98881e+04 -4.70762e+03 6010630 1 5.2886e-01
+2.11562e+04 -4.72671e+03 6010631 1 5.5007e-01
+2.24154e+04 -4.74617e+03 6010632 1 5.6969e-01
+2.36654e+04 -4.76589e+03 6010633 1 5.8769e-01
+2.49063e+04 -4.78578e+03 6010634 1 6.0406e-01
+2.61380e+04 -4.80572e+03 6010635 1 6.1880e-01
+2.73607e+04 -4.82563e+03 6010636 1 6.3191e-01
+2.85743e+04 -4.84541e+03 6010637 1 6.4340e-01
+2.97791e+04 -4.86500e+03 6010638 1 6.5330e-01
+3.09752e+04 -4.88430e+03 6010639 1 6.6165e-01
+3.21628e+04 -4.90326e+03 6010640 1 6.6849e-01
+3.33421e+04 -4.92181e+03 6010641 1 6.7386e-01
+3.45133e+04 -4.93990e+03 6010642 1 6.7781e-01
+3.56766e+04 -4.95748e+03 6010643 1 6.8039e-01
+3.68325e+04 -4.97451e+03 6010644 1 6.8165e-01
+3.79811e+04 -4.99097e+03 6010645 1 6.8165e-01
+3.91227e+04 -5.00681e+03 6010646 1 6.7793e-01
+4.02575e+04 -5.02203e+03 6010647 1 6.7041e-01
+4.13859e+04 -5.03661e+03 6010648 1 6.6259e-01
+4.25082e+04 -5.05055e+03 6010649 1 6.5447e-01
+4.36247e+04 -5.06382e+03 6010650 1 6.4603e-01
+4.47358e+04 -5.07642e+03 6010651 1 6.3724e-01
+4.58416e+04 -5.08835e+03 6010652 1 6.2802e-01
+3.09473e+04 -2.35474e+04 4010756 1 5.3403e-01
+2.66508e+04 -2.24749e+04 4010753 1 5.6047e-01
+2.03828e+01 -3.47031e+03 6010656 1 1.2603e-01
+1.32484e+03 -3.47086e+03 6010657 1 1.3291e-01
+2.62862e+03 -3.47240e+03 6010658 1 1.5122e-01
+3.93110e+03 -3.47492e+03 6010659 1 1.7719e-01
+5.23167e+03 -3.47840e+03 6010660 1 2.0762e-01
+6.52976e+03 -3.48281e+03 6010661 1 2.4043e-01
+7.82478e+03 -3.48812e+03 6010662 1 2.7433e-01
+9.11619e+03 -3.49428e+03 6010663 1 3.0850e-01
+1.04035e+04 -3.50125e+03 6010664 1 3.4240e-01
+1.16861e+04 -3.50897e+03 6010665 1 3.7565e-01
+1.29636e+04 -3.51739e+03 6010666 1 4.0795e-01
+1.42357e+04 -3.52644e+03 6010667 1 4.3912e-01
+1.55020e+04 -3.53605e+03 6010668 1 4.6897e-01
+1.67622e+04 -3.54615e+03 6010669 1 4.9739e-01
+1.80160e+04 -3.55669e+03 6010670 1 5.2427e-01
+1.92633e+04 -3.56758e+03 6010671 1 5.4952e-01
+2.05038e+04 -3.57877e+03 6010672 1 5.7310e-01
+2.17374e+04 -3.59018e+03 6010673 1 5.9495e-01
+2.29641e+04 -3.60176e+03 6010674 1 6.1504e-01
+2.41837e+04 -3.61343e+03 6010675 1 6.3335e-01
+2.53963e+04 -3.62515e+03 6010676 1 6.4990e-01
+2.66020e+04 -3.63686e+03 6010677 1 6.6469e-01
+2.78006e+04 -3.64849e+03 6010678 1 6.7773e-01
+2.89924e+04 -3.66002e+03 6010679 1 6.8906e-01
+3.01775e+04 -3.67139e+03 6010680 1 6.9870e-01
+3.13559e+04 -3.68256e+03 6010681 1 7.0670e-01
+3.25279e+04 -3.69349e+03 6010682 1 7.1310e-01
+3.36936e+04 -3.70415e+03 6010683 1 7.1794e-01
+3.48532e+04 -3.71452e+03 6010684 1 7.2128e-01
+3.60068e+04 -3.72457e+03 6010685 1 7.2317e-01
+3.71548e+04 -3.73428e+03 6010686 1 7.2368e-01
+3.82973e+04 -3.74362e+03 6010687 1 7.2285e-01
+3.94345e+04 -3.75260e+03 6010688 1 7.1910e-01
+4.05667e+04 -3.76119e+03 6010689 1 7.1075e-01
+4.16941e+04 -3.76940e+03 6010690 1 7.0209e-01
+4.28168e+04 -3.77722e+03 6010691 1 6.9312e-01
+4.39353e+04 -3.78465e+03 6010692 1 6.8376e-01
+4.50497e+04 -3.79168e+03 6010693 1 6.7396e-01
+4.61602e+04 -3.79831e+03 6010694 1 6.6376e-01
+3.59482e+04 -2.37437e+04 4010801 1 4.8334e-01
+1.95793e+01 -2.35776e+03 6010697 1 8.4071e-02
+1.27263e+03 -2.35802e+03 6010698 1 9.5161e-02
+2.52524e+03 -2.35873e+03 6010699 1 1.2189e-01
+3.77700e+03 -2.35990e+03 6010700 1 1.5613e-01
+5.02750e+03 -2.36152e+03 6010701 1 1.9355e-01
+6.27634e+03 -2.36357e+03 6010702 1 2.3217e-01
+7.52315e+03 -2.36604e+03 6010703 1 2.7102e-01
+8.76756e+03 -2.36891e+03 6010704 1 3.0951e-01
+1.00092e+04 -2.37215e+03 6010705 1 3.4728e-01
+1.12479e+04 -2.37575e+03 6010706 1 3.8407e-01
+1.24831e+04 -2.37967e+03 6010707 1 4.1967e-01
+1.37148e+04 -2.38388e+03 6010708 1 4.5393e-01
+1.49425e+04 -2.38837e+03 6010709 1 4.8669e-01
+1.61662e+04 -2.39308e+03 6010710 1 5.1785e-01
+1.73855e+04 -2.39800e+03 6010711 1 5.4732e-01
+1.86005e+04 -2.40310e+03 6010712 1 5.7504e-01
+1.98109e+04 -2.40833e+03 6010713 1 6.0095e-01
+2.10166e+04 -2.41368e+03 6010714 1 6.2500e-01
+2.22176e+04 -2.41910e+03 6010715 1 6.4718e-01
+2.34138e+04 -2.42458e+03 6010716 1 6.6746e-01
+2.46052e+04 -2.43008e+03 6010717 1 6.8585e-01
+2.57919e+04 -2.43557e+03 6010718 1 7.0234e-01
+2.69738e+04 -2.44104e+03 6010719 1 7.1696e-01
+2.81510e+04 -2.44646e+03 6010720 1 7.2973e-01
+2.93235e+04 -2.45181e+03 6010721 1 7.4067e-01
+3.04914e+04 -2.45707e+03 6010722 1 7.4983e-01
+3.16549e+04 -2.46221e+03 6010723 1 7.5725e-01
+3.28140e+04 -2.46724e+03 6010724 1 7.6298e-01
+3.39689e+04 -2.47213e+03 6010725 1 7.6707e-01
+3.51197e+04 -2.47686e+03 6010726 1 7.6957e-01
+3.62665e+04 -2.48144e+03 6010727 1 7.7055e-01
+3.74095e+04 -2.48584e+03 6010728 1 7.7006e-01
+3.85488e+04 -2.49007e+03 6010729 1 7.6817e-01
+3.96846e+04 -2.49412e+03 6010730 1 7.6494e-01
+4.08170e+04 -2.49799e+03 6010731 1 7.6044e-01
+4.19462e+04 -2.50166e+03 6010732 1 7.5288e-01
+4.30724e+04 -2.50515e+03 6010733 1 7.4240e-01
+4.41958e+04 -2.50845e+03 6010734 1 7.3150e-01
+4.53164e+04 -2.51156e+03 6010735 1 7.2015e-01
+4.64345e+04 -2.51449e+03 6010736 1 7.0830e-01
+2.38243e+04 -2.27373e+04 4010710 1 5.8679e-01
+2.53797e+04 -2.31117e+04 4010711 1 5.8103e-01
+1.91014e+04 -2.25558e+04 4010666 1 6.1016e-01
+2.24483e+04 -2.33029e+04 4010668 1 6.0598e-01
+1.87335e+01 -1.19724e+03 6010738 1 3.8613e-02
+1.21767e+03 -1.19731e+03 6010739 1 6.0887e-02
+2.41640e+03 -1.19750e+03 6010740 1 1.0089e-01
+3.61470e+03 -1.19782e+03 6010741 1 1.4424e-01
+4.81239e+03 -1.19826e+03 6010742 1 1.8822e-01
+6.00925e+03 -1.19881e+03 6010743 1 2.3199e-01
+7.20512e+03 -1.19948e+03 6010744 1 2.7515e-01
+8.39979e+03 -1.20026e+03 6010745 1 3.1745e-01
+9.59311e+03 -1.20115e+03 6010746 1 3.5869e-01
+1.07849e+04 -1.20212e+03 6010747 1 3.9869e-01
+1.19750e+04 -1.20319e+03 6010748 1 4.3731e-01
+1.31633e+04 -1.20434e+03 6010749 1 4.7443e-01
+1.43497e+04 -1.20556e+03 6010750 1 5.0994e-01
+1.55341e+04 -1.20685e+03 6010751 1 5.4373e-01
+1.67163e+04 -1.20819e+03 6010752 1 5.7574e-01
+1.78962e+04 -1.20959e+03 6010753 1 6.0588e-01
+1.90739e+04 -1.21102e+03 6010754 1 6.3411e-01
+2.02493e+04 -1.21248e+03 6010755 1 6.6037e-01
+2.14222e+04 -1.21397e+03 6010756 1 6.8465e-01
+2.25927e+04 -1.21547e+03 6010757 1 7.0691e-01
+2.37608e+04 -1.21698e+03 6010758 1 7.2715e-01
+2.49264e+04 -1.21849e+03 6010759 1 7.4537e-01
+2.60896e+04 -1.22000e+03 6010760 1 7.6158e-01
+2.72504e+04 -1.22149e+03 6010761 1 7.7580e-01
+2.84088e+04 -1.22296e+03 6010762 1 7.8806e-01
+2.95648e+04 -1.22441e+03 6010763 1 7.9840e-01
+3.07185e+04 -1.22583e+03 6010764 1 8.0684e-01
+3.18699e+04 -1.22721e+03 6010765 1 8.1345e-01
+3.30192e+04 -1.22856e+03 6010766 1 8.1827e-01
+3.41663e+04 -1.22987e+03 6010767 1 8.2136e-01
+3.53114e+04 -1.23114e+03 6010768 1 8.2279e-01
+3.64544e+04 -1.23235e+03 6010769 1 8.2260e-01
+3.75956e+04 -1.23352e+03 6010770 1 8.2088e-01
+3.87349e+04 -1.23464e+03 6010771 1 8.1768e-01
+3.98725e+04 -1.23571e+03 6010772 1 8.1308e-01
+4.10084e+04 -1.23672e+03 6010773 1 8.0714e-01
+4.21427e+04 -1.23769e+03 6010774 1 7.9995e-01
+4.32755e+04 -1.23860e+03 6010775 1 7.9155e-01
+4.44069e+04 -1.23945e+03 6010776 1 7.8204e-01
+4.55369e+04 -1.24026e+03 6010777 1 7.7146e-01
+4.66657e+04 -1.24101e+03 6010778 1 7.5990e-01
+3.33850e+04 -2.31039e+04 4010799 1 5.0411e-01
+2.95530e+04 -2.31893e+04 4010755 1 5.4438e-01
+2.68919e+04 -2.34925e+04 4010712 1 5.7283e-01
+2.40514e+04 -2.36972e+04 4010669 1 5.9984e-01
