+4.69423e+04 -2.28566e+04 6010078 1 1.7133e-01
+4.80522e+04 -2.29387e+04 6010079 1 1.6792e-01
+4.79309e+04 -2.16404e+04 6010120 1 1.7105e-01
+4.91555e+04 -2.30184e+04 6010080 1 1.6474e-01
+5.02526e+04 -2.30956e+04 6010081 1 1.6189e-01
+4.76502e+04 -1.90517e+04 6010202 1 1.7873e-01
+4.77970e+04 -2.03447e+04 6010161 1 1.7463e-01
+4.90367e+04 -2.17131e+04 6010121 1 1.6792e-01
+5.01363e+04 -2.17835e+04 6010122 1 1.6511e-01
+4.89051e+04 -2.04105e+04 6010162 1 1.7155e-01
+5.00072e+04 -2.04743e+04 6010163 1 1.6876e-01
+4.74899e+04 -1.77613e+04 6010243 1 1.8346e-01
+4.87605e+04 -1.91108e+04 6010203 1 1.7570e-01
+4.86023e+04 -1.78140e+04 6010244 1 1.8044e-01
+4.98649e+04 -1.91682e+04 6010204 1 1.7291e-01
+4.97092e+04 -1.78650e+04 6010245 1 1.7768e-01
+4.84303e+04 -1.65200e+04 6010285 1 1.8589e-01
+4.95394e+04 -1.65650e+04 6010286 1 1.8311e-01
+4.82437e+04 -1.52289e+04 6010326 1 1.9209e-01
+4.80421e+04 -1.39409e+04 6010367 1 1.9915e-01
+4.89408e+04 -1.26843e+04 6010409 1 2.0420e-01
+4.93552e+04 -1.52682e+04 6010327 1 1.8928e-01
+4.91559e+04 -1.39746e+04 6010368 1 1.9629e-01
+4.84605e+04 -1.01140e+04 6010491 1 2.2328e-01
+4.87093e+04 -1.13974e+04 6010450 1 2.1313e-01
+4.81935e+04 -8.83417e+03 6010532 1 2.3477e-01
+4.79073e+04 -7.55795e+03 6010573 1 2.4781e-01
+4.76010e+04 -6.28546e+03 6010614 1 2.6273e-01
+5.13438e+04 -2.31702e+04 7010039 1 1.5938e-01
+5.24293e+04 -2.32423e+04 7010040 1 1.5708e-01
+5.35093e+04 -2.33118e+04 7010041 1 1.5496e-01
+5.45841e+04 -2.33787e+04 7010042 1 1.5296e-01
+5.56540e+04 -2.34429e+04 7010043 1 1.5109e-01
+5.67192e+04 -2.35046e+04 7010044 1 1.4931e-01
+5.77799e+04 -2.35636e+04 7010045 1 1.4766e-01
+5.88364e+04 -2.36201e+04 7010046 1 1.4610e-01
+5.98889e+04 -2.36740e+04 7010047 1 1.4464e-01
+6.09376e+04 -2.37253e+04 7010048 1 1.4327e-01
+4.71271e+04 -1.51885e+04 6010325 1 1.9506e-01
+4.73157e+04 -1.64736e+04 6010284 1 1.8888e-01
+4.69234e+04 -1.39061e+04 6010366 1 2.0215e-01
+4.78248e+04 -1.26558e+04 6010408 1 2.0711e-01
+4.75909e+04 -1.13738e+04 6010449 1 2.1612e-01
+4.73398e+04 -1.00949e+04 6010490 1 2.2636e-01
+4.69227e+04 -3.75201e+03 6010696 1 3.0138e-01
+4.70704e+04 -8.81916e+03 6010531 1 2.3797e-01
+4.72732e+04 -5.01679e+03 6010655 1 2.8019e-01
+5.12301e+04 -2.18516e+04 7010078 1 1.6259e-01
+5.23182e+04 -2.19174e+04 7010079 1 1.6027e-01
+5.34010e+04 -2.19808e+04 7010080 1 1.5813e-01
+5.44786e+04 -2.20419e+04 7010081 1 1.5607e-01
+5.55514e+04 -2.21006e+04 7010082 1 1.5409e-01
+5.66195e+04 -2.21569e+04 7010083 1 1.5222e-01
+5.76832e+04 -2.22108e+04 7010084 1 1.5043e-01
+5.87427e+04 -2.22624e+04 7010085 1 1.4873e-01
+5.97982e+04 -2.23116e+04 7010086 1 1.4710e-01
+6.08499e+04 -2.23586e+04 7010087 1 1.4555e-01
+6.18981e+04 -2.24033e+04 7010088 1 1.4407e-01
+6.29429e+04 -2.24458e+04 7010089 1 1.4270e-01
+6.39845e+04 -2.24861e+04 7010090 1 1.4137e-01
+6.50231e+04 -2.25243e+04 7010091 1 1.4008e-01
+6.60589e+04 -2.25604e+04 7010092 1 1.3885e-01
+6.70921e+04 -2.25945e+04 7010093 1 1.3772e-01
+6.81228e+04 -2.26266e+04 7010094 1 1.3665e-01
+6.91511e+04 -2.26568e+04 7010095 1 1.3567e-01
+7.01773e+04 -2.26852e+04 7010096 1 1.3477e-01
+7.12014e+04 -2.27118e+04 7010097 1 1.3394e-01
+7.22236e+04 -2.27367e+04 7010098 1 1.3318e-01
+7.32441e+04 -2.27598e+04 7010099 1 1.3247e-01
+7.42630e+04 -2.27814e+04 7010100 1 1.3182e-01
+7.52803e+04 -2.28014e+04 7010101 1 1.3122e-01
+7.62963e+04 -2.28199e+04 7010102 1 1.3067e-01
+7.73110e+04 -2.28369e+04 7010103 1 1.3017e-01
+7.83245e+04 -2.28525e+04 7010104 1 1.2971e-01
+7.93370e+04 -2.28667e+04 7010105 1 1.2930e-01
+8.03484e+04 -2.28797e+04 7010106 1 1.2893e-01
+8.13590e+04 -2.28913e+04 7010107 1 1.2859e-01
+8.23689e+04 -2.29017e+04 7010108 1 1.2830e-01
+8.33780e+04 -2.29110e+04 7010109 1 1.2805e-01
+8.43865e+04 -2.29190e+04 7010110 1 1.2782e-01
+8.53945e+04 -2.29260e+04 7010111 1 1.2762e-01
+8.64021e+04 -2.29318e+04 7010112 1 1.2746e-01
+8.74092e+04 -2.29365e+04 7010113 1 1.2732e-01
+8.84161e+04 -2.29402e+04 7010114 1 1.2722e-01
+8.94228e+04 -2.29428e+04 7010115 1 1.2715e-01
+9.04293e+04 -2.29443e+04 7010116 1 1.2710e-01
+5.11035e+04 -2.05360e+04 7010117 1 1.6623e-01
+5.21943e+04 -2.05957e+04 7010118 1 1.6391e-01
+5.32798e+04 -2.06531e+04 7010119 1 1.6170e-01
+5.43604e+04 -2.07085e+04 7010120 1 1.5958e-01
+5.54361e+04 -2.07617e+04 7010121 1 1.5751e-01
+5.65072e+04 -2.08127e+04 7010122 1 1.5552e-01
+5.75740e+04 -2.08617e+04 7010123 1 1.5358e-01
+5.86366e+04 -2.09084e+04 7010124 1 1.5171e-01
+5.96953e+04 -2.09531e+04 7010125 1 1.4990e-01
+6.07502e+04 -2.09957e+04 7010126 1 1.4815e-01
+6.18016e+04 -2.10363e+04 7010127 1 1.4646e-01
+6.28497e+04 -2.10748e+04 7010128 1 1.4485e-01
+6.38946e+04 -2.11114e+04 7010129 1 1.4326e-01
+6.49366e+04 -2.11461e+04 7010130 1 1.4176e-01
+6.59757e+04 -2.11789e+04 7010131 1 1.4031e-01
+6.70123e+04 -2.12098e+04 7010132 1 1.3894e-01
+6.80463e+04 -2.12390e+04 7010133 1 1.3763e-01
+6.90780e+04 -2.12664e+04 7010134 1 1.3637e-01
+7.01076e+04 -2.12922e+04 7010135 1 1.3516e-01
+7.11351e+04 -2.13163e+04 7010136 1 1.3404e-01
+7.21607e+04 -2.13389e+04 7010137 1 1.3298e-01
+7.31845e+04 -2.13599e+04 7010138 1 1.3200e-01
+7.42068e+04 -2.13795e+04 7010139 1 1.3107e-01
+7.52275e+04 -2.13976e+04 7010140 1 1.3021e-01
+7.62468e+04 -2.14144e+04 7010141 1 1.2940e-01
+7.72648e+04 -2.14299e+04 7010142 1 1.2866e-01
+7.82817e+04 -2.14440e+04 7010143 1 1.2798e-01
+7.92975e+04 -2.14570e+04 7010144 1 1.2735e-01
+8.03123e+04 -2.14687e+04 7010145 1 1.2678e-01
+8.13262e+04 -2.14793e+04 7010146 1 1.2627e-01
+8.23393e+04 -2.14888e+04 7010147 1 1.2581e-01
+8.33518e+04 -2.14971e+04 7010148 1 1.2541e-01
+8.43636e+04 -2.15045e+04 7010149 1 1.2505e-01
+8.53749e+04 -2.15108e+04 7010150 1 1.2473e-01
+8.63857e+04 -2.15160e+04 7010151 1 1.2447e-01
+8.73962e+04 -2.15203e+04 7010152 1 1.2426e-01
+8.84063e+04 -2.15237e+04 7010153 1 1.2409e-01
+8.94163e+04 -2.15260e+04 7010154 1 1.2397e-01
+9.04261e+04 -2.15274e+04 7010155 1 1.2390e-01
+5.09638e+04 -1.92236e+04 7010156 1 1.7039e-01
+5.20573e+04 -1.92772e+04 7010157 1 1.6802e-01
+5.31456e+04 -1.93289e+04 7010158 1 1.6574e-01
+5.42290e+04 -1.93787e+04 7010159 1 1.6354e-01
+5.53078e+04 -1.94265e+04 7010160 1 1.6136e-01
+5.63820e+04 -1.94725e+04 7010161 1 1.5925e-01
+5.74520e+04 -1.95165e+04 7010162 1 1.5715e-01
+5.85178e+04 -1.95585e+04 7010163 1 1.5512e-01
+5.95799e+04 -1.95987e+04 7010164 1 1.5311e-01
+6.06382e+04 -1.96371e+04 7010165 1 1.5114e-01
+6.16931e+04 -1.96736e+04 7010166 1 1.4922e-01
+6.27447e+04 -1.97083e+04 7010167 1 1.4732e-01
+6.37931e+04 -1.97412e+04 7010168 1 1.4548e-01
+6.48387e+04 -1.97724e+04 7010169 1 1.4369e-01
+6.58815e+04 -1.98019e+04 7010170 1 1.4197e-01
+6.69216e+04 -1.98297e+04 7010171 1 1.4030e-01
+6.79593e+04 -1.98560e+04 7010172 1 1.3868e-01
+6.89947e+04 -1.98807e+04 7010173 1 1.3713e-01
+7.00280e+04 -1.99038e+04 7010174 1 1.3565e-01
+7.10593e+04 -1.99256e+04 7010175 1 1.3423e-01
+7.20886e+04 -1.99459e+04 7010176 1 1.3288e-01
+7.31163e+04 -1.99648e+04 7010177 1 1.3158e-01
+7.41423e+04 -1.99824e+04 7010178 1 1.3034e-01
+7.51668e+04 -1.99987e+04 7010179 1 1.2917e-01
+7.61899e+04 -2.00138e+04 7010180 1 1.2807e-01
+7.72117e+04 -2.00277e+04 7010181 1 1.2704e-01
+7.82324e+04 -2.00404e+04 7010182 1 1.2608e-01
+7.92519e+04 -2.00521e+04 7010183 1 1.2520e-01
+8.02705e+04 -2.00626e+04 7010184 1 1.2438e-01
+8.12883e+04 -2.00721e+04 7010185 1 1.2365e-01
+8.23052e+04 -2.00807e+04 7010186 1 1.2298e-01
+8.33214e+04 -2.00882e+04 7010187 1 1.2238e-01
+8.43371e+04 -2.00948e+04 7010188 1 1.2186e-01
+8.53522e+04 -2.01004e+04 7010189 1 1.2140e-01
+8.63668e+04 -2.01052e+04 7010190 1 1.2101e-01
+8.73810e+04 -2.01090e+04 7010191 1 1.2069e-01
+8.83950e+04 -2.01120e+04 7010192 1 1.2045e-01
+8.94087e+04 -2.01142e+04 7010193 1 1.2027e-01
+9.04223e+04 -2.01154e+04 7010194 1 1.2016e-01
+5.08106e+04 -1.79145e+04 7010195 1 1.7511e-01
+5.19067e+04 -1.79622e+04 7010196 1 1.7270e-01
+5.29979e+04 -1.80083e+04 7010197 1 1.7035e-01
+5.40843e+04 -1.80526e+04 7010198 1 1.6805e-01
+5.51661e+04 -1.80953e+04 7010199 1 1.6578e-01
+5.62436e+04 -1.81362e+04 7010200 1 1.6350e-01
+5.73169e+04 -1.81754e+04 7010201 1 1.6125e-01
+5.83862e+04 -1.82129e+04 7010202 1 1.5900e-01
+5.94517e+04 -1.82488e+04 7010203 1 1.5679e-01
+6.05136e+04 -1.82829e+04 7010204 1 1.5458e-01
+6.15722e+04 -1.83154e+04 7010205 1 1.5238e-01
+6.26275e+04 -1.83464e+04 7010206 1 1.5024e-01
+6.36798e+04 -1.83757e+04 7010207 1 1.4810e-01
+6.47292e+04 -1.84035e+04 7010208 1 1.4601e-01
+6.57758e+04 -1.84298e+04 7010209 1 1.4398e-01
+6.68200e+04 -1.84546e+04 7010210 1 1.4197e-01
+6.78617e+04 -1.84780e+04 7010211 1 1.4003e-01
+6.89011e+04 -1.85000e+04 7010212 1 1.3815e-01
+6.99385e+04 -1.85207e+04 7010213 1 1.3633e-01
+7.09738e+04 -1.85400e+04 7010214 1 1.3455e-01
+7.20074e+04 -1.85581e+04 7010215 1 1.3285e-01
+7.30391e+04 -1.85749e+04 7010216 1 1.3120e-01
+7.40693e+04 -1.85906e+04 7010217 1 1.2962e-01
+7.50980e+04 -1.86051e+04 7010218 1 1.2812e-01
+7.61254e+04 -1.86186e+04 7010219 1 1.2669e-01
+7.71515e+04 -1.86310e+04 7010220 1 1.2534e-01
+7.81764e+04 -1.86423e+04 7010221 1 1.2407e-01
+7.92002e+04 -1.86527e+04 7010222 1 1.2289e-01
+8.02231e+04 -1.86620e+04 7010223 1 1.2180e-01
+8.12451e+04 -1.86705e+04 7010224 1 1.2079e-01
+8.22664e+04 -1.86781e+04 7010225 1 1.1988e-01
+8.32869e+04 -1.86848e+04 7010226 1 1.1904e-01
+8.43068e+04 -1.86906e+04 7010227 1 1.1831e-01
+8.53262e+04 -1.86957e+04 7010228 1 1.1767e-01
+8.63452e+04 -1.86999e+04 7010229 1 1.1712e-01
+8.73638e+04 -1.87033e+04 7010230 1 1.1667e-01
+8.83821e+04 -1.87060e+04 7010231 1 1.1632e-01
+8.94001e+04 -1.87079e+04 7010232 1 1.1607e-01
+9.04181e+04 -1.87090e+04 7010233 1 1.1592e-01
+5.06434e+04 -1.66086e+04 7010234 1 1.8049e-01
+5.17422e+04 -1.66507e+04 7010235 1 1.7802e-01
+5.28363e+04 -1.66914e+04 7010236 1 1.7559e-01
+5.39257e+04 -1.67305e+04 7010237 1 1.7317e-01
+5.50107e+04 -1.67681e+04 7010238 1 1.7076e-01
+5.60915e+04 -1.68042e+04 7010239 1 1.6834e-01
+5.71683e+04 -1.68388e+04 7010240 1 1.6592e-01
+5.82411e+04 -1.68718e+04 7010241 1 1.6346e-01
+5.93104e+04 -1.69034e+04 7010242 1 1.6100e-01
+6.03761e+04 -1.69336e+04 7010243 1 1.5854e-01
+6.14385e+04 -1.69623e+04 7010244 1 1.5608e-01
+6.24979e+04 -1.69895e+04 7010245 1 1.5363e-01
+6.35542e+04 -1.70154e+04 7010246 1 1.5119e-01
+6.46077e+04 -1.70399e+04 7010247 1 1.4878e-01
+6.56586e+04 -1.70631e+04 7010248 1 1.4641e-01
+6.67070e+04 -1.70849e+04 7010249 1 1.4406e-01
+6.77531e+04 -1.71056e+04 7010250 1 1.4176e-01
+6.87969e+04 -1.71249e+04 7010251 1 1.3950e-01
+6.98387e+04 -1.71431e+04 7010252 1 1.3729e-01
+7.08786e+04 -1.71602e+04 7010253 1 1.3514e-01
+7.19166e+04 -1.71761e+04 7010254 1 1.3304e-01
+7.29530e+04 -1.71909e+04 7010255 1 1.3100e-01
+7.39878e+04 -1.72047e+04 7010256 1 1.2903e-01
+7.50212e+04 -1.72175e+04 7010257 1 1.2715e-01
+7.60532e+04 -1.72293e+04 7010258 1 1.2535e-01
+7.70840e+04 -1.72402e+04 7010259 1 1.2364e-01
+7.81136e+04 -1.72502e+04 7010260 1 1.2202e-01
+7.91422e+04 -1.72593e+04 7010261 1 1.2049e-01
+8.01699e+04 -1.72676e+04 7010262 1 1.1907e-01
+8.11967e+04 -1.72750e+04 7010263 1 1.1776e-01
+8.22227e+04 -1.72817e+04 7010264 1 1.1656e-01
+8.32481e+04 -1.72876e+04 7010265 1 1.1546e-01
+8.42729e+04 -1.72927e+04 7010266 1 1.1450e-01
+8.52971e+04 -1.72971e+04 7010267 1 1.1365e-01
+8.63209e+04 -1.73008e+04 7010268 1 1.1292e-01
+8.73444e+04 -1.73039e+04 7010269 1 1.1232e-01
+8.83675e+04 -1.73062e+04 7010270 1 1.1186e-01
+8.93905e+04 -1.73079e+04 7010271 1 1.1152e-01
+9.04133e+04 -1.73088e+04 7010272 1 1.1132e-01
+5.04617e+04 -1.53062e+04 7010273 1 1.8661e-01
+5.15633e+04 -1.53429e+04 7010274 1 1.8406e-01
+5.26603e+04 -1.53783e+04 7010275 1 1.8153e-01
+5.37528e+04 -1.54124e+04 7010276 1 1.7900e-01
+5.48411e+04 -1.54452e+04 7010277 1 1.7643e-01
+5.59254e+04 -1.54766e+04 7010278 1 1.7383e-01
+5.70057e+04 -1.55067e+04 7010279 1 1.7118e-01
+5.80824e+04 -1.55356e+04 7010280 1 1.6851e-01
+5.91555e+04 -1.55631e+04 7010281 1 1.6582e-01
+6.02252e+04 -1.55893e+04 7010282 1 1.6308e-01
+6.12918e+04 -1.56143e+04 7010283 1 1.6034e-01
+6.23554e+04 -1.56381e+04 7010284 1 1.5759e-01
+6.34161e+04 -1.56606e+04 7010285 1 1.5485e-01
+6.44740e+04 -1.56819e+04 7010286 1 1.5210e-01
+6.55295e+04 -1.57021e+04 7010287 1 1.4935e-01
+6.65825e+04 -1.57211e+04 7010288 1 1.4664e-01
+6.76333e+04 -1.57391e+04 7010289 1 1.4393e-01
+6.86819e+04 -1.57559e+04 7010290 1 1.4128e-01
+6.97285e+04 -1.57718e+04 7010291 1 1.3865e-01
+7.07733e+04 -1.57866e+04 7010292 1 1.3607e-01
+7.18163e+04 -1.58004e+04 7010293 1 1.3354e-01
+7.28576e+04 -1.58133e+04 7010294 1 1.3107e-01
+7.38975e+04 -1.58253e+04 7010295 1 1.2867e-01
+7.49360e+04 -1.58364e+04 7010296 1 1.2635e-01
+7.59731e+04 -1.58467e+04 7010297 1 1.2413e-01
+7.70091e+04 -1.58561e+04 7010298 1 1.2200e-01
+7.80440e+04 -1.58648e+04 7010299 1 1.1997e-01
+7.90778e+04 -1.58727e+04 7010300 1 1.1805e-01
+8.01108e+04 -1.58798e+04 7010301 1 1.1625e-01
+8.11429e+04 -1.58863e+04 7010302 1 1.1457e-01
+8.21742e+04 -1.58921e+04 7010303 1 1.1303e-01
+8.32050e+04 -1.58972e+04 7010304 1 1.1162e-01
+8.42351e+04 -1.59016e+04 7010305 1 1.1037e-01
+8.52647e+04 -1.59055e+04 7010306 1 1.0926e-01
+8.62939e+04 -1.59087e+04 7010307 1 1.0832e-01
+8.73228e+04 -1.59113e+04 7010308 1 1.0754e-01
+8.83513e+04 -1.59133e+04 7010309 1 1.0693e-01
+8.93797e+04 -1.59148e+04 7010310 1 1.0649e-01
+9.04079e+04 -1.59156e+04 7010311 1 1.0622e-01
+5.02649e+04 -1.40072e+04 7010312 1 1.9356e-01
+5.13693e+04 -1.40388e+04 7010313 1 1.9088e-01
+5.24693e+04 -1.40692e+04 7010314 1 1.8825e-01
+5.35651e+04 -1.40985e+04 7010315 1 1.8557e-01
+5.46568e+04 -1.41267e+04 7010316 1 1.8282e-01
+5.57446e+04 -1.41537e+04 7010317 1 1.8005e-01
+5.68288e+04 -1.41796e+04 7010318 1 1.7721e-01
+5.79093e+04 -1.42044e+04 7010319 1 1.7429e-01
+5.89866e+04 -1.42280e+04 7010320 1 1.7134e-01
+6.00606e+04 -1.42506e+04 7010321 1 1.6835e-01
+6.11315e+04 -1.42720e+04 7010322 1 1.6529e-01
+6.21996e+04 -1.42924e+04 7010323 1 1.6222e-01
+6.32650e+04 -1.43117e+04 7010324 1 1.5912e-01
+6.43277e+04 -1.43300e+04 7010325 1 1.5603e-01
+6.53880e+04 -1.43473e+04 7010326 1 1.5290e-01
+6.64460e+04 -1.43637e+04 7010327 1 1.4977e-01
+6.75018e+04 -1.43790e+04 7010328 1 1.4666e-01
+6.85556e+04 -1.43935e+04 7010329 1 1.4356e-01
+6.96075e+04 -1.44070e+04 7010330 1 1.4048e-01
+7.06575e+04 -1.44197e+04 7010331 1 1.3743e-01
+7.17059e+04 -1.44316e+04 7010332 1 1.3443e-01
+7.27528e+04 -1.44426e+04 7010333 1 1.3149e-01
+7.37981e+04 -1.44529e+04 7010334 1 1.2862e-01
+7.48422e+04 -1.44624e+04 7010335 1 1.2582e-01
+7.58850e+04 -1.44711e+04 7010336 1 1.2311e-01
+7.69266e+04 -1.44792e+04 7010337 1 1.2050e-01
+7.79672e+04 -1.44866e+04 7010338 1 1.1801e-01
+7.90068e+04 -1.44934e+04 7010339 1 1.1563e-01
+8.00455e+04 -1.44995e+04 7010340 1 1.1338e-01
+8.10835e+04 -1.45050e+04 7010341 1 1.1128e-01
+8.21207e+04 -1.45099e+04 7010342 1 1.0934e-01
+8.31573e+04 -1.45143e+04 7010343 1 1.0756e-01
+8.41934e+04 -1.45181e+04 7010344 1 1.0596e-01
+8.52290e+04 -1.45213e+04 7010345 1 1.0455e-01
+8.62641e+04 -1.45241e+04 7010346 1 1.0333e-01
+8.72989e+04 -1.45263e+04 7010347 1 1.0233e-01
+8.83335e+04 -1.45280e+04 7010348 1 1.0154e-01
+8.93678e+04 -1.45293e+04 7010349 1 1.0097e-01
+9.04020e+04 -1.45300e+04 7010350 1 1.0063e-01
+5.00524e+04 -1.27119e+04 7010351 1 2.0136e-01
+5.11597e+04 -1.27386e+04 7010352 1 1.9858e-01
+5.22628e+04 -1.27643e+04 7010353 1 1.9579e-01
+5.33619e+04 -1.27891e+04 7010354 1 1.9299e-01
+5.44571e+04 -1.28129e+04 7010355 1 1.9008e-01
+5.55487e+04 -1.28357e+04 7010356 1 1.8709e-01
+5.66368e+04 -1.28576e+04 7010357 1 1.8404e-01
+5.77215e+04 -1.28785e+04 7010358 1 1.8089e-01
+5.88031e+04 -1.28985e+04 7010359 1 1.7768e-01
+5.98816e+04 -1.29175e+04 7010360 1 1.7438e-01
+6.09572e+04 -1.29357e+04 7010361 1 1.7101e-01
+6.20301e+04 -1.29529e+04 7010362 1 1.6761e-01
+6.31004e+04 -1.29692e+04 7010363 1 1.6415e-01
+6.41683e+04 -1.29846e+04 7010364 1 1.6065e-01
+6.52338e+04 -1.29992e+04 7010365 1 1.5712e-01
+6.62971e+04 -1.30129e+04 7010366 1 1.5357e-01
+6.73584e+04 -1.30259e+04 7010367 1 1.5001e-01
+6.84177e+04 -1.30380e+04 7010368 1 1.4644e-01
+6.94752e+04 -1.30495e+04 7010369 1 1.4288e-01
+7.05311e+04 -1.30601e+04 7010370 1 1.3934e-01
+7.15853e+04 -1.30701e+04 7010371 1 1.3584e-01
+7.26381e+04 -1.30794e+04 7010372 1 1.3238e-01
+7.36894e+04 -1.30880e+04 7010373 1 1.2898e-01
+7.47395e+04 -1.30960e+04 7010374 1 1.2566e-01
+7.57885e+04 -1.31034e+04 7010375 1 1.2242e-01
+7.68363e+04 -1.31101e+04 7010376 1 1.1927e-01
+7.78831e+04 -1.31163e+04 7010377 1 1.1624e-01
+7.89290e+04 -1.31220e+04 7010378 1 1.1334e-01
+7.99741e+04 -1.31271e+04 7010379 1 1.1058e-01
+8.10184e+04 -1.31317e+04 7010380 1 1.0798e-01
+8.20621e+04 -1.31359e+04 7010381 1 1.0556e-01
+8.31051e+04 -1.31395e+04 7010382 1 1.0333e-01
+8.41477e+04 -1.31427e+04 7010383 1 1.0132e-01
+8.51897e+04 -1.31454e+04 7010384 1 9.9534e-02
+8.62314e+04 -1.31477e+04 7010385 1 9.7994e-02
+8.72728e+04 -1.31496e+04 7010386 1 9.6712e-02
+8.83139e+04 -1.31510e+04 7010387 1 9.5701e-02
+8.93548e+04 -1.31521e+04 7010388 1 9.4972e-02
+9.03955e+04 -1.31527e+04 7010389 1 9.4532e-02
+4.98235e+04 -1.14203e+04 7010390 1 2.1023e-01
+5.09337e+04 -1.14424e+04 7010391 1 2.0732e-01
+5.20400e+04 -1.14638e+04 7010392 1 2.0436e-01
+5.31425e+04 -1.14843e+04 7010393 1 2.0136e-01
+5.42415e+04 -1.15040e+04 7010394 1 1.9829e-01
+5.53370e+04 -1.15229e+04 7010395 1 1.9507e-01
+5.64292e+04 -1.15410e+04 7010396 1 1.9178e-01
+5.75183e+04 -1.15583e+04 7010397 1 1.8838e-01
+5.86045e+04 -1.15749e+04 7010398 1 1.8487e-01
+5.96878e+04 -1.15906e+04 7010399 1 1.8128e-01
+6.07683e+04 -1.16056e+04 7010400 1 1.7759e-01
+6.18464e+04 -1.16198e+04 7010401 1 1.7384e-01
+6.29219e+04 -1.16333e+04 7010402 1 1.6998e-01
+6.39952e+04 -1.16460e+04 7010403 1 1.6609e-01
+6.50663e+04 -1.16581e+04 7010404 1 1.6212e-01
+6.61354e+04 -1.16694e+04 7010405 1 1.5811e-01
+6.72025e+04 -1.16801e+04 7010406 1 1.5407e-01
+6.82679e+04 -1.16901e+04 7010407 1 1.5003e-01
+6.93315e+04 -1.16995e+04 7010408 1 1.4596e-01
+7.03935e+04 -1.17083e+04 7010409 1 1.4189e-01
+7.14541e+04 -1.17165e+04 7010410 1 1.3786e-01
+7.25132e+04 -1.17242e+04 7010411 1 1.3386e-01
+7.35711e+04 -1.17313e+04 7010412 1 1.2988e-01
+7.46278e+04 -1.17378e+04 7010413 1 1.2598e-01
+7.56833e+04 -1.17439e+04 7010414 1 1.2215e-01
+7.67379e+04 -1.17495e+04 7010415 1 1.1841e-01
+7.77915e+04 -1.17546e+04 7010416 1 1.1478e-01
+7.88442e+04 -1.17592e+04 7010417 1 1.1129e-01
+7.98962e+04 -1.17634e+04 7010418 1 1.0794e-01
+8.09475e+04 -1.17672e+04 7010419 1 1.0476e-01
+8.19981e+04 -1.17706e+04 7010420 1 1.0178e-01
+8.30482e+04 -1.17736e+04 7010421 1 9.9025e-02
+8.40978e+04 -1.17762e+04 7010422 1 9.6515e-02
+8.51469e+04 -1.17784e+04 7010423 1 9.4275e-02
+8.61957e+04 -1.17803e+04 7010424 1 9.2330e-02
+8.72442e+04 -1.17818e+04 7010425 1 9.0703e-02
+8.82925e+04 -1.17830e+04 7010426 1 8.9414e-02
+8.93405e+04 -1.17838e+04 7010427 1 8.8481e-02
+9.03885e+04 -1.17843e+04 7010428 1 8.7916e-02
+4.95774e+04 -1.01325e+04 7010429 1 2.2022e-01
+5.06906e+04 -1.01504e+04 7010430 1 2.1718e-01
+5.18001e+04 -1.01677e+04 7010431 1 2.1406e-01
+5.29063e+04 -1.01843e+04 7010432 1 2.1087e-01
+5.40091e+04 -1.02002e+04 7010433 1 2.0756e-01
+5.51087e+04 -1.02155e+04 7010434 1 2.0414e-01
+5.62053e+04 -1.02301e+04 7010435 1 2.0058e-01
+5.72991e+04 -1.02441e+04 7010436 1 1.9690e-01
+5.83900e+04 -1.02574e+04 7010437 1 1.9310e-01
+5.94784e+04 -1.02701e+04 7010438 1 1.8916e-01
+6.05642e+04 -1.02822e+04 7010439 1 1.8514e-01
+6.16477e+04 -1.02937e+04 7010440 1 1.8098e-01
+6.27290e+04 -1.03045e+04 7010441 1 1.7673e-01
+6.38081e+04 -1.03148e+04 7010442 1 1.7238e-01
+6.48852e+04 -1.03245e+04 7010443 1 1.6798e-01
+6.59604e+04 -1.03336e+04 7010444 1 1.6352e-01
+6.70338e+04 -1.03422e+04 7010445 1 1.5899e-01
+6.81056e+04 -1.03503e+04 7010446 1 1.5443e-01
+6.91758e+04 -1.03578e+04 7010447 1 1.4983e-01
+7.02445e+04 -1.03649e+04 7010448 1 1.4524e-01
+7.13119e+04 -1.03715e+04 7010449 1 1.4062e-01
+7.23779e+04 -1.03776e+04 7010450 1 1.3603e-01
+7.34428e+04 -1.03833e+04 7010451 1 1.3145e-01
+7.45066e+04 -1.03885e+04 7010452 1 1.2692e-01
+7.55693e+04 -1.03934e+04 7010453 1 1.2245e-01
+7.66311e+04 -1.03978e+04 7010454 1 1.1806e-01
+7.76921e+04 -1.04019e+04 7010455 1 1.1378e-01
+7.87522e+04 -1.04056e+04 7010456 1 1.0961e-01
+7.98117e+04 -1.04089e+04 7010457 1 1.0559e-01
+8.08705e+04 -1.04120e+04 7010458 1 1.0176e-01
+8.19287e+04 -1.04147e+04 7010459 1 9.8131e-02
+8.29864e+04 -1.04170e+04 7010460 1 9.4746e-02
+8.40436e+04 -1.04191e+04 7010461 1 9.1642e-02
+8.51004e+04 -1.04209e+04 7010462 1 8.8848e-02
+8.61570e+04 -1.04224e+04 7010463 1 8.6403e-02
+8.72132e+04 -1.04236e+04 7010464 1 8.4343e-02
+8.82692e+04 -1.04245e+04 7010465 1 8.2702e-02
+8.93251e+04 -1.04252e+04 7010466 1 8.1508e-02
+9.03808e+04 -1.04256e+04 7010467 1 8.0784e-02
+4.93132e+04 -8.84869e+03 7010468 1 2.3159e-01
+5.04294e+04 -8.86271e+03 7010469 1 2.2835e-01
+5.15424e+04 -8.87622e+03 7010470 1 2.2502e-01
+5.26523e+04 -8.88922e+03 7010471 1 2.2159e-01
+5.37592e+04 -8.90170e+03 7010472 1 2.1805e-01
+5.48631e+04 -8.91367e+03 7010473 1 2.1434e-01
+5.59644e+04 -8.92512e+03 7010474 1 2.1050e-01
+5.70630e+04 -8.93605e+03 7010475 1 2.0653e-01
+5.81591e+04 -8.94648e+03 7010476 1 2.0239e-01
+5.92528e+04 -8.95641e+03 7010477 1 1.9809e-01
+6.03443e+04 -8.96585e+03 7010478 1 1.9367e-01
+6.14336e+04 -8.97479e+03 7010479 1 1.8914e-01
+6.25209e+04 -8.98327e+03 7010480 1 1.8449e-01
+6.36062e+04 -8.99128e+03 7010481 1 1.7972e-01
+6.46898e+04 -8.99883e+03 7010482 1 1.7484e-01
+6.57716e+04 -9.00595e+03 7010483 1 1.6990e-01
+6.68517e+04 -9.01263e+03 7010484 1 1.6488e-01
+6.79304e+04 -9.01890e+03 7010485 1 1.5976e-01
+6.90076e+04 -9.02477e+03 7010486 1 1.5464e-01
+7.00836e+04 -9.03026e+03 7010487 1 1.4946e-01
+7.11582e+04 -9.03537e+03 7010488 1 1.4425e-01
+7.22317e+04 -9.04011e+03 7010489 1 1.3902e-01
+7.33041e+04 -9.04452e+03 7010490 1 1.3380e-01
+7.43756e+04 -9.04858e+03 7010491 1 1.2862e-01
+7.54461e+04 -9.05233e+03 7010492 1 1.2346e-01
+7.65157e+04 -9.05577e+03 7010493 1 1.1838e-01
+7.75846e+04 -9.05892e+03 7010494 1 1.1337e-01
+7.86527e+04 -9.06178e+03 7010495 1 1.0847e-01
+7.97202e+04 -9.06438e+03 7010496 1 1.0371e-01
+8.07872e+04 -9.06670e+03 7010497 1 9.9132e-02
+8.18536e+04 -9.06878e+03 7010498 1 9.4759e-02
+8.29195e+04 -9.07062e+03 7010499 1 9.0641e-02
+8.39850e+04 -9.07222e+03 7010500 1 8.6822e-02
+8.50502e+04 -9.07359e+03 7010501 1 8.3351e-02
+8.61150e+04 -9.07474e+03 7010502 1 8.0284e-02
+8.71797e+04 -9.07567e+03 7010503 1 7.7683e-02
+8.82441e+04 -9.07639e+03 7010504 1 7.5588e-02
+8.93083e+04 -9.07690e+03 7010505 1 7.4053e-02
+9.03725e+04 -9.07720e+03 7010506 1 7.3119e-02
+4.90298e+04 -7.56888e+03 7010507 1 2.4446e-01
+5.01493e+04 -7.57944e+03 7010508 1 2.4097e-01
+5.12659e+04 -7.58960e+03 7010509 1 2.3743e-01
+5.23797e+04 -7.59938e+03 7010510 1 2.3374e-01
+5.34908e+04 -7.60877e+03 7010511 1 2.2991e-01
+5.45994e+04 -7.61776e+03 7010512 1 2.2592e-01
+5.57056e+04 -7.62636e+03 7010513 1 2.2173e-01
+5.68094e+04 -7.63458e+03 7010514 1 2.1741e-01
+5.79109e+04 -7.64240e+03 7010515 1 2.1292e-01
+5.90104e+04 -7.64985e+03 7010516 1 2.0828e-01
+6.01078e+04 -7.65692e+03 7010517 1 2.0346e-01
+6.12033e+04 -7.66362e+03 7010518 1 1.9851e-01
+6.22971e+04 -7.66996e+03 7010519 1 1.9340e-01
+6.33891e+04 -7.67595e+03 7010520 1 1.8819e-01
+6.44794e+04 -7.68160e+03 7010521 1 1.8285e-01
+6.55683e+04 -7.68691e+03 7010522 1 1.7739e-01
+6.66557e+04 -7.69190e+03 7010523 1 1.7182e-01
+6.77418e+04 -7.69658e+03 7010524 1 1.6620e-01
+6.88266e+04 -7.70095e+03 7010525 1 1.6046e-01
+6.99102e+04 -7.70503e+03 7010526 1 1.5469e-01
+7.09927e+04 -7.70883e+03 7010527 1 1.4886e-01
+7.20742e+04 -7.71236e+03 7010528 1 1.4300e-01
+7.31548e+04 -7.71563e+03 7010529 1 1.3711e-01
+7.42344e+04 -7.71864e+03 7010530 1 1.3124e-01
+7.53133e+04 -7.72142e+03 7010531 1 1.2536e-01
+7.63913e+04 -7.72397e+03 7010532 1 1.1952e-01
+7.74687e+04 -7.72630e+03 7010533 1 1.1375e-01
+7.85455e+04 -7.72841e+03 7010534 1 1.0806e-01
+7.96217e+04 -7.73033e+03 7010535 1 1.0249e-01
+8.06974e+04 -7.73205e+03 7010536 1 9.7078e-02
+8.17726e+04 -7.73358e+03 7010537 1 9.1865e-02
+8.28474e+04 -7.73493e+03 7010538 1 8.6898e-02
+8.39218e+04 -7.73611e+03 7010539 1 8.2236e-02
+8.49960e+04 -7.73712e+03 7010540 1 7.7949e-02
+8.60698e+04 -7.73796e+03 7010541 1 7.4108e-02
+8.71435e+04 -7.73865e+03 7010542 1 7.0798e-02
+8.82170e+04 -7.73918e+03 7010543 1 6.8106e-02
+8.92903e+04 -7.73955e+03 7010544 1 6.6114e-02
+9.03636e+04 -7.73977e+03 7010545 1 6.4891e-02
+4.87264e+04 -6.29325e+03 7010546 1 2.5913e-01
+4.98493e+04 -6.30077e+03 7010547 1 2.5545e-01
+5.09696e+04 -6.30801e+03 7010548 1 2.5161e-01
+5.20876e+04 -6.31496e+03 7010549 1 2.4763e-01
+5.32032e+04 -6.32164e+03 7010550 1 2.4345e-01
+5.43166e+04 -6.32803e+03 7010551 1 2.3912e-01
+5.54280e+04 -6.33414e+03 7010552 1 2.3461e-01
+5.65373e+04 -6.33997e+03 7010553 1 2.2990e-01
+5.76446e+04 -6.34552e+03 7010554 1 2.2500e-01
+5.87502e+04 -6.35080e+03 7010555 1 2.1992e-01
+5.98540e+04 -6.35581e+03 7010556 1 2.1468e-01
+6.09561e+04 -6.36055e+03 7010557 1 2.0928e-01
+6.20567e+04 -6.36503e+03 7010558 1 2.0370e-01
+6.31559e+04 -6.36927e+03 7010559 1 1.9799e-01
+6.42536e+04 -6.37325e+03 7010560 1 1.9213e-01
+6.53500e+04 -6.37700e+03 7010561 1 1.8616e-01
+6.64451e+04 -6.38051e+03 7010562 1 1.8004e-01
+6.75391e+04 -6.38380e+03 7010563 1 1.7382e-01
+6.86321e+04 -6.38688e+03 7010564 1 1.6753e-01
+6.97240e+04 -6.38974e+03 7010565 1 1.6112e-01
+7.08149e+04 -6.39241e+03 7010566 1 1.5466e-01
+7.19050e+04 -6.39488e+03 7010567 1 1.4811e-01
+7.29942e+04 -6.39717e+03 7010568 1 1.4154e-01
+7.40827e+04 -6.39928e+03 7010569 1 1.3493e-01
+7.51705e+04 -6.40122e+03 7010570 1 1.2831e-01
+7.62577e+04 -6.40300e+03 7010571 1 1.2170e-01
+7.73442e+04 -6.40462e+03 7010572 1 1.1512e-01
+7.84302e+04 -6.40609e+03 7010573 1 1.0860e-01
+7.95158e+04 -6.40743e+03 7010574 1 1.0216e-01
+8.06009e+04 -6.40862e+03 7010575 1 9.5848e-02
+8.16856e+04 -6.40968e+03 7010576 1 8.9696e-02
+8.27699e+04 -6.41062e+03 7010577 1 8.3768e-02
+8.38539e+04 -6.41144e+03 7010578 1 7.8126e-02
+8.49377e+04 -6.41214e+03 7010579 1 7.2854e-02
+8.60213e+04 -6.41272e+03 7010580 1 6.8051e-02
+8.71046e+04 -6.41319e+03 7010581 1 6.3844e-02
+8.81878e+04 -6.41356e+03 7010582 1 6.0356e-02
+8.92709e+04 -6.41382e+03 7010583 1 5.7731e-02
+9.03539e+04 -6.41397e+03 7010584 1 5.6101e-02
+4.84017e+04 -5.02192e+03 7010585 1 2.7631e-01
+4.95281e+04 -5.02685e+03 7010586 1 2.7229e-01
+5.06524e+04 -5.03161e+03 7010587 1 2.6810e-01
+5.17748e+04 -5.03617e+03 7010588 1 2.6377e-01
+5.28952e+04 -5.04055e+03 7010589 1 2.5920e-01
+5.40138e+04 -5.04474e+03 7010590 1 2.5446e-01
+5.51306e+04 -5.04874e+03 7010591 1 2.4952e-01
+5.62458e+04 -5.05255e+03 7010592 1 2.4435e-01
+5.73593e+04 -5.05618e+03 7010593 1 2.3901e-01
+5.84714e+04 -5.05963e+03 7010594 1 2.3350e-01
+5.95820e+04 -5.06290e+03 7010595 1 2.2776e-01
+6.06912e+04 -5.06599e+03 7010596 1 2.2184e-01
+6.17991e+04 -5.06891e+03 7010597 1 2.1576e-01
+6.29059e+04 -5.07167e+03 7010598 1 2.0950e-01
+6.40114e+04 -5.07426e+03 7010599 1 2.0309e-01
+6.51159e+04 -5.07669e+03 7010600 1 1.9652e-01
+6.62194e+04 -5.07897e+03 7010601 1 1.8982e-01
+6.73219e+04 -5.08110e+03 7010602 1 1.8299e-01
+6.84235e+04 -5.08308e+03 7010603 1 1.7604e-01
+6.95243e+04 -5.08494e+03 7010604 1 1.6900e-01
+7.06243e+04 -5.08665e+03 7010605 1 1.6185e-01
+7.17235e+04 -5.08825e+03 7010606 1 1.5462e-01
+7.28221e+04 -5.08972e+03 7010607 1 1.4732e-01
+7.39201e+04 -5.09107e+03 7010608 1 1.3996e-01
+7.50175e+04 -5.09232e+03 7010609 1 1.3258e-01
+7.61143e+04 -5.09346e+03 7010610 1 1.2517e-01
+7.72107e+04 -5.09450e+03 7010611 1 1.1774e-01
+7.83067e+04 -5.09544e+03 7010612 1 1.1035e-01
+7.94022e+04 -5.09629e+03 7010613 1 1.0299e-01
+8.04974e+04 -5.09705e+03 7010614 1 9.5725e-02
+8.15922e+04 -5.09773e+03 7010615 1 8.8564e-02
+8.26868e+04 -5.09832e+03 7010616 1 8.1574e-02
+8.37811e+04 -5.09884e+03 7010617 1 7.4823e-02
+8.48752e+04 -5.09928e+03 7010618 1 6.8398e-02
+8.59692e+04 -5.09965e+03 7010619 1 6.2417e-02
+8.70629e+04 -5.09995e+03 7010620 1 5.7042e-02
+8.81566e+04 -5.10018e+03 7010621 1 5.2465e-02
+8.92501e+04 -5.10035e+03 7010622 1 4.8928e-02
+9.03436e+04 -5.10045e+03 7010623 1 4.6680e-02
+4.80545e+04 -3.75498e+03 7010624 1 2.9714e-01
+4.91847e+04 -3.75784e+03 7010625 1 2.9274e-01
+5.03132e+04 -3.76059e+03 7010626 1 2.8810e-01
+5.14402e+04 -3.76322e+03 7010627 1 2.8331e-01
+5.25656e+04 -3.76575e+03 7010628 1 2.7825e-01
+5.36897e+04 -3.76817e+03 7010629 1 2.7302e-01
+5.48124e+04 -3.77047e+03 7010630 1 2.6753e-01
+5.59338e+04 -3.77267e+03 7010631 1 2.6185e-01
+5.70540e+04 -3.77476e+03 7010632 1 2.5595e-01
+5.81730e+04 -3.77674e+03 7010633 1 2.4984e-01
+5.92908e+04 -3.77861e+03 7010634 1 2.4353e-01
+6.04076e+04 -3.78038e+03 7010635 1 2.3701e-01
+6.15234e+04 -3.78205e+03 7010636 1 2.3031e-01
+6.26383e+04 -3.78362e+03 7010637 1 2.2343e-01
+6.37523e+04 -3.78510e+03 7010638 1 2.1639e-01
+6.48654e+04 -3.78649e+03 7010639 1 2.0917e-01
+6.59778e+04 -3.78778e+03 7010640 1 2.0181e-01
+6.70894e+04 -3.78899e+03 7010641 1 1.9429e-01
+6.82003e+04 -3.79012e+03 7010642 1 1.8665e-01
+6.93105e+04 -3.79117e+03 7010643 1 1.7889e-01
+7.04202e+04 -3.79214e+03 7010644 1 1.7100e-01
+7.15293e+04 -3.79303e+03 7010645 1 1.6303e-01
+7.26379e+04 -3.79386e+03 7010646 1 1.5496e-01
+7.37460e+04 -3.79462e+03 7010647 1 1.4683e-01
+7.48537e+04 -3.79532e+03 7010648 1 1.3861e-01
+7.59610e+04 -3.79596e+03 7010649 1 1.3035e-01
+7.70679e+04 -3.79654e+03 7010650 1 1.2206e-01
+7.81744e+04 -3.79706e+03 7010651 1 1.1375e-01
+7.92807e+04 -3.79753e+03 7010652 1 1.0543e-01
+8.03867e+04 -3.79796e+03 7010653 1 9.7150e-02
+8.14924e+04 -3.79833e+03 7010654 1 8.8913e-02
+8.25979e+04 -3.79866e+03 7010655 1 8.0782e-02
+8.37032e+04 -3.79895e+03 7010656 1 7.2805e-02
+8.48084e+04 -3.79919e+03 7010657 1 6.5063e-02
+8.59134e+04 -3.79940e+03 7010658 1 5.7668e-02
+8.70183e+04 -3.79956e+03 7010659 1 5.0798e-02
+8.81231e+04 -3.79969e+03 7010660 1 4.4706e-02
+8.92279e+04 -3.79978e+03 7010661 1 3.9773e-02
+9.03326e+04 -3.79983e+03 7010662 1 3.6508e-02
+4.76835e+04 -2.49256e+03 7010663 1 3.1799e-01
+4.88175e+04 -2.49388e+03 7010664 1 3.1455e-01
+4.99505e+04 -2.49514e+03 7010665 1 3.1069e-01
+5.10824e+04 -2.49635e+03 7010666 1 3.0642e-01
+5.22133e+04 -2.49751e+03 7010667 1 3.0175e-01
+5.33433e+04 -2.49862e+03 7010668 1 2.9671e-01
+5.44722e+04 -2.49967e+03 7010669 1 2.9131e-01
+5.56003e+04 -2.50067e+03 7010670 1 2.8513e-01
+5.67275e+04 -2.50162e+03 7010671 1 2.7848e-01
+5.78539e+04 -2.50252e+03 7010672 1 2.7162e-01
+5.89796e+04 -2.50337e+03 7010673 1 2.6455e-01
+6.01045e+04 -2.50417e+03 7010674 1 2.5726e-01
+6.12287e+04 -2.50492e+03 7010675 1 2.4979e-01
+6.23523e+04 -2.50563e+03 7010676 1 2.4213e-01
+6.34753e+04 -2.50630e+03 7010677 1 2.3428e-01
+6.45977e+04 -2.50692e+03 7010678 1 2.2625e-01
+6.57195e+04 -2.50749e+03 7010679 1 2.1805e-01
+6.68409e+04 -2.50803e+03 7010680 1 2.0970e-01
+6.79617e+04 -2.50853e+03 7010681 1 2.0121e-01
+6.90822e+04 -2.50900e+03 7010682 1 1.9261e-01
+7.02022e+04 -2.50943e+03 7010683 1 1.8385e-01
+7.13218e+04 -2.50982e+03 7010684 1 1.7498e-01
+7.24411e+04 -2.51019e+03 7010685 1 1.6601e-01
+7.35601e+04 -2.51052e+03 7010686 1 1.5695e-01
+7.46788e+04 -2.51083e+03 7010687 1 1.4779e-01
+7.57972e+04 -2.51110e+03 7010688 1 1.3856e-01
+7.69153e+04 -2.51135e+03 7010689 1 1.2926e-01
+7.80332e+04 -2.51158e+03 7010690 1 1.1992e-01
+7.91509e+04 -2.51179e+03 7010691 1 1.1053e-01
+8.02684e+04 -2.51197e+03 7010692 1 1.0112e-01
+8.13858e+04 -2.51213e+03 7010693 1 9.1704e-02
+8.25030e+04 -2.51227e+03 7010694 1 8.2309e-02
+8.36201e+04 -2.51239e+03 7010695 1 7.2963e-02
+8.47370e+04 -2.51250e+03 7010696 1 6.3714e-02
+8.58539e+04 -2.51258e+03 7010697 1 5.4640e-02
+8.69707e+04 -2.51265e+03 7010698 1 4.5868e-02
+8.80875e+04 -2.51271e+03 7010699 1 3.7631e-02
+8.92041e+04 -2.51274e+03 7010700 1 3.0379e-02
+9.03208e+04 -2.51277e+03 7010701 1 2.5025e-02
+4.72872e+04 -1.23476e+03 7010702 1 3.3816e-01
+4.84255e+04 -1.23511e+03 7010703 1 3.3450e-01
+4.95632e+04 -1.23545e+03 7010704 1 3.3037e-01
+5.07004e+04 -1.23577e+03 7010705 1 3.2581e-01
+5.18370e+04 -1.23607e+03 7010706 1 3.2083e-01
+5.29732e+04 -1.23637e+03 7010707 1 3.1543e-01
+5.41089e+04 -1.23664e+03 7010708 1 3.0966e-01
+5.52441e+04 -1.23690e+03 7010709 1 3.0351e-01
+5.63789e+04 -1.23715e+03 7010710 1 2.9701e-01
+5.75132e+04 -1.23738e+03 7010711 1 2.9018e-01
+5.86472e+04 -1.23760e+03 7010712 1 2.8303e-01
+5.97808e+04 -1.23781e+03 7010713 1 2.7559e-01
+6.09140e+04 -1.23800e+03 7010714 1 2.6786e-01
+6.20469e+04 -1.23818e+03 7010715 1 2.5986e-01
+6.31795e+04 -1.23835e+03 7010716 1 2.5162e-01
+6.43118e+04 -1.23851e+03 7010717 1 2.4314e-01
+6.54439e+04 -1.23865e+03 7010718 1 2.3445e-01
+6.65756e+04 -1.23879e+03 7010719 1 2.2554e-01
+6.77072e+04 -1.23891e+03 7010720 1 2.1645e-01
+6.88385e+04 -1.23902e+03 7010721 1 2.0718e-01
+6.99696e+04 -1.23913e+03 7010722 1 1.9774e-01
+7.11005e+04 -1.23923e+03 7010723 1 1.8815e-01
+7.22312e+04 -1.23931e+03 7010724 1 1.7842e-01
+7.33618e+04 -1.23939e+03 7010725 1 1.6856e-01
+7.44922e+04 -1.23946e+03 7010726 1 1.5858e-01
+7.56224e+04 -1.23953e+03 7010727 1 1.4849e-01
+7.67526e+04 -1.23959e+03 7010728 1 1.3831e-01
+7.78826e+04 -1.23964e+03 7010729 1 1.2804e-01
+7.90126e+04 -1.23969e+03 7010730 1 1.1769e-01
+8.01424e+04 -1.23973e+03 7010731 1 1.0727e-01
+8.12721e+04 -1.23976e+03 7010732 1 9.6793e-02
+8.24018e+04 -1.23980e+03 7010733 1 8.6271e-02
+8.35314e+04 -1.23982e+03 7010734 1 7.5713e-02
+8.46610e+04 -1.23985e+03 7010735 1 6.5136e-02
+8.57905e+04 -1.23987e+03 7010736 1 5.4559e-02
+8.69200e+04 -1.23988e+03 7010737 1 4.4018e-02
+8.80494e+04 -1.23989e+03 7010738 1 3.3581e-02
+8.91788e+04 -1.23990e+03 7010739 1 2.3425e-02
+9.03082e+04 -1.23991e+03 7010740 1 1.4206e-02
