+1.77526e+01 -9.99777e+04 10000 0 1.1458e-01
+1.15392e+03 -9.99777e+04 10001 0 3.4763e-01
+2.29012e+03 -9.99777e+04 10002 0 6.5992e-01
+3.42639e+03 -9.99777e+04 10003 0 9.7567e-01
+4.56277e+03 -9.99778e+04 10004 0 1.2890e+00
+5.69929e+03 -9.99779e+04 10005 0 1.5975e+00
+6.83599e+03 -9.99780e+04 10006 0 1.8995e+00
+7.97290e+03 -9.99781e+04 10007 0 2.1935e+00
+9.11006e+03 -9.99783e+04 10008 0 2.4778e+00
+1.02475e+04 -9.99784e+04 10009 0 2.7511e+00
+1.13852e+04 -9.99786e+04 10010 0 3.0117e+00
+1.25233e+04 -9.99788e+04 10011 0 3.2583e+00
+1.36618e+04 -9.99790e+04 10012 0 3.4894e+00
+1.48007e+04 -9.99792e+04 10013 0 3.7037e+00
+1.59400e+04 -9.99794e+04 10014 0 3.8998e+00
+1.70797e+04 -9.99797e+04 10015 0 4.0768e+00
+1.82198e+04 -9.99799e+04 10016 0 4.2337e+00
+1.93604e+04 -9.99802e+04 10017 0 4.3697e+00
+2.05015e+04 -9.99804e+04 10018 0 4.4844e+00
+2.16429e+04 -9.99807e+04 10019 0 4.5776e+00
+2.27848e+04 -9.99809e+04 10020 0 4.6492e+00
+2.39272e+04 -9.99812e+04 10021 0 4.6997e+00
+2.50698e+04 -9.99814e+04 10022 0 4.7296e+00
+2.62129e+04 -9.99816e+04 10023 0 4.7398e+00
+2.73562e+04 -9.99818e+04 10024 0 4.7314e+00
+2.84999e+04 -9.99820e+04 10025 0 4.7055e+00
+2.96438e+04 -9.99822e+04 10026 0 4.6636e+00
+3.07879e+04 -9.99823e+04 10027 0 4.6071e+00
+3.19322e+04 -9.99825e+04 10028 0 4.5376e+00
+3.30767e+04 -9.99826e+04 10029 0 4.4566e+00
+3.42214e+04 -9.99827e+04 10030 0 4.3656e+00
+3.53661e+04 -9.99827e+04 10031 0 4.2662e+00
+3.65110e+04 -9.99828e+04 10032 0 4.1596e+00
+3.76559e+04 -9.99829e+04 10033 0 4.0473e+00
+3.88008e+04 -9.99829e+04 10034 0 3.9305e+00
+3.99458e+04 -9.99829e+04 10035 0 3.8103e+00
+4.10908e+04 -9.99830e+04 10036 0 3.6876e+00
+4.22359e+04 -9.99830e+04 10037 0 3.5635e+00
+4.33809e+04 -9.99830e+04 10038 0 3.4386e+00
+4.45259e+04 -9.99830e+04 10039 0 3.3137e+00
+4.56709e+04 -9.99830e+04 10040 0 3.1894e+00
+1.19846e+01 -9.83952e+04 10041 0 4.6485e-01
+7.79061e+02 -9.83959e+04 10042 0 5.2422e-01
+1.54743e+03 -9.83979e+04 10043 0 6.6760e-01
+2.31802e+03 -9.84010e+04 10044 0 8.5238e-01
+3.09207e+03 -9.84053e+04 10045 0 1.0559e+00
+3.87094e+03 -9.84109e+04 10046 0 1.2678e+00
+4.65560e+03 -9.84177e+04 10047 0 1.4830e+00
+5.44727e+03 -9.84258e+04 10048 0 1.6986e+00
+6.24749e+03 -9.84351e+04 10049 0 1.9126e+00
+7.05735e+03 -9.84455e+04 10050 0 2.1236e+00
+7.87803e+03 -9.84572e+04 10051 0 2.3307e+00
+8.71116e+03 -9.84700e+04 10052 0 2.5325e+00
+9.55809e+03 -9.84839e+04 10053 0 2.7281e+00
+1.04201e+04 -9.84989e+04 10054 0 2.9166e+00
+1.12984e+04 -9.85149e+04 10055 0 3.0971e+00
+1.21949e+04 -9.85318e+04 10056 0 3.2685e+00
+1.31107e+04 -9.85494e+04 10057 0 3.4298e+00
+1.40472e+04 -9.85678e+04 10058 0 3.5800e+00
+1.50057e+04 -9.85867e+04 10059 0 3.7181e+00
+1.59872e+04 -9.86059e+04 10060 0 3.8431e+00
+1.69929e+04 -9.86253e+04 10061 0 3.9541e+00
+1.80236e+04 -9.86447e+04 10062 0 4.0501e+00
+1.90799e+04 -9.86638e+04 10063 0 4.1302e+00
+2.01622e+04 -9.86824e+04 10064 0 4.1940e+00
+2.12704e+04 -9.87003e+04 10065 0 4.2408e+00
+2.24041e+04 -9.87174e+04 10066 0 4.2705e+00
+2.35627e+04 -9.87333e+04 10067 0 4.2830e+00
+2.47451e+04 -9.87481e+04 10068 0 4.2785e+00
+2.59502e+04 -9.87616e+04 10069 0 4.3368e+00
+2.71769e+04 -9.87739e+04 10070 0 4.3635e+00
+2.84226e+04 -9.87850e+04 10071 0 4.3546e+00
+2.96849e+04 -9.87947e+04 10072 0 4.3169e+00
+3.09613e+04 -9.88032e+04 10073 0 4.2566e+00
+3.22495e+04 -9.88103e+04 10074 0 4.1778e+00
+3.35472e+04 -9.88161e+04 10075 0 4.0845e+00
+3.48523e+04 -9.88208e+04 10076 0 3.9791e+00
+3.61629e+04 -9.88244e+04 10077 0 3.8646e+00
+3.74771e+04 -9.88270e+04 10078 0 3.7432e+00
+3.87935e+04 -9.88287e+04 10079 0 3.6170e+00
+4.01107e+04 -9.88297e+04 10080 0 3.4873e+00
+4.14276e+04 -9.88300e+04 10081 0 3.3560e+00
+7.96247e+00 -9.60497e+04 10082 0 8.2671e-01
+5.17687e+02 -9.60528e+04 10083 0 8.4696e-01
+1.02874e+03 -9.60591e+04 10084 0 9.0330e-01
+1.54273e+03 -9.60700e+04 10085 0 9.8787e-01
+2.06071e+03 -9.60849e+04 10086 0 1.0931e+00
+2.58454e+03 -9.61043e+04 10087 0 1.2128e+00
+3.11523e+03 -9.61276e+04 10088 0 1.3429e+00
+3.65478e+03 -9.61553e+04 10089 0 1.4802e+00
+4.20431e+03 -9.61869e+04 10090 0 1.6227e+00
+4.76594e+03 -9.62226e+04 10091 0 1.7689e+00
+5.34096e+03 -9.62620e+04 10092 0 1.9172e+00
+5.93153e+03 -9.63056e+04 10093 0 2.0655e+00
+6.53899e+03 -9.63529e+04 10094 0 2.2132e+00
+7.16573e+03 -9.64042e+04 10095 0 2.3595e+00
+7.81326e+03 -9.64591e+04 10096 0 2.5037e+00
+8.48411e+03 -9.65176e+04 10097 0 2.6449e+00
+9.18014e+03 -9.65795e+04 10098 0 2.7825e+00
+9.90361e+03 -9.66445e+04 10099 0 2.9156e+00
+1.06571e+04 -9.67123e+04 10100 0 3.0434e+00
+1.14425e+04 -9.67825e+04 10101 0 3.1651e+00
+1.22625e+04 -9.68548e+04 10102 0 3.2798e+00
+1.31195e+04 -9.69287e+04 10103 0 3.3865e+00
+1.40155e+04 -9.70035e+04 10104 0 3.4841e+00
+1.49528e+04 -9.70787e+04 10105 0 3.5718e+00
+1.59333e+04 -9.71534e+04 10106 0 3.6484e+00
+1.69586e+04 -9.72269e+04 10107 0 3.7128e+00
+1.80300e+04 -9.72984e+04 10108 0 3.7641e+00
+1.91481e+04 -9.73670e+04 10109 0 3.8015e+00
+2.03130e+04 -9.74320e+04 10110 0 3.8241e+00
+2.15240e+04 -9.74925e+04 10111 0 3.8316e+00
+2.27842e+04 -9.75482e+04 10112 0 4.0024e+00
+2.40913e+04 -9.75993e+04 10113 0 4.0560e+00
+2.54385e+04 -9.76451e+04 10114 0 4.0579e+00
+2.68208e+04 -9.76854e+04 10115 0 4.0279e+00
+2.82331e+04 -9.77199e+04 10116 0 3.9743e+00
+2.96705e+04 -9.77488e+04 10117 0 3.9017e+00
+3.11278e+04 -9.77723e+04 10118 0 3.8138e+00
+3.26001e+04 -9.77907e+04 10119 0 3.7143e+00
+3.40832e+04 -9.78046e+04 10120 0 3.6048e+00
+3.55729e+04 -9.78143e+04 10121 0 3.4887e+00
+3.70659e+04 -9.78206e+04 10122 0 3.3673e+00
+5.34544e+00 -9.25526e+04 10123 0 1.2174e+00
+3.47602e+02 -9.25606e+04 10124 0 1.2252e+00
+6.90942e+02 -9.25752e+04 10125 0 1.2483e+00
+1.03682e+03 -9.26002e+04 10126 0 1.2847e+00
+1.38649e+03 -9.26356e+04 10127 0 1.3326e+00
+1.74095e+03 -9.26804e+04 10128 0 1.3899e+00
+2.10169e+03 -9.27350e+04 10129 0 1.4548e+00
+2.47022e+03 -9.27995e+04 10130 0 1.5260e+00
+2.84760e+03 -9.28731e+04 10131 0 1.6024e+00
+3.23550e+03 -9.29560e+04 10132 0 1.6830e+00
+3.63566e+03 -9.30481e+04 10133 0 1.7674e+00
+4.04938e+03 -9.31487e+04 10134 0 1.8547e+00
+4.47871e+03 -9.32578e+04 10135 0 1.9448e+00
+4.92563e+03 -9.33751e+04 10136 0 2.0373e+00
+5.39192e+03 -9.34998e+04 10137 0 2.1319e+00
+5.88029e+03 -9.36318e+04 10138 0 2.2284e+00
+6.39282e+03 -9.37703e+04 10139 0 2.3266e+00
+6.93212e+03 -9.39153e+04 10140 0 2.4247e+00
+7.50033e+03 -9.40664e+04 10141 0 2.5232e+00
+8.10059e+03 -9.42231e+04 10142 0 2.6218e+00
+8.73575e+03 -9.43844e+04 10143 0 2.7205e+00
+9.40959e+03 -9.45496e+04 10144 0 2.8186e+00
+1.01255e+04 -9.47176e+04 10145 0 2.9162e+00
+1.08880e+04 -9.48873e+04 10146 0 3.0130e+00
+1.17014e+04 -9.50575e+04 10147 0 3.1019e+00
+1.25674e+04 -9.52282e+04 10148 0 3.1731e+00
+1.34885e+04 -9.53983e+04 10149 0 3.2367e+00
+1.44679e+04 -9.55661e+04 10150 0 3.2914e+00
+1.55084e+04 -9.57299e+04 10151 0 3.3362e+00
+1.66121e+04 -9.58879e+04 10152 0 3.3699e+00
+1.77806e+04 -9.60380e+04 10153 0 3.3915e+00
+1.90145e+04 -9.61785e+04 10154 0 3.4002e+00
+2.03243e+04 -9.63079e+04 10155 0 3.6477e+00
+2.17087e+04 -9.64264e+04 10156 0 3.6870e+00
+2.31539e+04 -9.65324e+04 10157 0 3.6839e+00
+2.46531e+04 -9.66251e+04 10158 0 3.6541e+00
+2.61993e+04 -9.67039e+04 10159 0 3.6040e+00
+2.77844e+04 -9.67690e+04 10160 0 3.5363e+00
+2.94004e+04 -9.68210e+04 10161 0 3.4545e+00
+3.10392e+04 -9.68609e+04 10162 0 3.3612e+00
+3.26933e+04 -9.68901e+04 10163 0 3.2581e+00
+3.78284e+00 -8.74734e+04 10164 0 1.5603e+00
+2.46004e+02 -8.74899e+04 10165 0 1.5634e+00
+4.89015e+02 -8.75182e+04 10166 0 1.5734e+00
+7.33835e+02 -8.75654e+04 10167 0 1.5893e+00
+9.81469e+02 -8.76321e+04 10168 0 1.6108e+00
+1.23291e+03 -8.77184e+04 10169 0 1.6371e+00
+1.48898e+03 -8.78226e+04 10170 0 1.6678e+00
+1.75073e+03 -8.79446e+04 10171 0 1.7021e+00
+2.01938e+03 -8.80843e+04 10172 0 1.7397e+00
+2.29622e+03 -8.82418e+04 10173 0 1.7800e+00
+2.58240e+03 -8.84160e+04 10174 0 1.8229e+00
+2.87925e+03 -8.86060e+04 10175 0 1.8680e+00
+3.18842e+03 -8.88116e+04 10176 0 1.9152e+00
+3.51161e+03 -8.90323e+04 10177 0 1.9647e+00
+3.85031e+03 -8.92671e+04 10178 0 2.0159e+00
+4.20650e+03 -8.95149e+04 10179 0 2.0689e+00
+4.58266e+03 -8.97753e+04 10180 0 2.1237e+00
+4.98112e+03 -9.00468e+04 10181 0 2.1802e+00
+5.40410e+03 -9.03287e+04 10182 0 2.2389e+00
+5.85463e+03 -9.06202e+04 10183 0 2.2992e+00
+6.33562e+03 -9.09196e+04 10184 0 2.3614e+00
+6.85112e+03 -9.12256e+04 10185 0 2.4255e+00
+7.40456e+03 -9.15371e+04 10186 0 2.4902e+00
+7.99933e+03 -9.18531e+04 10187 0 2.5563e+00
+8.64022e+03 -9.21718e+04 10188 0 2.6239e+00
+9.33297e+03 -9.24910e+04 10189 0 2.6930e+00
+1.00816e+04 -9.28094e+04 10190 0 2.7561e+00
+1.08904e+04 -9.31258e+04 10191 0 2.8181e+00
+1.17653e+04 -9.34376e+04 10192 0 2.8791e+00
+1.27133e+04 -9.37415e+04 10193 0 2.9386e+00
+1.37376e+04 -9.40359e+04 10194 0 2.9690e+00
+1.48382e+04 -9.43194e+04 10195 0 2.9900e+00
+1.60183e+04 -9.45884e+04 10196 0 3.0010e+00
+1.72817e+04 -9.48397e+04 10197 0 3.1304e+00
+1.86549e+04 -9.50716e+04 10198 0 3.3007e+00
+2.01197e+04 -9.52819e+04 10199 0 3.3112e+00
+2.16638e+04 -9.54685e+04 10200 0 3.2962e+00
+2.32797e+04 -9.56294e+04 10201 0 3.2609e+00
+2.49580e+04 -9.57641e+04 10202 0 3.2082e+00
+2.66882e+04 -9.58730e+04 10203 0 3.1402e+00
+2.84587e+04 -9.59578e+04 10204 0 3.0596e+00
+3.00491e+00 -8.06882e+04 10205 0 1.7889e+00
+1.95364e+02 -8.07159e+04 10206 0 1.7901e+00
+3.88163e+02 -8.07621e+04 10207 0 1.7944e+00
+5.82014e+02 -8.08377e+04 10208 0 1.8016e+00
+7.77511e+02 -8.09437e+04 10209 0 1.8114e+00
+9.75277e+02 -8.10806e+04 10210 0 1.8235e+00
+1.17599e+03 -8.12483e+04 10211 0 1.8380e+00
+1.38022e+03 -8.14449e+04 10212 0 1.8542e+00
+1.58869e+03 -8.16694e+04 10213 0 1.8722e+00
+1.80226e+03 -8.19218e+04 10214 0 1.8918e+00
+2.02191e+03 -8.22017e+04 10215 0 1.9130e+00
+2.24877e+03 -8.25087e+04 10216 0 1.9355e+00
+2.48391e+03 -8.28415e+04 10217 0 1.9589e+00
+2.72843e+03 -8.31982e+04 10218 0 1.9834e+00
+2.98392e+03 -8.35781e+04 10219 0 2.0092e+00
+3.25210e+03 -8.39802e+04 10220 0 2.0360e+00
+3.53473e+03 -8.44033e+04 10221 0 2.0637e+00
+3.83372e+03 -8.48451e+04 10222 0 2.0924e+00
+4.15145e+03 -8.53041e+04 10223 0 2.1225e+00
+4.49041e+03 -8.57788e+04 10224 0 2.1535e+00
+4.85371e+03 -8.62674e+04 10225 0 2.1860e+00
+5.24413e+03 -8.67673e+04 10226 0 2.2197e+00
+5.66544e+03 -8.72769e+04 10227 0 2.2550e+00
+6.12196e+03 -8.77938e+04 10228 0 2.2917e+00
+6.61726e+03 -8.83155e+04 10229 0 2.3302e+00
+7.15735e+03 -8.88398e+04 10230 0 2.3705e+00
+7.74647e+03 -8.93639e+04 10231 0 2.4115e+00
+8.39125e+03 -8.98853e+04 10232 0 2.4546e+00
+9.09809e+03 -9.04008e+04 10233 0 2.4968e+00
+9.87258e+03 -9.09080e+04 10234 0 2.5390e+00
+1.07238e+04 -9.14028e+04 10235 0 2.5793e+00
+1.16560e+04 -9.18828e+04 10236 0 2.6119e+00
+1.26765e+04 -9.23437e+04 10237 0 2.6423e+00
+1.37927e+04 -9.27811e+04 10238 0 2.6527e+00
+1.50030e+04 -9.31931e+04 10239 0 2.7470e+00
+1.63330e+04 -9.35780e+04 10240 0 2.9011e+00
+1.77866e+04 -9.39285e+04 10241 0 2.9505e+00
+1.93440e+04 -9.42419e+04 10242 0 2.9379e+00
+2.09963e+04 -9.45147e+04 10243 0 2.9076e+00
+2.27347e+04 -9.47449e+04 10244 0 2.8608e+00
+2.45479e+04 -9.49326e+04 10245 0 2.7995e+00
+2.98307e+04 -7.52329e+04 2010321 1 6.6938e-01
+3.20101e+04 -7.47060e+04 2010363 1 6.9873e-01
+3.41973e+04 -7.40229e+04 2010405 1 7.1822e-01
+3.50119e+04 -7.43806e+04 2010406 1 7.4538e-01
+3.27781e+04 -7.51287e+04 2010364 1 7.3059e-01
+2.91824e+04 -7.46838e+04 2010320 1 6.3045e-01
+2.71012e+04 -7.49403e+04 2010278 1 5.9242e-01
+2.65912e+04 -7.42550e+04 2010277 1 5.5544e-01
+1.27596e+03 -7.38467e+04 10253 0 1.8861e+00
+3.13005e+04 -7.42325e+04 2010362 1 6.6354e-01
+1.46148e+03 -7.41475e+04 10254 0 1.8960e+00
+2.85974e+04 -7.40817e+04 2010319 1 5.9043e-01
+2.46544e+04 -7.41935e+04 2010235 1 5.3012e-01
+1.64887e+03 -7.44863e+04 10255 0 1.9069e+00
+1.83870e+03 -7.48633e+04 10256 0 1.9192e+00
+2.03164e+03 -7.52784e+04 10257 0 1.9322e+00
+2.22849e+03 -7.57310e+04 10258 0 1.9464e+00
+3.58787e+04 -7.46912e+04 2010407 1 7.6991e-01
+2.28152e+04 -7.38595e+04 2010193 1 5.1547e-01
+2.43017e+03 -7.62202e+04 10259 0 1.9607e+00
+2.63761e+03 -7.67435e+04 10260 0 1.9750e+00
+2.85209e+03 -7.72999e+04 10261 0 1.9905e+00
+3.07515e+03 -7.78885e+04 10262 0 2.0061e+00
+4.00603e+04 -7.41585e+04 3010390 1 8.0156e-01
+3.30849e+03 -7.85078e+04 10263 0 2.0225e+00
+3.55417e+03 -7.91559e+04 10264 0 2.0391e+00
+3.81413e+03 -7.98296e+04 10265 0 2.0559e+00
+4.09104e+03 -8.05268e+04 10266 0 2.0728e+00
+4.38785e+03 -8.12450e+04 10267 0 2.0908e+00
+4.70797e+03 -8.19816e+04 10268 0 2.1090e+00
+5.05493e+03 -8.27326e+04 10269 0 2.1275e+00
+5.43281e+03 -8.34947e+04 10270 0 2.1472e+00
+5.84690e+03 -8.42649e+04 10271 0 2.1675e+00
+6.30194e+03 -8.50383e+04 10272 0 2.1888e+00
+6.80405e+03 -8.58116e+04 10273 0 2.2107e+00
+7.36018e+03 -8.65803e+04 10274 0 2.2336e+00
+7.97689e+03 -8.73400e+04 10275 0 2.2573e+00
+8.66281e+03 -8.80861e+04 10276 0 2.2799e+00
+9.42608e+03 -8.88140e+04 10277 0 2.3027e+00
+1.02747e+04 -8.95185e+04 10278 0 2.3209e+00
+1.12185e+04 -9.01943e+04 10279 0 2.3356e+00
+1.22630e+04 -9.08368e+04 10280 0 2.3403e+00
+1.34221e+04 -9.14415e+04 10281 0 2.4730e+00
+1.47134e+04 -9.20083e+04 10282 0 2.5633e+00
+1.61410e+04 -9.25264e+04 10283 0 2.6165e+00
+1.76968e+04 -9.29897e+04 10284 0 2.5965e+00
+1.93661e+04 -9.33942e+04 10285 0 2.5606e+00
+2.11420e+04 -9.37364e+04 10286 0 2.5102e+00
+2.83257e+04 -7.61510e+04 2010280 1 6.6939e-01
+2.55786e+04 -7.56881e+04 2010237 1 5.9859e-01
+2.76790e+04 -7.55725e+04 2010279 1 6.3325e-01
+2.35566e+04 -7.55385e+04 2010195 1 5.8635e-01
+2.61483e+04 -7.63574e+04 2010238 1 6.3031e-01
+2.31505e+04 -7.47218e+04 2010194 1 5.5192e-01
+2.90413e+04 -7.66748e+04 2010281 1 7.0664e-01
+3.13196e+04 -7.61721e+04 2010323 1 7.3768e-01
+3.05433e+04 -7.57290e+04 2010322 1 7.0474e-01
+2.13333e+04 -7.41688e+04 2010152 1 5.7384e-01
+2.50811e+04 -7.49663e+04 2010236 1 5.6059e-01
+3.96712e+04 -7.67659e+04 3010314 1 8.4824e-01
+3.85407e+04 -7.66605e+04 3010313 1 8.4257e-01
+3.98307e+04 -7.54982e+04 3010352 1 8.2797e-01
+3.36043e+04 -7.55010e+04 2010365 1 7.5861e-01
+3.67960e+04 -7.49564e+04 2010408 1 7.9094e-01
+3.87743e+04 -7.53579e+04 3010351 1 8.1928e-01
+4.32344e+04 -7.57055e+04 3010355 1 8.3667e-01
+4.43937e+04 -7.45063e+04 3010394 1 8.2049e-01
+3.81290e+04 -7.37669e+04 2010449 1 7.7707e-01
+4.55603e+04 -7.45160e+04 3010395 1 8.1836e-01
+4.32577e+04 -7.44681e+04 3010393 1 8.2003e-01
+3.89356e+03 -7.42439e+04 10307 0 1.9340e+00
+4.58651e+04 -7.67990e+04 3010319 1 8.3399e-01
+4.12224e+03 -7.51445e+04 10308 0 1.9470e+00
+4.36598e+03 -7.60775e+04 10309 0 1.9602e+00
+4.62839e+03 -7.70400e+04 10310 0 1.9734e+00
+4.91325e+03 -7.80269e+04 10311 0 1.9853e+00
+5.22506e+03 -7.90335e+04 10312 0 1.9976e+00
+5.56914e+03 -8.00555e+04 10313 0 2.0102e+00
+5.95146e+03 -8.10876e+04 10314 0 2.0220e+00
+6.37832e+03 -8.21227e+04 10315 0 2.0335e+00
+6.85750e+03 -8.31553e+04 10316 0 2.0451e+00
+7.39706e+03 -8.41782e+04 10317 0 2.0554e+00
+8.00600e+03 -8.51846e+04 10318 0 2.0649e+00
+8.69384e+03 -8.61670e+04 10319 0 2.0721e+00
+9.47119e+03 -8.71180e+04 10320 0 2.0751e+00
+1.03482e+04 -8.80298e+04 10321 0 2.0733e+00
+1.13339e+04 -8.88947e+04 10322 0 2.0649e+00
+1.24516e+04 -8.97140e+04 10323 0 2.2268e+00
+1.37151e+04 -9.04774e+04 10324 0 2.2767e+00
+1.51240e+04 -9.11740e+04 10325 0 2.2999e+00
+1.66770e+04 -9.17946e+04 10326 0 2.2694e+00
+1.83577e+04 -9.23345e+04 10327 0 2.2199e+00
+2.16398e+04 -7.50804e+04 2010153 1 5.9690e-01
+2.40378e+04 -7.63060e+04 2010196 1 6.1630e-01
+2.75099e+04 -7.75312e+04 2010240 1 7.0346e-01
+1.98633e+04 -7.42668e+04 2010111 1 6.4105e-01
+2.67922e+04 -7.69721e+04 2010239 1 6.6989e-01
+2.20232e+04 -7.59496e+04 2010154 1 6.2598e-01
+3.95959e+04 -7.79617e+04 3010276 1 8.6268e-01
+4.21551e+04 -7.43989e+04 3010392 1 8.1684e-01
+3.06779e+04 -7.75588e+04 2010283 1 7.7032e-01
+3.83870e+04 -7.78902e+04 3010275 1 8.5988e-01
+2.98260e+04 -7.71439e+04 2010282 1 7.3935e-01
+3.30584e+04 -7.69026e+04 2010325 1 7.9305e-01
+3.72211e+04 -7.77802e+04 3010274 1 8.5415e-01
+3.40175e+04 -7.71922e+04 2010326 1 8.1450e-01
+3.21583e+04 -7.65630e+04 2010324 1 7.6731e-01
+4.20505e+04 -7.68697e+04 3010316 1 8.5063e-01
+3.44871e+04 -7.58242e+04 2010366 1 7.8367e-01
+4.23847e+04 -8.60133e+04 1010752 1 9.0842e-01
+4.20636e+04 -7.56695e+04 3010354 1 8.3666e-01
+3.74540e+04 -7.65160e+04 3010312 1 8.3373e-01
+3.64143e+04 -7.63299e+04 2010368 1 8.2145e-01
+4.35432e+04 -8.66462e+04 1010714 1 9.1056e-01
+4.43096e+04 -8.58521e+04 1010753 1 8.8211e-01
+3.77619e+04 -7.51781e+04 2010409 1 8.0700e-01
+4.09280e+04 -7.56013e+04 3010353 1 8.3383e-01
+4.10885e+04 -7.42965e+04 3010391 1 8.1075e-01
+5.39874e+03 -7.48947e+04 10354 0 1.8236e+00
+4.61546e+04 -7.78427e+04 3010281 1 8.3444e-01
+4.62270e+04 -8.56752e+04 1010754 1 8.5439e-01
+5.68108e+03 -7.61348e+04 10355 0 1.8345e+00
+5.99882e+03 -7.73958e+04 10356 0 1.8429e+00
+6.35926e+03 -7.86694e+04 10357 0 1.8507e+00
+6.77111e+03 -7.99477e+04 10358 0 1.8575e+00
+7.24385e+03 -8.12210e+04 10359 0 1.8611e+00
+7.78754e+03 -8.24784e+04 10360 0 1.8616e+00
+8.41376e+03 -8.37098e+04 10361 0 1.8576e+00
+9.13373e+03 -8.49030e+04 10362 0 1.8482e+00
+9.95912e+03 -8.60468e+04 10363 0 1.8314e+00
+1.09084e+04 -8.71367e+04 10364 0 1.9406e+00
+1.20056e+04 -8.81683e+04 10365 0 1.9927e+00
+1.32567e+04 -8.91225e+04 10366 0 2.0098e+00
+1.46640e+04 -8.99868e+04 10367 0 2.0017e+00
+1.62220e+04 -9.07513e+04 10368 0 1.9452e+00
+2.24846e+04 -7.67726e+04 2010155 1 6.5596e-01
+2.67493e+04 -7.88306e+04 2010200 1 7.4965e-01
+2.01383e+04 -7.52364e+04 2010112 1 6.6438e-01
+3.21784e+04 -7.94786e+04 2010245 1 8.4472e-01
+2.52340e+04 -7.76822e+04 2010198 1 6.8479e-01
+3.11077e+04 -7.92005e+04 2010244 1 8.2524e-01
+2.59520e+04 -7.82858e+04 2010199 1 7.1954e-01
+2.91669e+04 -7.84792e+04 2010242 1 7.7146e-01
+3.01027e+04 -7.88679e+04 2010243 1 8.0034e-01
+2.45967e+04 -7.70214e+04 2010197 1 6.5366e-01
+2.83018e+04 -7.80338e+04 2010241 1 7.4038e-01
+3.15960e+04 -7.79196e+04 2010284 1 7.9745e-01
+3.47205e+04 -7.86929e+04 3010234 1 8.5234e-01
+3.25779e+04 -7.82277e+04 2010285 1 8.2007e-01
+3.50330e+04 -7.74337e+04 2010327 1 8.3169e-01
+3.61019e+04 -7.76289e+04 3010273 1 8.4481e-01
+4.04560e+04 -8.61542e+04 1010751 1 9.3299e-01
+4.15499e+04 -8.68024e+04 1010713 1 9.3992e-01
+4.13736e+04 -8.53379e+04 1010790 1 9.0791e-01
+4.08423e+04 -7.68347e+04 3010315 1 8.5088e-01
+4.23053e+04 -7.90634e+04 3010240 1 8.6353e-01
+3.54246e+04 -7.60999e+04 2010367 1 8.0516e-01
+4.32338e+04 -8.51923e+04 1010791 1 8.8382e-01
+4.32925e+04 -7.68736e+04 3010317 1 8.4768e-01
+4.45651e+04 -7.68491e+04 3010318 1 8.4207e-01
+4.44375e+04 -7.57117e+04 3010356 1 8.3403e-01
+4.51097e+04 -7.89269e+04 3010242 1 8.4402e-01
+4.47864e+04 -7.79201e+04 3010280 1 8.4507e-01
+4.56700e+04 -7.56907e+04 3010357 1 8.2883e-01
+4.50942e+04 -8.50276e+04 1010792 1 8.5799e-01
+4.67551e+04 -7.44996e+04 3010396 1 8.1374e-01
+6.34621e+03 -7.43210e+04 10398 0 1.6497e+00
+3.90730e+04 -7.39827e+04 2010450 1 7.8910e-01
+4.65462e+04 -7.88241e+04 3010243 1 8.3107e-01
+6.64834e+03 -7.57892e+04 10399 0 1.6566e+00
+7.00257e+03 -7.72733e+04 10400 0 1.6604e+00
+7.41947e+03 -7.87598e+04 10401 0 1.6594e+00
+7.91124e+03 -8.02355e+04 10402 0 1.6534e+00
+8.49067e+03 -8.16849e+04 10403 0 1.6398e+00
+9.17057e+03 -8.30913e+04 10404 0 1.6184e+00
+9.96759e+03 -8.44435e+04 10405 0 1.6939e+00
+1.09108e+04 -8.57408e+04 10406 0 1.7438e+00
+1.20096e+04 -8.69557e+04 10407 0 1.7542e+00
+1.32712e+04 -8.80689e+04 10408 0 1.7367e+00
+1.46968e+04 -8.90664e+04 10409 0 1.7429e+00
+2.96079e+04 -8.01042e+04 2010203 1 8.3352e-01
+2.76260e+04 -7.93153e+04 2010201 1 7.8233e-01
+2.85800e+04 -7.97396e+04 2010202 1 8.0902e-01
+2.43712e+04 -7.89216e+04 2010158 1 7.4002e-01
+2.36573e+04 -7.82623e+04 2010157 1 7.1340e-01
+2.30283e+04 -7.75448e+04 2010156 1 6.8081e-01
+3.45009e+04 -7.98798e+04 3010196 1 8.7126e-01
+2.09301e+04 -7.70589e+04 2010114 1 7.0566e-01
+1.86601e+04 -7.51525e+04 2010071 1 7.4897e-01
+3.70358e+04 -8.00928e+04 3010198 1 8.8263e-01
+3.33108e+04 -7.97042e+04 3010195 1 8.5981e-01
+3.57441e+04 -8.00083e+04 3010197 1 8.7868e-01
+2.04916e+04 -7.61692e+04 2010113 1 6.7691e-01
+1.84210e+04 -7.41150e+04 2010070 1 7.2777e-01
+3.83266e+04 -7.90483e+04 3010237 1 8.7264e-01
+3.70775e+04 -7.89718e+04 3010236 1 8.6937e-01
+3.76730e+04 -8.55518e+04 1010788 1 9.4883e-01
+3.58741e+04 -7.88543e+04 3010235 1 8.6267e-01
+3.36205e+04 -7.84848e+04 2010286 1 8.3803e-01
+3.85286e+04 -8.62690e+04 1010750 1 9.5551e-01
+3.95181e+04 -8.54597e+04 1010789 1 9.2968e-01
+3.95487e+04 -8.69364e+04 1010712 1 9.6722e-01
+3.99370e+04 -8.82833e+04 1010635 1 1.0086e+00
+4.07315e+04 -8.75591e+04 1010674 1 9.7290e-01
+4.14276e+04 -8.88442e+04 1010597 0 9.7819e-01
+4.09456e+04 -8.95123e+04 1010558 0 9.5283e-01
+4.29984e+04 -9.00196e+04 1010520 0 8.9059e-01
+4.27979e+04 -8.74098e+04 1010675 1 9.4210e-01
+4.21276e+04 -7.80005e+04 3010278 1 8.5928e-01
+4.31836e+04 -8.93718e+04 1010559 0 9.2329e-01
+4.36130e+04 -8.86935e+04 1010598 0 9.4569e-01
+4.41461e+04 -9.18545e+04 1010403 0 9.9962e-01
+4.41969e+04 -8.79829e+04 1010637 1 9.4273e-01
+4.48467e+04 -8.72425e+04 1010676 1 9.1098e-01
+4.55246e+04 -8.64733e+04 1010715 1 8.7975e-01
+4.57665e+04 -8.85279e+04 1010599 0 9.1372e-01
+4.53851e+04 -8.92159e+04 1010560 0 8.9233e-01
+4.62892e+04 -8.78091e+04 1010638 1 9.0770e-01
+7.46635e+03 -7.53508e+04 10442 0 1.4557e+00
+7.84168e+03 -7.70063e+04 10443 0 1.4495e+00
+8.29846e+03 -7.86554e+04 10444 0 1.4344e+00
+8.85042e+03 -8.02762e+04 10445 0 1.4094e+00
+9.51507e+03 -8.18535e+04 10446 0 1.4703e+00
+1.03229e+04 -8.33865e+04 10447 0 1.5158e+00
+1.12861e+04 -8.48382e+04 10448 0 1.5183e+00
+1.24141e+04 -8.61816e+04 10449 0 1.4930e+00
+1.37186e+04 -8.74011e+04 10450 0 1.5382e+00
+3.07073e+04 -8.04099e+04 2010204 1 8.5463e-01
+2.70291e+04 -8.05243e+04 2010161 1 8.2406e-01
+2.51726e+04 -7.95195e+04 2010159 1 7.6975e-01
+2.60587e+04 -8.00543e+04 2010160 1 7.9492e-01
+2.20681e+04 -7.86884e+04 2010116 1 7.4770e-01
+3.18737e+04 -8.06588e+04 3010156 1 8.7031e-01
+1.89784e+04 -7.61603e+04 2010072 1 7.6431e-01
+3.86522e+04 -8.76842e+04 1010673 1 1.0036e+00
+2.14536e+04 -7.79007e+04 2010115 1 7.2957e-01
+3.43877e+04 -8.09970e+04 3010158 1 8.8964e-01
+3.31022e+04 -8.08534e+04 3010157 1 8.8198e-01
+3.58449e+04 -8.56078e+04 1010787 1 9.6527e-01
+3.55453e+04 -8.71110e+04 1010710 1 1.0148e+00
+3.69752e+04 -8.90746e+04 1010595 0 1.0387e+00
+3.66088e+04 -8.63512e+04 1010749 1 9.7679e-01
+4.63410e+04 -9.17430e+04 1010404 0 9.5230e-01
+3.65656e+04 -8.77777e+04 1010672 1 1.0317e+00
+3.88856e+04 -9.14558e+04 1010440 0 9.9843e-01
+3.77764e+04 -8.83971e+04 1010634 1 1.0384e+00
+3.75449e+04 -8.70419e+04 1010711 1 9.9235e-01
+3.84160e+04 -9.02579e+04 1010518 0 9.5009e-01
+3.92136e+04 -8.89740e+04 1010596 0 1.0099e+00
+4.12028e+04 -9.13631e+04 1010441 0 9.5890e-01
+4.08440e+04 -7.79974e+04 3010277 1 8.6237e-01
+4.11543e+04 -8.01172e+04 3010201 1 8.7389e-01
+4.20785e+04 -8.81428e+04 1010636 1 9.7652e-01
+4.34770e+04 -9.12523e+04 1010442 0 9.1926e-01
+4.34429e+04 -7.79737e+04 3010279 1 8.5346e-01
+4.40568e+04 -7.99780e+04 3010203 1 8.5370e-01
+4.36949e+04 -7.90077e+04 3010241 1 8.5495e-01
+4.53345e+04 -9.05094e+04 1010482 0 8.5776e-01
+4.52304e+04 -8.98745e+04 1010521 0 8.6193e-01
+4.57063e+04 -9.11294e+04 1010443 0 8.8358e-01
+4.62951e+04 -9.30769e+04 1010325 0 1.2086e+00
+4.55425e+04 -7.98721e+04 3010204 1 8.4005e-01
+8.09574e+03 -7.42942e+04 10484 0 1.2545e+00
+8.44920e+03 -7.60752e+04 10485 0 1.2336e+00
+8.89353e+03 -7.78467e+04 10486 0 1.2044e+00
+9.44786e+03 -7.95925e+04 10487 0 1.2684e+00
+1.01434e+04 -8.13104e+04 10488 0 1.3035e+00
+1.09935e+04 -8.29525e+04 10489 0 1.2972e+00
+1.20079e+04 -8.44828e+04 10490 0 1.2611e+00
+1.32170e+04 -8.58948e+04 10491 0 1.3305e+00
+3.04102e+04 -8.15506e+04 3010117 1 8.8208e-01
+2.92092e+04 -8.12712e+04 2010163 1 8.6463e-01
+2.27752e+04 -7.94169e+04 2010117 1 7.7511e-01
+2.80808e+04 -8.09296e+04 2010162 1 8.4640e-01
+2.35749e+04 -8.00820e+04 2010118 1 7.9619e-01
+1.72224e+04 -7.47845e+04 2010030 1 8.5521e-01
+1.93850e+04 -7.71308e+04 2010073 1 7.6879e-01
+3.40415e+04 -8.56204e+04 1010786 1 9.7820e-01
+3.28238e+04 -8.63860e+04 1010747 1 1.0093e+00
+3.35582e+04 -8.71345e+04 1010709 1 1.0345e+00
+3.34249e+04 -8.85070e+04 1010632 1 1.0897e+00
+3.47043e+04 -8.63931e+04 1010748 1 9.9498e-01
+3.44792e+04 -8.78300e+04 1010671 1 1.0569e+00
+3.47189e+04 -8.91358e+04 1010594 0 1.0644e+00
+3.56030e+04 -8.84754e+04 1010633 1 1.0655e+00
+3.60726e+04 -9.03348e+04 1010517 0 9.7632e-01
+3.63726e+04 -8.97183e+04 1010556 0 1.0044e+00
+3.84846e+04 -9.08636e+04 1010479 0 9.5149e-01
+4.29330e+04 -9.60762e+04 1010163 0 2.2078e+00
+3.96222e+04 -9.20427e+04 1010401 0 1.0970e+00
+3.86738e+04 -8.96308e+04 1010557 0 9.7996e-01
+4.06789e+04 -9.26310e+04 1010362 0 1.2144e+00
+4.15856e+04 -9.39070e+04 1010283 0 1.5529e+00
+3.87381e+04 -8.47139e+04 3010008 1 9.2377e-01
+4.08097e+04 -9.07640e+04 1010480 0 9.2140e-01
+4.19061e+04 -9.19560e+04 1010402 0 1.0478e+00
+3.92401e+04 -8.30058e+04 3010085 1 9.0198e-01
+4.20399e+04 -9.32307e+04 1010323 0 1.3488e+00
+4.07261e+04 -9.01497e+04 1010519 0 9.2116e-01
+4.35783e+04 -9.45546e+04 1010244 0 1.6834e+00
+4.05139e+04 -8.46145e+04 3010009 1 9.0636e-01
+4.09447e+04 -7.90909e+04 3010239 1 8.6954e-01
+4.08693e+04 -8.29265e+04 3010086 1 8.8886e-01
+4.30937e+04 -9.06437e+04 1010481 0 8.9004e-01
+4.41880e+04 -9.31577e+04 1010324 0 1.2777e+00
+4.25928e+04 -8.00608e+04 3010202 1 8.6508e-01
+4.19348e+04 -8.19785e+04 3010125 1 8.7552e-01
+4.50914e+04 -9.24592e+04 1010364 0 1.0938e+00
+4.55454e+04 -9.45059e+04 1010245 0 1.5931e+00
+8.84972e+03 -7.41347e+04 10526 0 1.1162e+00
+9.20904e+03 -7.59946e+04 10527 0 1.1045e+00
+9.67887e+03 -7.78507e+04 10528 0 1.1976e+00
+1.02892e+04 -7.96933e+04 10529 0 1.2003e+00
+1.10528e+04 -8.14632e+04 10530 0 1.1543e+00
+1.19842e+04 -8.31253e+04 10531 0 1.1667e+00
+1.31270e+04 -8.46802e+04 10532 0 1.1628e+00
+2.54534e+04 -8.12080e+04 2010120 1 8.4170e-01
+2.65265e+04 -8.16659e+04 2010121 1 8.6555e-01
+2.44687e+04 -8.06796e+04 2010119 1 8.2255e-01
+2.04758e+04 -7.89307e+04 2010075 1 8.0813e-01
+1.98834e+04 -7.80566e+04 2010074 1 7.9248e-01
+3.16788e+04 -8.17705e+04 3010118 1 8.9459e-01
+3.09775e+04 -8.63201e+04 1010746 1 1.0189e+00
+3.30087e+04 -8.19344e+04 3010119 1 9.0245e-01
+3.22717e+04 -8.55817e+04 1010785 1 9.8777e-01
+3.24022e+04 -8.78302e+04 1010670 1 1.0786e+00
+3.15938e+04 -8.71019e+04 1010708 1 1.0510e+00
+3.40490e+04 -8.97633e+04 1010555 0 1.0259e+00
+3.37030e+04 -9.03686e+04 1010516 0 9.9994e-01
+3.24539e+04 -8.91442e+04 1010593 0 1.0860e+00
+3.37306e+04 -9.09627e+04 1010477 0 1.0069e+00
+3.61225e+04 -9.09337e+04 1010478 0 9.8019e-01
+3.65290e+04 -9.15225e+04 1010439 0 1.0372e+00
+3.72973e+04 -9.21079e+04 1010400 0 1.1468e+00
+3.84099e+04 -9.26950e+04 1010361 0 1.2783e+00
+3.98519e+04 -9.32922e+04 1010322 0 1.4219e+00
+4.15792e+04 -9.45971e+04 1010243 0 1.7764e+00
+4.20261e+04 -9.53126e+04 1010203 0 1.9981e+00
+3.96171e+04 -7.90869e+04 3010238 1 8.7245e-01
+4.36726e+04 -9.38506e+04 1010284 0 1.4686e+00
+4.29067e+04 -9.25507e+04 1010363 0 1.1522e+00
+4.57226e+04 -9.37870e+04 1010285 0 1.3874e+00
+9.72479e+03 -7.48404e+04 10568 0 1.1143e+00
+1.01413e+04 -7.67606e+04 10569 0 1.1744e+00
+1.06976e+04 -7.86646e+04 10570 0 1.1346e+00
+1.14041e+04 -8.04895e+04 10571 0 1.0769e+00
+1.23016e+04 -8.22375e+04 10572 0 1.1394e+00
+1.34000e+04 -8.38547e+04 10573 0 1.0908e+00
+2.76847e+04 -8.20534e+04 2010122 1 8.8314e-01
+2.89217e+04 -8.23723e+04 3010078 1 8.9629e-01
+3.02313e+04 -8.26255e+04 3010079 1 9.0863e-01
+2.19634e+04 -8.04937e+04 2010077 1 8.4136e-01
+2.11697e+04 -7.97451e+04 2010076 1 8.2079e-01
+3.05452e+04 -8.54831e+04 1010784 1 9.9333e-01
+2.96641e+04 -8.70010e+04 1010707 1 1.0641e+00
+1.74999e+04 -7.58798e+04 2010031 1 8.6791e-01
+3.03465e+04 -8.77649e+04 1010669 1 1.0963e+00
+3.01927e+04 -8.90836e+04 1010592 0 1.1030e+00
+3.12532e+04 -8.84782e+04 1010631 1 1.1109e+00
+3.17136e+04 -8.97511e+04 1010554 0 1.0445e+00
+3.25491e+04 -9.21359e+04 1010398 0 1.2471e+00
+3.13181e+04 -9.03438e+04 1010515 0 1.0196e+00
+3.41394e+04 -9.15525e+04 1010438 0 1.0749e+00
+3.49366e+04 -9.21428e+04 1010399 0 1.1966e+00
+3.73082e+04 -9.39838e+04 1010281 0 1.7264e+00
+3.61038e+04 -9.27358e+04 1010360 0 1.3427e+00
+4.11556e+04 -9.60935e+04 1010162 0 2.3179e+00
+3.95496e+04 -9.46308e+04 1010242 0 1.8715e+00
+3.52487e+04 -8.48082e+04 3010006 1 9.4999e-01
+3.94632e+04 -9.39527e+04 1010282 0 1.6390e+00
+3.76368e+04 -8.30528e+04 3010084 1 9.1207e-01
+3.81121e+04 -8.39128e+04 3010046 1 9.1807e-01
+4.42583e+04 -9.69019e+04 1010123 0 2.4301e+00
+3.97457e+04 -8.01437e+04 3010200 1 8.8002e-01
+4.39151e+04 -9.52816e+04 1010204 0 1.8942e+00
+4.03639e+04 -8.20608e+04 3010124 1 8.8784e-01
+4.35267e+04 -8.18702e+04 3010126 1 8.6074e-01
+4.57776e+04 -9.52460e+04 1010205 0 1.7932e+00
+4.58610e+04 -8.25383e+04 3010089 1 8.3530e-01
+4.58964e+04 -8.41727e+04 3010012 1 8.4100e-01
+1.03986e+04 -7.44613e+04 10609 0 1.2259e+00
+1.07967e+04 -7.63958e+04 10610 0 1.1944e+00
+1.13322e+04 -7.82889e+04 10611 0 1.1494e+00
+1.20349e+04 -8.01252e+04 10612 0 1.1958e+00
+1.29307e+04 -8.18721e+04 10613 0 1.1360e+00
+1.40258e+04 -8.34761e+04 10614 0 1.1649e+00
+2.38545e+04 -8.17737e+04 2010079 1 8.7631e-01
+2.28589e+04 -8.11714e+04 2010078 1 8.5343e-01
+3.16078e+04 -8.28164e+04 3010080 1 9.1744e-01
+1.78655e+04 -7.69459e+04 2010032 1 8.6904e-01
+2.77828e+04 -8.68185e+04 1010706 1 1.0748e+00
+2.91772e+04 -8.61849e+04 1010745 1 1.0259e+00
+2.83265e+04 -8.76190e+04 1010668 1 1.1086e+00
+2.70693e+04 -8.94765e+04 1010552 0 1.0743e+00
+2.91017e+04 -8.83726e+04 1010630 1 1.1292e+00
+2.79521e+04 -8.89338e+04 1010591 0 1.1139e+00
+2.93806e+04 -8.96630e+04 1010553 0 1.0604e+00
+2.93075e+04 -9.14440e+04 1010436 0 1.1423e+00
+2.89069e+04 -9.08324e+04 1010475 0 1.0563e+00
+2.89338e+04 -9.02405e+04 1010514 0 1.0345e+00
+3.13201e+04 -9.09353e+04 1010476 0 1.0321e+00
+3.17271e+04 -9.15322e+04 1010437 0 1.1105e+00
+3.30861e+04 -9.33508e+04 1010319 0 1.6483e+00
+3.51257e+04 -9.39946e+04 1010280 0 1.8138e+00
+3.37674e+04 -9.27445e+04 1010359 0 1.4064e+00
+3.81756e+04 -9.53534e+04 1010201 0 2.2110e+00
+3.53687e+04 -9.33595e+04 1010320 0 1.5725e+00
+3.76266e+04 -9.33373e+04 1010321 0 1.4968e+00
+4.01121e+04 -9.53373e+04 1010202 0 2.1038e+00
+4.26325e+04 -9.69131e+04 1010122 0 2.5492e+00
+3.48134e+04 -8.39497e+04 3010044 1 9.3653e-01
+3.64465e+04 -8.39518e+04 3010045 1 9.2893e-01
+4.44921e+04 -9.78147e+04 1010082 0 2.7332e+00
+3.69808e+04 -8.47804e+04 3010007 1 9.3848e-01
+3.88189e+04 -8.21131e+04 3010123 1 8.9744e-01
+4.14820e+04 -8.10788e+04 3010163 1 8.7575e-01
+4.32397e+04 -8.36047e+04 3010049 1 8.6874e-01
+4.58700e+04 -9.68885e+04 1010124 0 2.3131e+00
+4.41843e+04 -8.26886e+04 3010088 1 8.5525e-01
+4.49743e+04 -8.34545e+04 3010050 1 8.4831e-01
+1.12253e+04 -7.48882e+04 10650 0 1.3203e+00
+1.16422e+04 -7.67591e+04 10651 0 1.2794e+00
+1.22091e+04 -7.85924e+04 10652 0 1.3003e+00
+1.29544e+04 -8.03629e+04 10653 0 1.2266e+00
+1.38889e+04 -8.20188e+04 10654 0 1.2452e+00
+1.50306e+04 -8.35325e+04 10655 0 1.1708e+00
+2.74067e+04 -8.31155e+04 3010039 1 9.1979e-01
+2.61333e+04 -8.27456e+04 2010081 1 9.0620e-01
+2.49480e+04 -8.22986e+04 2010080 1 8.9069e-01
+1.83300e+04 -7.79731e+04 2010033 1 8.7161e-01
+2.88728e+04 -8.53156e+04 1010783 1 9.9521e-01
+2.74354e+04 -8.59693e+04 1010744 1 1.0323e+00
+2.63598e+04 -8.73755e+04 1010667 1 1.1192e+00
+2.69876e+04 -8.81709e+04 1010629 1 1.1449e+00
+2.57549e+04 -8.86718e+04 1010590 0 1.1178e+00
+2.48039e+04 -8.91655e+04 1010551 0 1.0849e+00
+2.65727e+04 -9.00352e+04 1010513 0 1.0390e+00
+2.65132e+04 -9.06306e+04 1010474 0 1.0797e+00
+2.69034e+04 -9.12668e+04 1010435 0 1.1645e+00
+2.77527e+04 -9.19342e+04 1010396 0 1.3477e+00
+3.01481e+04 -9.20724e+04 1010397 0 1.2977e+00
+3.14114e+04 -9.27096e+04 1010358 0 1.4685e+00
+3.18924e+04 -8.47199e+04 3010004 1 9.6302e-01
+3.93605e+04 -9.61054e+04 1010161 0 2.4298e+00
+3.74924e+04 -9.46525e+04 1010241 0 1.9681e+00
+3.32202e+04 -8.39008e+04 3010043 1 9.3969e-01
+3.35498e+04 -8.47903e+04 3010005 1 9.5836e-01
+4.53674e+04 -9.88279e+04 1010041 0 2.9613e+00
+3.45320e+04 -8.30298e+04 3010082 1 9.2238e-01
+3.58281e+04 -8.21103e+04 3010121 1 9.0698e-01
+3.60652e+04 -8.30625e+04 3010083 1 9.1911e-01
+3.71080e+04 -8.11452e+04 3010160 1 8.9415e-01
+3.85321e+04 -8.11576e+04 3010161 1 8.9128e-01
+4.46909e+04 -9.60549e+04 1010164 0 2.0995e+00
+4.15144e+04 -8.37342e+04 3010048 1 8.8727e-01
+4.59581e+04 -9.78088e+04 1010083 0 2.6088e+00
+4.23022e+04 -8.44880e+04 3010010 1 8.8661e-01
+4.25190e+04 -8.28193e+04 3010087 1 8.7322e-01
+4.51352e+04 -8.17398e+04 3010127 1 8.4382e-01
+4.67565e+04 -8.15909e+04 3010128 1 8.2503e-01
+1.18926e+04 -7.42338e+04 10690 0 1.4559e+00
+1.22392e+04 -7.60016e+04 10691 0 1.4109e+00
+1.27283e+04 -7.77555e+04 10692 0 1.3903e+00
+1.33703e+04 -7.94423e+04 10693 0 1.3189e+00
+1.41961e+04 -8.10507e+04 10694 0 1.3103e+00
+1.51985e+04 -8.25250e+04 10695 0 1.2786e+00
+1.64067e+04 -8.38574e+04 10696 1 1.2331e+00
+2.87600e+04 -8.34114e+04 3010040 1 9.2937e-01
+2.72663e+04 -8.50705e+04 1010782 1 9.9144e-01
+1.88936e+04 -7.89519e+04 2010034 1 8.8601e-01
+2.59652e+04 -8.65410e+04 1010705 1 1.0812e+00
+2.44641e+04 -8.70173e+04 1010666 1 1.1354e+00
+2.49311e+04 -8.78523e+04 1010628 1 1.1562e+00
+2.36250e+04 -8.82725e+04 1010589 0 1.1358e+00
+2.26186e+04 -8.87024e+04 1010550 0 1.0710e+00
+2.42640e+04 -8.97007e+04 1010512 0 1.0585e+00
+2.41676e+04 -9.03038e+04 1010473 0 1.0972e+00
+2.45443e+04 -9.09767e+04 1010434 0 1.2042e+00
+2.53882e+04 -9.17008e+04 1010395 0 1.3944e+00
+2.90518e+04 -9.26169e+04 1010357 0 1.5249e+00
+2.84973e+04 -9.31971e+04 1010317 0 1.7976e+00
+3.07903e+04 -9.33008e+04 1010318 0 1.7238e+00
+3.29235e+04 -9.39785e+04 1010279 0 1.8996e+00
+3.33158e+04 -9.46430e+04 1010239 0 2.1618e+00
+3.02856e+04 -8.45894e+04 3010003 1 9.6471e-01
+3.75505e+04 -9.61106e+04 1010160 0 2.5421e+00
+3.54121e+04 -9.46583e+04 1010240 0 2.0652e+00
+3.16747e+04 -8.37988e+04 3010042 1 9.3901e-01
+4.30181e+04 -9.78195e+04 1010081 0 2.8597e+00
+4.09940e+04 -9.69216e+04 1010121 0 2.6699e+00
+3.30438e+04 -8.29495e+04 3010081 1 9.2203e-01
+3.43939e+04 -8.20463e+04 3010120 1 9.0672e-01
+3.83713e+04 -8.01367e+04 3010199 1 8.8287e-01
+3.99918e+04 -8.11342e+04 3010162 1 8.8506e-01
+3.98034e+04 -8.38385e+04 3010047 1 9.0395e-01
+4.45353e+04 -8.08876e+04 3010165 1 8.4986e-01
+1.27329e+04 -7.42042e+04 10730 1 1.4678e+00
+1.30435e+04 -7.58144e+04 10731 1 1.4298e+00
+1.34855e+04 -7.74127e+04 10732 1 1.3745e+00
+1.40630e+04 -7.89573e+04 10733 1 1.3439e+00
+1.47995e+04 -8.04310e+04 10734 1 1.2832e+00
+1.56987e+04 -8.18026e+04 10735 1 1.2642e+00
+1.67666e+04 -8.30487e+04 10736 1 1.2039e+00
+1.80110e+04 -8.41533e+04 10737 1 1.1978e+00
+2.57651e+04 -8.56628e+04 1010743 1 1.0368e+00
+2.26586e+04 -8.65280e+04 1010665 1 1.1473e+00
+2.03443e+04 -8.07252e+04 2010036 1 8.9803e-01
+2.42298e+04 -8.61544e+04 1010704 1 1.0823e+00
+1.95625e+04 -7.98725e+04 2010035 1 8.7898e-01
+2.29593e+04 -8.73945e+04 1010627 1 1.1556e+00
+2.15880e+04 -8.77108e+04 1010588 0 1.1467e+00
+2.05479e+04 -8.80614e+04 1010549 0 1.1069e+00
+1.99345e+04 -8.85362e+04 1010510 0 1.0604e+00
+2.19132e+04 -8.98258e+04 1010472 0 1.0955e+00
+1.97801e+04 -8.91729e+04 1010471 0 1.1403e+00
+2.20357e+04 -8.92090e+04 1010511 0 1.0825e+00
+2.22596e+04 -9.05490e+04 1010433 0 1.2463e+00
+2.30878e+04 -9.13509e+04 1010394 0 1.4206e+00
+2.44171e+04 -9.21903e+04 1010355 0 1.6391e+00
+2.62281e+04 -9.30257e+04 1010316 0 1.8657e+00
+2.85090e+04 -9.38309e+04 1010277 0 2.0514e+00
+2.67116e+04 -9.24498e+04 1010356 0 1.5745e+00
+3.42511e+04 -9.53485e+04 1010199 0 2.4229e+00
+3.12127e+04 -9.46006e+04 1010238 0 2.2561e+00
+3.07126e+04 -9.39272e+04 1010278 0 1.9802e+00
+3.62201e+04 -9.53582e+04 1010200 0 2.3177e+00
+4.15370e+04 -9.78228e+04 1010080 0 2.9875e+00
+4.68158e+04 -9.99830e+04 1010000 0 3.0662e+00
+3.01854e+04 -8.36375e+04 3010041 1 9.3525e-01
+2.29532e+04 -8.37956e+04 10860 1 9.7899e-01
+3.73050e+04 -8.21311e+04 3010122 1 9.0389e-01
+4.40978e+04 -8.43392e+04 3010011 1 8.6472e-01
+4.60900e+04 -8.07589e+04 3010166 1 8.3358e-01
+1.36922e+04 -7.43196e+04 10770 1 1.3273e+00
+1.39775e+04 -7.57640e+04 10771 1 1.2998e+00
+1.43770e+04 -7.71912e+04 10772 1 1.2559e+00
+1.49002e+04 -7.85796e+04 10773 1 1.2326e+00
+1.55564e+04 -7.99079e+04 10774 1 1.1998e+00
+1.63624e+04 -8.11563e+04 10775 1 1.1719e+00
+1.73134e+04 -8.23045e+04 10776 1 1.1568e+00
+1.84193e+04 -8.33364e+04 10777 1 1.1204e+00
+1.96734e+04 -8.42405e+04 10778 1 1.1177e+00
+2.12339e+04 -8.15031e+04 2010037 1 9.0981e-01
+2.57374e+04 -8.47395e+04 1010781 1 9.9052e-01
+2.41804e+04 -8.52554e+04 1010742 1 1.0365e+00
+2.25914e+04 -8.56475e+04 1010703 1 1.0957e+00
+2.10953e+04 -8.67783e+04 1010626 1 1.1834e+00
+2.09705e+04 -8.58925e+04 1010664 1 1.1547e+00
+1.86211e+04 -8.72219e+04 1010548 0 1.0745e+00
+1.96894e+04 -8.69657e+04 1010587 0 1.1508e+00
+1.79924e+04 -8.76635e+04 1010509 0 1.1196e+00
+1.78103e+04 -8.83317e+04 1010470 0 1.1013e+00
+2.00891e+04 -8.99631e+04 1010432 0 1.2185e+00
+2.08964e+04 -9.08658e+04 1010393 0 1.4583e+00
+1.80872e+04 -8.92065e+04 1010431 0 1.2884e+00
+2.00817e+04 -9.13288e+04 1010353 0 1.7321e+00
+2.21963e+04 -9.18210e+04 1010354 0 1.6989e+00
+1.88302e+04 -9.02298e+04 1010392 0 1.5156e+00
+2.18764e+04 -9.24262e+04 1010314 0 1.9298e+00
+2.40092e+04 -9.27727e+04 1010315 0 1.9196e+00
+2.63336e+04 -9.36793e+04 1010276 0 2.1164e+00
+2.91156e+04 -9.45242e+04 1010237 0 2.3465e+00
+3.22759e+04 -9.53203e+04 1010198 0 2.5240e+00
+3.57294e+04 -9.61070e+04 1010159 0 2.6534e+00
+3.03042e+04 -9.52693e+04 1010197 0 2.6172e+00
+4.40566e+04 -9.88290e+04 1010040 0 3.0918e+00
+3.39024e+04 -9.60926e+04 1010158 0 2.7626e+00
+3.93444e+04 -9.69265e+04 1010120 0 2.7915e+00
+2.87389e+04 -8.43917e+04 3010002 1 9.6263e-01
+3.57247e+04 -8.10930e+04 3010159 1 8.9374e-01
+4.29979e+04 -8.09954e+04 3010164 1 8.6396e-01
+4.66748e+04 -9.88264e+04 1010042 0 2.8327e+00
+4.67144e+04 -8.32874e+04 3010051 1 8.2623e-01
+1.47341e+04 -7.42953e+04 10810 1 1.1573e+00
+1.49927e+04 -7.56002e+04 10811 1 1.1438e+00
+1.53496e+04 -7.68867e+04 10812 1 1.1244e+00
+1.58205e+04 -7.81414e+04 10813 1 1.1027e+00
+1.64077e+04 -7.93458e+04 10814 1 1.0947e+00
+1.71235e+04 -8.04851e+04 10815 1 1.0625e+00
+1.79737e+04 -8.15431e+04 10816 1 1.0646e+00
+1.89552e+04 -8.25066e+04 10817 1 1.0588e+00
+2.00765e+04 -8.33638e+04 10818 1 1.0435e+00
+2.13244e+04 -8.41092e+04 10819 1 1.0443e+00
+2.45571e+04 -8.33324e+04 2010040 1 9.3976e-01
+2.58651e+04 -8.37685e+04 3010000 1 9.4521e-01
+2.22363e+04 -8.21989e+04 2010038 1 9.1782e-01
+2.42958e+04 -8.43161e+04 1010780 1 9.8923e-01
+2.26974e+04 -8.47390e+04 1010741 1 1.0357e+00
+1.79353e+04 -8.60192e+04 1010586 0 1.1619e+00
+2.10660e+04 -8.50116e+04 1010702 1 1.0955e+00
+1.93649e+04 -8.59874e+04 1010625 1 1.1740e+00
+2.33443e+04 -8.28096e+04 2010039 1 9.3060e-01
+1.68799e+04 -8.61744e+04 1010547 0 1.1470e+00
+1.60347e+04 -8.72963e+04 1010469 0 1.1662e+00
+1.62484e+04 -8.65884e+04 1010508 0 1.0822e+00
+1.62492e+04 -8.82691e+04 1010430 0 1.2977e+00
+1.94115e+04 -8.51024e+04 1010663 1 1.1828e+00
+1.69401e+04 -8.94406e+04 1010391 0 1.4725e+00
+1.77937e+04 -8.50132e+04 1010624 1 1.2322e+00
+1.81282e+04 -9.07079e+04 1010352 0 1.7337e+00
+1.98567e+04 -9.19760e+04 1010313 0 1.9969e+00
+1.63868e+04 -8.48752e+04 1010585 0 1.1997e+00
+1.53475e+04 -8.49232e+04 1010546 0 1.1138e+00
+1.47098e+04 -8.53101e+04 1010507 0 1.1319e+00
+1.44689e+04 -8.60724e+04 1010468 0 1.1067e+00
+2.21530e+04 -9.31677e+04 1010274 0 2.2572e+00
+1.46377e+04 -8.71670e+04 1010429 0 1.3004e+00
+1.52359e+04 -8.84967e+04 1010390 0 1.5390e+00
+2.70400e+04 -9.44062e+04 1010236 0 2.4297e+00
+1.63228e+04 -8.99520e+04 1010351 0 1.7938e+00
+2.42075e+04 -9.34613e+04 1010275 0 2.1917e+00
+1.79602e+04 -9.14167e+04 1010312 0 2.0482e+00
+2.83482e+04 -9.51907e+04 1010196 0 2.6976e+00
+3.20760e+04 -9.60647e+04 1010157 0 2.8682e+00
+2.01928e+04 -9.27924e+04 1010273 0 2.3028e+00
+2.72619e+04 -8.41201e+04 3010001 1 9.5679e-01
+2.30300e+04 -9.40171e+04 1010234 0 2.5484e+00
+2.64233e+04 -9.50798e+04 1010195 0 2.7553e+00
+4.00502e+04 -9.78244e+04 1010079 0 3.1150e+00
+3.43562e+04 -9.69099e+04 1010117 0 3.1475e+00
+4.27432e+04 -9.88298e+04 1010039 0 3.2238e+00
+3.85592e+04 -9.78238e+04 1010078 0 3.2421e+00
+2.50045e+04 -9.42393e+04 1010235 0 2.5000e+00
+3.76861e+04 -9.69269e+04 1010119 0 2.9125e+00
+3.02582e+04 -9.60208e+04 1010156 0 2.9682e+00
+4.64282e+04 -9.60307e+04 1010165 0 1.9939e+00
+3.60221e+04 -9.69218e+04 1010118 0 3.0318e+00
+1.58477e+04 -7.40809e+04 10850 1 9.9644e-01
+1.60767e+04 -7.52772e+04 10851 1 9.9456e-01
+1.63937e+04 -7.64546e+04 10852 1 9.9476e-01
+1.68108e+04 -7.76022e+04 10853 1 9.7700e-01
+1.73350e+04 -7.87069e+04 10854 1 9.8288e-01
+1.79694e+04 -7.97566e+04 10855 1 9.8021e-01
+1.87264e+04 -8.07382e+04 10856 1 9.7029e-01
+1.96027e+04 -8.16409e+04 10857 1 9.7825e-01
+2.06001e+04 -8.24559e+04 10858 1 9.6757e-01
+2.17201e+04 -8.31748e+04 10859 1 9.8111e-01
