+4.79679e+04 -2.27702e+04 6010080 1 1.2354e-01
+4.90852e+04 -2.28292e+04 6010081 1 1.2156e-01
+4.78766e+04 -2.14903e+04 6010121 1 1.2571e-01
+4.89954e+04 -2.15440e+04 6010122 1 1.2377e-01
+4.77762e+04 -2.02120e+04 6010162 1 1.2824e-01
+4.88964e+04 -2.02606e+04 6010163 1 1.2630e-01
+4.76666e+04 -1.89353e+04 6010203 1 1.3115e-01
+4.75474e+04 -1.76601e+04 6010244 1 1.3450e-01
+4.87882e+04 -1.89789e+04 6010204 1 1.2921e-01
+4.86703e+04 -1.76989e+04 6010245 1 1.3259e-01
+4.74183e+04 -1.63865e+04 6010285 1 1.3840e-01
+4.85425e+04 -1.64207e+04 6010286 1 1.3646e-01
+4.72788e+04 -1.51145e+04 6010326 1 1.4288e-01
+4.71285e+04 -1.38442e+04 6010367 1 1.4799e-01
+4.80951e+04 -1.25970e+04 6010409 1 1.5179e-01
+4.84043e+04 -1.51443e+04 6010327 1 1.4090e-01
+4.82554e+04 -1.38697e+04 6010368 1 1.4597e-01
+4.77384e+04 -1.00573e+04 6010491 1 1.6583e-01
+4.79229e+04 -1.13262e+04 6010450 1 1.5835e-01
+4.75408e+04 -8.79042e+03 6010532 1 1.7437e-01
+4.73294e+04 -7.52559e+03 6010573 1 1.8415e-01
+4.71034e+04 -6.26282e+03 6010614 1 1.9550e-01
+5.01978e+04 -2.28867e+04 7010039 1 1.1988e-01
+5.13058e+04 -2.29427e+04 7010040 1 1.1837e-01
+5.24094e+04 -2.29971e+04 7010041 1 1.1699e-01
+5.35087e+04 -2.30499e+04 7010042 1 1.1568e-01
+5.46040e+04 -2.31010e+04 7010043 1 1.1445e-01
+5.56953e+04 -2.31505e+04 7010044 1 1.1327e-01
+5.67828e+04 -2.31983e+04 7010045 1 1.1217e-01
+5.78667e+04 -2.32444e+04 7010046 1 1.1112e-01
+5.89472e+04 -2.32887e+04 7010047 1 1.1013e-01
+6.00243e+04 -2.33313e+04 7010048 1 1.0919e-01
+6.10983e+04 -2.33723e+04 7010049 1 1.0833e-01
+6.21693e+04 -2.34115e+04 7010050 1 1.0750e-01
+6.32374e+04 -2.34490e+04 7010051 1 1.0675e-01
+6.43028e+04 -2.34848e+04 7010052 1 1.0605e-01
+6.53657e+04 -2.35190e+04 7010053 1 1.0539e-01
+6.64260e+04 -2.35515e+04 7010054 1 1.0479e-01
+6.74841e+04 -2.35824e+04 7010055 1 1.0424e-01
+6.85400e+04 -2.36118e+04 7010056 1 1.0374e-01
+6.95938e+04 -2.36395e+04 7010057 1 1.0327e-01
+7.06457e+04 -2.36657e+04 7010058 1 1.0283e-01
+7.16957e+04 -2.36904e+04 7010059 1 1.0245e-01
+7.27441e+04 -2.37135e+04 7010060 1 1.0210e-01
+7.37909e+04 -2.37353e+04 7010061 1 1.0179e-01
+4.69669e+04 -1.25754e+04 6010408 1 1.5384e-01
+5.01095e+04 -2.15964e+04 7010078 1 1.2209e-01
+5.12191e+04 -2.16474e+04 7010079 1 1.2056e-01
+5.23245e+04 -2.16970e+04 7010080 1 1.1918e-01
+5.34256e+04 -2.17451e+04 7010081 1 1.1784e-01
+5.45227e+04 -2.17918e+04 7010082 1 1.1654e-01
+5.56160e+04 -2.18369e+04 7010083 1 1.1531e-01
+5.67055e+04 -2.18804e+04 7010084 1 1.1413e-01
+5.77915e+04 -2.19224e+04 7010085 1 1.1298e-01
+5.88741e+04 -2.19629e+04 7010086 1 1.1188e-01
+5.99534e+04 -2.20018e+04 7010087 1 1.1082e-01
+6.10296e+04 -2.20391e+04 7010088 1 1.0981e-01
+6.21028e+04 -2.20749e+04 7010089 1 1.0885e-01
+6.31732e+04 -2.21091e+04 7010090 1 1.0793e-01
+6.42409e+04 -2.21418e+04 7010091 1 1.0706e-01
+6.53060e+04 -2.21730e+04 7010092 1 1.0625e-01
+6.63687e+04 -2.22027e+04 7010093 1 1.0547e-01
+6.74291e+04 -2.22309e+04 7010094 1 1.0473e-01
+6.84873e+04 -2.22577e+04 7010095 1 1.0404e-01
+6.95435e+04 -2.22830e+04 7010096 1 1.0339e-01
+7.05978e+04 -2.23069e+04 7010097 1 1.0278e-01
+7.16502e+04 -2.23295e+04 7010098 1 1.0221e-01
+7.27010e+04 -2.23507e+04 7010099 1 1.0168e-01
+7.37501e+04 -2.23705e+04 7010100 1 1.0119e-01
+7.47978e+04 -2.23891e+04 7010101 1 1.0074e-01
+7.58441e+04 -2.24063e+04 7010102 1 1.0033e-01
+7.68891e+04 -2.24223e+04 7010103 1 9.9945e-02
+7.79330e+04 -2.24371e+04 7010104 1 9.9597e-02
+7.89757e+04 -2.24507e+04 7010105 1 9.9281e-02
+8.00175e+04 -2.24631e+04 7010106 1 9.8996e-02
+8.10583e+04 -2.24744e+04 7010107 1 9.8739e-02
+8.20984e+04 -2.24845e+04 7010108 1 9.8510e-02
+8.31377e+04 -2.24935e+04 7010109 1 9.8308e-02
+8.41764e+04 -2.25013e+04 7010110 1 9.8132e-02
+8.52145e+04 -2.25082e+04 7010111 1 9.7984e-02
+8.62522e+04 -2.25139e+04 7010112 1 9.7860e-02
+8.72895e+04 -2.25186e+04 7010113 1 9.7761e-02
+8.83264e+04 -2.25222e+04 7010114 1 9.7682e-02
+8.93631e+04 -2.25248e+04 7010115 1 9.7627e-02
+9.03997e+04 -2.25263e+04 7010116 1 9.7593e-02
+5.00121e+04 -2.03080e+04 7010117 1 1.2461e-01
+5.11234e+04 -2.03541e+04 7010118 1 1.2309e-01
+5.22304e+04 -2.03990e+04 7010119 1 1.2166e-01
+5.33334e+04 -2.04425e+04 7010120 1 1.2029e-01
+5.44325e+04 -2.04847e+04 7010121 1 1.1894e-01
+5.55277e+04 -2.05256e+04 7010122 1 1.1764e-01
+5.66194e+04 -2.05650e+04 7010123 1 1.1635e-01
+5.77075e+04 -2.06030e+04 7010124 1 1.1510e-01
+5.87923e+04 -2.06397e+04 7010125 1 1.1388e-01
+5.98739e+04 -2.06749e+04 7010126 1 1.1268e-01
+6.09524e+04 -2.07087e+04 7010127 1 1.1152e-01
+6.20280e+04 -2.07411e+04 7010128 1 1.1041e-01
+6.31008e+04 -2.07721e+04 7010129 1 1.0931e-01
+6.41709e+04 -2.08017e+04 7010130 1 1.0827e-01
+6.52386e+04 -2.08300e+04 7010131 1 1.0724e-01
+6.63038e+04 -2.08569e+04 7010132 1 1.0628e-01
+6.73668e+04 -2.08825e+04 7010133 1 1.0534e-01
+6.84276e+04 -2.09067e+04 7010134 1 1.0444e-01
+6.94864e+04 -2.09297e+04 7010135 1 1.0357e-01
+7.05433e+04 -2.09513e+04 7010136 1 1.0275e-01
+7.15984e+04 -2.09718e+04 7010137 1 1.0198e-01
+7.26518e+04 -2.09910e+04 7010138 1 1.0125e-01
+7.37036e+04 -2.10090e+04 7010139 1 1.0056e-01
+7.47540e+04 -2.10258e+04 7010140 1 9.9915e-02
+7.58030e+04 -2.10414e+04 7010141 1 9.9309e-02
+7.68507e+04 -2.10559e+04 7010142 1 9.8741e-02
+7.78973e+04 -2.10693e+04 7010143 1 9.8219e-02
+7.89427e+04 -2.10817e+04 7010144 1 9.7736e-02
+7.99872e+04 -2.10929e+04 7010145 1 9.7295e-02
+8.10308e+04 -2.11031e+04 7010146 1 9.6892e-02
+8.20736e+04 -2.11122e+04 7010147 1 9.6529e-02
+8.31157e+04 -2.11204e+04 7010148 1 9.6205e-02
+8.41572e+04 -2.11275e+04 7010149 1 9.5920e-02
+8.51980e+04 -2.11337e+04 7010150 1 9.5674e-02
+8.62385e+04 -2.11389e+04 7010151 1 9.5465e-02
+8.72785e+04 -2.11432e+04 7010152 1 9.5295e-02
+8.83182e+04 -2.11464e+04 7010153 1 9.5162e-02
+8.93577e+04 -2.11488e+04 7010154 1 9.5066e-02
+9.03970e+04 -2.11502e+04 7010155 1 9.5007e-02
+4.99054e+04 -1.90214e+04 7010156 1 1.2753e-01
+5.10183e+04 -1.90628e+04 7010157 1 1.2597e-01
+5.21271e+04 -1.91031e+04 7010158 1 1.2449e-01
+5.32319e+04 -1.91422e+04 7010159 1 1.2308e-01
+5.43330e+04 -1.91801e+04 7010160 1 1.2165e-01
+5.54303e+04 -1.92167e+04 7010161 1 1.2026e-01
+5.65241e+04 -1.92521e+04 7010162 1 1.1887e-01
+5.76145e+04 -1.92863e+04 7010163 1 1.1752e-01
+5.87016e+04 -1.93192e+04 7010164 1 1.1616e-01
+5.97856e+04 -1.93508e+04 7010165 1 1.1482e-01
+6.08666e+04 -1.93812e+04 7010166 1 1.1350e-01
+6.19447e+04 -1.94103e+04 7010167 1 1.1219e-01
+6.30201e+04 -1.94382e+04 7010168 1 1.1093e-01
+6.40929e+04 -1.94648e+04 7010169 1 1.0967e-01
+6.51632e+04 -1.94902e+04 7010170 1 1.0845e-01
+6.62312e+04 -1.95144e+04 7010171 1 1.0726e-01
+6.72969e+04 -1.95373e+04 7010172 1 1.0609e-01
+6.83606e+04 -1.95591e+04 7010173 1 1.0496e-01
+6.94222e+04 -1.95797e+04 7010174 1 1.0387e-01
+7.04820e+04 -1.95992e+04 7010175 1 1.0283e-01
+7.15400e+04 -1.96176e+04 7010176 1 1.0182e-01
+7.25964e+04 -1.96348e+04 7010177 1 1.0085e-01
+7.36512e+04 -1.96510e+04 7010178 1 9.9932e-02
+7.47045e+04 -1.96661e+04 7010179 1 9.9060e-02
+7.57566e+04 -1.96802e+04 7010180 1 9.8235e-02
+7.68073e+04 -1.96932e+04 7010181 1 9.7458e-02
+7.78569e+04 -1.97052e+04 7010182 1 9.6730e-02
+7.89054e+04 -1.97163e+04 7010183 1 9.6053e-02
+7.99530e+04 -1.97264e+04 7010184 1 9.5426e-02
+8.09997e+04 -1.97356e+04 7010185 1 9.4849e-02
+8.20456e+04 -1.97438e+04 7010186 1 9.4326e-02
+8.30908e+04 -1.97511e+04 7010187 1 9.3859e-02
+8.41353e+04 -1.97575e+04 7010188 1 9.3444e-02
+8.51793e+04 -1.97631e+04 7010189 1 9.3083e-02
+8.62228e+04 -1.97677e+04 7010190 1 9.2777e-02
+8.72660e+04 -1.97716e+04 7010191 1 9.2525e-02
+8.83088e+04 -1.97745e+04 7010192 1 9.2329e-02
+8.93515e+04 -1.97766e+04 7010193 1 9.2187e-02
+9.03939e+04 -1.97779e+04 7010194 1 9.2101e-02
+4.97890e+04 -1.77367e+04 7010195 1 1.3086e-01
+5.09036e+04 -1.77736e+04 7010196 1 1.2929e-01
+5.20142e+04 -1.78094e+04 7010197 1 1.2775e-01
+5.31209e+04 -1.78442e+04 7010198 1 1.2626e-01
+5.42240e+04 -1.78779e+04 7010199 1 1.2478e-01
+5.53234e+04 -1.79105e+04 7010200 1 1.2328e-01
+5.64195e+04 -1.79420e+04 7010201 1 1.2179e-01
+5.75122e+04 -1.79724e+04 7010202 1 1.2028e-01
+5.86018e+04 -1.80017e+04 7010203 1 1.1879e-01
+5.96883e+04 -1.80299e+04 7010204 1 1.1729e-01
+6.07719e+04 -1.80569e+04 7010205 1 1.1579e-01
+6.18527e+04 -1.80828e+04 7010206 1 1.1431e-01
+6.29309e+04 -1.81076e+04 7010207 1 1.1283e-01
+6.40065e+04 -1.81313e+04 7010208 1 1.1136e-01
+6.50797e+04 -1.81539e+04 7010209 1 1.0991e-01
+6.61506e+04 -1.81754e+04 7010210 1 1.0846e-01
+6.72194e+04 -1.81958e+04 7010211 1 1.0706e-01
+6.82861e+04 -1.82152e+04 7010212 1 1.0568e-01
+6.93509e+04 -1.82336e+04 7010213 1 1.0434e-01
+7.04138e+04 -1.82509e+04 7010214 1 1.0302e-01
+7.14750e+04 -1.82672e+04 7010215 1 1.0176e-01
+7.25346e+04 -1.82826e+04 7010216 1 1.0054e-01
+7.35927e+04 -1.82970e+04 7010217 1 9.9359e-02
+7.46494e+04 -1.83104e+04 7010218 1 9.8230e-02
+7.57047e+04 -1.83229e+04 7010219 1 9.7153e-02
+7.67588e+04 -1.83345e+04 7010220 1 9.6126e-02
+7.78118e+04 -1.83452e+04 7010221 1 9.5162e-02
+7.88637e+04 -1.83551e+04 7010222 1 9.4258e-02
+7.99147e+04 -1.83641e+04 7010223 1 9.3414e-02
+8.09648e+04 -1.83722e+04 7010224 1 9.2635e-02
+8.20142e+04 -1.83795e+04 7010225 1 9.1924e-02
+8.30628e+04 -1.83860e+04 7010226 1 9.1282e-02
+8.41108e+04 -1.83918e+04 7010227 1 9.0710e-02
+8.51583e+04 -1.83967e+04 7010228 1 9.0212e-02
+8.62053e+04 -1.84008e+04 7010229 1 8.9787e-02
+8.72520e+04 -1.84042e+04 7010230 1 8.9437e-02
+8.82983e+04 -1.84069e+04 7010231 1 8.9163e-02
+8.93445e+04 -1.84087e+04 7010232 1 8.8966e-02
+9.03904e+04 -1.84099e+04 7010233 1 8.8847e-02
+4.96627e+04 -1.64540e+04 7010234 1 1.3469e-01
+5.07789e+04 -1.64865e+04 7010235 1 1.3307e-01
+5.18913e+04 -1.65180e+04 7010236 1 1.3149e-01
+5.30000e+04 -1.65486e+04 7010237 1 1.2991e-01
+5.41051e+04 -1.65783e+04 7010238 1 1.2833e-01
+5.52068e+04 -1.66071e+04 7010239 1 1.2673e-01
+5.63052e+04 -1.66348e+04 7010240 1 1.2512e-01
+5.74004e+04 -1.66616e+04 7010241 1 1.2348e-01
+5.84925e+04 -1.66874e+04 7010242 1 1.2183e-01
+5.95817e+04 -1.67122e+04 7010243 1 1.2016e-01
+6.06681e+04 -1.67360e+04 7010244 1 1.1848e-01
+6.17517e+04 -1.67588e+04 7010245 1 1.1678e-01
+6.28329e+04 -1.67806e+04 7010246 1 1.1507e-01
+6.39115e+04 -1.68015e+04 7010247 1 1.1335e-01
+6.49879e+04 -1.68214e+04 7010248 1 1.1166e-01
+6.60620e+04 -1.68403e+04 7010249 1 1.0996e-01
+6.71340e+04 -1.68583e+04 7010250 1 1.0830e-01
+6.82040e+04 -1.68754e+04 7010251 1 1.0665e-01
+6.92722e+04 -1.68915e+04 7010252 1 1.0502e-01
+7.03385e+04 -1.69068e+04 7010253 1 1.0343e-01
+7.14032e+04 -1.69212e+04 7010254 1 1.0187e-01
+7.24664e+04 -1.69347e+04 7010255 1 1.0036e-01
+7.35280e+04 -1.69473e+04 7010256 1 9.8879e-02
+7.45883e+04 -1.69591e+04 7010257 1 9.7462e-02
+7.56473e+04 -1.69702e+04 7010258 1 9.6100e-02
+7.67051e+04 -1.69804e+04 7010259 1 9.4797e-02
+7.77617e+04 -1.69898e+04 7010260 1 9.3559e-02
+7.88174e+04 -1.69984e+04 7010261 1 9.2390e-02
+7.98722e+04 -1.70063e+04 7010262 1 9.1293e-02
+8.09261e+04 -1.70135e+04 7010263 1 9.0276e-02
+8.19793e+04 -1.70199e+04 7010264 1 8.9341e-02
+8.30317e+04 -1.70257e+04 7010265 1 8.8493e-02
+8.40836e+04 -1.70307e+04 7010266 1 8.7739e-02
+8.51350e+04 -1.70350e+04 7010267 1 8.7076e-02
+8.61859e+04 -1.70387e+04 7010268 1 8.6509e-02
+8.72364e+04 -1.70417e+04 7010269 1 8.6041e-02
+8.82867e+04 -1.70440e+04 7010270 1 8.5675e-02
+8.93367e+04 -1.70456e+04 7010271 1 8.5411e-02
+9.03866e+04 -1.70466e+04 7010272 1 8.5252e-02
+4.95260e+04 -1.51733e+04 7010273 1 1.3908e-01
+5.06439e+04 -1.52015e+04 7010274 1 1.3739e-01
+5.17581e+04 -1.52290e+04 7010275 1 1.3573e-01
+5.28688e+04 -1.52556e+04 7010276 1 1.3408e-01
+5.39761e+04 -1.52815e+04 7010277 1 1.3239e-01
+5.50801e+04 -1.53065e+04 7010278 1 1.3069e-01
+5.61809e+04 -1.53306e+04 7010279 1 1.2893e-01
+5.72787e+04 -1.53539e+04 7010280 1 1.2714e-01
+5.83735e+04 -1.53763e+04 7010281 1 1.2533e-01
+5.94655e+04 -1.53979e+04 7010282 1 1.2345e-01
+6.05548e+04 -1.54186e+04 7010283 1 1.2157e-01
+6.16415e+04 -1.54385e+04 7010284 1 1.1964e-01
+6.27258e+04 -1.54575e+04 7010285 1 1.1772e-01
+6.38077e+04 -1.54756e+04 7010286 1 1.1576e-01
+6.48874e+04 -1.54929e+04 7010287 1 1.1379e-01
+6.59649e+04 -1.55094e+04 7010288 1 1.1183e-01
+6.70405e+04 -1.55250e+04 7010289 1 1.0986e-01
+6.81141e+04 -1.55399e+04 7010290 1 1.0792e-01
+6.91859e+04 -1.55539e+04 7010291 1 1.0598e-01
+7.02560e+04 -1.55672e+04 7010292 1 1.0408e-01
+7.13244e+04 -1.55797e+04 7010293 1 1.0221e-01
+7.23914e+04 -1.55914e+04 7010294 1 1.0037e-01
+7.34569e+04 -1.56024e+04 7010295 1 9.8572e-02
+7.45211e+04 -1.56127e+04 7010296 1 9.6829e-02
+7.55841e+04 -1.56222e+04 7010297 1 9.5143e-02
+7.66459e+04 -1.56311e+04 7010298 1 9.3522e-02
+7.77067e+04 -1.56393e+04 7010299 1 9.1970e-02
+7.87665e+04 -1.56468e+04 7010300 1 9.0495e-02
+7.98254e+04 -1.56537e+04 7010301 1 8.9104e-02
+8.08835e+04 -1.56599e+04 7010302 1 8.7808e-02
+8.19408e+04 -1.56655e+04 7010303 1 8.6611e-02
+8.29975e+04 -1.56704e+04 7010304 1 8.5520e-02
+8.40536e+04 -1.56748e+04 7010305 1 8.4541e-02
+8.51093e+04 -1.56786e+04 7010306 1 8.3680e-02
+8.61644e+04 -1.56817e+04 7010307 1 8.2941e-02
+8.72193e+04 -1.56843e+04 7010308 1 8.2329e-02
+8.82738e+04 -1.56863e+04 7010309 1 8.1849e-02
+8.93282e+04 -1.56877e+04 7010310 1 8.1503e-02
+9.03824e+04 -1.56886e+04 7010311 1 8.1295e-02
+4.93785e+04 -1.38946e+04 7010312 1 1.4411e-01
+5.04981e+04 -1.39188e+04 7010313 1 1.4232e-01
+5.16142e+04 -1.39424e+04 7010314 1 1.4061e-01
+5.27270e+04 -1.39653e+04 7010315 1 1.3885e-01
+5.38365e+04 -1.39874e+04 7010316 1 1.3703e-01
+5.49429e+04 -1.40089e+04 7010317 1 1.3521e-01
+5.60462e+04 -1.40296e+04 7010318 1 1.3332e-01
+5.71467e+04 -1.40496e+04 7010319 1 1.3135e-01
+5.82444e+04 -1.40688e+04 7010320 1 1.2933e-01
+5.93394e+04 -1.40873e+04 7010321 1 1.2728e-01
+6.04318e+04 -1.41051e+04 7010322 1 1.2515e-01
+6.15218e+04 -1.41221e+04 7010323 1 1.2300e-01
+6.26094e+04 -1.41384e+04 7010324 1 1.2081e-01
+6.36948e+04 -1.41540e+04 7010325 1 1.1861e-01
+6.47780e+04 -1.41688e+04 7010326 1 1.1636e-01
+6.58592e+04 -1.41829e+04 7010327 1 1.1410e-01
+6.69385e+04 -1.41963e+04 7010328 1 1.1185e-01
+6.80160e+04 -1.42091e+04 7010329 1 1.0957e-01
+6.90917e+04 -1.42211e+04 7010330 1 1.0732e-01
+7.01658e+04 -1.42324e+04 7010331 1 1.0507e-01
+7.12384e+04 -1.42431e+04 7010332 1 1.0285e-01
+7.23095e+04 -1.42532e+04 7010333 1 1.0066e-01
+7.33792e+04 -1.42626e+04 7010334 1 9.8508e-02
+7.44477e+04 -1.42714e+04 7010335 1 9.6394e-02
+7.55150e+04 -1.42796e+04 7010336 1 9.4346e-02
+7.65812e+04 -1.42872e+04 7010337 1 9.2364e-02
+7.76464e+04 -1.42942e+04 7010338 1 9.0454e-02
+7.87107e+04 -1.43006e+04 7010339 1 8.8629e-02
+7.97741e+04 -1.43065e+04 7010340 1 8.6898e-02
+8.08368e+04 -1.43118e+04 7010341 1 8.5277e-02
+8.18987e+04 -1.43166e+04 7010342 1 8.3771e-02
+8.29600e+04 -1.43208e+04 7010343 1 8.2390e-02
+8.40208e+04 -1.43245e+04 7010344 1 8.1146e-02
+8.50811e+04 -1.43277e+04 7010345 1 8.0045e-02
+8.61409e+04 -1.43305e+04 7010346 1 7.9098e-02
+8.72005e+04 -1.43327e+04 7010347 1 7.8312e-02
+8.82597e+04 -1.43344e+04 7010348 1 7.7692e-02
+8.93188e+04 -1.43356e+04 7010349 1 7.7246e-02
+9.03777e+04 -1.43363e+04 7010350 1 7.6976e-02
+4.92197e+04 -1.26180e+04 7010351 1 1.4983e-01
+5.03410e+04 -1.26385e+04 7010352 1 1.4795e-01
+5.14591e+04 -1.26584e+04 7010353 1 1.4611e-01
+5.25740e+04 -1.26777e+04 7010354 1 1.4427e-01
+5.36858e+04 -1.26964e+04 7010355 1 1.4233e-01
+5.47947e+04 -1.27145e+04 7010356 1 1.4033e-01
+5.59008e+04 -1.27320e+04 7010357 1 1.3828e-01
+5.70041e+04 -1.27488e+04 7010358 1 1.3613e-01
+5.81047e+04 -1.27651e+04 7010359 1 1.3393e-01
+5.92029e+04 -1.27807e+04 7010360 1 1.3166e-01
+6.02986e+04 -1.27957e+04 7010361 1 1.2930e-01
+6.13921e+04 -1.28100e+04 7010362 1 1.2692e-01
+6.24833e+04 -1.28237e+04 7010363 1 1.2447e-01
+6.35723e+04 -1.28369e+04 7010364 1 1.2198e-01
+6.46594e+04 -1.28494e+04 7010365 1 1.1944e-01
+6.57445e+04 -1.28613e+04 7010366 1 1.1687e-01
+6.68279e+04 -1.28726e+04 7010367 1 1.1429e-01
+6.79095e+04 -1.28833e+04 7010368 1 1.1168e-01
+6.89894e+04 -1.28934e+04 7010369 1 1.0908e-01
+7.00679e+04 -1.29030e+04 7010370 1 1.0646e-01
+7.11448e+04 -1.29120e+04 7010371 1 1.0387e-01
+7.22204e+04 -1.29204e+04 7010372 1 1.0129e-01
+7.32947e+04 -1.29283e+04 7010373 1 9.8744e-02
+7.43679e+04 -1.29357e+04 7010374 1 9.6243e-02
+7.54399e+04 -1.29426e+04 7010375 1 9.3793e-02
+7.65108e+04 -1.29490e+04 7010376 1 9.1397e-02
+7.75808e+04 -1.29549e+04 7010377 1 8.9085e-02
+7.86500e+04 -1.29603e+04 7010378 1 8.6862e-02
+7.97183e+04 -1.29652e+04 7010379 1 8.4744e-02
+8.07859e+04 -1.29697e+04 7010380 1 8.2742e-02
+8.18528e+04 -1.29737e+04 7010381 1 8.0873e-02
+8.29192e+04 -1.29772e+04 7010382 1 7.9150e-02
+8.39850e+04 -1.29804e+04 7010383 1 7.7588e-02
+8.50503e+04 -1.29831e+04 7010384 1 7.6199e-02
+8.61153e+04 -1.29853e+04 7010385 1 7.4998e-02
+8.71800e+04 -1.29872e+04 7010386 1 7.3997e-02
+8.82443e+04 -1.29886e+04 7010387 1 7.3206e-02
+8.93085e+04 -1.29897e+04 7010388 1 7.2635e-02
+9.03726e+04 -1.29903e+04 7010389 1 7.2289e-02
+4.90491e+04 -1.13436e+04 7010390 1 1.5634e-01
+5.01722e+04 -1.13605e+04 7010391 1 1.5436e-01
+5.12923e+04 -1.13770e+04 7010392 1 1.5237e-01
+5.24094e+04 -1.13929e+04 7010393 1 1.5036e-01
+5.35236e+04 -1.14084e+04 7010394 1 1.4831e-01
+5.46351e+04 -1.14234e+04 7010395 1 1.4614e-01
+5.57440e+04 -1.14379e+04 7010396 1 1.4391e-01
+5.68503e+04 -1.14518e+04 7010397 1 1.4160e-01
+5.79542e+04 -1.14652e+04 7010398 1 1.3917e-01
+5.90557e+04 -1.14781e+04 7010399 1 1.3669e-01
+6.01549e+04 -1.14905e+04 7010400 1 1.3410e-01
+6.12520e+04 -1.15024e+04 7010401 1 1.3147e-01
+6.23470e+04 -1.15137e+04 7010402 1 1.2873e-01
+6.34400e+04 -1.15245e+04 7010403 1 1.2595e-01
+6.45312e+04 -1.15349e+04 7010404 1 1.2310e-01
+6.56205e+04 -1.15447e+04 7010405 1 1.2021e-01
+6.67082e+04 -1.15540e+04 7010406 1 1.1728e-01
+6.77942e+04 -1.15628e+04 7010407 1 1.1433e-01
+6.88787e+04 -1.15712e+04 7010408 1 1.1134e-01
+6.99618e+04 -1.15791e+04 7010409 1 1.0834e-01
+7.10435e+04 -1.15865e+04 7010410 1 1.0535e-01
+7.21239e+04 -1.15935e+04 7010411 1 1.0237e-01
+7.32032e+04 -1.16000e+04 7010412 1 9.9390e-02
+7.42813e+04 -1.16061e+04 7010413 1 9.6456e-02
+7.53584e+04 -1.16117e+04 7010414 1 9.3561e-02
+7.64345e+04 -1.16170e+04 7010415 1 9.0717e-02
+7.75097e+04 -1.16218e+04 7010416 1 8.7956e-02
+7.85841e+04 -1.16263e+04 7010417 1 8.5285e-02
+7.96577e+04 -1.16303e+04 7010418 1 8.2720e-02
+8.07307e+04 -1.16340e+04 7010419 1 8.0280e-02
+8.18030e+04 -1.16373e+04 7010420 1 7.7986e-02
+8.28748e+04 -1.16402e+04 7010421 1 7.5857e-02
+8.39461e+04 -1.16428e+04 7010422 1 7.3913e-02
+8.50170e+04 -1.16450e+04 7010423 1 7.2174e-02
+8.60875e+04 -1.16469e+04 7010424 1 7.0661e-02
+8.71577e+04 -1.16484e+04 7010425 1 6.9393e-02
+8.82277e+04 -1.16496e+04 7010426 1 6.8387e-02
+8.92974e+04 -1.16504e+04 7010427 1 6.7658e-02
+9.03671e+04 -1.16509e+04 7010428 1 6.7217e-02
+4.88662e+04 -1.00713e+04 7010429 1 1.6369e-01
+4.99911e+04 -1.00850e+04 7010430 1 1.6160e-01
+5.11132e+04 -1.00983e+04 7010431 1 1.5948e-01
+5.22326e+04 -1.01112e+04 7010432 1 1.5734e-01
+5.33494e+04 -1.01237e+04 7010433 1 1.5510e-01
+5.44636e+04 -1.01358e+04 7010434 1 1.5278e-01
+5.55754e+04 -1.01475e+04 7010435 1 1.5036e-01
+5.66849e+04 -1.01587e+04 7010436 1 1.4783e-01
+5.77921e+04 -1.01695e+04 7010437 1 1.4521e-01
+5.88972e+04 -1.01799e+04 7010438 1 1.4247e-01
+6.00001e+04 -1.01899e+04 7010439 1 1.3964e-01
+6.11011e+04 -1.01995e+04 7010440 1 1.3672e-01
+6.22001e+04 -1.02086e+04 7010441 1 1.3370e-01
+6.32974e+04 -1.02173e+04 7010442 1 1.3059e-01
+6.43929e+04 -1.02256e+04 7010443 1 1.2743e-01
+6.54867e+04 -1.02335e+04 7010444 1 1.2421e-01
+6.65790e+04 -1.02410e+04 7010445 1 1.2092e-01
+6.76698e+04 -1.02481e+04 7010446 1 1.1758e-01
+6.87592e+04 -1.02549e+04 7010447 1 1.1420e-01
+6.98473e+04 -1.02612e+04 7010448 1 1.1082e-01
+7.09341e+04 -1.02671e+04 7010449 1 1.0739e-01
+7.20197e+04 -1.02727e+04 7010450 1 1.0397e-01
+7.31043e+04 -1.02780e+04 7010451 1 1.0054e-01
+7.41878e+04 -1.02829e+04 7010452 1 9.7133e-02
+7.52703e+04 -1.02874e+04 7010453 1 9.3751e-02
+7.63520e+04 -1.02916e+04 7010454 1 9.0429e-02
+7.74328e+04 -1.02955e+04 7010455 1 8.7172e-02
+7.85129e+04 -1.02991e+04 7010456 1 8.3993e-02
+7.95923e+04 -1.03023e+04 7010457 1 8.0927e-02
+8.06710e+04 -1.03053e+04 7010458 1 7.7987e-02
+8.17492e+04 -1.03079e+04 7010459 1 7.5200e-02
+8.28268e+04 -1.03102e+04 7010460 1 7.2591e-02
+8.39041e+04 -1.03123e+04 7010461 1 7.0193e-02
+8.49809e+04 -1.03141e+04 7010462 1 6.8030e-02
+8.60574e+04 -1.03156e+04 7010463 1 6.6133e-02
+8.71336e+04 -1.03168e+04 7010464 1 6.4532e-02
+8.82096e+04 -1.03177e+04 7010465 1 6.3254e-02
+8.92854e+04 -1.03184e+04 7010466 1 6.2324e-02
+9.03611e+04 -1.03188e+04 7010467 1 6.1759e-02
+4.86702e+04 -8.80143e+03 7010468 1 1.7212e-01
+4.97969e+04 -8.81213e+03 7010469 1 1.6988e-01
+5.09212e+04 -8.82254e+03 7010470 1 1.6758e-01
+5.20430e+04 -8.83263e+03 7010471 1 1.6525e-01
+5.31624e+04 -8.84240e+03 7010472 1 1.6284e-01
+5.42796e+04 -8.85186e+03 7010473 1 1.6030e-01
+5.53945e+04 -8.86098e+03 7010474 1 1.5766e-01
+5.65073e+04 -8.86977e+03 7010475 1 1.5494e-01
+5.76181e+04 -8.87822e+03 7010476 1 1.5207e-01
+5.87269e+04 -8.88635e+03 7010477 1 1.4907e-01
+5.98338e+04 -8.89414e+03 7010478 1 1.4596e-01
+6.09389e+04 -8.90160e+03 7010479 1 1.4277e-01
+6.20423e+04 -8.90872e+03 7010480 1 1.3945e-01
+6.31440e+04 -8.91552e+03 7010481 1 1.3604e-01
+6.42442e+04 -8.92200e+03 7010482 1 1.3252e-01
+6.53428e+04 -8.92815e+03 7010483 1 1.2895e-01
+6.64401e+04 -8.93399e+03 7010484 1 1.2530e-01
+6.75360e+04 -8.93952e+03 7010485 1 1.2155e-01
+6.86306e+04 -8.94475e+03 7010486 1 1.1779e-01
+6.97240e+04 -8.94968e+03 7010487 1 1.1396e-01
+7.08163e+04 -8.95431e+03 7010488 1 1.1009e-01
+7.19075e+04 -8.95866e+03 7010489 1 1.0619e-01
+7.29977e+04 -8.96273e+03 7010490 1 1.0228e-01
+7.40870e+04 -8.96652e+03 7010491 1 9.8384e-02
+7.51754e+04 -8.97005e+03 7010492 1 9.4492e-02
+7.62631e+04 -8.97332e+03 7010493 1 9.0647e-02
+7.73499e+04 -8.97633e+03 7010494 1 8.6852e-02
+7.84361e+04 -8.97909e+03 7010495 1 8.3120e-02
+7.95217e+04 -8.98161e+03 7010496 1 7.9493e-02
+8.06067e+04 -8.98389e+03 7010497 1 7.5987e-02
+8.16911e+04 -8.98594e+03 7010498 1 7.2631e-02
+8.27751e+04 -8.98775e+03 7010499 1 6.9464e-02
+8.38587e+04 -8.98935e+03 7010500 1 6.6519e-02
+8.49420e+04 -8.99072e+03 7010501 1 6.3837e-02
+8.60249e+04 -8.99188e+03 7010502 1 6.1462e-02
+8.71076e+04 -8.99282e+03 7010503 1 5.9447e-02
+8.81901e+04 -8.99355e+03 7010504 1 5.7820e-02
+8.92725e+04 -8.99407e+03 7010505 1 5.6626e-02
+9.03547e+04 -8.99438e+03 7010506 1 5.5899e-02
+4.84604e+04 -7.53385e+03 7010507 1 1.8177e-01
+4.95891e+04 -7.54190e+03 7010508 1 1.7932e-01
+5.07156e+04 -7.54972e+03 7010509 1 1.7687e-01
+5.18399e+04 -7.55730e+03 7010510 1 1.7432e-01
+5.29622e+04 -7.56463e+03 7010511 1 1.7169e-01
+5.40824e+04 -7.57173e+03 7010512 1 1.6894e-01
+5.52006e+04 -7.57857e+03 7010513 1 1.6605e-01
+5.63169e+04 -7.58516e+03 7010514 1 1.6305e-01
+5.74315e+04 -7.59150e+03 7010515 1 1.5992e-01
+5.85443e+04 -7.59759e+03 7010516 1 1.5667e-01
+5.96554e+04 -7.60342e+03 7010517 1 1.5326e-01
+6.07649e+04 -7.60901e+03 7010518 1 1.4975e-01
+6.18729e+04 -7.61434e+03 7010519 1 1.4611e-01
+6.29794e+04 -7.61943e+03 7010520 1 1.4237e-01
+6.40845e+04 -7.62427e+03 7010521 1 1.3851e-01
+6.51883e+04 -7.62887e+03 7010522 1 1.3455e-01
+6.62908e+04 -7.63323e+03 7010523 1 1.3049e-01
+6.73922e+04 -7.63736e+03 7010524 1 1.2636e-01
+6.84924e+04 -7.64126e+03 7010525 1 1.2213e-01
+6.95916e+04 -7.64493e+03 7010526 1 1.1786e-01
+7.06897e+04 -7.64838e+03 7010527 1 1.1353e-01
+7.17869e+04 -7.65162e+03 7010528 1 1.0916e-01
+7.28832e+04 -7.65465e+03 7010529 1 1.0476e-01
+7.39787e+04 -7.65748e+03 7010530 1 1.0035e-01
+7.50735e+04 -7.66010e+03 7010531 1 9.5919e-02
+7.61675e+04 -7.66253e+03 7010532 1 9.1504e-02
+7.72608e+04 -7.66477e+03 7010533 1 8.7134e-02
+7.83536e+04 -7.66682e+03 7010534 1 8.2806e-02
+7.94458e+04 -7.66869e+03 7010535 1 7.8565e-02
+8.05375e+04 -7.67038e+03 7010536 1 7.4425e-02
+8.16287e+04 -7.67190e+03 7010537 1 7.0431e-02
+8.27195e+04 -7.67325e+03 7010538 1 6.6616e-02
+8.38100e+04 -7.67443e+03 7010539 1 6.3027e-02
+8.49001e+04 -7.67545e+03 7010540 1 5.9721e-02
+8.59900e+04 -7.67631e+03 7010541 1 5.6752e-02
+8.70797e+04 -7.67701e+03 7010542 1 5.4190e-02
+8.81692e+04 -7.67755e+03 7010543 1 5.2101e-02
+8.92585e+04 -7.67793e+03 7010544 1 5.0554e-02
+9.03478e+04 -7.67816e+03 7010545 1 4.9604e-02
+4.82361e+04 -6.26870e+03 7010546 1 1.9290e-01
+4.93669e+04 -6.27442e+03 7010547 1 1.9029e-01
+5.04957e+04 -6.27997e+03 7010548 1 1.8760e-01
+5.16227e+04 -6.28536e+03 7010549 1 1.8482e-01
+5.27479e+04 -6.29056e+03 7010550 1 1.8191e-01
+5.38713e+04 -6.29560e+03 7010551 1 1.7890e-01
+5.49930e+04 -6.30045e+03 7010552 1 1.7576e-01
+5.61131e+04 -6.30512e+03 7010553 1 1.7246e-01
+5.72316e+04 -6.30962e+03 7010554 1 1.6901e-01
+5.83487e+04 -6.31393e+03 7010555 1 1.6542e-01
+5.94642e+04 -6.31806e+03 7010556 1 1.6170e-01
+6.05785e+04 -6.32200e+03 7010557 1 1.5786e-01
+6.16913e+04 -6.32577e+03 7010558 1 1.5386e-01
+6.28030e+04 -6.32937e+03 7010559 1 1.4974e-01
+6.39134e+04 -6.33279e+03 7010560 1 1.4550e-01
+6.50227e+04 -6.33603e+03 7010561 1 1.4116e-01
+6.61309e+04 -6.33911e+03 7010562 1 1.3667e-01
+6.72381e+04 -6.34202e+03 7010563 1 1.3211e-01
+6.83443e+04 -6.34477e+03 7010564 1 1.2747e-01
+6.94496e+04 -6.34735e+03 7010565 1 1.2272e-01
+7.05540e+04 -6.34978e+03 7010566 1 1.1792e-01
+7.16576e+04 -6.35206e+03 7010567 1 1.1304e-01
+7.27605e+04 -6.35419e+03 7010568 1 1.0812e-01
+7.38626e+04 -6.35618e+03 7010569 1 1.0316e-01
+7.49641e+04 -6.35802e+03 7010570 1 9.8171e-02
+7.60650e+04 -6.35972e+03 7010571 1 9.3173e-02
+7.71653e+04 -6.36129e+03 7010572 1 8.8184e-02
+7.82651e+04 -6.36273e+03 7010573 1 8.3234e-02
+7.93644e+04 -6.36404e+03 7010574 1 7.8324e-02
+8.04632e+04 -6.36522e+03 7010575 1 7.3503e-02
+8.15617e+04 -6.36628e+03 7010576 1 6.8791e-02
+8.26599e+04 -6.36723e+03 7010577 1 6.4242e-02
+8.37577e+04 -6.36805e+03 7010578 1 5.9903e-02
+8.48552e+04 -6.36876e+03 7010579 1 5.5840e-02
+8.59526e+04 -6.36936e+03 7010580 1 5.2131e-02
+8.70497e+04 -6.36985e+03 7010581 1 4.8877e-02
+8.81467e+04 -6.37022e+03 7010582 1 4.6173e-02
+8.92436e+04 -6.37049e+03 7010583 1 4.4136e-02
+9.03404e+04 -6.37065e+03 7010584 1 4.2869e-02
+4.79965e+04 -5.00604e+03 7010585 1 2.0616e-01
+4.91294e+04 -5.00979e+03 7010586 1 2.0327e-01
+5.02607e+04 -5.01342e+03 7010587 1 2.0028e-01
+5.13905e+04 -5.01695e+03 7010588 1 1.9721e-01
+5.25188e+04 -5.02036e+03 7010589 1 1.9399e-01
+5.36456e+04 -5.02365e+03 7010590 1 1.9065e-01
+5.47710e+04 -5.02682e+03 7010591 1 1.8716e-01
+5.58951e+04 -5.02988e+03 7010592 1 1.8350e-01
+5.70179e+04 -5.03281e+03 7010593 1 1.7970e-01
+5.81394e+04 -5.03562e+03 7010594 1 1.7579e-01
+5.92598e+04 -5.03832e+03 7010595 1 1.7169e-01
+6.03790e+04 -5.04089e+03 7010596 1 1.6744e-01
+6.14971e+04 -5.04335e+03 7010597 1 1.6306e-01
+6.26142e+04 -5.04568e+03 7010598 1 1.5852e-01
+6.37303e+04 -5.04791e+03 7010599 1 1.5386e-01
+6.48454e+04 -5.05002e+03 7010600 1 1.4906e-01
+6.59597e+04 -5.05201e+03 7010601 1 1.4416e-01
+6.70731e+04 -5.05390e+03 7010602 1 1.3913e-01
+6.81857e+04 -5.05568e+03 7010603 1 1.3399e-01
+6.92976e+04 -5.05736e+03 7010604 1 1.2877e-01
+7.04087e+04 -5.05893e+03 7010605 1 1.2346e-01
+7.15192e+04 -5.06040e+03 7010606 1 1.1806e-01
+7.26290e+04 -5.06178e+03 7010607 1 1.1258e-01
+7.37383e+04 -5.06306e+03 7010608 1 1.0705e-01
+7.48470e+04 -5.06425e+03 7010609 1 1.0148e-01
+7.59552e+04 -5.06534e+03 7010610 1 9.5877e-02
+7.70630e+04 -5.06636e+03 7010611 1 9.0237e-02
+7.81703e+04 -5.06728e+03 7010612 1 8.4612e-02
+7.92772e+04 -5.06812e+03 7010613 1 7.9005e-02
+8.03838e+04 -5.06888e+03 7010614 1 7.3452e-02
+8.14900e+04 -5.06957e+03 7010615 1 6.7966e-02
+8.25960e+04 -5.07017e+03 7010616 1 6.2599e-02
+8.37017e+04 -5.07070e+03 7010617 1 5.7407e-02
+8.48072e+04 -5.07116e+03 7010618 1 5.2453e-02
+8.59125e+04 -5.07154e+03 7010619 1 4.7832e-02
+8.70176e+04 -5.07185e+03 7010620 1 4.3671e-02
+8.81226e+04 -5.07209e+03 7010621 1 4.0119e-02
+8.92276e+04 -5.07226e+03 7010622 1 3.7369e-02
+9.03324e+04 -5.07237e+03 7010623 1 3.5618e-02
+4.77406e+04 -3.74593e+03 7010624 1 2.2034e-01
+4.88758e+04 -3.74810e+03 7010625 1 2.1839e-01
+5.00097e+04 -3.75020e+03 7010626 1 2.1605e-01
+5.11424e+04 -3.75223e+03 7010627 1 2.1260e-01
+5.22740e+04 -3.75419e+03 7010628 1 2.0897e-01
+5.34045e+04 -3.75609e+03 7010629 1 2.0523e-01
+5.45338e+04 -3.75791e+03 7010630 1 2.0130e-01
+5.56622e+04 -3.75967e+03 7010631 1 1.9723e-01
+5.67895e+04 -3.76135e+03 7010632 1 1.9300e-01
+5.79159e+04 -3.76296e+03 7010633 1 1.8861e-01
+5.90413e+04 -3.76450e+03 7010634 1 1.8405e-01
+6.01658e+04 -3.76598e+03 7010635 1 1.7933e-01
+6.12896e+04 -3.76738e+03 7010636 1 1.7446e-01
+6.24125e+04 -3.76872e+03 7010637 1 1.6945e-01
+6.35346e+04 -3.76999e+03 7010638 1 1.6430e-01
+6.46560e+04 -3.77119e+03 7010639 1 1.5900e-01
+6.57767e+04 -3.77232e+03 7010640 1 1.5358e-01
+6.68968e+04 -3.77340e+03 7010641 1 1.4801e-01
+6.80162e+04 -3.77441e+03 7010642 1 1.4235e-01
+6.91351e+04 -3.77536e+03 7010643 1 1.3656e-01
+7.02534e+04 -3.77625e+03 7010644 1 1.3067e-01
+7.13712e+04 -3.77708e+03 7010645 1 1.2469e-01
+7.24885e+04 -3.77786e+03 7010646 1 1.1862e-01
+7.36054e+04 -3.77859e+03 7010647 1 1.1249e-01
+7.47218e+04 -3.77926e+03 7010648 1 1.0627e-01
+7.58379e+04 -3.77987e+03 7010649 1 1.0001e-01
+7.69536e+04 -3.78044e+03 7010650 1 9.3698e-02
+7.80690e+04 -3.78096e+03 7010651 1 8.7369e-02
+7.91840e+04 -3.78144e+03 7010652 1 8.1009e-02
+8.02988e+04 -3.78186e+03 7010653 1 7.4664e-02
+8.14134e+04 -3.78224e+03 7010654 1 6.8338e-02
+8.25277e+04 -3.78258e+03 7010655 1 6.2083e-02
+8.36418e+04 -3.78288e+03 7010656 1 5.5932e-02
+8.47558e+04 -3.78314e+03 7010657 1 4.9949e-02
+8.58696e+04 -3.78335e+03 7010658 1 4.4220e-02
+8.69833e+04 -3.78352e+03 7010659 1 3.8884e-02
+8.80969e+04 -3.78366e+03 7010660 1 3.4136e-02
+8.92104e+04 -3.78375e+03 7010661 1 3.0277e-02
+9.03239e+04 -3.78381e+03 7010662 1 2.7715e-02
+4.74676e+04 -2.48846e+03 7010663 1 2.3366e-01
+4.86051e+04 -2.48945e+03 7010664 1 2.3160e-01
+4.97418e+04 -2.49041e+03 7010665 1 2.2920e-01
+5.08777e+04 -2.49135e+03 7010666 1 2.2650e-01
+5.20128e+04 -2.49224e+03 7010667 1 2.2348e-01
+5.31471e+04 -2.49311e+03 7010668 1 2.2016e-01
+5.42806e+04 -2.49394e+03 7010669 1 2.1656e-01
+5.54135e+04 -2.49474e+03 7010670 1 2.1269e-01
+5.65457e+04 -2.49550e+03 7010671 1 2.0854e-01
+5.76771e+04 -2.49623e+03 7010672 1 2.0415e-01
+5.88080e+04 -2.49693e+03 7010673 1 1.9951e-01
+5.99383e+04 -2.49760e+03 7010674 1 1.9463e-01
+6.10679e+04 -2.49823e+03 7010675 1 1.8954e-01
+6.21971e+04 -2.49883e+03 7010676 1 1.8423e-01
+6.33257e+04 -2.49940e+03 7010677 1 1.7872e-01
+6.44538e+04 -2.49994e+03 7010678 1 1.7302e-01
+6.55814e+04 -2.50045e+03 7010679 1 1.6696e-01
+6.67086e+04 -2.50093e+03 7010680 1 1.6072e-01
+6.78353e+04 -2.50138e+03 7010681 1 1.5436e-01
+6.89617e+04 -2.50180e+03 7010682 1 1.4790e-01
+7.00877e+04 -2.50220e+03 7010683 1 1.4129e-01
+7.12133e+04 -2.50256e+03 7010684 1 1.3458e-01
+7.23386e+04 -2.50291e+03 7010685 1 1.2779e-01
+7.34636e+04 -2.50323e+03 7010686 1 1.2090e-01
+7.45883e+04 -2.50352e+03 7010687 1 1.1393e-01
+7.57127e+04 -2.50380e+03 7010688 1 1.0687e-01
+7.68369e+04 -2.50404e+03 7010689 1 9.9752e-02
+7.79608e+04 -2.50427e+03 7010690 1 9.2574e-02
+7.90846e+04 -2.50448e+03 7010691 1 8.5355e-02
+8.02082e+04 -2.50467e+03 7010692 1 7.8098e-02
+8.13316e+04 -2.50483e+03 7010693 1 7.0818e-02
+8.24548e+04 -2.50498e+03 7010694 1 6.3542e-02
+8.35780e+04 -2.50511e+03 7010695 1 5.6285e-02
+8.47010e+04 -2.50522e+03 7010696 1 4.9086e-02
+8.58239e+04 -2.50531e+03 7010697 1 4.2001e-02
+8.69467e+04 -2.50539e+03 7010698 1 3.5125e-02
+8.80695e+04 -2.50545e+03 7010699 1 2.8632e-02
+8.91922e+04 -2.50549e+03 7010700 1 2.2867e-02
+9.03149e+04 -2.50551e+03 7010701 1 1.8562e-02
+4.71763e+04 -1.23367e+03 7010702 1 2.4828e-01
+4.83164e+04 -1.23393e+03 7010703 1 2.4609e-01
+4.94561e+04 -1.23419e+03 7010704 1 2.4354e-01
+5.05953e+04 -1.23443e+03 7010705 1 2.4065e-01
+5.17341e+04 -1.23467e+03 7010706 1 2.3742e-01
+5.28725e+04 -1.23489e+03 7010707 1 2.3389e-01
+5.40106e+04 -1.23511e+03 7010708 1 2.3004e-01
+5.51482e+04 -1.23532e+03 7010709 1 2.2590e-01
+5.62855e+04 -1.23552e+03 7010710 1 2.2147e-01
+5.74225e+04 -1.23570e+03 7010711 1 2.1677e-01
+5.85592e+04 -1.23588e+03 7010712 1 2.1181e-01
+5.96955e+04 -1.23605e+03 7010713 1 2.0660e-01
+6.08316e+04 -1.23622e+03 7010714 1 2.0115e-01
+6.19673e+04 -1.23637e+03 7010715 1 1.9547e-01
+6.31028e+04 -1.23651e+03 7010716 1 1.8958e-01
+6.42381e+04 -1.23665e+03 7010717 1 1.8348e-01
+6.53731e+04 -1.23678e+03 7010718 1 1.7719e-01
+6.65078e+04 -1.23689e+03 7010719 1 1.7072e-01
+6.76424e+04 -1.23701e+03 7010720 1 1.6407e-01
+6.87767e+04 -1.23711e+03 7010721 1 1.5726e-01
+6.99109e+04 -1.23721e+03 7010722 1 1.5030e-01
+7.10449e+04 -1.23730e+03 7010723 1 1.4319e-01
+7.21787e+04 -1.23738e+03 7010724 1 1.3595e-01
+7.33123e+04 -1.23746e+03 7010725 1 1.2859e-01
+7.44458e+04 -1.23753e+03 7010726 1 1.2111e-01
+7.55792e+04 -1.23760e+03 7010727 1 1.1352e-01
+7.67125e+04 -1.23766e+03 7010728 1 1.0584e-01
+7.78456e+04 -1.23771e+03 7010729 1 9.8065e-02
+7.89786e+04 -1.23776e+03 7010730 1 9.0213e-02
+8.01116e+04 -1.23780e+03 7010731 1 8.2290e-02
+8.12444e+04 -1.23784e+03 7010732 1 7.4306e-02
+8.23772e+04 -1.23788e+03 7010733 1 6.6270e-02
+8.35099e+04 -1.23791e+03 7010734 1 5.8193e-02
+8.46425e+04 -1.23793e+03 7010735 1 5.0088e-02
+8.57751e+04 -1.23795e+03 7010736 1 4.1973e-02
+8.69077e+04 -1.23797e+03 7010737 1 3.3876e-02
+8.80402e+04 -1.23798e+03 7010738 1 2.5853e-02
+8.91727e+04 -1.23799e+03 7010739 1 1.8040e-02
+9.03052e+04 -1.23800e+03 7010740 1 1.0943e-02
+4.68619e+04 -5.00218e+03 6010655 1 2.0900e-01
