+4.85020e+04 -5.72204e+04 4010078 1 5.6947e-01
+4.69569e+04 -5.84217e+04 4010036 1 5.8248e-01
+4.77286e+04 -5.68963e+04 4010077 1 5.6151e-01
+5.01367e+04 -5.95323e+04 4010040 1 6.0245e-01
+4.75799e+04 -5.30647e+04 4010157 1 5.2658e-01
+4.69697e+04 -5.65379e+04 4010076 1 5.6238e-01
+4.69283e+04 -5.46109e+04 4010116 1 5.4183e-01
+4.74105e+04 -5.10978e+04 4010197 1 5.1018e-01
+4.71673e+04 -4.91053e+04 4010237 1 4.9570e-01
+4.79458e+04 -4.95420e+04 4010238 1 4.9586e-01
+4.84475e+04 -6.25240e+04 2010778 1 6.3636e-01
+4.75316e+04 -6.39892e+04 2010737 1 6.5535e-01
+4.93153e+04 -6.10386e+04 2010819 1 6.1997e-01
+5.44897e+04 -6.02892e+04 5010004 1 6.1282e-01
+5.54074e+04 -6.03718e+04 5010005 1 6.1189e-01
+5.18283e+04 -5.99107e+04 5010001 1 6.0921e-01
+5.63395e+04 -6.04349e+04 5010006 1 6.0934e-01
+5.26996e+04 -6.00601e+04 5010002 1 6.0960e-01
+5.09740e+04 -5.97351e+04 5010000 1 6.0682e-01
+5.72857e+04 -6.04798e+04 5010007 1 6.0478e-01
+5.82455e+04 -6.05079e+04 5010008 1 5.9940e-01
+5.35869e+04 -6.01858e+04 5010003 1 6.1219e-01
+5.92177e+04 -6.05210e+04 5010009 1 5.9397e-01
+6.02016e+04 -6.05204e+04 5010010 1 5.8710e-01
+6.11965e+04 -6.05074e+04 5010011 1 5.7892e-01
+7.70508e+04 -5.95961e+04 5010026 1 3.4997e-01
+7.81470e+04 -5.95299e+04 5010027 1 3.2971e-01
+7.92459e+04 -5.94670e+04 5010028 1 3.0917e-01
+6.22020e+04 -6.04833e+04 5010012 1 5.6943e-01
+6.32172e+04 -6.04493e+04 5010013 1 5.5880e-01
+6.42418e+04 -6.04066e+04 5010014 1 5.4709e-01
+6.52750e+04 -6.03563e+04 5010015 1 5.3444e-01
+6.63163e+04 -6.02997e+04 5010016 1 5.2117e-01
+6.73650e+04 -6.02378e+04 5010017 1 5.0693e-01
+6.84204e+04 -6.01717e+04 5010018 1 4.9184e-01
+6.94820e+04 -6.01023e+04 5010019 1 4.7592e-01
+7.05494e+04 -6.00305e+04 5010020 1 4.5926e-01
+7.16221e+04 -5.99572e+04 5010021 1 4.4188e-01
+7.26997e+04 -5.98833e+04 5010022 1 4.2392e-01
+7.37817e+04 -5.98095e+04 5010023 1 4.0549e-01
+7.48678e+04 -5.97365e+04 5010024 1 3.8674e-01
+7.59576e+04 -5.96652e+04 5010025 1 3.6797e-01
+4.93162e+04 -5.93012e+04 4010039 1 5.9607e-01
+4.87269e+04 -4.99468e+04 4010239 1 4.9819e-01
+4.76169e+04 -6.22985e+04 2010777 1 6.2827e-01
+4.84909e+04 -6.08098e+04 2010818 1 6.1543e-01
+5.52221e+04 -5.87876e+04 5010043 1 5.9187e-01
+5.70459e+04 -5.89459e+04 5010045 1 5.9047e-01
+5.61275e+04 -5.88761e+04 5010044 1 5.9203e-01
+5.79769e+04 -5.89981e+04 5010046 1 5.8712e-01
+5.89201e+04 -5.90341e+04 5010047 1 5.8241e-01
+5.98749e+04 -5.90551e+04 5010048 1 5.7612e-01
+6.08412e+04 -5.90624e+04 5010049 1 5.6902e-01
+6.18178e+04 -5.90575e+04 5010050 1 5.6165e-01
+6.37995e+04 -5.90162e+04 5010052 1 5.4302e-01
+6.28041e+04 -5.90418e+04 5010051 1 5.5295e-01
+6.48036e+04 -5.89820e+04 5010053 1 5.3204e-01
+6.58158e+04 -5.89403e+04 5010054 1 5.2009e-01
+6.68356e+04 -5.88921e+04 5010055 1 5.0734e-01
+6.78627e+04 -5.88385e+04 5010056 1 4.9432e-01
+6.99360e+04 -5.87191e+04 5010058 1 4.6469e-01
+6.88964e+04 -5.87805e+04 5010057 1 4.7996e-01
+7.09813e+04 -5.86552e+04 5010059 1 4.4858e-01
+7.20316e+04 -5.85895e+04 5010060 1 4.3170e-01
+7.30866e+04 -5.85228e+04 5010061 1 4.1433e-01
+7.41460e+04 -5.84560e+04 5010062 1 3.9653e-01
+7.52093e+04 -5.83897e+04 5010063 1 3.7835e-01
+7.73466e+04 -5.82613e+04 5010065 1 3.4148e-01
+7.62763e+04 -5.83246e+04 5010064 1 3.5991e-01
+7.84199e+04 -5.82006e+04 5010066 1 3.2505e-01
+7.94960e+04 -5.81430e+04 5010067 1 3.0520e-01
+8.05744e+04 -5.80888e+04 5010068 1 2.8510e-01
+8.27373e+04 -5.79923e+04 5010070 1 2.4450e-01
+8.16549e+04 -5.80385e+04 5010069 1 2.6483e-01
+8.38213e+04 -5.79508e+04 5010071 1 2.2421e-01
+8.70809e+04 -5.78565e+04 5010074 1 1.6553e-01
+8.49067e+04 -5.79141e+04 5010072 1 2.0413e-01
+8.59933e+04 -5.78826e+04 5010073 1 1.8447e-01
+8.81693e+04 -5.78359e+04 5010075 1 1.4782e-01
+8.92582e+04 -5.78211e+04 5010076 1 1.3221e-01
+8.03471e+04 -5.94080e+04 5010029 1 2.8841e-01
+5.43303e+04 -5.86788e+04 5010042 1 5.9341e-01
+4.81790e+04 -5.15100e+04 4010198 1 5.1230e-01
+4.85123e+04 -5.90408e+04 4010038 1 5.8804e-01
+4.83440e+04 -5.34497e+04 4010158 1 5.3087e-01
+4.89534e+04 -5.18894e+04 4010199 1 5.1426e-01
+4.76857e+04 -6.05499e+04 2010817 1 6.0935e-01
+4.92896e+04 -5.75134e+04 4010079 1 5.7630e-01
+5.00918e+04 -5.77761e+04 4010080 1 5.8058e-01
+5.09096e+04 -5.80090e+04 4010081 1 5.8047e-01
+5.17428e+04 -5.82138e+04 5010039 1 5.8656e-01
+5.25907e+04 -5.83930e+04 5010040 1 5.9122e-01
+5.34532e+04 -5.85476e+04 5010041 1 5.9331e-01
+5.95609e+04 -5.75392e+04 5010086 1 5.6412e-01
+6.05002e+04 -5.75678e+04 5010087 1 5.5897e-01
+6.24089e+04 -5.75860e+04 5010089 1 5.4470e-01
+6.33776e+04 -5.75781e+04 5010090 1 5.3627e-01
+6.53401e+04 -5.75345e+04 5010092 1 5.1694e-01
+6.14497e+04 -5.75830e+04 5010088 1 5.5242e-01
+6.43549e+04 -5.75606e+04 5010091 1 5.2717e-01
+6.73329e+04 -5.74608e+04 5010094 1 4.9333e-01
+6.63329e+04 -5.75009e+04 5010093 1 5.0559e-01
+6.83395e+04 -5.74151e+04 5010095 1 4.8039e-01
+6.93524e+04 -5.73650e+04 5010096 1 4.6693e-01
+7.03712e+04 -5.73113e+04 5010097 1 4.5378e-01
+7.13955e+04 -5.72549e+04 5010098 1 4.3857e-01
+7.24247e+04 -5.71966e+04 5010099 1 4.2259e-01
+7.34584e+04 -5.71371e+04 5010100 1 4.0593e-01
+7.65832e+04 -5.69584e+04 5010103 1 3.5244e-01
+7.76316e+04 -5.69008e+04 5010104 1 3.3428e-01
+7.44962e+04 -5.70771e+04 5010101 1 3.8863e-01
+7.86830e+04 -5.68454e+04 5010105 1 3.1637e-01
+8.18522e+04 -5.66972e+04 5010108 1 2.6275e-01
+7.55379e+04 -5.70173e+04 5010102 1 3.7077e-01
+8.07936e+04 -5.67432e+04 5010107 1 2.8230e-01
+7.97371e+04 -5.67926e+04 5010106 1 2.9973e-01
+8.39747e+04 -5.66169e+04 5010110 1 2.2347e-01
+8.50382e+04 -5.65833e+04 5010111 1 2.0397e-01
+8.29127e+04 -5.66550e+04 5010109 1 2.4311e-01
+8.93018e+04 -5.64977e+04 5010115 1 1.3290e-01
+8.61028e+04 -5.65544e+04 5010112 1 1.8479e-01
+8.82348e+04 -5.65114e+04 5010114 1 1.4865e-01
+9.03691e+04 -5.64894e+04 5010116 1 1.2064e-01
+4.76831e+04 -5.49996e+04 4010117 1 5.4379e-01
+4.77261e+04 -5.87481e+04 4010037 1 5.8834e-01
+4.95118e+04 -5.03210e+04 4010240 1 5.0050e-01
+5.33075e+04 -5.68588e+04 5010079 1 5.6920e-01
+5.24646e+04 -5.66767e+04 5010078 1 5.6967e-01
+5.50326e+04 -5.71525e+04 5010081 1 5.7489e-01
+5.41637e+04 -5.70167e+04 5010080 1 5.7275e-01
+5.68079e+04 -5.73618e+04 5010083 1 5.7320e-01
+5.59140e+04 -5.72671e+04 5010082 1 5.7525e-01
+5.77142e+04 -5.74375e+04 5010084 1 5.7001e-01
+5.86321e+04 -5.74962e+04 5010085 1 5.6782e-01
+6.39221e+04 -5.60929e+04 5010129 1 5.2013e-01
+6.48822e+04 -5.60830e+04 5010130 1 5.1129e-01
+6.58501e+04 -5.60645e+04 5010131 1 5.0190e-01
+6.68250e+04 -5.60387e+04 5010132 1 4.9144e-01
+6.87943e+04 -5.59684e+04 5010134 1 4.6752e-01
+6.78066e+04 -5.60063e+04 5010133 1 4.7996e-01
+7.07870e+04 -5.58794e+04 5010136 1 4.4047e-01
+6.97880e+04 -5.59258e+04 5010135 1 4.5424e-01
+7.17913e+04 -5.58300e+04 5010137 1 4.2688e-01
+7.28004e+04 -5.57787e+04 5010138 1 4.1355e-01
+7.79050e+04 -5.55146e+04 5010143 1 3.2914e-01
+7.38140e+04 -5.57261e+04 5010139 1 3.9780e-01
+7.68773e+04 -5.55664e+04 5010142 1 3.4700e-01
+7.58527e+04 -5.56193e+04 5010141 1 3.6446e-01
+8.10041e+04 -5.53710e+04 5010146 1 2.7731e-01
+7.48315e+04 -5.56727e+04 5010140 1 3.8141e-01
+7.99686e+04 -5.54164e+04 5010145 1 2.9296e-01
+8.41222e+04 -5.52562e+04 5010149 1 2.2369e-01
+8.72526e+04 -5.51772e+04 5010152 1 1.6843e-01
+6.29702e+04 -5.60931e+04 5010128 1 5.2813e-01
+8.82978e+04 -5.51599e+04 5010153 1 1.5129e-01
+8.20417e+04 -5.53292e+04 5010147 1 2.6137e-01
+8.93437e+04 -5.51473e+04 5010154 1 1.3570e-01
+9.03899e+04 -5.51396e+04 5010155 1 1.2322e-01
+8.51645e+04 -5.52255e+04 5010150 1 2.0493e-01
+4.68995e+04 -6.02577e+04 2010816 1 6.0173e-01
+5.08195e+04 -5.62337e+04 4010121 1 5.6124e-01
+4.84488e+04 -5.53552e+04 4010118 1 5.5028e-01
+4.92262e+04 -5.56790e+04 4010119 1 5.5538e-01
+5.16355e+04 -5.64685e+04 4010122 1 5.6643e-01
+5.00163e+04 -5.59712e+04 4010120 1 5.5522e-01
+5.48298e+04 -5.54702e+04 5010119 1 5.5511e-01
+5.56919e+04 -5.56097e+04 5010120 1 5.5376e-01
+5.65654e+04 -5.57286e+04 5010121 1 5.5495e-01
+5.92502e+04 -5.59756e+04 5010124 1 5.4946e-01
+5.74497e+04 -5.58285e+04 5010122 1 5.5474e-01
+5.83447e+04 -5.59105e+04 5010123 1 5.5306e-01
+6.10918e+04 -5.60603e+04 5010126 1 5.4057e-01
+6.01662e+04 -5.60250e+04 5010125 1 5.4487e-01
+6.20266e+04 -5.60826e+04 5010127 1 5.3495e-01
+7.02018e+04 -5.44632e+04 5010174 1 4.4286e-01
+7.91767e+04 -5.40575e+04 5010183 1 3.0769e-01
+6.72911e+04 -5.45543e+04 5010171 1 4.7702e-01
+7.21682e+04 -5.43815e+04 5010176 1 4.1585e-01
+8.52855e+04 -5.38410e+04 5010189 1 2.0709e-01
+6.82557e+04 -5.45292e+04 5010172 1 4.6679e-01
+7.11826e+04 -5.44239e+04 5010175 1 4.2968e-01
+6.92260e+04 -5.44986e+04 5010173 1 4.5526e-01
+6.63331e+04 -5.45729e+04 5010170 1 4.8651e-01
+5.39796e+04 -5.53082e+04 5010118 1 5.5341e-01
+8.12054e+04 -5.39732e+04 5010185 1 2.7275e-01
+7.71579e+04 -5.41488e+04 5010181 1 3.4190e-01
+7.51510e+04 -5.42432e+04 5010179 1 3.7442e-01
+7.61529e+04 -5.41959e+04 5010180 1 3.5841e-01
+7.31583e+04 -5.43366e+04 5010177 1 4.0154e-01
+6.53817e+04 -5.45841e+04 5010169 1 4.9575e-01
+7.41527e+04 -5.42902e+04 5010178 1 3.8914e-01
+8.63088e+04 -5.38170e+04 5010190 1 1.8950e-01
+5.31409e+04 -5.51230e+04 5010117 1 5.5017e-01
+7.81660e+04 -5.41025e+04 5010182 1 3.2496e-01
+8.01899e+04 -5.40142e+04 5010184 1 2.9021e-01
+5.14977e+04 -5.46781e+04 4010162 1 5.4483e-01
+8.71684e+04 -5.65304e+04 5010113 1 1.6620e-01
+8.30812e+04 -5.52909e+04 5010148 1 2.4254e-01
+8.62081e+04 -5.51991e+04 5010151 1 1.8644e-01
+8.93838e+04 -5.37698e+04 5010193 1 1.4090e-01
+8.22229e+04 -5.39349e+04 5010186 1 2.5777e-01
+8.83582e+04 -5.37812e+04 5010192 1 1.5596e-01
+6.25705e+04 -5.45626e+04 5010166 1 5.1731e-01
+5.23136e+04 -5.49135e+04 4010163 1 5.4568e-01
+6.35000e+04 -5.45799e+04 5010167 1 5.1125e-01
+6.16489e+04 -5.45338e+04 5010165 1 5.2299e-01
+5.89371e+04 -5.43656e+04 5010162 1 5.3374e-01
+6.07361e+04 -5.44920e+04 5010164 1 5.2788e-01
+5.06935e+04 -5.44149e+04 4010161 1 5.4132e-01
+5.98321e+04 -5.44363e+04 5010163 1 5.3143e-01
+6.44372e+04 -5.45868e+04 5010168 1 5.0403e-01
+5.80513e+04 -5.42787e+04 5010161 1 5.3473e-01
+5.71751e+04 -5.41743e+04 5010160 1 5.3687e-01
+8.23954e+04 -5.25148e+04 5010225 1 2.5549e-01
+4.91171e+04 -5.38024e+04 4010159 1 5.3115e-01
+4.99002e+04 -5.41233e+04 4010160 1 5.3675e-01
+5.63090e+04 -5.40509e+04 5010159 1 5.3699e-01
+7.94059e+04 -5.26248e+04 5010222 1 3.0496e-01
+5.54529e+04 -5.39075e+04 5010158 1 5.3570e-01
+5.29444e+04 -5.33450e+04 4010204 1 5.2992e-01
+5.37704e+04 -5.35561e+04 5010156 1 5.3229e-01
+5.46067e+04 -5.37429e+04 5010157 1 5.3324e-01
+4.97347e+04 -5.22380e+04 4010200 1 5.1820e-01
+5.21282e+04 -5.31089e+04 4010203 1 5.2638e-01
+7.64377e+04 -5.27475e+04 5010219 1 3.5269e-01
+8.13969e+04 -5.25493e+04 5010224 1 2.7184e-01
+5.13214e+04 -5.28467e+04 4010202 1 5.2227e-01
+7.54541e+04 -5.27892e+04 5010218 1 3.6484e-01
+7.89355e+04 -5.54644e+04 5010144 1 3.1097e-01
+8.32423e+04 -5.39001e+04 5010187 1 2.4284e-01
+8.74099e+04 -5.23901e+04 5010230 1 1.7803e-01
+7.84139e+04 -5.26649e+04 5010221 1 3.2124e-01
+8.54006e+04 -5.24298e+04 5010228 1 2.1048e-01
+6.12703e+04 -5.29412e+04 5010203 1 5.0990e-01
+6.58519e+04 -5.30647e+04 5010208 1 4.8060e-01
+6.86797e+04 -5.30302e+04 5010211 1 4.5264e-01
+6.39977e+04 -5.30475e+04 5010206 1 4.9470e-01
+6.21720e+04 -5.29887e+04 5010204 1 5.0585e-01
+6.67886e+04 -5.30604e+04 5010209 1 4.7212e-01
+6.96337e+04 -5.30063e+04 5010212 1 4.4317e-01
+6.30812e+04 -5.30238e+04 5010205 1 5.0077e-01
+6.49215e+04 -5.30607e+04 5010207 1 4.8809e-01
+7.15568e+04 -5.29452e+04 5010214 1 4.1939e-01
+7.44741e+04 -5.28307e+04 5010217 1 3.7888e-01
+7.34976e+04 -5.28709e+04 5010216 1 3.9287e-01
+6.77313e+04 -5.30486e+04 5010210 1 4.6273e-01
+7.74244e+04 -5.27059e+04 5010220 1 3.3718e-01
+7.05929e+04 -5.29777e+04 5010213 1 4.3167e-01
+6.03764e+04 -5.28801e+04 5010202 1 5.1282e-01
+5.94904e+04 -5.28045e+04 5010201 1 5.1570e-01
+7.25251e+04 -5.29093e+04 5010215 1 4.0642e-01
+5.77441e+04 -5.26041e+04 5010199 1 5.1811e-01
+5.86130e+04 -5.27128e+04 5010200 1 5.1756e-01
+5.68837e+04 -5.24773e+04 5010198 1 5.1757e-01
+5.05237e+04 -5.25570e+04 4010201 1 5.2128e-01
+5.60317e+04 -5.23313e+04 5010197 1 5.1700e-01
+5.43543e+04 -5.19759e+04 5010195 1 5.1423e-01
+5.35283e+04 -5.17645e+04 4010245 1 5.1113e-01
+5.51887e+04 -5.21645e+04 5010196 1 5.1637e-01
+5.27103e+04 -5.15290e+04 4010244 1 5.0924e-01
+5.40653e+04 -5.01736e+04 4010286 1 4.9480e-01
+5.10978e+04 -5.09801e+04 4010242 1 5.0451e-01
+5.19004e+04 -5.12678e+04 4010243 1 5.0727e-01
+5.57262e+04 -5.05739e+04 5010235 1 4.9812e-01
+5.48922e+04 -5.03849e+04 5010234 1 4.9608e-01
+5.24311e+04 -4.96798e+04 4010284 1 4.9029e-01
+5.70591e+04 -4.91418e+04 5010275 1 4.8181e-01
+5.03018e+04 -5.06651e+04 4010241 1 5.0143e-01
+5.32451e+04 -4.99388e+04 4010285 1 4.9268e-01
+5.65672e+04 -5.07422e+04 5010236 1 4.9966e-01
+6.17678e+04 -5.13738e+04 5010242 1 4.9250e-01
+9.04098e+04 -5.37627e+04 5010194 1 1.2858e-01
+8.73331e+04 -5.37970e+04 5010191 1 1.7235e-01
+8.42632e+04 -5.38688e+04 5010188 1 2.2492e-01
+8.04003e+04 -5.25861e+04 5010223 1 2.8845e-01
+8.43975e+04 -5.24548e+04 5010227 1 2.2719e-01
+6.53748e+04 -5.15157e+04 5010246 1 4.7247e-01
+6.35584e+04 -5.14670e+04 5010244 1 4.8420e-01
+6.44635e+04 -5.14964e+04 5010245 1 4.7877e-01
+7.00172e+04 -5.14926e+04 5010251 1 4.2991e-01
+6.81444e+04 -5.15222e+04 5010249 1 4.4941e-01
+6.72156e+04 -5.15276e+04 5010248 1 4.5799e-01
+7.28613e+04 -5.14141e+04 5010254 1 3.9732e-01
+6.62923e+04 -5.15257e+04 5010247 1 4.6556e-01
+7.09608e+04 -5.14701e+04 5010252 1 4.1943e-01
+8.15781e+04 -5.10998e+04 5010263 1 2.7181e-01
+7.19090e+04 -5.14437e+04 5010253 1 4.0938e-01
+6.26598e+04 -5.14264e+04 5010243 1 4.8867e-01
+8.35409e+04 -5.10404e+04 5010265 1 2.4149e-01
+8.45247e+04 -5.10148e+04 5010266 1 2.3049e-01
+9.04468e+04 -5.09287e+04 5010272 1 1.4935e-01
+6.90783e+04 -5.15102e+04 5010250 1 4.3999e-01
+6.08830e+04 -5.13079e+04 5010241 1 4.9576e-01
+6.00052e+04 -5.12276e+04 5010240 1 4.9795e-01
+5.91347e+04 -5.11320e+04 5010239 1 4.9917e-01
+8.94583e+04 -5.09345e+04 5010271 1 1.5930e-01
+5.82714e+04 -5.10201e+04 5010238 1 4.9932e-01
+5.74156e+04 -5.08906e+04 5010237 1 5.0024e-01
+7.86482e+04 -5.12022e+04 5010260 1 3.1801e-01
+5.62190e+04 -4.89730e+04 5010274 1 4.8113e-01
+5.16227e+04 -4.93955e+04 4010283 1 4.8894e-01
+6.13519e+04 -4.97205e+04 5010280 1 4.7863e-01
+5.08194e+04 -4.90843e+04 4010282 1 4.8756e-01
+5.96160e+04 -4.95380e+04 5010278 1 4.8196e-01
+5.87575e+04 -4.94232e+04 5010277 1 4.8278e-01
+5.79053e+04 -4.92915e+04 5010276 1 4.8275e-01
+5.53848e+04 -4.87838e+04 5010273 1 4.7984e-01
+8.85629e+04 -7.37486e+04 3010310 1 2.4342e-01
+9.00028e+04 -7.37301e+04 3010311 1 2.3704e-01
+8.94221e+04 -5.23654e+04 5010232 1 1.4881e-01
+8.64048e+04 -5.24081e+04 5010229 1 1.9402e-01
+8.33957e+04 -5.24830e+04 5010226 1 2.4318e-01
+6.22291e+04 -4.97906e+04 5010281 1 4.7595e-01
+6.04809e+04 -4.96367e+04 5010279 1 4.8038e-01
+6.31122e+04 -4.98479e+04 5010282 1 4.7238e-01
+6.57969e+04 -4.99524e+04 5010285 1 4.5746e-01
+7.30120e+04 -7.36661e+04 3010338 1 4.3129e-01
+7.44338e+04 -7.35349e+04 3010339 1 4.0829e-01
+7.58549e+04 -7.34119e+04 3010340 1 3.8579e-01
+7.72752e+04 -7.32975e+04 3010341 1 3.6378e-01
+7.86947e+04 -7.31925e+04 3010342 1 3.4232e-01
+8.01134e+04 -7.30972e+04 3010343 1 3.2181e-01
+8.15313e+04 -7.30120e+04 3010344 1 3.0249e-01
+8.29485e+04 -7.29373e+04 3010345 1 2.8428e-01
+8.43650e+04 -7.28735e+04 3010346 1 2.6744e-01
+8.57811e+04 -7.28210e+04 3010347 1 2.5251e-01
+8.71967e+04 -7.27799e+04 3010348 1 2.4011e-01
+8.86120e+04 -7.27503e+04 3010349 1 2.3017e-01
+9.00271e+04 -7.27323e+04 3010350 1 2.2325e-01
+9.04288e+04 -5.23590e+04 5010233 1 1.3724e-01
+8.25587e+04 -5.10690e+04 5010264 1 2.5635e-01
+8.05994e+04 -5.11326e+04 5010262 1 2.8736e-01
+7.57404e+04 -5.13116e+04 5010257 1 3.5798e-01
+6.40014e+04 -4.98933e+04 5010283 1 4.6804e-01
+8.65814e+04 -4.95120e+04 5010307 1 2.0706e-01
+8.17486e+04 -4.96253e+04 5010302 1 2.7253e-01
+6.76137e+04 -4.99756e+04 5010287 1 4.4382e-01
+7.41172e+04 -4.98699e+04 5010294 1 3.7690e-01
+6.48964e+04 -4.99278e+04 5010284 1 4.6318e-01
+6.67027e+04 -4.99681e+04 5010286 1 4.5096e-01
+7.69594e+04 -4.97791e+04 5010297 1 3.3913e-01
+8.27124e+04 -4.95979e+04 5010303 1 2.5820e-01
+8.36777e+04 -4.95725e+04 5010304 1 2.4422e-01
+6.36269e+04 -7.36645e+04 3010370 1 5.8771e-01
+6.50117e+04 -7.35052e+04 3010371 1 5.6472e-01
+6.63992e+04 -7.33476e+04 3010372 1 5.4156e-01
+6.77886e+04 -7.31929e+04 3010373 1 5.1826e-01
+6.91794e+04 -7.30421e+04 3010374 1 4.9482e-01
+7.05712e+04 -7.28960e+04 3010375 1 4.7135e-01
+7.19637e+04 -7.27555e+04 3010376 1 4.4784e-01
+7.33564e+04 -7.26215e+04 3010377 1 4.2467e-01
+7.47493e+04 -7.24946e+04 3010378 1 4.0170e-01
+7.61421e+04 -7.23754e+04 3010379 1 3.7876e-01
+7.75346e+04 -7.22646e+04 3010380 1 3.5623e-01
+7.89267e+04 -7.21628e+04 3010381 1 3.3436e-01
+8.03185e+04 -7.20704e+04 3010382 1 3.1351e-01
+8.17099e+04 -7.19878e+04 3010383 1 2.9350e-01
+8.31009e+04 -7.19153e+04 3010384 1 2.7456e-01
+8.44916e+04 -7.18535e+04 3010385 1 2.5700e-01
+8.58820e+04 -7.18027e+04 3010386 1 2.4159e-01
+8.72721e+04 -7.17628e+04 3010387 1 2.2844e-01
+8.86621e+04 -7.17340e+04 3010388 1 2.1787e-01
+9.00519e+04 -7.17166e+04 3010389 1 2.1045e-01
+8.84157e+04 -5.23758e+04 5010231 1 1.6279e-01
+7.96227e+04 -5.11668e+04 5010261 1 3.0280e-01
+7.47772e+04 -5.13474e+04 5010256 1 3.7150e-01
+6.85297e+04 -4.99759e+04 5010288 1 4.3642e-01
+8.75511e+04 -4.94976e+04 5010308 1 1.9411e-01
+7.03757e+04 -4.99581e+04 5010290 1 4.1846e-01
+9.04637e+04 -4.94724e+04 5010311 1 1.6426e-01
+7.79126e+04 -4.97471e+04 5010298 1 3.2627e-01
+5.36166e+04 -7.36699e+04 3010401 1 7.3267e-01
+5.49053e+04 -7.35550e+04 3010402 1 7.1692e-01
+5.62064e+04 -7.34299e+04 3010403 1 7.0001e-01
+5.75184e+04 -7.32962e+04 3010404 1 6.8198e-01
+5.88397e+04 -7.31557e+04 3010405 1 6.6298e-01
+6.01692e+04 -7.30100e+04 3010406 1 6.4316e-01
+6.15056e+04 -7.28606e+04 3010407 1 6.2260e-01
+6.28479e+04 -7.27090e+04 3010408 1 6.0138e-01
+6.41951e+04 -7.25563e+04 3010409 1 5.7973e-01
+6.55464e+04 -7.24040e+04 3010410 1 5.5731e-01
+6.69011e+04 -7.22531e+04 3010411 1 5.3438e-01
+6.82583e+04 -7.21048e+04 3010412 1 5.1122e-01
+6.96177e+04 -7.19600e+04 3010413 1 4.8782e-01
+7.09787e+04 -7.18196e+04 3010414 1 4.6443e-01
+7.23409e+04 -7.16845e+04 3010415 1 4.4111e-01
+7.37041e+04 -7.15554e+04 3010416 1 4.1779e-01
+7.50680e+04 -7.14331e+04 3010417 1 3.9458e-01
+7.64323e+04 -7.13182e+04 3010418 1 3.7153e-01
+7.77968e+04 -7.12114e+04 3010419 1 3.4888e-01
+7.91615e+04 -7.11131e+04 3010420 1 3.2688e-01
+8.05261e+04 -7.10238e+04 3010421 1 3.0547e-01
+8.18908e+04 -7.09439e+04 3010422 1 2.8489e-01
+8.32554e+04 -7.08740e+04 3010423 1 2.6535e-01
+8.46199e+04 -7.08143e+04 3010424 1 2.4729e-01
+8.59843e+04 -7.07652e+04 3010425 1 2.3137e-01
+8.73486e+04 -7.07266e+04 3010426 1 2.1753e-01
+8.87129e+04 -7.06988e+04 3010427 1 2.0632e-01
+9.00771e+04 -7.06819e+04 3010428 1 1.9842e-01
+7.67067e+04 -5.12750e+04 5010258 1 3.4442e-01
+8.64957e+04 -5.09730e+04 5010268 1 1.9993e-01
+7.38175e+04 -5.13818e+04 5010255 1 3.8467e-01
+8.84702e+04 -5.09439e+04 5010270 1 1.7164e-01
+7.60090e+04 -4.98106e+04 5010296 1 3.5203e-01
+8.07866e+04 -4.96542e+04 5010301 1 2.8693e-01
+8.94925e+04 -4.94777e+04 5010310 1 1.7186e-01
+7.88683e+04 -4.97153e+04 5010299 1 3.1452e-01
+4.73082e+04 -7.27864e+04 3010434 1 7.7139e-01
+4.84483e+04 -7.27824e+04 3010435 1 7.6748e-01
+4.96121e+04 -7.27561e+04 3010436 1 7.6140e-01
+5.07974e+04 -7.27097e+04 3010437 1 7.5330e-01
+5.20022e+04 -7.26453e+04 3010438 1 7.4344e-01
+5.32248e+04 -7.25651e+04 3010439 1 7.3189e-01
+5.44632e+04 -7.24708e+04 3010440 1 7.1866e-01
+5.57157e+04 -7.23645e+04 3010441 1 7.0377e-01
+5.69809e+04 -7.22479e+04 3010442 1 6.8761e-01
+5.82571e+04 -7.21227e+04 3010443 1 6.7029e-01
+5.95431e+04 -7.19907e+04 3010444 1 6.5199e-01
+6.08377e+04 -7.18534e+04 3010445 1 6.3279e-01
+6.21396e+04 -7.17122e+04 3010446 1 6.1283e-01
+6.34479e+04 -7.15684e+04 3010447 1 5.9215e-01
+6.47618e+04 -7.14235e+04 3010448 1 5.7088e-01
+6.60803e+04 -7.12785e+04 3010449 1 5.4908e-01
+6.74027e+04 -7.11347e+04 3010450 1 5.2653e-01
+6.87283e+04 -7.09932e+04 3010451 1 5.0370e-01
+7.00567e+04 -7.08547e+04 3010452 1 4.8064e-01
+7.13872e+04 -7.07204e+04 3010453 1 4.5743e-01
+7.27196e+04 -7.05910e+04 3010454 1 4.3407e-01
+7.40534e+04 -7.04672e+04 3010455 1 4.1069e-01
+7.53884e+04 -7.03499e+04 3010456 1 3.8731e-01
+7.67243e+04 -7.02396e+04 3010457 1 3.6437e-01
+7.80608e+04 -7.01369e+04 3010458 1 3.4173e-01
+7.93979e+04 -7.00424e+04 3010459 1 3.1947e-01
+8.07354e+04 -6.99565e+04 3010460 1 2.9770e-01
+8.20732e+04 -6.98797e+04 3010461 1 2.7663e-01
+8.34112e+04 -6.98124e+04 3010462 1 2.5656e-01
+8.47493e+04 -6.97550e+04 3010463 1 2.3833e-01
+8.60875e+04 -6.97076e+04 3010464 1 2.2176e-01
+8.74258e+04 -6.96704e+04 3010465 1 2.0732e-01
+8.87642e+04 -6.96437e+04 3010466 1 1.9556e-01
+9.01025e+04 -6.96275e+04 3010467 1 1.8730e-01
+7.76761e+04 -5.12383e+04 5010259 1 3.3288e-01
+8.55097e+04 -5.09924e+04 5010267 1 2.1505e-01
+8.74826e+04 -5.09568e+04 5010269 1 1.8536e-01
+6.94505e+04 -4.99698e+04 5010289 1 4.2780e-01
+7.50615e+04 -4.98410e+04 5010295 1 3.6466e-01
+8.46444e+04 -4.95494e+04 5010305 1 2.3153e-01
+8.85216e+04 -4.94861e+04 5010309 1 1.8218e-01
+7.31761e+04 -4.98966e+04 5010293 1 3.8796e-01
+4.72534e+04 -7.14872e+04 3010472 1 7.5793e-01
+4.83377e+04 -7.15136e+04 3010473 1 7.5464e-01
+4.94467e+04 -7.15160e+04 3010474 1 7.4848e-01
+5.05784e+04 -7.14968e+04 3010475 1 7.4323e-01
+5.17308e+04 -7.14581e+04 3010476 1 7.3601e-01
+5.29021e+04 -7.14019e+04 3010477 1 7.2692e-01
+5.40907e+04 -7.13300e+04 3010478 1 7.1614e-01
+5.52949e+04 -7.12444e+04 3010479 1 7.0383e-01
+5.65132e+04 -7.11469e+04 3010480 1 6.8980e-01
+5.77441e+04 -7.10392e+04 3010481 1 6.7442e-01
+5.89862e+04 -7.09229e+04 3010482 1 6.5787e-01
+6.02383e+04 -7.07997e+04 3010483 1 6.4029e-01
+6.14992e+04 -7.06710e+04 3010484 1 6.2174e-01
+6.27679e+04 -7.05382e+04 3010485 1 6.0236e-01
+6.40433e+04 -7.04028e+04 3010486 1 5.8223e-01
+6.53247e+04 -7.02658e+04 3010487 1 5.6150e-01
+6.66112e+04 -7.01286e+04 3010488 1 5.4023e-01
+6.79022e+04 -6.99922e+04 3010489 1 5.1841e-01
+6.91969e+04 -6.98577e+04 3010490 1 4.9590e-01
+7.04948e+04 -6.97260e+04 3010491 1 4.7306e-01
+7.17953e+04 -6.95980e+04 3010492 1 4.4998e-01
+7.30982e+04 -6.94745e+04 3010493 1 4.2673e-01
+7.44029e+04 -6.93564e+04 3010494 1 4.0357e-01
+7.57092e+04 -6.92443e+04 3010495 1 3.8048e-01
+7.70169e+04 -6.91388e+04 3010496 1 3.5747e-01
+7.83256e+04 -6.90405e+04 3010497 1 3.3465e-01
+7.96352e+04 -6.89500e+04 3010498 1 3.1213e-01
+8.09455e+04 -6.88678e+04 3010499 1 2.9009e-01
+8.22563e+04 -6.87942e+04 3010500 1 2.6867e-01
+8.35676e+04 -6.87298e+04 3010501 1 2.4863e-01
+8.48793e+04 -6.86747e+04 3010502 1 2.2988e-01
+8.61912e+04 -6.86291e+04 3010503 1 2.1276e-01
+8.75034e+04 -6.85935e+04 3010504 1 1.9774e-01
+8.88157e+04 -6.85678e+04 3010505 1 1.8546e-01
+9.01281e+04 -6.85523e+04 3010506 1 1.7677e-01
+7.13052e+04 -4.99415e+04 5010291 1 4.0853e-01
+7.22387e+04 -4.99207e+04 5010292 1 3.9819e-01
+7.98264e+04 -4.96843e+04 5010300 1 3.0122e-01
+8.56124e+04 -4.95293e+04 5010306 1 2.2069e-01
+4.72515e+04 -7.01195e+04 3010510 1 7.4040e-01
+4.82828e+04 -7.01776e+04 3010511 1 7.4095e-01
+4.93390e+04 -7.02107e+04 3010512 1 7.3918e-01
+5.04186e+04 -7.02206e+04 3010513 1 7.3536e-01
+5.15199e+04 -7.02094e+04 3010514 1 7.2941e-01
+5.26412e+04 -7.01790e+04 3010515 1 7.2140e-01
+5.37809e+04 -7.01313e+04 3010516 1 7.1079e-01
+5.49377e+04 -7.00681e+04 3010517 1 6.9995e-01
+5.61096e+04 -6.99914e+04 3010518 1 6.8839e-01
+5.72955e+04 -6.99029e+04 3010519 1 6.7517e-01
+5.84938e+04 -6.98042e+04 3010520 1 6.6065e-01
+5.97033e+04 -6.96970e+04 3010521 1 6.4490e-01
+6.09230e+04 -6.95828e+04 3010522 1 6.2803e-01
+6.21516e+04 -6.94630e+04 3010523 1 6.1022e-01
+6.33883e+04 -6.93389e+04 3010524 1 5.9151e-01
+6.46320e+04 -6.92120e+04 3010525 1 5.7200e-01
+6.58820e+04 -6.90833e+04 3010526 1 5.5176e-01
+6.71374e+04 -6.89540e+04 3010527 1 5.3093e-01
+6.83977e+04 -6.88253e+04 3010528 1 5.0954e-01
+6.96622e+04 -6.86981e+04 3010529 1 4.8753e-01
+7.09302e+04 -6.85733e+04 3010530 1 4.6512e-01
+7.22013e+04 -6.84519e+04 3010531 1 4.4247e-01
+7.34751e+04 -6.83347e+04 3010532 1 4.1961e-01
+7.47512e+04 -6.82224e+04 3010533 1 3.9661e-01
+7.60292e+04 -6.81157e+04 3010534 1 3.7356e-01
+7.73089e+04 -6.80152e+04 3010535 1 3.5053e-01
+7.85900e+04 -6.79216e+04 3010536 1 3.2760e-01
+7.98722e+04 -6.78353e+04 3010537 1 3.0494e-01
+8.11554e+04 -6.77569e+04 3010538 1 2.8275e-01
+8.24394e+04 -6.76867e+04 3010539 1 2.6153e-01
+8.37241e+04 -6.76251e+04 3010540 1 2.4117e-01
+8.50094e+04 -6.75724e+04 3010541 1 2.2196e-01
+8.62950e+04 -6.75289e+04 3010542 1 2.0433e-01
+8.75810e+04 -6.74948e+04 3010543 1 1.8875e-01
+8.88673e+04 -6.74703e+04 3010544 1 1.7597e-01
+9.01536e+04 -6.74555e+04 3010545 1 1.6687e-01
+4.72894e+04 -6.86853e+04 3010548 1 7.1760e-01
+4.82717e+04 -6.87757e+04 3010549 1 7.2110e-01
+4.92789e+04 -6.88399e+04 3010550 1 7.2223e-01
+5.03095e+04 -6.88798e+04 3010551 1 7.2125e-01
+5.13622e+04 -6.88972e+04 3010552 1 7.1806e-01
+5.24355e+04 -6.88940e+04 3010553 1 7.1295e-01
+5.35278e+04 -6.88722e+04 3010554 1 7.0601e-01
+5.46379e+04 -6.88333e+04 3010555 1 6.9737e-01
+5.57642e+04 -6.87794e+04 3010556 1 6.8704e-01
+5.69055e+04 -6.87120e+04 3010557 1 6.7508e-01
+5.80605e+04 -6.86328e+04 3010558 1 6.6133e-01
+5.92279e+04 -6.85433e+04 3010559 1 6.4637e-01
+6.04065e+04 -6.84454e+04 3010560 1 6.3141e-01
+6.15952e+04 -6.83403e+04 3010561 1 6.1531e-01
+6.27930e+04 -6.82295e+04 3010562 1 5.9817e-01
+6.39989e+04 -6.81143e+04 3010563 1 5.8011e-01
+6.52121e+04 -6.79960e+04 3010564 1 5.6123e-01
+6.64317e+04 -6.78757e+04 3010565 1 5.4164e-01
+6.76571e+04 -6.77546e+04 3010566 1 5.2137e-01
+6.88876e+04 -6.76337e+04 3010567 1 5.0052e-01
+7.01226e+04 -6.75140e+04 3010568 1 4.7918e-01
+7.13615e+04 -6.73964e+04 3010569 1 4.5721e-01
+7.26038e+04 -6.72818e+04 3010570 1 4.3487e-01
+7.38491e+04 -6.71710e+04 3010571 1 4.1226e-01
+7.50969e+04 -6.70647e+04 3010572 1 3.8945e-01
+7.63471e+04 -6.69636e+04 3010573 1 3.6652e-01
+7.75992e+04 -6.68683e+04 3010574 1 3.4355e-01
+7.88529e+04 -6.67795e+04 3010575 1 3.2065e-01
+8.01080e+04 -6.66976e+04 3010576 1 2.9827e-01
+8.13644e+04 -6.66230e+04 3010577 1 2.7627e-01
+8.26218e+04 -6.65563e+04 3010578 1 2.5482e-01
+8.38801e+04 -6.64977e+04 3010579 1 2.3417e-01
+8.51390e+04 -6.64475e+04 3010580 1 2.1459e-01
+8.63985e+04 -6.64061e+04 3010581 1 1.9653e-01
+8.76584e+04 -6.63737e+04 3010582 1 1.8052e-01
+8.89187e+04 -6.63504e+04 3010583 1 1.6728e-01
+9.01791e+04 -6.63363e+04 3010584 1 1.5787e-01
+4.73562e+04 -6.71848e+04 3010586 1 6.9988e-01
+4.82929e+04 -6.73089e+04 3010587 1 7.0325e-01
+4.92544e+04 -6.74053e+04 3010588 1 7.0372e-01
+5.02398e+04 -6.74757e+04 3010589 1 7.0246e-01
+5.12471e+04 -6.75225e+04 3010590 1 7.0194e-01
+5.22752e+04 -6.75474e+04 3010591 1 6.9939e-01
+5.33227e+04 -6.75523e+04 3010592 1 6.9506e-01
+5.43883e+04 -6.75390e+04 3010593 1 6.8888e-01
+5.54708e+04 -6.75090e+04 3010594 1 6.8104e-01
+5.65689e+04 -6.74642e+04 3010595 1 6.7151e-01
+5.76814e+04 -6.74061e+04 3010596 1 6.6048e-01
+5.88072e+04 -6.73364e+04 3010597 1 6.4801e-01
+5.99451e+04 -6.72566e+04 3010598 1 6.3429e-01
+6.10941e+04 -6.71680e+04 3010599 1 6.1926e-01
+6.22532e+04 -6.70723e+04 3010600 1 6.0300e-01
+6.34214e+04 -6.69706e+04 3010601 1 5.8584e-01
+6.45979e+04 -6.68644e+04 3010602 1 5.6850e-01
+6.57817e+04 -6.67548e+04 3010603 1 5.5029e-01
+6.69722e+04 -6.66431e+04 3010604 1 5.3130e-01
+6.81685e+04 -6.65302e+04 3010605 1 5.1159e-01
+6.93701e+04 -6.64173e+04 3010606 1 4.9128e-01
+7.05765e+04 -6.63052e+04 3010607 1 4.7037e-01
+7.17870e+04 -6.61949e+04 3010608 1 4.4890e-01
+7.30012e+04 -6.60872e+04 3010609 1 4.2692e-01
+7.42186e+04 -6.59829e+04 3010610 1 4.0463e-01
+7.54389e+04 -6.58828e+04 3010611 1 3.8212e-01
+7.66616e+04 -6.57875e+04 3010612 1 3.5961e-01
+7.78865e+04 -6.56975e+04 3010613 1 3.3704e-01
+7.91133e+04 -6.56135e+04 3010614 1 3.1451e-01
+8.03418e+04 -6.55360e+04 3010615 1 2.9214e-01
+8.15717e+04 -6.54655e+04 3010616 1 2.7007e-01
+8.28027e+04 -6.54022e+04 3010617 1 2.4849e-01
+8.40348e+04 -6.53467e+04 3010618 1 2.2762e-01
+8.52676e+04 -6.52992e+04 3010619 1 2.0777e-01
+8.65012e+04 -6.52599e+04 3010620 1 1.8934e-01
+8.77353e+04 -6.52292e+04 3010621 1 1.7291e-01
+8.89697e+04 -6.52071e+04 3010622 1 1.5929e-01
+9.02044e+04 -6.51938e+04 3010623 1 1.4964e-01
+4.74412e+04 -6.56183e+04 3010624 1 6.7506e-01
+4.83377e+04 -6.57759e+04 3010625 1 6.8132e-01
+4.92577e+04 -6.59052e+04 3010626 1 6.8566e-01
+5.02005e+04 -6.60079e+04 3010627 1 6.8791e-01
+5.11652e+04 -6.60855e+04 3010628 1 6.8781e-01
+5.21506e+04 -6.61399e+04 3010629 1 6.8562e-01
+5.31558e+04 -6.61726e+04 3010630 1 6.7979e-01
+5.41797e+04 -6.61855e+04 3010631 1 6.7616e-01
+5.52206e+04 -6.61805e+04 3010632 1 6.7074e-01
+5.62776e+04 -6.61594e+04 3010633 1 6.6360e-01
+5.73494e+04 -6.61237e+04 3010634 1 6.5486e-01
+5.84350e+04 -6.60749e+04 3010635 1 6.4457e-01
+5.95335e+04 -6.60145e+04 3010636 1 6.3297e-01
+6.06437e+04 -6.59442e+04 3010637 1 6.2001e-01
+6.17647e+04 -6.58651e+04 3010638 1 6.0588e-01
+6.28956e+04 -6.57787e+04 3010639 1 5.9065e-01
+6.40355e+04 -6.56864e+04 3010640 1 5.7439e-01
+6.51836e+04 -6.55892e+04 3010641 1 5.5722e-01
+6.63392e+04 -6.54885e+04 3010642 1 5.3905e-01
+6.75016e+04 -6.53853e+04 3010643 1 5.2062e-01
+6.86700e+04 -6.52808e+04 3010644 1 5.0154e-01
+6.98438e+04 -6.51759e+04 3010645 1 4.8180e-01
+7.10224e+04 -6.50715e+04 3010646 1 4.6148e-01
+7.22054e+04 -6.49685e+04 3010647 1 4.4060e-01
+7.33922e+04 -6.48679e+04 3010648 1 4.1918e-01
+7.45824e+04 -6.47702e+04 3010649 1 3.9744e-01
+7.57757e+04 -6.46763e+04 3010650 1 3.7540e-01
+7.69717e+04 -6.45867e+04 3010651 1 3.5318e-01
+7.81700e+04 -6.45022e+04 3010652 1 3.3084e-01
+7.93704e+04 -6.44231e+04 3010653 1 3.0848e-01
+8.05726e+04 -6.43501e+04 3010654 1 2.8623e-01
+8.17764e+04 -6.42836e+04 3010655 1 2.6420e-01
+8.29814e+04 -6.42240e+04 3010656 1 2.4258e-01
+8.41877e+04 -6.41716e+04 3010657 1 2.2158e-01
+8.53948e+04 -6.41267e+04 3010658 1 2.0152e-01
+8.66027e+04 -6.40897e+04 3010659 1 1.8281e-01
+8.78113e+04 -6.40606e+04 3010660 1 1.6603e-01
+8.90202e+04 -6.40398e+04 3010661 1 1.5202e-01
+9.02295e+04 -6.40272e+04 3010662 1 1.4200e-01
+4.83920e+04 -6.41812e+04 3010663 1 6.6032e-01
+4.92755e+04 -6.43434e+04 3010664 1 6.6074e-01
+5.01812e+04 -6.44775e+04 3010665 1 6.6551e-01
+5.11077e+04 -6.45858e+04 3010666 1 6.6818e-01
+5.20543e+04 -6.46701e+04 3010667 1 6.6904e-01
+5.30201e+04 -6.47318e+04 3010668 1 6.6807e-01
+5.40041e+04 -6.47726e+04 3010669 1 6.6517e-01
+5.50055e+04 -6.47941e+04 3010670 1 6.6047e-01
+5.60232e+04 -6.47979e+04 3010671 1 6.5370e-01
+5.70565e+04 -6.47854e+04 3010672 1 6.4550e-01
+5.81040e+04 -6.47586e+04 3010673 1 6.3750e-01
+5.91646e+04 -6.47189e+04 3010674 1 6.2799e-01
+6.02375e+04 -6.46678e+04 3010675 1 6.1710e-01
+6.13217e+04 -6.46068e+04 3010676 1 6.0494e-01
+6.24163e+04 -6.45371e+04 3010677 1 5.9159e-01
+6.35205e+04 -6.44600e+04 3010678 1 5.7715e-01
+6.46336e+04 -6.43768e+04 3010679 1 5.6168e-01
+6.57548e+04 -6.42887e+04 3010680 1 5.4527e-01
+6.68834e+04 -6.41968e+04 3010681 1 5.2804e-01
+6.80186e+04 -6.41023e+04 3010682 1 5.1008e-01
+6.91600e+04 -6.40061e+04 3010683 1 4.9149e-01
+7.03070e+04 -6.39092e+04 3010684 1 4.7242e-01
+7.14589e+04 -6.38125e+04 3010685 1 4.5269e-01
+7.26152e+04 -6.37170e+04 3010686 1 4.3234e-01
+7.37755e+04 -6.36233e+04 3010687 1 4.1147e-01
+7.49394e+04 -6.35323e+04 3010688 1 3.9019e-01
+7.61064e+04 -6.34446e+04 3010689 1 3.6859e-01
+7.72763e+04 -6.33609e+04 3010690 1 3.4673e-01
+7.84486e+04 -6.32818e+04 3010691 1 3.2471e-01
+7.96232e+04 -6.32078e+04 3010692 1 3.0262e-01
+8.07996e+04 -6.31393e+04 3010693 1 2.8055e-01
+8.19778e+04 -6.30769e+04 3010694 1 2.5866e-01
+8.31574e+04 -6.30209e+04 3010695 1 2.3710e-01
+8.43382e+04 -6.29717e+04 3010696 1 2.1609e-01
+8.55201e+04 -6.29295e+04 3010697 1 1.9592e-01
+8.67028e+04 -6.28947e+04 3010698 1 1.7700e-01
+8.78861e+04 -6.28674e+04 3010699 1 1.5992e-01
+8.90700e+04 -6.28477e+04 3010700 1 1.4557e-01
+9.02542e+04 -6.28359e+04 3010701 1 1.3527e-01
+4.92989e+04 -6.27196e+04 3010702 1 6.4289e-01
+5.01707e+04 -6.28868e+04 3010703 1 6.4737e-01
+5.10626e+04 -6.30269e+04 3010704 1 6.4940e-01
+5.19742e+04 -6.31414e+04 3010705 1 6.4789e-01
+5.29050e+04 -6.32317e+04 3010706 1 6.4860e-01
+5.38533e+04 -6.33003e+04 3010707 1 6.4846e-01
+5.48185e+04 -6.33487e+04 3010708 1 6.4645e-01
+5.57997e+04 -6.33783e+04 3010709 1 6.4256e-01
+5.67961e+04 -6.33906e+04 3010710 1 6.3706e-01
+5.78069e+04 -6.33872e+04 3010711 1 6.3003e-01
+5.88313e+04 -6.33695e+04 3010712 1 6.2137e-01
+5.98685e+04 -6.33388e+04 3010713 1 6.1086e-01
+6.09176e+04 -6.32968e+04 3010714 1 6.0079e-01
+6.19774e+04 -6.32449e+04 3010715 1 5.8943e-01
+6.30473e+04 -6.31844e+04 3010716 1 5.7684e-01
+6.41264e+04 -6.31165e+04 3010717 1 5.6310e-01
+6.52141e+04 -6.30423e+04 3010718 1 5.4833e-01
+6.63097e+04 -6.29632e+04 3010719 1 5.3261e-01
+6.74126e+04 -6.28801e+04 3010720 1 5.1603e-01
+6.85220e+04 -6.27940e+04 3010721 1 4.9868e-01
+6.96376e+04 -6.27061e+04 3010722 1 4.8067e-01
+7.07586e+04 -6.26172e+04 3010723 1 4.6210e-01
+7.18846e+04 -6.25282e+04 3010724 1 4.4317e-01
+7.30153e+04 -6.24400e+04 3010725 1 4.2388e-01
+7.41500e+04 -6.23533e+04 3010726 1 4.0357e-01
+7.52883e+04 -6.22690e+04 3010727 1 3.8283e-01
+7.64298e+04 -6.21876e+04 3010728 1 3.6172e-01
+7.75743e+04 -6.21098e+04 3010729 1 3.4031e-01
+7.87214e+04 -6.20361e+04 3010730 1 3.1870e-01
+7.98707e+04 -6.19670e+04 3010731 1 2.9695e-01
+8.10221e+04 -6.19032e+04 3010732 1 2.7519e-01
+8.21752e+04 -6.18449e+04 3010733 1 2.5353e-01
+8.33299e+04 -6.17925e+04 3010734 1 2.3212e-01
+8.44859e+04 -6.17465e+04 3010735 1 2.1120e-01
+8.56429e+04 -6.17070e+04 3010736 1 1.9101e-01
+8.68009e+04 -6.16744e+04 3010737 1 1.7197e-01
+8.79596e+04 -6.16488e+04 3010738 1 1.5469e-01
+8.91188e+04 -6.16304e+04 3010739 1 1.4003e-01
+9.02784e+04 -6.16193e+04 3010740 1 1.2955e-01
+5.01594e+04 -6.12374e+04 3010741 1 6.2197e-01
+5.10221e+04 -6.14084e+04 3010742 1 6.2712e-01
+5.19029e+04 -6.15534e+04 3010743 1 6.3065e-01
+5.28012e+04 -6.16740e+04 3010744 1 6.3238e-01
+5.37167e+04 -6.17714e+04 3010745 1 6.3225e-01
+5.46487e+04 -6.18472e+04 3010746 1 6.2928e-01
+5.55971e+04 -6.19026e+04 3010747 1 6.2620e-01
+5.65602e+04 -6.19398e+04 3010748 1 6.2317e-01
+5.75374e+04 -6.19602e+04 3010749 1 6.1857e-01
+5.85280e+04 -6.19653e+04 3010750 1 6.1242e-01
+5.95311e+04 -6.19564e+04 3010751 1 6.0483e-01
+6.05462e+04 -6.19348e+04 3010752 1 5.9583e-01
+6.15725e+04 -6.19019e+04 3010753 1 5.8545e-01
+6.26094e+04 -6.18590e+04 3010754 1 5.7357e-01
+6.36561e+04 -6.18074e+04 3010755 1 5.6179e-01
+6.47117e+04 -6.17484e+04 3010756 1 5.4885e-01
+6.57755e+04 -6.16832e+04 3010757 1 5.3487e-01
+6.68469e+04 -6.16128e+04 3010758 1 5.1992e-01
+6.79254e+04 -6.15383e+04 3010759 1 5.0408e-01
+6.90103e+04 -6.14607e+04 3010760 1 4.8743e-01
+7.01011e+04 -6.13809e+04 3010761 1 4.7004e-01
+7.11974e+04 -6.12999e+04 3010762 1 4.5203e-01
+7.22987e+04 -6.12185e+04 3010763 1 4.3347e-01
+7.34045e+04 -6.11375e+04 3010764 1 4.1450e-01
+7.45144e+04 -6.10578e+04 3010765 1 3.9567e-01
+7.56280e+04 -6.09801e+04 3010766 1 3.7611e-01
+7.67449e+04 -6.09049e+04 3010767 1 3.5554e-01
+7.78648e+04 -6.08329e+04 3010768 1 3.3465e-01
+7.89874e+04 -6.07646e+04 3010769 1 3.1350e-01
+8.01123e+04 -6.07006e+04 3010770 1 2.9218e-01
+8.12392e+04 -6.06413e+04 3010771 1 2.7080e-01
+8.23680e+04 -6.05871e+04 3010772 1 2.4945e-01
+8.34984e+04 -6.05384e+04 3010773 1 2.2830e-01
+8.46302e+04 -6.04955e+04 3010774 1 2.0755e-01
+8.57630e+04 -6.04587e+04 3010775 1 1.8743e-01
+8.68969e+04 -6.04282e+04 3010776 1 1.6834e-01
+8.80314e+04 -6.04043e+04 3010777 1 1.5087e-01
+8.91666e+04 -6.03871e+04 3010778 1 1.3593e-01
+9.03021e+04 -6.03767e+04 3010779 1 1.2506e-01
+9.03251e+04 -5.91078e+04 5010038 1 1.2186e-01
+8.92131e+04 -5.91175e+04 5010037 1 1.3329e-01
+8.81014e+04 -5.91335e+04 5010036 1 1.4864e-01
+8.69903e+04 -5.91557e+04 5010035 1 1.6630e-01
+8.58800e+04 -5.91840e+04 5010034 1 1.8538e-01
+8.47706e+04 -5.92181e+04 5010033 1 2.0535e-01
+8.36624e+04 -5.92579e+04 5010032 1 2.2585e-01
+8.25556e+04 -5.93030e+04 5010031 1 2.4663e-01
+8.14504e+04 -5.93531e+04 5010030 1 2.6753e-01
+9.03475e+04 -5.78121e+04 5010077 1 1.2033e-01
