+4.79664e+04 -9.99828e+04 1010001 0 2.6145e+00
+4.91109e+04 -9.99827e+04 1010002 0 2.5154e+00
+5.02555e+04 -9.99827e+04 1010003 0 2.4174e+00
+5.13999e+04 -9.99827e+04 1010004 0 2.3209e+00
+5.25444e+04 -9.99827e+04 1010005 0 2.2260e+00
+5.36888e+04 -9.99827e+04 1010006 0 2.1329e+00
+5.48332e+04 -9.99827e+04 1010007 0 2.0417e+00
+5.59775e+04 -9.99826e+04 1010008 0 1.9525e+00
+5.71218e+04 -9.99826e+04 1010009 0 1.8654e+00
+5.82661e+04 -9.99826e+04 1010010 0 1.7803e+00
+5.94103e+04 -9.99826e+04 1010011 0 1.6974e+00
+6.05545e+04 -9.99825e+04 1010012 0 1.6165e+00
+6.16987e+04 -9.99825e+04 1010013 0 1.5378e+00
+6.28428e+04 -9.99825e+04 1010014 0 1.4610e+00
+6.39869e+04 -9.99825e+04 1010015 0 1.3863e+00
+6.51309e+04 -9.99824e+04 1010016 0 1.3135e+00
+6.62750e+04 -9.99824e+04 1010017 0 1.2425e+00
+6.74189e+04 -9.99824e+04 1010018 0 1.1734e+00
+6.85629e+04 -9.99824e+04 1010019 0 1.1059e+00
+6.97068e+04 -9.99824e+04 1010020 0 1.0402e+00
+7.08507e+04 -9.99823e+04 1010021 0 9.7597e-01
+7.19946e+04 -9.99823e+04 1010022 0 9.1327e-01
+7.31385e+04 -9.99823e+04 1010023 0 8.5197e-01
+7.42823e+04 -9.99823e+04 1010024 0 7.9200e-01
+7.54261e+04 -9.99823e+04 1010025 0 7.3329e-01
+7.65699e+04 -9.99823e+04 1010026 0 6.7574e-01
+7.77137e+04 -9.99822e+04 1010027 0 6.1929e-01
+7.88574e+04 -9.99822e+04 1010028 0 5.6386e-01
+8.00011e+04 -9.99822e+04 1010029 0 5.0938e-01
+8.11449e+04 -9.99822e+04 1010030 0 4.5578e-01
+8.22886e+04 -9.99822e+04 1010031 0 4.0298e-01
+8.34323e+04 -9.99822e+04 1010032 0 3.5092e-01
+8.45759e+04 -9.99822e+04 1010033 0 2.9953e-01
+8.57196e+04 -9.99822e+04 1010034 0 2.4875e-01
+8.68633e+04 -9.99822e+04 1010035 0 1.9852e-01
+8.80069e+04 -9.99822e+04 1010036 0 1.4880e-01
+8.91506e+04 -9.99822e+04 1010037 0 9.9666e-02
+9.02942e+04 -9.99822e+04 1010038 0 5.1767e-02
+4.70886e+04 -9.88120e+04 1010042 0 2.4824e+00
+4.83641e+04 -9.88110e+04 1010043 0 2.3803e+00
+4.96373e+04 -9.88098e+04 1010044 0 2.2796e+00
+5.09078e+04 -9.88084e+04 1010045 0 2.1806e+00
+5.21755e+04 -9.88068e+04 1010046 0 2.0833e+00
+5.34401e+04 -9.88051e+04 1010047 0 1.9884e+00
+5.47016e+04 -9.88034e+04 1010048 0 1.8957e+00
+5.59599e+04 -9.88016e+04 1010049 0 1.8056e+00
+5.72150e+04 -9.87998e+04 1010050 0 1.7179e+00
+5.84670e+04 -9.87979e+04 1010051 0 1.6325e+00
+5.97159e+04 -9.87961e+04 1010052 0 1.5500e+00
+6.09617e+04 -9.87943e+04 1010053 0 1.4695e+00
+6.22046e+04 -9.87925e+04 1010054 0 1.3917e+00
+6.34446e+04 -9.87908e+04 1010055 0 1.3160e+00
+6.46818e+04 -9.87891e+04 1010056 0 1.2425e+00
+6.59164e+04 -9.87875e+04 1010057 0 1.1713e+00
+6.71484e+04 -9.87859e+04 1010058 0 1.1020e+00
+6.83780e+04 -9.87844e+04 1010059 0 1.0348e+00
+6.96053e+04 -9.87830e+04 1010060 0 9.6943e-01
+7.08304e+04 -9.87816e+04 1010061 0 9.0574e-01
+7.20534e+04 -9.87803e+04 1010062 0 8.4394e-01
+7.32745e+04 -9.87791e+04 1010063 0 7.8358e-01
+7.44939e+04 -9.87780e+04 1010064 0 7.2474e-01
+7.57115e+04 -9.87769e+04 1010065 0 6.6730e-01
+7.69276e+04 -9.87759e+04 1010066 0 6.1119e-01
+7.81423e+04 -9.87749e+04 1010067 0 5.5631e-01
+7.93556e+04 -9.87741e+04 1010068 0 5.0248e-01
+8.05676e+04 -9.87733e+04 1010069 0 4.4975e-01
+8.17786e+04 -9.87726e+04 1010070 0 3.9813e-01
+8.29885e+04 -9.87719e+04 1010071 0 3.4740e-01
+8.41975e+04 -9.87713e+04 1010072 0 2.9763e-01
+8.54057e+04 -9.87708e+04 1010073 0 2.4883e-01
+8.66132e+04 -9.87704e+04 1010074 0 2.0112e-01
+8.78202e+04 -9.87701e+04 1010075 0 1.5485e-01
+8.90266e+04 -9.87698e+04 1010076 0 1.1104e-01
+9.02328e+04 -9.87697e+04 1010077 0 7.3123e-02
+7.62146e+04 -8.03064e+04 3010029 1 3.6731e-01
+7.77493e+04 -8.02154e+04 3010030 1 3.5276e-01
+4.81402e+04 -9.77545e+04 1010084 0 2.1695e+00
+4.95357e+04 -9.77496e+04 1010085 0 2.0734e+00
+5.09252e+04 -9.77441e+04 1010086 0 1.9790e+00
+5.23081e+04 -9.77382e+04 1010087 0 1.8864e+00
+5.36843e+04 -9.77320e+04 1010088 0 1.7964e+00
+5.50538e+04 -9.77256e+04 1010089 0 1.7089e+00
+5.64167e+04 -9.77191e+04 1010090 0 1.6235e+00
+5.77729e+04 -9.77126e+04 1010091 0 1.5408e+00
+5.91225e+04 -9.77061e+04 1010092 0 1.4602e+00
+6.04658e+04 -9.76998e+04 1010093 0 1.3822e+00
+6.18028e+04 -9.76936e+04 1010094 0 1.3067e+00
+6.31340e+04 -9.76875e+04 1010095 0 1.2335e+00
+6.44595e+04 -9.76817e+04 1010096 0 1.1626e+00
+6.57795e+04 -9.76760e+04 1010097 0 1.0936e+00
+6.70944e+04 -9.76706e+04 1010098 0 1.0266e+00
+6.84044e+04 -9.76655e+04 1010099 0 9.6174e-01
+6.97096e+04 -9.76606e+04 1010100 0 8.9875e-01
+7.10105e+04 -9.76560e+04 1010101 0 8.3756e-01
+7.23074e+04 -9.76516e+04 1010102 0 7.7805e-01
+7.36005e+04 -9.76475e+04 1010103 0 7.2010e-01
+7.48900e+04 -9.76437e+04 1010104 0 6.6364e-01
+7.61762e+04 -9.76401e+04 1010105 0 6.0838e-01
+7.74594e+04 -9.76368e+04 1010106 0 5.5467e-01
+7.87397e+04 -9.76337e+04 1010107 0 5.0204e-01
+8.00174e+04 -9.76310e+04 1010108 0 4.5081e-01
+8.12928e+04 -9.76284e+04 1010109 0 4.0062e-01
+8.25660e+04 -9.76261e+04 1010110 0 3.5164e-01
+8.38374e+04 -9.76241e+04 1010111 0 3.0399e-01
+8.51071e+04 -9.76223e+04 1010112 0 2.5770e-01
+8.63754e+04 -9.76209e+04 1010113 0 2.1324e-01
+8.76426e+04 -9.76197e+04 1010114 0 1.7145e-01
+8.89088e+04 -9.76188e+04 1010115 0 1.3425e-01
+9.01745e+04 -9.76182e+04 1010116 0 1.0600e-01
+4.68574e+04 -7.89844e+04 3010164 1 7.4042e-01
+4.69552e+04 -9.67914e+04 1010124 0 1.9926e+00
+4.84707e+04 -9.67815e+04 1010125 0 1.9015e+00
+4.99765e+04 -9.67702e+04 1010126 0 1.8124e+00
+5.14719e+04 -9.67580e+04 1010127 0 1.7250e+00
+5.29569e+04 -9.67452e+04 1010128 0 1.6401e+00
+5.44314e+04 -9.67320e+04 1010129 0 1.5576e+00
+5.58953e+04 -9.67185e+04 1010130 0 1.4776e+00
+5.73488e+04 -9.67051e+04 1010131 0 1.3998e+00
+5.87923e+04 -9.66917e+04 1010132 0 1.3244e+00
+6.02261e+04 -9.66786e+04 1010133 0 1.2515e+00
+6.16503e+04 -9.66658e+04 1010134 0 1.1810e+00
+6.30654e+04 -9.66534e+04 1010135 0 1.1128e+00
+6.44720e+04 -9.66414e+04 1010136 0 1.0469e+00
+6.58705e+04 -9.66299e+04 1010137 0 9.8301e-01
+6.72611e+04 -9.66189e+04 1010138 0 9.2087e-01
+6.86443e+04 -9.66085e+04 1010139 0 8.6102e-01
+7.00207e+04 -9.65986e+04 1010140 0 8.0271e-01
+7.13907e+04 -9.65893e+04 1010141 0 7.4641e-01
+7.27548e+04 -9.65805e+04 1010142 0 6.9151e-01
+7.41132e+04 -9.65724e+04 1010143 0 6.3821e-01
+7.54663e+04 -9.65648e+04 1010144 0 5.8665e-01
+7.68147e+04 -9.65578e+04 1010145 0 5.3634e-01
+7.81588e+04 -9.65513e+04 1010146 0 4.8744e-01
+7.94990e+04 -9.65453e+04 1010147 0 4.3993e-01
+8.08355e+04 -9.65400e+04 1010148 0 3.9398e-01
+8.21687e+04 -9.65351e+04 1010149 0 3.4942e-01
+8.34989e+04 -9.65308e+04 1010150 0 3.0661e-01
+8.48265e+04 -9.65271e+04 1010151 0 2.6588e-01
+8.61521e+04 -9.65239e+04 1010152 0 2.2784e-01
+8.74758e+04 -9.65214e+04 1010153 0 1.9363e-01
+8.87982e+04 -9.65196e+04 1010154 0 1.6520e-01
+9.01197e+04 -9.65184e+04 1010155 0 1.4563e-01
+4.77767e+04 -8.27811e+04 3010011 1 7.3769e-01
+5.10242e+04 -7.87298e+04 3010167 1 6.9424e-01
+4.77423e+04 -9.58828e+04 1010165 0 1.7030e+00
+4.93553e+04 -9.58643e+04 1010166 0 1.6216e+00
+5.09542e+04 -9.58441e+04 1010167 0 1.5418e+00
+5.25386e+04 -9.58229e+04 1010168 0 1.4643e+00
+5.41085e+04 -9.58010e+04 1010169 0 1.3891e+00
+5.56642e+04 -9.57788e+04 1010170 0 1.3162e+00
+5.72057e+04 -9.57566e+04 1010171 0 1.2456e+00
+5.87336e+04 -9.57346e+04 1010172 0 1.1775e+00
+6.02484e+04 -9.57130e+04 1010173 0 1.1112e+00
+6.17505e+04 -9.56920e+04 1010174 0 1.0475e+00
+6.32407e+04 -9.56717e+04 1010175 0 9.8566e-01
+6.47196e+04 -9.56522e+04 1010176 0 9.2592e-01
+6.61876e+04 -9.56335e+04 1010177 0 8.6850e-01
+6.76454e+04 -9.56157e+04 1010178 0 8.1274e-01
+6.90938e+04 -9.55989e+04 1010179 0 7.5882e-01
+7.05333e+04 -9.55830e+04 1010180 0 7.0691e-01
+7.19645e+04 -9.55681e+04 1010181 0 6.5645e-01
+7.33880e+04 -9.55541e+04 1010182 0 6.0767e-01
+7.48044e+04 -9.55412e+04 1010183 0 5.6045e-01
+7.62144e+04 -9.55292e+04 1010184 0 5.1479e-01
+7.76183e+04 -9.55182e+04 1010185 0 4.7083e-01
+7.90167e+04 -9.55081e+04 1010186 0 4.2832e-01
+8.04102e+04 -9.54989e+04 1010187 0 3.8747e-01
+8.17993e+04 -9.54907e+04 1010188 0 3.4842e-01
+8.31845e+04 -9.54834e+04 1010189 0 3.1147e-01
+8.45662e+04 -9.54770e+04 1010190 0 2.7707e-01
+8.59448e+04 -9.54717e+04 1010191 0 2.4592e-01
+8.73212e+04 -9.54674e+04 1010192 0 2.1897e-01
+8.86957e+04 -9.54643e+04 1010193 0 1.9766e-01
+9.00689e+04 -9.54623e+04 1010194 0 1.8378e-01
+4.93765e+04 -8.26557e+04 3010012 1 7.1662e-01
+4.70508e+04 -8.19239e+04 3010049 1 7.4539e-01
+8.30726e+04 -7.41177e+04 3010267 1 2.5180e-01
+8.86524e+04 -7.39680e+04 3010271 1 2.0882e-01
+8.72576e+04 -7.39918e+04 3010270 1 2.1648e-01
+8.58628e+04 -7.40247e+04 3010269 1 2.2628e-01
+5.24394e+04 -7.86182e+04 3010168 1 6.7613e-01
+4.82309e+04 -7.89152e+04 3010165 1 7.2643e-01
+4.96207e+04 -7.88296e+04 3010166 1 7.1097e-01
+9.00471e+04 -7.39535e+04 3010272 1 2.0363e-01
+4.73666e+04 -9.50356e+04 1010205 0 1.4963e+00
+8.16771e+04 -7.41775e+04 3010266 1 2.6680e-01
+4.90749e+04 -9.50081e+04 1010206 0 1.4215e+00
+5.07651e+04 -9.49784e+04 1010207 0 1.3506e+00
+5.24370e+04 -9.49472e+04 1010208 0 1.2819e+00
+5.40905e+04 -9.49152e+04 1010209 0 1.2157e+00
+5.57261e+04 -9.48828e+04 1010210 0 1.1512e+00
+5.73440e+04 -9.48505e+04 1010211 0 1.0892e+00
+5.89451e+04 -9.48186e+04 1010212 0 1.0290e+00
+6.05300e+04 -9.47874e+04 1010213 0 9.7112e-01
+6.20994e+04 -9.47572e+04 1010214 0 9.1502e-01
+6.36542e+04 -9.47280e+04 1010215 0 8.6087e-01
+6.51951e+04 -9.47000e+04 1010216 0 8.0893e-01
+6.67230e+04 -9.46734e+04 1010217 0 7.5859e-01
+6.82389e+04 -9.46481e+04 1010218 0 7.1001e-01
+6.97432e+04 -9.46243e+04 1010219 0 6.6319e-01
+7.12370e+04 -9.46019e+04 1010220 0 6.1808e-01
+7.27212e+04 -9.45809e+04 1010221 0 5.7461e-01
+7.41962e+04 -9.45614e+04 1010222 0 5.3277e-01
+7.56629e+04 -9.45434e+04 1010223 0 4.9272e-01
+7.71221e+04 -9.45269e+04 1010224 0 4.5414e-01
+7.85744e+04 -9.45117e+04 1010225 0 4.1725e-01
+8.00204e+04 -9.44980e+04 1010226 0 3.8219e-01
+8.14609e+04 -9.44857e+04 1010227 0 3.4915e-01
+8.28965e+04 -9.44747e+04 1010228 0 3.1836e-01
+8.43278e+04 -9.44652e+04 1010229 0 2.9024e-01
+8.57553e+04 -9.44572e+04 1010230 0 2.6540e-01
+8.71797e+04 -9.44508e+04 1010231 0 2.4459e-01
+8.86019e+04 -9.44461e+04 1010232 0 2.2866e-01
+9.00225e+04 -9.44431e+04 1010233 0 2.1860e-01
+7.92801e+04 -8.01329e+04 3010031 1 3.3956e-01
+5.16981e+04 -8.15555e+04 3010052 1 6.8522e-01
+4.85927e+04 -8.18131e+04 3010050 1 7.2623e-01
+5.01425e+04 -8.16894e+04 3010051 1 7.0610e-01
+4.79141e+04 -8.09230e+04 3010088 1 7.3400e-01
+4.87712e+04 -7.98913e+04 3010127 1 7.2286e-01
+4.73372e+04 -7.99813e+04 3010126 1 7.3938e-01
+5.02183e+04 -7.97868e+04 3010128 1 7.0509e-01
+8.02813e+04 -7.42456e+04 3010265 1 2.8284e-01
+8.44678e+04 -7.40667e+04 3010268 1 2.3806e-01
+4.73576e+04 -9.42284e+04 1010245 0 1.3157e+00
+4.91446e+04 -9.41899e+04 1010246 0 1.2488e+00
+5.09098e+04 -9.41486e+04 1010247 0 1.1836e+00
+5.26534e+04 -9.41056e+04 1010248 0 1.1209e+00
+5.43755e+04 -9.40616e+04 1010249 0 1.0602e+00
+5.60765e+04 -9.40175e+04 1010250 0 1.0018e+00
+5.77572e+04 -9.39737e+04 1010251 0 9.4612e-01
+5.94184e+04 -9.39308e+04 1010252 0 8.9242e-01
+6.10609e+04 -9.38891e+04 1010253 0 8.4110e-01
+6.26858e+04 -9.38488e+04 1010254 0 7.9204e-01
+6.42938e+04 -9.38101e+04 1010255 0 7.4524e-01
+6.58863e+04 -9.37733e+04 1010256 0 7.0083e-01
+6.74638e+04 -9.37384e+04 1010257 0 6.5825e-01
+6.90277e+04 -9.37054e+04 1010258 0 6.1755e-01
+7.05788e+04 -9.36744e+04 1010259 0 5.7844e-01
+7.21180e+04 -9.36455e+04 1010260 0 5.4096e-01
+7.36464e+04 -9.36185e+04 1010261 0 5.0509e-01
+7.51649e+04 -9.35936e+04 1010262 0 4.7083e-01
+7.66741e+04 -9.35707e+04 1010263 0 4.3824e-01
+7.81752e+04 -9.35498e+04 1010264 0 4.0738e-01
+7.96689e+04 -9.35308e+04 1010265 0 3.7832e-01
+8.11559e+04 -9.35138e+04 1010266 0 3.5126e-01
+8.26369e+04 -9.34987e+04 1010267 0 3.2645e-01
+8.41130e+04 -9.34855e+04 1010268 0 3.0413e-01
+8.55846e+04 -9.34744e+04 1010269 0 2.8473e-01
+8.70524e+04 -9.34656e+04 1010270 0 2.6884e-01
+8.85175e+04 -9.34590e+04 1010271 0 2.5694e-01
+8.99807e+04 -9.34549e+04 1010272 0 2.4955e-01
+8.08074e+04 -8.00591e+04 3010032 1 3.2748e-01
+5.09802e+04 -8.25195e+04 3010013 1 6.9490e-01
+5.63804e+04 -8.11143e+04 3010055 1 6.1971e-01
+5.32573e+04 -8.14135e+04 3010053 1 6.6381e-01
+5.48186e+04 -8.12658e+04 3010054 1 6.4195e-01
+5.09097e+04 -8.06941e+04 3010090 1 6.9614e-01
+4.94072e+04 -8.08148e+04 3010089 1 7.1552e-01
+5.24195e+04 -8.05634e+04 3010091 1 6.7591e-01
+7.60924e+04 -7.44970e+04 3010262 1 3.3649e-01
+4.77106e+04 -9.34449e+04 1010285 0 1.1310e+00
+4.95588e+04 -9.33941e+04 1010286 0 1.0741e+00
+5.13823e+04 -9.33402e+04 1010287 0 1.0191e+00
+5.31811e+04 -9.32845e+04 1010288 0 9.6627e-01
+5.49557e+04 -9.32281e+04 1010289 0 9.1503e-01
+5.67069e+04 -9.31718e+04 1010290 0 8.6575e-01
+5.84354e+04 -9.31163e+04 1010291 0 8.1848e-01
+6.01425e+04 -9.30620e+04 1010292 0 7.7318e-01
+6.18291e+04 -9.30094e+04 1010293 0 7.2981e-01
+6.34965e+04 -9.29588e+04 1010294 0 6.8845e-01
+6.51457e+04 -9.29104e+04 1010295 0 6.4916e-01
+6.67779e+04 -9.28645e+04 1010296 0 6.1154e-01
+6.83944e+04 -9.28211e+04 1010297 0 5.7570e-01
+6.99961e+04 -9.27803e+04 1010298 0 5.4171e-01
+7.15843e+04 -9.27422e+04 1010299 0 5.0950e-01
+7.31599e+04 -9.27068e+04 1010300 0 4.7903e-01
+7.47241e+04 -9.26740e+04 1010301 0 4.5034e-01
+7.62779e+04 -9.26439e+04 1010302 0 4.2340e-01
+7.78222e+04 -9.26165e+04 1010303 0 3.9827e-01
+7.93580e+04 -9.25917e+04 1010304 0 3.7497e-01
+8.08862e+04 -9.25694e+04 1010305 0 3.5357e-01
+8.24076e+04 -9.25498e+04 1010306 0 3.3426e-01
+8.39232e+04 -9.25326e+04 1010307 0 3.1717e-01
+8.54338e+04 -9.25181e+04 1010308 0 3.0250e-01
+8.69401e+04 -9.25065e+04 1010309 0 2.9063e-01
+8.84431e+04 -9.24979e+04 1010310 0 2.8187e-01
+8.99439e+04 -9.24925e+04 1010311 0 2.7638e-01
+8.23316e+04 -7.99943e+04 3010033 1 3.1662e-01
+5.25855e+04 -8.23753e+04 3010014 1 6.7255e-01
+5.95005e+04 -8.08063e+04 3010057 1 5.7501e-01
+5.79413e+04 -8.09606e+04 3010056 1 5.9732e-01
+5.54535e+04 -8.02806e+04 3010093 1 6.3395e-01
+5.39347e+04 -8.04249e+04 3010092 1 6.5515e-01
+5.31423e+04 -7.95437e+04 3010130 1 6.6673e-01
+5.16760e+04 -7.96702e+04 3010129 1 6.8626e-01
+7.88853e+04 -7.43218e+04 3010264 1 2.9973e-01
+4.84022e+04 -9.26698e+04 1010325 0 9.6104e-01
+5.02938e+04 -9.26053e+04 1010326 0 9.1252e-01
+5.21584e+04 -9.25380e+04 1010327 0 8.6618e-01
+5.39962e+04 -9.24693e+04 1010328 0 8.2284e-01
+5.58079e+04 -9.24003e+04 1010329 0 7.8194e-01
+5.75943e+04 -9.23319e+04 1010330 0 7.4269e-01
+5.93568e+04 -9.22649e+04 1010331 0 7.0490e-01
+6.10963e+04 -9.21997e+04 1010332 0 6.6883e-01
+6.28143e+04 -9.21368e+04 1010333 0 6.3427e-01
+6.45121e+04 -9.20766e+04 1010334 0 6.0141e-01
+6.61910e+04 -9.20193e+04 1010335 0 5.7002e-01
+6.78522e+04 -9.19651e+04 1010336 0 5.4026e-01
+6.94972e+04 -9.19141e+04 1010337 0 5.1202e-01
+7.11269e+04 -9.18664e+04 1010338 0 4.8539e-01
+7.27429e+04 -9.18219e+04 1010339 0 4.6019e-01
+7.43461e+04 -9.17809e+04 1010340 0 4.3646e-01
+7.59378e+04 -9.17431e+04 1010341 0 4.1431e-01
+7.75190e+04 -9.17087e+04 1010342 0 3.9363e-01
+7.90907e+04 -9.16776e+04 1010343 0 3.7455e-01
+8.06543e+04 -9.16497e+04 1010344 0 3.5710e-01
+8.22104e+04 -9.16250e+04 1010345 0 3.4135e-01
+8.37599e+04 -9.16036e+04 1010346 0 3.2746e-01
+8.53041e+04 -9.15853e+04 1010347 0 3.1552e-01
+8.68435e+04 -9.15705e+04 1010348 0 3.0584e-01
+8.83792e+04 -9.15596e+04 1010349 0 2.9878e-01
+8.99122e+04 -9.15527e+04 1010350 0 2.9443e-01
+8.38533e+04 -7.99387e+04 3010034 1 3.0744e-01
+5.41906e+04 -8.22252e+04 3010015 1 6.4993e-01
+6.26106e+04 -8.05011e+04 3010059 1 5.3119e-01
+6.10571e+04 -8.06528e+04 3010058 1 5.5300e-01
+6.00191e+04 -7.98304e+04 3010096 1 5.6884e-01
+5.84969e+04 -7.99818e+04 3010095 1 5.9087e-01
+5.69747e+04 -8.01323e+04 3010094 1 6.1247e-01
+5.75752e+04 -7.91256e+04 3010133 1 6.0486e-01
+5.60934e+04 -7.92696e+04 3010132 1 6.2582e-01
+5.46153e+04 -7.94096e+04 3010131 1 6.4648e-01
+5.38641e+04 -7.84969e+04 3010169 1 6.5717e-01
+4.74647e+04 -9.19677e+04 1010364 0 8.5661e-01
+4.94093e+04 -9.18929e+04 1010365 0 8.1739e-01
+5.13253e+04 -9.18139e+04 1010366 0 7.7942e-01
+5.32127e+04 -9.17326e+04 1010367 0 7.4307e-01
+5.50723e+04 -9.16506e+04 1010368 0 7.0807e-01
+5.69051e+04 -9.15689e+04 1010369 0 6.7472e-01
+5.87120e+04 -9.14887e+04 1010370 0 6.4313e-01
+6.04946e+04 -9.14106e+04 1010371 0 6.1288e-01
+6.22538e+04 -9.13352e+04 1010372 0 5.8437e-01
+6.39913e+04 -9.12629e+04 1010373 0 5.5744e-01
+6.57084e+04 -9.11941e+04 1010374 0 5.3244e-01
+6.74063e+04 -9.11289e+04 1010375 0 5.0868e-01
+6.90866e+04 -9.10676e+04 1010376 0 4.8618e-01
+7.07506e+04 -9.10100e+04 1010377 0 4.6479e-01
+7.23995e+04 -9.09565e+04 1010378 0 4.4464e-01
+7.40348e+04 -9.09070e+04 1010379 0 4.2566e-01
+7.56574e+04 -9.08615e+04 1010380 0 4.0790e-01
+7.72690e+04 -9.08199e+04 1010381 0 3.9136e-01
+7.88704e+04 -9.07824e+04 1010382 0 3.7606e-01
+8.04628e+04 -9.07488e+04 1010383 0 3.6209e-01
+8.20475e+04 -9.07190e+04 1010384 0 3.4944e-01
+8.36251e+04 -9.06932e+04 1010385 0 3.3827e-01
+8.51971e+04 -9.06712e+04 1010386 0 3.2867e-01
+8.67639e+04 -9.06532e+04 1010387 0 3.2074e-01
+8.83265e+04 -9.06399e+04 1010388 0 3.1496e-01
+8.98862e+04 -9.06314e+04 1010389 0 3.1139e-01
+8.53731e+04 -7.98923e+04 3010035 1 2.9970e-01
+5.57941e+04 -8.20714e+04 3010016 1 6.2716e-01
+6.72482e+04 -8.00678e+04 3010062 1 4.6840e-01
+6.57064e+04 -8.02078e+04 3010061 1 4.8889e-01
+6.30600e+04 -7.95304e+04 3010098 1 5.2515e-01
+6.15404e+04 -7.96796e+04 3010097 1 5.4684e-01
+7.74890e+04 -7.44057e+04 3010263 1 3.1775e-01
+4.87420e+04 -9.11923e+04 1010404 0 7.2715e-01
+5.06951e+04 -9.11023e+04 1010405 0 6.9909e-01
+5.26186e+04 -9.10091e+04 1010406 0 6.7165e-01
+5.45131e+04 -9.09145e+04 1010407 0 6.4496e-01
+5.63795e+04 -9.08201e+04 1010408 0 6.1902e-01
+5.82190e+04 -9.07270e+04 1010409 0 5.9400e-01
+6.00329e+04 -9.06361e+04 1010410 0 5.7003e-01
+6.18225e+04 -9.05482e+04 1010411 0 5.4713e-01
+6.35894e+04 -9.04636e+04 1010412 0 5.2523e-01
+6.53348e+04 -9.03830e+04 1010413 0 5.0450e-01
+6.70605e+04 -9.03066e+04 1010414 0 4.8490e-01
+6.87675e+04 -9.02347e+04 1010415 0 4.6638e-01
+7.04576e+04 -9.01672e+04 1010416 0 4.4899e-01
+7.21319e+04 -9.01044e+04 1010417 0 4.3269e-01
+7.37918e+04 -9.00464e+04 1010418 0 4.1753e-01
+7.54386e+04 -8.99931e+04 1010419 0 4.0343e-01
+7.70735e+04 -8.99445e+04 1010420 0 3.9022e-01
+7.86980e+04 -8.99006e+04 1010421 0 3.7795e-01
+8.03129e+04 -8.98614e+04 1010422 0 3.6674e-01
+8.19198e+04 -8.98266e+04 1010423 0 3.5658e-01
+8.35195e+04 -8.97964e+04 1010424 0 3.4763e-01
+8.51131e+04 -8.97707e+04 1010425 0 3.3990e-01
+8.67015e+04 -8.97494e+04 1010426 0 3.3333e-01
+8.82853e+04 -8.97336e+04 1010427 0 3.2847e-01
+8.98659e+04 -8.97234e+04 1010428 0 3.2542e-01
+8.68916e+04 -7.98559e+04 3010036 1 2.9357e-01
+5.73947e+04 -8.19155e+04 3010017 1 6.0442e-01
+7.18476e+04 -7.96832e+04 3010065 1 4.1019e-01
+7.03189e+04 -7.98050e+04 3010064 1 4.2902e-01
+6.87858e+04 -7.99334e+04 3010063 1 4.4842e-01
+6.41604e+04 -8.03525e+04 3010060 1 5.0977e-01
+6.60925e+04 -7.92412e+04 3010100 1 4.8281e-01
+6.50039e+04 -7.83947e+04 3010138 1 4.9777e-01
+6.20321e+04 -7.86841e+04 3010136 1 5.4088e-01
+6.05455e+04 -7.88315e+04 3010135 1 5.6232e-01
+5.90596e+04 -7.89790e+04 3010134 1 5.8365e-01
+5.52968e+04 -7.83680e+04 3010170 1 6.3754e-01
+4.77814e+04 -7.78831e+04 3010203 1 7.2575e-01
+7.22342e+04 -7.37544e+04 3010298 1 3.8840e-01
+4.83012e+04 -9.04946e+04 1010443 0 6.7084e-01
+5.02751e+04 -9.03938e+04 1010444 0 6.4796e-01
+5.22196e+04 -9.02890e+04 1010445 0 6.2543e-01
+5.41350e+04 -9.01824e+04 1010446 0 6.0331e-01
+5.60222e+04 -9.00758e+04 1010447 0 5.8174e-01
+5.78823e+04 -8.99706e+04 1010448 0 5.6139e-01
+5.97162e+04 -8.98677e+04 1010449 0 5.4233e-01
+6.15254e+04 -8.97678e+04 1010450 0 5.2380e-01
+6.33113e+04 -8.96718e+04 1010451 0 5.0590e-01
+6.50754e+04 -8.95801e+04 1010452 0 4.8857e-01
+6.68191e+04 -8.94930e+04 1010453 0 4.7208e-01
+6.85441e+04 -8.94109e+04 1010454 0 4.5626e-01
+7.02515e+04 -8.93338e+04 1010455 0 4.4128e-01
+7.19429e+04 -8.92619e+04 1010456 0 4.2703e-01
+7.36195e+04 -8.91954e+04 1010457 0 4.1376e-01
+7.52828e+04 -8.91343e+04 1010458 0 4.0133e-01
+7.69340e+04 -8.90786e+04 1010459 0 3.8986e-01
+7.85745e+04 -8.90283e+04 1010460 0 3.7935e-01
+8.02053e+04 -8.89834e+04 1010461 0 3.6982e-01
+8.18279e+04 -8.89436e+04 1010462 0 3.6129e-01
+8.34432e+04 -8.89091e+04 1010463 0 3.5391e-01
+8.50525e+04 -8.88798e+04 1010464 0 3.4762e-01
+8.66566e+04 -8.88553e+04 1010465 0 3.4209e-01
+8.82557e+04 -8.88368e+04 1010466 0 3.3786e-01
+8.98513e+04 -8.88248e+04 1010467 0 3.3516e-01
+8.84093e+04 -7.98295e+04 3010037 1 2.8944e-01
+5.89918e+04 -8.17592e+04 3010018 1 5.8190e-01
+7.48925e+04 -7.94614e+04 3010067 1 3.7548e-01
+7.33721e+04 -7.95685e+04 3010066 1 3.9235e-01
+7.06198e+04 -7.88427e+04 3010103 1 4.2272e-01
+6.76046e+04 -7.91029e+04 3010101 1 4.6223e-01
+6.45775e+04 -7.93840e+04 3010099 1 5.0383e-01
+6.35184e+04 -7.85382e+04 3010137 1 5.1925e-01
+7.46956e+04 -7.45952e+04 3010261 1 3.5567e-01
+6.94966e+04 -7.39826e+04 3010296 1 4.2908e-01
+4.80941e+04 -8.97915e+04 1010482 0 6.4843e-01
+5.00729e+04 -8.96806e+04 1010483 0 6.3015e-01
+5.20229e+04 -8.95650e+04 1010484 0 6.1144e-01
+5.39444e+04 -8.94472e+04 1010485 0 5.9256e-01
+5.58384e+04 -8.93292e+04 1010486 0 5.7370e-01
+5.77056e+04 -8.92123e+04 1010487 0 5.5506e-01
+5.95472e+04 -8.90979e+04 1010488 0 5.3666e-01
+6.13646e+04 -8.89869e+04 1010489 0 5.1897e-01
+6.31589e+04 -8.88801e+04 1010490 0 5.0188e-01
+6.49318e+04 -8.87779e+04 1010491 0 4.8552e-01
+6.66843e+04 -8.86810e+04 1010492 0 4.7022e-01
+6.84180e+04 -8.85895e+04 1010493 0 4.5552e-01
+7.01343e+04 -8.85035e+04 1010494 0 4.4149e-01
+7.18346e+04 -8.84233e+04 1010495 0 4.2806e-01
+7.35200e+04 -8.83489e+04 1010496 0 4.1542e-01
+7.51921e+04 -8.82806e+04 1010497 0 4.0354e-01
+7.68521e+04 -8.82183e+04 1010498 0 3.9255e-01
+7.85014e+04 -8.81620e+04 1010499 0 3.8243e-01
+8.01412e+04 -8.81118e+04 1010500 0 3.7324e-01
+8.17727e+04 -8.80673e+04 1010501 0 3.6503e-01
+8.33970e+04 -8.80288e+04 1010502 0 3.5794e-01
+8.50156e+04 -8.79962e+04 1010503 0 3.5211e-01
+8.66292e+04 -8.79686e+04 1010504 0 3.4673e-01
+8.82377e+04 -8.79473e+04 1010505 0 3.4240e-01
+8.98424e+04 -8.79334e+04 1010506 0 3.3962e-01
+8.99266e+04 -7.98132e+04 3010038 1 2.8691e-01
+7.64091e+04 -7.93621e+04 3010068 1 3.5936e-01
+7.36223e+04 -7.86081e+04 3010105 1 3.8563e-01
+7.51187e+04 -7.85017e+04 3010106 1 3.6804e-01
+6.91138e+04 -7.89699e+04 3010102 1 4.4225e-01
+6.79708e+04 -7.81188e+04 3010140 1 4.5611e-01
+6.94515e+04 -7.79879e+04 3010141 1 4.3581e-01
+7.26983e+04 -7.67474e+04 3010182 1 3.8978e-01
+5.81797e+04 -7.80941e+04 3010172 1 5.9680e-01
+4.91128e+04 -7.78188e+04 3010204 1 7.1261e-01
+4.74158e+04 -7.67921e+04 3010241 1 7.2169e-01
+4.81186e+04 -8.90745e+04 1010521 0 6.6539e-01
+5.00864e+04 -8.89538e+04 1010522 0 6.4583e-01
+5.20272e+04 -8.88283e+04 1010523 0 6.2590e-01
+5.39413e+04 -8.87004e+04 1010524 0 6.0612e-01
+5.58290e+04 -8.85722e+04 1010525 0 5.8735e-01
+5.76910e+04 -8.84451e+04 1010526 0 5.6852e-01
+5.95284e+04 -8.83206e+04 1010527 0 5.4988e-01
+6.13425e+04 -8.81996e+04 1010528 0 5.3159e-01
+6.31344e+04 -8.80830e+04 1010529 0 5.1364e-01
+6.49054e+04 -8.79713e+04 1010530 0 4.9631e-01
+6.66568e+04 -8.78653e+04 1010531 0 4.7968e-01
+6.83902e+04 -8.77650e+04 1010532 0 4.6378e-01
+7.01066e+04 -8.76708e+04 1010533 0 4.4868e-01
+7.18074e+04 -8.75829e+04 1010534 0 4.3438e-01
+7.34938e+04 -8.75014e+04 1010535 0 4.2110e-01
+7.51671e+04 -8.74265e+04 1010536 0 4.0861e-01
+7.68286e+04 -8.73583e+04 1010537 0 3.9700e-01
+7.84796e+04 -8.72967e+04 1010538 0 3.8635e-01
+8.01213e+04 -8.72416e+04 1010539 0 3.7670e-01
+8.17549e+04 -8.71929e+04 1010540 0 3.6812e-01
+8.33813e+04 -8.71507e+04 1010541 0 3.6055e-01
+8.50024e+04 -8.71154e+04 1010542 0 3.5478e-01
+8.66190e+04 -8.70850e+04 1010543 0 3.4936e-01
+8.82307e+04 -8.70611e+04 1010544 0 3.4495e-01
+8.98388e+04 -8.70456e+04 1010545 0 3.4214e-01
+6.05844e+04 -8.16038e+04 3010019 1 5.5951e-01
+7.79221e+04 -7.92711e+04 3010069 1 3.4439e-01
+7.66122e+04 -7.84031e+04 3010107 1 3.5134e-01
+7.81029e+04 -7.83126e+04 3010108 1 3.3586e-01
+7.21226e+04 -7.87219e+04 3010104 1 4.0382e-01
+7.68228e+04 -7.74286e+04 3010146 1 3.4341e-01
+7.09301e+04 -7.78626e+04 3010142 1 4.1598e-01
+6.64882e+04 -7.82546e+04 3010139 1 4.7675e-01
+7.24066e+04 -7.77435e+04 3010143 1 3.9701e-01
+5.67358e+04 -7.82331e+04 3010171 1 6.1740e-01
+6.81300e+04 -7.41027e+04 3010295 1 4.4963e-01
+4.83699e+04 -8.83360e+04 1010560 0 7.0452e-01
+5.03110e+04 -8.82065e+04 1010561 0 6.8294e-01
+5.22276e+04 -8.80719e+04 1010562 0 6.6130e-01
+5.41196e+04 -8.79350e+04 1010563 0 6.3914e-01
+5.59877e+04 -8.77978e+04 1010564 0 6.1694e-01
+5.78322e+04 -8.76619e+04 1010565 0 5.9498e-01
+5.96540e+04 -8.75288e+04 1010566 0 5.7326e-01
+6.14541e+04 -8.73993e+04 1010567 0 5.5283e-01
+6.32332e+04 -8.72744e+04 1010568 0 5.3306e-01
+6.49928e+04 -8.71547e+04 1010569 0 5.1367e-01
+6.67338e+04 -8.70409e+04 1010570 0 4.9500e-01
+6.84577e+04 -8.69332e+04 1010571 0 4.7712e-01
+7.01655e+04 -8.68319e+04 1010572 0 4.6002e-01
+7.18586e+04 -8.67372e+04 1010573 0 4.4372e-01
+7.35380e+04 -8.66493e+04 1010574 0 4.2844e-01
+7.52051e+04 -8.65685e+04 1010575 0 4.1420e-01
+7.68608e+04 -8.64949e+04 1010576 0 4.0108e-01
+7.85067e+04 -8.64285e+04 1010577 0 3.8917e-01
+8.01435e+04 -8.63690e+04 1010578 0 3.7846e-01
+8.17726e+04 -8.63166e+04 1010579 0 3.6918e-01
+8.33950e+04 -8.62711e+04 1010580 0 3.6100e-01
+8.50120e+04 -8.62336e+04 1010581 0 3.5457e-01
+8.66247e+04 -8.62008e+04 1010582 0 3.4916e-01
+8.82335e+04 -8.61749e+04 1010583 0 3.4508e-01
+8.98399e+04 -8.61581e+04 1010584 0 3.4256e-01
+6.21723e+04 -8.14506e+04 3010020 1 5.3759e-01
+8.39459e+04 -7.89944e+04 3010073 1 2.9682e-01
+8.09389e+04 -7.91147e+04 3010071 1 3.1783e-01
+7.94319e+04 -7.91885e+04 3010070 1 3.3055e-01
+7.95911e+04 -7.82304e+04 3010109 1 3.2136e-01
+8.25609e+04 -7.80927e+04 3010111 1 2.9610e-01
+7.53529e+04 -7.75261e+04 3010145 1 3.6046e-01
+5.96274e+04 -7.79524e+04 3010173 1 5.7599e-01
+5.18231e+04 -7.76444e+04 3010206 1 6.8206e-01
+5.21059e+04 -7.54715e+04 3010283 1 6.7082e-01
+4.68935e+04 -8.76991e+04 1010598 0 7.6303e-01
+4.88148e+04 -8.75697e+04 1010599 0 7.3765e-01
+5.07156e+04 -8.74324e+04 1010600 0 7.1265e-01
+5.25950e+04 -8.72904e+04 1010601 1 6.8808e-01
+5.44528e+04 -8.71464e+04 1010602 1 6.6353e-01
+5.62891e+04 -8.70020e+04 1010603 1 6.3898e-01
+5.81046e+04 -8.68590e+04 1010604 1 6.1460e-01
+5.98998e+04 -8.67188e+04 1010605 1 5.9071e-01
+6.16755e+04 -8.65824e+04 1010606 1 5.6737e-01
+6.34326e+04 -8.64507e+04 1010607 1 5.4470e-01
+6.51721e+04 -8.63245e+04 1010608 1 5.2282e-01
+6.68949e+04 -8.62044e+04 1010609 1 5.0216e-01
+6.86018e+04 -8.60906e+04 1010610 1 4.8278e-01
+7.02940e+04 -8.59835e+04 1010611 1 4.6439e-01
+7.19726e+04 -8.58833e+04 1010612 1 4.4689e-01
+7.36386e+04 -8.57902e+04 1010613 1 4.3047e-01
+7.52932e+04 -8.57045e+04 1010614 1 4.1508e-01
+7.69374e+04 -8.56264e+04 1010615 1 4.0099e-01
+7.85723e+04 -8.55558e+04 1010616 1 3.8801e-01
+8.01988e+04 -8.54927e+04 1010617 1 3.7643e-01
+8.18182e+04 -8.54370e+04 1010618 1 3.6629e-01
+8.34315e+04 -8.53887e+04 1010619 1 3.5755e-01
+8.50394e+04 -8.53489e+04 1010620 1 3.5003e-01
+8.66431e+04 -8.53143e+04 1010621 1 3.4481e-01
+8.82446e+04 -8.52872e+04 1010622 1 3.4142e-01
+8.98451e+04 -8.52697e+04 1010623 1 3.3936e-01
+6.37549e+04 -8.13006e+04 3010021 1 5.1599e-01
+8.85246e+04 -7.69615e+04 3010154 1 2.5145e-01
+8.12206e+04 -7.71853e+04 3010149 1 2.9783e-01
+7.38809e+04 -7.76312e+04 3010144 1 3.7844e-01
+7.99271e+04 -7.62700e+04 3010187 1 3.0222e-01
+6.68915e+04 -7.72478e+04 3010178 1 4.7062e-01
+8.42497e+04 -7.60824e+04 3010190 1 2.6219e-01
+6.87247e+04 -7.60913e+04 3010218 1 4.4319e-01
+4.99810e+04 -7.66930e+04 3010243 1 6.9849e-01
+5.80195e+04 -7.60847e+04 3010249 1 5.9922e-01
+7.32987e+04 -7.46999e+04 3010260 1 3.7530e-01
+4.71268e+04 -7.56400e+04 3010279 1 7.1403e-01
+7.08648e+04 -7.38663e+04 3010297 1 4.0853e-01
+5.04497e+04 -7.44013e+04 3010320 1 6.7886e-01
+4.75129e+04 -8.69095e+04 1010637 1 7.7170e-01
+4.93797e+04 -8.67736e+04 1010638 1 7.4483e-01
+5.12300e+04 -8.66303e+04 1010639 1 7.1761e-01
+5.30632e+04 -8.64827e+04 1010640 1 6.9025e-01
+5.48786e+04 -8.63332e+04 1010641 1 6.6298e-01
+5.66763e+04 -8.61834e+04 1010642 1 6.3689e-01
+5.84562e+04 -8.60352e+04 1010643 1 6.1183e-01
+6.02185e+04 -8.58898e+04 1010644 1 5.8747e-01
+6.19639e+04 -8.57481e+04 1010645 1 5.6377e-01
+6.36931e+04 -8.56112e+04 1010646 1 5.4081e-01
+6.54068e+04 -8.54799e+04 1010647 1 5.1865e-01
+6.71059e+04 -8.53547e+04 1010648 1 4.9746e-01
+6.87910e+04 -8.52360e+04 1010649 1 4.7730e-01
+7.04633e+04 -8.51241e+04 1010650 1 4.5822e-01
+7.21234e+04 -8.50194e+04 1010651 1 4.4026e-01
+7.37725e+04 -8.49221e+04 1010652 1 4.2383e-01
+7.54112e+04 -8.48325e+04 1010653 1 4.0849e-01
+7.70404e+04 -8.47507e+04 1010654 1 3.9448e-01
+7.86612e+04 -8.46767e+04 1010655 1 3.8158e-01
+8.02743e+04 -8.46105e+04 1010656 1 3.7007e-01
+8.18810e+04 -8.45521e+04 1010657 1 3.6007e-01
+8.34822e+04 -8.45017e+04 1010658 1 3.5134e-01
+8.50784e+04 -8.44595e+04 1010659 1 3.4389e-01
+8.66711e+04 -8.44239e+04 1010660 1 3.3898e-01
+8.82625e+04 -8.43966e+04 1010661 1 3.3600e-01
+8.98537e+04 -8.43790e+04 1010662 1 3.3423e-01
+6.53319e+04 -8.11548e+04 3010022 1 4.9483e-01
+8.54469e+04 -7.89482e+04 3010074 1 2.8854e-01
+8.99448e+04 -7.88699e+04 3010077 1 2.7465e-01
+8.24434e+04 -7.90500e+04 3010072 1 3.0654e-01
+8.55245e+04 -7.79918e+04 3010113 1 2.7673e-01
+8.40434e+04 -7.80375e+04 3010112 1 2.8565e-01
+8.10770e+04 -7.81570e+04 3010110 1 3.0789e-01
+7.82906e+04 -7.73390e+04 3010147 1 3.2719e-01
+8.70652e+04 -7.69869e+04 3010153 1 2.5693e-01
+6.10779e+04 -7.78093e+04 3010174 1 5.5507e-01
+6.25303e+04 -7.76662e+04 3010175 1 5.3404e-01
+9.00044e+04 -7.59634e+04 3010194 1 2.3368e-01
+8.85661e+04 -7.59787e+04 3010193 1 2.3759e-01
+5.45831e+04 -7.74234e+04 3010208 1 6.4708e-01
+5.04608e+04 -7.77385e+04 3010205 1 6.9792e-01
+5.31978e+04 -7.75387e+04 3010207 1 6.6521e-01
+4.86890e+04 -7.67515e+04 3010242 1 7.1085e-01
+4.83425e+04 -7.56251e+04 3010280 1 7.0568e-01
+5.46928e+04 -7.52992e+04 3010285 1 6.4107e-01
+5.33927e+04 -7.53910e+04 3010284 1 6.5655e-01
+5.60044e+04 -7.51978e+04 3010286 1 6.2464e-01
+5.99952e+04 -7.48529e+04 3010289 1 5.7044e-01
+6.67656e+04 -7.42258e+04 3010294 1 4.7014e-01
+4.69058e+04 -7.44248e+04 3010317 1 7.0139e-01
+5.54255e+04 -7.41402e+04 3010324 1 6.2768e-01
+4.81816e+04 -8.60898e+04 1010676 1 7.5312e-01
+4.99918e+04 -8.59492e+04 1010677 1 7.2718e-01
+5.17897e+04 -8.58017e+04 1010678 1 7.0108e-01
+5.35743e+04 -8.56502e+04 1010679 1 6.7485e-01
+5.53447e+04 -8.54967e+04 1010680 1 6.4902e-01
+5.71009e+04 -8.53432e+04 1010681 1 6.2342e-01
+5.88427e+04 -8.51911e+04 1010682 1 5.9831e-01
+6.05702e+04 -8.50417e+04 1010683 1 5.7373e-01
+6.22837e+04 -8.48962e+04 1010684 1 5.5065e-01
+6.39834e+04 -8.47555e+04 1010685 1 5.2839e-01
+6.56698e+04 -8.46202e+04 1010686 1 5.0710e-01
+6.73434e+04 -8.44911e+04 1010687 1 4.8656e-01
+6.90050e+04 -8.43685e+04 1010688 1 4.6711e-01
+7.06552e+04 -8.42528e+04 1010689 1 4.4863e-01
+7.22949e+04 -8.41445e+04 1010690 1 4.3123e-01
+7.39248e+04 -8.40436e+04 1010691 1 4.1490e-01
+7.55456e+04 -8.39507e+04 1010692 1 3.9970e-01
+7.71582e+04 -8.38658e+04 1010693 1 3.8579e-01
+7.87633e+04 -8.37889e+04 1010694 1 3.7313e-01
+8.03617e+04 -8.37202e+04 1010695 1 3.6198e-01
+8.19543e+04 -8.36596e+04 1010696 1 3.5214e-01
+8.35418e+04 -8.36074e+04 1010697 1 3.4363e-01
+8.51253e+04 -8.35634e+04 1010698 1 3.3670e-01
+8.67060e+04 -8.35272e+04 1010699 1 3.3184e-01
+8.82855e+04 -8.35000e+04 1010700 1 3.2888e-01
+8.98650e+04 -8.34827e+04 1010701 1 3.2720e-01
+8.69468e+04 -7.89121e+04 3010075 1 2.8199e-01
+8.84845e+04 -7.79302e+04 3010115 1 2.6475e-01
+8.99838e+04 -7.69459e+04 3010155 1 2.4794e-01
+8.71277e+04 -7.60037e+04 3010192 1 2.4368e-01
+7.55940e+04 -7.65338e+04 3010184 1 3.5245e-01
+8.28098e+04 -7.61360e+04 3010189 1 2.7421e-01
+6.16142e+04 -7.67640e+04 3010213 1 5.4733e-01
+6.44543e+04 -7.64886e+04 3010215 1 5.0579e-01
+6.30331e+04 -7.66259e+04 3010214 1 5.2655e-01
+5.87859e+04 -7.70380e+04 3010211 1 5.8838e-01
+7.15727e+04 -7.58469e+04 3010220 1 4.0234e-01
+8.43575e+04 -7.50825e+04 3010229 1 2.5009e-01
+8.57749e+04 -7.50394e+04 3010230 1 2.3896e-01
+8.71919e+04 -7.50056e+04 3010231 1 2.3007e-01
+5.39496e+04 -7.64322e+04 3010246 1 6.5335e-01
+6.21522e+04 -7.56955e+04 3010252 1 5.3945e-01
+6.49283e+04 -7.54308e+04 3010254 1 4.9831e-01
+5.08341e+04 -7.55387e+04 3010282 1 6.8397e-01
+6.26901e+04 -7.46037e+04 3010291 1 5.3103e-01
+5.67031e+04 -7.40466e+04 3010325 1 6.1203e-01
+5.79913e+04 -7.39450e+04 3010326 1 5.9546e-01
+5.92887e+04 -7.38371e+04 3010327 1 5.7817e-01
+4.71038e+04 -8.53752e+04 1010714 1 7.5951e-01
+4.88661e+04 -8.52408e+04 1010715 1 7.3439e-01
+5.06217e+04 -8.50970e+04 1010716 1 7.0883e-01
+5.23689e+04 -8.49469e+04 1010717 1 6.8338e-01
+5.41062e+04 -8.47928e+04 1010718 1 6.5857e-01
+5.58328e+04 -8.46369e+04 1010719 1 6.3388e-01
+5.75481e+04 -8.44809e+04 1010720 1 6.0961e-01
+5.92519e+04 -8.43262e+04 1010721 1 5.8569e-01
+6.09440e+04 -8.41743e+04 1010722 1 5.6237e-01
+6.26247e+04 -8.40260e+04 1010723 1 5.3964e-01
+6.42940e+04 -8.38824e+04 1010724 1 5.1762e-01
+6.59525e+04 -8.37443e+04 1010725 1 4.9638e-01
+6.76001e+04 -8.36123e+04 1010726 1 4.7635e-01
+6.92374e+04 -8.34868e+04 1010727 1 4.5732e-01
+7.08648e+04 -8.33683e+04 1010728 1 4.3915e-01
+7.24830e+04 -8.32572e+04 1010729 1 4.2214e-01
+7.40928e+04 -8.31537e+04 1010730 1 4.0601e-01
+7.56946e+04 -8.30581e+04 1010731 1 3.9105e-01
+7.72892e+04 -8.29707e+04 1010732 1 3.7730e-01
+7.88771e+04 -8.28916e+04 1010733 1 3.6470e-01
+8.04593e+04 -8.28208e+04 1010734 1 3.5356e-01
+8.20365e+04 -8.27584e+04 1010735 1 3.4368e-01
+8.36093e+04 -8.27046e+04 1010736 1 3.3531e-01
+8.51787e+04 -8.26594e+04 1010737 1 3.2864e-01
+8.67460e+04 -8.26228e+04 1010738 1 3.2365e-01
+8.83122e+04 -8.25959e+04 1010739 1 3.2052e-01
+8.98783e+04 -8.25789e+04 1010740 1 3.1873e-01
+8.84460e+04 -7.88859e+04 3010076 1 2.7747e-01
+8.70048e+04 -7.79561e+04 3010114 1 2.6973e-01
+8.41448e+04 -7.70671e+04 3010151 1 2.7407e-01
+8.26833e+04 -7.71216e+04 3010150 1 2.8528e-01
+7.97564e+04 -7.72578e+04 3010148 1 3.1190e-01
+6.54377e+04 -7.73845e+04 3010177 1 4.9173e-01
+7.84841e+04 -7.63499e+04 3010186 1 3.1818e-01
+6.83447e+04 -7.71150e+04 3010179 1 4.4975e-01
+7.41469e+04 -7.66371e+04 3010183 1 3.7074e-01
+7.44189e+04 -7.56253e+04 3010222 1 3.6308e-01
+7.29961e+04 -7.57330e+04 3010221 1 3.8244e-01
+8.29397e+04 -7.51349e+04 3010228 1 2.6295e-01
+5.66542e+04 -7.62072e+04 3010248 1 6.1823e-01
+5.26132e+04 -7.65313e+04 3010245 1 6.6960e-01
+5.12898e+04 -7.66189e+04 3010244 1 6.8467e-01
+6.07696e+04 -7.58274e+04 3010251 1 5.5965e-01
+6.77140e+04 -7.51721e+04 3010256 1 4.5706e-01
+7.05053e+04 -7.49265e+04 3010258 1 4.1593e-01
+5.86569e+04 -7.49731e+04 3010288 1 5.8942e-01
+6.54037e+04 -7.43509e+04 3010293 1 4.9058e-01
+4.78558e+04 -8.44990e+04 1010753 1 7.4227e-01
+4.95624e+04 -8.43625e+04 1010754 1 7.1870e-01
+5.12654e+04 -8.42173e+04 1010755 1 6.9467e-01
+5.29632e+04 -8.40659e+04 1010756 1 6.7041e-01
+5.46545e+04 -8.39106e+04 1010757 1 6.4604e-01
+5.63382e+04 -8.37535e+04 1010758 1 6.2178e-01
+5.80137e+04 -8.35962e+04 1010759 1 5.9820e-01
+5.96801e+04 -8.34403e+04 1010760 1 5.7503e-01
+6.13373e+04 -8.32868e+04 1010761 1 5.5237e-01
+6.29851e+04 -8.31370e+04 1010762 1 5.3024e-01
+6.46238e+04 -8.29917e+04 1010763 1 5.0888e-01
+6.62533e+04 -8.28517e+04 1010764 1 4.8810e-01
+6.78739e+04 -8.27177e+04 1010765 1 4.6825e-01
+6.94860e+04 -8.25902e+04 1010766 1 4.4917e-01
+7.10899e+04 -8.24697e+04 1010767 1 4.3106e-01
+7.26860e+04 -8.23566e+04 1010768 1 4.1397e-01
+7.42747e+04 -8.22512e+04 1010769 1 3.9777e-01
+7.58565e+04 -8.21538e+04 1010770 1 3.8289e-01
+7.74321e+04 -8.20645e+04 1010771 1 3.6899e-01
+7.90020e+04 -8.19837e+04 1010772 1 3.5631e-01
+8.05668e+04 -8.19114e+04 1010773 1 3.4497e-01
+8.21274e+04 -8.18477e+04 1010774 1 3.3494e-01
+8.36842e+04 -8.17929e+04 1010775 1 3.2651e-01
+8.52384e+04 -8.17470e+04 1010776 1 3.1962e-01
+8.67907e+04 -8.17103e+04 1010777 1 3.1431e-01
+8.83421e+04 -8.16835e+04 1010778 1 3.1086e-01
+8.98932e+04 -8.16667e+04 1010779 1 3.0881e-01
+8.56054e+04 -7.70221e+04 3010152 1 2.6445e-01
+7.12483e+04 -7.68642e+04 3010181 1 4.0924e-01
+6.39837e+04 -7.75243e+04 3010176 1 5.1295e-01
+6.97971e+04 -7.69869e+04 3010180 1 4.2918e-01
+7.70397e+04 -7.64380e+04 3010185 1 3.3492e-01
+6.58770e+04 -7.63531e+04 3010216 1 4.8501e-01
+5.59771e+04 -7.73004e+04 3010209 1 6.2807e-01
+6.01981e+04 -7.69018e+04 3010212 1 5.6800e-01
+6.73007e+04 -7.62204e+04 3010217 1 4.6411e-01
+5.73785e+04 -7.71714e+04 3010210 1 6.0844e-01
+7.01488e+04 -7.59666e+04 3010219 1 4.2263e-01
+7.58409e+04 -7.55243e+04 3010223 1 3.4441e-01
+7.72622e+04 -7.54305e+04 3010224 1 3.2630e-01
+8.01024e+04 -7.52662e+04 3010226 1 2.9237e-01
+7.86827e+04 -7.53443e+04 3010225 1 3.0884e-01
+8.15213e+04 -7.51963e+04 3010227 1 2.7710e-01
+8.86088e+04 -7.49811e+04 3010232 1 2.2330e-01
+9.00255e+04 -7.49662e+04 3010233 1 2.1881e-01
+5.93917e+04 -7.59576e+04 3010250 1 5.7961e-01
+5.52971e+04 -7.63236e+04 3010247 1 6.3629e-01
+6.63202e+04 -7.53002e+04 3010255 1 4.7759e-01
+7.19018e+04 -7.48105e+04 3010259 1 3.9533e-01
+6.91092e+04 -7.50473e+04 3010257 1 4.3655e-01
+4.95789e+04 -7.55906e+04 3010281 1 6.9556e-01
+5.73262e+04 -7.50886e+04 3010287 1 6.0741e-01
+6.13399e+04 -7.47294e+04 3010290 1 5.5090e-01
+6.40450e+04 -7.44772e+04 3010292 1 5.1083e-01
+5.16703e+04 -7.43566e+04 3010321 1 6.6810e-01
+5.29076e+04 -7.42970e+04 3010322 1 6.5583e-01
+5.41598e+04 -7.42242e+04 3010323 1 6.4231e-01
+4.92475e+04 -7.44289e+04 3010319 1 6.8815e-01
+4.80656e+04 -7.44375e+04 3010318 1 6.9570e-01
+4.69614e+04 -8.37181e+04 1010791 1 7.4999e-01
+4.86140e+04 -8.35923e+04 1010792 1 7.2812e-01
+5.02678e+04 -8.34553e+04 1010793 1 7.0549e-01
+5.19208e+04 -8.33099e+04 1010794 1 6.8253e-01
+5.35713e+04 -8.31586e+04 1010795 1 6.5924e-01
+5.52179e+04 -8.30035e+04 1010796 1 6.3590e-01
+5.68595e+04 -8.28464e+04 1010797 1 6.1262e-01
+5.84953e+04 -8.26891e+04 1010798 1 5.8950e-01
+6.01248e+04 -8.25329e+04 1010799 1 5.6668e-01
+6.17473e+04 -8.23790e+04 1010800 1 5.4426e-01
+6.33626e+04 -8.22287e+04 1010801 1 5.2249e-01
+6.49705e+04 -8.20826e+04 1010802 1 5.0118e-01
+6.65709e+04 -8.19418e+04 1010803 1 4.8069e-01
+6.81642e+04 -8.18068e+04 1010804 1 4.6094e-01
+6.97503e+04 -8.16782e+04 1010805 1 4.4184e-01
+7.13296e+04 -8.15565e+04 1010806 1 4.2384e-01
+7.29024e+04 -8.14420e+04 1010807 1 4.0657e-01
+7.44691e+04 -8.13354e+04 1010808 1 3.9035e-01
+7.60301e+04 -8.12367e+04 1010809 1 3.7520e-01
+7.75858e+04 -8.11463e+04 1010810 1 3.6091e-01
+7.91366e+04 -8.10644e+04 1010811 1 3.4806e-01
+8.06832e+04 -8.09911e+04 1010812 1 3.3638e-01
+8.22260e+04 -8.09267e+04 1010813 1 3.2596e-01
+8.37659e+04 -8.08713e+04 1010814 1 3.1723e-01
+8.53034e+04 -8.08250e+04 1010815 1 3.0998e-01
+8.68394e+04 -8.07883e+04 1010816 1 3.0429e-01
+8.83745e+04 -8.07617e+04 1010817 1 3.0053e-01
+8.99093e+04 -8.07452e+04 1010818 1 2.9823e-01
+7.46755e+04 -8.04057e+04 3010028 1 3.8285e-01
+7.31316e+04 -8.05130e+04 3010027 1 3.9930e-01
+7.15827e+04 -8.06278e+04 3010026 1 4.1689e-01
+7.00285e+04 -8.07500e+04 3010025 1 4.3522e-01
+6.84687e+04 -8.08788e+04 3010024 1 4.5427e-01
+6.69032e+04 -8.10140e+04 3010023 1 4.7429e-01
+8.99639e+04 -7.79144e+04 3010116 1 2.6160e-01
+8.13690e+04 -7.61986e+04 3010188 1 2.8760e-01
+8.56890e+04 -7.60382e+04 3010191 1 2.5177e-01
+6.35387e+04 -7.55629e+04 3010253 1 5.1897e-01
