+1.77326e+01 -9.99770e+04 10000 0 1.3281e-01
+1.15262e+03 -9.99770e+04 10001 0 4.0778e-01
+2.28755e+03 -9.99770e+04 10002 0 7.7473e-01
+3.42258e+03 -9.99771e+04 10003 0 1.1452e+00
+4.55776e+03 -9.99771e+04 10004 0 1.5122e+00
+5.69313e+03 -9.99773e+04 10005 0 1.8728e+00
+6.82874e+03 -9.99774e+04 10006 0 2.2249e+00
+7.96465e+03 -9.99776e+04 10007 0 2.5663e+00
+9.10088e+03 -9.99777e+04 10008 0 2.8952e+00
+1.02375e+04 -9.99779e+04 10009 0 3.2097e+00
+1.13745e+04 -9.99782e+04 10010 0 3.5078e+00
+1.25120e+04 -9.99784e+04 10011 0 3.7877e+00
+1.36500e+04 -9.99787e+04 10012 0 4.0477e+00
+1.47885e+04 -9.99790e+04 10013 0 4.2863e+00
+1.59275e+04 -9.99793e+04 10014 0 4.5020e+00
+1.70671e+04 -9.99796e+04 10015 0 4.6937e+00
+1.82072e+04 -9.99799e+04 10016 0 4.8604e+00
+1.93479e+04 -9.99802e+04 10017 0 5.0016e+00
+2.04891e+04 -9.99805e+04 10018 0 5.1171e+00
+2.16308e+04 -9.99808e+04 10019 0 5.2070e+00
+2.27730e+04 -9.99810e+04 10020 0 5.2717e+00
+2.39157e+04 -9.99813e+04 10021 0 5.3120e+00
+2.50587e+04 -9.99816e+04 10022 0 5.3289e+00
+2.62022e+04 -9.99818e+04 10023 0 5.3238e+00
+2.73460e+04 -9.99820e+04 10024 0 5.2983e+00
+2.84901e+04 -9.99822e+04 10025 0 5.2539e+00
+2.96344e+04 -9.99824e+04 10026 0 5.1924e+00
+3.07790e+04 -9.99825e+04 10027 0 5.1157e+00
+3.19237e+04 -9.99827e+04 10028 0 5.0256e+00
+3.30686e+04 -9.99828e+04 10029 0 4.9238e+00
+3.42137e+04 -9.99829e+04 10030 0 4.8121e+00
+3.53588e+04 -9.99829e+04 10031 0 4.6921e+00
+3.65040e+04 -9.99830e+04 10032 0 4.5654e+00
+3.76493e+04 -9.99831e+04 10033 0 4.4333e+00
+3.87946e+04 -9.99831e+04 10034 0 4.2972e+00
+3.99399e+04 -9.99831e+04 10035 0 4.1582e+00
+4.10853e+04 -9.99831e+04 10036 0 4.0174e+00
+4.22306e+04 -9.99831e+04 10037 0 3.8757e+00
+4.33759e+04 -9.99831e+04 10038 0 3.7339e+00
+4.45212e+04 -9.99831e+04 10039 0 3.5927e+00
+4.56664e+04 -9.99831e+04 10040 0 3.4527e+00
+1.10749e+01 -9.83217e+04 10041 0 5.4885e-01
+7.19948e+02 -9.83227e+04 10042 0 6.1414e-01
+1.43035e+03 -9.83252e+04 10043 0 7.7299e-01
+2.14328e+03 -9.83292e+04 10044 0 9.7934e-01
+2.86057e+03 -9.83348e+04 10045 0 1.2077e+00
+3.58342e+03 -9.83420e+04 10046 0 1.4464e+00
+4.31307e+03 -9.83508e+04 10047 0 1.6894e+00
+5.05147e+03 -9.83612e+04 10048 0 1.9331e+00
+5.79978e+03 -9.83731e+04 10049 0 2.1755e+00
+6.55953e+03 -9.83865e+04 10050 0 2.4148e+00
+7.33269e+03 -9.84015e+04 10051 0 2.6496e+00
+8.12062e+03 -9.84179e+04 10052 0 2.8787e+00
+8.92490e+03 -9.84357e+04 10053 0 3.1011e+00
+9.74766e+03 -9.84548e+04 10054 0 3.3153e+00
+1.05904e+04 -9.84752e+04 10055 0 3.5202e+00
+1.14548e+04 -9.84966e+04 10056 0 3.7149e+00
+1.23426e+04 -9.85189e+04 10057 0 3.8979e+00
+1.32557e+04 -9.85419e+04 10058 0 4.0679e+00
+1.41954e+04 -9.85655e+04 10059 0 4.2237e+00
+1.51632e+04 -9.85893e+04 10060 0 4.3640e+00
+1.61602e+04 -9.86132e+04 10061 0 4.4877e+00
+1.71873e+04 -9.86367e+04 10062 0 4.5936e+00
+1.82452e+04 -9.86598e+04 10063 0 4.6807e+00
+1.93341e+04 -9.86819e+04 10064 0 4.7481e+00
+2.04537e+04 -9.87030e+04 10065 0 4.7955e+00
+2.16032e+04 -9.87227e+04 10066 0 4.8224e+00
+2.27816e+04 -9.87408e+04 10067 0 4.8291e+00
+2.39874e+04 -9.87573e+04 10068 0 4.8721e+00
+2.52197e+04 -9.87724e+04 10069 0 4.9306e+00
+2.64755e+04 -9.87859e+04 10070 0 4.9394e+00
+2.77517e+04 -9.87977e+04 10071 0 4.9104e+00
+2.90454e+04 -9.88080e+04 10072 0 4.8511e+00
+3.03534e+04 -9.88167e+04 10073 0 4.7679e+00
+3.16730e+04 -9.88239e+04 10074 0 4.6655e+00
+3.30016e+04 -9.88296e+04 10075 0 4.5482e+00
+3.43368e+04 -9.88341e+04 10076 0 4.4188e+00
+3.56765e+04 -9.88374e+04 10077 0 4.2807e+00
+3.70188e+04 -9.88396e+04 10078 0 4.1361e+00
+3.83621e+04 -9.88409e+04 10079 0 3.9873e+00
+3.97050e+04 -9.88415e+04 10080 0 3.8357e+00
+4.10464e+04 -9.88413e+04 10081 0 3.6833e+00
+6.68848e+00 -9.56551e+04 10082 0 1.0048e+00
+4.34908e+02 -9.56595e+04 10083 0 1.0256e+00
+8.64442e+02 -9.56677e+04 10084 0 1.0836e+00
+1.29718e+03 -9.56822e+04 10085 0 1.1709e+00
+1.73412e+03 -9.57021e+04 10086 0 1.2801e+00
+2.17704e+03 -9.57275e+04 10087 0 1.4045e+00
+2.62764e+03 -9.57588e+04 10088 0 1.5404e+00
+3.08715e+03 -9.57952e+04 10089 0 1.6845e+00
+3.55777e+03 -9.58373e+04 10090 0 1.8346e+00
+4.04084e+03 -9.58846e+04 10091 0 1.9892e+00
+4.53854e+03 -9.59370e+04 10092 0 2.1471e+00
+5.05288e+03 -9.59945e+04 10093 0 2.3074e+00
+5.58584e+03 -9.60567e+04 10094 0 2.4693e+00
+6.14009e+03 -9.61235e+04 10095 0 2.6324e+00
+6.71777e+03 -9.61946e+04 10096 0 2.7959e+00
+7.32206e+03 -9.62697e+04 10097 0 2.9577e+00
+7.95493e+03 -9.63488e+04 10098 0 3.1121e+00
+8.61919e+03 -9.64320e+04 10099 0 3.2624e+00
+9.31769e+03 -9.65188e+04 10100 0 3.4074e+00
+1.00531e+04 -9.66087e+04 10101 0 3.5464e+00
+1.08288e+04 -9.67012e+04 10102 0 3.6780e+00
+1.16477e+04 -9.67955e+04 10103 0 3.8011e+00
+1.25125e+04 -9.68908e+04 10104 0 3.9145e+00
+1.34262e+04 -9.69862e+04 10105 0 4.0167e+00
+1.43915e+04 -9.70806e+04 10106 0 4.1064e+00
+1.54104e+04 -9.71730e+04 10107 0 4.1821e+00
+1.64844e+04 -9.72621e+04 10108 0 4.2425e+00
+1.76145e+04 -9.73469e+04 10109 0 4.2863e+00
+1.88006e+04 -9.74261e+04 10110 0 4.3126e+00
+2.00418e+04 -9.74990e+04 10111 0 4.3208e+00
+2.13446e+04 -9.75652e+04 10112 0 4.5598e+00
+2.27021e+04 -9.76250e+04 10113 0 4.6054e+00
+2.41056e+04 -9.76777e+04 10114 0 4.5956e+00
+2.55484e+04 -9.77230e+04 10115 0 4.5506e+00
+2.70238e+04 -9.77611e+04 10116 0 4.4793e+00
+2.85253e+04 -9.77921e+04 10117 0 4.3868e+00
+3.00466e+04 -9.78166e+04 10118 0 4.2776e+00
+3.15819e+04 -9.78352e+04 10119 0 4.1557e+00
+3.31261e+04 -9.78486e+04 10120 0 4.0233e+00
+3.46747e+04 -9.78575e+04 10121 0 3.8842e+00
+3.62239e+04 -9.78625e+04 10122 0 3.7401e+00
+4.06610e+00 -9.12633e+04 10123 0 1.4910e+00
+2.64458e+02 -9.12753e+04 10124 0 1.4986e+00
+5.25846e+02 -9.12959e+04 10125 0 1.5216e+00
+7.89515e+02 -9.13301e+04 10126 0 1.5577e+00
+1.05675e+03 -9.13789e+04 10127 0 1.6050e+00
+1.32874e+03 -9.14417e+04 10128 0 1.6618e+00
+1.60647e+03 -9.15174e+04 10129 0 1.7261e+00
+1.89137e+03 -9.16062e+04 10130 0 1.7967e+00
+2.18497e+03 -9.17081e+04 10131 0 1.8723e+00
+2.48875e+03 -9.18230e+04 10132 0 1.9523e+00
+2.80401e+03 -9.19497e+04 10133 0 2.0362e+00
+3.13261e+03 -9.20882e+04 10134 0 2.1232e+00
+3.47665e+03 -9.22381e+04 10135 0 2.2130e+00
+3.83794e+03 -9.23987e+04 10136 0 2.3056e+00
+4.21869e+03 -9.25691e+04 10137 0 2.4010e+00
+4.62139e+03 -9.27495e+04 10138 0 2.4989e+00
+5.04826e+03 -9.29389e+04 10139 0 2.5989e+00
+5.50219e+03 -9.31366e+04 10140 0 2.7008e+00
+5.98677e+03 -9.33418e+04 10141 0 2.8045e+00
+6.50514e+03 -9.35531e+04 10142 0 2.9101e+00
+7.06204e+03 -9.37694e+04 10143 0 3.0172e+00
+7.66035e+03 -9.39903e+04 10144 0 3.1218e+00
+8.30432e+03 -9.42151e+04 10145 0 3.2264e+00
+8.99823e+03 -9.44421e+04 10146 0 3.3305e+00
+9.74799e+03 -9.46697e+04 10147 0 3.4339e+00
+1.05596e+04 -9.48956e+04 10148 0 3.5358e+00
+1.14389e+04 -9.51178e+04 10149 0 3.6221e+00
+1.23871e+04 -9.53365e+04 10150 0 3.6885e+00
+1.34074e+04 -9.55494e+04 10151 0 3.7440e+00
+1.45032e+04 -9.57536e+04 10152 0 3.7870e+00
+1.56768e+04 -9.59466e+04 10153 0 3.8161e+00
+1.69296e+04 -9.61254e+04 10154 0 3.8299e+00
+1.82754e+04 -9.62883e+04 10155 0 4.1459e+00
+1.97160e+04 -9.64352e+04 10156 0 4.1851e+00
+2.12300e+04 -9.65647e+04 10157 0 4.1775e+00
+2.28086e+04 -9.66758e+04 10158 0 4.1389e+00
+2.44419e+04 -9.67680e+04 10159 0 4.0768e+00
+2.61190e+04 -9.68422e+04 10160 0 3.9937e+00
+2.78292e+04 -9.68997e+04 10161 0 3.8943e+00
+2.95621e+04 -9.69424e+04 10162 0 3.7816e+00
+3.13086e+04 -9.69723e+04 10163 0 3.6580e+00
+2.70092e+00 -8.43209e+04 10164 0 1.8973e+00
+1.75656e+02 -8.43464e+04 10165 0 1.9004e+00
+3.49215e+02 -8.43886e+04 10166 0 1.9101e+00
+5.24148e+02 -8.44570e+04 10167 0 1.9257e+00
+7.01224e+02 -8.45528e+04 10168 0 1.9468e+00
+8.81239e+02 -8.46761e+04 10169 0 1.9725e+00
+1.06504e+03 -8.48267e+04 10170 0 2.0026e+00
+1.25349e+03 -8.50041e+04 10171 0 2.0361e+00
+1.44740e+03 -8.52063e+04 10172 0 2.0727e+00
+1.64778e+03 -8.54329e+04 10173 0 2.1119e+00
+1.85582e+03 -8.56835e+04 10174 0 2.1535e+00
+2.07284e+03 -8.59575e+04 10175 0 2.1972e+00
+2.30032e+03 -8.62541e+04 10176 0 2.2428e+00
+2.53965e+03 -8.65716e+04 10177 0 2.2900e+00
+2.79237e+03 -8.69086e+04 10178 0 2.3389e+00
+3.06058e+03 -8.72639e+04 10179 0 2.3895e+00
+3.34668e+03 -8.76365e+04 10180 0 2.4417e+00
+3.65285e+03 -8.80249e+04 10181 0 2.4955e+00
+3.98157e+03 -8.84268e+04 10182 0 2.5512e+00
+4.33636e+03 -8.88406e+04 10183 0 2.6086e+00
+4.72052e+03 -8.92652e+04 10184 0 2.6681e+00
+5.13747e+03 -8.96978e+04 10185 0 2.7293e+00
+5.59225e+03 -9.01363e+04 10186 0 2.7928e+00
+6.08912e+03 -9.05794e+04 10187 0 2.8581e+00
+6.63318e+03 -9.10241e+04 10188 0 2.9256e+00
+7.23167e+03 -9.14679e+04 10189 0 2.9943e+00
+7.88898e+03 -9.19090e+04 10190 0 3.0637e+00
+8.61330e+03 -9.23442e+04 10191 0 3.1344e+00
+9.41289e+03 -9.27699e+04 10192 0 3.2007e+00
+1.02921e+04 -9.31848e+04 10193 0 3.2625e+00
+1.12600e+04 -9.35841e+04 10194 0 3.3220e+00
+1.23254e+04 -9.39636e+04 10195 0 3.3612e+00
+1.34861e+04 -9.43222e+04 10196 0 3.3779e+00
+1.47465e+04 -9.46553e+04 10197 0 3.5115e+00
+1.61358e+04 -9.49608e+04 10198 0 3.7255e+00
+1.76495e+04 -9.52334e+04 10199 0 3.7552e+00
+1.92626e+04 -9.54721e+04 10200 0 3.7386e+00
+2.09653e+04 -9.56744e+04 10201 0 3.6976e+00
+2.27448e+04 -9.58401e+04 10202 0 3.6357e+00
+2.45867e+04 -9.59705e+04 10203 0 3.5554e+00
+2.64752e+04 -9.60689e+04 10204 0 3.4600e+00
+2.21976e+00 -7.48932e+04 10205 0 2.0925e+00
+1.44267e+02 -7.49342e+04 10206 0 2.0939e+00
+2.26025e+04 -7.39566e+04 2010276 1 6.0038e-01
+2.86477e+02 -7.50003e+04 10207 0 2.0986e+00
+2.44966e+04 -7.42237e+04 2010318 1 6.0133e-01
+2.70301e+04 -7.48761e+04 2010361 1 6.5465e-01
+4.29153e+02 -7.51062e+04 10208 0 2.1064e+00
+4.38965e+04 -7.39349e+04 3010472 1 8.9407e-01
+2.98727e+04 -7.50797e+04 2010404 1 7.3158e-01
+5.72582e+02 -7.52536e+04 10209 0 2.1172e+00
+7.17075e+02 -7.54430e+04 10210 0 2.1308e+00
+4.62774e+04 -7.39133e+04 3010474 1 8.8637e-01
+2.85913e+04 -7.40121e+04 2010402 1 6.6352e-01
+8.62990e+02 -7.56746e+04 10211 0 2.1470e+00
+2.91978e+04 -7.45726e+04 2010403 1 6.9912e-01
+1.01075e+03 -7.59485e+04 10212 0 2.1659e+00
+3.53043e+04 -7.41084e+04 2010489 1 8.2528e-01
+1.16086e+03 -7.62646e+04 10213 0 2.1871e+00
+1.31378e+03 -7.66207e+04 10214 0 2.2087e+00
+2.64999e+04 -7.42319e+04 2010360 1 6.2555e-01
+3.14181e+04 -7.40799e+04 2010445 1 7.3881e-01
+1.47011e+03 -7.70154e+04 10215 0 2.2319e+00
+1.63064e+03 -7.74481e+04 10216 0 2.2569e+00
+3.21556e+04 -7.45117e+04 2010446 1 7.7040e-01
+3.29555e+04 -7.48927e+04 2010447 1 7.9971e-01
+1.79627e+03 -7.79183e+04 10217 0 2.2828e+00
+1.96806e+03 -7.84248e+04 10218 0 2.3101e+00
+4.16493e+04 -7.38359e+04 3010470 1 8.8894e-01
+2.14730e+03 -7.89667e+04 10219 0 2.3385e+00
+2.33539e+03 -7.95422e+04 10220 0 2.3676e+00
+2.53387e+03 -8.01485e+04 10221 0 2.3968e+00
+2.74454e+03 -8.07831e+04 10222 0 2.4265e+00
+2.96971e+03 -8.14441e+04 10223 0 2.4575e+00
+3.21186e+03 -8.21289e+04 10224 0 2.4888e+00
+3.47411e+03 -8.28349e+04 10225 0 2.5210e+00
+3.75939e+03 -8.35581e+04 10226 0 2.5535e+00
+4.07158e+03 -8.42949e+04 10227 0 2.5868e+00
+4.41507e+03 -8.50419e+04 10228 0 2.6214e+00
+4.79487e+03 -8.57957e+04 10229 0 2.6568e+00
+5.21635e+03 -8.65510e+04 10230 0 2.6935e+00
+5.68577e+03 -8.73046e+04 10231 0 2.7315e+00
+6.21063e+03 -8.80515e+04 10232 0 2.7704e+00
+6.79843e+03 -8.87873e+04 10233 0 2.8110e+00
+7.45793e+03 -8.95075e+04 10234 0 2.8511e+00
+8.19923e+03 -9.02068e+04 10235 0 2.8916e+00
+9.03057e+03 -9.08810e+04 10236 0 2.9292e+00
+9.96420e+03 -9.15239e+04 10237 0 2.9621e+00
+1.10062e+04 -9.21316e+04 10238 0 2.9858e+00
+1.21686e+04 -9.26974e+04 10239 0 3.0966e+00
+1.34710e+04 -9.32236e+04 10240 0 3.2499e+00
+1.49215e+04 -9.37000e+04 10241 0 3.3398e+00
+1.65163e+04 -9.41197e+04 10242 0 3.3359e+00
+1.82323e+04 -9.44809e+04 10243 0 3.3018e+00
+2.00589e+04 -9.47806e+04 10244 0 3.2485e+00
+2.19814e+04 -9.50197e+04 10245 0 3.1937e+00
+2.60523e+04 -7.62700e+04 2010321 1 7.0539e-01
+2.83087e+04 -7.60026e+04 2010363 1 7.2992e-01
+3.06165e+04 -7.55332e+04 2010405 1 7.6033e-01
+3.14279e+04 -7.59335e+04 2010406 1 7.9320e-01
+2.90568e+04 -7.64839e+04 2010364 1 7.6593e-01
+2.54570e+04 -7.56414e+04 2010320 1 6.7297e-01
+2.33718e+04 -7.55665e+04 2010278 1 6.6493e-01
+2.29485e+04 -7.47858e+04 2010277 1 6.3167e-01
+2.76328e+04 -7.54664e+04 2010362 1 6.9399e-01
+2.49389e+04 -7.49587e+04 2010319 1 6.3529e-01
+2.10879e+04 -7.43175e+04 2010235 1 6.4606e-01
+3.23043e+04 -7.62822e+04 2010407 1 8.2351e-01
+4.27548e+04 -7.39016e+04 3010471 1 8.9293e-01
+4.26330e+04 -7.51291e+04 3010433 1 9.0099e-01
+3.67469e+04 -7.59309e+04 3010390 1 8.7994e-01
+4.38456e+04 -7.51302e+04 3010434 1 9.0108e-01
+2.85320e+03 -7.39544e+04 10265 0 2.3496e+00
+4.14554e+04 -7.50967e+04 3010432 1 8.9801e-01
+3.62059e+04 -7.43787e+04 2010490 1 8.4618e-01
+3.03481e+03 -7.49133e+04 10266 0 2.3748e+00
+3.22962e+03 -7.59102e+04 10267 0 2.4002e+00
+3.44087e+03 -7.69414e+04 10268 0 2.4258e+00
+3.67218e+03 -7.80014e+04 10269 0 2.4491e+00
+4.63632e+04 -7.50484e+04 3010436 1 8.9303e-01
+3.92776e+03 -7.90843e+04 10270 0 2.4727e+00
+3.44578e+04 -7.37916e+04 2010488 1 8.0109e-01
+4.21275e+03 -8.01846e+04 10271 0 2.4963e+00
+4.53315e+03 -8.12964e+04 10272 0 2.5197e+00
+4.89554e+03 -8.24120e+04 10273 0 2.5416e+00
+5.30732e+03 -8.35231e+04 10274 0 2.5633e+00
+5.77763e+03 -8.46229e+04 10275 0 2.5845e+00
+6.31584e+03 -8.57022e+04 10276 0 2.6042e+00
+6.93305e+03 -8.67532e+04 10277 0 2.6226e+00
+7.64067e+03 -8.77671e+04 10278 0 2.6388e+00
+8.45118e+03 -8.87361e+04 10279 0 2.6519e+00
+9.37671e+03 -8.96517e+04 10280 0 2.6577e+00
+1.04338e+04 -9.05086e+04 10281 0 2.7927e+00
+1.16483e+04 -9.13061e+04 10282 0 2.8971e+00
+1.30256e+04 -9.20310e+04 10283 0 2.9458e+00
+1.45715e+04 -9.26733e+04 10284 0 2.9604e+00
+1.62699e+04 -9.32280e+04 10285 0 2.9183e+00
+1.81059e+04 -9.36918e+04 10286 0 2.8588e+00
+2.44622e+04 -7.69699e+04 2010280 1 7.2663e-01
+2.18108e+04 -7.60336e+04 2010237 1 6.9319e-01
+2.38755e+04 -7.62957e+04 2010279 1 6.9345e-01
+1.98914e+04 -7.54347e+04 2010195 1 7.2446e-01
+2.22977e+04 -7.68184e+04 2010238 1 7.2085e-01
+1.96001e+04 -7.44924e+04 2010194 1 6.9717e-01
+2.51314e+04 -7.75872e+04 2010281 1 7.5436e-01
+3.38165e+04 -7.52236e+04 2010448 1 8.2548e-01
+2.74776e+04 -7.73582e+04 2010323 1 7.7304e-01
+2.67259e+04 -7.68426e+04 2010322 1 7.4202e-01
+2.14077e+04 -7.51987e+04 2010236 1 6.7095e-01
+4.42419e+04 -8.57735e+04 1010793 1 9.4527e-01
+3.61825e+04 -7.83717e+04 3010314 1 9.2066e-01
+3.49830e+04 -7.82495e+04 3010313 1 9.1034e-01
+3.64167e+04 -7.71862e+04 3010352 1 9.0254e-01
+2.98772e+04 -7.69101e+04 2010365 1 7.9939e-01
+3.32441e+04 -7.65801e+04 2010408 1 8.5004e-01
+3.53035e+04 -7.70301e+04 3010351 1 8.8904e-01
+4.00457e+04 -7.74081e+04 3010355 1 9.2236e-01
+4.13485e+04 -7.62871e+04 3010394 1 9.1245e-01
+3.47372e+04 -7.55058e+04 2010449 1 8.4580e-01
+4.26003e+04 -7.62875e+04 3010395 1 9.1236e-01
+4.01337e+04 -7.62538e+04 3010393 1 9.0950e-01
+4.28431e+04 -7.84032e+04 3010319 1 9.2134e-01
+3.81656e+04 -7.47865e+04 3010429 1 8.7768e-01
+3.92183e+04 -7.49279e+04 3010430 1 8.8778e-01
+4.46452e+04 -7.92492e+04 3010282 1 9.0867e-01
+4.49688e+04 -8.70797e+04 1010716 1 9.7551e-01
+4.16400e+03 -7.44950e+04 10313 0 2.3090e+00
+3.71605e+04 -7.46041e+04 2010491 1 8.6375e-01
+4.68240e+04 -7.71252e+04 3010360 1 8.9338e-01
+4.39980e+03 -7.59193e+04 10314 0 2.3310e+00
+4.67136e+03 -7.73673e+04 10315 0 2.3508e+00
+4.98668e+03 -7.88269e+04 10316 0 2.3671e+00
+5.35534e+03 -8.02861e+04 10317 0 2.3812e+00
+5.78866e+03 -8.17329e+04 10318 0 2.3922e+00
+6.29846e+03 -8.31519e+04 10319 0 2.3982e+00
+6.89850e+03 -8.45294e+04 10320 0 2.3996e+00
+7.60293e+03 -8.58507e+04 10321 0 2.3948e+00
+8.42672e+03 -8.71023e+04 10322 0 2.3823e+00
+9.39755e+03 -8.82838e+04 10323 0 2.5429e+00
+1.05351e+04 -8.93803e+04 10324 0 2.5957e+00
+1.18510e+04 -9.03747e+04 10325 0 2.6172e+00
+1.33493e+04 -9.12555e+04 10326 0 2.6111e+00
+1.50228e+04 -9.20143e+04 10327 0 2.5490e+00
+1.81477e+04 -7.44504e+04 2010153 1 7.7872e-01
+2.02662e+04 -7.63353e+04 2010196 1 7.4772e-01
+2.35341e+04 -7.82206e+04 2010240 1 7.7615e-01
+2.28712e+04 -7.75488e+04 2010239 1 7.4558e-01
+4.62471e+04 -8.55649e+04 1010794 1 9.1435e-01
+1.84058e+04 -7.54645e+04 2010154 1 7.9551e-01
+3.60584e+04 -7.94880e+04 3010276 1 9.3501e-01
+3.89595e+04 -7.61850e+04 3010392 1 9.0316e-01
+2.67212e+04 -7.86426e+04 2010283 1 8.1377e-01
+3.47683e+04 -7.93996e+04 3010275 1 9.2785e-01
+2.58849e+04 -7.81452e+04 2010282 1 7.8664e-01
+2.92111e+04 -7.82169e+04 2010325 1 8.3578e-01
+3.35316e+04 -7.92656e+04 3010274 1 9.1715e-01
+3.01893e+04 -7.85605e+04 2010326 1 8.6090e-01
+2.83062e+04 -7.78164e+04 2010324 1 8.0595e-01
+3.87276e+04 -7.84909e+04 3010316 1 9.3076e-01
+3.07680e+04 -7.72819e+04 2010366 1 8.2891e-01
+3.93531e+04 -8.69024e+04 1010752 1 1.0392e+00
+3.87916e+04 -7.73725e+04 3010354 1 9.1923e-01
+3.38377e+04 -7.80819e+04 3010312 1 8.9637e-01
+3.27510e+04 -7.78662e+04 2010368 1 8.7829e-01
+4.06900e+04 -8.74663e+04 1010714 1 1.0441e+00
+4.14438e+04 -8.67317e+04 1010753 1 1.0083e+00
+3.42449e+04 -7.68288e+04 2010409 1 8.7156e-01
+3.75806e+04 -7.72994e+04 3010353 1 9.1265e-01
+3.78295e+04 -7.60782e+04 3010391 1 8.9332e-01
+4.31371e+04 -7.93636e+04 3010281 1 9.2020e-01
+4.35243e+04 -8.65411e+04 1010754 1 9.7514e-01
+4.52008e+04 -7.62005e+04 3010397 1 9.0360e-01
+4.43814e+04 -8.77975e+04 1010677 1 1.0144e+00
+4.50901e+04 -7.51024e+04 3010435 1 8.9834e-01
+4.03159e+04 -7.50306e+04 3010431 1 8.9193e-01
+4.57354e+04 -7.82036e+04 3010321 1 9.0123e-01
+4.65488e+04 -8.75906e+04 1010678 1 9.7309e-01
+5.08097e+03 -7.45747e+04 10358 0 2.1587e+00
+4.55907e+04 -8.63357e+04 1010755 1 9.4032e-01
+4.50717e+04 -7.39380e+04 3010473 1 8.9188e-01
+5.36361e+03 -7.63298e+04 10359 0 2.1720e+00
+4.65426e+04 -7.61185e+04 3010398 1 8.9530e-01
+5.70793e+03 -7.80912e+04 10360 0 2.1803e+00
+6.12767e+03 -7.98385e+04 10361 0 2.1797e+00
+6.63824e+03 -8.15492e+04 10362 0 2.1719e+00
+7.25645e+03 -8.32016e+04 10363 0 2.1543e+00
+8.00492e+03 -8.47822e+04 10364 0 2.2617e+00
+8.91367e+03 -8.62807e+04 10365 0 2.3115e+00
+9.99904e+03 -8.76658e+04 10366 0 2.3262e+00
+1.12750e+04 -8.89163e+04 10367 0 2.3136e+00
+1.27461e+04 -9.00169e+04 10368 0 2.2703e+00
+1.87495e+04 -7.64420e+04 2010155 1 8.1668e-01
+2.26841e+04 -7.94013e+04 2010200 1 8.3605e-01
+1.67513e+04 -7.41523e+04 2010112 1 8.8347e-01
+2.81657e+04 -8.06273e+04 2010245 1 9.0069e-01
+2.12875e+04 -7.79861e+04 2010198 1 7.9242e-01
+2.70691e+04 -8.02760e+04 2010244 1 8.7883e-01
+2.19376e+04 -7.87257e+04 2010199 1 8.0911e-01
+2.51266e+04 -7.93780e+04 2010242 1 8.2978e-01
+2.60553e+04 -7.98597e+04 2010243 1 8.5379e-01
+2.07316e+04 -7.71875e+04 2010197 1 7.6682e-01
+2.42855e+04 -7.88313e+04 2010241 1 8.0120e-01
+2.76386e+04 -7.90792e+04 2010284 1 8.4253e-01
+3.08533e+04 -8.00288e+04 3010234 1 9.0675e-01
+2.86357e+04 -7.94548e+04 2010285 1 8.6810e-01
+3.12377e+04 -7.88486e+04 2010327 1 8.8305e-01
+3.23532e+04 -7.90828e+04 3010273 1 9.0237e-01
+3.72577e+04 -8.70473e+04 1010751 1 1.0674e+00
+3.85251e+04 -8.76307e+04 1010713 1 1.0786e+00
+3.81831e+04 -8.62948e+04 1010790 1 1.0273e+00
+3.74322e+04 -7.84511e+04 3010315 1 9.2743e-01
+3.89563e+04 -8.05252e+04 3010240 1 9.4389e-01
+3.17266e+04 -7.76002e+04 2010367 1 8.5591e-01
+4.02054e+04 -8.61433e+04 1010791 1 1.0017e+00
+4.00641e+04 -7.84940e+04 3010317 1 9.3077e-01
+4.14374e+04 -7.84637e+04 3010318 1 9.2750e-01
+4.13388e+04 -7.74091e+04 3010356 1 9.2219e-01
+4.19961e+04 -8.03776e+04 3010242 1 9.2815e-01
+4.16538e+04 -7.94525e+04 3010280 1 9.2927e-01
+4.26670e+04 -7.73785e+04 3010357 1 9.1896e-01
+4.22267e+04 -8.59678e+04 1010792 1 9.7453e-01
+4.38856e+04 -7.62578e+04 3010396 1 9.0941e-01
+3.57151e+04 -7.57408e+04 2010450 1 8.6286e-01
+4.42771e+04 -7.83155e+04 3010320 1 9.1245e-01
+4.35561e+04 -8.02619e+04 3010243 1 9.1613e-01
+4.40264e+04 -7.73190e+04 3010358 1 9.1296e-01
+4.51367e+04 -8.01230e+04 3010244 1 9.0163e-01
+4.56480e+04 -8.89622e+04 1010600 0 1.0273e+00
+4.61739e+04 -7.91127e+04 3010283 1 8.9459e-01
+4.54133e+04 -7.72337e+04 3010359 1 9.0425e-01
+5.93238e+03 -7.51963e+04 10402 0 1.9619e+00
+4.67340e+04 -7.99641e+04 3010245 1 8.8500e-01
+6.28119e+03 -7.72010e+04 10403 0 1.9548e+00
+6.72390e+03 -7.91806e+04 10404 0 1.9384e+00
+7.28227e+03 -8.11114e+04 10405 0 2.0156e+00
+7.98913e+03 -8.29830e+04 10406 0 2.0648e+00
+8.86529e+03 -8.47476e+04 10407 0 2.0724e+00
+9.93072e+03 -8.63698e+04 10408 0 2.0522e+00
+1.11981e+04 -8.78230e+04 10409 0 2.0553e+00
+2.54926e+04 -8.10149e+04 2010203 1 8.9901e-01
+2.35257e+04 -8.00096e+04 2010201 1 8.5456e-01
+2.44627e+04 -8.05478e+04 2010202 1 8.8031e-01
+2.03504e+04 -7.90788e+04 2010158 1 8.6418e-01
+1.97186e+04 -7.82566e+04 2010157 1 8.4545e-01
+1.91841e+04 -7.73756e+04 2010156 1 8.3054e-01
+3.05873e+04 -8.11432e+04 3010196 1 9.3221e-01
+1.72734e+04 -7.63172e+04 2010114 1 9.0002e-01
+3.32774e+04 -8.14301e+04 3010198 1 9.5255e-01
+2.93402e+04 -8.09155e+04 3010195 1 9.1794e-01
+3.19016e+04 -8.13135e+04 3010197 1 9.4377e-01
+1.69667e+04 -7.52491e+04 2010113 1 8.8332e-01
+3.46728e+04 -8.04816e+04 3010237 1 9.4285e-01
+3.33407e+04 -8.03810e+04 3010236 1 9.3502e-01
+3.41637e+04 -8.64994e+04 1010788 1 1.0722e+00
+3.20656e+04 -8.02312e+04 3010235 1 9.2303e-01
+2.97086e+04 -7.97707e+04 2010286 1 8.8874e-01
+3.51642e+04 -8.71590e+04 1010750 1 1.0922e+00
+3.61666e+04 -8.64160e+04 1010789 1 1.0516e+00
+3.63507e+04 -8.77671e+04 1010712 1 1.1107e+00
+3.69511e+04 -8.89949e+04 1010635 1 1.1728e+00
+3.77229e+04 -8.83282e+04 1010674 1 1.1282e+00
+3.86675e+04 -8.94949e+04 1010597 0 1.1522e+00
+3.82460e+04 -9.01090e+04 1010558 0 1.1318e+00
+4.05742e+04 -9.05530e+04 1010520 0 1.0773e+00
+3.99653e+04 -8.81719e+04 1010675 1 1.0926e+00
+3.87791e+04 -7.95412e+04 3010278 1 9.3870e-01
+4.06698e+04 -8.99585e+04 1010559 0 1.0928e+00
+4.10342e+04 -8.93337e+04 1010598 0 1.1126e+00
+4.21546e+04 -9.22272e+04 1010403 0 1.1967e+00
+4.15722e+04 -8.86776e+04 1010637 1 1.0927e+00
+4.21861e+04 -8.79929e+04 1010676 1 1.0543e+00
+4.28394e+04 -8.72808e+04 1010715 1 1.0107e+00
+4.33616e+04 -8.91542e+04 1010599 0 1.0706e+00
+4.30482e+04 -8.97891e+04 1010560 0 1.0554e+00
+4.38358e+04 -8.84894e+04 1010638 1 1.0532e+00
+4.41058e+04 -8.11012e+04 3010205 1 9.0993e-01
+4.53794e+04 -8.96073e+04 1010561 0 1.0155e+00
+4.60642e+04 -8.82891e+04 1010639 1 1.0122e+00
+4.57562e+04 -8.09399e+04 3010206 1 8.9276e-01
+6.65159e+03 -7.54824e+04 10445 0 1.7226e+00
+7.05466e+03 -7.76647e+04 10446 0 1.7883e+00
+7.59316e+03 -7.98270e+04 10447 0 1.8349e+00
+8.29215e+03 -8.19077e+04 10448 0 1.8363e+00
+9.17393e+03 -8.38540e+04 10449 0 1.8081e+00
+1.02632e+04 -8.56326e+04 10450 0 1.8477e+00
+2.66109e+04 -8.14112e+04 2010204 1 9.1731e-01
+2.28653e+04 -8.11287e+04 2010161 1 9.0843e-01
+2.10857e+04 -7.98349e+04 2010159 1 8.7531e-01
+2.19240e+04 -8.05194e+04 2010160 1 8.9618e-01
+1.81737e+04 -7.83279e+04 2010116 1 9.0931e-01
+2.78145e+04 -8.17379e+04 3010156 1 9.3541e-01
+1.55950e+04 -7.47440e+04 2010072 1 1.0100e+00
+3.54646e+04 -8.84541e+04 1010673 1 1.1611e+00
+1.76728e+04 -7.73467e+04 2010115 1 9.1212e-01
+3.04526e+04 -8.21940e+04 3010158 1 9.5955e-01
+2.90972e+04 -8.19976e+04 3010157 1 9.4941e-01
+3.21837e+04 -8.65363e+04 1010787 1 1.0890e+00
+3.20049e+04 -8.79202e+04 1010710 1 1.1641e+00
+3.38340e+04 -8.97286e+04 1010595 0 1.2211e+00
+3.30814e+04 -8.72290e+04 1010749 1 1.1136e+00
+4.45051e+04 -9.21032e+04 1010404 0 1.1373e+00
+3.31985e+04 -8.85394e+04 1010672 1 1.1904e+00
+3.63610e+04 -9.19015e+04 1010440 0 1.2230e+00
+3.46041e+04 -8.91081e+04 1010634 1 1.2090e+00
+3.41742e+04 -8.78672e+04 1010711 1 1.1395e+00
+3.56131e+04 -9.08071e+04 1010518 0 1.1531e+00
+3.62655e+04 -8.96300e+04 1010596 0 1.1886e+00
+3.88646e+04 -9.18008e+04 1010441 0 1.1718e+00
+3.73970e+04 -7.95341e+04 3010277 1 9.3853e-01
+3.77096e+04 -8.15003e+04 3010201 1 9.5420e-01
+3.92758e+04 -8.88484e+04 1010636 1 1.1330e+00
+4.13145e+04 -9.16787e+04 1010442 0 1.1201e+00
+4.01996e+04 -7.95129e+04 3010279 1 9.3550e-01
+4.08568e+04 -8.13573e+04 3010203 1 9.3764e-01
+4.04613e+04 -8.04665e+04 3010241 1 9.3751e-01
+4.32008e+04 -9.09763e+04 1010482 0 1.0347e+00
+4.29816e+04 -9.03944e+04 1010521 0 1.0362e+00
+4.37089e+04 -9.15425e+04 1010443 0 1.0685e+00
+4.47044e+04 -9.33428e+04 1010325 0 1.4067e+00
+4.24711e+04 -8.12415e+04 3010204 1 9.2489e-01
+4.53378e+04 -9.02238e+04 1010522 0 9.9420e-01
+7.17075e+03 -7.47916e+04 10487 0 1.5857e+00
+7.57785e+03 -7.71447e+04 10488 0 1.6216e+00
+8.13608e+03 -7.94466e+04 10489 0 1.6167e+00
+8.86928e+03 -8.16312e+04 10490 0 1.5778e+00
+9.81915e+03 -8.36762e+04 10491 0 1.6430e+00
+2.62785e+04 -8.24883e+04 3010117 1 9.5330e-01
+2.50470e+04 -8.21128e+04 2010163 1 9.4286e-01
+1.87824e+04 -7.92502e+04 2010117 1 9.2631e-01
+2.39070e+04 -8.16601e+04 2010162 1 9.2853e-01
+1.94974e+04 -8.01056e+04 2010118 1 9.3698e-01
+1.58538e+04 -7.59168e+04 2010073 1 1.0015e+00
+3.02373e+04 -8.65166e+04 1010786 1 1.1013e+00
+2.89923e+04 -8.71991e+04 1010747 1 1.1462e+00
+2.98547e+04 -8.79133e+04 1010709 1 1.1846e+00
+4.55596e+04 -9.08180e+04 1010483 0 9.9226e-01
+2.98800e+04 -8.91821e+04 1010632 1 1.2682e+00
+3.10200e+04 -8.72465e+04 1010748 1 1.1316e+00
+3.09351e+04 -8.85714e+04 1010671 1 1.2164e+00
+3.13825e+04 -8.97765e+04 1010594 0 1.2497e+00
+3.22432e+04 -8.91757e+04 1010633 1 1.2410e+00
+3.30683e+04 -9.08823e+04 1010517 0 1.1862e+00
+3.32809e+04 -9.03176e+04 1010556 0 1.2023e+00
+3.58015e+04 -9.13608e+04 1010479 0 1.1599e+00
+4.18091e+04 -9.61809e+04 1010163 0 2.4633e+00
+3.72863e+04 -9.24358e+04 1010401 0 1.3175e+00
+3.57810e+04 -9.02326e+04 1010557 0 1.1691e+00
+3.85622e+04 -9.29710e+04 1010362 0 1.4508e+00
+3.98344e+04 -9.41477e+04 1010283 0 1.8030e+00
+3.52564e+04 -8.57322e+04 3010008 1 1.0383e+00
+3.83200e+04 -9.12546e+04 1010480 0 1.1164e+00
+3.97480e+04 -9.23401e+04 1010402 0 1.2568e+00
+3.57030e+04 -8.41618e+04 3010085 1 9.9780e-01
+4.01665e+04 -9.35167e+04 1010323 0 1.5757e+00
+3.81171e+04 -9.06934e+04 1010519 0 1.1165e+00
+4.21176e+04 -9.47423e+04 1010244 0 1.9165e+00
+3.71847e+04 -8.56383e+04 3010009 1 1.0201e+00
+3.74862e+04 -8.05499e+04 3010239 1 9.4717e-01
+3.74705e+04 -8.40886e+04 3010086 1 9.8534e-01
+4.07874e+04 -9.11237e+04 1010481 0 1.0763e+00
+4.24610e+04 -9.34340e+04 1010324 0 1.4901e+00
+3.92679e+04 -8.14449e+04 3010202 1 9.4757e-01
+3.85923e+04 -8.32132e+04 3010125 1 9.6627e-01
+4.32901e+04 -9.27777e+04 1010364 0 1.2984e+00
+4.41979e+04 -9.46861e+04 1010245 0 1.8101e+00
+4.47294e+04 -8.34990e+04 3010090 1 9.0787e-01
+4.68001e+04 -9.19723e+04 1010405 0 1.0796e+00
+7.82355e+03 -7.51797e+04 10529 0 1.5254e+00
+8.28011e+03 -7.76051e+04 10530 0 1.4768e+00
+8.90848e+03 -7.99369e+04 10531 0 1.4857e+00
+9.76192e+03 -8.21642e+04 10532 0 1.4749e+00
+2.12661e+04 -8.15833e+04 2010120 1 9.5685e-01
+2.23174e+04 -8.21952e+04 2010121 1 9.6448e-01
+2.03270e+04 -8.08851e+04 2010119 1 9.4234e-01
+1.66691e+04 -7.81591e+04 2010075 1 1.0098e+00
+1.62102e+04 -7.70593e+04 2010074 1 1.0098e+00
+2.75963e+04 -8.27891e+04 3010118 1 9.6907e-01
+2.70129e+04 -8.70726e+04 1010746 1 1.1577e+00
+2.89937e+04 -8.30189e+04 3010119 1 9.7980e-01
+2.83372e+04 -8.64289e+04 1010785 1 1.1088e+00
+2.86883e+04 -8.85339e+04 1010670 1 1.2390e+00
+2.77381e+04 -8.78310e+04 1010708 1 1.2005e+00
+3.07553e+04 -9.03482e+04 1010555 0 1.2308e+00
+3.04926e+04 -9.09024e+04 1010516 0 1.2164e+00
+2.89244e+04 -8.97548e+04 1010593 0 1.2742e+00
+3.06376e+04 -9.14495e+04 1010477 0 1.2374e+00
+3.32376e+04 -9.14311e+04 1010478 0 1.2007e+00
+3.38078e+04 -9.19710e+04 1010439 0 1.2730e+00
+3.47725e+04 -9.25065e+04 1010400 0 1.3788e+00
+3.61192e+04 -9.30427e+04 1010361 0 1.5299e+00
+3.78213e+04 -9.35867e+04 1010322 0 1.6634e+00
+3.99969e+04 -9.47919e+04 1010243 0 2.0260e+00
+4.06550e+04 -9.54624e+04 1010203 0 2.2634e+00
+3.60566e+04 -8.05366e+04 3010238 1 9.4668e-01
+4.20570e+04 -9.40826e+04 1010284 0 1.7012e+00
+4.09531e+04 -9.28806e+04 1010363 0 1.3735e+00
+4.42333e+04 -9.40098e+04 1010285 0 1.6032e+00
+4.60478e+04 -9.13974e+04 1010444 0 1.0179e+00
+8.24550e+03 -7.40720e+04 10570 0 1.4732e+00
+8.63929e+03 -7.65280e+04 10571 0 1.4068e+00
+9.21954e+03 -7.89477e+04 10572 0 1.4624e+00
+1.00152e+04 -8.12401e+04 10573 0 1.4032e+00
+2.34736e+04 -8.27201e+04 2010122 1 9.7554e-01
+2.47330e+04 -8.31573e+04 3010078 1 9.8699e-01
+2.60865e+04 -8.35101e+04 3010079 1 9.9451e-01
+1.79312e+04 -8.01799e+04 2010077 1 1.0102e+00
+1.72427e+04 -7.92034e+04 2010076 1 1.0022e+00
+2.64973e+04 -8.62604e+04 1010784 1 1.1105e+00
+2.56727e+04 -8.76549e+04 1010707 1 1.2106e+00
+1.43106e+04 -7.38991e+04 2010031 1 1.1560e+00
+2.64753e+04 -8.84070e+04 1010669 1 1.2590e+00
+2.64782e+04 -8.96389e+04 1010592 0 1.2956e+00
+2.75304e+04 -8.91071e+04 1010631 1 1.2902e+00
+2.82189e+04 -9.03030e+04 1010554 0 1.2538e+00
+2.96207e+04 -9.25225e+04 1010398 0 1.5018e+00
+2.79016e+04 -9.08449e+04 1010515 0 1.2434e+00
+3.12133e+04 -9.19951e+04 1010438 0 1.3216e+00
+3.22135e+04 -9.25407e+04 1010399 0 1.4422e+00
+3.52563e+04 -9.42383e+04 1010281 0 2.0128e+00
+3.36283e+04 -9.30873e+04 1010360 0 1.6094e+00
+3.99431e+04 -9.62025e+04 1010162 0 2.5912e+00
+3.78369e+04 -9.48323e+04 1010242 0 2.1381e+00
+3.14811e+04 -8.57864e+04 3010006 1 1.0640e+00
+3.75666e+04 -9.42013e+04 1010282 0 1.9071e+00
+3.39680e+04 -8.41942e+04 3010084 1 1.0065e+00
+3.45247e+04 -8.49924e+04 3010046 1 1.0200e+00
+4.34112e+04 -9.69680e+04 1010123 0 2.6877e+00
+3.61877e+04 -8.15191e+04 3010200 1 9.5760e-01
+4.26471e+04 -9.54253e+04 1010204 0 2.1407e+00
+3.68875e+04 -8.32931e+04 3010124 1 9.7741e-01
+4.03224e+04 -8.31010e+04 3010126 1 9.5204e-01
+4.46059e+04 -9.53835e+04 1010205 0 2.0217e+00
+4.28982e+04 -8.36811e+04 3010089 1 9.2991e-01
+4.30358e+04 -8.51745e+04 3010012 1 9.4728e-01
+4.55731e+04 -9.26668e+04 1010365 0 1.2257e+00
+8.79519e+03 -7.38693e+04 10611 0 1.5033e+00
+9.18133e+03 -7.63203e+04 10612 0 1.5389e+00
+9.75824e+03 -7.87209e+04 10613 0 1.4631e+00
+1.05532e+04 -8.09831e+04 10614 0 1.4764e+00
+1.96722e+04 -8.18861e+04 2010079 1 1.0114e+00
+1.87389e+04 -8.10776e+04 2010078 1 9.9827e-01
+2.75260e+04 -8.37827e+04 3010080 1 1.0006e+00
+1.45118e+04 -7.51894e+04 2010032 1 1.1426e+00
+2.36795e+04 -8.73642e+04 1010706 1 1.2190e+00
+2.50980e+04 -8.68510e+04 1010745 1 1.1663e+00
+2.43165e+04 -8.81671e+04 1010668 1 1.2772e+00
+2.32097e+04 -8.98633e+04 1010552 0 1.2768e+00
+2.52150e+04 -8.89254e+04 1010630 1 1.3051e+00
+2.40684e+04 -8.93975e+04 1010591 0 1.3150e+00
+2.56930e+04 -9.01534e+04 1010553 0 1.2680e+00
+2.59628e+04 -9.18225e+04 1010436 0 1.4139e+00
+2.53999e+04 -9.12355e+04 1010475 0 1.2872e+00
+2.53179e+04 -9.06795e+04 1010514 0 1.2685e+00
+2.80168e+04 -9.13941e+04 1010476 0 1.2681e+00
+2.85912e+04 -9.19544e+04 1010437 0 1.3685e+00
+3.05233e+04 -9.36510e+04 1010319 0 1.9329e+00
+3.29088e+04 -9.42521e+04 1010280 0 2.1187e+00
+3.10976e+04 -9.30928e+04 1010359 0 1.6882e+00
+3.65761e+04 -9.55140e+04 1010201 0 2.5159e+00
+3.29923e+04 -9.36633e+04 1010320 0 1.8429e+00
+3.54282e+04 -9.36382e+04 1010321 0 1.7528e+00
+3.86307e+04 -9.54928e+04 1010202 0 2.3886e+00
+4.17214e+04 -9.69822e+04 1010122 0 2.8254e+00
+3.09656e+04 -8.49781e+04 3010044 1 1.0352e+00
+3.27238e+04 -8.50116e+04 3010045 1 1.0295e+00
+4.38910e+04 -9.78490e+04 1010082 0 3.0022e+00
+3.33521e+04 -8.57843e+04 3010007 1 1.0530e+00
+3.52146e+04 -8.33356e+04 3010123 1 9.8517e-01
+3.80762e+04 -8.23873e+04 3010163 1 9.6020e-01
+4.00930e+04 -8.46926e+04 3010049 1 9.7218e-01
+4.50831e+04 -9.69517e+04 1010124 0 2.5531e+00
+4.10743e+04 -8.38431e+04 3010088 1 9.5073e-01
+4.19794e+04 -8.45328e+04 3010050 1 9.5037e-01
+4.49888e+04 -8.49777e+04 3010013 1 9.1861e-01
+4.56081e+04 -8.26164e+04 3010129 1 8.9361e-01
+4.62377e+04 -9.46255e+04 1010246 0 1.7072e+00
+4.65637e+04 -8.33006e+04 3010091 1 8.8391e-01
+9.47900e+03 -7.45924e+04 10652 0 1.6674e+00
+9.91193e+03 -7.69588e+04 10653 0 1.5740e+00
+1.05414e+04 -7.92382e+04 10654 0 1.5716e+00
+1.14009e+04 -8.13768e+04 10655 0 1.4750e+00
+2.31777e+04 -8.37325e+04 3010039 1 1.0183e+00
+2.18952e+04 -8.32160e+04 2010081 1 1.0193e+00
+2.07231e+04 -8.26008e+04 2010080 1 1.0138e+00
+1.48142e+04 -7.64631e+04 2010033 1 1.1288e+00
+2.47326e+04 -8.59982e+04 1010783 1 1.1171e+00
+2.32655e+04 -8.65177e+04 1010744 1 1.1720e+00
+2.22359e+04 -8.77881e+04 1010667 1 1.2919e+00
+2.29623e+04 -8.86060e+04 1010629 1 1.3155e+00
+2.17258e+04 -8.89932e+04 1010590 0 1.3281e+00
+2.08040e+04 -8.93906e+04 1010551 0 1.3082e+00
+2.27733e+04 -9.03683e+04 1010513 0 1.2898e+00
+2.28208e+04 -9.09363e+04 1010474 0 1.3257e+00
+2.33596e+04 -9.15657e+04 1010435 0 1.4538e+00
+2.44181e+04 -9.22359e+04 1010396 0 1.6257e+00
+2.70132e+04 -9.24303e+04 1010397 0 1.5614e+00
+2.85407e+04 -9.30433e+04 1010358 0 1.7657e+00
+2.78833e+04 -8.56023e+04 3010004 1 1.0752e+00
+3.80534e+04 -9.62186e+04 1010161 0 2.7214e+00
+3.56403e+04 -9.48596e+04 1010241 0 2.2520e+00
+2.92599e+04 -8.48839e+04 3010043 1 1.0378e+00
+2.96543e+04 -8.57291e+04 3010005 1 1.0713e+00
+4.50529e+04 -9.88378e+04 1010041 0 3.2307e+00
+3.06291e+04 -8.41106e+04 3010082 1 1.0123e+00
+3.19942e+04 -8.32863e+04 3010121 1 9.8960e-01
+3.22738e+04 -8.41794e+04 3010083 1 1.0115e+00
+3.33539e+04 -8.24144e+04 3010160 1 9.7032e-01
+3.48857e+04 -8.24480e+04 3010161 1 9.7058e-01
+4.36498e+04 -9.61554e+04 1010164 0 2.3379e+00
+3.82173e+04 -8.48264e+04 3010048 1 9.9138e-01
+4.53975e+04 -9.78416e+04 1010083 0 2.8596e+00
+3.91285e+04 -8.55099e+04 3010010 1 9.9868e-01
+3.92631e+04 -8.39806e+04 3010087 1 9.6962e-01
+4.20718e+04 -8.29613e+04 3010127 1 9.3497e-01
+4.38352e+04 -8.27985e+04 3010128 1 9.1540e-01
+9.99936e+03 -7.38633e+04 10692 0 1.7778e+00
+1.03518e+04 -7.60762e+04 10693 0 1.6848e+00
+1.08865e+04 -7.82503e+04 10694 0 1.6483e+00
+1.16166e+04 -8.02964e+04 10695 0 1.5883e+00
+1.25831e+04 -8.21933e+04 10696 1 1.5146e+00
+2.45652e+04 -8.41519e+04 3010040 1 1.0305e+00
+2.30573e+04 -8.56295e+04 1010782 1 1.1225e+00
+1.52220e+04 -7.77025e+04 2010034 1 1.1248e+00
+2.17786e+04 -8.69381e+04 1010705 1 1.2366e+00
+2.02662e+04 -8.72421e+04 1010666 1 1.2991e+00
+2.08001e+04 -8.81162e+04 1010628 1 1.3439e+00
+1.94991e+04 -8.83854e+04 1010589 0 1.3329e+00
+1.85166e+04 -8.86904e+04 1010550 0 1.2760e+00
+2.03174e+04 -8.98668e+04 1010512 0 1.2814e+00
+2.03189e+04 -9.04533e+04 1010473 0 1.3680e+00
+2.08312e+04 -9.11450e+04 1010434 0 1.4624e+00
+2.18713e+04 -9.19058e+04 1010395 0 1.6912e+00
+2.59786e+04 -9.29174e+04 1010357 0 1.8389e+00
+2.55522e+04 -9.34517e+04 1010317 0 2.1119e+00
+2.80360e+04 -9.35867e+04 1010318 0 2.0229e+00
+3.05327e+04 -9.42337e+04 1010279 0 2.2230e+00
+3.11598e+04 -9.48538e+04 1010239 0 2.4801e+00
+2.61805e+04 -8.53957e+04 3010003 1 1.0753e+00
+3.61428e+04 -9.62275e+04 1010160 0 2.8524e+00
+3.34120e+04 -9.48689e+04 1010240 0 2.3664e+00
+2.76175e+04 -8.47202e+04 3010042 1 1.0379e+00
+4.23740e+04 -9.78554e+04 1010081 0 3.1477e+00
+4.00147e+04 -9.69935e+04 1010121 0 2.9655e+00
+2.90433e+04 -8.39807e+04 3010081 1 1.0091e+00
+3.04623e+04 -8.31828e+04 3010120 1 9.8674e-01
+3.47082e+04 -8.14972e+04 3010199 1 9.5705e-01
+3.64620e+04 -8.24373e+04 3010162 1 9.6712e-01
+3.63587e+04 -8.49284e+04 3010047 1 1.0073e+00
+4.13925e+04 -8.21879e+04 3010165 1 9.3703e-01
+4.65311e+04 -9.53386e+04 1010206 0 1.9071e+00
+1.06714e+04 -7.38349e+04 10732 1 1.7642e+00
+1.09870e+04 -7.58363e+04 10733 1 1.7088e+00
+1.14622e+04 -7.78017e+04 10734 1 1.6212e+00
+1.21127e+04 -7.96791e+04 10735 1 1.5729e+00
+1.29579e+04 -8.14255e+04 10736 1 1.4827e+00
+1.40173e+04 -8.30076e+04 10737 1 1.4474e+00
+2.15367e+04 -8.60563e+04 1010743 1 1.1738e+00
+1.84307e+04 -8.65046e+04 1010665 1 1.3374e+00
+1.63962e+04 -8.00163e+04 2010036 1 1.0999e+00
+1.99919e+04 -8.63572e+04 1010704 1 1.2495e+00
+1.57454e+04 -7.88925e+04 2010035 1 1.0980e+00
+1.87609e+04 -8.74217e+04 1010627 1 1.3324e+00
+1.74153e+04 -8.75344e+04 1010588 0 1.3853e+00
+1.64244e+04 -8.77248e+04 1010549 0 1.3596e+00
+1.58721e+04 -8.81209e+04 1010510 0 1.3136e+00
+1.79573e+04 -8.97444e+04 1010472 0 1.3457e+00
+1.57908e+04 -8.87730e+04 1010471 0 1.4327e+00
+1.79981e+04 -8.91298e+04 1010511 0 1.3420e+00
+1.84274e+04 -9.05200e+04 1010433 0 1.5336e+00
+1.94181e+04 -9.14046e+04 1010394 0 1.7410e+00
+2.09806e+04 -9.23286e+04 1010355 0 1.9375e+00
+2.31010e+04 -9.32238e+04 1010316 0 2.1967e+00
+2.57562e+04 -9.40507e+04 1010277 0 2.4121e+00
+2.34425e+04 -9.26888e+04 1010356 0 1.8980e+00
+3.23927e+04 -9.55153e+04 1010199 0 2.7694e+00
+2.88951e+04 -9.48060e+04 1010238 0 2.5912e+00
+2.81418e+04 -9.41714e+04 1010278 0 2.3224e+00
+3.44949e+04 -9.55229e+04 1010200 0 2.6432e+00
+4.08475e+04 -9.78603e+04 1010080 0 3.2955e+00
+4.68116e+04 -9.99831e+04 1010000 0 3.3144e+00
+2.60489e+04 -8.44788e+04 3010041 1 1.0355e+00
+1.87202e+04 -8.37836e+04 10860 1 1.1442e+00
+3.35809e+04 -8.33353e+04 3010122 1 9.8928e-01
+4.10808e+04 -8.53535e+04 3010011 1 9.7424e-01
+4.30832e+04 -8.20473e+04 3010166 1 9.2121e-01
+4.57633e+04 -8.41535e+04 3010052 1 9.0010e-01
+1.14511e+04 -7.40072e+04 10772 1 1.6261e+00
+1.17425e+04 -7.57852e+04 10773 1 1.5820e+00
+1.21688e+04 -7.75314e+04 10774 1 1.5227e+00
+1.27538e+04 -7.92157e+04 10775 1 1.4665e+00
+1.35039e+04 -8.07990e+04 10776 1 1.4236e+00
+1.44385e+04 -8.22518e+04 10777 1 1.3608e+00
+1.55596e+04 -8.35472e+04 10778 1 1.3342e+00
+1.71727e+04 -8.10589e+04 2010037 1 1.0928e+00
+2.14867e+04 -8.51431e+04 1010781 1 1.1231e+00
+1.99269e+04 -8.54530e+04 1010742 1 1.1930e+00
+1.83508e+04 -8.56026e+04 1010703 1 1.2677e+00
+1.68965e+04 -8.64931e+04 1010626 1 1.3973e+00
+1.67646e+04 -8.55566e+04 1010664 1 1.3498e+00
+1.45471e+04 -8.64644e+04 1010548 0 1.3342e+00
+1.55448e+04 -8.64140e+04 1010587 0 1.3927e+00
+1.39864e+04 -8.68160e+04 1010509 0 1.3940e+00
+1.38691e+04 -8.75221e+04 1010470 0 1.3928e+00
+1.61930e+04 -8.96572e+04 1010432 0 1.4893e+00
+1.71364e+04 -9.07031e+04 1010393 0 1.7532e+00
+1.42085e+04 -8.85417e+04 1010431 0 1.5895e+00
+1.64321e+04 -9.11028e+04 1010353 0 2.0508e+00
+1.86312e+04 -9.18073e+04 1010354 0 2.0191e+00
+1.50388e+04 -8.97754e+04 1010392 0 1.8241e+00
+1.84562e+04 -9.23986e+04 1010314 0 2.2420e+00
+2.07189e+04 -9.28793e+04 1010315 0 2.2686e+00
+2.34042e+04 -9.38549e+04 1010276 0 2.4759e+00
+2.66341e+04 -9.47151e+04 1010237 0 2.6981e+00
+3.02777e+04 -9.54862e+04 1010198 0 2.8910e+00
+3.42151e+04 -9.62270e+04 1010159 0 2.9825e+00
+2.81615e+04 -9.54293e+04 1010197 0 3.0042e+00
+4.37210e+04 -9.88394e+04 1010040 0 3.3797e+00
+3.22759e+04 -9.62144e+04 1010158 0 3.1105e+00
+3.82927e+04 -9.70012e+04 1010120 0 3.1072e+00
+2.45595e+04 -8.50986e+04 3010002 1 1.0707e+00
+3.18739e+04 -8.23314e+04 3010159 1 9.6668e-01
+3.97217e+04 -8.23026e+04 3010164 1 9.5010e-01
+4.63804e+04 -9.88359e+04 1010042 0 3.0846e+00
+4.38710e+04 -8.43516e+04 3010051 1 9.2624e-01
+4.63635e+04 -9.39319e+04 1010286 0 1.5086e+00
+1.23185e+04 -7.41091e+04 10812 1 1.4694e+00
+1.25845e+04 -7.56920e+04 10813 1 1.4273e+00
+1.29688e+04 -7.72495e+04 10814 1 1.3978e+00
+1.34894e+04 -7.87585e+04 10815 1 1.3425e+00
+1.41594e+04 -8.01910e+04 10816 1 1.3187e+00
+1.49840e+04 -8.15204e+04 10817 1 1.2843e+00
+1.59787e+04 -8.27254e+04 10818 1 1.2469e+00
+1.71348e+04 -8.37883e+04 10819 1 1.2319e+00
+2.03100e+04 -8.35801e+04 2010040 1 1.0663e+00
+2.16128e+04 -8.41971e+04 3010000 1 1.0732e+00
+1.80867e+04 -8.20064e+04 2010038 1 1.0767e+00
+2.00395e+04 -8.45286e+04 1010780 1 1.1304e+00
+1.84553e+04 -8.46985e+04 1010741 1 1.1945e+00
+1.38922e+04 -8.50000e+04 1010586 0 1.4215e+00
+1.68632e+04 -8.46674e+04 1010702 1 1.2827e+00
+1.52256e+04 -8.53107e+04 1010625 1 1.4010e+00
+1.91323e+04 -8.28489e+04 2010039 1 1.0803e+00
+1.29366e+04 -8.49060e+04 1010547 0 1.4232e+00
+1.22199e+04 -8.59885e+04 1010469 0 1.4611e+00
+1.23830e+04 -8.52208e+04 1010508 0 1.3735e+00
+1.24669e+04 -8.71575e+04 1010430 0 1.5993e+00
+1.52827e+04 -8.43890e+04 1010663 1 1.4035e+00
+1.31967e+04 -8.86205e+04 1010391 0 1.7824e+00
+1.37809e+04 -8.38714e+04 1010624 1 1.4833e+00
+1.44692e+04 -9.02082e+04 1010352 0 2.0530e+00
+1.63659e+04 -9.17656e+04 1010313 0 2.3283e+00
+1.25180e+04 -8.33173e+04 1010585 0 1.4788e+00
+1.16099e+04 -8.30700e+04 1010546 0 1.4069e+00
+1.10578e+04 -8.33440e+04 1010507 0 1.4340e+00
+1.08527e+04 -8.41887e+04 1010468 0 1.4099e+00
+1.89476e+04 -9.31698e+04 1010274 0 2.6111e+00
+1.10189e+04 -8.55371e+04 1010429 0 1.6060e+00
+1.16068e+04 -8.72373e+04 1010390 0 1.8459e+00
+2.43976e+04 -9.45695e+04 1010236 0 2.7973e+00
+1.27138e+04 -8.91118e+04 1010351 0 2.0994e+00
+2.11259e+04 -9.35668e+04 1010275 0 2.5310e+00
+1.44440e+04 -9.09705e+04 1010312 0 2.3741e+00
+2.60594e+04 -9.53374e+04 1010196 0 3.1036e+00
+3.03327e+04 -9.61865e+04 1010157 0 3.2346e+00
+1.68969e+04 -9.26530e+04 1010273 0 2.6698e+00
+2.30339e+04 -8.47013e+04 3010001 1 1.0704e+00
+2.01021e+04 -9.40664e+04 1010234 0 2.9440e+00
+2.39908e+04 -9.52032e+04 1010195 0 3.1783e+00
+3.93126e+04 -9.78634e+04 1010079 0 3.4439e+00
+3.30608e+04 -9.69914e+04 1010117 0 3.5263e+00
+4.23853e+04 -9.88406e+04 1010039 0 3.5310e+00
+3.77707e+04 -9.78643e+04 1010078 0 3.5926e+00
+2.22108e+04 -9.43569e+04 1010235 0 2.8827e+00
+3.65575e+04 -9.70043e+04 1010119 0 3.2489e+00
+2.83952e+04 -9.61395e+04 1010156 0 3.3521e+00
+4.54646e+04 -9.61268e+04 1010165 0 2.2160e+00
+3.48122e+04 -9.70015e+04 1010118 0 3.3893e+00
+4.47890e+04 -8.18847e+04 3010167 1 9.0302e-01
+4.67367e+04 -9.69338e+04 1010125 0 2.4219e+00
+1.32729e+04 -7.40800e+04 10852 1 1.3116e+00
+1.35078e+04 -7.55005e+04 10853 1 1.2759e+00
+1.38517e+04 -7.69015e+04 10854 1 1.2622e+00
+1.43129e+04 -7.82622e+04 10855 1 1.2396e+00
+1.49082e+04 -7.95633e+04 10856 1 1.2073e+00
+1.56407e+04 -8.07827e+04 10857 1 1.1951e+00
+1.65184e+04 -8.19020e+04 10858 1 1.1580e+00
+1.75483e+04 -8.29053e+04 10859 1 1.1558e+00
+4.65055e+04 -8.17039e+04 3010168 1 8.8285e-01
