+4.81164e+04 -5.84831e+04 4010078 1 6.4721e-01
+4.73642e+04 -5.81637e+04 4010077 1 6.3824e-01
+4.96027e+04 -6.07686e+04 4010040 1 6.7876e-01
+4.74970e+04 -5.43243e+04 4010157 1 6.0161e-01
+4.74723e+04 -5.23417e+04 4010197 1 5.8364e-01
+4.73745e+04 -5.03255e+04 4010237 1 5.6699e-01
+4.81121e+04 -5.07682e+04 4010238 1 5.6828e-01
+4.76968e+04 -6.37430e+04 2010778 1 7.1147e-01
+4.86970e+04 -4.91847e+04 4010279 1 5.5390e-01
+4.86734e+04 -6.22684e+04 2010819 1 6.9581e-01
+5.39575e+04 -6.14583e+04 5010004 1 6.8636e-01
+5.48824e+04 -6.15244e+04 5010005 1 6.8461e-01
+5.12870e+04 -6.11236e+04 5010001 1 6.8516e-01
+5.58237e+04 -6.15701e+04 5010006 1 6.8080e-01
+5.21590e+04 -6.12595e+04 5010002 1 6.8457e-01
+5.04349e+04 -6.09603e+04 5010000 1 6.8328e-01
+5.67805e+04 -6.15971e+04 5010007 1 6.7490e-01
+5.77524e+04 -6.16065e+04 5010008 1 6.6815e-01
+5.30494e+04 -6.13705e+04 5010003 1 6.8636e-01
+5.87378e+04 -6.16005e+04 5010009 1 6.6144e-01
+5.97359e+04 -6.15804e+04 5010010 1 6.5316e-01
+6.07460e+04 -6.15477e+04 5010011 1 6.4346e-01
+7.68553e+04 -6.03629e+04 5010026 1 3.8450e-01
+7.79677e+04 -6.02833e+04 5010027 1 3.6202e-01
+7.90825e+04 -6.02079e+04 5010028 1 3.3925e-01
+6.17672e+04 -6.15036e+04 5010012 1 6.3235e-01
+6.27989e+04 -6.14495e+04 5010013 1 6.2000e-01
+6.38402e+04 -6.13867e+04 5010014 1 6.0654e-01
+6.48905e+04 -6.13164e+04 5010015 1 5.9211e-01
+6.59493e+04 -6.12399e+04 5010016 1 5.7703e-01
+6.70154e+04 -6.11584e+04 5010017 1 5.6084e-01
+6.80884e+04 -6.10729e+04 5010018 1 5.4370e-01
+6.91676e+04 -6.09846e+04 5010019 1 5.2568e-01
+7.02525e+04 -6.08944e+04 5010020 1 5.0688e-01
+7.13425e+04 -6.08033e+04 5010021 1 4.8737e-01
+7.24373e+04 -6.07121e+04 5010022 1 4.6726e-01
+7.35364e+04 -6.06216e+04 5010023 1 4.4665e-01
+7.46393e+04 -6.05328e+04 5010024 1 4.2571e-01
+7.57457e+04 -6.04463e+04 5010025 1 4.0473e-01
+4.87904e+04 -6.05472e+04 4010039 1 6.7276e-01
+4.88561e+04 -5.11762e+04 4010239 1 5.7033e-01
+4.68695e+04 -6.35267e+04 2010777 1 7.0371e-01
+4.78548e+04 -6.20491e+04 2010818 1 6.9194e-01
+5.47822e+04 -5.99598e+04 5010043 1 6.6547e-01
+5.66164e+04 -6.00847e+04 5010045 1 6.6153e-01
+5.56919e+04 -6.00321e+04 5010044 1 6.6431e-01
+5.75549e+04 -6.01192e+04 5010046 1 6.5708e-01
+5.85070e+04 -6.01369e+04 5010047 1 6.5114e-01
+5.94720e+04 -6.01392e+04 5010048 1 6.4348e-01
+6.04493e+04 -6.01274e+04 5010049 1 6.3480e-01
+6.14379e+04 -6.01032e+04 5010050 1 6.2581e-01
+6.34456e+04 -6.00227e+04 5010052 1 6.0387e-01
+6.24369e+04 -6.00679e+04 5010051 1 6.1548e-01
+6.44634e+04 -5.99688e+04 5010053 1 5.9108e-01
+6.54897e+04 -5.99076e+04 5010054 1 5.7722e-01
+6.65240e+04 -5.98400e+04 5010055 1 5.6248e-01
+6.75655e+04 -5.97673e+04 5010056 1 5.4742e-01
+6.96683e+04 -5.96107e+04 5010058 1 5.1362e-01
+6.86139e+04 -5.96905e+04 5010057 1 5.3096e-01
+7.07283e+04 -5.95288e+04 5010059 1 4.9555e-01
+7.17932e+04 -5.94457e+04 5010060 1 4.7675e-01
+7.28629e+04 -5.93623e+04 5010061 1 4.5732e-01
+7.39367e+04 -5.92793e+04 5010062 1 4.3733e-01
+7.50143e+04 -5.91976e+04 5010063 1 4.1692e-01
+7.71797e+04 -5.90407e+04 5010065 1 3.7554e-01
+7.60955e+04 -5.91178e+04 5010064 1 3.9623e-01
+7.82668e+04 -5.89669e+04 5010066 1 3.5683e-01
+7.93564e+04 -5.88972e+04 5010067 1 3.3470e-01
+8.04483e+04 -5.88318e+04 5010068 1 3.1232e-01
+8.26374e+04 -5.87158e+04 5010070 1 2.6723e-01
+8.15420e+04 -5.87711e+04 5010069 1 2.8979e-01
+8.37343e+04 -5.86660e+04 5010071 1 2.4478e-01
+8.70318e+04 -5.85533e+04 5010074 1 1.8028e-01
+8.48325e+04 -5.86221e+04 5010072 1 2.2261e-01
+8.59317e+04 -5.85845e+04 5010073 1 2.0100e-01
+8.81325e+04 -5.85289e+04 5010075 1 1.6104e-01
+8.92338e+04 -5.85112e+04 5010076 1 1.4425e-01
+8.01994e+04 -6.01372e+04 5010029 1 3.1627e-01
+5.38881e+04 -5.98664e+04 5010042 1 6.6785e-01
+4.82040e+04 -5.27568e+04 4010198 1 5.8726e-01
+4.79983e+04 -6.02949e+04 4010038 1 6.6567e-01
+4.82291e+04 -5.47093e+04 4010158 1 6.0727e-01
+4.89456e+04 -5.31367e+04 4010199 1 5.8806e-01
+4.70592e+04 -6.17971e+04 2010817 1 6.8571e-01
+4.88864e+04 -5.87698e+04 4010079 1 6.5342e-01
+4.96747e+04 -5.90243e+04 4010080 1 6.5728e-01
+5.04818e+04 -5.92476e+04 4010081 1 6.5744e-01
+5.13074e+04 -5.94416e+04 5010039 1 6.6311e-01
+5.21505e+04 -5.96086e+04 5010040 1 6.6652e-01
+5.30109e+04 -5.97497e+04 5010041 1 6.6824e-01
+5.92269e+04 -5.86434e+04 5010086 1 6.3215e-01
+6.01733e+04 -5.86536e+04 5010087 1 6.2550e-01
+6.20989e+04 -5.86344e+04 5010089 1 6.0821e-01
+6.30773e+04 -5.86074e+04 5010090 1 5.9810e-01
+6.50608e+04 -5.85256e+04 5010092 1 5.7515e-01
+6.11308e+04 -5.86502e+04 5010088 1 6.1750e-01
+6.40648e+04 -5.85708e+04 5010091 1 5.8721e-01
+6.70762e+04 -5.84141e+04 5010094 1 5.4787e-01
+6.60648e+04 -5.84730e+04 5010093 1 5.6200e-01
+6.80945e+04 -5.83499e+04 5010095 1 5.3294e-01
+6.91193e+04 -5.82815e+04 5010096 1 5.1744e-01
+7.01501e+04 -5.82099e+04 5010097 1 5.0218e-01
+7.11864e+04 -5.81362e+04 5010098 1 4.8482e-01
+7.22275e+04 -5.80610e+04 5010099 1 4.6665e-01
+7.32732e+04 -5.79852e+04 5010100 1 4.4775e-01
+7.64333e+04 -5.77616e+04 5010103 1 3.8811e-01
+7.74933e+04 -5.76906e+04 5010104 1 3.6777e-01
+7.43229e+04 -5.79095e+04 5010101 1 4.2819e-01
+7.85561e+04 -5.76226e+04 5010105 1 3.4755e-01
+8.17586e+04 -5.74419e+04 5010108 1 2.8697e-01
+7.53764e+04 -5.78347e+04 5010102 1 4.0824e-01
+8.06890e+04 -5.74978e+04 5010107 1 3.0883e-01
+7.96214e+04 -5.75581e+04 5010106 1 3.2859e-01
+8.39026e+04 -5.73447e+04 5010110 1 2.4316e-01
+8.49766e+04 -5.73042e+04 5010111 1 2.2147e-01
+8.28299e+04 -5.73907e+04 5010109 1 2.6504e-01
+8.92815e+04 -5.72013e+04 5010115 1 1.4341e-01
+8.60517e+04 -5.72693e+04 5010112 1 2.0022e-01
+8.82043e+04 -5.72177e+04 5010114 1 1.6048e-01
+9.03591e+04 -5.71913e+04 5010116 1 1.3033e-01
+4.74578e+04 -5.62668e+04 4010117 1 6.2002e-01
+4.72276e+04 -6.00086e+04 4010037 1 6.6521e-01
+4.96072e+04 -5.15514e+04 4010240 1 5.7385e-01
+5.47095e+04 -4.97420e+04 4010327 1 5.4699e-01
+4.94531e+04 -4.95859e+04 4010280 1 5.5548e-01
+5.29666e+04 -5.80731e+04 5010079 1 6.4453e-01
+5.21310e+04 -5.79030e+04 5010078 1 6.4516e-01
+5.46842e+04 -5.83396e+04 5010081 1 6.4872e-01
+5.38179e+04 -5.82180e+04 5010080 1 6.4768e-01
+5.64604e+04 -5.85178e+04 5010083 1 6.4496e-01
+5.55651e+04 -5.84391e+04 5010082 1 6.4783e-01
+5.73698e+04 -5.85768e+04 5010084 1 6.4076e-01
+5.82922e+04 -5.86182e+04 5010085 1 6.3740e-01
+6.36878e+04 -5.71227e+04 5010129 1 5.8107e-01
+6.46552e+04 -5.70943e+04 5010130 1 5.7051e-01
+6.56310e+04 -5.70574e+04 5010131 1 5.5930e-01
+6.66142e+04 -5.70131e+04 5010132 1 5.4694e-01
+6.86011e+04 -5.69067e+04 5010134 1 5.1900e-01
+6.76044e+04 -5.69626e+04 5010133 1 5.3347e-01
+7.06121e+04 -5.67827e+04 5010136 1 4.8825e-01
+6.96038e+04 -5.68464e+04 5010135 1 5.0387e-01
+7.16257e+04 -5.67165e+04 5010137 1 4.7252e-01
+7.26442e+04 -5.66489e+04 5010138 1 4.5701e-01
+7.77952e+04 -5.63127e+04 5010143 1 3.6113e-01
+7.36672e+04 -5.65806e+04 5010139 1 4.3902e-01
+7.67583e+04 -5.63775e+04 5010142 1 3.8134e-01
+7.57245e+04 -5.64442e+04 5010141 1 4.0113e-01
+8.09210e+04 -5.61352e+04 5010146 1 3.0314e-01
+7.46940e+04 -5.65121e+04 5010140 1 4.2038e-01
+7.98768e+04 -5.61909e+04 5010145 1 3.2114e-01
+8.40649e+04 -5.59945e+04 5010149 1 2.4252e-01
+8.72202e+04 -5.58985e+04 5010152 1 1.8076e-01
+6.27291e+04 -5.71414e+04 5010128 1 5.9073e-01
+8.82737e+04 -5.58775e+04 5010153 1 1.6176e-01
+8.19674e+04 -5.60838e+04 5010147 1 2.8485e-01
+8.93276e+04 -5.58623e+04 5010154 1 1.4467e-01
+9.03820e+04 -5.58530e+04 5010155 1 1.3122e-01
+8.51157e+04 -5.59572e+04 5010150 1 2.2151e-01
+5.05088e+04 -5.74799e+04 4010121 1 6.3832e-01
+4.81967e+04 -5.66199e+04 4010118 1 6.2759e-01
+4.89509e+04 -5.69394e+04 4010119 1 6.3208e-01
+5.13118e+04 -5.77056e+04 4010122 1 6.4309e-01
+4.97217e+04 -5.72253e+04 4010120 1 6.3181e-01
+5.45785e+04 -5.66669e+04 5010119 1 6.2851e-01
+5.54355e+04 -5.67926e+04 5010120 1 6.2663e-01
+5.63057e+04 -5.68969e+04 5010121 1 6.2710e-01
+5.89910e+04 -5.70954e+04 5010124 1 6.1788e-01
+5.71886e+04 -5.69813e+04 5010122 1 6.2596e-01
+5.80838e+04 -5.70471e+04 5010123 1 6.2275e-01
+6.08397e+04 -5.71449e+04 5010126 1 6.0636e-01
+5.99100e+04 -5.71274e+04 5010125 1 6.1205e-01
+6.17796e+04 -5.71492e+04 5010127 1 5.9923e-01
+7.00659e+04 -5.53854e+04 5010174 1 4.9145e-01
+7.91018e+04 -5.48498e+04 5010183 1 3.3664e-01
+6.71367e+04 -5.55283e+04 5010171 1 5.3161e-01
+7.20456e+04 -5.52707e+04 5010176 1 4.6013e-01
+8.52492e+04 -5.45811e+04 5010189 1 2.2279e-01
+6.81072e+04 -5.54857e+04 5010172 1 5.1945e-01
+7.10533e+04 -5.53294e+04 5010175 1 4.7615e-01
+6.90837e+04 -5.54377e+04 5010173 1 5.0592e-01
+6.61731e+04 -5.55647e+04 5010170 1 5.4287e-01
+5.37357e+04 -5.65176e+04 5010118 1 6.2848e-01
+8.11437e+04 -5.47445e+04 5010185 1 2.9692e-01
+7.70696e+04 -5.49654e+04 5010181 1 3.7556e-01
+7.50490e+04 -5.50870e+04 5010179 1 4.1269e-01
+7.60577e+04 -5.50258e+04 5010180 1 3.9440e-01
+7.30426e+04 -5.52101e+04 5010177 1 4.4412e-01
+6.52166e+04 -5.55938e+04 5010169 1 5.5385e-01
+7.40438e+04 -5.51486e+04 5010178 1 4.2967e-01
+8.62787e+04 -5.45517e+04 5010190 1 2.0292e-01
+5.29067e+04 -5.63438e+04 5010117 1 6.2553e-01
+7.80844e+04 -5.49066e+04 5010182 1 3.5628e-01
+8.01217e+04 -5.47956e+04 5010184 1 3.1677e-01
+5.12908e+04 -5.59184e+04 4010162 1 6.2072e-01
+8.71277e+04 -5.72405e+04 5010113 1 1.7972e-01
+8.30154e+04 -5.60368e+04 5010148 1 2.6368e-01
+8.61675e+04 -5.59251e+04 5010151 1 2.0082e-01
+8.93719e+04 -5.44940e+04 5010193 1 1.4836e-01
+8.21677e+04 -5.46970e+04 5010186 1 2.8053e-01
+8.83403e+04 -5.45079e+04 5010192 1 1.6515e-01
+6.23939e+04 -5.56256e+04 5010166 1 5.8042e-01
+5.20917e+04 -5.61446e+04 4010163 1 6.2106e-01
+6.33266e+04 -5.56253e+04 5010167 1 5.7279e-01
+6.14700e+04 -5.56143e+04 5010165 1 5.8754e-01
+5.87579e+04 -5.54961e+04 5010162 1 6.0245e-01
+6.05559e+04 -5.55897e+04 5010164 1 5.9409e-01
+5.05048e+04 -5.56624e+04 4010161 1 6.1790e-01
+5.96518e+04 -5.55506e+04 5010163 1 5.9897e-01
+6.42677e+04 -5.56143e+04 5010168 1 5.6389e-01
+5.78746e+04 -5.54248e+04 5010161 1 6.0444e-01
+5.70024e+04 -5.53354e+04 5010160 1 6.0765e-01
+8.23591e+04 -5.32821e+04 5010225 1 2.7658e-01
+4.89740e+04 -5.50600e+04 4010159 1 6.0628e-01
+4.97326e+04 -5.53766e+04 4010160 1 6.1274e-01
+5.61421e+04 -5.52261e+04 5010159 1 6.0918e-01
+7.93566e+04 -5.34211e+04 5010222 1 3.3322e-01
+5.52937e+04 -5.50958e+04 5010158 1 6.0853e-01
+5.28214e+04 -5.45663e+04 4010204 1 6.0478e-01
+5.36328e+04 -5.47678e+04 5010156 1 6.0643e-01
+5.44572e+04 -5.49434e+04 5010157 1 6.0647e-01
+4.96975e+04 -5.34835e+04 4010200 1 5.9313e-01
+5.20223e+04 -5.43386e+04 4010203 1 6.0109e-01
+7.63751e+04 -5.35797e+04 5010219 1 3.8793e-01
+8.13563e+04 -5.33255e+04 5010224 1 2.9534e-01
+5.12352e+04 -5.40836e+04 4010202 1 5.9660e-01
+7.53870e+04 -5.36347e+04 5010218 1 4.0192e-01
+7.88347e+04 -5.62503e+04 5010144 1 3.4072e-01
+8.31934e+04 -5.46540e+04 5010187 1 2.6322e-01
+8.73941e+04 -5.31268e+04 5010230 1 1.8826e-01
+7.83602e+04 -5.34724e+04 5010221 1 3.5185e-01
+8.53768e+04 -5.31759e+04 5010228 1 2.2540e-01
+6.11643e+04 -5.40307e+04 5010203 1 5.7465e-01
+6.57476e+04 -5.40698e+04 5010208 1 5.3753e-01
+6.85838e+04 -5.39841e+04 5010211 1 5.0391e-01
+6.38904e+04 -5.40868e+04 5010206 1 5.5496e-01
+6.20646e+04 -5.40618e+04 5010204 1 5.6923e-01
+6.66867e+04 -5.40483e+04 5010209 1 5.2725e-01
+6.95414e+04 -5.39435e+04 5010212 1 4.9286e-01
+6.29734e+04 -5.40802e+04 5010205 1 5.6265e-01
+6.48154e+04 -5.40829e+04 5010207 1 5.4674e-01
+7.14723e+04 -5.38500e+04 5010214 1 4.6498e-01
+7.44025e+04 -5.36902e+04 5010217 1 4.1789e-01
+7.34217e+04 -5.37451e+04 5010216 1 4.3412e-01
+6.76322e+04 -5.40194e+04 5010210 1 5.1597e-01
+7.73662e+04 -5.35254e+04 5010220 1 3.7012e-01
+7.05044e+04 -5.38986e+04 5010213 1 4.7934e-01
+6.02729e+04 -5.39857e+04 5010202 1 5.7880e-01
+5.93906e+04 -5.39257e+04 5010201 1 5.8318e-01
+7.24449e+04 -5.37986e+04 5010215 1 4.4987e-01
+5.76560e+04 -5.37544e+04 5010199 1 5.8771e-01
+5.85183e+04 -5.38489e+04 5010200 1 5.8624e-01
+5.68037e+04 -5.36411e+04 5010198 1 5.8788e-01
+5.04604e+04 -5.37990e+04 4010201 1 5.9702e-01
+5.59618e+04 -5.35078e+04 5010197 1 5.8851e-01
+5.43105e+04 -5.31743e+04 5010195 1 5.8677e-01
+5.35009e+04 -5.29721e+04 4010245 1 5.8370e-01
+5.51308e+04 -5.33525e+04 5010196 1 5.8866e-01
+5.27018e+04 -5.27446e+04 4010244 1 5.8321e-01
+5.41302e+04 -5.13636e+04 4010286 1 5.6634e-01
+5.11353e+04 -5.22066e+04 4010242 1 5.7762e-01
+5.19135e+04 -5.24896e+04 4010243 1 5.8100e-01
+5.57566e+04 -5.17457e+04 5010235 1 5.6811e-01
+5.49387e+04 -5.15665e+04 5010234 1 5.6746e-01
+5.25396e+04 -5.08828e+04 4010284 1 5.6131e-01
+5.71584e+04 -5.02836e+04 5010275 1 5.4934e-01
+5.03666e+04 -5.18946e+04 4010241 1 5.7571e-01
+5.33306e+04 -5.11360e+04 4010285 1 5.6413e-01
+5.65836e+04 -5.19030e+04 5010236 1 5.6928e-01
+6.17338e+04 -5.24520e+04 5010242 1 5.5587e-01
+9.04039e+04 -5.44854e+04 5010194 1 1.3487e-01
+8.73091e+04 -5.45272e+04 5010191 1 1.8357e-01
+8.42207e+04 -5.46153e+04 5010188 1 2.4295e-01
+8.03554e+04 -5.33720e+04 5010223 1 3.1433e-01
+8.43695e+04 -5.32071e+04 5010227 1 2.4449e-01
+6.53303e+04 -5.25295e+04 5010246 1 5.2966e-01
+6.35175e+04 -5.25134e+04 5010244 1 5.4458e-01
+6.44204e+04 -5.25266e+04 5010245 1 5.3761e-01
+6.99737e+04 -5.24251e+04 5010251 1 4.7808e-01
+6.80992e+04 -5.24868e+04 5010249 1 5.0147e-01
+6.71701e+04 -5.25085e+04 5010248 1 5.1188e-01
+7.28224e+04 -5.23006e+04 5010254 1 4.3983e-01
+6.62470e+04 -5.25231e+04 5010247 1 5.2111e-01
+7.09186e+04 -5.23869e+04 5010252 1 4.6555e-01
+8.15582e+04 -5.18781e+04 5010263 1 2.9467e-01
+7.18683e+04 -5.23452e+04 5010253 1 4.5398e-01
+6.26219e+04 -5.24889e+04 5010243 1 5.5047e-01
+8.35253e+04 -5.18026e+04 5010265 1 2.5957e-01
+8.45110e+04 -5.17701e+04 5010266 1 2.4717e-01
+9.04449e+04 -5.16622e+04 5010272 1 1.5209e-01
+6.90338e+04 -5.24587e+04 5010250 1 4.9014e-01
+6.08540e+04 -5.24014e+04 5010241 1 5.6043e-01
+5.99825e+04 -5.23360e+04 5010240 1 5.6376e-01
+5.91194e+04 -5.22546e+04 5010239 1 5.6594e-01
+8.94545e+04 -5.16694e+04 5010271 1 1.6410e-01
+5.82650e+04 -5.21564e+04 5010238 1 5.6688e-01
+5.74197e+04 -5.20395e+04 5010237 1 5.6927e-01
+7.86218e+04 -5.20105e+04 5010260 1 3.4791e-01
+5.63343e+04 -5.01248e+04 5010274 1 5.4973e-01
+5.17570e+04 -5.06024e+04 4010283 1 5.6109e-01
+6.13949e+04 -5.07987e+04 5010280 1 5.4136e-01
+5.09823e+04 -5.02934e+04 4010282 1 5.5899e-01
+5.96772e+04 -5.06437e+04 5010278 1 5.4717e-01
+5.88299e+04 -5.05418e+04 5010277 1 5.4885e-01
+5.39081e+04 -4.95158e+04 4010326 1 5.4609e-01
+5.79903e+04 -5.04221e+04 5010276 1 5.4950e-01
+5.31139e+04 -4.92644e+04 4010325 1 5.4503e-01
+5.02145e+04 -4.99550e+04 4010281 1 5.5597e-01
+5.55181e+04 -4.99446e+04 5010273 1 5.4875e-01
+5.23263e+04 -4.89870e+04 4010324 1 5.4327e-01
+8.94143e+04 -5.30963e+04 5010232 1 1.5478e-01
+8.63850e+04 -5.31491e+04 5010229 1 2.0658e-01
+8.33635e+04 -5.32423e+04 5010226 1 2.6288e-01
+6.22646e+04 -5.08543e+04 5010281 1 5.3749e-01
+6.05323e+04 -5.07290e+04 5010279 1 5.4414e-01
+6.31414e+04 -5.08966e+04 5010282 1 5.3260e-01
+6.58121e+04 -5.09548e+04 5010285 1 5.1318e-01
+5.85149e+04 -4.87905e+04 5010315 1 5.3082e-01
+7.83737e+04 -7.36580e+04 3010342 1 3.7223e-01
+7.98301e+04 -7.35512e+04 3010343 1 3.5051e-01
+8.12850e+04 -7.34558e+04 3010344 1 3.3004e-01
+8.27385e+04 -7.33721e+04 3010345 1 3.1105e-01
+8.41910e+04 -7.33006e+04 3010346 1 2.9353e-01
+8.56424e+04 -7.32417e+04 3010347 1 2.7784e-01
+8.70931e+04 -7.31958e+04 3010348 1 2.6488e-01
+8.85433e+04 -7.31626e+04 3010349 1 2.5463e-01
+8.99931e+04 -7.31424e+04 3010350 1 2.4749e-01
+9.04249e+04 -5.30884e+04 5010233 1 1.4167e-01
+8.25409e+04 -5.18388e+04 5010264 1 2.7682e-01
+8.05774e+04 -5.19201e+04 5010262 1 3.1260e-01
+7.57075e+04 -5.21563e+04 5010257 1 3.9391e-01
+6.40251e+04 -5.09267e+04 5010283 1 5.2682e-01
+8.65817e+04 -5.02573e+04 5010307 1 2.1855e-01
+8.17490e+04 -5.04029e+04 5010302 1 2.9483e-01
+6.76230e+04 -5.09466e+04 5010287 1 4.9611e-01
+7.41181e+04 -5.07370e+04 5010294 1 4.1632e-01
+6.49155e+04 -5.09458e+04 5010284 1 5.2046e-01
+6.67147e+04 -5.09548e+04 5010286 1 5.0501e-01
+7.69598e+04 -5.06079e+04 5010297 1 3.7201e-01
+8.27128e+04 -5.03674e+04 5010303 1 2.7815e-01
+8.36781e+04 -5.03347e+04 5010304 1 2.6181e-01
+6.01919e+04 -4.90169e+04 5010317 1 5.2831e-01
+6.85906e+04 -7.36411e+04 3010374 1 5.3392e-01
+7.00252e+04 -7.34767e+04 3010375 1 5.0903e-01
+7.14593e+04 -7.33187e+04 3010376 1 4.8415e-01
+7.28926e+04 -7.31680e+04 3010377 1 4.5939e-01
+7.43251e+04 -7.30253e+04 3010378 1 4.3486e-01
+7.57565e+04 -7.28913e+04 3010379 1 4.1094e-01
+7.71869e+04 -7.27668e+04 3010380 1 3.8741e-01
+7.86161e+04 -7.26523e+04 3010381 1 3.6440e-01
+8.00443e+04 -7.25484e+04 3010382 1 3.4217e-01
+8.14714e+04 -7.24555e+04 3010383 1 3.2121e-01
+8.28977e+04 -7.23741e+04 3010384 1 3.0138e-01
+8.43231e+04 -7.23046e+04 3010385 1 2.8303e-01
+8.57477e+04 -7.22474e+04 3010386 1 2.6659e-01
+8.71718e+04 -7.22026e+04 3010387 1 2.5294e-01
+8.85955e+04 -7.21703e+04 3010388 1 2.4199e-01
+9.00190e+04 -7.21507e+04 3010389 1 2.3433e-01
+8.84039e+04 -5.31091e+04 5010231 1 1.7079e-01
+7.95985e+04 -5.19644e+04 5010261 1 3.3038e-01
+7.47423e+04 -5.22055e+04 5010256 1 4.0967e-01
+6.85368e+04 -5.09313e+04 5010288 1 4.8720e-01
+8.75514e+04 -5.02389e+04 5010308 1 2.0321e-01
+7.03797e+04 -5.08829e+04 5010290 1 4.6548e-01
+9.04638e+04 -5.02072e+04 5010311 1 1.6623e-01
+7.79129e+04 -5.05643e+04 5010298 1 3.5689e-01
+5.93501e+04 -4.89123e+04 5010316 1 5.2957e-01
+6.18948e+04 -4.91792e+04 5010319 1 5.2306e-01
+6.27558e+04 -4.92390e+04 5010320 1 5.1926e-01
+6.10401e+04 -4.91056e+04 5010318 1 5.2616e-01
+6.36230e+04 -4.92859e+04 5010321 1 5.1494e-01
+6.62597e+04 -4.93600e+04 5010324 1 4.9711e-01
+6.06753e+04 -7.36042e+04 3010407 1 6.7064e-01
+6.20642e+04 -7.34316e+04 3010408 1 6.4793e-01
+6.34570e+04 -7.32583e+04 3010409 1 6.2468e-01
+6.48530e+04 -7.30855e+04 3010410 1 6.0094e-01
+6.62513e+04 -7.29145e+04 3010411 1 5.7679e-01
+6.76513e+04 -7.27466e+04 3010412 1 5.5253e-01
+6.90524e+04 -7.25827e+04 3010413 1 5.2801e-01
+7.04543e+04 -7.24240e+04 3010414 1 5.0315e-01
+7.18564e+04 -7.22713e+04 3010415 1 4.7805e-01
+7.32584e+04 -7.21255e+04 3010416 1 4.5312e-01
+7.46602e+04 -7.19874e+04 3010417 1 4.2853e-01
+7.60616e+04 -7.18578e+04 3010418 1 4.0416e-01
+7.74624e+04 -7.17372e+04 3010419 1 3.8013e-01
+7.88626e+04 -7.16263e+04 3010420 1 3.5661e-01
+8.02623e+04 -7.15256e+04 3010421 1 3.3416e-01
+8.16613e+04 -7.14356e+04 3010422 1 3.1257e-01
+8.30597e+04 -7.13567e+04 3010423 1 2.9208e-01
+8.44576e+04 -7.12893e+04 3010424 1 2.7298e-01
+8.58550e+04 -7.12339e+04 3010425 1 2.5606e-01
+8.72520e+04 -7.11904e+04 3010426 1 2.4165e-01
+8.86488e+04 -7.11591e+04 3010427 1 2.3000e-01
+9.00454e+04 -7.11401e+04 3010428 1 2.2182e-01
+7.66760e+04 -5.21069e+04 5010258 1 3.7808e-01
+8.64861e+04 -5.17175e+04 5010268 1 2.1181e-01
+7.37805e+04 -5.22538e+04 5010255 1 4.2503e-01
+8.84645e+04 -5.16811e+04 5010270 1 1.7874e-01
+7.60095e+04 -5.06516e+04 5010296 1 3.8712e-01
+8.07869e+04 -5.04406e+04 5010301 1 3.1156e-01
+8.94926e+04 -5.02138e+04 5010310 1 1.7618e-01
+7.88686e+04 -5.05215e+04 5010299 1 3.4285e-01
+7.35097e+04 -4.92305e+04 5010332 1 4.1854e-01
+6.53751e+04 -4.93455e+04 5010323 1 5.0366e-01
+7.81618e+04 -4.90445e+04 5010337 1 3.5247e-01
+4.83707e+04 -7.37161e+04 3010436 1 8.1919e-01
+4.95991e+04 -7.36540e+04 3010437 1 8.1066e-01
+5.08482e+04 -7.35727e+04 3010438 1 8.0017e-01
+5.21159e+04 -7.34745e+04 3010439 1 7.8782e-01
+5.33999e+04 -7.33614e+04 3010440 1 7.7376e-01
+5.46985e+04 -7.32355e+04 3010441 1 7.5817e-01
+5.60096e+04 -7.30988e+04 3010442 1 7.4122e-01
+5.73318e+04 -7.29530e+04 3010443 1 7.2301e-01
+5.86634e+04 -7.28001e+04 3010444 1 7.0377e-01
+6.00031e+04 -7.26417e+04 3010445 1 6.8356e-01
+6.13497e+04 -7.24793e+04 3010446 1 6.6245e-01
+6.27019e+04 -7.23145e+04 3010447 1 6.4011e-01
+6.40588e+04 -7.21487e+04 3010448 1 6.1716e-01
+6.54194e+04 -7.19832e+04 3010449 1 5.9377e-01
+6.67831e+04 -7.18193e+04 3010450 1 5.6995e-01
+6.81492e+04 -7.16581e+04 3010451 1 5.4573e-01
+6.95172e+04 -7.15007e+04 3010452 1 5.2122e-01
+7.08865e+04 -7.13480e+04 3010453 1 4.9654e-01
+7.22567e+04 -7.12010e+04 3010454 1 4.7178e-01
+7.36275e+04 -7.10606e+04 3010455 1 4.4683e-01
+7.49987e+04 -7.09275e+04 3010456 1 4.2195e-01
+7.63699e+04 -7.08025e+04 3010457 1 3.9725e-01
+7.77411e+04 -7.06862e+04 3010458 1 3.7289e-01
+7.91122e+04 -7.05792e+04 3010459 1 3.4933e-01
+8.04830e+04 -7.04820e+04 3010460 1 3.2637e-01
+8.18536e+04 -7.03950e+04 3010461 1 3.0421e-01
+8.32239e+04 -7.03189e+04 3010462 1 2.8309e-01
+8.45939e+04 -7.02539e+04 3010463 1 2.6345e-01
+8.59637e+04 -7.02003e+04 3010464 1 2.4610e-01
+8.73333e+04 -7.01583e+04 3010465 1 2.3100e-01
+8.87028e+04 -7.01281e+04 3010466 1 2.1874e-01
+9.00721e+04 -7.01097e+04 3010467 1 2.1015e-01
+7.76475e+04 -5.20580e+04 5010259 1 3.6509e-01
+8.54981e+04 -5.17419e+04 5010267 1 2.2933e-01
+8.74750e+04 -5.16972e+04 5010269 1 1.9484e-01
+6.94559e+04 -5.09098e+04 5010289 1 4.7674e-01
+7.50622e+04 -5.06948e+04 5010295 1 4.0195e-01
+8.46448e+04 -5.03051e+04 5010305 1 2.4675e-01
+8.85218e+04 -5.02244e+04 5010309 1 1.8888e-01
+7.31775e+04 -5.07775e+04 5010293 1 4.2885e-01
+7.91002e+04 -4.90064e+04 5010338 1 3.3829e-01
+7.16717e+04 -4.92923e+04 5010330 1 4.4225e-01
+4.70978e+04 -7.25301e+04 3010473 1 8.1544e-01
+4.82430e+04 -7.25185e+04 3010474 1 8.0915e-01
+4.94128e+04 -7.24839e+04 3010475 1 8.0359e-01
+5.06047e+04 -7.24286e+04 3010476 1 7.9578e-01
+5.18169e+04 -7.23546e+04 3010477 1 7.8593e-01
+5.30471e+04 -7.22642e+04 3010478 1 7.7424e-01
+5.42935e+04 -7.21592e+04 3010479 1 7.6089e-01
+5.55544e+04 -7.20417e+04 3010480 1 7.4601e-01
+5.68280e+04 -7.19134e+04 3010481 1 7.2969e-01
+5.81128e+04 -7.17763e+04 3010482 1 7.1212e-01
+5.94073e+04 -7.16319e+04 3010483 1 6.9344e-01
+6.07104e+04 -7.14819e+04 3010484 1 6.7375e-01
+6.20207e+04 -7.13279e+04 3010485 1 6.5320e-01
+6.33373e+04 -7.11713e+04 3010486 1 6.3159e-01
+6.46591e+04 -7.10134e+04 3010487 1 6.0909e-01
+6.59852e+04 -7.08557e+04 3010488 1 5.8602e-01
+6.73150e+04 -7.06992e+04 3010489 1 5.6240e-01
+6.86477e+04 -7.05451e+04 3010490 1 5.3842e-01
+6.99829e+04 -7.03945e+04 3010491 1 5.1420e-01
+7.13200e+04 -7.02482e+04 3010492 1 4.8971e-01
+7.26586e+04 -7.01073e+04 3010493 1 4.6504e-01
+7.39984e+04 -6.99726e+04 3010494 1 4.4018e-01
+7.53390e+04 -6.98448e+04 3010495 1 4.1514e-01
+7.66801e+04 -6.97248e+04 3010496 1 3.9042e-01
+7.80217e+04 -6.96130e+04 3010497 1 3.6609e-01
+7.93635e+04 -6.95100e+04 3010498 1 3.4215e-01
+8.07055e+04 -6.94165e+04 3010499 1 3.1876e-01
+8.20475e+04 -6.93329e+04 3010500 1 2.9610e-01
+8.33895e+04 -6.92597e+04 3010501 1 2.7446e-01
+8.47315e+04 -6.91972e+04 3010502 1 2.5464e-01
+8.60735e+04 -6.91456e+04 3010503 1 2.3666e-01
+8.74154e+04 -6.91051e+04 3010504 1 2.2093e-01
+8.87573e+04 -6.90760e+04 3010505 1 2.0811e-01
+9.00991e+04 -6.90584e+04 3010506 1 1.9906e-01
+7.13081e+04 -5.08513e+04 5010291 1 4.5357e-01
+7.22407e+04 -5.08159e+04 5010292 1 4.4118e-01
+7.98267e+04 -5.04803e+04 5010300 1 3.2815e-01
+8.56128e+04 -5.02793e+04 5010306 1 2.3455e-01
+6.80448e+04 -4.93634e+04 5010326 1 4.8135e-01
+6.44962e+04 -4.93211e+04 5010322 1 5.0970e-01
+7.53617e+04 -4.91590e+04 5010334 1 3.9468e-01
+7.72258e+04 -4.90830e+04 5010336 1 3.6677e-01
+6.89447e+04 -4.93541e+04 5010327 1 4.7238e-01
+8.57206e+04 -4.87888e+04 5010345 1 2.3979e-01
+8.66716e+04 -4.87690e+04 5010346 1 2.2661e-01
+4.70976e+04 -7.12347e+04 3010511 1 8.0453e-01
+4.81844e+04 -7.12540e+04 3010512 1 8.0265e-01
+4.92967e+04 -7.12488e+04 3010513 1 7.9850e-01
+5.04325e+04 -7.12213e+04 3010514 1 7.9202e-01
+5.15898e+04 -7.11736e+04 3010515 1 7.8330e-01
+5.27668e+04 -7.11075e+04 3010516 1 7.7181e-01
+5.39617e+04 -7.10252e+04 3010517 1 7.5995e-01
+5.51725e+04 -7.09287e+04 3010518 1 7.4727e-01
+5.63974e+04 -7.08198e+04 3010519 1 7.3304e-01
+5.76352e+04 -7.07004e+04 3010520 1 7.1744e-01
+5.88841e+04 -7.05721e+04 3010521 1 7.0053e-01
+6.01431e+04 -7.04366e+04 3010522 1 6.8244e-01
+6.14108e+04 -7.02954e+04 3010523 1 6.6334e-01
+6.26861e+04 -7.01501e+04 3010524 1 6.4328e-01
+6.39681e+04 -7.00019e+04 3010525 1 6.2235e-01
+6.52557e+04 -6.98523e+04 3010526 1 6.0031e-01
+6.65482e+04 -6.97026e+04 3010527 1 5.7769e-01
+6.78448e+04 -6.95538e+04 3010528 1 5.5452e-01
+6.91448e+04 -6.94071e+04 3010529 1 5.3086e-01
+7.04478e+04 -6.92636e+04 3010530 1 5.0682e-01
+7.17531e+04 -6.91241e+04 3010531 1 4.8245e-01
+7.30605e+04 -6.89896e+04 3010532 1 4.5781e-01
+7.43694e+04 -6.88609e+04 3010533 1 4.3312e-01
+7.56797e+04 -6.87387e+04 3010534 1 4.0849e-01
+7.69909e+04 -6.86237e+04 3010535 1 3.8377e-01
+7.83030e+04 -6.85167e+04 3010536 1 3.5921e-01
+7.96156e+04 -6.84181e+04 3010537 1 3.3500e-01
+8.09287e+04 -6.83285e+04 3010538 1 3.1127e-01
+8.22422e+04 -6.82484e+04 3010539 1 2.8822e-01
+8.35559e+04 -6.81783e+04 3010540 1 2.6654e-01
+8.48697e+04 -6.81182e+04 3010541 1 2.4625e-01
+8.61838e+04 -6.80687e+04 3010542 1 2.2768e-01
+8.74979e+04 -6.80299e+04 3010543 1 2.1134e-01
+8.88121e+04 -6.80020e+04 3010544 1 1.9797e-01
+9.01263e+04 -6.79851e+04 3010545 1 1.8848e-01
+6.71497e+04 -4.93657e+04 5010325 1 4.8962e-01
+8.00409e+04 -4.89694e+04 5010339 1 3.2511e-01
+7.25888e+04 -4.92630e+04 5010331 1 4.3060e-01
+8.38217e+04 -4.88391e+04 5010343 1 2.6532e-01
+7.62923e+04 -4.91213e+04 5010335 1 3.8089e-01
+4.71526e+04 -6.98711e+04 3010549 1 7.8709e-01
+4.81845e+04 -6.99220e+04 3010550 1 7.8816e-01
+4.92423e+04 -6.99472e+04 3010551 1 7.8690e-01
+5.03242e+04 -6.99487e+04 3010552 1 7.8330e-01
+5.14284e+04 -6.99286e+04 3010553 1 7.7759e-01
+5.25533e+04 -6.98888e+04 3010554 1 7.6984e-01
+5.36970e+04 -6.98312e+04 3010555 1 7.6023e-01
+5.48580e+04 -6.97577e+04 3010556 1 7.4876e-01
+5.60346e+04 -6.96701e+04 3010557 1 7.3566e-01
+5.72253e+04 -6.95703e+04 3010558 1 7.2074e-01
+5.84288e+04 -6.94599e+04 3010559 1 7.0455e-01
+5.96436e+04 -6.93407e+04 3010560 1 6.8829e-01
+6.08684e+04 -6.92143e+04 3010561 1 6.7086e-01
+6.21021e+04 -6.90821e+04 3010562 1 6.5233e-01
+6.33437e+04 -6.89457e+04 3010563 1 6.3283e-01
+6.45921e+04 -6.88063e+04 3010564 1 6.1244e-01
+6.58466e+04 -6.86652e+04 3010565 1 5.9108e-01
+6.71063e+04 -6.85237e+04 3010566 1 5.6887e-01
+6.83705e+04 -6.83829e+04 3010567 1 5.4605e-01
+6.96386e+04 -6.82439e+04 3010568 1 5.2272e-01
+7.09099e+04 -6.81077e+04 3010569 1 4.9900e-01
+7.21841e+04 -6.79752e+04 3010570 1 4.7498e-01
+7.34607e+04 -6.78473e+04 3010571 1 4.5070e-01
+7.47392e+04 -6.77247e+04 3010572 1 4.2621e-01
+7.60194e+04 -6.76083e+04 3010573 1 4.0159e-01
+7.73010e+04 -6.74987e+04 3010574 1 3.7695e-01
+7.85838e+04 -6.73966e+04 3010575 1 3.5230e-01
+7.98674e+04 -6.73026e+04 3010576 1 3.2789e-01
+8.11518e+04 -6.72171e+04 3010577 1 3.0397e-01
+8.24367e+04 -6.71406e+04 3010578 1 2.8106e-01
+8.37222e+04 -6.70735e+04 3010579 1 2.5906e-01
+8.50080e+04 -6.70161e+04 3010580 1 2.3829e-01
+8.62941e+04 -6.69688e+04 3010581 1 2.1919e-01
+8.75804e+04 -6.69317e+04 3010582 1 2.0232e-01
+8.88669e+04 -6.69050e+04 3010583 1 1.8844e-01
+9.01535e+04 -6.68889e+04 3010584 1 1.7860e-01
+7.44340e+04 -4.91955e+04 5010333 1 4.0638e-01
+8.28742e+04 -4.88685e+04 5010342 1 2.8041e-01
+6.98493e+04 -4.93385e+04 5010328 1 4.6296e-01
+7.07584e+04 -4.93177e+04 5010329 1 4.5333e-01
+8.09836e+04 -4.89340e+04 5010340 1 3.1120e-01
+8.19281e+04 -4.89003e+04 5010341 1 2.9578e-01
+4.72507e+04 -6.84403e+04 3010587 1 7.7186e-01
+4.82310e+04 -6.85239e+04 3010588 1 7.7206e-01
+4.92377e+04 -6.85801e+04 3010589 1 7.7044e-01
+5.02688e+04 -6.86114e+04 3010590 1 7.6959e-01
+5.13227e+04 -6.86198e+04 3010591 1 7.6643e-01
+5.23976e+04 -6.86072e+04 3010592 1 7.6131e-01
+5.34922e+04 -6.85754e+04 3010593 1 7.5419e-01
+5.46048e+04 -6.85264e+04 3010594 1 7.4527e-01
+5.57340e+04 -6.84617e+04 3010595 1 7.3462e-01
+5.68784e+04 -6.83833e+04 3010596 1 7.2241e-01
+5.80365e+04 -6.82928e+04 3010597 1 7.0867e-01
+5.92071e+04 -6.81919e+04 3010598 1 6.9361e-01
+6.03890e+04 -6.80822e+04 3010599 1 6.7716e-01
+6.15810e+04 -6.79651e+04 3010600 1 6.5944e-01
+6.27821e+04 -6.78421e+04 3010601 1 6.4073e-01
+6.39912e+04 -6.77147e+04 3010602 1 6.2180e-01
+6.52073e+04 -6.75842e+04 3010603 1 6.0197e-01
+6.64298e+04 -6.74518e+04 3010604 1 5.8123e-01
+6.76577e+04 -6.73187e+04 3010605 1 5.5958e-01
+6.88904e+04 -6.71861e+04 3010606 1 5.3732e-01
+7.01272e+04 -6.70549e+04 3010607 1 5.1448e-01
+7.13677e+04 -6.69262e+04 3010608 1 4.9115e-01
+7.26113e+04 -6.68008e+04 3010609 1 4.6740e-01
+7.38577e+04 -6.66797e+04 3010610 1 4.4334e-01
+7.51063e+04 -6.65635e+04 3010611 1 4.1899e-01
+7.63569e+04 -6.64531e+04 3010612 1 3.9448e-01
+7.76092e+04 -6.63491e+04 3010613 1 3.6988e-01
+7.88630e+04 -6.62521e+04 3010614 1 3.4533e-01
+8.01179e+04 -6.61627e+04 3010615 1 3.2119e-01
+8.13737e+04 -6.60814e+04 3010616 1 2.9743e-01
+8.26304e+04 -6.60086e+04 3010617 1 2.7427e-01
+8.38878e+04 -6.59447e+04 3010618 1 2.5194e-01
+8.51457e+04 -6.58900e+04 3010619 1 2.3077e-01
+8.64040e+04 -6.58449e+04 3010620 1 2.1120e-01
+8.76626e+04 -6.58095e+04 3010621 1 1.9382e-01
+8.89215e+04 -6.57842e+04 3010622 1 1.7947e-01
+9.01806e+04 -6.57689e+04 3010623 1 1.6935e-01
+8.47706e+04 -4.88124e+04 5010344 1 2.5102e-01
+4.73831e+04 -6.69404e+04 3010625 1 7.5239e-01
+4.83157e+04 -6.70573e+04 3010626 1 7.5639e-01
+4.92740e+04 -6.71463e+04 3010627 1 7.5832e-01
+5.02566e+04 -6.72091e+04 3010628 1 7.5788e-01
+5.12623e+04 -6.72475e+04 3010629 1 7.5499e-01
+5.22899e+04 -6.72632e+04 3010630 1 7.4833e-01
+5.33378e+04 -6.72582e+04 3010631 1 7.4377e-01
+5.44042e+04 -6.72346e+04 3010632 1 7.3733e-01
+5.54878e+04 -6.71940e+04 3010633 1 7.2906e-01
+5.65873e+04 -6.71383e+04 3010634 1 7.1912e-01
+5.77013e+04 -6.70691e+04 3010635 1 7.0754e-01
+5.88287e+04 -6.69880e+04 3010636 1 6.9459e-01
+5.99682e+04 -6.68965e+04 3010637 1 6.8020e-01
+6.11188e+04 -6.67963e+04 3010638 1 6.6459e-01
+6.22794e+04 -6.66887e+04 3010639 1 6.4783e-01
+6.34490e+04 -6.65751e+04 3010640 1 6.2998e-01
+6.46267e+04 -6.64570e+04 3010641 1 6.1115e-01
+6.58117e+04 -6.63355e+04 3010642 1 5.9129e-01
+6.70032e+04 -6.62119e+04 3010643 1 5.7103e-01
+6.82003e+04 -6.60873e+04 3010644 1 5.4994e-01
+6.94025e+04 -6.59630e+04 3010645 1 5.2815e-01
+7.06090e+04 -6.58398e+04 3010646 1 5.0575e-01
+7.18194e+04 -6.57187e+04 3010647 1 4.8282e-01
+7.30332e+04 -6.56006e+04 3010648 1 4.5941e-01
+7.42500e+04 -6.54864e+04 3010649 1 4.3563e-01
+7.54693e+04 -6.53768e+04 3010650 1 4.1163e-01
+7.66909e+04 -6.52724e+04 3010651 1 3.8750e-01
+7.79144e+04 -6.51741e+04 3010652 1 3.6327e-01
+7.91395e+04 -6.50823e+04 3010653 1 3.3904e-01
+8.03661e+04 -6.49976e+04 3010654 1 3.1495e-01
+8.15938e+04 -6.49205e+04 3010655 1 2.9113e-01
+8.28225e+04 -6.48515e+04 3010656 1 2.6781e-01
+8.40521e+04 -6.47908e+04 3010657 1 2.4523e-01
+8.52823e+04 -6.47390e+04 3010658 1 2.2374e-01
+8.65130e+04 -6.46962e+04 3010659 1 2.0377e-01
+8.77442e+04 -6.46626e+04 3010660 1 1.8594e-01
+8.89757e+04 -6.46385e+04 3010661 1 1.7113e-01
+9.02074e+04 -6.46240e+04 3010662 1 1.6059e-01
+4.75347e+04 -6.53751e+04 3010663 1 7.3358e-01
+4.84246e+04 -6.55256e+04 3010664 1 7.3355e-01
+4.93399e+04 -6.56467e+04 3010665 1 7.3800e-01
+5.02787e+04 -6.57409e+04 3010666 1 7.4045e-01
+5.12400e+04 -6.58099e+04 3010667 1 7.4056e-01
+5.22227e+04 -6.58552e+04 3010668 1 7.3875e-01
+5.32256e+04 -6.58787e+04 3010669 1 7.3491e-01
+5.42475e+04 -6.58821e+04 3010670 1 7.2915e-01
+5.52873e+04 -6.58670e+04 3010671 1 7.2126e-01
+5.63438e+04 -6.58350e+04 3010672 1 7.1192e-01
+5.74155e+04 -6.57882e+04 3010673 1 7.0268e-01
+5.85011e+04 -6.57281e+04 3010674 1 6.9183e-01
+5.95996e+04 -6.56563e+04 3010675 1 6.7949e-01
+6.07098e+04 -6.55743e+04 3010676 1 6.6580e-01
+6.18307e+04 -6.54835e+04 3010677 1 6.5086e-01
+6.29615e+04 -6.53854e+04 3010678 1 6.3477e-01
+6.41011e+04 -6.52812e+04 3010679 1 6.1758e-01
+6.52488e+04 -6.51724e+04 3010680 1 5.9940e-01
+6.64038e+04 -6.50600e+04 3010681 1 5.8037e-01
+6.75653e+04 -6.49453e+04 3010682 1 5.6047e-01
+6.87326e+04 -6.48294e+04 3010683 1 5.3982e-01
+6.99052e+04 -6.47134e+04 3010684 1 5.1868e-01
+7.10823e+04 -6.45983e+04 3010685 1 4.9687e-01
+7.22635e+04 -6.44849e+04 3010686 1 4.7448e-01
+7.34483e+04 -6.43742e+04 3010687 1 4.5162e-01
+7.46362e+04 -6.42669e+04 3010688 1 4.2835e-01
+7.58269e+04 -6.41638e+04 3010689 1 4.0475e-01
+7.70201e+04 -6.40656e+04 3010690 1 3.8091e-01
+7.82153e+04 -6.39730e+04 3010691 1 3.5690e-01
+7.94124e+04 -6.38864e+04 3010692 1 3.3284e-01
+8.06111e+04 -6.38065e+04 3010693 1 3.0885e-01
+8.18111e+04 -6.37338e+04 3010694 1 2.8507e-01
+8.30122e+04 -6.36685e+04 3010695 1 2.6170e-01
+8.42144e+04 -6.36113e+04 3010696 1 2.3899e-01
+8.54173e+04 -6.35623e+04 3010697 1 2.1727e-01
+8.66208e+04 -6.35218e+04 3010698 1 1.9698e-01
+8.78249e+04 -6.34901e+04 3010699 1 1.7875e-01
+8.90293e+04 -6.34673e+04 3010700 1 1.6351e-01
+9.02340e+04 -6.34536e+04 3010701 1 1.5262e-01
+4.85484e+04 -6.39279e+04 3010702 1 7.1746e-01
+4.94237e+04 -6.40830e+04 3010703 1 7.2160e-01
+5.03220e+04 -6.42098e+04 3010704 1 7.2351e-01
+5.12428e+04 -6.43098e+04 3010705 1 7.2127e-01
+5.21850e+04 -6.43846e+04 3010706 1 7.2110e-01
+5.31471e+04 -6.44366e+04 3010707 1 7.1997e-01
+5.41278e+04 -6.44675e+04 3010708 1 7.1695e-01
+5.51262e+04 -6.44788e+04 3010709 1 7.1213e-01
+5.61412e+04 -6.44723e+04 3010710 1 7.0554e-01
+5.71718e+04 -6.44494e+04 3010711 1 6.9727e-01
+5.82170e+04 -6.44117e+04 3010712 1 6.8723e-01
+5.92758e+04 -6.43608e+04 3010713 1 6.7523e-01
+6.03472e+04 -6.42982e+04 3010714 1 6.6361e-01
+6.14298e+04 -6.42255e+04 3010715 1 6.5066e-01
+6.25227e+04 -6.41441e+04 3010716 1 6.3641e-01
+6.36252e+04 -6.40554e+04 3010717 1 6.2099e-01
+6.47364e+04 -6.39606e+04 3010718 1 6.0449e-01
+6.58555e+04 -6.38610e+04 3010719 1 5.8700e-01
+6.69818e+04 -6.37577e+04 3010720 1 5.6860e-01
+6.81145e+04 -6.36519e+04 3010721 1 5.4921e-01
+6.92532e+04 -6.35447e+04 3010722 1 5.2913e-01
+7.03970e+04 -6.34370e+04 3010723 1 5.0847e-01
+7.15457e+04 -6.33299e+04 3010724 1 4.8743e-01
+7.26986e+04 -6.32242e+04 3010725 1 4.6607e-01
+7.38552e+04 -6.31209e+04 3010726 1 4.4371e-01
+7.50151e+04 -6.30206e+04 3010727 1 4.2090e-01
+7.61779e+04 -6.29241e+04 3010728 1 3.9772e-01
+7.73433e+04 -6.28321e+04 3010729 1 3.7424e-01
+7.85110e+04 -6.27452e+04 3010730 1 3.5056e-01
+7.96806e+04 -6.26640e+04 3010731 1 3.2676e-01
+8.08520e+04 -6.25889e+04 3010732 1 3.0297e-01
+8.20248e+04 -6.25205e+04 3010733 1 2.7933e-01
+8.31989e+04 -6.24592e+04 3010734 1 2.5601e-01
+8.43741e+04 -6.24053e+04 3010735 1 2.3328e-01
+8.55502e+04 -6.23591e+04 3010736 1 2.1143e-01
+8.67270e+04 -6.23210e+04 3010737 1 1.9090e-01
+8.79044e+04 -6.22911e+04 3010738 1 1.7236e-01
+8.90821e+04 -6.22696e+04 3010739 1 1.5672e-01
+9.02602e+04 -6.22567e+04 3010740 1 1.4557e-01
+4.95151e+04 -6.24561e+04 3010741 1 6.9749e-01
+5.03785e+04 -6.26148e+04 3010742 1 7.0267e-01
+5.12627e+04 -6.27464e+04 3010743 1 7.0555e-01
+5.21671e+04 -6.28523e+04 3010744 1 7.0631e-01
+5.30909e+04 -6.29340e+04 3010745 1 7.0516e-01
+5.40334e+04 -6.29931e+04 3010746 1 7.0147e-01
+5.49940e+04 -6.30311e+04 3010747 1 6.9751e-01
+5.59710e+04 -6.30501e+04 3010748 1 6.9340e-01
+5.69635e+04 -6.30518e+04 3010749 1 6.8745e-01
+5.79706e+04 -6.30375e+04 3010750 1 6.7989e-01
+5.89912e+04 -6.30088e+04 3010751 1 6.7084e-01
+6.00247e+04 -6.29671e+04 3010752 1 6.6034e-01
+6.10700e+04 -6.29139e+04 3010753 1 6.4843e-01
+6.21264e+04 -6.28506e+04 3010754 1 6.3493e-01
+6.31930e+04 -6.27785e+04 3010755 1 6.2144e-01
+6.42688e+04 -6.26990e+04 3010756 1 6.0673e-01
+6.53530e+04 -6.26135e+04 3010757 1 5.9091e-01
+6.64449e+04 -6.25230e+04 3010758 1 5.7406e-01
+6.75438e+04 -6.24287e+04 3010759 1 5.5617e-01
+6.86492e+04 -6.23317e+04 3010760 1 5.3742e-01
+6.97603e+04 -6.22331e+04 3010761 1 5.1789e-01
+7.08767e+04 -6.21337e+04 3010762 1 4.9772e-01
+7.19978e+04 -6.20346e+04 3010763 1 4.7700e-01
+7.31232e+04 -6.19365e+04 3010764 1 4.5593e-01
+7.42525e+04 -6.18405e+04 3010765 1 4.3499e-01
+7.53853e+04 -6.17472e+04 3010766 1 4.1330e-01
+7.65211e+04 -6.16573e+04 3010767 1 3.9060e-01
+7.76595e+04 -6.15715e+04 3010768 1 3.6758e-01
+7.88004e+04 -6.14904e+04 3010769 1 3.4430e-01
+7.99433e+04 -6.14144e+04 3010770 1 3.2086e-01
+8.10880e+04 -6.13442e+04 3010771 1 2.9739e-01
+8.22343e+04 -6.12802e+04 3010772 1 2.7399e-01
+8.33819e+04 -6.12227e+04 3010773 1 2.5085e-01
+8.45307e+04 -6.11722e+04 3010774 1 2.2821e-01
+8.56805e+04 -6.11289e+04 3010775 1 2.0634e-01
+8.68311e+04 -6.10931e+04 3010776 1 1.8568e-01
+8.79823e+04 -6.10650e+04 3010777 1 1.6688e-01
+8.91339e+04 -6.10448e+04 3010778 1 1.5091e-01
+9.02859e+04 -6.10327e+04 3010779 1 1.3948e-01
+9.03110e+04 -5.97808e+04 5010038 1 1.3478e-01
+8.91845e+04 -5.97922e+04 5010037 1 1.4683e-01
+8.80584e+04 -5.98111e+04 5010036 1 1.6322e-01
+8.69328e+04 -5.98374e+04 5010035 1 1.8228e-01
+8.58078e+04 -5.98709e+04 5010034 1 2.0300e-01
+8.46837e+04 -5.99113e+04 5010033 1 2.2481e-01
+8.35606e+04 -5.99585e+04 5010032 1 2.4729e-01
+8.24387e+04 -6.00121e+04 5010031 1 2.7015e-01
+8.13182e+04 -6.00718e+04 5010030 1 2.9320e-01
+9.03354e+04 -5.85005e+04 5010077 1 1.3166e-01
+8.76233e+04 -4.87525e+04 5010347 1 2.1309e-01
+4.79449e+04 -4.87507e+04 4010278 1 5.5162e-01
