+1.77770e+01 -9.99785e+04 10000 0 9.1260e-02
+1.15550e+03 -9.99785e+04 10001 0 2.7164e-01
+2.29325e+03 -9.99785e+04 10002 0 5.1490e-01
+3.43105e+03 -9.99786e+04 10003 0 7.6127e-01
+4.56892e+03 -9.99786e+04 10004 0 1.0062e+00
+5.70687e+03 -9.99787e+04 10005 0 1.2479e+00
+6.84495e+03 -9.99788e+04 10006 0 1.4851e+00
+7.98316e+03 -9.99788e+04 10007 0 1.7168e+00
+9.12153e+03 -9.99789e+04 10008 0 1.9419e+00
+1.02601e+04 -9.99790e+04 10009 0 2.1594e+00
+1.13988e+04 -9.99792e+04 10010 0 2.3682e+00
+1.25378e+04 -9.99793e+04 10011 0 2.5673e+00
+1.36771e+04 -9.99794e+04 10012 0 2.7558e+00
+1.48166e+04 -9.99796e+04 10013 0 2.9327e+00
+1.59563e+04 -9.99798e+04 10014 0 3.0970e+00
+1.70964e+04 -9.99799e+04 10015 0 3.2478e+00
+1.82368e+04 -9.99801e+04 10016 0 3.3844e+00
+1.93775e+04 -9.99803e+04 10017 0 3.5062e+00
+2.05185e+04 -9.99805e+04 10018 0 3.6125e+00
+2.16598e+04 -9.99807e+04 10019 0 3.7030e+00
+2.28015e+04 -9.99809e+04 10020 0 3.7774e+00
+2.39435e+04 -9.99811e+04 10021 0 3.8358e+00
+2.50857e+04 -9.99812e+04 10022 0 3.8782e+00
+2.62283e+04 -9.99814e+04 10023 0 3.9050e+00
+2.73711e+04 -9.99816e+04 10024 0 3.9166e+00
+2.85142e+04 -9.99818e+04 10025 0 3.9138e+00
+2.96575e+04 -9.99819e+04 10026 0 3.8973e+00
+3.08011e+04 -9.99820e+04 10027 0 3.8682e+00
+3.19448e+04 -9.99822e+04 10028 0 3.8273e+00
+3.30887e+04 -9.99823e+04 10029 0 3.7758e+00
+3.42327e+04 -9.99824e+04 10030 0 3.7149e+00
+3.53769e+04 -9.99825e+04 10031 0 3.6457e+00
+3.65212e+04 -9.99825e+04 10032 0 3.5692e+00
+3.76655e+04 -9.99826e+04 10033 0 3.4866e+00
+3.88100e+04 -9.99826e+04 10034 0 3.3990e+00
+3.99545e+04 -9.99827e+04 10035 0 3.3072e+00
+4.10990e+04 -9.99827e+04 10036 0 3.2122e+00
+4.22436e+04 -9.99827e+04 10037 0 3.1147e+00
+4.33881e+04 -9.99827e+04 10038 0 3.0156e+00
+4.45327e+04 -9.99828e+04 10039 0 2.9155e+00
+4.56773e+04 -9.99828e+04 10040 0 2.8150e+00
+1.31837e+01 -9.84799e+04 10041 0 3.6057e-01
+8.56976e+02 -9.84804e+04 10042 0 4.1081e-01
+1.70176e+03 -9.84818e+04 10043 0 5.3089e-01
+2.54834e+03 -9.84840e+04 10044 0 6.8407e-01
+3.39750e+03 -9.84870e+04 10045 0 8.5174e-01
+4.25028e+03 -9.84909e+04 10046 0 1.0256e+00
+5.10764e+03 -9.84957e+04 10047 0 1.2016e+00
+5.97044e+03 -9.85014e+04 10048 0 1.3776e+00
+6.83951e+03 -9.85079e+04 10049 0 1.5522e+00
+7.71595e+03 -9.85152e+04 10050 0 1.7241e+00
+8.60080e+03 -9.85234e+04 10051 0 1.8924e+00
+9.49497e+03 -9.85324e+04 10052 0 2.0564e+00
+1.03994e+04 -9.85421e+04 10053 0 2.2154e+00
+1.13151e+04 -9.85527e+04 10054 0 2.3687e+00
+1.22431e+04 -9.85639e+04 10055 0 2.5153e+00
+1.31846e+04 -9.85758e+04 10056 0 2.6548e+00
+1.41404e+04 -9.85883e+04 10057 0 2.7863e+00
+1.51115e+04 -9.86013e+04 10058 0 2.9091e+00
+1.60988e+04 -9.86148e+04 10059 0 3.0226e+00
+1.71031e+04 -9.86287e+04 10060 0 3.1261e+00
+1.81252e+04 -9.86427e+04 10061 0 3.2189e+00
+1.91658e+04 -9.86569e+04 10062 0 3.3004e+00
+2.02253e+04 -9.86710e+04 10063 0 3.3699e+00
+2.13042e+04 -9.86850e+04 10064 0 3.4272e+00
+2.24025e+04 -9.86987e+04 10065 0 3.4717e+00
+2.35201e+04 -9.87119e+04 10066 0 3.5034e+00
+2.46569e+04 -9.87246e+04 10067 0 3.5221e+00
+2.58121e+04 -9.87365e+04 10068 0 3.5279e+00
+2.69851e+04 -9.87477e+04 10069 0 3.5212e+00
+2.81751e+04 -9.87579e+04 10070 0 3.5529e+00
+2.93811e+04 -9.87674e+04 10071 0 3.5699e+00
+3.06016e+04 -9.87760e+04 10072 0 3.5610e+00
+3.18348e+04 -9.87836e+04 10073 0 3.5317e+00
+3.30792e+04 -9.87902e+04 10074 0 3.4855e+00
+3.43331e+04 -9.87959e+04 10075 0 3.4257e+00
+3.55948e+04 -9.88007e+04 10076 0 3.3544e+00
+3.68628e+04 -9.88046e+04 10077 0 3.2739e+00
+3.81357e+04 -9.88077e+04 10078 0 3.1862e+00
+3.94121e+04 -9.88100e+04 10079 0 3.0930e+00
+4.06909e+04 -9.88116e+04 10080 0 2.9953e+00
+4.19711e+04 -9.88126e+04 10081 0 2.8948e+00
+9.77297e+00 -9.64616e+04 10082 0 6.2318e-01
+6.35330e+02 -9.64635e+04 10083 0 6.4203e-01
+1.26219e+03 -9.64681e+04 10084 0 6.9396e-01
+1.89136e+03 -9.64754e+04 10085 0 7.7148e-01
+2.52433e+03 -9.64859e+04 10086 0 8.6698e-01
+3.16202e+03 -9.64992e+04 10087 0 9.7466e-01
+3.80604e+03 -9.65155e+04 10088 0 1.0903e+00
+4.45732e+03 -9.65346e+04 10089 0 1.2112e+00
+5.11744e+03 -9.65568e+04 10090 0 1.3351e+00
+5.78761e+03 -9.65817e+04 10091 0 1.4606e+00
+6.46913e+03 -9.66095e+04 10092 0 1.5866e+00
+7.16364e+03 -9.66401e+04 10093 0 1.7122e+00
+7.87226e+03 -9.66733e+04 10094 0 1.8365e+00
+8.59677e+03 -9.67093e+04 10095 0 1.9589e+00
+9.33860e+03 -9.67478e+04 10096 0 2.0788e+00
+1.00991e+04 -9.67887e+04 10097 0 2.1956e+00
+1.08802e+04 -9.68319e+04 10098 0 2.3085e+00
+1.16834e+04 -9.68773e+04 10099 0 2.4172e+00
+1.25101e+04 -9.69247e+04 10100 0 2.5209e+00
+1.33622e+04 -9.69737e+04 10101 0 2.6190e+00
+1.42414e+04 -9.70242e+04 10102 0 2.7109e+00
+1.51490e+04 -9.70759e+04 10103 0 2.7960e+00
+1.60866e+04 -9.71283e+04 10104 0 2.8734e+00
+1.70556e+04 -9.71811e+04 10105 0 2.9427e+00
+1.80572e+04 -9.72339e+04 10106 0 3.0031e+00
+1.90925e+04 -9.72862e+04 10107 0 3.0540e+00
+2.01623e+04 -9.73375e+04 10108 0 3.0949e+00
+2.12669e+04 -9.73873e+04 10109 0 3.1251e+00
+2.24063e+04 -9.74350e+04 10110 0 3.1444e+00
+2.35804e+04 -9.74802e+04 10111 0 3.1524e+00
+2.47890e+04 -9.75225e+04 10112 0 3.2318e+00
+2.60331e+04 -9.75619e+04 10113 0 3.2966e+00
+2.73089e+04 -9.75981e+04 10114 0 3.3145e+00
+2.86130e+04 -9.76307e+04 10115 0 3.3047e+00
+2.99422e+04 -9.76596e+04 10116 0 3.2752e+00
+3.12932e+04 -9.76846e+04 10117 0 3.2297e+00
+3.26626e+04 -9.77058e+04 10118 0 3.1713e+00
+3.40472e+04 -9.77233e+04 10119 0 3.1027e+00
+3.54437e+04 -9.77373e+04 10120 0 3.0251e+00
+3.68490e+04 -9.77480e+04 10121 0 2.9413e+00
+3.82605e+04 -9.77558e+04 10122 0 2.8521e+00
+7.33531e+00 -9.37785e+04 10123 0 9.0011e-01
+4.76911e+02 -9.37832e+04 10124 0 9.0799e-01
+9.47642e+02 -9.37927e+04 10125 0 9.3081e-01
+1.42097e+03 -9.38094e+04 10126 0 9.6681e-01
+1.89780e+03 -9.38321e+04 10127 0 1.0140e+00
+2.37971e+03 -9.38615e+04 10128 0 1.0703e+00
+2.86772e+03 -9.38971e+04 10129 0 1.1340e+00
+3.36325e+03 -9.39390e+04 10130 0 1.2035e+00
+3.86770e+03 -9.39873e+04 10131 0 1.2777e+00
+4.38226e+03 -9.40416e+04 10132 0 1.3556e+00
+4.90866e+03 -9.41020e+04 10133 0 1.4365e+00
+5.44804e+03 -9.41681e+04 10134 0 1.5196e+00
+6.00235e+03 -9.42400e+04 10135 0 1.6046e+00
+6.57283e+03 -9.43173e+04 10136 0 1.6909e+00
+7.16159e+03 -9.44000e+04 10137 0 1.7782e+00
+7.77006e+03 -9.44875e+04 10138 0 1.8661e+00
+8.40055e+03 -9.45798e+04 10139 0 1.9544e+00
+9.05477e+03 -9.46764e+04 10140 0 2.0427e+00
+9.73513e+03 -9.47770e+04 10141 0 2.1307e+00
+1.04439e+04 -9.48811e+04 10142 0 2.2184e+00
+1.11835e+04 -9.49882e+04 10143 0 2.3057e+00
+1.19562e+04 -9.50981e+04 10144 0 2.3817e+00
+1.27635e+04 -9.52107e+04 10145 0 2.4527e+00
+1.36073e+04 -9.53253e+04 10146 0 2.5189e+00
+1.44902e+04 -9.54413e+04 10147 0 2.5797e+00
+1.54141e+04 -9.55578e+04 10148 0 2.6343e+00
+1.63811e+04 -9.56741e+04 10149 0 2.6822e+00
+1.73929e+04 -9.57889e+04 10150 0 2.7227e+00
+1.84510e+04 -9.59015e+04 10151 0 2.7550e+00
+1.95567e+04 -9.60106e+04 10152 0 2.7786e+00
+2.07105e+04 -9.61151e+04 10153 0 2.7929e+00
+2.19125e+04 -9.62140e+04 10154 0 2.7975e+00
+2.31677e+04 -9.63065e+04 10155 0 2.9547e+00
+2.44757e+04 -9.63925e+04 10156 0 2.9980e+00
+2.58288e+04 -9.64710e+04 10157 0 3.0039e+00
+2.72228e+04 -9.65412e+04 10158 0 2.9878e+00
+2.86532e+04 -9.66027e+04 10159 0 2.9561e+00
+3.01151e+04 -9.66554e+04 10160 0 2.9105e+00
+3.16033e+04 -9.66993e+04 10161 0 2.8539e+00
+3.31128e+04 -9.67347e+04 10162 0 2.7880e+00
+3.46384e+04 -9.67624e+04 10163 0 2.7138e+00
+5.68329e+00 -9.02599e+04 10164 0 1.1535e+00
+3.69528e+02 -9.02691e+04 10165 0 1.1569e+00
+7.34332e+02 -9.02863e+04 10166 0 1.1671e+00
+1.10138e+03 -9.03160e+04 10167 0 1.1835e+00
+1.47169e+03 -9.03577e+04 10168 0 1.2057e+00
+1.84621e+03 -9.04105e+04 10169 0 1.2329e+00
+2.22629e+03 -9.04750e+04 10170 0 1.2647e+00
+2.61306e+03 -9.05509e+04 10171 0 1.3003e+00
+3.00757e+03 -9.06376e+04 10172 0 1.3393e+00
+3.41135e+03 -9.07354e+04 10173 0 1.3812e+00
+3.82564e+03 -9.08437e+04 10174 0 1.4257e+00
+4.25177e+03 -9.09620e+04 10175 0 1.4727e+00
+4.69154e+03 -9.10903e+04 10176 0 1.5216e+00
+5.14631e+03 -9.12280e+04 10177 0 1.5727e+00
+5.61789e+03 -9.13746e+04 10178 0 1.6256e+00
+6.10799e+03 -9.15301e+04 10179 0 1.6800e+00
+6.61828e+03 -9.16937e+04 10180 0 1.7359e+00
+7.15114e+03 -9.18651e+04 10181 0 1.7931e+00
+7.70846e+03 -9.20434e+04 10182 0 1.8518e+00
+8.29307e+03 -9.22280e+04 10183 0 1.9115e+00
+8.90728e+03 -9.24181e+04 10184 0 1.9726e+00
+9.55423e+03 -9.26129e+04 10185 0 2.0326e+00
+1.02355e+04 -9.28122e+04 10186 0 2.0914e+00
+1.09543e+04 -9.30152e+04 10187 0 2.1498e+00
+1.17136e+04 -9.32206e+04 10188 0 2.2079e+00
+1.25168e+04 -9.34274e+04 10189 0 2.2656e+00
+1.33679e+04 -9.36341e+04 10190 0 2.3225e+00
+1.42707e+04 -9.38394e+04 10191 0 2.3702e+00
+1.52256e+04 -9.40430e+04 10192 0 2.4031e+00
+1.62345e+04 -9.42434e+04 10193 0 2.4300e+00
+1.72997e+04 -9.44388e+04 10194 0 2.4502e+00
+1.84231e+04 -9.46273e+04 10195 0 2.4629e+00
+1.96061e+04 -9.48071e+04 10196 0 2.4678e+00
+2.08508e+04 -9.49763e+04 10197 0 2.5937e+00
+2.21737e+04 -9.51341e+04 10198 0 2.6811e+00
+2.35576e+04 -9.52795e+04 10199 0 2.6932e+00
+2.49979e+04 -9.54107e+04 10200 0 2.6847e+00
+2.64897e+04 -9.55264e+04 10201 0 2.6606e+00
+2.80269e+04 -9.56262e+04 10202 0 2.6237e+00
+2.96034e+04 -9.57098e+04 10203 0 2.5750e+00
+3.12120e+04 -9.57778e+04 10204 0 2.5169e+00
+4.65023e+00 -8.58423e+04 10205 0 1.3521e+00
+3.02351e+02 -8.58577e+04 10206 0 1.3534e+00
+6.00781e+02 -8.58851e+04 10207 0 1.3578e+00
+9.00933e+02 -8.59314e+04 10208 0 1.3650e+00
+1.20375e+03 -8.59974e+04 10209 0 1.3747e+00
+1.50994e+03 -8.60814e+04 10210 0 1.3868e+00
+1.82044e+03 -8.61829e+04 10211 0 1.4012e+00
+2.13633e+03 -8.63025e+04 10212 0 1.4177e+00
+2.45866e+03 -8.64400e+04 10213 0 1.4360e+00
+2.78830e+03 -8.65941e+04 10214 0 1.4562e+00
+3.12649e+03 -8.67648e+04 10215 0 1.4778e+00
+3.47461e+03 -8.69519e+04 10216 0 1.5009e+00
+3.83383e+03 -8.71545e+04 10217 0 1.5253e+00
+4.20561e+03 -8.73716e+04 10218 0 1.5512e+00
+4.59173e+03 -8.76032e+04 10219 0 1.5783e+00
+4.99357e+03 -8.78482e+04 10220 0 1.6070e+00
+5.41286e+03 -8.81058e+04 10221 0 1.6367e+00
+5.85192e+03 -8.83753e+04 10222 0 1.6677e+00
+6.31270e+03 -8.86554e+04 10223 0 1.7005e+00
+6.79777e+03 -8.89453e+04 10224 0 1.7342e+00
+7.30923e+03 -8.92442e+04 10225 0 1.7694e+00
+7.84975e+03 -8.95508e+04 10226 0 1.8060e+00
+8.42284e+03 -8.98639e+04 10227 0 1.8443e+00
+9.03161e+03 -9.01820e+04 10228 0 1.8832e+00
+9.67878e+03 -9.05044e+04 10229 0 1.9226e+00
+1.03680e+04 -9.08295e+04 10230 0 1.9633e+00
+1.11038e+04 -9.11554e+04 10231 0 2.0053e+00
+1.18906e+04 -9.14807e+04 10232 0 2.0434e+00
+1.27304e+04 -9.18042e+04 10233 0 2.0794e+00
+1.36278e+04 -9.21236e+04 10234 0 2.1144e+00
+1.45884e+04 -9.24366e+04 10235 0 2.1489e+00
+1.56154e+04 -9.27411e+04 10236 0 2.1641e+00
+1.67078e+04 -9.30357e+04 10237 0 2.1694e+00
+1.78680e+04 -9.33176e+04 10238 0 2.1683e+00
+1.90993e+04 -9.35840e+04 10239 0 2.2613e+00
+2.04247e+04 -9.38338e+04 10240 0 2.3842e+00
+2.18288e+04 -9.40642e+04 10241 0 2.3933e+00
+2.33026e+04 -9.42729e+04 10242 0 2.3849e+00
+2.48418e+04 -9.44576e+04 10243 0 2.3628e+00
+2.64403e+04 -9.46171e+04 10244 0 2.3286e+00
+2.80906e+04 -9.47512e+04 10245 0 2.2834e+00
+4.11374e+00 -8.06522e+04 10246 0 1.4734e+00
+2.67421e+02 -8.06748e+04 10247 0 1.4739e+00
+5.31185e+02 -8.07135e+04 10248 0 1.4755e+00
+7.96088e+02 -8.07785e+04 10249 0 1.4782e+00
+1.06277e+03 -8.08707e+04 10250 0 1.4819e+00
+1.33184e+03 -8.09897e+04 10251 0 1.4865e+00
+1.60381e+03 -8.11332e+04 10252 0 1.4921e+00
+1.87945e+03 -8.13017e+04 10253 0 1.4985e+00
+2.15960e+03 -8.14954e+04 10254 0 1.5057e+00
+2.44510e+03 -8.17140e+04 10255 0 1.5136e+00
+2.73670e+03 -8.19557e+04 10256 0 1.5223e+00
+3.03546e+03 -8.22204e+04 10257 0 1.5316e+00
+3.34264e+03 -8.25076e+04 10258 0 1.5417e+00
+3.65943e+03 -8.28166e+04 10259 0 1.5523e+00
+3.98694e+03 -8.31457e+04 10260 0 1.5634e+00
+4.32684e+03 -8.34943e+04 10261 0 1.5756e+00
+4.68102e+03 -8.38617e+04 10262 0 1.5883e+00
+5.05089e+03 -8.42461e+04 10263 0 1.6016e+00
+5.43855e+03 -8.46463e+04 10264 0 1.6161e+00
+5.84663e+03 -8.50613e+04 10265 0 1.6314e+00
+6.27706e+03 -8.54891e+04 10266 0 1.6474e+00
+6.73264e+03 -8.59285e+04 10267 0 1.6648e+00
+7.21681e+03 -8.63778e+04 10268 0 1.6836e+00
+7.73202e+03 -8.68350e+04 10269 0 1.7031e+00
+8.28231e+03 -8.72988e+04 10270 0 1.7247e+00
+8.87158e+03 -8.77666e+04 10271 0 1.7471e+00
+9.50345e+03 -8.82370e+04 10272 0 1.7707e+00
+1.01828e+04 -8.87075e+04 10273 0 1.7961e+00
+1.09144e+04 -8.91759e+04 10274 0 1.8199e+00
+1.17024e+04 -8.96402e+04 10275 0 1.8448e+00
+1.25532e+04 -9.00971e+04 10276 0 1.8689e+00
+1.34701e+04 -9.05445e+04 10277 0 1.8856e+00
+1.44580e+04 -9.09795e+04 10278 0 1.9015e+00
+1.55231e+04 -9.13982e+04 10279 0 1.9081e+00
+1.66638e+04 -9.17983e+04 10280 0 1.8967e+00
+1.78871e+04 -9.21775e+04 10281 0 2.0186e+00
+1.92155e+04 -9.25337e+04 10282 0 2.1083e+00
+2.06362e+04 -9.28616e+04 10283 0 2.1088e+00
+2.21381e+04 -9.31582e+04 10284 0 2.0951e+00
+2.37170e+04 -9.34204e+04 10285 0 2.0693e+00
+2.53672e+04 -9.36463e+04 10286 0 2.0322e+00
+3.99185e+00 -7.50559e+04 10287 0 1.5031e+00
+3.29065e+04 -7.41550e+04 2010280 1 6.0930e-01
+2.59411e+02 -7.50852e+04 10288 0 1.5031e+00
+3.01930e+04 -7.41311e+04 2010237 1 5.5391e-01
+2.82065e+04 -7.44258e+04 2010195 1 5.2677e-01
+5.14961e+02 -7.51343e+04 10289 0 1.5034e+00
+3.08626e+04 -7.46985e+04 2010238 1 5.8676e-01
+7.70980e+02 -7.52162e+04 10290 0 1.5042e+00
+1.02778e+03 -7.53325e+04 10291 0 1.5053e+00
+1.28568e+03 -7.54834e+04 10292 0 1.5067e+00
+1.54486e+03 -7.56655e+04 10293 0 1.5082e+00
+3.36729e+04 -7.46068e+04 2010281 1 6.3692e-01
+1.80574e+03 -7.58793e+04 10294 0 1.5101e+00
+3.57428e+04 -7.38591e+04 2010323 1 6.4303e-01
+2.06888e+03 -7.61254e+04 10295 0 1.5123e+00
+2.33490e+03 -7.64040e+04 10296 0 1.5147e+00
+2.60426e+03 -7.67131e+04 10297 0 1.5169e+00
+2.87766e+03 -7.70518e+04 10298 0 1.5196e+00
+4.35793e+04 -7.42378e+04 3010314 1 7.0552e-01
+4.25280e+04 -7.41183e+04 3010313 1 7.0224e-01
+3.15608e+03 -7.74202e+04 10299 0 1.5224e+00
+3.44060e+03 -7.78178e+04 10300 0 1.5254e+00
+3.73219e+03 -7.82429e+04 10301 0 1.5283e+00
+4.03212e+03 -7.86941e+04 10302 0 1.5317e+00
+4.34195e+03 -7.91707e+04 10303 0 1.5350e+00
+4.66341e+03 -7.96716e+04 10304 0 1.5385e+00
+4.99829e+03 -8.01947e+04 10305 0 1.5424e+00
+5.34854e+03 -8.07382e+04 10306 0 1.5466e+00
+5.71687e+03 -8.13010e+04 10307 0 1.5515e+00
+6.10565e+03 -8.18807e+04 10308 0 1.5563e+00
+6.51775e+03 -8.24750e+04 10309 0 1.5623e+00
+6.95669e+03 -8.30822e+04 10310 0 1.5688e+00
+7.42571e+03 -8.36993e+04 10311 0 1.5764e+00
+7.92896e+03 -8.43242e+04 10312 0 1.5847e+00
+8.47069e+03 -8.49541e+04 10313 0 1.5946e+00
+9.05556e+03 -8.55860e+04 10314 0 1.6049e+00
+9.68872e+03 -8.62172e+04 10315 0 1.6173e+00
+1.03757e+04 -8.68446e+04 10316 0 1.6288e+00
+1.11220e+04 -8.74646e+04 10317 0 1.6419e+00
+1.19340e+04 -8.80741e+04 10318 0 1.6513e+00
+1.28171e+04 -8.86692e+04 10319 0 1.6613e+00
+1.37776e+04 -8.92459e+04 10320 0 1.6622e+00
+1.48187e+04 -8.98002e+04 10321 0 1.6604e+00
+1.59465e+04 -9.03274e+04 10322 0 1.6434e+00
+1.71754e+04 -9.08287e+04 10323 0 1.7971e+00
+1.85152e+04 -9.12972e+04 10324 0 1.8469e+00
+1.99550e+04 -9.17266e+04 10325 0 1.8349e+00
+2.14848e+04 -9.21127e+04 10326 0 1.8113e+00
+2.31015e+04 -9.24519e+04 10327 0 1.7774e+00
+2.62411e+04 -7.45078e+04 2010153 1 4.9510e-01
+2.88179e+04 -7.50677e+04 2010196 1 5.6570e-01
+3.23559e+04 -7.56850e+04 2010240 1 6.4875e-01
+2.43161e+04 -7.43390e+04 2010111 1 4.8144e-01
+3.15831e+04 -7.52165e+04 2010239 1 6.1894e-01
+2.67866e+04 -7.52298e+04 2010154 1 5.3644e-01
+4.36258e+04 -7.55444e+04 3010276 1 7.2713e-01
+3.53470e+04 -7.53702e+04 2010283 1 6.8466e-01
+4.25149e+04 -7.54580e+04 3010275 1 7.2689e-01
+2.24521e+04 -7.38800e+04 2010069 1 4.9857e-01
+3.44865e+04 -7.50115e+04 2010282 1 6.6287e-01
+3.74804e+04 -7.45138e+04 2010325 1 6.8400e-01
+4.14359e+04 -7.53404e+04 3010274 1 7.2444e-01
+3.84115e+04 -7.47780e+04 2010326 1 6.9946e-01
+3.65904e+04 -7.42080e+04 2010324 1 6.6522e-01
+4.05482e+03 -7.38125e+04 10343 0 1.4484e+00
+4.57702e+04 -7.43888e+04 3010316 1 7.0494e-01
+4.33803e+03 -7.43809e+04 10344 0 1.4479e+00
+4.62805e+03 -7.49811e+04 10345 0 1.4479e+00
+4.61477e+04 -8.46237e+04 1010752 1 7.6527e-01
+4.92640e+03 -7.56106e+04 10346 0 1.4464e+00
+5.23506e+03 -7.62676e+04 10347 0 1.4458e+00
+4.15086e+04 -7.39667e+04 3010312 1 6.9638e-01
+4.05231e+04 -7.37808e+04 2010368 1 6.8775e-01
+5.55641e+03 -7.69509e+04 10348 0 1.4448e+00
+5.89318e+03 -7.76588e+04 10349 0 1.4438e+00
+6.24787e+03 -7.83877e+04 10350 0 1.4427e+00
+6.62403e+03 -7.91358e+04 10351 0 1.4418e+00
+7.02529e+03 -7.99006e+04 10352 0 1.4414e+00
+7.45549e+03 -8.06783e+04 10353 0 1.4409e+00
+7.91930e+03 -8.14660e+04 10354 0 1.4417e+00
+8.42141e+03 -8.22602e+04 10355 0 1.4426e+00
+8.96739e+03 -8.30568e+04 10356 0 1.4443e+00
+9.56317e+03 -8.38524e+04 10357 0 1.4472e+00
+1.02146e+04 -8.46422e+04 10358 0 1.4497e+00
+1.09291e+04 -8.54220e+04 10359 0 1.4513e+00
+1.17129e+04 -8.61872e+04 10360 0 1.4523e+00
+1.25731e+04 -8.69323e+04 10361 0 1.4477e+00
+1.35164e+04 -8.76522e+04 10362 0 1.4400e+00
+1.45466e+04 -8.83414e+04 10363 0 1.4224e+00
+1.56784e+04 -8.89978e+04 10364 0 1.5307e+00
+1.69257e+04 -8.96194e+04 10365 0 1.5787e+00
+1.82882e+04 -9.01952e+04 10366 0 1.5901e+00
+1.97533e+04 -9.07186e+04 10367 0 1.5638e+00
+2.13150e+04 -9.11846e+04 10368 0 1.5270e+00
+2.73910e+04 -7.59027e+04 2010155 1 5.7363e-01
+3.18228e+04 -7.71324e+04 2010200 1 6.9335e-01
+2.47879e+04 -7.51446e+04 2010112 1 5.1338e-01
+3.69722e+04 -7.73199e+04 2010245 1 7.4900e-01
+3.02077e+04 -7.62011e+04 2010198 1 6.3508e-01
+3.59531e+04 -7.70830e+04 2010244 1 7.3665e-01
+3.09870e+04 -7.66920e+04 2010199 1 6.6537e-01
+3.40550e+04 -7.64773e+04 2010242 1 7.0035e-01
+3.49800e+04 -7.68028e+04 2010243 1 7.2030e-01
+2.94847e+04 -7.56598e+04 2010197 1 6.0092e-01
+3.31801e+04 -7.61050e+04 2010241 1 6.7678e-01
+3.62536e+04 -7.56839e+04 2010284 1 7.0351e-01
+3.92330e+04 -7.63734e+04 3010234 1 7.3887e-01
+3.72047e+04 -7.59544e+04 2010285 1 7.1909e-01
+3.93822e+04 -7.50025e+04 2010327 1 7.1129e-01
+4.03910e+04 -7.51893e+04 3010273 1 7.1924e-01
+4.44409e+04 -8.47332e+04 1010751 1 7.8727e-01
+4.53368e+04 -8.54971e+04 1010713 1 7.8400e-01
+4.53127e+04 -8.38297e+04 1010790 1 7.7117e-01
+4.46607e+04 -7.43272e+04 3010315 1 7.0640e-01
+4.61638e+04 -7.68126e+04 3010240 1 7.3077e-01
+6.34449e+03 -7.44092e+04 10391 0 1.3072e+00
+6.66916e+03 -7.52729e+04 10392 0 1.3034e+00
+7.01338e+03 -7.61610e+04 10393 0 1.2989e+00
+7.38108e+03 -7.70695e+04 10394 0 1.2940e+00
+7.77707e+03 -7.79951e+04 10395 0 1.2897e+00
+8.20665e+03 -7.89343e+04 10396 0 1.2851e+00
+8.67503e+03 -7.98817e+04 10397 0 1.2811e+00
+9.18897e+03 -8.08334e+04 10398 0 1.2770e+00
+9.75507e+03 -8.17838e+04 10399 0 1.2728e+00
+1.03807e+04 -8.27276e+04 10400 0 1.2685e+00
+1.10732e+04 -8.36584e+04 10401 0 1.2623e+00
+1.18409e+04 -8.45701e+04 10402 0 1.2519e+00
+1.26913e+04 -8.54556e+04 10403 0 1.2367e+00
+1.36302e+04 -8.63074e+04 10404 0 1.2163e+00
+1.46678e+04 -8.71216e+04 10405 0 1.2908e+00
+1.58288e+04 -8.78987e+04 10406 0 1.3399e+00
+1.71076e+04 -8.86246e+04 10407 0 1.3527e+00
+1.85023e+04 -8.92893e+04 10408 0 1.3259e+00
+2.00010e+04 -8.98863e+04 10409 0 1.3383e+00
+3.46559e+04 -7.81591e+04 2010203 1 7.5525e-01
+3.27137e+04 -7.75231e+04 2010201 1 7.1839e-01
+3.36586e+04 -7.78649e+04 2010202 1 7.3875e-01
+2.95669e+04 -7.76164e+04 2010158 1 6.7800e-01
+2.87803e+04 -7.70967e+04 2010157 1 6.4525e-01
+2.80548e+04 -7.65255e+04 2010156 1 6.1084e-01
+3.91390e+04 -7.76718e+04 3010196 1 7.6265e-01
+2.59157e+04 -7.66161e+04 2010114 1 5.8562e-01
+2.32962e+04 -7.56176e+04 2010071 1 5.4976e-01
+4.14595e+04 -7.78767e+04 3010198 1 7.6381e-01
+3.80350e+04 -7.75155e+04 3010195 1 7.5772e-01
+4.02814e+04 -7.77914e+04 3010197 1 7.6446e-01
+2.53207e+04 -7.59041e+04 2010113 1 5.4714e-01
+2.28441e+04 -7.47681e+04 2010070 1 5.1667e-01
+4.25585e+04 -7.67283e+04 3010237 1 7.4573e-01
+4.14155e+04 -7.66433e+04 3010236 1 7.4595e-01
+4.20401e+04 -8.39957e+04 1010788 1 8.0930e-01
+2.09786e+04 -7.40553e+04 2010028 1 5.7384e-01
+4.03062e+04 -7.65258e+04 3010235 1 7.4370e-01
+3.81985e+04 -7.61836e+04 2010286 1 7.3083e-01
+4.27384e+04 -8.48235e+04 1010750 1 8.0792e-01
+4.36711e+04 -8.39235e+04 1010789 1 7.9098e-01
+4.35677e+04 -8.56026e+04 1010712 1 8.0734e-01
+4.37360e+04 -8.71452e+04 1010635 1 8.2343e-01
+4.45304e+04 -8.63378e+04 1010674 1 8.0464e-01
+4.49533e+04 -8.78169e+04 1010597 0 7.8742e-01
+4.44172e+04 -8.85666e+04 1010558 0 7.4360e-01
+4.61244e+04 -8.91870e+04 1010520 0 6.8424e-01
+4.63604e+04 -8.62206e+04 1010675 1 7.7877e-01
+4.59340e+04 -7.56331e+04 3010278 1 7.2051e-01
+4.64049e+04 -8.84574e+04 1010559 0 7.2458e-01
+7.98190e+03 -7.47778e+04 10436 0 1.1318e+00
+8.34704e+03 -7.58318e+04 10437 0 1.1234e+00
+4.67592e+04 -9.12766e+04 1010403 0 7.5680e-01
+8.74644e+03 -7.69019e+04 10438 0 1.1151e+00
+9.18714e+03 -7.79838e+04 10439 0 1.1073e+00
+9.67618e+03 -7.90711e+04 10440 0 1.0989e+00
+1.02216e+04 -8.01575e+04 10441 0 1.0902e+00
+1.08318e+04 -8.12360e+04 10442 0 1.0791e+00
+1.15156e+04 -8.22985e+04 10443 0 1.0638e+00
+1.22813e+04 -8.33360e+04 10444 0 1.0424e+00
+1.31366e+04 -8.43394e+04 10445 0 1.0138e+00
+1.40914e+04 -8.53021e+04 10446 0 1.0737e+00
+1.51714e+04 -8.62271e+04 10447 0 1.1210e+00
+1.63746e+04 -8.70956e+04 10448 0 1.1209e+00
+1.76983e+04 -8.78945e+04 10449 0 1.0937e+00
+1.91398e+04 -8.86176e+04 10450 0 1.1440e+00
+3.57028e+04 -7.84075e+04 2010204 1 7.6756e-01
+3.22899e+04 -7.88626e+04 2010161 1 7.5454e-01
+3.04149e+04 -7.80836e+04 2010159 1 7.0620e-01
+3.13233e+04 -7.84987e+04 2010160 1 7.3209e-01
+2.73031e+04 -7.78876e+04 2010116 1 6.5546e-01
+3.67966e+04 -7.86122e+04 3010156 1 7.7631e-01
+2.38124e+04 -7.64245e+04 2010072 1 5.7654e-01
+4.26946e+04 -8.64372e+04 1010673 1 8.3000e-01
+2.65765e+04 -7.72776e+04 2010115 1 6.1919e-01
+3.91129e+04 -7.88995e+04 3010158 1 7.8306e-01
+2.13429e+04 -7.49924e+04 2010029 1 5.8743e-01
+3.79343e+04 -7.87753e+04 3010157 1 7.8156e-01
+4.04239e+04 -8.40419e+04 1010787 1 8.2579e-01
+4.00381e+04 -8.57462e+04 1010710 1 8.5028e-01
+4.10244e+04 -8.79995e+04 1010595 0 8.3140e-01
+4.10443e+04 -8.48904e+04 1010749 1 8.2712e-01
+4.08567e+04 -8.65138e+04 1010672 1 8.5387e-01
+4.22075e+04 -9.07415e+04 1010440 0 7.3902e-01
+4.18307e+04 -8.72363e+04 1010634 1 8.4762e-01
+4.18001e+04 -8.56873e+04 1010711 1 8.2968e-01
+4.20622e+04 -8.93708e+04 1010518 0 7.1835e-01
+4.29959e+04 -8.79189e+04 1010596 0 8.1037e-01
+4.42662e+04 -9.06723e+04 1010441 0 7.1656e-01
+4.47662e+04 -7.56020e+04 3010277 1 7.2487e-01
+4.51776e+04 -7.79539e+04 3010201 1 7.4708e-01
+4.56311e+04 -8.70347e+04 1010636 1 7.9790e-01
+4.62980e+04 -9.05886e+04 1010442 0 6.9384e-01
+9.12231e+03 -7.43078e+04 10479 0 9.5408e-01
+9.49752e+03 -7.54872e+04 10480 0 9.4168e-01
+9.91769e+03 -7.66794e+04 10481 0 9.2976e-01
+1.03919e+04 -7.78787e+04 10482 0 9.1717e-01
+1.09290e+04 -7.90761e+04 10483 0 9.0174e-01
+1.15389e+04 -8.02630e+04 10484 0 8.8173e-01
+1.22305e+04 -8.14282e+04 10485 0 8.5439e-01
+1.30121e+04 -8.25600e+04 10486 0 8.1955e-01
+1.38953e+04 -8.36515e+04 10487 0 8.8051e-01
+1.49075e+04 -8.47057e+04 10488 0 9.1303e-01
+1.60454e+04 -8.56980e+04 10489 0 9.0710e-01
+1.73043e+04 -8.66124e+04 10490 0 8.7239e-01
+1.87032e+04 -8.74481e+04 10491 0 9.4996e-01
+3.55178e+04 -7.96587e+04 3010117 1 7.9283e-01
+3.43902e+04 -7.94407e+04 2010163 1 7.8409e-01
+2.80973e+04 -7.84439e+04 2010117 1 6.8720e-01
+3.33131e+04 -7.91760e+04 2010162 1 7.7157e-01
+2.89575e+04 -7.89462e+04 2010118 1 7.1810e-01
+2.17733e+04 -7.58954e+04 2010030 1 6.0103e-01
+2.43976e+04 -7.71846e+04 2010073 1 6.0715e-01
+3.88271e+04 -8.40575e+04 1010786 1 8.3989e-01
+3.77005e+04 -8.49333e+04 1010747 1 8.5956e-01
+3.82868e+04 -8.57734e+04 1010709 1 8.6918e-01
+3.80061e+04 -8.73350e+04 1010632 1 8.9077e-01
+3.93633e+04 -8.49288e+04 1010748 1 8.4450e-01
+3.90212e+04 -8.65615e+04 1010671 1 8.7610e-01
+3.90428e+04 -8.80520e+04 1010594 0 8.5048e-01
+3.99191e+04 -8.73018e+04 1010633 1 8.7005e-01
+3.99993e+04 -8.94311e+04 1010517 0 7.3271e-01
+4.03830e+04 -8.87287e+04 1010556 0 7.7641e-01
+4.19917e+04 -9.00621e+04 1010479 0 7.0010e-01
+4.44763e+04 -9.59126e+04 1010163 0 1.8712e+00
+4.27083e+04 -9.14161e+04 1010401 0 8.2141e-01
+4.24088e+04 -8.86591e+04 1010557 0 7.6089e-01
+4.34912e+04 -9.20941e+04 1010362 0 9.3792e-01
+4.39420e+04 -9.35302e+04 1010283 0 1.2491e+00
+4.30263e+04 -8.30634e+04 3010008 1 7.9366e-01
+4.40520e+04 -8.99865e+04 1010480 0 6.8274e-01
+4.47474e+04 -9.13525e+04 1010402 0 7.8873e-01
+4.35181e+04 -8.11455e+04 3010085 1 7.8109e-01
+4.45388e+04 -9.27822e+04 1010323 0 1.0626e+00
+4.41049e+04 -8.92874e+04 1010519 0 7.0195e-01
+4.55497e+04 -9.42627e+04 1010244 0 1.3845e+00
+4.45985e+04 -8.29883e+04 3010009 1 7.7637e-01
+4.49352e+04 -7.68104e+04 3010239 1 7.3796e-01
+4.49666e+04 -8.10913e+04 3010086 1 7.6695e-01
+4.60868e+04 -8.98947e+04 1010481 0 6.6608e-01
+4.64836e+04 -9.27295e+04 1010324 0 1.0113e+00
+4.64688e+04 -7.79290e+04 3010202 1 7.3736e-01
+4.59187e+04 -8.00542e+04 3010125 1 7.5424e-01
+1.04248e+04 -7.47528e+04 10522 0 7.9445e-01
+1.08370e+04 -7.60315e+04 10523 0 7.8305e-01
+1.13115e+04 -7.73155e+04 10524 0 7.7251e-01
+1.18591e+04 -7.85947e+04 10525 0 7.5737e-01
+1.24890e+04 -7.98558e+04 10526 0 7.4141e-01
+1.32096e+04 -8.10843e+04 10527 0 7.2345e-01
+1.40381e+04 -8.22774e+04 10528 0 8.1490e-01
+1.49980e+04 -8.34324e+04 10529 0 8.1542e-01
+1.60830e+04 -8.45184e+04 10530 0 7.7042e-01
+1.72936e+04 -8.55208e+04 10531 0 7.8527e-01
+1.86644e+04 -8.64442e+04 10532 0 7.8749e-01
+3.08739e+04 -7.97866e+04 2010120 1 7.6787e-01
+3.19248e+04 -8.01261e+04 2010121 1 7.8635e-01
+2.98838e+04 -7.93936e+04 2010119 1 7.4458e-01
+2.57793e+04 -7.85541e+04 2010075 1 6.6965e-01
+2.50520e+04 -7.78957e+04 2010074 1 6.4005e-01
+3.66923e+04 -7.98324e+04 3010118 1 7.9818e-01
+3.60621e+04 -8.48980e+04 1010746 1 8.7191e-01
+3.79102e+04 -7.99644e+04 3010119 1 8.0010e-01
+3.72551e+04 -8.40374e+04 1010785 1 8.5149e-01
+3.71936e+04 -8.65736e+04 1010670 1 8.9614e-01
+3.65522e+04 -8.57626e+04 1010708 1 8.8557e-01
+3.83442e+04 -8.87683e+04 1010555 0 7.9019e-01
+3.79211e+04 -8.94607e+04 1010516 0 7.4561e-01
+3.70568e+04 -8.80684e+04 1010593 0 8.6693e-01
+3.78096e+04 -9.01393e+04 1010477 0 7.3112e-01
+3.99093e+04 -9.01155e+04 1010478 0 7.1663e-01
+4.01251e+04 -9.07905e+04 1010439 0 7.6104e-01
+4.06445e+04 -9.14627e+04 1010400 0 8.5447e-01
+4.14656e+04 -9.21389e+04 1010361 0 9.8050e-01
+4.25694e+04 -9.28249e+04 1010322 0 1.1156e+00
+4.37218e+04 -9.42912e+04 1010243 0 1.4549e+00
+4.38988e+04 -9.50797e+04 1010203 0 1.6516e+00
+4.37326e+04 -7.67831e+04 3010238 1 7.4287e-01
+4.58380e+04 -9.34909e+04 1010284 0 1.1891e+00
+4.54916e+04 -9.20358e+04 1010363 0 8.9669e-01
+1.15096e+04 -7.47198e+04 10564 0 7.2090e-01
+1.19347e+04 -7.60587e+04 10565 0 7.2509e-01
+1.24342e+04 -7.73966e+04 10566 0 7.3198e-01
+1.30182e+04 -7.87186e+04 10567 0 7.3499e-01
+1.36932e+04 -8.00056e+04 10568 0 7.3181e-01
+1.44894e+04 -8.12704e+04 10569 0 7.9110e-01
+1.54147e+04 -8.24876e+04 10570 0 7.5433e-01
+1.64597e+04 -8.36250e+04 10571 0 6.9977e-01
+1.76579e+04 -8.46890e+04 10572 0 7.6705e-01
+1.89986e+04 -8.56552e+04 10573 0 7.2300e-01
+3.30341e+04 -8.04131e+04 2010122 1 7.9934e-01
+1.94924e+04 -7.39754e+04 10848 1 6.6335e-01
+3.41982e+04 -8.06498e+04 3010078 1 8.0823e-01
+3.54127e+04 -8.08386e+04 3010079 1 8.1367e-01
+2.74517e+04 -7.97052e+04 2010077 1 7.2994e-01
+2.65788e+04 -7.91580e+04 2010076 1 7.0241e-01
+3.57137e+04 -8.39764e+04 1010784 1 8.5983e-01
+3.48412e+04 -8.57067e+04 1010707 1 8.9940e-01
+2.22708e+04 -7.67599e+04 2010031 1 6.2909e-01
+3.53808e+04 -8.65425e+04 1010669 1 9.1354e-01
+3.50736e+04 -8.80394e+04 1010592 0 8.8015e-01
+3.60982e+04 -8.73279e+04 1010631 1 9.0906e-01
+3.62990e+04 -8.87691e+04 1010554 0 8.0130e-01
+3.64612e+04 -9.14800e+04 1010398 0 9.1964e-01
+3.58344e+04 -8.94505e+04 1010515 0 7.5586e-01
+3.80235e+04 -9.08127e+04 1010438 0 7.8282e-01
+3.85600e+04 -9.14863e+04 1010399 0 8.8709e-01
+4.00884e+04 -9.35778e+04 1010281 0 1.3720e+00
+3.94183e+04 -9.21655e+04 1010360 0 1.0238e+00
+4.28256e+04 -9.59221e+04 1010162 0 1.9569e+00
+4.18759e+04 -9.43118e+04 1010242 0 1.5264e+00
+3.99344e+04 -8.31377e+04 3010006 1 8.2251e-01
+4.20244e+04 -9.35601e+04 1010282 0 1.3100e+00
+4.20910e+04 -8.11754e+04 3010084 1 7.9305e-01
+4.25018e+04 -8.21485e+04 3010046 1 7.9449e-01
+4.54306e+04 -9.67997e+04 1010123 0 2.0850e+00
+4.39105e+04 -7.79552e+04 3010200 1 7.5499e-01
+4.56409e+04 -9.50599e+04 1010204 0 1.5731e+00
+4.45186e+04 -8.01070e+04 3010124 1 7.6739e-01
+1.23720e+04 -7.40091e+04 10605 0 7.3110e-01
+1.27649e+04 -7.53746e+04 10606 0 7.5607e-01
+1.32358e+04 -7.67390e+04 10607 0 7.8157e-01
+1.37930e+04 -7.80830e+04 10608 0 7.9883e-01
+1.44485e+04 -7.93962e+04 10609 0 8.2660e-01
+1.52359e+04 -8.06917e+04 10610 0 8.0324e-01
+1.61427e+04 -8.19196e+04 10611 0 7.6521e-01
+1.71878e+04 -8.30757e+04 10612 0 8.2106e-01
+1.83828e+04 -8.41470e+04 10613 0 7.7299e-01
+1.97136e+04 -8.51100e+04 10614 0 8.1887e-01
+2.94096e+04 -8.06262e+04 2010079 1 7.8160e-01
+2.83955e+04 -8.01949e+04 2010078 1 7.5785e-01
+3.66733e+04 -8.09825e+04 3010080 1 8.1547e-01
+2.28405e+04 -7.75807e+04 2010032 1 6.4703e-01
+3.31616e+04 -8.55985e+04 1010706 1 9.1042e-01
+3.44548e+04 -8.48167e+04 1010745 1 8.8155e-01
+3.35909e+04 -8.64596e+04 1010668 1 9.2796e-01
+3.22249e+04 -8.86108e+04 1010552 0 8.1498e-01
+3.42034e+04 -8.72710e+04 1010630 1 9.2468e-01
+3.31024e+04 -8.79541e+04 1010591 0 8.8964e-01
+3.42557e+04 -8.87205e+04 1010553 0 8.0890e-01
+3.37924e+04 -9.07423e+04 1010436 0 8.2475e-01
+3.35893e+04 -9.00610e+04 1010475 0 7.5174e-01
+3.37482e+04 -8.93897e+04 1010514 0 7.6380e-01
+3.56997e+04 -9.01247e+04 1010476 0 7.4311e-01
+3.59095e+04 -9.07999e+04 1010437 0 8.0405e-01
+3.65470e+04 -9.28535e+04 1010319 0 1.2775e+00
+3.81381e+04 -9.35794e+04 1010280 0 1.4347e+00
+3.73546e+04 -9.21681e+04 1010359 0 1.0673e+00
+4.03738e+04 -9.51003e+04 1010201 0 1.8097e+00
+3.85686e+04 -9.28654e+04 1010320 0 1.2238e+00
+4.05779e+04 -9.28541e+04 1010321 0 1.1696e+00
+4.21423e+04 -9.50938e+04 1010202 0 1.7304e+00
+4.38978e+04 -9.68059e+04 1010122 0 2.1783e+00
+3.95680e+04 -8.21742e+04 3010044 1 8.1738e-01
+4.10223e+04 -8.21763e+04 3010045 1 8.0710e-01
+4.53326e+04 -9.77620e+04 1010082 0 2.3657e+00
+4.14702e+04 -8.31145e+04 3010007 1 8.0915e-01
+4.31401e+04 -8.01369e+04 3010123 1 7.7864e-01
+4.55026e+04 -7.90344e+04 3010163 1 7.5273e-01
+1.34050e+04 -7.39367e+04 10646 0 8.3393e-01
+1.37894e+04 -7.53009e+04 10647 0 8.7184e-01
+1.42564e+04 -7.66557e+04 10648 0 9.0604e-01
+1.48094e+04 -7.79752e+04 10649 0 9.2010e-01
+1.54877e+04 -7.92922e+04 10650 0 9.0480e-01
+1.62822e+04 -8.05531e+04 10651 0 8.7961e-01
+1.72061e+04 -8.17483e+04 10652 0 9.1752e-01
+1.82739e+04 -8.28667e+04 10653 0 8.6226e-01
+1.94785e+04 -8.38854e+04 10654 0 9.0347e-01
+2.08213e+04 -8.47950e+04 10655 0 8.5287e-01
+3.28371e+04 -8.15790e+04 3010039 1 8.2369e-01
+3.16341e+04 -8.13168e+04 2010081 1 8.1417e-01
+3.04905e+04 -8.09998e+04 2010080 1 8.0004e-01
+2.34874e+04 -7.83529e+04 2010033 1 6.7445e-01
+3.42093e+04 -8.38692e+04 1010783 1 8.6515e-01
+3.28858e+04 -8.46832e+04 1010744 1 8.8834e-01
+3.18331e+04 -8.63160e+04 1010667 1 9.3822e-01
+3.23310e+04 -8.71542e+04 1010629 1 9.3789e-01
+3.11547e+04 -8.78005e+04 1010590 0 8.9455e-01
+3.02198e+04 -8.84269e+04 1010551 0 8.1916e-01
+3.16742e+04 -8.92660e+04 1010513 0 7.6869e-01
+3.14911e+04 -8.99363e+04 1010474 0 7.5944e-01
+3.16845e+04 -9.06289e+04 1010435 0 8.4500e-01
+3.22579e+04 -9.13427e+04 1010396 0 9.7925e-01
+3.43566e+04 -9.14353e+04 1010397 0 9.5094e-01
+3.52818e+04 -9.21398e+04 1010358 0 1.1118e+00
+3.69428e+04 -8.30822e+04 3010004 1 8.4131e-01
+4.11658e+04 -9.59268e+04 1010161 0 2.0433e+00
+4.00148e+04 -9.43223e+04 1010241 0 1.5988e+00
+3.81432e+04 -8.21384e+04 3010043 1 8.2485e-01
+3.84236e+04 -8.31284e+04 3010005 1 8.3337e-01
+4.58110e+04 -9.88127e+04 1010041 0 2.5853e+00
+3.93158e+04 -8.11485e+04 3010082 1 8.0984e-01
+4.04611e+04 -8.01154e+04 3010121 1 7.9448e-01
+4.06889e+04 -8.11775e+04 3010083 1 8.0278e-01
+4.15794e+04 -7.90419e+04 3010160 1 7.7804e-01
+4.28605e+04 -7.90660e+04 3010161 1 7.7186e-01
+4.61156e+04 -9.58992e+04 1010164 0 1.7863e+00
+4.55196e+04 -8.20188e+04 3010048 1 7.6341e-01
+4.67390e+04 -9.77587e+04 1010083 0 2.2671e+00
+4.61831e+04 -8.28930e+04 3010010 1 7.5772e-01
+4.64330e+04 -8.10162e+04 3010087 1 7.5124e-01
+1.46190e+04 -7.44928e+04 10687 0 1.0057e+00
+1.50243e+04 -7.58118e+04 10688 0 1.0373e+00
+1.55105e+04 -7.70989e+04 10689 0 1.0448e+00
+1.61129e+04 -7.83818e+04 10690 0 1.0147e+00
+1.68212e+04 -7.96111e+04 10691 0 9.9268e-01
+1.76572e+04 -8.07882e+04 10692 0 9.9721e-01
+1.86144e+04 -8.18849e+04 10693 0 9.5315e-01
+1.97137e+04 -8.28990e+04 10694 0 9.7161e-01
+2.09298e+04 -8.38072e+04 10695 0 9.7389e-01
+2.22817e+04 -8.46093e+04 10696 1 9.5472e-01
+3.40945e+04 -8.17889e+04 3010040 1 8.2924e-01
+3.27486e+04 -8.37105e+04 1010782 1 8.6644e-01
+2.42109e+04 -7.90731e+04 2010034 1 7.0104e-01
+3.15221e+04 -8.54303e+04 1010705 1 9.1849e-01
+3.01183e+04 -8.61023e+04 1010666 1 9.4761e-01
+3.04920e+04 -8.69668e+04 1010628 1 9.4797e-01
+2.92444e+04 -8.75663e+04 1010589 0 8.9288e-01
+2.82553e+04 -8.81552e+04 1010550 0 8.2129e-01
+2.96275e+04 -8.90660e+04 1010512 0 7.6966e-01
+2.94203e+04 -8.97378e+04 1010473 0 7.7050e-01
+2.96011e+04 -9.04479e+04 1010434 0 8.6286e-01
+3.01802e+04 -9.11920e+04 1010395 0 1.0067e+00
+3.32098e+04 -9.20728e+04 1010357 0 1.1561e+00
+3.25017e+04 -9.27358e+04 1010317 0 1.3801e+00
+3.45213e+04 -9.28125e+04 1010318 0 1.3302e+00
+3.61796e+04 -9.35608e+04 1010279 0 1.4977e+00
+3.62645e+04 -9.43010e+04 1010239 0 1.7425e+00
+3.54976e+04 -8.29946e+04 3010003 1 8.4641e-01
+3.94992e+04 -9.59254e+04 1010160 0 2.1296e+00
+3.81426e+04 -9.43197e+04 1010240 0 1.6712e+00
+3.67527e+04 -8.20649e+04 3010042 1 8.2960e-01
+4.39218e+04 -9.77641e+04 1010081 0 2.4650e+00
+4.23584e+04 -9.68093e+04 1010121 0 2.2719e+00
+3.79758e+04 -8.10846e+04 3010081 1 8.1419e-01
+3.91677e+04 -8.00577e+04 3010120 1 7.9884e-01
+4.26701e+04 -7.79304e+04 3010199 1 7.6047e-01
+4.41693e+04 -7.90625e+04 3010162 1 7.6331e-01
+4.40022e+04 -8.20948e+04 3010047 1 7.7974e-01
+1.56601e+04 -7.41964e+04 10727 1 1.0735e+00
+1.60259e+04 -7.54293e+04 10728 1 1.0679e+00
+1.64684e+04 -7.66416e+04 10729 1 1.0471e+00
+1.70132e+04 -7.78349e+04 10730 1 1.0253e+00
+1.76538e+04 -7.89837e+04 10731 1 1.0158e+00
+1.84123e+04 -8.00836e+04 10732 1 9.9156e-01
+1.92783e+04 -8.11157e+04 10733 1 9.9328e-01
+2.02676e+04 -8.20707e+04 10734 1 9.6494e-01
+2.13721e+04 -8.29381e+04 10735 1 9.7464e-01
+2.25896e+04 -8.37106e+04 10736 1 9.5615e-01
+2.39175e+04 -8.43838e+04 10737 1 9.6638e-01
+3.13629e+04 -8.44913e+04 1010743 1 8.9174e-01
+2.84570e+04 -8.58097e+04 1010665 1 9.5596e-01
+2.58975e+04 -8.03424e+04 2010036 1 7.5289e-01
+2.99323e+04 -8.51945e+04 1010704 1 9.2189e-01
+2.50150e+04 -7.97371e+04 2010035 1 7.2458e-01
+2.86988e+04 -8.66973e+04 1010627 1 9.5428e-01
+2.73878e+04 -8.72383e+04 1010588 0 8.9366e-01
+2.63496e+04 -8.77823e+04 1010549 0 8.1673e-01
+2.56930e+04 -8.83840e+04 1010510 0 7.6829e-01
+2.73942e+04 -8.94524e+04 1010472 0 7.8077e-01
+2.54330e+04 -8.90686e+04 1010471 0 7.8434e-01
+2.76270e+04 -8.87761e+04 1010511 0 7.6001e-01
+2.75610e+04 -9.01878e+04 1010433 0 8.7407e-01
+2.81396e+04 -9.09728e+04 1010394 0 1.0425e+00
+2.91198e+04 -9.17885e+04 1010355 0 1.2402e+00
+3.05013e+04 -9.26164e+04 1010316 0 1.4233e+00
+3.22705e+04 -9.34429e+04 1010277 0 1.6215e+00
+3.11508e+04 -9.19586e+04 1010356 0 1.1997e+00
+3.68157e+04 -9.50831e+04 1010199 0 1.9636e+00
+3.43875e+04 -9.42623e+04 1010238 0 1.8112e+00
+3.42205e+04 -9.35171e+04 1010278 0 1.5599e+00
+3.85968e+04 -9.50975e+04 1010200 0 1.8876e+00
+4.25079e+04 -9.77648e+04 1010080 0 2.5643e+00
+4.68219e+04 -9.99828e+04 1010000 0 2.7145e+00
+3.54015e+04 -8.19496e+04 3010041 1 8.3106e-01
+2.86961e+04 -8.28785e+04 10860 1 8.5242e-01
+4.17864e+04 -8.01408e+04 3010122 1 7.8775e-01
+1.68137e+04 -7.39905e+04 10767 1 9.7359e-01
+1.71482e+04 -7.51255e+04 10768 1 9.5230e-01
+1.75539e+04 -7.62477e+04 10769 1 9.3639e-01
+1.80471e+04 -7.73424e+04 10770 1 9.2138e-01
+1.86276e+04 -7.84006e+04 10771 1 9.1906e-01
+1.93082e+04 -7.94121e+04 10772 1 9.0161e-01
+2.00907e+04 -8.03673e+04 10773 1 9.0934e-01
+2.09756e+04 -8.12572e+04 10774 1 9.0919e-01
+2.19711e+04 -8.20720e+04 10775 1 9.0756e-01
+2.30675e+04 -8.28072e+04 10776 1 9.1535e-01
+2.42671e+04 -8.34565e+04 10777 1 9.1681e-01
+2.55597e+04 -8.40191e+04 10778 1 9.2166e-01
+2.68595e+04 -8.08861e+04 2010037 1 7.7625e-01
+3.13383e+04 -8.34953e+04 1010781 1 8.6539e-01
+2.98944e+04 -8.42350e+04 1010742 1 8.9166e-01
+2.84026e+04 -8.48844e+04 1010703 1 9.2221e-01
+2.69663e+04 -8.63351e+04 1010626 1 9.5233e-01
+2.68608e+04 -8.54301e+04 1010664 1 9.6135e-01
+2.45274e+04 -8.72974e+04 1010548 0 8.0433e-01
+2.55982e+04 -8.68051e+04 1010587 0 8.9751e-01
+2.38402e+04 -8.78787e+04 1010509 0 7.7358e-01
+2.35650e+04 -8.85787e+04 1010470 0 7.6958e-01
+2.55882e+04 -8.98384e+04 1010432 0 8.8297e-01
+2.61536e+04 -9.06756e+04 1010393 0 1.0760e+00
+2.36971e+04 -8.93915e+04 1010431 0 9.1138e-01
+2.52156e+04 -9.12501e+04 1010353 0 1.2783e+00
+2.71342e+04 -9.15543e+04 1010354 0 1.2730e+00
+2.42418e+04 -9.02935e+04 1010392 0 1.0998e+00
+2.66204e+04 -9.22231e+04 1010314 0 1.5107e+00
+2.85360e+04 -9.24475e+04 1010315 0 1.4605e+00
+3.03411e+04 -9.33329e+04 1010276 0 1.6799e+00
+3.25199e+04 -9.42000e+04 1010237 0 1.8764e+00
+3.50364e+04 -9.50546e+04 1010198 0 2.0351e+00
+3.78294e+04 -9.59166e+04 1010159 0 2.2142e+00
+3.32660e+04 -9.50097e+04 1010197 0 2.0991e+00
+4.45319e+04 -9.88131e+04 1010040 0 2.6888e+00
+3.61603e+04 -9.58990e+04 1010158 0 2.2966e+00
+4.08139e+04 -9.68095e+04 1010120 0 2.3654e+00
+3.40936e+04 -8.28610e+04 3010002 1 8.4807e-01
+4.03290e+04 -7.89874e+04 3010159 1 7.8192e-01
+1.83118e+04 -7.46541e+04 10808 1 8.0890e-01
+1.86806e+04 -7.57007e+04 10809 1 8.0434e-01
+1.91266e+04 -7.67207e+04 10810 1 7.9604e-01
+1.96522e+04 -7.77063e+04 10811 1 8.0482e-01
+2.02620e+04 -7.86501e+04 10812 1 8.1015e-01
+2.09669e+04 -7.95428e+04 10813 1 8.1311e-01
+2.17631e+04 -8.03790e+04 10814 1 8.2822e-01
+2.26559e+04 -8.11513e+04 10815 1 8.3062e-01
+2.36444e+04 -8.18537e+04 10816 1 8.5037e-01
+2.47260e+04 -8.24826e+04 10817 1 8.5711e-01
+2.58977e+04 -8.30350e+04 10818 1 8.7406e-01
+2.71546e+04 -8.35102e+04 10819 1 8.8035e-01
+3.01891e+04 -8.21423e+04 2010040 1 8.3037e-01
+3.14337e+04 -8.24385e+04 3010000 1 8.3973e-01
+2.78971e+04 -8.13675e+04 2010038 1 7.9836e-01
+2.99852e+04 -8.32191e+04 1010780 1 8.6114e-01
+2.84887e+04 -8.39095e+04 1010741 1 8.8673e-01
+2.38953e+04 -8.62568e+04 1010586 0 8.7361e-01
+2.69420e+04 -8.44940e+04 1010702 1 9.2462e-01
+2.53107e+04 -8.58706e+04 1010625 1 9.5659e-01
+2.90084e+04 -8.17860e+04 2010039 1 8.1772e-01
+2.27994e+04 -8.66913e+04 1010547 0 8.1628e-01
+2.18019e+04 -8.79763e+04 1010469 0 7.9327e-01
+2.21001e+04 -8.72560e+04 1010508 0 7.4778e-01
+2.19044e+04 -8.88428e+04 1010430 0 9.2072e-01
+2.53440e+04 -8.49562e+04 1010663 1 9.5675e-01
+2.24317e+04 -8.98240e+04 1010391 0 1.0902e+00
+2.37415e+04 -8.52968e+04 1010624 1 9.6120e-01
+2.33821e+04 -9.08714e+04 1010352 0 1.3235e+00
+2.47681e+04 -9.19387e+04 1010313 0 1.5541e+00
+2.23010e+04 -8.55876e+04 1010585 0 8.9183e-01
+2.11929e+04 -8.59624e+04 1010546 0 7.8184e-01
+2.04788e+04 -8.65123e+04 1010507 0 7.7504e-01
+2.01599e+04 -8.72627e+04 1010468 0 7.3822e-01
+2.65961e+04 -9.29862e+04 1010274 0 1.7769e+00
+2.02463e+04 -8.81958e+04 1010429 0 9.1315e-01
+2.07312e+04 -8.92648e+04 1010390 0 1.1331e+00
+3.06719e+04 -9.41102e+04 1010236 0 1.9349e+00
+2.16394e+04 -9.04160e+04 1010351 0 1.3592e+00
+2.84449e+04 -9.31820e+04 1010275 0 1.7328e+00
+2.29939e+04 -9.15920e+04 1010312 0 1.5837e+00
+3.15124e+04 -9.49457e+04 1010196 0 2.1657e+00
+3.44971e+04 -9.58710e+04 1010157 0 2.3756e+00
+2.48087e+04 -9.27430e+04 1010273 0 1.8035e+00
+3.27369e+04 -8.26769e+04 3010001 1 8.4600e-01
+2.70818e+04 -9.38356e+04 1010234 0 2.0099e+00
+2.97843e+04 -9.48602e+04 1010195 0 2.2284e+00
+4.10919e+04 -9.77639e+04 1010079 0 2.6621e+00
+3.61754e+04 -9.67829e+04 1010117 0 2.6329e+00
+4.32517e+04 -9.88131e+04 1010039 0 2.7924e+00
+3.96755e+04 -9.77610e+04 1010078 0 2.7585e+00
+2.88549e+04 -9.39896e+04 1010235 0 1.9821e+00
+3.92667e+04 -9.68056e+04 1010119 0 2.4574e+00
+3.28455e+04 -9.58312e+04 1010156 0 2.4498e+00
+1.98272e+04 -7.49705e+04 10849 1 6.8351e-01
+3.77194e+04 -9.67970e+04 1010118 0 2.5470e+00
+2.02292e+04 -7.59390e+04 10850 1 6.8176e-01
+2.07047e+04 -7.68735e+04 10851 1 6.9717e-01
+2.12549e+04 -7.77687e+04 10852 1 7.1718e-01
+2.18875e+04 -7.86176e+04 10853 1 7.2366e-01
+2.26047e+04 -7.94149e+04 10854 1 7.4871e-01
+2.34071e+04 -8.01554e+04 10855 1 7.6566e-01
+2.42985e+04 -8.08339e+04 10856 1 7.8594e-01
+2.52746e+04 -8.14477e+04 10857 1 8.0464e-01
+2.63363e+04 -8.19934e+04 10858 1 8.2420e-01
+2.74782e+04 -8.24703e+04 10859 1 8.3753e-01
