+1.77913e+01 -9.99790e+04 10000 0 7.6861e-02
+1.15643e+03 -9.99790e+04 10001 0 2.2557e-01
+2.29509e+03 -9.99791e+04 10002 0 4.2705e-01
+3.43378e+03 -9.99791e+04 10003 0 6.3133e-01
+4.57253e+03 -9.99791e+04 10004 0 8.3455e-01
+5.71134e+03 -9.99792e+04 10005 0 1.0353e+00
+6.85024e+03 -9.99792e+04 10006 0 1.2326e+00
+7.98925e+03 -9.99793e+04 10007 0 1.4256e+00
+9.12837e+03 -9.99794e+04 10008 0 1.6135e+00
+1.02676e+04 -9.99794e+04 10009 0 1.7955e+00
+1.14070e+04 -9.99795e+04 10010 0 1.9708e+00
+1.25466e+04 -9.99796e+04 10011 0 2.1387e+00
+1.36864e+04 -9.99798e+04 10012 0 2.2984e+00
+1.48264e+04 -9.99799e+04 10013 0 2.4492e+00
+1.59665e+04 -9.99800e+04 10014 0 2.5903e+00
+1.71069e+04 -9.99801e+04 10015 0 2.7212e+00
+1.82475e+04 -9.99803e+04 10016 0 2.8411e+00
+1.93884e+04 -9.99804e+04 10017 0 2.9495e+00
+2.05295e+04 -9.99806e+04 10018 0 3.0460e+00
+2.16709e+04 -9.99807e+04 10019 0 3.1302e+00
+2.28125e+04 -9.99809e+04 10020 0 3.2018e+00
+2.39544e+04 -9.99810e+04 10021 0 3.2607e+00
+2.50965e+04 -9.99812e+04 10022 0 3.3069e+00
+2.62388e+04 -9.99813e+04 10023 0 3.3405e+00
+2.73814e+04 -9.99815e+04 10024 0 3.3617e+00
+2.85242e+04 -9.99816e+04 10025 0 3.3709e+00
+2.96671e+04 -9.99817e+04 10026 0 3.3686e+00
+3.08103e+04 -9.99819e+04 10027 0 3.3555e+00
+3.19537e+04 -9.99820e+04 10028 0 3.3321e+00
+3.30972e+04 -9.99821e+04 10029 0 3.2993e+00
+3.42408e+04 -9.99822e+04 10030 0 3.2579e+00
+3.53846e+04 -9.99822e+04 10031 0 3.2088e+00
+3.65285e+04 -9.99823e+04 10032 0 3.1527e+00
+3.76725e+04 -9.99824e+04 10033 0 3.0906e+00
+3.88165e+04 -9.99824e+04 10034 0 3.0233e+00
+3.99607e+04 -9.99825e+04 10035 0 2.9515e+00
+4.11048e+04 -9.99825e+04 10036 0 2.8762e+00
+4.22491e+04 -9.99825e+04 10037 0 2.7979e+00
+4.33933e+04 -9.99826e+04 10038 0 2.7173e+00
+4.45376e+04 -9.99826e+04 10039 0 2.6351e+00
+4.56818e+04 -9.99826e+04 10040 0 2.5517e+00
+1.39364e+01 -9.85275e+04 10041 0 2.9822e-01
+9.05890e+02 -9.85279e+04 10042 0 3.4194e-01
+1.79866e+03 -9.85290e+04 10043 0 4.4574e-01
+2.69293e+03 -9.85307e+04 10044 0 5.7733e-01
+3.58938e+03 -9.85331e+04 10045 0 7.2079e-01
+4.48873e+03 -9.85362e+04 10046 0 8.6927e-01
+5.39183e+03 -9.85399e+04 10047 0 1.0194e+00
+6.29946e+03 -9.85443e+04 10048 0 1.1692e+00
+7.21232e+03 -9.85494e+04 10049 0 1.3177e+00
+8.13115e+03 -9.85552e+04 10050 0 1.4638e+00
+9.05671e+03 -9.85615e+04 10051 0 1.6069e+00
+9.98989e+03 -9.85685e+04 10052 0 1.7462e+00
+1.09315e+04 -9.85762e+04 10053 0 1.8812e+00
+1.18822e+04 -9.85844e+04 10054 0 2.0112e+00
+1.28429e+04 -9.85931e+04 10055 0 2.1358e+00
+1.38142e+04 -9.86024e+04 10056 0 2.2544e+00
+1.47969e+04 -9.86121e+04 10057 0 2.3664e+00
+1.57919e+04 -9.86223e+04 10058 0 2.4713e+00
+1.67998e+04 -9.86328e+04 10059 0 2.5685e+00
+1.78212e+04 -9.86436e+04 10060 0 2.6575e+00
+1.88567e+04 -9.86547e+04 10061 0 2.7378e+00
+1.99067e+04 -9.86658e+04 10062 0 2.8091e+00
+2.09718e+04 -9.86770e+04 10063 0 2.8709e+00
+2.20521e+04 -9.86882e+04 10064 0 2.9228e+00
+2.31478e+04 -9.86992e+04 10065 0 2.9647e+00
+2.42589e+04 -9.87099e+04 10066 0 2.9963e+00
+2.53853e+04 -9.87202e+04 10067 0 3.0176e+00
+2.65266e+04 -9.87302e+04 10068 0 3.0286e+00
+2.76825e+04 -9.87395e+04 10069 0 3.0295e+00
+2.88521e+04 -9.87483e+04 10070 0 3.0205e+00
+3.00350e+04 -9.87564e+04 10071 0 3.0406e+00
+3.12302e+04 -9.87639e+04 10072 0 3.0490e+00
+3.24367e+04 -9.87707e+04 10073 0 3.0387e+00
+3.36533e+04 -9.87768e+04 10074 0 3.0130e+00
+3.48786e+04 -9.87821e+04 10075 0 2.9747e+00
+3.61116e+04 -9.87867e+04 10076 0 2.9255e+00
+3.73510e+04 -9.87906e+04 10077 0 2.8675e+00
+3.85957e+04 -9.87939e+04 10078 0 2.8024e+00
+3.98446e+04 -9.87964e+04 10079 0 2.7315e+00
+4.10966e+04 -9.87984e+04 10080 0 2.6557e+00
+4.23510e+04 -9.87999e+04 10081 0 2.5766e+00
+1.09732e+01 -9.66784e+04 10082 0 5.1134e-01
+7.13321e+02 -9.66798e+04 10083 0 5.2851e-01
+1.41685e+03 -9.66835e+04 10084 0 5.7564e-01
+2.12237e+03 -9.66892e+04 10085 0 6.4558e-01
+2.83121e+03 -9.66974e+04 10086 0 7.3122e-01
+3.54433e+03 -9.67079e+04 10087 0 8.2718e-01
+4.26272e+03 -9.67206e+04 10088 0 9.2974e-01
+4.98774e+03 -9.67357e+04 10089 0 1.0363e+00
+5.72026e+03 -9.67529e+04 10090 0 1.1452e+00
+6.46151e+03 -9.67724e+04 10091 0 1.2550e+00
+7.21276e+03 -9.67942e+04 10092 0 1.3648e+00
+7.97496e+03 -9.68180e+04 10093 0 1.4739e+00
+8.74945e+03 -9.68439e+04 10094 0 1.5815e+00
+9.53752e+03 -9.68719e+04 10095 0 1.6870e+00
+1.03402e+04 -9.69018e+04 10096 0 1.7901e+00
+1.11588e+04 -9.69336e+04 10097 0 1.8901e+00
+1.19947e+04 -9.69671e+04 10098 0 1.9865e+00
+1.28491e+04 -9.70022e+04 10099 0 2.0789e+00
+1.37231e+04 -9.70388e+04 10100 0 2.1669e+00
+1.46181e+04 -9.70767e+04 10101 0 2.2498e+00
+1.55353e+04 -9.71158e+04 10102 0 2.3273e+00
+1.64758e+04 -9.71556e+04 10103 0 2.3988e+00
+1.74406e+04 -9.71961e+04 10104 0 2.4639e+00
+1.84308e+04 -9.72370e+04 10105 0 2.5221e+00
+1.94472e+04 -9.72779e+04 10106 0 2.5729e+00
+2.04905e+04 -9.73185e+04 10107 0 2.6160e+00
+2.15613e+04 -9.73585e+04 10108 0 2.6509e+00
+2.26597e+04 -9.73976e+04 10109 0 2.6774e+00
+2.37859e+04 -9.74353e+04 10110 0 2.6951e+00
+2.49394e+04 -9.74713e+04 10111 0 2.7040e+00
+2.61199e+04 -9.75054e+04 10112 0 2.7239e+00
+2.73280e+04 -9.75374e+04 10113 0 2.7959e+00
+2.85620e+04 -9.75671e+04 10114 0 2.8237e+00
+2.98195e+04 -9.75944e+04 10115 0 2.8265e+00
+3.10981e+04 -9.76190e+04 10116 0 2.8119e+00
+3.23956e+04 -9.76409e+04 10117 0 2.7834e+00
+3.37097e+04 -9.76599e+04 10118 0 2.7435e+00
+3.50378e+04 -9.76761e+04 10119 0 2.6947e+00
+3.63777e+04 -9.76896e+04 10120 0 2.6376e+00
+3.77270e+04 -9.77005e+04 10121 0 2.5747e+00
+3.90835e+04 -9.77090e+04 10122 0 2.5066e+00
+8.75086e+00 -9.43641e+04 10123 0 7.2649e-01
+5.68894e+02 -9.43675e+04 10124 0 7.3407e-01
+1.13021e+03 -9.43749e+04 10125 0 7.5592e-01
+1.69382e+03 -9.43874e+04 10126 0 7.9037e-01
+2.26087e+03 -9.44048e+04 10127 0 8.3533e-01
+2.83256e+03 -9.44272e+04 10128 0 8.8894e-01
+3.41005e+03 -9.44543e+04 10129 0 9.4917e-01
+3.99456e+03 -9.44862e+04 10130 0 1.0148e+00
+4.58734e+03 -9.45229e+04 10131 0 1.0845e+00
+5.18962e+03 -9.45642e+04 10132 0 1.1574e+00
+5.80279e+03 -9.46100e+04 10133 0 1.2328e+00
+6.42805e+03 -9.46602e+04 10134 0 1.3099e+00
+7.06703e+03 -9.47147e+04 10135 0 1.3885e+00
+7.72090e+03 -9.47733e+04 10136 0 1.4679e+00
+8.39149e+03 -9.48358e+04 10137 0 1.5479e+00
+9.08010e+03 -9.49020e+04 10138 0 1.6282e+00
+9.78858e+03 -9.49716e+04 10139 0 1.7085e+00
+1.05186e+04 -9.50446e+04 10140 0 1.7851e+00
+1.12712e+04 -9.51207e+04 10141 0 1.8579e+00
+1.20483e+04 -9.52000e+04 10142 0 1.9279e+00
+1.28515e+04 -9.52819e+04 10143 0 1.9948e+00
+1.36821e+04 -9.53661e+04 10144 0 2.0583e+00
+1.45421e+04 -9.54522e+04 10145 0 2.1177e+00
+1.54330e+04 -9.55397e+04 10146 0 2.1727e+00
+1.63563e+04 -9.56282e+04 10147 0 2.2227e+00
+1.73134e+04 -9.57171e+04 10148 0 2.2674e+00
+1.83057e+04 -9.58057e+04 10149 0 2.3063e+00
+1.93343e+04 -9.58933e+04 10150 0 2.3388e+00
+2.04002e+04 -9.59793e+04 10151 0 2.3646e+00
+2.15039e+04 -9.60629e+04 10152 0 2.3833e+00
+2.26459e+04 -9.61434e+04 10153 0 2.3946e+00
+2.38259e+04 -9.62201e+04 10154 0 2.3982e+00
+2.50457e+04 -9.62923e+04 10155 0 2.4981e+00
+2.63067e+04 -9.63599e+04 10156 0 2.5454e+00
+2.76035e+04 -9.64224e+04 10157 0 2.5582e+00
+2.89329e+04 -9.64792e+04 10158 0 2.5519e+00
+3.02920e+04 -9.65299e+04 10159 0 2.5326e+00
+3.16773e+04 -9.65743e+04 10160 0 2.5013e+00
+3.30854e+04 -9.66123e+04 10161 0 2.4609e+00
+3.45126e+04 -9.66442e+04 10162 0 2.4128e+00
+3.59553e+04 -9.66701e+04 10163 0 2.3572e+00
+7.15077e+00 -9.14984e+04 10164 0 9.2363e-01
+4.64898e+02 -9.15048e+04 10165 0 9.2711e-01
+9.23674e+02 -9.15175e+04 10166 0 9.3742e-01
+1.38479e+03 -9.15397e+04 10167 0 9.5396e-01
+1.84904e+03 -9.15700e+04 10168 0 9.7631e-01
+2.31783e+03 -9.16091e+04 10169 0 1.0036e+00
+2.79213e+03 -9.16567e+04 10170 0 1.0356e+00
+3.27312e+03 -9.17125e+04 10171 0 1.0712e+00
+3.76217e+03 -9.17767e+04 10172 0 1.1102e+00
+4.26026e+03 -9.18487e+04 10173 0 1.1521e+00
+4.76900e+03 -9.19287e+04 10174 0 1.1965e+00
+5.28942e+03 -9.20163e+04 10175 0 1.2430e+00
+5.82322e+03 -9.21112e+04 10176 0 1.2915e+00
+6.37165e+03 -9.22132e+04 10177 0 1.3416e+00
+6.93650e+03 -9.23220e+04 10178 0 1.3932e+00
+7.51925e+03 -9.24370e+04 10179 0 1.4462e+00
+8.12184e+03 -9.25581e+04 10180 0 1.4999e+00
+8.74552e+03 -9.26850e+04 10181 0 1.5536e+00
+9.39232e+03 -9.28174e+04 10182 0 1.6077e+00
+1.00638e+04 -9.29547e+04 10183 0 1.6618e+00
+1.07624e+04 -9.30965e+04 10184 0 1.7159e+00
+1.14899e+04 -9.32421e+04 10185 0 1.7699e+00
+1.22486e+04 -9.33908e+04 10186 0 1.8237e+00
+1.30412e+04 -9.35421e+04 10187 0 1.8772e+00
+1.38700e+04 -9.36949e+04 10188 0 1.9302e+00
+1.47374e+04 -9.38486e+04 10189 0 1.9736e+00
+1.56441e+04 -9.40031e+04 10190 0 2.0086e+00
+1.65917e+04 -9.41572e+04 10191 0 2.0393e+00
+1.75822e+04 -9.43101e+04 10192 0 2.0651e+00
+1.86169e+04 -9.44604e+04 10193 0 2.0857e+00
+1.96973e+04 -9.46070e+04 10194 0 2.1007e+00
+2.08244e+04 -9.47487e+04 10195 0 2.1095e+00
+2.19986e+04 -9.48842e+04 10196 0 2.1120e+00
+2.32215e+04 -9.50123e+04 10197 0 2.2122e+00
+2.45019e+04 -9.51327e+04 10198 0 2.2718e+00
+2.58296e+04 -9.52443e+04 10199 0 2.2873e+00
+2.72008e+04 -9.53462e+04 10200 0 2.2851e+00
+2.86122e+04 -9.54374e+04 10201 0 2.2697e+00
+3.00596e+04 -9.55175e+04 10202 0 2.2441e+00
+3.15385e+04 -9.55864e+04 10203 0 2.2089e+00
+3.30443e+04 -9.56441e+04 10204 0 2.1656e+00
+6.05703e+00 -8.80573e+04 10205 0 1.0878e+00
+3.93793e+02 -8.80677e+04 10206 0 1.0892e+00
+7.82389e+02 -8.80873e+04 10207 0 1.0937e+00
+1.17303e+03 -8.81215e+04 10208 0 1.1012e+00
+1.56652e+03 -8.81689e+04 10209 0 1.1114e+00
+1.96381e+03 -8.82292e+04 10210 0 1.1240e+00
+2.36614e+03 -8.83031e+04 10211 0 1.1390e+00
+2.77435e+03 -8.83897e+04 10212 0 1.1562e+00
+3.18958e+03 -8.84888e+04 10213 0 1.1753e+00
+3.61317e+03 -8.86006e+04 10214 0 1.1963e+00
+4.04607e+03 -8.87242e+04 10215 0 1.2188e+00
+4.48971e+03 -8.88595e+04 10216 0 1.2431e+00
+4.94539e+03 -8.90063e+04 10217 0 1.2689e+00
+5.41430e+03 -8.91638e+04 10218 0 1.2960e+00
+5.89823e+03 -8.93319e+04 10219 0 1.3243e+00
+6.39848e+03 -8.95097e+04 10220 0 1.3541e+00
+6.91705e+03 -8.96969e+04 10221 0 1.3850e+00
+7.45563e+03 -8.98927e+04 10222 0 1.4172e+00
+8.01635e+03 -9.00964e+04 10223 0 1.4506e+00
+8.60076e+03 -9.03076e+04 10224 0 1.4844e+00
+9.21104e+03 -9.05255e+04 10225 0 1.5195e+00
+9.84940e+03 -9.07492e+04 10226 0 1.5555e+00
+1.05187e+04 -9.09780e+04 10227 0 1.5927e+00
+1.12214e+04 -9.12105e+04 10228 0 1.6312e+00
+1.19603e+04 -9.14462e+04 10229 0 1.6666e+00
+1.27370e+04 -9.16842e+04 10230 0 1.7013e+00
+1.35543e+04 -9.19234e+04 10231 0 1.7358e+00
+1.44157e+04 -9.21625e+04 10232 0 1.7701e+00
+1.53246e+04 -9.23999e+04 10233 0 1.8044e+00
+1.62839e+04 -9.26342e+04 10234 0 1.8276e+00
+1.72930e+04 -9.28645e+04 10235 0 1.8398e+00
+1.83537e+04 -9.30894e+04 10236 0 1.8474e+00
+1.94675e+04 -9.33069e+04 10237 0 1.8501e+00
+2.06359e+04 -9.35152e+04 10238 0 1.8476e+00
+2.18609e+04 -9.37124e+04 10239 0 1.9406e+00
+2.31583e+04 -9.38980e+04 10240 0 2.0151e+00
+2.45128e+04 -9.40703e+04 10241 0 2.0267e+00
+2.59204e+04 -9.42275e+04 10242 0 2.0230e+00
+2.73776e+04 -9.43683e+04 10243 0 2.0082e+00
+2.88798e+04 -9.44919e+04 10244 0 1.9838e+00
+3.04218e+04 -9.45980e+04 10245 0 1.9502e+00
+5.38208e+00 -8.40938e+04 10246 0 1.2046e+00
+3.49890e+02 -8.41091e+04 10247 0 1.2050e+00
+6.95060e+02 -8.41367e+04 10248 0 1.2067e+00
+1.04184e+03 -8.41845e+04 10249 0 1.2093e+00
+1.39102e+03 -8.42520e+04 10250 0 1.2130e+00
+1.74320e+03 -8.43373e+04 10251 0 1.2177e+00
+2.09939e+03 -8.44413e+04 10252 0 1.2232e+00
+2.46054e+03 -8.45640e+04 10253 0 1.2297e+00
+2.82737e+03 -8.47042e+04 10254 0 1.2371e+00
+3.20098e+03 -8.48619e+04 10255 0 1.2451e+00
+3.58259e+03 -8.50371e+04 10256 0 1.2541e+00
+3.97302e+03 -8.52285e+04 10257 0 1.2638e+00
+4.37357e+03 -8.54360e+04 10258 0 1.2743e+00
+4.78567e+03 -8.56592e+04 10259 0 1.2855e+00
+5.21048e+03 -8.58968e+04 10260 0 1.2975e+00
+5.64977e+03 -8.61484e+04 10261 0 1.3105e+00
+6.10519e+03 -8.64133e+04 10262 0 1.3242e+00
+6.57810e+03 -8.66904e+04 10263 0 1.3387e+00
+7.07070e+03 -8.69792e+04 10264 0 1.3544e+00
+7.58483e+03 -8.72781e+04 10265 0 1.3712e+00
+8.12322e+03 -8.75866e+04 10266 0 1.3889e+00
+8.68749e+03 -8.79033e+04 10267 0 1.4074e+00
+9.28038e+03 -8.82274e+04 10268 0 1.4275e+00
+9.90462e+03 -8.85573e+04 10269 0 1.4488e+00
+1.05637e+04 -8.88918e+04 10270 0 1.4709e+00
+1.12595e+04 -8.92297e+04 10271 0 1.4929e+00
+1.19955e+04 -8.95696e+04 10272 0 1.5163e+00
+1.27757e+04 -8.99098e+04 10273 0 1.5412e+00
+1.36034e+04 -9.02485e+04 10274 0 1.5622e+00
+1.44805e+04 -9.05847e+04 10275 0 1.5815e+00
+1.54110e+04 -9.09160e+04 10276 0 1.6006e+00
+1.63994e+04 -9.12402e+04 10277 0 1.6194e+00
+1.74469e+04 -9.15555e+04 10278 0 1.6178e+00
+1.85527e+04 -9.18600e+04 10279 0 1.6118e+00
+1.97187e+04 -9.21512e+04 10280 0 1.6015e+00
+2.09522e+04 -9.24272e+04 10281 0 1.7256e+00
+2.22685e+04 -9.26867e+04 10282 0 1.7733e+00
+2.36496e+04 -9.29270e+04 10283 0 1.7771e+00
+2.50918e+04 -9.31455e+04 10284 0 1.7689e+00
+2.65916e+04 -9.33406e+04 10285 0 1.7510e+00
+2.81439e+04 -9.35110e+04 10286 0 1.7237e+00
+5.06325e+00 -7.97623e+04 10287 0 1.2649e+00
+3.29113e+02 -7.97828e+04 10288 0 1.2648e+00
+6.53586e+02 -7.98189e+04 10289 0 1.2650e+00
+9.79176e+02 -7.98808e+04 10290 0 1.2653e+00
+1.30649e+03 -7.99691e+04 10291 0 1.2656e+00
+1.63590e+03 -8.00806e+04 10292 0 1.2661e+00
+1.96810e+03 -8.02161e+04 10293 0 1.2666e+00
+2.30389e+03 -8.03763e+04 10294 0 1.2672e+00
+2.64387e+03 -8.05599e+04 10295 0 1.2679e+00
+2.98874e+03 -8.07661e+04 10296 0 1.2688e+00
+3.33955e+03 -8.09951e+04 10297 0 1.2697e+00
+3.69727e+03 -8.12465e+04 10298 0 1.2710e+00
+4.06272e+03 -8.15185e+04 10299 0 1.2720e+00
+4.43717e+03 -8.18112e+04 10300 0 1.2734e+00
+4.82197e+03 -8.21238e+04 10301 0 1.2751e+00
+5.21835e+03 -8.24548e+04 10302 0 1.2771e+00
+5.62801e+03 -8.28036e+04 10303 0 1.2793e+00
+6.05250e+03 -8.31692e+04 10304 0 1.2818e+00
+6.49357e+03 -8.35500e+04 10305 0 1.2851e+00
+6.95367e+03 -8.39453e+04 10306 0 1.2890e+00
+7.43438e+03 -8.43532e+04 10307 0 1.2934e+00
+7.93839e+03 -8.47727e+04 10308 0 1.2988e+00
+8.46858e+03 -8.52022e+04 10309 0 1.3050e+00
+9.02708e+03 -8.56400e+04 10310 0 1.3123e+00
+9.61739e+03 -8.60846e+04 10311 0 1.3209e+00
+1.02429e+04 -8.65342e+04 10312 0 1.3303e+00
+1.09063e+04 -8.69870e+04 10313 0 1.3407e+00
+1.16121e+04 -8.74410e+04 10314 0 1.3533e+00
+1.23639e+04 -8.78940e+04 10315 0 1.3644e+00
+1.31650e+04 -8.83444e+04 10316 0 1.3766e+00
+1.40208e+04 -8.87893e+04 10317 0 1.3896e+00
+1.49339e+04 -8.92266e+04 10318 0 1.3955e+00
+1.59075e+04 -8.96537e+04 10319 0 1.4011e+00
+1.69470e+04 -9.00673e+04 10320 0 1.4030e+00
+1.80517e+04 -9.04651e+04 10321 0 1.3864e+00
+1.92212e+04 -9.08442e+04 10322 0 1.3665e+00
+2.04763e+04 -9.12042e+04 10323 0 1.5259e+00
+2.18166e+04 -9.15408e+04 10324 0 1.5400e+00
+2.32269e+04 -9.18505e+04 10325 0 1.5342e+00
+2.47046e+04 -9.21304e+04 10326 0 1.5187e+00
+2.62461e+04 -9.23782e+04 10327 0 1.4945e+00
+5.06144e+00 -7.53000e+04 10328 0 1.2647e+00
+3.28917e+02 -7.53255e+04 10329 0 1.2644e+00
+6.52904e+02 -7.53692e+04 10330 0 1.2639e+00
+9.77416e+02 -7.54443e+04 10331 0 1.2631e+00
+1.30280e+03 -7.55519e+04 10332 0 1.2620e+00
+3.49206e+04 -7.41040e+04 2010240 1 5.6526e-01
+1.62913e+03 -7.56878e+04 10333 0 1.2606e+00
+1.95683e+03 -7.58527e+04 10334 0 1.2589e+00
+2.94414e+04 -7.41563e+04 2010154 1 5.0484e-01
+2.28645e+03 -7.60481e+04 10335 0 1.2569e+00
+2.61839e+03 -7.62725e+04 10336 0 1.2545e+00
+4.57244e+04 -7.38398e+04 3010276 1 6.1490e-01
+2.95304e+03 -7.65246e+04 10337 0 1.2516e+00
+3.29121e+03 -7.68048e+04 10338 0 1.2486e+00
+3.63371e+03 -7.71130e+04 10339 0 1.2452e+00
+3.98118e+03 -7.74470e+04 10340 0 1.2418e+00
+4.33472e+03 -7.78068e+04 10341 0 1.2376e+00
+4.69553e+03 -7.81918e+04 10342 0 1.2335e+00
+5.06469e+03 -7.86002e+04 10343 0 1.2292e+00
+5.44373e+03 -7.90312e+04 10344 0 1.2247e+00
+5.83430e+03 -7.94840e+04 10345 0 1.2201e+00
+6.23806e+03 -7.99565e+04 10346 0 1.2156e+00
+6.65703e+03 -8.04477e+04 10347 0 1.2110e+00
+7.09348e+03 -8.09561e+04 10348 0 1.2068e+00
+7.54975e+03 -8.14796e+04 10349 0 1.2028e+00
+8.02843e+03 -8.20168e+04 10350 0 1.1994e+00
+8.53259e+03 -8.25656e+04 10351 0 1.1966e+00
+9.06515e+03 -8.31239e+04 10352 0 1.1943e+00
+9.62973e+03 -8.36897e+04 10353 0 1.1935e+00
+1.02300e+04 -8.42606e+04 10354 0 1.1932e+00
+1.08696e+04 -8.48343e+04 10355 0 1.1945e+00
+1.15535e+04 -8.54082e+04 10356 0 1.1961e+00
+1.22850e+04 -8.59796e+04 10357 0 1.1994e+00
+1.30703e+04 -8.65459e+04 10358 0 1.2021e+00
+1.39122e+04 -8.71039e+04 10359 0 1.2039e+00
+1.48171e+04 -8.76504e+04 10360 0 1.2042e+00
+1.57871e+04 -8.81821e+04 10361 0 1.1973e+00
+1.68267e+04 -8.86953e+04 10362 0 1.1901e+00
+1.79379e+04 -8.91860e+04 10363 0 1.1642e+00
+1.91274e+04 -8.96534e+04 10364 0 1.2691e+00
+2.04147e+04 -9.00952e+04 10365 0 1.3165e+00
+2.17839e+04 -9.05046e+04 10366 0 1.3087e+00
+2.32275e+04 -9.08778e+04 10367 0 1.2925e+00
+2.47431e+04 -9.12116e+04 10368 0 1.2675e+00
+3.01354e+04 -7.47549e+04 2010155 1 5.3682e-01
+3.45926e+04 -7.56236e+04 2010200 1 6.1715e-01
+2.74747e+04 -7.43782e+04 2010112 1 4.9288e-01
+3.95415e+04 -7.56578e+04 2010245 1 6.4920e-01
+3.29125e+04 -7.47763e+04 2010198 1 5.6958e-01
+3.85451e+04 -7.54240e+04 2010244 1 6.3958e-01
+3.37318e+04 -7.52219e+04 2010199 1 5.9441e-01
+3.66591e+04 -7.48438e+04 2010242 1 6.0938e-01
+3.75840e+04 -7.51532e+04 2010243 1 6.2657e-01
+3.21344e+04 -7.42864e+04 2010197 1 5.4161e-01
+3.57712e+04 -7.44944e+04 2010241 1 5.8833e-01
+4.45546e+03 -7.38686e+04 10382 0 1.1696e+00
+3.86797e+04 -7.39619e+04 2010284 1 6.0081e-01
+4.16068e+04 -7.46571e+04 3010234 1 6.3077e-01
+4.80626e+03 -7.43177e+04 10383 0 1.1626e+00
+5.16154e+03 -7.47946e+04 10384 0 1.1556e+00
+3.96233e+04 -7.42286e+04 2010285 1 6.1382e-01
+5.52286e+03 -7.52992e+04 10385 0 1.1478e+00
+5.89178e+03 -7.58304e+04 10386 0 1.1394e+00
+4.67974e+04 -8.36905e+04 1010751 1 7.0403e-01
+6.26986e+03 -7.63861e+04 10387 0 1.1307e+00
+6.65908e+03 -7.69650e+04 10388 0 1.1215e+00
+7.06196e+03 -7.75660e+04 10389 0 1.1124e+00
+7.48050e+03 -7.81863e+04 10390 0 1.1025e+00
+7.91778e+03 -7.88245e+04 10391 0 1.0930e+00
+8.37672e+03 -7.94785e+04 10392 0 1.0832e+00
+8.86057e+03 -8.01454e+04 10393 0 1.0737e+00
+9.37303e+03 -8.08233e+04 10394 0 1.0649e+00
+9.91803e+03 -8.15090e+04 10395 0 1.0570e+00
+1.04997e+04 -8.22000e+04 10396 0 1.0495e+00
+1.11228e+04 -8.28930e+04 10397 0 1.0431e+00
+1.17919e+04 -8.35851e+04 10398 0 1.0380e+00
+1.25126e+04 -8.42727e+04 10399 0 1.0326e+00
+1.32898e+04 -8.49522e+04 10400 0 1.0286e+00
+1.41291e+04 -8.56198e+04 10401 0 1.0204e+00
+1.50353e+04 -8.62712e+04 10402 0 1.0123e+00
+1.60122e+04 -8.69018e+04 10403 0 9.9373e-01
+1.70631e+04 -8.75071e+04 10404 0 9.7440e-01
+1.81941e+04 -8.80841e+04 10405 0 1.0423e+00
+1.94251e+04 -8.86337e+04 10406 0 1.0950e+00
+2.07494e+04 -8.91458e+04 10407 0 1.0913e+00
+2.21530e+04 -8.96150e+04 10408 0 1.0714e+00
+2.36351e+04 -9.00373e+04 10409 0 1.0784e+00
+3.74177e+04 -7.65777e+04 2010203 1 6.6725e-01
+3.54944e+04 -7.59827e+04 2010201 1 6.3776e-01
+3.64364e+04 -7.63003e+04 2010202 1 6.5487e-01
+3.24833e+04 -7.62780e+04 2010158 1 6.2086e-01
+3.16556e+04 -7.58159e+04 2010157 1 5.9480e-01
+3.08730e+04 -7.53083e+04 2010156 1 5.6747e-01
+4.16335e+04 -7.60217e+04 3010196 1 6.6023e-01
+2.88096e+04 -7.56695e+04 2010114 1 5.5825e-01
+2.60943e+04 -7.51261e+04 2010071 1 5.1281e-01
+4.38466e+04 -7.62607e+04 3010198 1 6.6130e-01
+4.05715e+04 -7.58563e+04 3010195 1 6.5593e-01
+4.27258e+04 -7.61558e+04 3010197 1 6.6183e-01
+2.81187e+04 -7.50465e+04 2010113 1 5.2629e-01
+2.55064e+04 -7.43844e+04 2010070 1 4.7740e-01
+4.48029e+04 -7.50652e+04 3010237 1 6.3804e-01
+4.37101e+04 -7.49579e+04 3010236 1 6.3795e-01
+4.45991e+04 -8.28358e+04 1010788 1 7.2571e-01
+2.35481e+04 -7.41386e+04 2010028 1 4.8910e-01
+4.26442e+04 -7.48225e+04 3010235 1 6.3550e-01
+4.05994e+04 -7.44598e+04 2010286 1 6.2357e-01
+4.52293e+04 -8.37496e+04 1010750 1 7.2357e-01
+4.61031e+04 -8.27935e+04 1010789 1 7.0827e-01
+4.59684e+04 -8.46153e+04 1010712 1 7.1950e-01
+7.31012e+03 -7.43623e+04 10430 0 1.0040e+00
+4.60456e+04 -8.63006e+04 1010635 1 7.2462e-01
+7.69931e+03 -7.50660e+04 10431 0 9.9164e-01
+4.68194e+04 -8.54378e+04 1010674 1 7.1465e-01
+4.65624e+04 -8.78657e+04 1010558 0 6.3344e-01
+8.10304e+03 -7.57923e+04 10432 0 9.7849e-01
+8.52431e+03 -7.65382e+04 10433 0 9.6432e-01
+8.96654e+03 -7.73012e+04 10434 0 9.5045e-01
+9.43404e+03 -7.80793e+04 10435 0 9.3594e-01
+9.93052e+03 -7.88687e+04 10436 0 9.2176e-01
+1.04609e+04 -7.96666e+04 10437 0 9.0814e-01
+1.10299e+04 -8.04694e+04 10438 0 8.9477e-01
+1.16432e+04 -8.12735e+04 10439 0 8.8318e-01
+1.23057e+04 -8.20745e+04 10440 0 8.7106e-01
+1.30245e+04 -8.28688e+04 10441 0 8.5945e-01
+1.38043e+04 -8.36513e+04 10442 0 8.4745e-01
+1.46517e+04 -8.44171e+04 10443 0 8.2993e-01
+1.55716e+04 -8.51606e+04 10444 0 8.0914e-01
+1.65661e+04 -8.58758e+04 10445 0 7.7910e-01
+1.76437e+04 -8.65589e+04 10446 0 8.3715e-01
+1.88242e+04 -8.72123e+04 10447 0 8.8153e-01
+2.01031e+04 -8.78234e+04 10448 0 8.7930e-01
+2.14652e+04 -8.83845e+04 10449 0 8.5315e-01
+2.29167e+04 -8.88921e+04 10450 0 8.9396e-01
+3.84369e+04 -7.68164e+04 2010204 1 6.7606e-01
+3.52360e+04 -7.73969e+04 2010161 1 6.8062e-01
+3.33564e+04 -7.66950e+04 2010159 1 6.4322e-01
+3.42743e+04 -7.70676e+04 2010160 1 6.6368e-01
+3.03365e+04 -7.67778e+04 2010116 1 6.1721e-01
+3.94923e+04 -7.70183e+04 3010156 1 6.8203e-01
+2.67314e+04 -7.58247e+04 2010072 1 5.4468e-01
+4.51325e+04 -8.55066e+04 1010673 1 7.3724e-01
+2.95485e+04 -7.62470e+04 2010115 1 5.9015e-01
+4.17038e+04 -7.73200e+04 3010158 1 6.8611e-01
+2.40741e+04 -7.49536e+04 2010029 1 5.0910e-01
+4.05820e+04 -7.71855e+04 3010157 1 6.8534e-01
+4.31097e+04 -8.28569e+04 1010787 1 7.4184e-01
+4.27277e+04 -8.47058e+04 1010710 1 7.5996e-01
+4.35116e+04 -8.71855e+04 1010595 0 7.2028e-01
+4.36712e+04 -8.37893e+04 1010749 1 7.4211e-01
+4.34476e+04 -8.55566e+04 1010672 1 7.5890e-01
+4.43112e+04 -9.02051e+04 1010440 0 5.9107e-01
+4.42980e+04 -8.63632e+04 1010634 1 7.4660e-01
+4.43441e+04 -8.46711e+04 1010711 1 7.4026e-01
+4.43366e+04 -8.87038e+04 1010518 0 5.8922e-01
+4.53167e+04 -8.71310e+04 1010596 0 7.0320e-01
+8.94514e+03 -7.38928e+04 10474 0 8.4281e-01
+4.62050e+04 -9.01586e+04 1010441 0 5.7676e-01
+9.35179e+03 -7.47362e+04 10475 0 8.2571e-01
+4.68159e+04 -7.39254e+04 3010277 1 6.1348e-01
+9.77960e+03 -7.55976e+04 10476 0 8.0745e-01
+1.02334e+04 -7.64746e+04 10477 0 7.8964e-01
+1.07180e+04 -7.73634e+04 10478 0 7.7087e-01
+1.12389e+04 -7.82603e+04 10479 0 7.5208e-01
+1.18021e+04 -7.91614e+04 10480 0 7.3432e-01
+1.24133e+04 -8.00618e+04 10481 0 7.1769e-01
+1.30793e+04 -8.09570e+04 10482 0 6.9998e-01
+1.38071e+04 -8.18417e+04 10483 0 6.8109e-01
+1.46027e+04 -8.27096e+04 10484 0 6.5858e-01
+1.54712e+04 -8.35541e+04 10485 0 6.2979e-01
+1.64171e+04 -8.43676e+04 10486 0 5.9186e-01
+1.74479e+04 -8.51466e+04 10487 0 6.5354e-01
+1.85863e+04 -8.58935e+04 10488 0 6.8472e-01
+1.98241e+04 -8.65925e+04 10489 0 6.7763e-01
+2.11457e+04 -8.72340e+04 10490 0 6.4637e-01
+2.25750e+04 -8.78183e+04 10491 0 7.0932e-01
+3.83688e+04 -7.81390e+04 3010117 1 7.0653e-01
+3.72850e+04 -7.79310e+04 2010163 1 7.0130e-01
+3.11744e+04 -7.72617e+04 2010117 1 6.4376e-01
+3.62400e+04 -7.76843e+04 2010162 1 6.9306e-01
+3.20615e+04 -7.76992e+04 2010118 1 6.6756e-01
+2.46505e+04 -7.57318e+04 2010030 1 5.3776e-01
+2.74191e+04 -7.64791e+04 2010073 1 5.7884e-01
+4.16382e+04 -8.28533e+04 1010786 1 7.5634e-01
+4.05985e+04 -8.37960e+04 1010747 1 7.7495e-01
+4.11226e+04 -8.47154e+04 1010709 1 7.7847e-01
+4.08032e+04 -8.64218e+04 1010632 1 7.8652e-01
+4.21264e+04 -8.38061e+04 1010748 1 7.5937e-01
+4.17680e+04 -8.55837e+04 1010671 1 7.7969e-01
+4.17027e+04 -8.72175e+04 1010594 0 7.3602e-01
+4.25493e+04 -8.64052e+04 1010633 1 7.6728e-01
+4.24511e+04 -8.87423e+04 1010517 0 5.9709e-01
+4.28673e+04 -8.79762e+04 1010556 0 6.5901e-01
+4.41978e+04 -8.94596e+04 1010479 0 5.6731e-01
+4.55136e+04 -9.57910e+04 1010163 0 1.6552e+00
+4.46809e+04 -9.09477e+04 1010401 0 6.6804e-01
+4.47195e+04 -8.79303e+04 1010557 0 6.4695e-01
+4.52991e+04 -9.16934e+04 1010362 0 7.7641e-01
+4.54816e+04 -9.32495e+04 1010283 0 1.0701e+00
+4.55114e+04 -8.18469e+04 3010008 1 7.1010e-01
+4.60890e+04 -8.94083e+04 1010480 0 5.5754e-01
+4.65618e+04 -9.09051e+04 1010402 0 6.4640e-01
+4.59386e+04 -7.97903e+04 3010085 1 6.9284e-01
+4.61615e+04 -9.24499e+04 1010323 0 8.9104e-01
+4.62110e+04 -8.86464e+04 1010519 0 5.7958e-01
+1.07956e+04 -7.44428e+04 10518 0 6.7325e-01
+1.12397e+04 -7.54042e+04 10519 0 6.5336e-01
+1.17181e+04 -7.63771e+04 10520 0 6.3287e-01
+1.22368e+04 -7.73561e+04 10521 0 6.1245e-01
+1.28032e+04 -7.83374e+04 10522 0 5.9374e-01
+1.34240e+04 -7.93150e+04 10523 0 5.7774e-01
+1.41072e+04 -8.02835e+04 10524 0 5.6225e-01
+1.48590e+04 -8.12355e+04 10525 0 5.4546e-01
+1.56853e+04 -8.21629e+04 10526 0 5.2509e-01
+1.65897e+04 -8.30564e+04 10527 0 5.0510e-01
+1.75855e+04 -8.39153e+04 10528 0 5.9731e-01
+1.86909e+04 -8.47383e+04 10529 0 5.9769e-01
+1.98933e+04 -8.55063e+04 10530 0 5.5066e-01
+2.11848e+04 -8.62110e+04 10531 0 5.7785e-01
+2.25971e+04 -8.68554e+04 10532 0 5.6655e-01
+3.39815e+04 -7.84360e+04 2010120 1 7.0420e-01
+3.50111e+04 -7.87375e+04 2010121 1 7.1742e-01
+3.29976e+04 -7.80904e+04 2010119 1 6.8730e-01
+2.89545e+04 -7.76481e+04 2010075 1 6.3881e-01
+2.81601e+04 -7.70872e+04 2010074 1 6.0906e-01
+3.94892e+04 -7.83105e+04 3010118 1 7.0912e-01
+3.90917e+04 -8.37548e+04 1010746 1 7.8845e-01
+4.06436e+04 -7.84475e+04 3010119 1 7.0903e-01
+4.01883e+04 -8.28213e+04 1010785 1 7.6910e-01
+4.00976e+04 -8.55830e+04 1010670 1 7.9901e-01
+3.95332e+04 -8.46955e+04 1010708 1 7.9514e-01
+4.10093e+04 -8.79982e+04 1010555 0 6.6894e-01
+4.05583e+04 -8.87566e+04 1010516 0 6.0386e-01
+3.98940e+04 -8.72215e+04 1010593 0 7.4950e-01
+4.03813e+04 -8.95024e+04 1010477 0 5.8331e-01
+4.22939e+04 -8.94927e+04 1010478 0 5.7603e-01
+4.24037e+04 -9.02349e+04 1010439 0 6.0462e-01
+4.27854e+04 -9.09758e+04 1010400 0 6.9005e-01
+4.34308e+04 -9.17208e+04 1010361 0 8.0816e-01
+4.43350e+04 -9.24764e+04 1010322 0 9.2975e-01
+4.51364e+04 -9.40641e+04 1010243 0 1.2541e+00
+4.51474e+04 -9.49077e+04 1010203 0 1.4419e+00
+4.59210e+04 -7.51465e+04 3010238 1 6.3576e-01
+1.19968e+04 -7.38790e+04 10560 0 5.7895e-01
+1.24383e+04 -7.49082e+04 10561 0 5.6278e-01
+1.29199e+04 -7.59462e+04 10562 0 5.4395e-01
+1.34486e+04 -7.69871e+04 10563 0 5.2748e-01
+1.40331e+04 -7.80263e+04 10564 0 5.2003e-01
+1.46808e+04 -7.90567e+04 10565 0 5.2208e-01
+1.53997e+04 -8.00707e+04 10566 0 5.2588e-01
+1.61942e+04 -8.10575e+04 10567 0 5.2692e-01
+1.70656e+04 -8.20055e+04 10568 0 5.2071e-01
+1.80433e+04 -8.29248e+04 10569 0 5.7966e-01
+1.91260e+04 -8.37987e+04 10570 0 5.4731e-01
+2.02954e+04 -8.46075e+04 10571 0 4.9108e-01
+2.15852e+04 -8.53573e+04 10572 0 5.5963e-01
+2.29718e+04 -8.60333e+04 10573 0 5.3344e-01
+3.60847e+04 -7.89962e+04 2010122 1 7.2520e-01
+2.20726e+04 -7.44861e+04 10848 1 5.4122e-01
+3.72001e+04 -7.92139e+04 3010078 1 7.2974e-01
+3.83545e+04 -7.93927e+04 3010079 1 7.3162e-01
+3.07067e+04 -7.86252e+04 2010077 1 6.8931e-01
+2.98036e+04 -7.81608e+04 2010076 1 6.6505e-01
+3.87638e+04 -8.27573e+04 1010784 1 7.7951e-01
+3.79640e+04 -8.46412e+04 1010707 1 8.0987e-01
+2.52795e+04 -7.64692e+04 2010031 1 5.6908e-01
+3.84410e+04 -8.55494e+04 1010669 1 8.1669e-01
+3.80904e+04 -8.71912e+04 1010592 0 7.6064e-01
+3.90639e+04 -8.64074e+04 1010631 1 8.0357e-01
+3.91499e+04 -8.79904e+04 1010554 0 6.7684e-01
+3.89660e+04 -9.09714e+04 1010398 0 7.3425e-01
+3.86630e+04 -8.87405e+04 1010515 0 6.0782e-01
+4.04863e+04 -9.02432e+04 1010438 0 6.1763e-01
+4.08789e+04 -9.09853e+04 1010399 0 7.1187e-01
+4.19057e+04 -9.32726e+04 1010281 0 1.1673e+00
+4.15504e+04 -9.17330e+04 1010360 0 8.4044e-01
+4.39488e+04 -9.57946e+04 1010162 0 1.7250e+00
+4.34122e+04 -9.40742e+04 1010242 0 1.3105e+00
+4.26534e+04 -8.18700e+04 3010006 1 7.3872e-01
+4.36986e+04 -9.32663e+04 1010282 0 1.1184e+00
+4.46106e+04 -7.97911e+04 3010084 1 7.0445e-01
+4.50162e+04 -8.08472e+04 3010046 1 7.0909e-01
+4.62274e+04 -9.67243e+04 1010123 0 1.8589e+00
+4.61661e+04 -7.63916e+04 3010200 1 6.5326e-01
+1.33754e+04 -7.39199e+04 10602 0 5.5460e-01
+4.67903e+04 -9.48965e+04 1010204 0 1.3801e+00
+4.68398e+04 -7.87011e+04 3010124 1 6.7590e-01
+1.38283e+04 -7.49969e+04 10603 0 5.4907e-01
+1.43295e+04 -7.60766e+04 10604 0 5.3774e-01
+1.48882e+04 -7.71542e+04 10605 0 5.2781e-01
+1.55136e+04 -7.82230e+04 10606 0 5.5114e-01
+1.62131e+04 -7.92731e+04 10607 0 5.7718e-01
+1.69880e+04 -8.02898e+04 10608 0 5.9435e-01
+1.78459e+04 -8.12679e+04 10609 0 6.2614e-01
+1.88186e+04 -8.22174e+04 10610 0 6.0305e-01
+1.98829e+04 -8.31059e+04 10611 0 5.6600e-01
+2.10532e+04 -8.39325e+04 10612 0 6.2980e-01
+2.23308e+04 -8.46898e+04 10613 0 5.9017e-01
+2.37048e+04 -8.53669e+04 10614 0 6.2694e-01
+3.26711e+04 -7.94092e+04 2010079 1 7.2642e-01
+3.16628e+04 -7.90413e+04 2010078 1 7.0952e-01
+3.95450e+04 -7.95350e+04 3010080 1 7.3073e-01
+2.59649e+04 -7.71627e+04 2010032 1 5.9872e-01
+3.64202e+04 -8.45477e+04 1010706 1 8.2265e-01
+3.76105e+04 -8.36785e+04 1010745 1 7.9985e-01
+3.68037e+04 -8.54771e+04 1010668 1 8.3217e-01
+3.54507e+04 -8.78573e+04 1010552 0 6.8259e-01
+3.73369e+04 -8.63559e+04 1010630 1 8.1818e-01
+3.62982e+04 -8.71197e+04 1010591 0 7.6891e-01
+3.72947e+04 -8.79460e+04 1010553 0 6.8155e-01
+3.66432e+04 -9.01726e+04 1010436 0 6.3936e-01
+3.65512e+04 -8.94267e+04 1010475 0 5.9261e-01
+3.67715e+04 -8.86869e+04 1010514 0 6.1016e-01
+3.84649e+04 -8.94827e+04 1010476 0 5.8885e-01
+3.85639e+04 -9.02246e+04 1010437 0 6.2934e-01
+3.87955e+04 -9.24736e+04 1010319 0 1.0496e+00
+4.01063e+04 -9.32657e+04 1010280 0 1.2162e+00
+3.96622e+04 -9.17260e+04 1010359 0 8.7234e-01
+4.18402e+04 -9.49130e+04 1010201 0 1.5663e+00
+4.06479e+04 -9.24916e+04 1010320 0 1.0093e+00
+4.24959e+04 -9.24914e+04 1010321 0 9.6936e-01
+4.34966e+04 -9.49136e+04 1010202 0 1.5039e+00
+4.47588e+04 -9.67266e+04 1010122 0 1.9350e+00
+4.22941e+04 -8.08254e+04 3010044 1 7.3255e-01
+4.36442e+04 -8.08486e+04 3010045 1 7.2165e-01
+4.59108e+04 -9.77232e+04 1010082 0 2.1191e+00
+4.40731e+04 -8.18700e+04 3010007 1 7.2520e-01
+4.55524e+04 -7.86997e+04 3010123 1 6.8644e-01
+1.49489e+04 -7.45520e+04 10644 0 6.2076e-01
+1.54366e+04 -7.56483e+04 10645 0 6.2539e-01
+1.59856e+04 -7.67401e+04 10646 0 6.1796e-01
+1.66062e+04 -7.78208e+04 10647 0 6.5780e-01
+1.73020e+04 -7.88744e+04 10648 0 6.9917e-01
+1.80680e+04 -7.98824e+04 10649 0 7.1754e-01
+1.89466e+04 -8.08703e+04 10650 0 7.0741e-01
+1.99164e+04 -8.18015e+04 10651 0 6.8729e-01
+2.09857e+04 -8.26718e+04 10652 0 7.3639e-01
+2.21600e+04 -8.34749e+04 10653 0 6.9341e-01
+2.34326e+04 -8.42003e+04 10654 0 7.3080e-01
+2.48029e+04 -8.48446e+04 10655 0 7.1903e-01
+3.59849e+04 -8.02376e+04 3010039 1 7.5213e-01
+3.48348e+04 -8.00058e+04 2010081 1 7.4821e-01
+3.37293e+04 -7.97302e+04 2010080 1 7.3938e-01
+2.67072e+04 -7.78104e+04 2010033 1 6.3010e-01
+3.73692e+04 -8.26574e+04 1010783 1 7.8787e-01
+3.61597e+04 -8.35625e+04 1010744 1 8.0872e-01
+3.51914e+04 -8.53603e+04 1010667 1 8.4537e-01
+3.56284e+04 -8.62604e+04 1010629 1 8.2956e-01
+3.45244e+04 -8.69993e+04 1010590 0 7.7365e-01
+3.36266e+04 -8.77163e+04 1010551 0 6.7958e-01
+3.48916e+04 -8.85884e+04 1010513 0 6.1035e-01
+3.46484e+04 -8.93272e+04 1010474 0 5.9493e-01
+3.47325e+04 -9.00807e+04 1010435 0 6.4752e-01
+3.51474e+04 -9.08510e+04 1010396 0 7.7956e-01
+3.70530e+04 -9.09286e+04 1010397 0 7.5706e-01
+3.77716e+04 -9.16952e+04 1010358 0 9.0440e-01
+3.98830e+04 -8.17881e+04 3010004 1 7.6008e-01
+4.23799e+04 -9.57938e+04 1010161 0 1.7949e+00
+4.16803e+04 -9.40755e+04 1010241 0 1.3673e+00
+4.09691e+04 -8.07747e+04 3010043 1 7.4110e-01
+4.12556e+04 -8.18438e+04 3010005 1 7.5052e-01
+4.61200e+04 -9.88015e+04 1010041 0 2.3264e+00
+4.20229e+04 -7.97203e+04 3010082 1 7.2196e-01
+4.30449e+04 -7.86278e+04 3010121 1 7.0191e-01
+4.33044e+04 -7.97687e+04 3010083 1 7.1428e-01
+4.40353e+04 -7.74998e+04 3010160 1 6.8086e-01
+4.52406e+04 -7.75497e+04 3010161 1 6.7489e-01
+1.62845e+04 -7.46222e+04 10685 0 7.7312e-01
+1.67773e+04 -7.57065e+04 10686 0 7.7285e-01
+1.73380e+04 -7.67818e+04 10687 0 7.7377e-01
+1.79708e+04 -7.78328e+04 10688 0 8.1481e-01
+1.86709e+04 -7.88406e+04 10689 0 8.3573e-01
+1.94738e+04 -7.98248e+04 10690 0 8.1751e-01
+2.03593e+04 -8.07527e+04 10691 0 8.0633e-01
+2.13464e+04 -8.16272e+04 10692 0 8.2309e-01
+2.24202e+04 -8.24317e+04 10693 0 8.0519e-01
+2.35973e+04 -8.31661e+04 10694 0 8.2791e-01
+2.48579e+04 -8.38212e+04 10695 0 8.2614e-01
+2.62079e+04 -8.43964e+04 10696 1 8.3900e-01
+3.71768e+04 -8.04278e+04 3010040 1 7.5321e-01
+3.60087e+04 -8.25180e+04 1010782 1 7.9328e-01
+2.75090e+04 -7.84098e+04 2010034 1 6.5856e-01
+3.49073e+04 -8.44097e+04 1010705 1 8.3296e-01
+3.36110e+04 -8.51931e+04 1010666 1 8.5586e-01
+3.39455e+04 -8.61145e+04 1010628 1 8.3904e-01
+3.27773e+04 -8.68225e+04 1010589 0 7.7535e-01
+3.18326e+04 -8.75150e+04 1010550 0 6.7010e-01
+3.30323e+04 -8.84367e+04 1010512 0 6.0908e-01
+3.27662e+04 -8.91764e+04 1010473 0 5.9429e-01
+3.28419e+04 -8.99418e+04 1010434 0 6.5508e-01
+3.32584e+04 -9.07322e+04 1010395 0 8.0184e-01
+3.58856e+04 -9.16357e+04 1010357 0 9.3559e-01
+3.51024e+04 -9.23666e+04 1010317 0 1.1313e+00
+3.69447e+04 -9.24333e+04 1010318 0 1.0904e+00
+3.83051e+04 -9.32426e+04 1010279 0 1.2653e+00
+3.82083e+04 -9.40434e+04 1010239 0 1.4779e+00
+3.85395e+04 -8.16996e+04 3010003 1 7.6741e-01
+4.08091e+04 -9.57877e+04 1010160 0 1.8640e+00
+3.99443e+04 -9.40659e+04 1010240 0 1.4232e+00
+3.96723e+04 -8.06936e+04 3010042 1 7.4762e-01
+4.45444e+04 -9.77234e+04 1010081 0 2.2000e+00
+4.32873e+04 -9.67264e+04 1010121 0 2.0109e+00
+4.07688e+04 -7.96434e+04 3010081 1 7.2754e-01
+4.18297e+04 -7.85525e+04 3010120 1 7.0667e-01
+4.49940e+04 -7.63386e+04 3010199 1 6.5814e-01
+4.64693e+04 -7.75760e+04 3010162 1 6.6699e-01
+4.64072e+04 -8.08241e+04 3010047 1 6.9495e-01
+1.73652e+04 -7.40044e+04 10725 1 8.4646e-01
+1.78195e+04 -7.50521e+04 10726 1 8.4785e-01
+1.83337e+04 -7.60830e+04 10727 1 8.3858e-01
+1.89143e+04 -7.70875e+04 10728 1 8.4852e-01
+1.95597e+04 -7.80589e+04 10729 1 8.4150e-01
+2.02935e+04 -7.89965e+04 10730 1 8.3748e-01
+2.11019e+04 -7.98856e+04 10731 1 8.4698e-01
+2.20040e+04 -8.07222e+04 10732 1 8.3639e-01
+2.29868e+04 -8.14984e+04 10733 1 8.5056e-01
+2.40591e+04 -8.22085e+04 10734 1 8.4707e-01
+2.52126e+04 -8.28488e+04 10735 1 8.6054e-01
+2.64480e+04 -8.34165e+04 10736 1 8.6343e-01
+2.77562e+04 -8.39112e+04 10737 1 8.6859e-01
+3.47443e+04 -8.34027e+04 1010743 1 8.1479e-01
+3.20699e+04 -8.49695e+04 1010665 1 8.6236e-01
+2.92900e+04 -7.94598e+04 2010036 1 7.0947e-01
+3.34315e+04 -8.42225e+04 1010704 1 8.4042e-01
+2.83696e+04 -7.89603e+04 2010035 1 6.8598e-01
+3.22956e+04 -8.59109e+04 1010627 1 8.4596e-01
+3.10664e+04 -8.65812e+04 1010588 0 7.7156e-01
+3.00796e+04 -8.72453e+04 1010549 0 6.6582e-01
+2.94187e+04 -8.79421e+04 1010510 0 5.9859e-01
+3.09164e+04 -8.89666e+04 1010472 0 5.8893e-01
+2.91132e+04 -8.86914e+04 1010471 0 5.7841e-01
+3.12041e+04 -8.82238e+04 1010511 0 6.0564e-01
+3.09822e+04 -8.97490e+04 1010433 0 6.6774e-01
+3.13967e+04 -9.05664e+04 1010394 0 8.2308e-01
+3.21624e+04 -9.14099e+04 1010355 0 9.8936e-01
+3.32770e+04 -9.22692e+04 1010316 0 1.1712e+00
+3.47210e+04 -9.31353e+04 1010277 0 1.3595e+00
+3.40125e+04 -9.15423e+04 1010356 0 9.6461e-01
+3.85232e+04 -9.48861e+04 1010199 0 1.6895e+00
+3.64776e+04 -9.40055e+04 1010238 0 1.5296e+00
+3.65077e+04 -9.32002e+04 1010278 0 1.3128e+00
+4.01811e+04 -9.49043e+04 1010200 0 1.6281e+00
+4.31772e+04 -9.77223e+04 1010080 0 2.2801e+00
+4.68261e+04 -9.99826e+04 1010000 0 2.4677e+00
+3.84071e+04 -8.05789e+04 3010041 1 7.5161e-01
+3.21774e+04 -8.18283e+04 10860 1 7.9099e-01
+4.42866e+04 -7.86761e+04 3010122 1 6.9517e-01
+1.89639e+04 -7.44478e+04 10766 1 7.4512e-01
+1.94382e+04 -7.54268e+04 10767 1 7.6686e-01
+1.99721e+04 -7.63724e+04 10768 1 7.6305e-01
+2.05668e+04 -7.72939e+04 10769 1 7.5824e-01
+2.12347e+04 -7.81766e+04 10770 1 7.5966e-01
+2.19728e+04 -7.90179e+04 10771 1 7.7198e-01
+2.27889e+04 -7.98104e+04 10772 1 7.7382e-01
+2.36826e+04 -8.05496e+04 10773 1 7.9170e-01
+2.46548e+04 -8.12308e+04 10774 1 7.9917e-01
+2.57050e+04 -8.18503e+04 10775 1 8.1708e-01
+2.68303e+04 -8.24057e+04 10776 1 8.2649e-01
+2.80267e+04 -8.28962e+04 10777 1 8.3898e-01
+2.92912e+04 -8.33210e+04 10778 1 8.4345e-01
+3.02684e+04 -7.99085e+04 2010037 1 7.3100e-01
+3.46871e+04 -8.23353e+04 1010781 1 7.9550e-01
+3.33697e+04 -8.31950e+04 1010742 1 8.1821e-01
+3.19991e+04 -8.39813e+04 1010703 1 8.4460e-01
+3.06872e+04 -8.56431e+04 1010626 1 8.4957e-01
+3.05754e+04 -8.46844e+04 1010664 1 8.6802e-01
+2.83771e+04 -8.69002e+04 1010548 0 6.5952e-01
+2.94031e+04 -8.62684e+04 1010587 0 7.5936e-01
+2.76906e+04 -8.75853e+04 1010509 0 5.8038e-01
+2.73672e+04 -8.83449e+04 1010470 0 5.8204e-01
+2.91647e+04 -8.94961e+04 1010432 0 6.8019e-01
+2.95741e+04 -9.03482e+04 1010393 0 8.3970e-01
+2.74022e+04 -8.91782e+04 1010431 0 6.8801e-01
+2.85775e+04 -9.10107e+04 1010353 0 1.0409e+00
+3.03472e+04 -9.12340e+04 1010354 0 1.0079e+00
+2.78046e+04 -9.00735e+04 1010392 0 8.4516e-01
+2.97141e+04 -9.19673e+04 1010314 0 1.2449e+00
+3.14776e+04 -9.21373e+04 1010315 0 1.2097e+00
+3.29525e+04 -9.30446e+04 1010276 0 1.4026e+00
+3.47583e+04 -9.39499e+04 1010237 0 1.5777e+00
+3.68707e+04 -9.48569e+04 1010198 0 1.7493e+00
+3.92394e+04 -9.57754e+04 1010159 0 1.9313e+00
+3.52285e+04 -9.48149e+04 1010197 0 1.8066e+00
+4.48633e+04 -9.88014e+04 1010040 0 2.4110e+00
+3.76740e+04 -9.57559e+04 1010158 0 1.9960e+00
+4.18145e+04 -9.67232e+04 1010120 0 2.0858e+00
+3.72288e+04 -8.15748e+04 3010002 1 7.7234e-01
+4.28556e+04 -7.74240e+04 3010159 1 6.8466e-01
+2.05407e+04 -7.46078e+04 10807 1 6.1651e-01
+2.10346e+04 -7.55145e+04 10808 1 6.5358e-01
+2.15826e+04 -7.63953e+04 10809 1 6.5955e-01
+2.21937e+04 -7.72404e+04 10810 1 6.6608e-01
+2.28689e+04 -7.80464e+04 10811 1 6.8380e-01
+2.36112e+04 -7.88079e+04 10812 1 7.0122e-01
+2.44252e+04 -7.95200e+04 10813 1 7.2142e-01
+2.53091e+04 -8.01805e+04 10814 1 7.4196e-01
+2.62655e+04 -8.07853e+04 10815 1 7.6079e-01
+2.72911e+04 -8.13330e+04 10816 1 7.7908e-01
+2.83854e+04 -8.18217e+04 10817 1 7.9615e-01
+2.95447e+04 -8.22510e+04 10818 1 8.0743e-01
+3.07644e+04 -8.26221e+04 10819 1 8.1512e-01
+3.35333e+04 -8.09526e+04 2010040 1 7.6897e-01
+3.47219e+04 -8.12041e+04 3010000 1 7.7390e-01
+3.13031e+04 -8.03065e+04 2010038 1 7.4846e-01
+3.34085e+04 -8.21064e+04 1010780 1 7.9502e-01
+3.20412e+04 -8.29359e+04 1010741 1 8.1864e-01
+2.77982e+04 -8.58775e+04 1010586 0 7.5440e-01
+3.06172e+04 -8.36819e+04 1010702 1 8.4495e-01
+2.91295e+04 -8.53047e+04 1010625 1 8.4854e-01
+3.23925e+04 -8.06540e+04 2010039 1 7.6088e-01
+2.67382e+04 -8.64736e+04 1010547 0 6.4418e-01
+2.56889e+04 -8.79232e+04 1010469 0 5.8085e-01
+2.60347e+04 -8.71493e+04 1010508 0 5.7507e-01
+2.57097e+04 -8.87930e+04 1010430 0 6.7601e-01
+2.91348e+04 -8.43330e+04 1010663 1 8.7076e-01
+2.61019e+04 -8.97400e+04 1010391 0 8.6335e-01
+2.76341e+04 -8.48903e+04 1010624 1 8.3946e-01
+2.68621e+04 -9.07371e+04 1010352 0 1.0700e+00
+2.79964e+04 -9.17569e+04 1010313 0 1.2740e+00
+2.62590e+04 -8.54035e+04 1010585 0 7.4619e-01
+2.51809e+04 -8.59634e+04 1010546 0 6.2588e-01
+2.44548e+04 -8.66310e+04 1010507 0 5.7190e-01
+2.40959e+04 -8.74264e+04 1010468 0 5.4495e-01
+2.95060e+04 -9.27753e+04 1010274 0 1.4701e+00
+2.41020e+04 -8.83398e+04 1010429 0 6.9135e-01
+2.44698e+04 -8.93457e+04 1010390 0 8.8724e-01
+3.30575e+04 -9.38743e+04 1010236 0 1.6194e+00
+2.52110e+04 -9.04122e+04 1010351 0 1.0900e+00
+3.12112e+04 -9.29253e+04 1010275 0 1.4407e+00
+2.63351e+04 -9.15048e+04 1010312 0 1.2899e+00
+3.36023e+04 -9.47586e+04 1010196 0 1.8601e+00
+3.61168e+04 -9.57281e+04 1010157 0 2.0577e+00
+2.78473e+04 -9.25930e+04 1010273 0 1.4835e+00
+3.59550e+04 -8.14107e+04 3010001 1 7.7459e-01
+2.97433e+04 -9.36563e+04 1010234 0 1.6879e+00
+3.19981e+04 -9.46866e+04 1010195 0 1.9084e+00
+4.18103e+04 -9.77197e+04 1010079 0 2.3580e+00
+3.74099e+04 -9.66905e+04 1010117 0 2.2955e+00
+4.36068e+04 -9.88009e+04 1010039 0 2.4948e+00
+4.04452e+04 -9.77153e+04 1010078 0 2.4339e+00
+3.13832e+04 -9.37770e+04 1010235 0 1.6508e+00
+4.03424e+04 -9.67165e+04 1010119 0 2.1588e+00
+3.45720e+04 -9.56911e+04 1010156 0 2.1148e+00
+2.25816e+04 -7.53434e+04 10849 1 5.6799e-01
+3.88733e+04 -9.67058e+04 1010118 0 2.2290e+00
+2.31450e+04 -7.61666e+04 10850 1 5.8236e-01
+2.37661e+04 -7.69523e+04 10851 1 6.0629e-01
+2.44467e+04 -7.76957e+04 10852 1 6.3270e-01
+2.51910e+04 -7.83932e+04 10853 1 6.5594e-01
+2.59986e+04 -7.90428e+04 10854 1 6.8478e-01
+2.68721e+04 -7.96409e+04 10855 1 7.0851e-01
+2.78098e+04 -8.01867e+04 10856 1 7.3270e-01
+2.88119e+04 -8.06782e+04 10857 1 7.5300e-01
+2.98757e+04 -8.11154e+04 10858 1 7.7026e-01
+3.09984e+04 -8.14986e+04 10859 1 7.8348e-01
+4.68503e+04 -9.40469e+04 1010244 0 1.1980e+00
+3.13970e+04 -7.37519e+04 2010196 1 5.1184e-01
