+4.74134e+04 -2.36631e+04 6010074 1 3.5188e-01
+4.71914e+04 -2.22799e+04 6010115 1 3.5977e-01
+5.23618e+04 -2.29937e+04 6010120 1 3.2044e-01
+5.03268e+04 -2.27298e+04 6010118 1 3.3539e-01
+5.13493e+04 -2.28653e+04 6010119 1 3.2767e-01
+4.69395e+04 -2.09044e+04 6010156 1 3.6881e-01
+5.11253e+04 -2.14381e+04 6010160 1 3.3735e-01
+5.18963e+04 -2.01255e+04 6010202 1 3.4093e-01
+5.21449e+04 -2.15552e+04 6010161 1 3.2989e-01
+5.33650e+04 -2.31150e+04 6010121 1 3.1373e-01
+5.00957e+04 -2.13145e+04 6010159 1 3.4525e-01
+4.82486e+04 -2.24371e+04 6010116 1 3.5172e-01
+5.43597e+04 -2.32295e+04 6010122 1 3.0767e-01
+5.31552e+04 -2.16659e+04 6010162 1 3.2291e-01
+5.41569e+04 -2.17704e+04 6010163 1 3.1651e-01
+5.16150e+04 -1.87052e+04 6010243 1 3.5341e-01
+5.29136e+04 -2.02258e+04 6010203 1 3.3369e-01
+5.26395e+04 -1.87951e+04 6010244 1 3.4622e-01
+5.39223e+04 -2.03204e+04 6010204 1 3.2692e-01
+5.36554e+04 -1.88799e+04 6010245 1 3.3914e-01
+5.23319e+04 -1.73742e+04 6010285 1 3.5954e-01
+5.33550e+04 -1.74496e+04 6010286 1 3.5279e-01
+5.19901e+04 -1.59636e+04 6010326 1 3.7417e-01
+5.16129e+04 -1.45636e+04 6010367 1 3.9063e-01
+5.22440e+04 -1.32236e+04 6010409 1 4.0157e-01
+5.30204e+04 -1.60298e+04 6010327 1 3.6721e-01
+5.26505e+04 -1.46209e+04 6010368 1 3.8345e-01
+5.13149e+04 -1.04652e+04 6010491 1 4.4442e-01
+5.17994e+04 -1.18382e+04 6010450 1 4.2181e-01
+5.07885e+04 -9.10508e+03 6010532 1 4.6959e-01
+5.02181e+04 -7.75838e+03 6010573 1 4.9772e-01
+4.96013e+04 -6.42551e+03 6010614 1 5.2922e-01
+4.80035e+04 -2.10477e+04 6010157 1 3.6090e-01
+4.92935e+04 -2.25871e+04 6010117 1 3.4352e-01
+4.90553e+04 -2.11844e+04 6010158 1 3.5316e-01
+4.87859e+04 -1.97900e+04 6010199 1 3.6354e-01
+4.98330e+04 -1.99077e+04 6010200 1 3.5604e-01
+4.77274e+04 -1.96664e+04 6010198 1 3.7117e-01
+4.84845e+04 -1.84042e+04 6010240 1 3.7530e-01
+5.08696e+04 -2.00196e+04 6010201 1 3.4862e-01
+4.81501e+04 -1.70271e+04 6010281 1 3.8859e-01
+5.05815e+04 -1.86101e+04 6010242 1 3.6053e-01
+4.95382e+04 -1.85098e+04 6010241 1 3.6785e-01
+4.92102e+04 -1.71208e+04 6010282 1 3.8120e-01
+5.02601e+04 -1.72099e+04 6010283 1 3.7385e-01
+4.88481e+04 -1.57411e+04 6010323 1 3.9607e-01
+4.99045e+04 -1.58193e+04 6010324 1 3.8864e-01
+5.09517e+04 -1.58935e+04 6010325 1 3.8133e-01
+4.84504e+04 -1.43709e+04 6010364 1 4.1275e-01
+4.95134e+04 -1.44387e+04 6010365 1 4.0533e-01
+5.13005e+04 -1.72943e+04 6010284 1 3.6659e-01
+5.05674e+04 -1.45029e+04 6010366 1 3.9795e-01
+5.01461e+04 -1.31230e+04 6010407 1 4.1650e-01
+4.86436e+04 -9.05082e+03 6010530 1 4.8596e-01
+4.86185e+04 -1.17083e+04 6010447 1 4.4476e-01
+5.11989e+04 -1.31747e+04 6010408 1 4.0900e-01
+4.90853e+04 -1.30682e+04 6010406 1 4.2400e-01
+4.96863e+04 -1.17541e+04 6010448 1 4.3714e-01
+4.91862e+04 -1.03966e+04 6010489 1 4.6026e-01
+4.78384e+04 -5.09730e+03 6010654 1 5.7448e-01
+5.07465e+04 -1.17974e+04 6010449 1 4.2948e-01
+5.02539e+04 -1.04319e+04 6010490 1 4.5240e-01
+4.82173e+04 -3.80290e+03 6010696 1 6.0617e-01
+4.85140e+04 -6.41110e+03 6010613 1 5.3830e-01
+4.97191e+04 -9.07875e+03 6010531 1 4.7786e-01
+4.74435e+04 -2.51390e+03 6010737 1 6.5727e-01
+4.91400e+04 -7.73836e+03 6010572 1 5.0636e-01
+4.89354e+04 -5.10688e+03 6010655 1 5.6493e-01
+5.53464e+04 -2.33371e+04 7010078 1 3.0217e-01
+5.63258e+04 -2.34382e+04 7010079 1 2.9713e-01
+5.72985e+04 -2.35329e+04 7010080 1 2.9252e-01
+5.82649e+04 -2.36213e+04 7010081 1 2.8819e-01
+5.92256e+04 -2.37037e+04 7010082 1 2.8411e-01
+4.70791e+04 -1.69286e+04 6010280 1 3.9602e-01
+4.74196e+04 -1.82933e+04 6010239 1 3.8282e-01
+4.77817e+04 -1.56588e+04 6010322 1 4.0347e-01
+4.80158e+04 -1.30105e+04 6010405 1 4.3150e-01
+4.73778e+04 -1.42996e+04 6010363 1 4.2012e-01
+4.69371e+04 -1.29497e+04 6010404 1 4.3886e-01
+4.75425e+04 -1.16601e+04 6010446 1 4.5230e-01
+4.70287e+04 -1.03199e+04 6010487 1 4.7563e-01
+4.81112e+04 -1.03593e+04 6010488 1 4.6804e-01
+4.74218e+04 -6.39580e+03 6010612 1 5.4706e-01
+4.71099e+04 -3.79728e+03 6010695 1 6.1642e-01
+4.75614e+04 -9.02126e+03 6010529 1 4.9392e-01
+4.69667e+04 -7.69464e+03 6010570 1 5.2293e-01
+4.80563e+04 -7.71712e+03 6010571 1 5.1478e-01
+5.51505e+04 -2.18687e+04 7010117 1 3.1064e-01
+5.61368e+04 -2.19610e+04 7010118 1 3.0520e-01
+5.71162e+04 -2.20475e+04 7010119 1 3.0012e-01
+5.80892e+04 -2.21283e+04 7010120 1 2.9531e-01
+5.90565e+04 -2.22037e+04 7010121 1 2.9074e-01
+6.00184e+04 -2.22738e+04 7010122 1 2.8644e-01
+6.09753e+04 -2.23388e+04 7010123 1 2.8236e-01
+6.19277e+04 -2.23990e+04 7010124 1 2.7851e-01
+6.28760e+04 -2.24545e+04 7010125 1 2.7486e-01
+6.38205e+04 -2.25056e+04 7010126 1 2.7134e-01
+6.47616e+04 -2.25525e+04 7010127 1 2.6800e-01
+6.56995e+04 -2.25954e+04 7010128 1 2.6485e-01
+6.66345e+04 -2.26345e+04 7010129 1 2.6186e-01
+6.75670e+04 -2.26701e+04 7010130 1 2.5905e-01
+6.84971e+04 -2.27023e+04 7010131 1 2.5635e-01
+6.94252e+04 -2.27314e+04 7010132 1 2.5376e-01
+7.03514e+04 -2.27576e+04 7010133 1 2.5131e-01
+7.12759e+04 -2.27811e+04 7010134 1 2.4898e-01
+7.21990e+04 -2.28020e+04 7010135 1 2.4678e-01
+7.31207e+04 -2.28207e+04 7010136 1 2.4470e-01
+7.40412e+04 -2.28372e+04 7010137 1 2.4268e-01
+7.49608e+04 -2.28517e+04 7010138 1 2.4076e-01
+7.58794e+04 -2.28644e+04 7010139 1 2.3896e-01
+7.67972e+04 -2.28755e+04 7010140 1 2.3728e-01
+7.77144e+04 -2.28851e+04 7010141 1 2.3573e-01
+7.86310e+04 -2.28934e+04 7010142 1 2.3418e-01
+7.95470e+04 -2.29005e+04 7010143 1 2.3275e-01
+8.04627e+04 -2.29066e+04 7010144 1 2.3144e-01
+8.13779e+04 -2.29117e+04 7010145 1 2.3025e-01
+8.22929e+04 -2.29160e+04 7010146 1 2.2920e-01
+8.32077e+04 -2.29196e+04 7010147 1 2.2815e-01
+8.41222e+04 -2.29225e+04 7010148 1 2.2721e-01
+8.50365e+04 -2.29249e+04 7010149 1 2.2640e-01
+8.59507e+04 -2.29268e+04 7010150 1 2.2572e-01
+8.68648e+04 -2.29284e+04 7010151 1 2.2520e-01
+8.77788e+04 -2.29296e+04 7010152 1 2.2468e-01
+8.86927e+04 -2.29305e+04 7010153 1 2.2428e-01
+8.96066e+04 -2.29311e+04 7010154 1 2.2399e-01
+9.05204e+04 -2.29314e+04 7010155 1 2.2383e-01
+5.49230e+04 -2.04094e+04 7010156 1 3.2071e-01
+5.59163e+04 -2.04930e+04 7010157 1 3.1482e-01
+5.69027e+04 -2.05714e+04 7010158 1 3.0924e-01
+5.78827e+04 -2.06446e+04 7010159 1 3.0394e-01
+5.88568e+04 -2.07129e+04 7010160 1 2.9887e-01
+5.98255e+04 -2.07765e+04 7010161 1 2.9403e-01
+6.07891e+04 -2.08354e+04 7010162 1 2.8939e-01
+6.17482e+04 -2.08900e+04 7010163 1 2.8498e-01
+6.27030e+04 -2.09403e+04 7010164 1 2.8071e-01
+6.36540e+04 -2.09866e+04 7010165 1 2.7660e-01
+6.46015e+04 -2.10291e+04 7010166 1 2.7267e-01
+6.55457e+04 -2.10680e+04 7010167 1 2.6890e-01
+6.64871e+04 -2.11035e+04 7010168 1 2.6533e-01
+6.74257e+04 -2.11357e+04 7010169 1 2.6190e-01
+6.83620e+04 -2.11649e+04 7010170 1 2.5858e-01
+6.92961e+04 -2.11913e+04 7010171 1 2.5540e-01
+7.02283e+04 -2.12150e+04 7010172 1 2.5236e-01
+7.11587e+04 -2.12363e+04 7010173 1 2.4949e-01
+7.20876e+04 -2.12553e+04 7010174 1 2.4676e-01
+7.30150e+04 -2.12721e+04 7010175 1 2.4414e-01
+7.39413e+04 -2.12870e+04 7010176 1 2.4163e-01
+7.48664e+04 -2.13002e+04 7010177 1 2.3925e-01
+7.57906e+04 -2.13117e+04 7010178 1 2.3702e-01
+7.67140e+04 -2.13217e+04 7010179 1 2.3493e-01
+7.76366e+04 -2.13304e+04 7010180 1 2.3296e-01
+7.85586e+04 -2.13379e+04 7010181 1 2.3106e-01
+7.94800e+04 -2.13443e+04 7010182 1 2.2930e-01
+8.04010e+04 -2.13498e+04 7010183 1 2.2769e-01
+8.13215e+04 -2.13544e+04 7010184 1 2.2622e-01
+8.22417e+04 -2.13583e+04 7010185 1 2.2489e-01
+8.31617e+04 -2.13615e+04 7010186 1 2.2361e-01
+8.40814e+04 -2.13641e+04 7010187 1 2.2248e-01
+8.50009e+04 -2.13663e+04 7010188 1 2.2149e-01
+8.59202e+04 -2.13680e+04 7010189 1 2.2066e-01
+8.68394e+04 -2.13694e+04 7010190 1 2.1999e-01
+8.77585e+04 -2.13705e+04 7010191 1 2.1936e-01
+8.86776e+04 -2.13713e+04 7010192 1 2.1888e-01
+8.95965e+04 -2.13718e+04 7010193 1 2.1854e-01
+9.05154e+04 -2.13721e+04 7010194 1 2.1834e-01
+5.46633e+04 -1.89598e+04 7010195 1 3.3245e-01
+5.56637e+04 -1.90349e+04 7010196 1 3.2614e-01
+5.66573e+04 -1.91052e+04 7010197 1 3.2008e-01
+5.76446e+04 -1.91710e+04 7010198 1 3.1428e-01
+5.86259e+04 -1.92323e+04 7010199 1 3.0869e-01
+5.96017e+04 -1.92893e+04 7010200 1 3.0329e-01
+6.05726e+04 -1.93422e+04 7010201 1 2.9807e-01
+6.15388e+04 -1.93911e+04 7010202 1 2.9296e-01
+6.25007e+04 -1.94363e+04 7010203 1 2.8805e-01
+6.34588e+04 -1.94778e+04 7010204 1 2.8330e-01
+6.44133e+04 -1.95160e+04 7010205 1 2.7872e-01
+6.53645e+04 -1.95508e+04 7010206 1 2.7431e-01
+6.63128e+04 -1.95826e+04 7010207 1 2.7005e-01
+6.72583e+04 -1.96115e+04 7010208 1 2.6589e-01
+6.82015e+04 -1.96377e+04 7010209 1 2.6191e-01
+6.91424e+04 -1.96613e+04 7010210 1 2.5806e-01
+7.00813e+04 -1.96825e+04 7010211 1 2.5439e-01
+7.10184e+04 -1.97016e+04 7010212 1 2.5087e-01
+7.19540e+04 -1.97185e+04 7010213 1 2.4750e-01
+7.28881e+04 -1.97336e+04 7010214 1 2.4422e-01
+7.38209e+04 -1.97469e+04 7010215 1 2.4111e-01
+7.47526e+04 -1.97586e+04 7010216 1 2.3816e-01
+7.56833e+04 -1.97689e+04 7010217 1 2.3537e-01
+7.66132e+04 -1.97778e+04 7010218 1 2.3275e-01
+7.75422e+04 -1.97855e+04 7010219 1 2.3022e-01
+7.84707e+04 -1.97922e+04 7010220 1 2.2785e-01
+7.93985e+04 -1.97978e+04 7010221 1 2.2564e-01
+8.03258e+04 -1.98027e+04 7010222 1 2.2360e-01
+8.12527e+04 -1.98067e+04 7010223 1 2.2173e-01
+8.21793e+04 -1.98101e+04 7010224 1 2.2000e-01
+8.31055e+04 -1.98130e+04 7010225 1 2.1840e-01
+8.40315e+04 -1.98153e+04 7010226 1 2.1697e-01
+8.49573e+04 -1.98171e+04 7010227 1 2.1572e-01
+8.58829e+04 -1.98186e+04 7010228 1 2.1465e-01
+8.68084e+04 -1.98199e+04 7010229 1 2.1377e-01
+8.77337e+04 -1.98208e+04 7010230 1 2.1299e-01
+8.86590e+04 -1.98215e+04 7010231 1 2.1238e-01
+8.95842e+04 -1.98219e+04 7010232 1 2.1195e-01
+9.05093e+04 -1.98222e+04 7010233 1 2.1170e-01
+5.43702e+04 -1.75205e+04 7010234 1 3.4612e-01
+5.53781e+04 -1.75872e+04 7010235 1 3.3938e-01
+5.63792e+04 -1.76496e+04 7010236 1 3.3285e-01
+5.73740e+04 -1.77080e+04 7010237 1 3.2652e-01
+5.83629e+04 -1.77624e+04 7010238 1 3.2036e-01
+5.93464e+04 -1.78130e+04 7010239 1 3.1434e-01
+6.03249e+04 -1.78600e+04 7010240 1 3.0845e-01
+6.12988e+04 -1.79034e+04 7010241 1 3.0270e-01
+6.22684e+04 -1.79435e+04 7010242 1 2.9712e-01
+6.32341e+04 -1.79803e+04 7010243 1 2.9167e-01
+6.41963e+04 -1.80141e+04 7010244 1 2.8637e-01
+6.51552e+04 -1.80450e+04 7010245 1 2.8122e-01
+6.61111e+04 -1.80731e+04 7010246 1 2.7615e-01
+6.70643e+04 -1.80987e+04 7010247 1 2.7124e-01
+6.80150e+04 -1.81219e+04 7010248 1 2.6650e-01
+6.89635e+04 -1.81427e+04 7010249 1 2.6190e-01
+6.99101e+04 -1.81615e+04 7010250 1 2.5748e-01
+7.08548e+04 -1.81783e+04 7010251 1 2.5321e-01
+7.17979e+04 -1.81932e+04 7010252 1 2.4903e-01
+7.27396e+04 -1.82065e+04 7010253 1 2.4504e-01
+7.36799e+04 -1.82182e+04 7010254 1 2.4121e-01
+7.46192e+04 -1.82284e+04 7010255 1 2.3756e-01
+7.55574e+04 -1.82374e+04 7010256 1 2.3408e-01
+7.64947e+04 -1.82452e+04 7010257 1 2.3077e-01
+7.74313e+04 -1.82520e+04 7010258 1 2.2760e-01
+7.83672e+04 -1.82577e+04 7010259 1 2.2462e-01
+7.93024e+04 -1.82627e+04 7010260 1 2.2183e-01
+8.02372e+04 -1.82668e+04 7010261 1 2.1924e-01
+8.11716e+04 -1.82704e+04 7010262 1 2.1686e-01
+8.21056e+04 -1.82733e+04 7010263 1 2.1463e-01
+8.30392e+04 -1.82757e+04 7010264 1 2.1259e-01
+8.39726e+04 -1.82777e+04 7010265 1 2.1076e-01
+8.49058e+04 -1.82793e+04 7010266 1 2.0916e-01
+8.58387e+04 -1.82805e+04 7010267 1 2.0778e-01
+8.67716e+04 -1.82815e+04 7010268 1 2.0660e-01
+8.77043e+04 -1.82823e+04 7010269 1 2.0561e-01
+8.86370e+04 -1.82829e+04 7010270 1 2.0483e-01
+8.95695e+04 -1.82833e+04 7010271 1 2.0428e-01
+9.05021e+04 -1.82835e+04 7010272 1 2.0395e-01
+5.40430e+04 -1.60921e+04 7010273 1 3.6044e-01
+5.50585e+04 -1.61506e+04 7010274 1 3.5387e-01
+5.60674e+04 -1.62053e+04 7010275 1 3.4737e-01
+5.70700e+04 -1.62565e+04 7010276 1 3.4089e-01
+5.80670e+04 -1.63042e+04 7010277 1 3.3407e-01
+5.90585e+04 -1.63486e+04 7010278 1 3.2741e-01
+6.00452e+04 -1.63897e+04 7010279 1 3.2085e-01
+6.10272e+04 -1.64278e+04 7010280 1 3.1441e-01
+6.20051e+04 -1.64628e+04 7010281 1 3.0811e-01
+6.29792e+04 -1.64951e+04 7010282 1 3.0189e-01
+6.39497e+04 -1.65246e+04 7010283 1 2.9580e-01
+6.49169e+04 -1.65516e+04 7010284 1 2.8980e-01
+6.58812e+04 -1.65762e+04 7010285 1 2.8395e-01
+6.68429e+04 -1.65985e+04 7010286 1 2.7820e-01
+6.78021e+04 -1.66187e+04 7010287 1 2.7260e-01
+6.87590e+04 -1.66369e+04 7010288 1 2.6716e-01
+6.97140e+04 -1.66532e+04 7010289 1 2.6186e-01
+7.06673e+04 -1.66677e+04 7010290 1 2.5668e-01
+7.16189e+04 -1.66807e+04 7010291 1 2.5165e-01
+7.25690e+04 -1.66922e+04 7010292 1 2.4680e-01
+7.35179e+04 -1.67023e+04 7010293 1 2.4213e-01
+7.44656e+04 -1.67111e+04 7010294 1 2.3764e-01
+7.54124e+04 -1.67189e+04 7010295 1 2.3333e-01
+7.63583e+04 -1.67256e+04 7010296 1 2.2918e-01
+7.73033e+04 -1.67313e+04 7010297 1 2.2523e-01
+7.82477e+04 -1.67362e+04 7010298 1 2.2150e-01
+7.91916e+04 -1.67404e+04 7010299 1 2.1799e-01
+8.01349e+04 -1.67439e+04 7010300 1 2.1471e-01
+8.10778e+04 -1.67469e+04 7010301 1 2.1165e-01
+8.20203e+04 -1.67494e+04 7010302 1 2.0879e-01
+8.29625e+04 -1.67514e+04 7010303 1 2.0619e-01
+8.39044e+04 -1.67530e+04 7010304 1 2.0384e-01
+8.48461e+04 -1.67543e+04 7010305 1 2.0177e-01
+8.57876e+04 -1.67553e+04 7010306 1 1.9997e-01
+8.67290e+04 -1.67562e+04 7010307 1 1.9843e-01
+8.76703e+04 -1.67568e+04 7010308 1 1.9714e-01
+8.86115e+04 -1.67573e+04 7010309 1 1.9613e-01
+8.95526e+04 -1.67576e+04 7010310 1 1.9541e-01
+9.04937e+04 -1.67577e+04 7010311 1 1.9498e-01
+5.36807e+04 -1.46749e+04 7010312 1 3.7642e-01
+5.47040e+04 -1.47255e+04 7010313 1 3.6943e-01
+5.57209e+04 -1.47729e+04 7010314 1 3.6254e-01
+5.67317e+04 -1.48172e+04 7010315 1 3.5564e-01
+5.77370e+04 -1.48585e+04 7010316 1 3.4872e-01
+5.87371e+04 -1.48968e+04 7010317 1 3.4186e-01
+5.97323e+04 -1.49324e+04 7010318 1 3.3498e-01
+6.07232e+04 -1.49652e+04 7010319 1 3.2811e-01
+6.17100e+04 -1.49954e+04 7010320 1 3.2127e-01
+6.26930e+04 -1.50232e+04 7010321 1 3.1426e-01
+6.36725e+04 -1.50487e+04 7010322 1 3.0728e-01
+6.46489e+04 -1.50719e+04 7010323 1 3.0041e-01
+6.56224e+04 -1.50930e+04 7010324 1 2.9366e-01
+6.65933e+04 -1.51122e+04 7010325 1 2.8703e-01
+6.75618e+04 -1.51295e+04 7010326 1 2.8050e-01
+6.85281e+04 -1.51450e+04 7010327 1 2.7408e-01
+6.94925e+04 -1.51589e+04 7010328 1 2.6779e-01
+7.04551e+04 -1.51714e+04 7010329 1 2.6162e-01
+7.14162e+04 -1.51824e+04 7010330 1 2.5562e-01
+7.23758e+04 -1.51921e+04 7010331 1 2.4978e-01
+7.33342e+04 -1.52007e+04 7010332 1 2.4413e-01
+7.42915e+04 -1.52082e+04 7010333 1 2.3867e-01
+7.52479e+04 -1.52147e+04 7010334 1 2.3335e-01
+7.62033e+04 -1.52203e+04 7010335 1 2.2824e-01
+7.71580e+04 -1.52251e+04 7010336 1 2.2335e-01
+7.81120e+04 -1.52292e+04 7010337 1 2.1870e-01
+7.90655e+04 -1.52327e+04 7010338 1 2.1430e-01
+8.00185e+04 -1.52356e+04 7010339 1 2.1016e-01
+8.09710e+04 -1.52380e+04 7010340 1 2.0625e-01
+8.19232e+04 -1.52400e+04 7010341 1 2.0263e-01
+8.28751e+04 -1.52416e+04 7010342 1 1.9930e-01
+8.38267e+04 -1.52429e+04 7010343 1 1.9629e-01
+8.47781e+04 -1.52439e+04 7010344 1 1.9360e-01
+8.57294e+04 -1.52448e+04 7010345 1 1.9126e-01
+8.66805e+04 -1.52454e+04 7010346 1 1.8923e-01
+8.76315e+04 -1.52459e+04 7010347 1 1.8756e-01
+8.85824e+04 -1.52462e+04 7010348 1 1.8625e-01
+8.95333e+04 -1.52464e+04 7010349 1 1.8530e-01
+9.04841e+04 -1.52466e+04 7010350 1 1.8474e-01
+5.32821e+04 -1.32695e+04 7010351 1 3.9420e-01
+5.43135e+04 -1.33126e+04 7010352 1 3.8687e-01
+5.53387e+04 -1.33530e+04 7010353 1 3.7956e-01
+5.63581e+04 -1.33907e+04 7010354 1 3.7224e-01
+5.73722e+04 -1.34258e+04 7010355 1 3.6485e-01
+5.83812e+04 -1.34584e+04 7010356 1 3.5741e-01
+5.93857e+04 -1.34886e+04 7010357 1 3.4994e-01
+6.03859e+04 -1.35165e+04 7010358 1 3.4239e-01
+6.13821e+04 -1.35421e+04 7010359 1 3.3484e-01
+6.23747e+04 -1.35657e+04 7010360 1 3.2727e-01
+6.33640e+04 -1.35872e+04 7010361 1 3.1971e-01
+6.43503e+04 -1.36069e+04 7010362 1 3.1218e-01
+6.53338e+04 -1.36247e+04 7010363 1 3.0469e-01
+6.63147e+04 -1.36408e+04 7010364 1 2.9725e-01
+6.72934e+04 -1.36554e+04 7010365 1 2.8982e-01
+6.82700e+04 -1.36684e+04 7010366 1 2.8247e-01
+6.92447e+04 -1.36801e+04 7010367 1 2.7523e-01
+7.02177e+04 -1.36905e+04 7010368 1 2.6808e-01
+7.11892e+04 -1.36997e+04 7010369 1 2.6106e-01
+7.21594e+04 -1.37078e+04 7010370 1 2.5417e-01
+7.31284e+04 -1.37149e+04 7010371 1 2.4744e-01
+7.40963e+04 -1.37211e+04 7010372 1 2.4084e-01
+7.50632e+04 -1.37265e+04 7010373 1 2.3443e-01
+7.60294e+04 -1.37311e+04 7010374 1 2.2823e-01
+7.69948e+04 -1.37350e+04 7010375 1 2.2225e-01
+7.79596e+04 -1.37383e+04 7010376 1 2.1650e-01
+7.89238e+04 -1.37411e+04 7010377 1 2.1103e-01
+7.98876e+04 -1.37434e+04 7010378 1 2.0582e-01
+8.08510e+04 -1.37453e+04 7010379 1 2.0090e-01
+8.18141e+04 -1.37469e+04 7010380 1 1.9631e-01
+8.27768e+04 -1.37481e+04 7010381 1 1.9206e-01
+8.37393e+04 -1.37491e+04 7010382 1 1.8820e-01
+8.47017e+04 -1.37499e+04 7010383 1 1.8473e-01
+8.56639e+04 -1.37505e+04 7010384 1 1.8167e-01
+8.66259e+04 -1.37509e+04 7010385 1 1.7903e-01
+8.75879e+04 -1.37513e+04 7010386 1 1.7684e-01
+8.85497e+04 -1.37515e+04 7010387 1 1.7512e-01
+8.95115e+04 -1.37517e+04 7010388 1 1.7388e-01
+9.04733e+04 -1.37518e+04 7010389 1 1.7314e-01
+5.28456e+04 -1.18765e+04 7010390 1 4.1416e-01
+5.38855e+04 -1.19125e+04 7010391 1 4.0648e-01
+5.49194e+04 -1.19462e+04 7010392 1 3.9871e-01
+5.59479e+04 -1.19777e+04 7010393 1 3.9088e-01
+5.69713e+04 -1.20069e+04 7010394 1 3.8295e-01
+5.79899e+04 -1.20341e+04 7010395 1 3.7489e-01
+5.90041e+04 -1.20592e+04 7010396 1 3.6677e-01
+6.00143e+04 -1.20824e+04 7010397 1 3.5858e-01
+6.10207e+04 -1.21038e+04 7010398 1 3.5031e-01
+6.20237e+04 -1.21233e+04 7010399 1 3.4201e-01
+6.30235e+04 -1.21412e+04 7010400 1 3.3367e-01
+6.40205e+04 -1.21574e+04 7010401 1 3.2533e-01
+6.50148e+04 -1.21722e+04 7010402 1 3.1691e-01
+6.60067e+04 -1.21855e+04 7010403 1 3.0853e-01
+6.69964e+04 -1.21975e+04 7010404 1 3.0017e-01
+6.79842e+04 -1.22082e+04 7010405 1 2.9185e-01
+6.89702e+04 -1.22178e+04 7010406 1 2.8360e-01
+6.99546e+04 -1.22263e+04 7010407 1 2.7545e-01
+7.09376e+04 -1.22338e+04 7010408 1 2.6737e-01
+7.19193e+04 -1.22404e+04 7010409 1 2.5938e-01
+7.28999e+04 -1.22461e+04 7010410 1 2.5153e-01
+7.38795e+04 -1.22511e+04 7010411 1 2.4383e-01
+7.48582e+04 -1.22554e+04 7010412 1 2.3629e-01
+7.58361e+04 -1.22591e+04 7010413 1 2.2896e-01
+7.68134e+04 -1.22622e+04 7010414 1 2.2184e-01
+7.77901e+04 -1.22648e+04 7010415 1 2.1496e-01
+7.87663e+04 -1.22669e+04 7010416 1 2.0834e-01
+7.97421e+04 -1.22687e+04 7010417 1 2.0201e-01
+8.07175e+04 -1.22702e+04 7010418 1 1.9600e-01
+8.16926e+04 -1.22713e+04 7010419 1 1.9035e-01
+8.26675e+04 -1.22722e+04 7010420 1 1.8510e-01
+8.36421e+04 -1.22730e+04 7010421 1 1.8027e-01
+8.46166e+04 -1.22735e+04 7010422 1 1.7591e-01
+8.55909e+04 -1.22739e+04 7010423 1 1.7203e-01
+8.65651e+04 -1.22743e+04 7010424 1 1.6867e-01
+8.75393e+04 -1.22745e+04 7010425 1 1.6588e-01
+8.85133e+04 -1.22746e+04 7010426 1 1.6367e-01
+8.94873e+04 -1.22747e+04 7010427 1 1.6208e-01
+9.04613e+04 -1.22748e+04 7010428 1 1.6113e-01
+5.23695e+04 -1.04964e+04 7010429 1 4.3638e-01
+5.34182e+04 -1.05258e+04 7010430 1 4.2828e-01
+5.44614e+04 -1.05532e+04 7010431 1 4.2004e-01
+5.54995e+04 -1.05788e+04 7010432 1 4.1169e-01
+5.65327e+04 -1.06027e+04 7010433 1 4.0319e-01
+5.75616e+04 -1.06247e+04 7010434 1 3.9456e-01
+5.85862e+04 -1.06452e+04 7010435 1 3.8579e-01
+5.96071e+04 -1.06640e+04 7010436 1 3.7690e-01
+6.06245e+04 -1.06812e+04 7010437 1 3.6792e-01
+6.16387e+04 -1.06971e+04 7010438 1 3.5880e-01
+6.26499e+04 -1.07115e+04 7010439 1 3.4961e-01
+6.36584e+04 -1.07246e+04 7010440 1 3.4035e-01
+6.46645e+04 -1.07365e+04 7010441 1 3.3104e-01
+6.56683e+04 -1.07472e+04 7010442 1 3.2170e-01
+6.66701e+04 -1.07568e+04 7010443 1 3.1238e-01
+6.76700e+04 -1.07654e+04 7010444 1 3.0306e-01
+6.86683e+04 -1.07731e+04 7010445 1 2.9376e-01
+6.96652e+04 -1.07798e+04 7010446 1 2.8450e-01
+7.06607e+04 -1.07858e+04 7010447 1 2.7528e-01
+7.16551e+04 -1.07910e+04 7010448 1 2.6617e-01
+7.26484e+04 -1.07955e+04 7010449 1 2.5714e-01
+7.36408e+04 -1.07994e+04 7010450 1 2.4825e-01
+7.46324e+04 -1.08027e+04 7010451 1 2.3950e-01
+7.56234e+04 -1.08055e+04 7010452 1 2.3093e-01
+7.66137e+04 -1.08079e+04 7010453 1 2.2256e-01
+7.76035e+04 -1.08098e+04 7010454 1 2.1441e-01
+7.85928e+04 -1.08115e+04 7010455 1 2.0651e-01
+7.95818e+04 -1.08128e+04 7010456 1 1.9891e-01
+8.05705e+04 -1.08138e+04 7010457 1 1.9165e-01
+8.15588e+04 -1.08146e+04 7010458 1 1.8478e-01
+8.25470e+04 -1.08153e+04 7010459 1 1.7833e-01
+8.35350e+04 -1.08158e+04 7010460 1 1.7235e-01
+8.45228e+04 -1.08161e+04 7010461 1 1.6690e-01
+8.55105e+04 -1.08164e+04 7010462 1 1.6201e-01
+8.64981e+04 -1.08166e+04 7010463 1 1.5776e-01
+8.74857e+04 -1.08167e+04 7010464 1 1.5419e-01
+8.84732e+04 -1.08168e+04 7010465 1 1.5136e-01
+8.94606e+04 -1.08168e+04 7010466 1 1.4931e-01
+9.04480e+04 -1.08168e+04 7010467 1 1.4808e-01
+5.18520e+04 -9.12983e+03 7010468 1 4.6119e-01
+5.29101e+04 -9.15303e+03 7010469 1 4.5263e-01
+5.39630e+04 -9.17471e+03 7010470 1 4.4388e-01
+5.50112e+04 -9.19492e+03 7010471 1 4.3497e-01
+5.60550e+04 -9.21370e+03 7010472 1 4.2589e-01
+5.70947e+04 -9.23109e+03 7010473 1 4.1658e-01
+5.81306e+04 -9.24716e+03 7010474 1 4.0709e-01
+5.91630e+04 -9.26195e+03 7010475 1 3.9747e-01
+6.01922e+04 -9.27552e+03 7010476 1 3.8766e-01
+6.12184e+04 -9.28793e+03 7010477 1 3.7771e-01
+6.22419e+04 -9.29923e+03 7010478 1 3.6765e-01
+6.32629e+04 -9.30949e+03 7010479 1 3.5751e-01
+6.42817e+04 -9.31875e+03 7010480 1 3.4728e-01
+6.52984e+04 -9.32708e+03 7010481 1 3.3697e-01
+6.63133e+04 -9.33454e+03 7010482 1 3.2661e-01
+6.73265e+04 -9.34119e+03 7010483 1 3.1623e-01
+6.83383e+04 -9.34708e+03 7010484 1 3.0582e-01
+6.93487e+04 -9.35227e+03 7010485 1 2.9540e-01
+7.03579e+04 -9.35682e+03 7010486 1 2.8505e-01
+7.13660e+04 -9.36077e+03 7010487 1 2.7473e-01
+7.23733e+04 -9.36418e+03 7010488 1 2.6448e-01
+7.33797e+04 -9.36710e+03 7010489 1 2.5433e-01
+7.43854e+04 -9.36958e+03 7010490 1 2.4429e-01
+7.53905e+04 -9.37166e+03 7010491 1 2.3440e-01
+7.63951e+04 -9.37339e+03 7010492 1 2.2466e-01
+7.73992e+04 -9.37481e+03 7010493 1 2.1514e-01
+7.84029e+04 -9.37596e+03 7010494 1 2.0586e-01
+7.94063e+04 -9.37687e+03 7010495 1 1.9686e-01
+8.04095e+04 -9.37758e+03 7010496 1 1.8819e-01
+8.14124e+04 -9.37812e+03 7010497 1 1.7990e-01
+8.24151e+04 -9.37852e+03 7010498 1 1.7206e-01
+8.34177e+04 -9.37881e+03 7010499 1 1.6472e-01
+8.44201e+04 -9.37901e+03 7010500 1 1.5794e-01
+8.54225e+04 -9.37915e+03 7010501 1 1.5182e-01
+8.64248e+04 -9.37923e+03 7010502 1 1.4644e-01
+8.74270e+04 -9.37928e+03 7010503 1 1.4190e-01
+8.84292e+04 -9.37929e+03 7010504 1 1.3826e-01
+8.94314e+04 -9.37930e+03 7010505 1 1.3560e-01
+9.04335e+04 -9.37929e+03 7010506 1 1.3399e-01
+5.12909e+04 -7.77718e+03 7010507 1 4.8890e-01
+5.23588e+04 -7.79479e+03 7010508 1 4.7979e-01
+5.34221e+04 -7.81124e+03 7010509 1 4.7050e-01
+5.44811e+04 -7.82657e+03 7010510 1 4.6096e-01
+5.55362e+04 -7.84080e+03 7010511 1 4.5118e-01
+5.65875e+04 -7.85396e+03 7010512 1 4.4118e-01
+5.76354e+04 -7.86611e+03 7010513 1 4.3093e-01
+5.86802e+04 -7.87728e+03 7010514 1 4.2050e-01
+5.97221e+04 -7.88751e+03 7010515 1 4.0987e-01
+6.07613e+04 -7.89685e+03 7010516 1 3.9908e-01
+6.17981e+04 -7.90533e+03 7010517 1 3.8811e-01
+6.28327e+04 -7.91302e+03 7010518 1 3.7701e-01
+6.38652e+04 -7.91994e+03 7010519 1 3.6576e-01
+6.48960e+04 -7.92616e+03 7010520 1 3.5442e-01
+6.59251e+04 -7.93171e+03 7010521 1 3.4300e-01
+6.69527e+04 -7.93663e+03 7010522 1 3.3150e-01
+6.79790e+04 -7.94098e+03 7010523 1 3.1996e-01
+6.90041e+04 -7.94479e+03 7010524 1 3.0841e-01
+7.00282e+04 -7.94812e+03 7010525 1 2.9682e-01
+7.10514e+04 -7.95099e+03 7010526 1 2.8527e-01
+7.20737e+04 -7.95345e+03 7010527 1 2.7376e-01
+7.30954e+04 -7.95554e+03 7010528 1 2.6229e-01
+7.41165e+04 -7.95729e+03 7010529 1 2.5089e-01
+7.51370e+04 -7.95875e+03 7010530 1 2.3962e-01
+7.61571e+04 -7.95994e+03 7010531 1 2.2847e-01
+7.71768e+04 -7.96090e+03 7010532 1 2.1748e-01
+7.81962e+04 -7.96166e+03 7010533 1 2.0672e-01
+7.92153e+04 -7.96225e+03 7010534 1 1.9619e-01
+8.02342e+04 -7.96269e+03 7010535 1 1.8597e-01
+8.12529e+04 -7.96301e+03 7010536 1 1.7611e-01
+8.22715e+04 -7.96323e+03 7010537 1 1.6667e-01
+8.32900e+04 -7.96337e+03 7010538 1 1.5773e-01
+8.43084e+04 -7.96346e+03 7010539 1 1.4940e-01
+8.53267e+04 -7.96350e+03 7010540 1 1.4178e-01
+8.63450e+04 -7.96351e+03 7010541 1 1.3499e-01
+8.73632e+04 -7.96350e+03 7010542 1 1.2917e-01
+8.83814e+04 -7.96348e+03 7010543 1 1.2446e-01
+8.93996e+04 -7.96345e+03 7010544 1 1.2099e-01
+9.04177e+04 -7.96344e+03 7010545 1 1.1886e-01
+5.06840e+04 -6.43903e+03 7010546 1 5.1986e-01
+5.17623e+04 -6.45170e+03 7010547 1 5.1024e-01
+5.28366e+04 -6.46352e+03 7010548 1 5.0030e-01
+5.39072e+04 -6.47452e+03 7010549 1 4.9009e-01
+5.49743e+04 -6.48472e+03 7010550 1 4.7956e-01
+5.60381e+04 -6.49415e+03 7010551 1 4.6878e-01
+5.70989e+04 -6.50283e+03 7010552 1 4.5774e-01
+5.81571e+04 -6.51081e+03 7010553 1 4.4642e-01
+5.92126e+04 -6.51810e+03 7010554 1 4.3486e-01
+6.02659e+04 -6.52475e+03 7010555 1 4.2309e-01
+6.13170e+04 -6.53078e+03 7010556 1 4.1114e-01
+6.23663e+04 -6.53622e+03 7010557 1 3.9902e-01
+6.34137e+04 -6.54112e+03 7010558 1 3.8673e-01
+6.44597e+04 -6.54550e+03 7010559 1 3.7432e-01
+6.55042e+04 -6.54939e+03 7010560 1 3.6178e-01
+6.65474e+04 -6.55283e+03 7010561 1 3.4916e-01
+6.75895e+04 -6.55586e+03 7010562 1 3.3643e-01
+6.86306e+04 -6.55850e+03 7010563 1 3.2366e-01
+6.96708e+04 -6.56078e+03 7010564 1 3.1087e-01
+7.07103e+04 -6.56275e+03 7010565 1 2.9802e-01
+7.17491e+04 -6.56441e+03 7010566 1 2.8518e-01
+7.27873e+04 -6.56581e+03 7010567 1 2.7234e-01
+7.38250e+04 -6.56697e+03 7010568 1 2.5957e-01
+7.48623e+04 -6.56792e+03 7010569 1 2.4686e-01
+7.58992e+04 -6.56869e+03 7010570 1 2.3424e-01
+7.69358e+04 -6.56928e+03 7010571 1 2.2175e-01
+7.79722e+04 -6.56974e+03 7010572 1 2.0941e-01
+7.90083e+04 -6.57008e+03 7010573 1 1.9729e-01
+8.00444e+04 -6.57032e+03 7010574 1 1.8540e-01
+8.10802e+04 -6.57048e+03 7010575 1 1.7382e-01
+8.21160e+04 -6.57057e+03 7010576 1 1.6262e-01
+8.31517e+04 -6.57061e+03 7010577 1 1.5189e-01
+8.41874e+04 -6.57062e+03 7010578 1 1.4174e-01
+8.52230e+04 -6.57060e+03 7010579 1 1.3231e-01
+8.62585e+04 -6.57056e+03 7010580 1 1.2377e-01
+8.72941e+04 -6.57052e+03 7010581 1 1.1632e-01
+8.83296e+04 -6.57048e+03 7010582 1 1.1018e-01
+8.93651e+04 -6.57044e+03 7010583 1 1.0558e-01
+9.04007e+04 -6.57042e+03 7010584 1 1.0273e-01
+5.00285e+04 -5.11587e+03 7010585 1 5.5496e-01
+5.11179e+04 -5.12428e+03 7010586 1 5.4464e-01
+5.22040e+04 -5.13213e+03 7010587 1 5.3395e-01
+5.32870e+04 -5.13942e+03 7010588 1 5.2295e-01
+5.43670e+04 -5.14618e+03 7010589 1 5.1157e-01
+5.54442e+04 -5.15242e+03 7010590 1 4.9990e-01
+5.65190e+04 -5.15816e+03 7010591 1 4.8791e-01
+5.75915e+04 -5.16342e+03 7010592 1 4.7562e-01
+5.86619e+04 -5.16822e+03 7010593 1 4.6307e-01
+5.97303e+04 -5.17258e+03 7010594 1 4.5032e-01
+6.07970e+04 -5.17654e+03 7010595 1 4.3729e-01
+6.18621e+04 -5.18009e+03 7010596 1 4.2407e-01
+6.29257e+04 -5.18328e+03 7010597 1 4.1068e-01
+6.39881e+04 -5.18612e+03 7010598 1 3.9709e-01
+6.50493e+04 -5.18864e+03 7010599 1 3.8337e-01
+6.61094e+04 -5.19086e+03 7010600 1 3.6950e-01
+6.71687e+04 -5.19279e+03 7010601 1 3.5555e-01
+6.82271e+04 -5.19447e+03 7010602 1 3.4150e-01
+6.92848e+04 -5.19592e+03 7010603 1 3.2738e-01
+7.03419e+04 -5.19714e+03 7010604 1 3.1322e-01
+7.13985e+04 -5.19817e+03 7010605 1 2.9903e-01
+7.24546e+04 -5.19903e+03 7010606 1 2.8482e-01
+7.35103e+04 -5.19973e+03 7010607 1 2.7061e-01
+7.45657e+04 -5.20029e+03 7010608 1 2.5643e-01
+7.56208e+04 -5.20072e+03 7010609 1 2.4232e-01
+7.66758e+04 -5.20106e+03 7010610 1 2.2828e-01
+7.77305e+04 -5.20130e+03 7010611 1 2.1433e-01
+7.87851e+04 -5.20146e+03 7010612 1 2.0053e-01
+7.98396e+04 -5.20156e+03 7010613 1 1.8690e-01
+8.08940e+04 -5.20162e+03 7010614 1 1.7353e-01
+8.19483e+04 -5.20163e+03 7010615 1 1.6044e-01
+8.30026e+04 -5.20161e+03 7010616 1 1.4774e-01
+8.40569e+04 -5.20157e+03 7010617 1 1.3555e-01
+8.51111e+04 -5.20152e+03 7010618 1 1.2401e-01
+8.61653e+04 -5.20147e+03 7010619 1 1.1334e-01
+8.72196e+04 -5.20142e+03 7010620 1 1.0379e-01
+8.82738e+04 -5.20137e+03 7010621 1 9.5708e-02
+8.93280e+04 -5.20133e+03 7010622 1 8.9495e-02
+9.03822e+04 -5.20131e+03 7010623 1 8.5564e-02
+4.93215e+04 -3.80818e+03 7010624 1 5.9548e-01
+5.04229e+04 -3.81311e+03 7010625 1 5.8437e-01
+5.15216e+04 -3.81771e+03 7010626 1 5.7280e-01
+5.26178e+04 -3.82197e+03 7010627 1 5.6087e-01
+5.37118e+04 -3.82592e+03 7010628 1 5.4850e-01
+5.48036e+04 -3.82956e+03 7010629 1 5.3580e-01
+5.58934e+04 -3.83290e+03 7010630 1 5.2272e-01
+5.69814e+04 -3.83596e+03 7010631 1 5.0933e-01
+5.80678e+04 -3.83875e+03 7010632 1 4.9564e-01
+5.91527e+04 -3.84127e+03 7010633 1 4.8168e-01
+6.02362e+04 -3.84355e+03 7010634 1 4.6745e-01
+6.13184e+04 -3.84560e+03 7010635 1 4.5299e-01
+6.23996e+04 -3.84743e+03 7010636 1 4.3831e-01
+6.34798e+04 -3.84905e+03 7010637 1 4.2346e-01
+6.45590e+04 -3.85049e+03 7010638 1 4.0845e-01
+6.56375e+04 -3.85174e+03 7010639 1 3.9327e-01
+6.67153e+04 -3.85283e+03 7010640 1 3.7798e-01
+6.77924e+04 -3.85376e+03 7010641 1 3.6257e-01
+6.88691e+04 -3.85456e+03 7010642 1 3.4708e-01
+6.99453e+04 -3.85523e+03 7010643 1 3.3151e-01
+7.10211e+04 -3.85579e+03 7010644 1 3.1587e-01
+7.20965e+04 -3.85624e+03 7010645 1 3.0022e-01
+7.31717e+04 -3.85660e+03 7010646 1 2.8454e-01
+7.42467e+04 -3.85689e+03 7010647 1 2.6886e-01
+7.53215e+04 -3.85710e+03 7010648 1 2.5318e-01
+7.63961e+04 -3.85725e+03 7010649 1 2.3754e-01
+7.74706e+04 -3.85735e+03 7010650 1 2.2195e-01
+7.85451e+04 -3.85741e+03 7010651 1 2.0646e-01
+7.96195e+04 -3.85743e+03 7010652 1 1.9107e-01
+8.06938e+04 -3.85742e+03 7010653 1 1.7583e-01
+8.17681e+04 -3.85740e+03 7010654 1 1.6079e-01
+8.28424e+04 -3.85736e+03 7010655 1 1.4602e-01
+8.39167e+04 -3.85731e+03 7010656 1 1.3162e-01
+8.49909e+04 -3.85726e+03 7010657 1 1.1772e-01
+8.60652e+04 -3.85721e+03 7010658 1 1.0452e-01
+8.71395e+04 -3.85716e+03 7010659 1 9.2341e-02
+8.82138e+04 -3.85712e+03 7010660 1 8.1614e-02
+8.92881e+04 -3.85709e+03 7010661 1 7.2995e-02
+9.03625e+04 -3.85707e+03 7010662 1 6.7322e-02
+4.85597e+04 -2.51637e+03 7010663 1 6.4545e-01
+4.96739e+04 -2.51867e+03 7010664 1 6.3315e-01
+5.07863e+04 -2.52082e+03 7010665 1 6.2039e-01
+5.18969e+04 -2.52280e+03 7010666 1 6.0718e-01
+5.30058e+04 -2.52464e+03 7010667 1 5.9356e-01
+5.41133e+04 -2.52633e+03 7010668 1 5.7955e-01
+5.52195e+04 -2.52788e+03 7010669 1 5.6515e-01
+5.63243e+04 -2.52930e+03 7010670 1 5.5039e-01
+5.74281e+04 -2.53059e+03 7010671 1 5.3530e-01
+5.85307e+04 -2.53175e+03 7010672 1 5.1992e-01
+5.96325e+04 -2.53280e+03 7010673 1 5.0425e-01
+6.07334e+04 -2.53373e+03 7010674 1 4.8834e-01
+6.18335e+04 -2.53456e+03 7010675 1 4.7220e-01
+6.29330e+04 -2.53530e+03 7010676 1 4.5586e-01
+6.40318e+04 -2.53594e+03 7010677 1 4.3934e-01
+6.51301e+04 -2.53651e+03 7010678 1 4.2264e-01
+6.62280e+04 -2.53699e+03 7010679 1 4.0581e-01
+6.73255e+04 -2.53740e+03 7010680 1 3.8885e-01
+6.84226e+04 -2.53775e+03 7010681 1 3.7179e-01
+6.95194e+04 -2.53803e+03 7010682 1 3.5467e-01
+7.06159e+04 -2.53827e+03 7010683 1 3.3745e-01
+7.17123e+04 -2.53845e+03 7010684 1 3.2017e-01
+7.28085e+04 -2.53860e+03 7010685 1 3.0287e-01
+7.39045e+04 -2.53871e+03 7010686 1 2.8555e-01
+7.50005e+04 -2.53878e+03 7010687 1 2.6821e-01
+7.60963e+04 -2.53883e+03 7010688 1 2.5086e-01
+7.71921e+04 -2.53885e+03 7010689 1 2.3354e-01
+7.82879e+04 -2.53886e+03 7010690 1 2.1625e-01
+7.93837e+04 -2.53885e+03 7010691 1 1.9902e-01
+8.04794e+04 -2.53883e+03 7010692 1 1.8185e-01
+8.15751e+04 -2.53880e+03 7010693 1 1.6478e-01
+8.26708e+04 -2.53877e+03 7010694 1 1.4785e-01
+8.37666e+04 -2.53873e+03 7010695 1 1.3112e-01
+8.48623e+04 -2.53869e+03 7010696 1 1.1467e-01
+8.59581e+04 -2.53866e+03 7010697 1 9.8632e-02
+8.70539e+04 -2.53863e+03 7010698 1 8.3253e-02
+8.81497e+04 -2.53860e+03 7010699 1 6.8961e-02
+8.92455e+04 -2.53858e+03 7010700 1 5.6568e-02
+9.03413e+04 -2.53857e+03 7010701 1 4.7599e-02
+4.77394e+04 -1.24084e+03 7010702 1 7.0393e-01
+4.88674e+04 -1.24147e+03 7010703 1 6.9180e-01
+4.99945e+04 -1.24206e+03 7010704 1 6.7889e-01
+5.11206e+04 -1.24260e+03 7010705 1 6.6527e-01
+5.22459e+04 -1.24309e+03 7010706 1 6.5099e-01
+5.33705e+04 -1.24355e+03 7010707 1 6.3610e-01
+5.44943e+04 -1.24397e+03 7010708 1 6.2066e-01
+5.56174e+04 -1.24435e+03 7010709 1 6.0470e-01
+5.67400e+04 -1.24469e+03 7010710 1 5.8829e-01
+5.78621e+04 -1.24500e+03 7010711 1 5.7145e-01
+5.89836e+04 -1.24528e+03 7010712 1 5.5424e-01
+6.01047e+04 -1.24553e+03 7010713 1 5.3669e-01
+6.12255e+04 -1.24574e+03 7010714 1 5.1884e-01
+6.23459e+04 -1.24594e+03 7010715 1 5.0072e-01
+6.34659e+04 -1.24610e+03 7010716 1 4.8237e-01
+6.45858e+04 -1.24625e+03 7010717 1 4.6381e-01
+6.57054e+04 -1.24637e+03 7010718 1 4.4508e-01
+6.68248e+04 -1.24647e+03 7010719 1 4.2619e-01
+6.79440e+04 -1.24656e+03 7010720 1 4.0718e-01
+6.90631e+04 -1.24662e+03 7010721 1 3.8806e-01
+7.01820e+04 -1.24668e+03 7010722 1 3.6886e-01
+7.13009e+04 -1.24672e+03 7010723 1 3.4958e-01
+7.24197e+04 -1.24675e+03 7010724 1 3.3026e-01
+7.35384e+04 -1.24677e+03 7010725 1 3.1089e-01
+7.46571e+04 -1.24678e+03 7010726 1 2.9150e-01
+7.57758e+04 -1.24679e+03 7010727 1 2.7209e-01
+7.68945e+04 -1.24679e+03 7010728 1 2.5267e-01
+7.80131e+04 -1.24678e+03 7010729 1 2.3325e-01
+7.91318e+04 -1.24677e+03 7010730 1 2.1385e-01
+8.02504e+04 -1.24676e+03 7010731 1 1.9446e-01
+8.13690e+04 -1.24674e+03 7010732 1 1.7509e-01
+8.24877e+04 -1.24673e+03 7010733 1 1.5576e-01
+8.36064e+04 -1.24671e+03 7010734 1 1.3646e-01
+8.47251e+04 -1.24670e+03 7010735 1 1.1723e-01
+8.58438e+04 -1.24669e+03 7010736 1 9.8070e-02
+8.69625e+04 -1.24668e+03 7010737 1 7.9044e-02
+8.80812e+04 -1.24667e+03 7010738 1 6.0259e-02
+8.92000e+04 -1.24666e+03 7010739 1 4.2024e-02
+9.03187e+04 -1.24666e+03 7010740 1 2.5516e-02
