+4.69001e+04 -6.09466e+04 4010078 1 7.9159e-01
+4.81329e+04 -6.31556e+04 4010040 1 8.1990e-01
+4.68597e+04 -5.68497e+04 4010157 1 7.5071e-01
+4.88480e+04 -4.96382e+04 4010319 1 6.8302e-01
+4.71258e+04 -5.48720e+04 4010197 1 7.3260e-01
+4.81618e+04 -4.91733e+04 4010318 1 6.8245e-01
+4.73254e+04 -5.28454e+04 4010237 1 7.1470e-01
+4.79927e+04 -5.32904e+04 4010238 1 7.1881e-01
+4.81178e+04 -5.12509e+04 4010278 1 6.9986e-01
+4.74476e+04 -5.07756e+04 4010277 1 6.9777e-01
+4.87984e+04 -5.16872e+04 4010279 1 7.0036e-01
+4.69873e+04 -6.46177e+04 2010819 1 8.3272e-01
+5.25684e+04 -6.37271e+04 5010004 1 8.2421e-01
+5.35230e+04 -6.37638e+04 5010005 1 8.2088e-01
+4.98339e+04 -6.34696e+04 5010001 1 8.2511e-01
+5.44972e+04 -6.37787e+04 5010006 1 8.1555e-01
+5.07226e+04 -6.35817e+04 5010002 1 8.2404e-01
+4.89705e+04 -6.33280e+04 5010000 1 8.2389e-01
+5.54899e+04 -6.37732e+04 5010007 1 8.0796e-01
+5.65001e+04 -6.37491e+04 5010008 1 7.9928e-01
+5.16345e+04 -6.36669e+04 5010003 1 8.2518e-01
+5.75260e+04 -6.37083e+04 5010009 1 7.9038e-01
+5.85663e+04 -6.36526e+04 5010010 1 7.7969e-01
+5.96199e+04 -6.35835e+04 5010011 1 7.6740e-01
+7.63903e+04 -6.18784e+04 5010026 1 4.5437e-01
+7.75420e+04 -6.17725e+04 5010027 1 4.2771e-01
+7.86953e+04 -6.16726e+04 5010028 1 4.0079e-01
+6.06856e+04 -6.35025e+04 5010012 1 7.5352e-01
+6.17625e+04 -6.34111e+04 5010013 1 7.3825e-01
+6.28496e+04 -6.33107e+04 5010014 1 7.2169e-01
+6.39459e+04 -6.32029e+04 5010015 1 7.0401e-01
+6.50506e+04 -6.30889e+04 5010016 1 6.8557e-01
+6.61626e+04 -6.29703e+04 5010017 1 6.6596e-01
+6.72811e+04 -6.28481e+04 5010018 1 6.4529e-01
+6.84054e+04 -6.27237e+04 5010019 1 6.2365e-01
+6.95349e+04 -6.25982e+04 5010020 1 6.0113e-01
+7.06690e+04 -6.24726e+04 5010021 1 5.7777e-01
+7.18070e+04 -6.23480e+04 5010022 1 5.5363e-01
+7.29486e+04 -6.22253e+04 5010023 1 5.2895e-01
+7.40932e+04 -6.21056e+04 5010024 1 5.0389e-01
+7.52406e+04 -6.19897e+04 5010025 1 4.7876e-01
+4.73216e+04 -6.29512e+04 4010039 1 8.1368e-01
+5.60615e+04 -4.87991e+04 4010409 1 6.4975e-01
+4.86744e+04 -5.36960e+04 4010239 1 7.1848e-01
+5.02445e+04 -5.04599e+04 4010321 1 6.8425e-01
+5.54029e+04 -5.04826e+04 4010368 1 6.7111e-01
+5.35813e+04 -6.22530e+04 5010043 1 8.0480e-01
+5.54658e+04 -6.23164e+04 5010045 1 7.9767e-01
+5.45146e+04 -6.22952e+04 5010044 1 8.0215e-01
+5.64339e+04 -6.23181e+04 5010046 1 7.9127e-01
+5.74179e+04 -6.23020e+04 5010047 1 7.8315e-01
+5.84169e+04 -6.22694e+04 5010048 1 7.7311e-01
+5.94300e+04 -6.22219e+04 5010049 1 7.6195e-01
+6.04557e+04 -6.21613e+04 5010050 1 7.5022e-01
+6.25404e+04 -6.20070e+04 5010052 1 7.2226e-01
+6.14928e+04 -6.20892e+04 5010051 1 7.3695e-01
+6.35977e+04 -6.19159e+04 5010053 1 7.0629e-01
+6.46638e+04 -6.18174e+04 5010054 1 6.8915e-01
+6.57379e+04 -6.17129e+04 5010055 1 6.7103e-01
+6.68193e+04 -6.16035e+04 5010056 1 6.5249e-01
+6.90011e+04 -6.13753e+04 5010058 1 6.1146e-01
+6.79074e+04 -6.14906e+04 5010057 1 6.3247e-01
+7.01000e+04 -6.12587e+04 5010059 1 5.8953e-01
+7.12034e+04 -6.11418e+04 5010060 1 5.6665e-01
+7.23109e+04 -6.10257e+04 5010061 1 5.4307e-01
+7.34219e+04 -6.09112e+04 5010062 1 5.1886e-01
+7.45361e+04 -6.07993e+04 5010063 1 4.9418e-01
+7.67724e+04 -6.05865e+04 5010065 1 4.4418e-01
+7.56530e+04 -6.06908e+04 5010064 1 4.6919e-01
+7.78940e+04 -6.04872e+04 5010066 1 4.2113e-01
+7.90174e+04 -6.03935e+04 5010067 1 3.9467e-01
+8.01424e+04 -6.03061e+04 5010068 1 3.6799e-01
+8.23960e+04 -6.01516e+04 5010070 1 3.1449e-01
+8.12687e+04 -6.02253e+04 5010069 1 3.4122e-01
+8.35244e+04 -6.00856e+04 5010071 1 2.8800e-01
+8.69135e+04 -5.99367e+04 5010074 1 2.1283e-01
+8.46535e+04 -6.00275e+04 5010072 1 2.6197e-01
+8.57833e+04 -5.99778e+04 5010073 1 2.3676e-01
+8.80442e+04 -5.99045e+04 5010075 1 1.9088e-01
+8.91752e+04 -5.98813e+04 5010076 1 1.7205e-01
+7.98500e+04 -6.15793e+04 5010029 1 3.7369e-01
+5.26673e+04 -6.21880e+04 5010042 1 8.0868e-01
+4.77971e+04 -5.52851e+04 4010198 1 7.3706e-01
+4.75420e+04 -5.72290e+04 4010158 1 7.5586e-01
+4.84863e+04 -5.56589e+04 4010199 1 7.3675e-01
+4.76506e+04 -6.12199e+04 4010079 1 7.9788e-01
+5.38764e+04 -5.00413e+04 4010366 1 6.7090e-01
+4.84264e+04 -6.14586e+04 4010080 1 8.0180e-01
+4.92279e+04 -6.16637e+04 4010081 1 8.0166e-01
+5.00539e+04 -6.18372e+04 5010039 1 8.0655e-01
+5.09030e+04 -6.19815e+04 5010040 1 8.0936e-01
+5.17744e+04 -6.20979e+04 5010041 1 8.1021e-01
+5.83004e+04 -6.08252e+04 5010086 1 7.6466e-01
+5.92745e+04 -6.08006e+04 5010087 1 7.5547e-01
+6.12603e+04 -6.07098e+04 5010089 1 7.3259e-01
+6.22705e+04 -6.06463e+04 5010090 1 7.1948e-01
+6.43200e+04 -6.04911e+04 5010092 1 6.9019e-01
+6.02614e+04 -6.07617e+04 5010088 1 7.4475e-01
+6.32907e+04 -6.05730e+04 5010091 1 7.0549e-01
+6.64029e+04 -6.03065e+04 5010094 1 6.5592e-01
+6.53576e+04 -6.04018e+04 5010093 1 6.7362e-01
+6.74552e+04 -6.02063e+04 5010095 1 6.3729e-01
+6.85138e+04 -6.01024e+04 5010096 1 6.1799e-01
+6.95782e+04 -5.99960e+04 5010097 1 5.9890e-01
+7.06478e+04 -5.98882e+04 5010098 1 5.7756e-01
+7.17219e+04 -5.97800e+04 5010099 1 5.5538e-01
+7.27999e+04 -5.96723e+04 5010100 1 5.3246e-01
+7.60541e+04 -5.93606e+04 5010103 1 4.6027e-01
+7.71443e+04 -5.92632e+04 5010104 1 4.3552e-01
+7.38816e+04 -5.95659e+04 5010101 1 5.0890e-01
+7.82366e+04 -5.91703e+04 5010105 1 4.1086e-01
+8.15245e+04 -5.89253e+04 5010108 1 3.3700e-01
+7.49664e+04 -5.94617e+04 5010102 1 4.8479e-01
+8.04270e+04 -5.90009e+04 5010107 1 3.6326e-01
+7.93309e+04 -5.90826e+04 5010106 1 3.8746e-01
+8.37228e+04 -5.87947e+04 5010110 1 2.8460e-01
+8.48234e+04 -5.87404e+04 5010111 1 2.5883e-01
+8.26231e+04 -5.88565e+04 5010109 1 3.1073e-01
+8.92314e+04 -5.86032e+04 5010115 1 1.6816e-01
+8.59246e+04 -5.86938e+04 5010112 1 2.3374e-01
+8.81288e+04 -5.86250e+04 5010114 1 1.8753e-01
+9.03343e+04 -5.85899e+04 5010116 1 1.5370e-01
+4.93705e+04 -5.40659e+04 4010240 1 7.2402e-01
+5.46872e+04 -5.21479e+04 4010327 1 6.9008e-01
+4.94902e+04 -5.20872e+04 4010280 1 7.0430e-01
+5.19233e+04 -6.04649e+04 5010079 1 7.8921e-01
+5.10869e+04 -6.03182e+04 5010078 1 7.9087e-01
+5.36565e+04 -6.06790e+04 5010081 1 7.9097e-01
+5.27802e+04 -6.05845e+04 5010080 1 7.9109e-01
+5.54641e+04 -6.07981e+04 5010083 1 7.8382e-01
+5.45514e+04 -6.07497e+04 5010082 1 7.8850e-01
+5.63942e+04 -6.08254e+04 5010084 1 7.7760e-01
+5.73400e+04 -6.08339e+04 5010085 1 7.7203e-01
+6.30174e+04 -5.91739e+04 5010129 1 7.0198e-01
+6.40114e+04 -5.91094e+04 5010130 1 6.8816e-01
+6.50144e+04 -5.90363e+04 5010131 1 6.7355e-01
+6.60253e+04 -5.89561e+04 5010132 1 6.5770e-01
+6.80682e+04 -5.87786e+04 5010134 1 6.2269e-01
+6.70435e+04 -5.88698e+04 5010133 1 6.4071e-01
+7.01353e+04 -5.85860e+04 5010136 1 5.8402e-01
+6.90990e+04 -5.86836e+04 5010135 1 6.0370e-01
+7.11767e+04 -5.84867e+04 5010137 1 5.6412e-01
+7.22227e+04 -5.83869e+04 5010138 1 5.4435e-01
+7.75044e+04 -5.79080e+04 5010143 1 4.2725e-01
+7.32726e+04 -5.82874e+04 5010139 1 5.2202e-01
+7.64424e+04 -5.79986e+04 5010142 1 4.5147e-01
+7.53829e+04 -5.80925e+04 5010141 1 4.7537e-01
+8.07030e+04 -5.76631e+04 5010146 1 3.5624e-01
+7.43262e+04 -5.81890e+04 5010140 1 4.9895e-01
+7.96349e+04 -5.77396e+04 5010145 1 3.7879e-01
+8.39154e+04 -5.74711e+04 5010149 1 2.8216e-01
+8.71361e+04 -5.73410e+04 5010152 1 2.0825e-01
+6.20331e+04 -5.92286e+04 5010128 1 7.1470e-01
+8.82109e+04 -5.73127e+04 5010153 1 1.8595e-01
+8.17726e+04 -5.75928e+04 5010147 1 3.3341e-01
+8.92860e+04 -5.72923e+04 5010154 1 1.6625e-01
+9.03613e+04 -5.72798e+04 5010155 1 1.5119e-01
+8.49883e+04 -5.74204e+04 5010150 1 2.5685e-01
+4.94800e+04 -5.99354e+04 4010121 1 7.8512e-01
+4.72390e+04 -5.91175e+04 4010118 1 7.7439e-01
+4.79623e+04 -5.94255e+04 4010119 1 7.7935e-01
+5.02725e+04 -6.01420e+04 4010122 1 7.8953e-01
+4.87096e+04 -5.96973e+04 4010120 1 7.7901e-01
+5.37374e+04 -5.90440e+04 5010119 1 7.7306e-01
+5.45988e+04 -5.91425e+04 5010120 1 7.6959e-01
+5.54773e+04 -5.92178e+04 5010121 1 7.6816e-01
+5.82061e+04 -5.93216e+04 5010124 1 7.5283e-01
+5.63718e+04 -5.92719e+04 5010122 1 7.6493e-01
+5.72816e+04 -5.93060e+04 5010123 1 7.5985e-01
+6.00960e+04 -5.93029e+04 5010126 1 7.3604e-01
+5.91447e+04 -5.93199e+04 5010125 1 7.4444e-01
+6.10590e+04 -5.92720e+04 5010127 1 7.2608e-01
+6.96612e+04 -5.72341e+04 5010174 1 5.8937e-01
+7.88891e+04 -5.64403e+04 5010183 1 3.9584e-01
+6.66651e+04 -5.74802e+04 5010171 1 6.4127e-01
+7.16856e+04 -5.70541e+04 5010176 1 5.5048e-01
+8.51476e+04 -5.60671e+04 5010189 1 2.5619e-01
+6.76578e+04 -5.74027e+04 5010172 1 6.2531e-01
+7.06710e+04 -5.71450e+04 5010175 1 5.7023e-01
+6.86566e+04 -5.73203e+04 5010173 1 6.0783e-01
+6.56797e+04 -5.75518e+04 5010170 1 6.5614e-01
+5.28944e+04 -5.89203e+04 5010118 1 7.7376e-01
+8.09695e+04 -5.62929e+04 5010185 1 3.4853e-01
+7.68167e+04 -5.66043e+04 5010181 1 4.4402e-01
+7.47543e+04 -5.67801e+04 5010179 1 4.9021e-01
+7.57841e+04 -5.66911e+04 5010180 1 4.6741e-01
+7.27046e+04 -5.69623e+04 5010177 1 5.3042e-01
+6.47020e+04 -5.76162e+04 5010169 1 6.7047e-01
+7.37276e+04 -5.68706e+04 5010178 1 5.1162e-01
+8.61945e+04 -5.60267e+04 5010190 1 2.3199e-01
+5.20700e+04 -5.87702e+04 5010117 1 7.7236e-01
+7.78517e+04 -5.65205e+04 5010182 1 4.2013e-01
+7.99284e+04 -5.63642e+04 5010184 1 3.7183e-01
+5.04786e+04 -5.83857e+04 4010162 1 7.6872e-01
+8.70265e+04 -5.86553e+04 5010113 1 2.0975e-01
+8.28434e+04 -5.75287e+04 5010148 1 3.0774e-01
+8.60619e+04 -5.73769e+04 5010151 1 2.3209e-01
+8.93387e+04 -5.59479e+04 5010193 1 1.6671e-01
+8.20122e+04 -5.62271e+04 5010186 1 3.2760e-01
+8.82902e+04 -5.59669e+04 5010192 1 1.8648e-01
+6.18205e+04 -5.77538e+04 5010166 1 7.0657e-01
+5.12645e+04 -5.85926e+04 4010163 1 7.6898e-01
+6.27717e+04 -5.77184e+04 5010167 1 6.9589e-01
+6.08794e+04 -5.77770e+04 5010165 1 7.1649e-01
+5.81268e+04 -5.77586e+04 5010162 1 7.3925e-01
+5.99498e+04 -5.77865e+04 5010164 1 7.2559e-01
+4.97137e+04 -5.81469e+04 4010161 1 7.6639e-01
+5.90321e+04 -5.77808e+04 5010163 1 7.3318e-01
+6.37324e+04 -5.76722e+04 5010168 1 6.8377e-01
+5.72347e+04 -5.77186e+04 5010161 1 7.4348e-01
+5.63566e+04 -5.76594e+04 5010160 1 7.4833e-01
+8.22426e+04 -5.48287e+04 5010225 1 3.2076e-01
+4.82450e+04 -5.75705e+04 4010159 1 7.5487e-01
+4.89692e+04 -5.78755e+04 4010160 1 7.6208e-01
+5.54937e+04 -5.75788e+04 5010159 1 7.5174e-01
+7.91968e+04 -5.50262e+04 5010222 1 3.9114e-01
+5.46463e+04 -5.74757e+04 5010158 1 7.5316e-01
+5.22027e+04 -5.70171e+04 4010204 1 7.5273e-01
+5.29999e+04 -5.71968e+04 5010156 1 7.5282e-01
+5.38149e+04 -5.73488e+04 5010157 1 7.5250e-01
+4.91933e+04 -5.59969e+04 4010200 1 7.4374e-01
+5.14233e+04 -5.68087e+04 4010203 1 7.5053e-01
+7.61689e+04 -5.52570e+04 5010219 1 4.5973e-01
+8.12257e+04 -5.48900e+04 5010224 1 3.4378e-01
+5.06615e+04 -5.65706e+04 4010202 1 7.4543e-01
+7.51648e+04 -5.53389e+04 5010218 1 4.7823e-01
+7.85687e+04 -5.78215e+04 5010144 1 4.0290e-01
+8.30562e+04 -5.61676e+04 5010187 1 3.0567e-01
+8.73441e+04 -5.46117e+04 5010230 1 2.1093e-01
+7.81852e+04 -5.51002e+04 5010221 1 4.1445e-01
+8.53009e+04 -5.46800e+04 5010228 1 2.5699e-01
+6.07147e+04 -5.62252e+04 5010203 1 7.0524e-01
+6.53602e+04 -5.60939e+04 5010208 1 6.5253e-01
+6.82444e+04 -5.59055e+04 5010211 1 6.0832e-01
+6.34744e+04 -5.61799e+04 5010206 1 6.7657e-01
+6.16247e+04 -5.62230e+04 5010204 1 6.9700e-01
+6.63147e+04 -5.60379e+04 5010209 1 6.3865e-01
+6.92187e+04 -5.58315e+04 5010212 1 5.9343e-01
+6.25447e+04 -5.62075e+04 5010205 1 6.8734e-01
+6.44132e+04 -5.61416e+04 5010207 1 6.6515e-01
+7.11835e+04 -5.56732e+04 5010214 1 5.5735e-01
+7.41639e+04 -5.54224e+04 5010217 1 4.9777e-01
+7.31665e+04 -5.55066e+04 5010216 1 5.1786e-01
+6.72763e+04 -5.59747e+04 5010210 1 6.2379e-01
+7.71758e+04 -5.51773e+04 5010220 1 4.3735e-01
+7.01986e+04 -5.57538e+04 5010213 1 5.7588e-01
+5.98155e+04 -5.62129e+04 5010202 1 7.1185e-01
+5.89275e+04 -5.61847e+04 5010201 1 7.1840e-01
+7.21729e+04 -5.55905e+04 5010215 1 5.3798e-01
+5.71894e+04 -5.60739e+04 5010199 1 7.2798e-01
+5.80520e+04 -5.61388e+04 5010200 1 7.2414e-01
+5.63399e+04 -5.59889e+04 5010198 1 7.2964e-01
+4.99180e+04 -5.63008e+04 4010201 1 7.4668e-01
+5.55041e+04 -5.58826e+04 5010197 1 7.3137e-01
+5.38774e+04 -5.55974e+04 5010195 1 7.3346e-01
+5.30866e+04 -5.54166e+04 4010245 1 7.3063e-01
+5.46832e+04 -5.57525e+04 5010196 1 7.3398e-01
+5.23113e+04 -5.52084e+04 4010244 1 7.3158e-01
+5.39149e+04 -5.37931e+04 4010286 1 7.1310e-01
+5.08094e+04 -5.47011e+04 4010242 1 7.2646e-01
+5.15524e+04 -5.49699e+04 4010243 1 7.3077e-01
+5.54992e+04 -5.41317e+04 5010235 1 7.1126e-01
+5.47001e+04 -5.39755e+04 5010234 1 7.1264e-01
+5.23854e+04 -5.33474e+04 4010284 1 7.0757e-01
+5.70657e+04 -5.26238e+04 5010275 1 6.8953e-01
+5.00818e+04 -5.44010e+04 4010241 1 7.2539e-01
+5.31434e+04 -5.35840e+04 4010285 1 7.1090e-01
+5.63112e+04 -5.42643e+04 5010236 1 7.1144e-01
+6.14373e+04 -5.46376e+04 5010242 1 6.8429e-01
+9.03875e+04 -5.59362e+04 5010194 1 1.5129e-01
+8.72421e+04 -5.59933e+04 5010191 1 2.0857e-01
+8.41014e+04 -5.61142e+04 5010188 1 2.8083e-01
+8.02103e+04 -5.49560e+04 5010223 1 3.6753e-01
+8.42804e+04 -5.47236e+04 5010227 1 2.8072e-01
+6.50586e+04 -5.45828e+04 5010246 1 6.4602e-01
+6.32307e+04 -5.46335e+04 5010244 1 6.6738e-01
+6.41406e+04 -5.46134e+04 5010245 1 6.5728e-01
+6.97537e+04 -5.43129e+04 5010251 1 5.7617e-01
+6.78570e+04 -5.44399e+04 5010249 1 6.0741e-01
+6.69175e+04 -5.44948e+04 5010248 1 6.2151e-01
+7.26372e+04 -5.40954e+04 5010254 1 5.2652e-01
+6.59844e+04 -5.45428e+04 5010247 1 6.3427e-01
+7.07101e+04 -5.42429e+04 5010252 1 5.6011e-01
+8.14707e+04 -5.34535e+04 5010263 1 3.4177e-01
+7.16715e+04 -5.41701e+04 5010253 1 5.4489e-01
+6.23294e+04 -5.46420e+04 5010243 1 6.7617e-01
+8.34567e+04 -5.33453e+04 5010265 1 2.9708e-01
+8.44516e+04 -5.32991e+04 5010266 1 2.8193e-01
+9.04368e+04 -5.31468e+04 5010272 1 1.6123e-01
+6.88025e+04 -5.43789e+04 5010250 1 5.9223e-01
+6.05552e+04 -5.46188e+04 5010241 1 6.9194e-01
+5.96836e+04 -5.45844e+04 5010240 1 6.9765e-01
+5.88229e+04 -5.45332e+04 5010239 1 7.0189e-01
+8.94381e+04 -5.31569e+04 5010271 1 1.7629e-01
+5.79733e+04 -5.44640e+04 5010238 1 7.0456e-01
+5.71360e+04 -5.43748e+04 5010237 1 7.1008e-01
+7.85038e+04 -5.36467e+04 5010260 1 4.0920e-01
+5.62613e+04 -5.24886e+04 5010274 1 6.9173e-01
+5.16415e+04 -5.30804e+04 4010283 1 7.1011e-01
+6.12507e+04 -5.29992e+04 5010280 1 6.7021e-01
+5.09113e+04 -5.27821e+04 4010282 1 7.0699e-01
+5.95456e+04 -5.29035e+04 5010278 1 6.8136e-01
+5.87084e+04 -5.28295e+04 5010277 1 6.8498e-01
+5.39178e+04 -5.19395e+04 4010326 1 6.9194e-01
+5.78817e+04 -5.27367e+04 5010276 1 6.8723e-01
+5.31604e+04 -5.17034e+04 4010325 1 6.9071e-01
+5.01942e+04 -5.24521e+04 4010281 1 7.0242e-01
+5.16802e+04 -5.11446e+04 4010323 1 6.8953e-01
+5.54685e+04 -5.23303e+04 5010273 1 6.9153e-01
+4.95418e+04 -5.00668e+04 4010320 1 6.8530e-01
+5.46347e+04 -5.02750e+04 4010367 1 6.7018e-01
+5.09572e+04 -5.08184e+04 4010322 1 6.8749e-01
+5.24146e+04 -5.14391e+04 4010324 1 6.8833e-01
+5.69694e+04 -5.08242e+04 5010313 1 6.6904e-01
+5.61811e+04 -5.06654e+04 5010312 1 6.7091e-01
+5.77677e+04 -5.09608e+04 5010314 1 6.6842e-01
+5.31280e+04 -4.97795e+04 4010365 1 6.7070e-01
+8.93895e+04 -5.45695e+04 5010232 1 1.6993e-01
+8.63222e+04 -5.46427e+04 5010229 1 2.3362e-01
+8.32608e+04 -5.47730e+04 5010226 1 3.0380e-01
+6.21173e+04 -5.30239e+04 5010281 1 6.6382e-01
+6.03932e+04 -5.29596e+04 5010279 1 6.7525e-01
+6.29927e+04 -5.30347e+04 5010282 1 6.5613e-01
+6.56678e+04 -5.29963e+04 5010285 1 6.2732e-01
+5.85756e+04 -5.10766e+04 5010315 1 6.6656e-01
+5.23890e+04 -4.94890e+04 4010364 1 6.6920e-01
+5.09373e+04 -4.88157e+04 4010362 1 6.6864e-01
+5.16589e+04 -4.91683e+04 4010363 1 6.6947e-01
+9.04127e+04 -5.45586e+04 5010233 1 1.5446e-01
+8.24630e+04 -5.33970e+04 5010264 1 3.1914e-01
+8.04799e+04 -5.35143e+04 5010262 1 3.6447e-01
+7.55568e+04 -5.38664e+04 5010257 1 4.6735e-01
+6.38766e+04 -5.30329e+04 5010283 1 6.4726e-01
+8.65607e+04 -5.17723e+04 5010307 1 2.4248e-01
+8.17038e+04 -5.19836e+04 5010302 1 3.4072e-01
+6.74868e+04 -5.29233e+04 5010287 1 6.0317e-01
+7.40245e+04 -5.25005e+04 5010294 1 4.9713e-01
+6.47685e+04 -5.30197e+04 5010284 1 6.3784e-01
+6.65740e+04 -5.29638e+04 5010286 1 6.1570e-01
+7.68855e+04 -5.22931e+04 5010297 1 4.3945e-01
+8.26728e+04 -5.19317e+04 5010303 1 3.1926e-01
+8.36431e+04 -5.18841e+04 5010304 1 2.9811e-01
+6.02201e+04 -5.12502e+04 5010317 1 6.5929e-01
+5.84159e+04 -4.92782e+04 5010353 1 6.4699e-01
+5.68380e+04 -4.89810e+04 5010351 1 6.4942e-01
+5.76227e+04 -4.91403e+04 5010352 1 6.4879e-01
+7.64476e+04 -7.37351e+04 3010380 1 4.4881e-01
+7.79560e+04 -7.35966e+04 3010381 1 4.2373e-01
+7.94617e+04 -7.34707e+04 3010382 1 3.9963e-01
+8.09650e+04 -7.33582e+04 3010383 1 3.7655e-01
+8.24660e+04 -7.32597e+04 3010384 1 3.5506e-01
+8.39652e+04 -7.31753e+04 3010385 1 3.3544e-01
+8.54627e+04 -7.31058e+04 3010386 1 3.1779e-01
+8.69590e+04 -7.30515e+04 3010387 1 3.0283e-01
+8.84543e+04 -7.30124e+04 3010388 1 2.9125e-01
+8.99490e+04 -7.29886e+04 3010389 1 2.8317e-01
+8.83666e+04 -5.45872e+04 5010231 1 1.8940e-01
+7.94909e+04 -5.35788e+04 5010261 1 3.8698e-01
+7.45802e+04 -5.39428e+04 5010256 1 4.8761e-01
+6.84057e+04 -5.28758e+04 5010288 1 5.9119e-01
+8.75348e+04 -5.17460e+04 5010308 1 2.2234e-01
+7.02602e+04 -5.27645e+04 5010290 1 5.6178e-01
+9.04598e+04 -5.17007e+04 5010311 1 1.7204e-01
+7.78448e+04 -5.22257e+04 5010298 1 4.1973e-01
+5.93931e+04 -5.11727e+04 5010316 1 6.6236e-01
+6.19003e+04 -5.13554e+04 5010319 1 6.4949e-01
+6.27530e+04 -5.13854e+04 5010320 1 6.4267e-01
+6.10559e+04 -5.13107e+04 5010318 1 6.5500e-01
+6.36137e+04 -5.14020e+04 5010321 1 6.3568e-01
+6.62391e+04 -5.13829e+04 5010324 1 6.0875e-01
+6.93297e+04 -7.35862e+04 3010414 1 5.7682e-01
+7.08179e+04 -7.34011e+04 3010415 1 5.4938e-01
+7.23038e+04 -7.32243e+04 3010416 1 5.2220e-01
+7.37874e+04 -7.30567e+04 3010417 1 4.9519e-01
+7.52687e+04 -7.28992e+04 3010418 1 4.6840e-01
+7.67476e+04 -7.27526e+04 3010419 1 4.4218e-01
+7.82243e+04 -7.26177e+04 3010420 1 4.1669e-01
+7.96989e+04 -7.24951e+04 3010421 1 3.9185e-01
+8.11715e+04 -7.23856e+04 3010422 1 3.6794e-01
+8.26423e+04 -7.22896e+04 3010423 1 3.4580e-01
+8.41115e+04 -7.22074e+04 3010424 1 3.2524e-01
+8.55794e+04 -7.21397e+04 3010425 1 3.0670e-01
+8.70462e+04 -7.20869e+04 3010426 1 2.9107e-01
+8.85122e+04 -7.20488e+04 3010427 1 2.7871e-01
+8.99777e+04 -7.20257e+04 3010428 1 2.7006e-01
+7.65364e+04 -5.37909e+04 5010258 1 4.4718e-01
+8.64443e+04 -5.32245e+04 5010268 1 2.3709e-01
+7.36069e+04 -5.40194e+04 5010255 1 5.0739e-01
+8.84398e+04 -5.31733e+04 5010270 1 1.9496e-01
+7.59289e+04 -5.23618e+04 5010296 1 4.5910e-01
+8.07363e+04 -5.20393e+04 5010301 1 3.6218e-01
+8.94845e+04 -5.17100e+04 5010310 1 1.8601e-01
+7.88065e+04 -5.21604e+04 5010299 1 4.0197e-01
+7.34923e+04 -5.10131e+04 5010332 1 5.0058e-01
+6.53571e+04 -5.13997e+04 5010323 1 6.1833e-01
+7.81529e+04 -5.07021e+04 5010337 1 4.1398e-01
+5.92175e+04 -4.93956e+04 5010354 1 6.4451e-01
+6.00272e+04 -4.94942e+04 5010355 1 6.4195e-01
+6.16705e+04 -4.96393e+04 5010357 1 6.3339e-01
+6.08449e+04 -4.95751e+04 5010356 1 6.3831e-01
+6.25036e+04 -4.96883e+04 5010358 1 6.2844e-01
+6.10839e+04 -7.37356e+04 3010447 1 7.2912e-01
+6.25355e+04 -7.35336e+04 3010448 1 7.0411e-01
+6.39889e+04 -7.33319e+04 3010449 1 6.7847e-01
+6.54433e+04 -7.31321e+04 3010450 1 6.5240e-01
+6.68980e+04 -7.29355e+04 3010451 1 6.2587e-01
+6.83525e+04 -7.27435e+04 3010452 1 5.9897e-01
+6.98062e+04 -7.25572e+04 3010453 1 5.7188e-01
+7.12588e+04 -7.23778e+04 3010454 1 5.4445e-01
+7.27101e+04 -7.22062e+04 3010455 1 5.1688e-01
+7.41597e+04 -7.20437e+04 3010456 1 4.8935e-01
+7.56076e+04 -7.18909e+04 3010457 1 4.6223e-01
+7.70537e+04 -7.17486e+04 3010458 1 4.3557e-01
+7.84982e+04 -7.16176e+04 3010459 1 4.0938e-01
+7.99411e+04 -7.14987e+04 3010460 1 3.8385e-01
+8.13824e+04 -7.13924e+04 3010461 1 3.5964e-01
+8.28223e+04 -7.12991e+04 3010462 1 3.3670e-01
+8.42610e+04 -7.12194e+04 3010463 1 3.1530e-01
+8.56986e+04 -7.11537e+04 3010464 1 2.9590e-01
+8.71353e+04 -7.11024e+04 3010465 1 2.7971e-01
+8.85714e+04 -7.10654e+04 3010466 1 2.6664e-01
+9.00070e+04 -7.10430e+04 3010467 1 2.5753e-01
+7.75188e+04 -5.37174e+04 5010259 1 4.3100e-01
+8.54476e+04 -5.32590e+04 5010267 1 2.5933e-01
+8.74418e+04 -5.31959e+04 5010269 1 2.1549e-01
+6.93304e+04 -5.28226e+04 5010289 1 5.7696e-01
+7.49751e+04 -5.24312e+04 5010295 1 4.7839e-01
+8.46147e+04 -5.18411e+04 5010305 1 2.7823e-01
+8.85094e+04 -5.17252e+04 5010309 1 2.0328e-01
+7.30773e+04 -5.25692e+04 5010293 1 5.1317e-01
+7.90928e+04 -5.06425e+04 5010338 1 3.9522e-01
+7.16513e+04 -5.11317e+04 5010330 1 5.3257e-01
+6.33439e+04 -4.97231e+04 5010359 1 6.2244e-01
+5.34474e+04 -7.37203e+04 3010480 1 8.4689e-01
+5.48168e+04 -7.35597e+04 3010481 1 8.2941e-01
+5.61972e+04 -7.33887e+04 3010482 1 8.1044e-01
+5.75867e+04 -7.32094e+04 3010483 1 7.9018e-01
+5.89837e+04 -7.30237e+04 3010484 1 7.6873e-01
+6.03867e+04 -7.28334e+04 3010485 1 7.4627e-01
+6.17946e+04 -7.26401e+04 3010486 1 7.2283e-01
+6.32061e+04 -7.24455e+04 3010487 1 6.9844e-01
+6.46203e+04 -7.22512e+04 3010488 1 6.7297e-01
+6.60362e+04 -7.20585e+04 3010489 1 6.4688e-01
+6.74531e+04 -7.18689e+04 3010490 1 6.2030e-01
+6.88705e+04 -7.16835e+04 3010491 1 5.9345e-01
+7.02880e+04 -7.15036e+04 3010492 1 5.6628e-01
+7.17051e+04 -7.13303e+04 3010493 1 5.3885e-01
+7.31215e+04 -7.11645e+04 3010494 1 5.1108e-01
+7.45369e+04 -7.10074e+04 3010495 1 4.8346e-01
+7.59512e+04 -7.08596e+04 3010496 1 4.5600e-01
+7.73644e+04 -7.07220e+04 3010497 1 4.2880e-01
+7.87764e+04 -7.05953e+04 3010498 1 4.0202e-01
+8.01871e+04 -7.04803e+04 3010499 1 3.7621e-01
+8.15967e+04 -7.03774e+04 3010500 1 3.5138e-01
+8.30053e+04 -7.02872e+04 3010501 1 3.2771e-01
+8.44130e+04 -7.02101e+04 3010502 1 3.0556e-01
+8.58198e+04 -7.01466e+04 3010503 1 2.8568e-01
+8.72259e+04 -7.00969e+04 3010504 1 2.6871e-01
+8.86315e+04 -7.00611e+04 3010505 1 2.5495e-01
+9.00368e+04 -7.00394e+04 3010506 1 2.4528e-01
+7.11948e+04 -5.27023e+04 5010291 1 5.4581e-01
+7.21340e+04 -5.26368e+04 5010292 1 5.2924e-01
+7.97705e+04 -5.20983e+04 5010300 1 3.8347e-01
+8.55873e+04 -5.18039e+04 5010306 1 2.6329e-01
+6.80219e+04 -5.13240e+04 5010326 1 5.8614e-01
+6.44819e+04 -5.14064e+04 5010322 1 6.2751e-01
+7.53478e+04 -5.08882e+04 5010334 1 4.6952e-01
+7.72153e+04 -5.07633e+04 5010336 1 4.3280e-01
+6.89217e+04 -5.12837e+04 5010327 1 5.7348e-01
+8.57195e+04 -5.03151e+04 5010345 1 2.6560e-01
+8.95283e+04 -5.02289e+04 5010349 1 1.9908e-01
+8.66709e+04 -5.02860e+04 5010346 1 2.4973e-01
+6.59056e+04 -4.97541e+04 5010362 1 5.9931e-01
+7.47877e+04 -4.93717e+04 5010372 1 4.7389e-01
+7.75247e+04 -4.92021e+04 5010375 1 4.2679e-01
+6.41912e+04 -4.97450e+04 5010360 1 6.1552e-01
+7.38812e+04 -4.94272e+04 5010371 1 4.8964e-01
+7.84421e+04 -4.91467e+04 5010376 1 4.0914e-01
+8.58440e+04 -4.87931e+04 5010384 1 2.7082e-01
+4.80055e+04 -7.30926e+04 3010514 1 8.9792e-01
+4.92460e+04 -7.30209e+04 3010515 1 8.8944e-01
+5.05085e+04 -7.29286e+04 3010516 1 8.7790e-01
+5.17908e+04 -7.28177e+04 3010517 1 8.6578e-01
+5.30903e+04 -7.26907e+04 3010518 1 8.5261e-01
+5.44048e+04 -7.25497e+04 3010519 1 8.3768e-01
+5.57324e+04 -7.23965e+04 3010520 1 8.2080e-01
+5.70711e+04 -7.22334e+04 3010521 1 8.0225e-01
+5.84191e+04 -7.20621e+04 3010522 1 7.8232e-01
+5.97751e+04 -7.18844e+04 3010523 1 7.6121e-01
+6.11377e+04 -7.17021e+04 3010524 1 7.3902e-01
+6.25056e+04 -7.15169e+04 3010525 1 7.1584e-01
+6.38778e+04 -7.13302e+04 3010526 1 6.9175e-01
+6.52533e+04 -7.11436e+04 3010527 1 6.6665e-01
+6.66312e+04 -7.09585e+04 3010528 1 6.4075e-01
+6.80108e+04 -7.07762e+04 3010529 1 6.1428e-01
+6.93916e+04 -7.05979e+04 3010530 1 5.8737e-01
+7.07730e+04 -7.04248e+04 3010531 1 5.6007e-01
+7.21546e+04 -7.02580e+04 3010532 1 5.3261e-01
+7.35362e+04 -7.00984e+04 3010533 1 5.0503e-01
+7.49175e+04 -6.99469e+04 3010534 1 4.7728e-01
+7.62981e+04 -6.98045e+04 3010535 1 4.4944e-01
+7.76781e+04 -6.96719e+04 3010536 1 4.2179e-01
+7.90574e+04 -6.95498e+04 3010537 1 3.9490e-01
+8.04358e+04 -6.94389e+04 3010538 1 3.6864e-01
+8.18135e+04 -6.93396e+04 3010539 1 3.4320e-01
+8.31905e+04 -6.92526e+04 3010540 1 3.1885e-01
+8.45668e+04 -6.91783e+04 3010541 1 2.9602e-01
+8.59424e+04 -6.91171e+04 3010542 1 2.7578e-01
+8.73176e+04 -6.90691e+04 3010543 1 2.5805e-01
+8.86925e+04 -6.90345e+04 3010544 1 2.4363e-01
+9.00670e+04 -6.90136e+04 3010545 1 2.3345e-01
+6.71276e+04 -5.13574e+04 5010325 1 5.9793e-01
+8.00348e+04 -5.05852e+04 5010339 1 3.7739e-01
+7.25699e+04 -5.10736e+04 5010331 1 5.1684e-01
+8.38196e+04 -5.03892e+04 5010343 1 3.0071e-01
+7.62802e+04 -5.08256e+04 5010335 1 4.5137e-01
+8.85754e+04 -5.02429e+04 5010348 1 2.1430e-01
+6.76439e+04 -4.97244e+04 5010364 1 5.7968e-01
+8.21315e+04 -4.89443e+04 5010380 1 3.4147e-01
+8.30579e+04 -4.89010e+04 5010381 1 3.2292e-01
+4.79742e+04 -7.19008e+04 3010552 1 8.9436e-01
+4.91525e+04 -7.18570e+04 3010553 1 8.8877e-01
+5.03542e+04 -7.17911e+04 3010554 1 8.8085e-01
+5.15773e+04 -7.17052e+04 3010555 1 8.7086e-01
+5.28194e+04 -7.16014e+04 3010556 1 8.5876e-01
+5.40784e+04 -7.14819e+04 3010557 1 8.4483e-01
+5.53524e+04 -7.13486e+04 3010558 1 8.2889e-01
+5.66396e+04 -7.12035e+04 3010559 1 8.1130e-01
+5.79380e+04 -7.10485e+04 3010560 1 7.9314e-01
+5.92460e+04 -7.08855e+04 3010561 1 7.7363e-01
+6.05622e+04 -7.07163e+04 3010562 1 7.5286e-01
+6.18853e+04 -7.05424e+04 3010563 1 7.3096e-01
+6.32142e+04 -7.03656e+04 3010564 1 7.0806e-01
+6.45479e+04 -7.01872e+04 3010565 1 6.8428e-01
+6.58855e+04 -7.00087e+04 3010566 1 6.5965e-01
+6.72260e+04 -6.98315e+04 3010567 1 6.3388e-01
+6.85688e+04 -6.96569e+04 3010568 1 6.0751e-01
+6.99133e+04 -6.94861e+04 3010569 1 5.8078e-01
+7.12591e+04 -6.93201e+04 3010570 1 5.5361e-01
+7.26056e+04 -6.91600e+04 3010571 1 5.2612e-01
+7.39525e+04 -6.90068e+04 3010572 1 4.9839e-01
+7.52997e+04 -6.88614e+04 3010573 1 4.7049e-01
+7.66467e+04 -6.87246e+04 3010574 1 4.4266e-01
+7.79936e+04 -6.85972e+04 3010575 1 4.1506e-01
+7.93401e+04 -6.84799e+04 3010576 1 3.8778e-01
+8.06861e+04 -6.83732e+04 3010577 1 3.6105e-01
+8.20318e+04 -6.82779e+04 3010578 1 3.3506e-01
+8.33769e+04 -6.81943e+04 3010579 1 3.1014e-01
+8.47217e+04 -6.81229e+04 3010580 1 2.8711e-01
+8.60660e+04 -6.80639e+04 3010581 1 2.6616e-01
+8.74101e+04 -6.80178e+04 3010582 1 2.4776e-01
+8.87539e+04 -6.79845e+04 3010583 1 2.3271e-01
+9.00975e+04 -6.79645e+04 3010584 1 2.2211e-01
+7.44184e+04 -5.09510e+04 5010333 1 4.8411e-01
+8.28713e+04 -5.04329e+04 5010342 1 3.2054e-01
+6.98268e+04 -5.12375e+04 5010328 1 5.6022e-01
+7.07368e+04 -5.11866e+04 5010329 1 5.4761e-01
+8.09787e+04 -5.05312e+04 5010340 1 3.6071e-01
+8.19243e+04 -5.04803e+04 5010341 1 3.4062e-01
+6.94038e+04 -4.96641e+04 5010366 1 5.5757e-01
+7.29780e+04 -4.94809e+04 5010370 1 5.0496e-01
+7.20783e+04 -4.95322e+04 5010369 1 5.1847e-01
+8.39855e+04 -4.88612e+04 5010382 1 3.0463e-01
+4.69255e+04 -7.06321e+04 3010589 1 8.8664e-01
+4.80169e+04 -7.06423e+04 3010590 1 8.8603e-01
+4.91351e+04 -7.06272e+04 3010591 1 8.8293e-01
+5.02778e+04 -7.05887e+04 3010592 1 8.7759e-01
+5.14431e+04 -7.05289e+04 3010593 1 8.6996e-01
+5.26287e+04 -7.04498e+04 3010594 1 8.6029e-01
+5.38326e+04 -7.03535e+04 3010595 1 8.4868e-01
+5.50530e+04 -7.02418e+04 3010596 1 8.3526e-01
+5.62880e+04 -7.01167e+04 3010597 1 8.2014e-01
+5.75360e+04 -6.99802e+04 3010598 1 8.0345e-01
+5.87953e+04 -6.98339e+04 3010599 1 7.8485e-01
+6.00644e+04 -6.96797e+04 3010600 1 7.6482e-01
+6.13421e+04 -6.95192e+04 3010601 1 7.4365e-01
+6.26269e+04 -6.93541e+04 3010602 1 7.2212e-01
+6.39179e+04 -6.91859e+04 3010603 1 6.9952e-01
+6.52141e+04 -6.90161e+04 3010604 1 6.7601e-01
+6.65144e+04 -6.88460e+04 3010605 1 6.5168e-01
+6.78183e+04 -6.86771e+04 3010606 1 6.2645e-01
+6.91250e+04 -6.85104e+04 3010607 1 6.0034e-01
+7.04338e+04 -6.83472e+04 3010608 1 5.7369e-01
+7.17443e+04 -6.81886e+04 3010609 1 5.4655e-01
+7.30560e+04 -6.80356e+04 3010610 1 5.1906e-01
+7.43687e+04 -6.78891e+04 3010611 1 4.9136e-01
+7.56819e+04 -6.77500e+04 3010612 1 4.6363e-01
+7.69956e+04 -6.76191e+04 3010613 1 4.3583e-01
+7.83094e+04 -6.74970e+04 3010614 1 4.0810e-01
+7.96232e+04 -6.73846e+04 3010615 1 3.8052e-01
+8.09369e+04 -6.72825e+04 3010616 1 3.5339e-01
+8.22505e+04 -6.71911e+04 3010617 1 3.2696e-01
+8.35639e+04 -6.71111e+04 3010618 1 3.0197e-01
+8.48770e+04 -6.70426e+04 3010619 1 2.7846e-01
+8.61900e+04 -6.69861e+04 3010620 1 2.5684e-01
+8.75028e+04 -6.69418e+04 3010621 1 2.3777e-01
+8.88155e+04 -6.69099e+04 3010622 1 2.2214e-01
+9.01280e+04 -6.68907e+04 3010623 1 2.1117e-01
+8.47690e+04 -5.03498e+04 5010344 1 2.8163e-01
+9.04815e+04 -5.02203e+04 5010350 1 1.8707e-01
+8.76229e+04 -5.02619e+04 5010347 1 2.3140e-01
+6.50452e+04 -4.97549e+04 5010361 1 6.0787e-01
+6.67719e+04 -4.97436e+04 5010363 1 5.8987e-01
+7.02910e+04 -4.96248e+04 5010367 1 5.4495e-01
+7.66097e+04 -4.92583e+04 5010374 1 4.4272e-01
+6.85213e+04 -4.96975e+04 5010365 1 5.6941e-01
+8.02832e+04 -4.90404e+04 5010378 1 3.7388e-01
+4.70910e+04 -6.92745e+04 3010627 1 8.8002e-01
+4.81233e+04 -6.93163e+04 3010628 1 8.7969e-01
+4.91833e+04 -6.93313e+04 3010629 1 8.7681e-01
+5.02690e+04 -6.93213e+04 3010630 1 8.6986e-01
+5.13785e+04 -6.92885e+04 3010631 1 8.6466e-01
+5.25092e+04 -6.92352e+04 3010632 1 8.5739e-01
+5.36593e+04 -6.91632e+04 3010633 1 8.4802e-01
+5.48271e+04 -6.90745e+04 3010634 1 8.3680e-01
+5.60107e+04 -6.89709e+04 3010635 1 8.2371e-01
+5.72085e+04 -6.88543e+04 3010636 1 8.0906e-01
+5.84190e+04 -6.87265e+04 3010637 1 7.9274e-01
+5.96408e+04 -6.85891e+04 3010638 1 7.7472e-01
+6.08723e+04 -6.84440e+04 3010639 1 7.5539e-01
+6.21125e+04 -6.82926e+04 3010640 1 7.3485e-01
+6.33601e+04 -6.81366e+04 3010641 1 7.1318e-01
+6.46141e+04 -6.79774e+04 3010642 1 6.9037e-01
+6.58737e+04 -6.78164e+04 3010643 1 6.6712e-01
+6.71379e+04 -6.76550e+04 3010644 1 6.4308e-01
+6.84059e+04 -6.74945e+04 3010645 1 6.1821e-01
+6.96771e+04 -6.73360e+04 3010646 1 5.9234e-01
+7.09509e+04 -6.71808e+04 3010647 1 5.6597e-01
+7.22267e+04 -6.70298e+04 3010648 1 5.3912e-01
+7.35042e+04 -6.68840e+04 3010649 1 5.1191e-01
+7.47830e+04 -6.67443e+04 3010650 1 4.8435e-01
+7.60628e+04 -6.66117e+04 3010651 1 4.5658e-01
+7.73432e+04 -6.64868e+04 3010652 1 4.2869e-01
+7.86242e+04 -6.63703e+04 3010653 1 4.0082e-01
+7.99056e+04 -6.62631e+04 3010654 1 3.7311e-01
+8.11871e+04 -6.61656e+04 3010655 1 3.4588e-01
+8.24688e+04 -6.60783e+04 3010656 1 3.1954e-01
+8.37505e+04 -6.60018e+04 3010657 1 2.9415e-01
+8.50322e+04 -6.59363e+04 3010658 1 2.7011e-01
+8.63138e+04 -6.58823e+04 3010659 1 2.4790e-01
+8.75954e+04 -6.58399e+04 3010660 1 2.2820e-01
+8.88770e+04 -6.58095e+04 3010661 1 2.1197e-01
+9.01585e+04 -6.57912e+04 3010662 1 2.0049e-01
+7.56973e+04 -4.93151e+04 5010373 1 4.5798e-01
+7.93617e+04 -4.90926e+04 5010377 1 3.9140e-01
+8.49143e+04 -4.88251e+04 5010383 1 2.8696e-01
+7.11826e+04 -4.95805e+04 5010368 1 5.3178e-01
+8.12065e+04 -4.89907e+04 5010379 1 3.5751e-01
+4.73066e+04 -6.78476e+04 3010665 1 8.6511e-01
+4.82844e+04 -6.79209e+04 3010666 1 8.6745e-01
+4.92896e+04 -6.79666e+04 3010667 1 8.6753e-01
+5.03204e+04 -6.79866e+04 3010668 1 8.6536e-01
+5.13752e+04 -6.79826e+04 3010669 1 8.6081e-01
+5.24522e+04 -6.79566e+04 3010670 1 8.5407e-01
+5.35498e+04 -6.79104e+04 3010671 1 8.4495e-01
+5.46664e+04 -6.78457e+04 3010672 1 8.3422e-01
+5.57998e+04 -6.77649e+04 3010673 1 8.2338e-01
+5.69485e+04 -6.76696e+04 3010674 1 8.1076e-01
+5.81110e+04 -6.75616e+04 3010675 1 7.9646e-01
+5.92857e+04 -6.74427e+04 3010676 1 7.8050e-01
+6.04715e+04 -6.73145e+04 3010677 1 7.6298e-01
+6.16670e+04 -6.71785e+04 3010678 1 7.4413e-01
+6.28711e+04 -6.70364e+04 3010679 1 7.2403e-01
+6.40827e+04 -6.68897e+04 3010680 1 7.0284e-01
+6.53009e+04 -6.67397e+04 3010681 1 6.8067e-01
+6.65248e+04 -6.65877e+04 3010682 1 6.5763e-01
+6.77536e+04 -6.64352e+04 3010683 1 6.3382e-01
+6.89867e+04 -6.62833e+04 3010684 1 6.0941e-01
+7.02232e+04 -6.61332e+04 3010685 1 5.8402e-01
+7.14627e+04 -6.59860e+04 3010686 1 5.5795e-01
+7.27046e+04 -6.58427e+04 3010687 1 5.3135e-01
+7.39484e+04 -6.57043e+04 3010688 1 5.0429e-01
+7.51938e+04 -6.55717e+04 3010689 1 4.7687e-01
+7.64406e+04 -6.54456e+04 3010690 1 4.4917e-01
+7.76883e+04 -6.53269e+04 3010691 1 4.2130e-01
+7.89369e+04 -6.52162e+04 3010692 1 3.9362e-01
+8.01861e+04 -6.51142e+04 3010693 1 3.6613e-01
+8.14358e+04 -6.50213e+04 3010694 1 3.3897e-01
+8.26858e+04 -6.49382e+04 3010695 1 3.1236e-01
+8.39360e+04 -6.48653e+04 3010696 1 2.8662e-01
+8.51864e+04 -6.48029e+04 3010697 1 2.6213e-01
+8.64370e+04 -6.47514e+04 3010698 1 2.3939e-01
+8.76876e+04 -6.47111e+04 3010699 1 2.1912e-01
+8.89382e+04 -6.46821e+04 3010700 1 2.0231e-01
+9.01889e+04 -6.46647e+04 3010701 1 1.9038e-01
+4.75600e+04 -6.63520e+04 3010703 1 8.5392e-01
+4.84861e+04 -6.64582e+04 3010704 1 8.5550e-01
+4.94400e+04 -6.65352e+04 3010705 1 8.5309e-01
+5.04202e+04 -6.65849e+04 3010706 1 8.5251e-01
+5.14242e+04 -6.66099e+04 3010707 1 8.5067e-01
+5.24505e+04 -6.66119e+04 3010708 1 8.4652e-01
+5.34976e+04 -6.65925e+04 3010709 1 8.4037e-01
+5.45639e+04 -6.65538e+04 3010710 1 8.3226e-01
+5.56480e+04 -6.64973e+04 3010711 1 8.2230e-01
+5.67484e+04 -6.64248e+04 3010712 1 8.1042e-01
+5.78638e+04 -6.63380e+04 3010713 1 7.9644e-01
+5.89926e+04 -6.62388e+04 3010714 1 7.8259e-01
+6.01333e+04 -6.61289e+04 3010715 1 7.6703e-01
+6.12848e+04 -6.60099e+04 3010716 1 7.5001e-01
+6.24457e+04 -6.58833e+04 3010717 1 7.3165e-01
+6.36152e+04 -6.57505e+04 3010718 1 7.1207e-01
+6.47922e+04 -6.56131e+04 3010719 1 6.9137e-01
+6.59758e+04 -6.54724e+04 3010720 1 6.6965e-01
+6.71652e+04 -6.53296e+04 3010721 1 6.4697e-01
+6.83597e+04 -6.51860e+04 3010722 1 6.2350e-01
+6.95587e+04 -6.50429e+04 3010723 1 5.9933e-01
+7.07614e+04 -6.49012e+04 3010724 1 5.7454e-01
+7.19673e+04 -6.47622e+04 3010725 1 5.4930e-01
+7.31760e+04 -6.46268e+04 3010726 1 5.2306e-01
+7.43869e+04 -6.44959e+04 3010727 1 4.9640e-01
+7.55996e+04 -6.43704e+04 3010728 1 4.6935e-01
+7.68139e+04 -6.42510e+04 3010729 1 4.4202e-01
+7.80296e+04 -6.41385e+04 3010730 1 4.1451e-01
+7.92462e+04 -6.40336e+04 3010731 1 3.8694e-01
+8.04637e+04 -6.39368e+04 3010732 1 3.5945e-01
+8.16819e+04 -6.38487e+04 3010733 1 3.3221e-01
+8.29007e+04 -6.37699e+04 3010734 1 3.0544e-01
+8.41198e+04 -6.37006e+04 3010735 1 2.7945e-01
+8.53393e+04 -6.36414e+04 3010736 1 2.5460e-01
+8.65590e+04 -6.35925e+04 3010737 1 2.3142e-01
+8.77789e+04 -6.35542e+04 3010738 1 2.1063e-01
+8.89989e+04 -6.35267e+04 3010739 1 1.9325e-01
+9.02189e+04 -6.35101e+04 3010740 1 1.8096e-01
+4.78396e+04 -6.47876e+04 3010741 1 8.3437e-01
+4.87197e+04 -6.49261e+04 3010742 1 8.3921e-01
+4.96262e+04 -6.50352e+04 3010743 1 8.4185e-01
+5.05578e+04 -6.51166e+04 3010744 1 8.4214e-01
+5.15134e+04 -6.51719e+04 3010745 1 8.4024e-01
+5.24917e+04 -6.52026e+04 3010746 1 8.3539e-01
+5.34917e+04 -6.52105e+04 3010747 1 8.2997e-01
+5.45110e+04 -6.51978e+04 3010748 1 8.2424e-01
+5.55483e+04 -6.51664e+04 3010749 1 8.1666e-01
+5.66023e+04 -6.51178e+04 3010750 1 8.0723e-01
+5.76716e+04 -6.50538e+04 3010751 1 7.9612e-01
+5.87550e+04 -6.49759e+04 3010752 1 7.8331e-01
+5.98513e+04 -6.48858e+04 3010753 1 7.6878e-01
+6.09594e+04 -6.47851e+04 3010754 1 7.5248e-01
+6.20781e+04 -6.46753e+04 3010755 1 7.3604e-01
+6.32061e+04 -6.45581e+04 3010756 1 7.1824e-01
+6.43424e+04 -6.44348e+04 3010757 1 6.9920e-01
+6.54862e+04 -6.43067e+04 3010758 1 6.7901e-01
+6.66366e+04 -6.41753e+04 3010759 1 6.5779e-01
+6.77928e+04 -6.40417e+04 3010760 1 6.3563e-01
+6.89542e+04 -6.39072e+04 3010761 1 6.1259e-01
+7.01201e+04 -6.37728e+04 3010762 1 5.8882e-01
+7.12899e+04 -6.36397e+04 3010763 1 5.6428e-01
+7.24631e+04 -6.35088e+04 3010764 1 5.3929e-01
+7.36393e+04 -6.33813e+04 3010765 1 5.1438e-01
+7.48181e+04 -6.32579e+04 3010766 1 4.8869e-01
+7.59989e+04 -6.31395e+04 3010767 1 4.6197e-01
+7.71815e+04 -6.30269e+04 3010768 1 4.3494e-01
+7.83656e+04 -6.29207e+04 3010769 1 4.0766e-01
+7.95510e+04 -6.28216e+04 3010770 1 3.8026e-01
+8.07374e+04 -6.27301e+04 3010771 1 3.5289e-01
+8.19246e+04 -6.26468e+04 3010772 1 3.2570e-01
+8.31126e+04 -6.25722e+04 3010773 1 2.9889e-01
+8.43011e+04 -6.25067e+04 3010774 1 2.7276e-01
+8.54901e+04 -6.24507e+04 3010775 1 2.4766e-01
+8.66794e+04 -6.24044e+04 3010776 1 2.2412e-01
+8.78689e+04 -6.23681e+04 3010777 1 2.0287e-01
+8.90587e+04 -6.23420e+04 3010778 1 1.8498e-01
+9.02486e+04 -6.23263e+04 3010779 1 1.7219e-01
+9.02778e+04 -6.11124e+04 5010038 1 1.6441e-01
+8.91176e+04 -6.11272e+04 5010037 1 1.7769e-01
+8.79575e+04 -6.11519e+04 5010036 1 1.9606e-01
+8.67977e+04 -6.11861e+04 5010035 1 2.1769e-01
+8.56382e+04 -6.12298e+04 5010034 1 2.4145e-01
+8.44792e+04 -6.12826e+04 5010033 1 2.6667e-01
+8.33207e+04 -6.13444e+04 5010032 1 2.9282e-01
+8.21629e+04 -6.14147e+04 5010031 1 3.1953e-01
+8.10060e+04 -6.14932e+04 5010030 1 3.4655e-01
+9.03064e+04 -5.98672e+04 5010077 1 1.5825e-01
+8.67746e+04 -4.87662e+04 5010385 1 2.5866e-01
