+4.87858e+04 -5.40991e+04 4010078 1 3.7951e-01
+4.74291e+04 -5.52636e+04 4010036 1 3.8781e-01
+4.79367e+04 -5.37731e+04 4010077 1 3.7469e-01
+5.08451e+04 -5.64197e+04 4010040 1 4.0640e-01
+4.71024e+04 -5.00658e+04 4010157 1 3.5261e-01
+4.70924e+04 -5.34200e+04 4010076 1 3.7293e-01
+4.76027e+04 -6.37326e+04 2010655 1 4.8693e-01
+4.83351e+04 -6.22973e+04 2010696 1 4.6572e-01
+4.96735e+04 -5.93819e+04 2010778 1 4.3552e-01
+4.90253e+04 -6.08466e+04 2010737 1 4.5423e-01
+5.02793e+04 -5.79067e+04 2010819 1 4.2218e-01
+5.53192e+04 -5.73339e+04 5010004 1 4.2498e-01
+5.62430e+04 -5.74575e+04 5010005 1 4.2688e-01
+5.26054e+04 -5.68499e+04 5010001 1 4.1624e-01
+5.71764e+04 -5.75640e+04 5010006 1 4.2753e-01
+5.35003e+04 -5.70314e+04 5010002 1 4.1767e-01
+5.17206e+04 -5.66463e+04 5010000 1 4.1192e-01
+5.81193e+04 -5.76543e+04 5010007 1 4.2600e-01
+5.90718e+04 -5.77295e+04 5010008 1 4.2394e-01
+5.44049e+04 -5.71922e+04 5010003 1 4.2191e-01
+6.00332e+04 -5.77910e+04 5010009 1 4.2231e-01
+6.10032e+04 -5.78400e+04 5010010 1 4.1948e-01
+6.19815e+04 -5.78773e+04 5010011 1 4.1551e-01
+7.74296e+04 -5.76599e+04 5010026 1 2.6486e-01
+7.84959e+04 -5.76275e+04 5010027 1 2.5045e-01
+7.95649e+04 -5.75960e+04 5010028 1 2.3575e-01
+6.29678e+04 -5.79041e+04 5010012 1 4.1041e-01
+6.39618e+04 -5.79213e+04 5010013 1 4.0430e-01
+6.49632e+04 -5.79298e+04 5010014 1 3.9730e-01
+6.59717e+04 -5.79305e+04 5010015 1 3.8958e-01
+6.69872e+04 -5.79245e+04 5010016 1 3.8140e-01
+6.80088e+04 -5.79125e+04 5010017 1 3.7236e-01
+6.90364e+04 -5.78955e+04 5010018 1 3.6249e-01
+7.00695e+04 -5.78741e+04 5010019 1 3.5185e-01
+7.11078e+04 -5.78490e+04 5010020 1 3.4051e-01
+7.21510e+04 -5.78211e+04 5010021 1 3.2850e-01
+7.31987e+04 -5.77909e+04 5010022 1 3.1590e-01
+7.42508e+04 -5.77591e+04 5010023 1 3.0293e-01
+7.53068e+04 -5.77262e+04 5010024 1 2.8996e-01
+7.63665e+04 -5.76930e+04 5010025 1 2.7702e-01
+4.99787e+04 -5.61694e+04 4010039 1 4.0032e-01
+4.68779e+04 -5.67483e+04 2010815 1 3.9930e-01
+4.74664e+04 -6.20542e+04 2010695 1 4.6206e-01
+4.81593e+04 -6.06002e+04 2010736 1 4.4665e-01
+4.88080e+04 -5.91344e+04 2010777 1 4.2730e-01
+4.94143e+04 -5.76569e+04 2010818 1 4.1645e-01
+5.58331e+04 -5.58511e+04 5010043 1 4.0796e-01
+5.76778e+04 -5.60897e+04 5010045 1 4.1135e-01
+5.67513e+04 -5.59786e+04 5010044 1 4.1019e-01
+5.86127e+04 -5.61852e+04 5010046 1 4.1132e-01
+5.95558e+04 -5.62662e+04 5010047 1 4.1022e-01
+6.05070e+04 -5.63336e+04 5010048 1 4.0770e-01
+6.14665e+04 -5.63884e+04 5010049 1 4.0434e-01
+6.24335e+04 -5.64318e+04 5010050 1 4.0103e-01
+6.43892e+04 -5.64885e+04 5010052 1 3.9126e-01
+6.34079e+04 -5.64649e+04 5010051 1 3.9666e-01
+6.53774e+04 -5.65035e+04 5010053 1 3.8491e-01
+6.63720e+04 -5.65107e+04 5010054 1 3.7765e-01
+6.73728e+04 -5.65111e+04 5010055 1 3.6971e-01
+6.83797e+04 -5.65054e+04 5010056 1 3.6182e-01
+7.04100e+04 -5.64794e+04 5010058 1 3.4289e-01
+6.93922e+04 -5.64946e+04 5010057 1 3.5274e-01
+7.14327e+04 -5.64604e+04 5010059 1 3.3235e-01
+7.24600e+04 -5.64383e+04 5010060 1 3.2114e-01
+7.34915e+04 -5.64138e+04 5010061 1 3.0933e-01
+7.45272e+04 -5.63875e+04 5010062 1 2.9698e-01
+7.55666e+04 -5.63598e+04 5010063 1 2.8416e-01
+7.76556e+04 -5.63028e+04 5010065 1 2.5800e-01
+7.66094e+04 -5.63314e+04 5010064 1 2.7094e-01
+7.87047e+04 -5.62745e+04 5010066 1 2.4745e-01
+7.97566e+04 -5.62472e+04 5010067 1 2.3348e-01
+8.08109e+04 -5.62209e+04 5010068 1 2.1927e-01
+8.29258e+04 -5.61729e+04 5010070 1 1.9033e-01
+8.18674e+04 -5.61960e+04 5010069 1 2.0485e-01
+8.39860e+04 -5.61518e+04 5010071 1 1.7576e-01
+8.71745e+04 -5.61031e+04 5010074 1 1.3298e-01
+8.50476e+04 -5.61330e+04 5010072 1 1.6124e-01
+8.61105e+04 -5.61167e+04 5010073 1 1.4693e-01
+8.82393e+04 -5.60923e+04 5010075 1 1.1970e-01
+8.93047e+04 -5.60845e+04 5010076 1 1.0765e-01
+8.06364e+04 -5.75660e+04 5010029 1 2.2080e-01
+5.49235e+04 -5.57059e+04 5010042 1 4.0731e-01
+4.91207e+04 -5.58943e+04 4010038 1 3.9413e-01
+4.79642e+04 -5.04347e+04 4010158 1 3.5295e-01
+4.83391e+04 -4.89390e+04 4010199 1 3.4507e-01
+4.79546e+04 -5.88599e+04 2010776 1 4.2543e-01
+4.85594e+04 -5.73811e+04 2010817 1 4.1017e-01
+4.96405e+04 -5.43991e+04 4010079 1 3.8398e-01
+5.05016e+04 -5.46741e+04 4010080 1 3.8800e-01
+5.13701e+04 -5.49245e+04 4010081 1 3.9032e-01
+5.22464e+04 -5.51517e+04 5010039 1 3.9588e-01
+5.31305e+04 -5.53571e+04 5010040 1 4.0074e-01
+5.40228e+04 -5.55415e+04 5010041 1 4.0464e-01
+6.00101e+04 -5.47891e+04 5010086 1 3.9535e-01
+6.09527e+04 -5.48617e+04 5010087 1 3.9374e-01
+6.28589e+04 -5.49713e+04 5010089 1 3.8751e-01
+6.38224e+04 -5.50101e+04 5010090 1 3.8319e-01
+6.57685e+04 -5.50605e+04 5010092 1 3.7285e-01
+6.19023e+04 -5.49222e+04 5010088 1 3.9112e-01
+6.47924e+04 -5.50395e+04 5010091 1 3.7847e-01
+6.77383e+04 -5.50802e+04 5010094 1 3.5896e-01
+6.67506e+04 -5.50738e+04 5010093 1 3.6633e-01
+6.87314e+04 -5.50806e+04 5010095 1 3.5087e-01
+6.97297e+04 -5.50756e+04 5010096 1 3.4215e-01
+7.07331e+04 -5.50660e+04 5010097 1 3.3421e-01
+7.17412e+04 -5.50527e+04 5010098 1 3.2445e-01
+7.27536e+04 -5.50362e+04 5010099 1 3.1403e-01
+7.37700e+04 -5.50171e+04 5010100 1 3.0303e-01
+7.68410e+04 -5.49496e+04 5010103 1 2.6699e-01
+7.78711e+04 -5.49254e+04 5010104 1 2.5420e-01
+7.47902e+04 -5.49959e+04 5010101 1 2.9148e-01
+7.89041e+04 -5.49012e+04 5010105 1 2.4125e-01
+8.20176e+04 -5.48332e+04 5010108 1 2.0469e-01
+7.58140e+04 -5.49733e+04 5010102 1 2.7944e-01
+8.09776e+04 -5.48547e+04 5010107 1 2.1830e-01
+7.99396e+04 -5.48774e+04 5010106 1 2.2981e-01
+8.41031e+04 -5.47946e+04 5010110 1 1.7716e-01
+8.51480e+04 -5.47782e+04 5010111 1 1.6342e-01
+8.30595e+04 -5.48131e+04 5010109 1 1.9095e-01
+8.93381e+04 -5.47354e+04 5010115 1 1.1225e-01
+8.61942e+04 -5.47638e+04 5010112 1 1.4984e-01
+8.82895e+04 -5.47423e+04 5010114 1 1.2392e-01
+9.03871e+04 -5.47311e+04 5010116 1 1.0271e-01
+4.75490e+04 -5.19287e+04 4010117 1 3.6306e-01
+4.82712e+04 -5.55927e+04 4010037 1 3.9261e-01
+4.73070e+04 -6.03263e+04 2010735 1 4.3771e-01
+5.36176e+04 -5.38556e+04 5010079 1 3.8502e-01
+5.27333e+04 -5.36492e+04 5010078 1 3.8237e-01
+5.54071e+04 -5.42085e+04 5010081 1 3.9235e-01
+5.45088e+04 -5.40416e+04 5010080 1 3.8910e-01
+5.72257e+04 -5.44885e+04 5010083 1 3.9564e-01
+5.63127e+04 -5.43571e+04 5010082 1 3.9463e-01
+5.81465e+04 -5.46034e+04 5010084 1 3.9549e-01
+5.90747e+04 -5.47033e+04 5010085 1 3.9595e-01
+6.42117e+04 -5.35405e+04 5010129 1 3.7082e-01
+6.51710e+04 -5.35753e+04 5010130 1 3.6618e-01
+6.61363e+04 -5.36016e+04 5010131 1 3.6115e-01
+6.71068e+04 -5.36205e+04 5010132 1 3.5533e-01
+6.90633e+04 -5.36384e+04 5010134 1 3.4128e-01
+6.80826e+04 -5.36325e+04 5010133 1 3.4868e-01
+7.10386e+04 -5.36349e+04 5010136 1 3.2454e-01
+7.00487e+04 -5.36390e+04 5010135 1 3.3320e-01
+7.20329e+04 -5.36267e+04 5010137 1 3.1554e-01
+7.30314e+04 -5.36154e+04 5010138 1 3.0726e-01
+7.80758e+04 -5.35280e+04 5010143 1 2.5148e-01
+7.40336e+04 -5.36013e+04 5010139 1 2.9706e-01
+7.70607e+04 -5.35479e+04 5010142 1 2.6346e-01
+7.60485e+04 -5.35671e+04 5010141 1 2.7511e-01
+8.11360e+04 -5.34681e+04 5010146 1 2.1518e-01
+7.50394e+04 -5.35850e+04 5010140 1 2.8633e-01
+8.01136e+04 -5.34877e+04 5010145 1 2.2692e-01
+8.42145e+04 -5.34165e+04 5010149 1 1.7938e-01
+8.73052e+04 -5.33793e+04 5010152 1 1.4149e-01
+6.32582e+04 -5.34963e+04 5010128 1 3.7468e-01
+8.83373e+04 -5.33710e+04 5010153 1 1.2968e-01
+8.21605e+04 -5.34496e+04 5010147 1 2.0516e-01
+8.93699e+04 -5.33649e+04 5010154 1 1.1881e-01
+9.04029e+04 -5.33611e+04 5010155 1 1.0972e-01
+8.52436e+04 -5.34022e+04 5010150 1 1.6653e-01
+4.71133e+04 -5.85564e+04 2010775 1 4.1945e-01
+4.77142e+04 -5.70786e+04 2010816 1 4.0336e-01
+5.09847e+04 -5.31711e+04 4010121 1 3.7479e-01
+4.84021e+04 -5.22775e+04 4010118 1 3.6557e-01
+4.92584e+04 -5.26003e+04 4010119 1 3.6763e-01
+5.18559e+04 -5.34213e+04 4010122 1 3.7889e-01
+5.01191e+04 -5.28978e+04 4010120 1 3.7061e-01
+5.49583e+04 -5.25334e+04 5010119 1 3.7498e-01
+5.58551e+04 -5.27020e+04 5010120 1 3.7732e-01
+5.67581e+04 -5.28529e+04 5010121 1 3.7988e-01
+5.95053e+04 -5.32098e+04 5010124 1 3.8184e-01
+5.76674e+04 -5.29873e+04 5010122 1 3.8152e-01
+5.85831e+04 -5.31059e+04 5010123 1 3.8217e-01
+6.13693e+04 -5.33768e+04 5010126 1 3.7972e-01
+6.04341e+04 -5.32997e+04 5010125 1 3.8084e-01
+6.23107e+04 -5.34421e+04 5010127 1 3.7764e-01
+7.03484e+04 -5.21856e+04 5010174 1 3.2472e-01
+7.92725e+04 -5.20946e+04 5010183 1 2.3781e-01
+6.74406e+04 -5.21517e+04 5010171 1 3.4463e-01
+7.23078e+04 -5.21833e+04 5010176 1 3.0821e-01
+8.53342e+04 -5.20055e+04 5010189 1 1.7052e-01
+6.84055e+04 -5.21688e+04 5010172 1 3.3880e-01
+7.13261e+04 -5.21865e+04 5010175 1 3.1672e-01
+6.93748e+04 -5.21799e+04 5010173 1 3.3211e-01
+6.64806e+04 -5.21279e+04 5010170 1 3.4991e-01
+5.40676e+04 -5.23461e+04 5010118 1 3.7257e-01
+8.12860e+04 -5.20616e+04 5010185 1 2.1473e-01
+7.72682e+04 -5.21269e+04 5010181 1 2.6037e-01
+7.52745e+04 -5.21554e+04 5010179 1 2.8155e-01
+7.62699e+04 -5.21419e+04 5010180 1 2.7117e-01
+7.32931e+04 -5.21767e+04 5010177 1 2.9935e-01
+6.55255e+04 -5.20966e+04 5010169 1 3.5472e-01
+7.42821e+04 -5.21672e+04 5010178 1 2.9091e-01
+8.63495e+04 -5.19949e+04 5010190 1 1.5888e-01
+5.31826e+04 -5.21391e+04 5010117 1 3.6938e-01
+7.82691e+04 -5.21110e+04 5010182 1 2.4923e-01
+8.02782e+04 -5.20780e+04 5010184 1 2.2623e-01
+5.14281e+04 -5.16628e+04 4010162 1 3.6156e-01
+8.72414e+04 -5.47518e+04 5010113 1 1.3659e-01
+8.31867e+04 -5.34323e+04 5010148 1 1.9229e-01
+8.62739e+04 -5.33897e+04 5010151 1 1.5385e-01
+8.94000e+04 -5.19734e+04 5010193 1 1.2727e-01
+8.22957e+04 -5.20458e+04 5010186 1 2.0426e-01
+8.83826e+04 -5.19787e+04 5010192 1 1.3695e-01
+6.26911e+04 -5.19493e+04 5010166 1 3.6459e-01
+5.23030e+04 -5.19116e+04 4010163 1 3.6560e-01
+6.36307e+04 -5.20080e+04 5010167 1 3.6213e-01
+6.17569e+04 -5.18799e+04 5010165 1 3.6642e-01
+5.89880e+04 -5.15980e+04 5010162 1 3.6844e-01
+6.08283e+04 -5.17988e+04 5010164 1 3.6794e-01
+5.05576e+04 -5.13915e+04 4010161 1 3.5955e-01
+5.99054e+04 -5.17051e+04 5010163 1 3.6861e-01
+6.45755e+04 -5.20569e+04 5010168 1 3.5881e-01
+5.80760e+04 -5.14766e+04 5010161 1 3.6739e-01
+5.71695e+04 -5.13401e+04 5010160 1 3.6576e-01
+8.24230e+04 -5.06225e+04 5010225 1 2.0498e-01
+4.88266e+04 -5.07781e+04 4010159 1 3.5519e-01
+4.96907e+04 -5.10968e+04 4010160 1 3.5741e-01
+5.62683e+04 -5.11873e+04 5010159 1 3.6443e-01
+7.94409e+04 -5.06623e+04 5010222 1 2.3689e-01
+5.53723e+04 -5.10175e+04 5010158 1 3.6233e-01
+5.27120e+04 -5.03967e+04 4010204 1 3.5350e-01
+5.35946e+04 -5.06230e+04 5010156 1 3.5637e-01
+5.44812e+04 -5.08296e+04 5010157 1 3.5962e-01
+4.92111e+04 -4.92765e+04 4010200 1 3.4544e-01
+5.18331e+04 -5.01496e+04 4010203 1 3.5102e-01
+7.64777e+04 -5.06984e+04 5010219 1 2.6765e-01
+8.14272e+04 -5.06356e+04 5010224 1 2.1543e-01
+5.09571e+04 -4.98810e+04 4010202 1 3.4882e-01
+7.54950e+04 -5.07080e+04 5010218 1 2.7615e-01
+7.90935e+04 -5.35078e+04 5010144 1 2.3923e-01
+8.33071e+04 -5.20312e+04 5010187 1 1.9432e-01
+8.74226e+04 -5.05722e+04 5010230 1 1.5478e-01
+7.84509e+04 -5.06752e+04 5010221 1 2.4743e-01
+8.54195e+04 -5.05888e+04 5010228 1 1.7532e-01
+6.11929e+04 -5.02871e+04 5010203 1 3.5530e-01
+6.58552e+04 -5.06043e+04 5010208 1 3.4370e-01
+6.87067e+04 -5.06901e+04 5010211 1 3.2902e-01
+6.39762e+04 -5.05074e+04 5010206 1 3.5008e-01
+6.21159e+04 -5.03716e+04 5010204 1 3.5424e-01
+6.68014e+04 -5.06401e+04 5010209 1 3.3942e-01
+6.96656e+04 -5.07057e+04 5010212 1 3.2335e-01
+6.30437e+04 -5.04448e+04 5010205 1 3.5248e-01
+6.49135e+04 -5.05603e+04 5010207 1 3.4726e-01
+7.15950e+04 -5.07216e+04 5010214 1 3.0937e-01
+7.45153e+04 -5.07156e+04 5010217 1 2.8467e-01
+7.35386e+04 -5.07209e+04 5010216 1 2.9326e-01
+6.77519e+04 -5.06685e+04 5010210 1 3.3446e-01
+7.74631e+04 -5.06874e+04 5010220 1 2.5771e-01
+7.06285e+04 -5.07161e+04 5010213 1 3.1666e-01
+6.02746e+04 -5.01905e+04 5010202 1 3.5560e-01
+5.93610e+04 -5.00809e+04 5010201 1 3.5512e-01
+7.25651e+04 -5.07230e+04 5010215 1 3.0154e-01
+5.75474e+04 -4.98192e+04 5010199 1 3.5357e-01
+5.84519e+04 -4.99574e+04 5010200 1 3.5458e-01
+5.66473e+04 -4.96653e+04 5010198 1 3.5196e-01
+5.00834e+04 -4.95902e+04 4010201 1 3.4694e-01
+5.57513e+04 -4.94951e+04 5010197 1 3.4974e-01
+5.39700e+04 -4.91020e+04 5010195 1 3.4499e-01
+5.30840e+04 -4.88773e+04 4010245 1 3.4255e-01
+5.48589e+04 -4.93076e+04 5010196 1 3.4705e-01
+6.15277e+04 -4.87659e+04 5010242 1 3.4312e-01
+9.04179e+04 -5.19702e+04 5010194 1 1.1933e-01
+8.73656e+04 -5.19859e+04 5010191 1 1.4761e-01
+8.43200e+04 -5.20177e+04 5010188 1 1.8237e-01
+8.04331e+04 -5.06490e+04 5010223 1 2.2618e-01
+8.44194e+04 -5.05990e+04 5010227 1 1.8608e-01
+6.52256e+04 -4.90516e+04 5010246 1 3.3631e-01
+6.33686e+04 -4.89293e+04 5010244 1 3.4097e-01
+6.42951e+04 -4.89952e+04 5010245 1 3.3893e-01
+6.99358e+04 -4.92170e+04 5010251 1 3.1457e-01
+6.80405e+04 -4.91715e+04 5010249 1 3.2504e-01
+6.70984e+04 -4.91391e+04 5010248 1 3.2943e-01
+7.28047e+04 -4.92467e+04 5010254 1 2.9534e-01
+6.61601e+04 -4.90993e+04 5010247 1 3.3321e-01
+7.08888e+04 -4.92314e+04 5010252 1 3.0888e-01
+8.15593e+04 -4.91908e+04 5010263 1 2.1679e-01
+7.18452e+04 -4.92411e+04 5010253 1 3.0246e-01
+6.24462e+04 -4.88531e+04 5010243 1 3.4238e-01
+8.35268e+04 -4.91702e+04 5010265 1 1.9804e-01
+8.45126e+04 -4.91609e+04 5010266 1 1.9040e-01
+9.04452e+04 -4.91276e+04 5010272 1 1.4381e-01
+6.89864e+04 -4.91972e+04 5010250 1 3.2004e-01
+8.94551e+04 -4.91300e+04 5010271 1 1.4830e-01
+7.86207e+04 -4.92213e+04 5010260 1 2.4608e-01
+6.97774e+04 -7.36802e+04 3010296 1 4.0873e-01
+7.11255e+04 -7.35745e+04 3010297 1 3.8901e-01
+7.24753e+04 -7.34726e+04 3010298 1 3.6944e-01
+7.38265e+04 -7.33753e+04 3010299 1 3.5002e-01
+7.51787e+04 -7.32830e+04 3010300 1 3.3081e-01
+7.65318e+04 -7.31962e+04 3010301 1 3.1190e-01
+7.78856e+04 -7.31155e+04 3010302 1 2.9375e-01
+7.92400e+04 -7.30411e+04 3010303 1 2.7613e-01
+8.05948e+04 -7.29735e+04 3010304 1 2.5915e-01
+8.19499e+04 -7.29130e+04 3010305 1 2.4292e-01
+8.33053e+04 -7.28600e+04 3010306 1 2.2759e-01
+8.46609e+04 -7.28147e+04 3010307 1 2.1372e-01
+8.60168e+04 -7.27773e+04 3010308 1 2.0162e-01
+8.73727e+04 -7.27480e+04 3010309 1 1.9122e-01
+8.87288e+04 -7.27268e+04 3010310 1 1.8290e-01
+9.00850e+04 -7.27139e+04 3010311 1 1.7710e-01
+8.94285e+04 -5.05616e+04 5010232 1 1.3732e-01
+8.64207e+04 -5.05798e+04 5010229 1 1.6482e-01
+8.34205e+04 -5.06102e+04 5010226 1 1.9699e-01
+5.59280e+04 -7.36844e+04 3010324 1 5.9694e-01
+5.71833e+04 -7.36045e+04 3010325 1 5.8194e-01
+5.84491e+04 -7.35167e+04 3010326 1 5.6605e-01
+5.97244e+04 -7.34225e+04 3010327 1 5.4945e-01
+6.10080e+04 -7.33232e+04 3010328 1 5.3220e-01
+6.22990e+04 -7.32201e+04 3010329 1 5.1439e-01
+6.35965e+04 -7.31144e+04 3010330 1 4.9612e-01
+6.48995e+04 -7.30072e+04 3010331 1 4.7744e-01
+6.62075e+04 -7.28995e+04 3010332 1 4.5845e-01
+6.75197e+04 -7.27923e+04 3010333 1 4.3930e-01
+6.88355e+04 -7.26864e+04 3010334 1 4.2009e-01
+7.01545e+04 -7.25826e+04 3010335 1 4.0073e-01
+7.14762e+04 -7.24817e+04 3010336 1 3.8126e-01
+7.28000e+04 -7.23843e+04 3010337 1 3.6162e-01
+7.41258e+04 -7.22910e+04 3010338 1 3.4211e-01
+7.54531e+04 -7.22026e+04 3010339 1 3.2279e-01
+7.67818e+04 -7.21193e+04 3010340 1 3.0399e-01
+7.81115e+04 -7.20417e+04 3010341 1 2.8555e-01
+7.94422e+04 -7.19702e+04 3010342 1 2.6752e-01
+8.07737e+04 -7.19052e+04 3010343 1 2.5005e-01
+8.21058e+04 -7.18470e+04 3010344 1 2.3328e-01
+8.34384e+04 -7.17960e+04 3010345 1 2.1745e-01
+8.47715e+04 -7.17524e+04 3010346 1 2.0325e-01
+8.61049e+04 -7.17164e+04 3010347 1 1.9046e-01
+8.74387e+04 -7.16881e+04 3010348 1 1.7940e-01
+8.87726e+04 -7.16677e+04 3010349 1 1.7048e-01
+9.01067e+04 -7.16553e+04 3010350 1 1.6422e-01
+9.04320e+04 -5.05588e+04 5010233 1 1.3113e-01
+8.25423e+04 -4.91803e+04 5010264 1 2.0709e-01
+8.05780e+04 -4.92013e+04 5010262 1 2.2665e-01
+7.57009e+04 -4.92435e+04 5010257 1 2.7161e-01
+4.73632e+04 -7.25807e+04 3010355 1 6.4558e-01
+4.84541e+04 -7.26328e+04 3010356 1 6.4334e-01
+4.95669e+04 -7.26630e+04 3010357 1 6.3915e-01
+5.07000e+04 -7.26732e+04 3010358 1 6.3323e-01
+5.18520e+04 -7.26653e+04 3010359 1 6.2561e-01
+5.30213e+04 -7.26412e+04 3010360 1 6.1665e-01
+5.42065e+04 -7.26027e+04 3010361 1 6.0615e-01
+5.54062e+04 -7.25514e+04 3010362 1 5.9446e-01
+5.66191e+04 -7.24891e+04 3010363 1 5.8158e-01
+5.78440e+04 -7.24173e+04 3010364 1 5.6749e-01
+5.90797e+04 -7.23375e+04 3010365 1 5.5250e-01
+6.03251e+04 -7.22511e+04 3010366 1 5.3668e-01
+6.15791e+04 -7.21595e+04 3010367 1 5.2016e-01
+6.28409e+04 -7.20637e+04 3010368 1 5.0296e-01
+6.41095e+04 -7.19652e+04 3010369 1 4.8533e-01
+6.53842e+04 -7.18648e+04 3010370 1 4.6729e-01
+6.66643e+04 -7.17636e+04 3010371 1 4.4887e-01
+6.79491e+04 -7.16625e+04 3010372 1 4.3017e-01
+6.92380e+04 -7.15624e+04 3010373 1 4.1120e-01
+7.05305e+04 -7.14641e+04 3010374 1 3.9204e-01
+7.18261e+04 -7.13683e+04 3010375 1 3.7279e-01
+7.31244e+04 -7.12758e+04 3010376 1 3.5343e-01
+7.44251e+04 -7.11870e+04 3010377 1 3.3422e-01
+7.57278e+04 -7.11026e+04 3010378 1 3.1511e-01
+7.70321e+04 -7.10231e+04 3010379 1 2.9617e-01
+7.83380e+04 -7.09489e+04 3010380 1 2.7751e-01
+7.96451e+04 -7.08805e+04 3010381 1 2.5922e-01
+8.09532e+04 -7.08183e+04 3010382 1 2.4142e-01
+8.22623e+04 -7.07626e+04 3010383 1 2.2425e-01
+8.35721e+04 -7.07138e+04 3010384 1 2.0840e-01
+8.48826e+04 -7.06719e+04 3010385 1 1.9368e-01
+8.61936e+04 -7.06374e+04 3010386 1 1.8032e-01
+8.75049e+04 -7.06102e+04 3010387 1 1.6869e-01
+8.88166e+04 -7.05907e+04 3010388 1 1.5926e-01
+9.01285e+04 -7.05789e+04 3010389 1 1.5259e-01
+8.84253e+04 -5.05661e+04 5010231 1 1.4547e-01
+7.95984e+04 -4.92116e+04 5010261 1 2.3644e-01
+7.47327e+04 -4.92473e+04 5010256 1 2.7981e-01
+4.72137e+04 -7.12170e+04 3010393 1 6.1976e-01
+4.82576e+04 -7.12990e+04 3010394 1 6.2075e-01
+4.93237e+04 -7.13576e+04 3010395 1 6.1966e-01
+5.04106e+04 -7.13949e+04 3010396 1 6.1660e-01
+5.15170e+04 -7.14127e+04 3010397 1 6.1176e-01
+5.26415e+04 -7.14128e+04 3010398 1 6.0527e-01
+5.37829e+04 -7.13968e+04 3010399 1 5.9725e-01
+5.49398e+04 -7.13666e+04 3010400 1 5.8783e-01
+5.61110e+04 -7.13238e+04 3010401 1 5.7714e-01
+5.72953e+04 -7.12699e+04 3010402 1 5.6520e-01
+5.84915e+04 -7.12065e+04 3010403 1 5.5219e-01
+5.96986e+04 -7.11349e+04 3010404 1 5.3808e-01
+6.09155e+04 -7.10566e+04 3010405 1 5.2314e-01
+6.21413e+04 -7.09728e+04 3010406 1 5.0744e-01
+6.33750e+04 -7.08847e+04 3010407 1 4.9107e-01
+6.46160e+04 -7.07935e+04 3010408 1 4.7411e-01
+6.58634e+04 -7.07002e+04 3010409 1 4.5665e-01
+6.71164e+04 -7.06058e+04 3010410 1 4.3874e-01
+6.83746e+04 -7.05112e+04 3010411 1 4.2045e-01
+6.96373e+04 -7.04172e+04 3010412 1 4.0188e-01
+7.09039e+04 -7.03247e+04 3010413 1 3.8312e-01
+7.21741e+04 -7.02343e+04 3010414 1 3.6431e-01
+7.34473e+04 -7.01468e+04 3010415 1 3.4540e-01
+7.47233e+04 -7.00627e+04 3010416 1 3.2643e-01
+7.60016e+04 -6.99826e+04 3010417 1 3.0746e-01
+7.72819e+04 -6.99071e+04 3010418 1 2.8850e-01
+7.85641e+04 -6.98365e+04 3010419 1 2.6975e-01
+7.98477e+04 -6.97715e+04 3010420 1 2.5131e-01
+8.11327e+04 -6.97122e+04 3010421 1 2.3327e-01
+8.24188e+04 -6.96592e+04 3010422 1 2.1630e-01
+8.37059e+04 -6.96126e+04 3010423 1 2.0011e-01
+8.49937e+04 -6.95727e+04 3010424 1 1.8496e-01
+8.62822e+04 -6.95397e+04 3010425 1 1.7113e-01
+8.75713e+04 -6.95138e+04 3010426 1 1.5901e-01
+8.88607e+04 -6.94952e+04 3010427 1 1.4909e-01
+9.01504e+04 -6.94839e+04 3010428 1 1.4203e-01
+7.66718e+04 -4.92376e+04 5010258 1 2.6349e-01
+8.64874e+04 -4.91452e+04 5010268 1 1.7150e-01
+7.37673e+04 -4.92486e+04 5010255 1 2.8777e-01
+8.84653e+04 -4.91338e+04 5010270 1 1.5488e-01
+4.70950e+04 -6.97919e+04 3010431 1 5.8851e-01
+4.80958e+04 -6.99044e+04 3010432 1 5.9300e-01
+4.91186e+04 -6.99925e+04 3010433 1 5.9522e-01
+5.01622e+04 -7.00580e+04 3010434 1 5.9515e-01
+5.12256e+04 -7.01026e+04 3010435 1 5.9317e-01
+5.23075e+04 -7.01282e+04 3010436 1 5.8944e-01
+5.34068e+04 -7.01363e+04 3010437 1 5.8402e-01
+5.45224e+04 -7.01287e+04 3010438 1 5.7714e-01
+5.56530e+04 -7.01070e+04 3010439 1 5.6881e-01
+5.67975e+04 -7.00727e+04 3010440 1 5.5913e-01
+5.79549e+04 -7.00274e+04 3010441 1 5.4825e-01
+5.91242e+04 -6.99725e+04 3010442 1 5.3620e-01
+6.03042e+04 -6.99093e+04 3010443 1 5.2308e-01
+6.14941e+04 -6.98393e+04 3010444 1 5.0904e-01
+6.26930e+04 -6.97636e+04 3010445 1 4.9418e-01
+6.39000e+04 -6.96833e+04 3010446 1 4.7859e-01
+6.51144e+04 -6.95997e+04 3010447 1 4.6234e-01
+6.63355e+04 -6.95137e+04 3010448 1 4.4557e-01
+6.75625e+04 -6.94262e+04 3010449 1 4.2835e-01
+6.87949e+04 -6.93382e+04 3010450 1 4.1073e-01
+7.00321e+04 -6.92506e+04 3010451 1 3.9274e-01
+7.12736e+04 -6.91640e+04 3010452 1 3.7447e-01
+7.25189e+04 -6.90793e+04 3010453 1 3.5601e-01
+7.37675e+04 -6.89970e+04 3010454 1 3.3734e-01
+7.50192e+04 -6.89178e+04 3010455 1 3.1858e-01
+7.62736e+04 -6.88423e+04 3010456 1 2.9976e-01
+7.75302e+04 -6.87709e+04 3010457 1 2.8098e-01
+7.87889e+04 -6.87043e+04 3010458 1 2.6225e-01
+8.00494e+04 -6.86427e+04 3010459 1 2.4394e-01
+8.13114e+04 -6.85866e+04 3010460 1 2.2620e-01
+8.25747e+04 -6.85362e+04 3010461 1 2.0901e-01
+8.38391e+04 -6.84920e+04 3010462 1 1.9254e-01
+8.51045e+04 -6.84541e+04 3010463 1 1.7705e-01
+8.63707e+04 -6.84228e+04 3010464 1 1.6282e-01
+8.76374e+04 -6.83982e+04 3010465 1 1.5028e-01
+8.89046e+04 -6.83805e+04 3010466 1 1.3997e-01
+9.01722e+04 -6.83698e+04 3010467 1 1.3265e-01
+7.76451e+04 -4.92301e+04 5010259 1 2.5546e-01
+8.54995e+04 -4.91526e+04 5010267 1 1.8077e-01
+8.74761e+04 -4.91389e+04 5010269 1 1.6277e-01
+4.69986e+04 -6.83041e+04 3010469 1 5.6455e-01
+4.79597e+04 -6.84487e+04 3010470 1 5.7027e-01
+4.89424e+04 -6.85677e+04 3010471 1 5.7347e-01
+4.99458e+04 -6.86627e+04 3010472 1 5.7469e-01
+5.09689e+04 -6.87354e+04 3010473 1 5.7347e-01
+5.20109e+04 -6.87875e+04 3010474 1 5.6963e-01
+5.30706e+04 -6.88209e+04 3010475 1 5.6700e-01
+5.41468e+04 -6.88371e+04 3010476 1 5.6276e-01
+5.52385e+04 -6.88378e+04 3010477 1 5.5689e-01
+5.63447e+04 -6.88247e+04 3010478 1 5.4959e-01
+5.74645e+04 -6.87990e+04 3010479 1 5.4100e-01
+5.85968e+04 -6.87623e+04 3010480 1 5.3114e-01
+5.97406e+04 -6.87160e+04 3010481 1 5.2004e-01
+6.08952e+04 -6.86613e+04 3010482 1 5.0786e-01
+6.20595e+04 -6.85996e+04 3010483 1 4.9477e-01
+6.32328e+04 -6.85321e+04 3010484 1 4.8079e-01
+6.44144e+04 -6.84598e+04 3010485 1 4.6606e-01
+6.56034e+04 -6.83838e+04 3010486 1 4.5064e-01
+6.67992e+04 -6.83052e+04 3010487 1 4.3459e-01
+6.80011e+04 -6.82248e+04 3010488 1 4.1803e-01
+6.92086e+04 -6.81437e+04 3010489 1 4.0097e-01
+7.04211e+04 -6.80625e+04 3010490 1 3.8351e-01
+7.16382e+04 -6.79820e+04 3010491 1 3.6571e-01
+7.28593e+04 -6.79031e+04 3010492 1 3.4762e-01
+7.40840e+04 -6.78262e+04 3010493 1 3.2930e-01
+7.53119e+04 -6.77521e+04 3010494 1 3.1082e-01
+7.65427e+04 -6.76813e+04 3010495 1 2.9224e-01
+7.77761e+04 -6.76144e+04 3010496 1 2.7382e-01
+7.90117e+04 -6.75517e+04 3010497 1 2.5554e-01
+8.02493e+04 -6.74937e+04 3010498 1 2.3745e-01
+8.14886e+04 -6.74407e+04 3010499 1 2.1966e-01
+8.27294e+04 -6.73932e+04 3010500 1 2.0234e-01
+8.39714e+04 -6.73514e+04 3010501 1 1.8568e-01
+8.52145e+04 -6.73156e+04 3010502 1 1.6992e-01
+8.64585e+04 -6.72860e+04 3010503 1 1.5537e-01
+8.77031e+04 -6.72628e+04 3010504 1 1.4248e-01
+8.89483e+04 -6.72461e+04 3010505 1 1.3181e-01
+9.01938e+04 -6.72360e+04 3010506 1 1.2418e-01
+4.69127e+04 -6.67565e+04 3010507 1 5.3191e-01
+4.78394e+04 -6.69329e+04 3010508 1 5.4019e-01
+4.87866e+04 -6.70828e+04 3010509 1 5.4646e-01
+4.97536e+04 -6.72079e+04 3010510 1 5.5087e-01
+5.07399e+04 -6.73097e+04 3010511 1 5.5341e-01
+5.17445e+04 -6.73898e+04 3010512 1 5.5398e-01
+5.27667e+04 -6.74499e+04 3010513 1 5.5284e-01
+5.38056e+04 -6.74915e+04 3010514 1 5.4987e-01
+5.48604e+04 -6.75161e+04 3010515 1 5.4508e-01
+5.59301e+04 -6.75253e+04 3010516 1 5.3785e-01
+5.70138e+04 -6.75206e+04 3010517 1 5.3065e-01
+5.81106e+04 -6.75035e+04 3010518 1 5.2296e-01
+5.92194e+04 -6.74754e+04 3010519 1 5.1399e-01
+6.03395e+04 -6.74376e+04 3010520 1 5.0387e-01
+6.14701e+04 -6.73914e+04 3010521 1 4.9266e-01
+6.26103e+04 -6.73381e+04 3010522 1 4.8044e-01
+6.37594e+04 -6.72787e+04 3010523 1 4.6735e-01
+6.49167e+04 -6.72144e+04 3010524 1 4.5343e-01
+6.60815e+04 -6.71461e+04 3010525 1 4.3878e-01
+6.72531e+04 -6.70750e+04 3010526 1 4.2343e-01
+6.84310e+04 -6.70018e+04 3010527 1 4.0752e-01
+6.96145e+04 -6.69276e+04 3010528 1 3.9109e-01
+7.08032e+04 -6.68529e+04 3010529 1 3.7417e-01
+7.19966e+04 -6.67788e+04 3010530 1 3.5689e-01
+7.31942e+04 -6.67057e+04 3010531 1 3.3937e-01
+7.43956e+04 -6.66344e+04 3010532 1 3.2160e-01
+7.56004e+04 -6.65655e+04 3010533 1 3.0364e-01
+7.68082e+04 -6.64995e+04 3010534 1 2.8557e-01
+7.80188e+04 -6.64369e+04 3010535 1 2.6744e-01
+7.92317e+04 -6.63783e+04 3010536 1 2.4932e-01
+8.04468e+04 -6.63239e+04 3010537 1 2.3135e-01
+8.16638e+04 -6.62743e+04 3010538 1 2.1362e-01
+8.28823e+04 -6.62297e+04 3010539 1 1.9626e-01
+8.41022e+04 -6.61905e+04 3010540 1 1.7949e-01
+8.53233e+04 -6.61568e+04 3010541 1 1.6354e-01
+8.65454e+04 -6.61290e+04 3010542 1 1.4874e-01
+8.77682e+04 -6.61072e+04 3010543 1 1.3553e-01
+8.89915e+04 -6.60915e+04 3010544 1 1.2453e-01
+9.02152e+04 -6.60820e+04 3010545 1 1.1661e-01
+4.77228e+04 -6.53612e+04 3010546 1 5.1319e-01
+4.86391e+04 -6.55421e+04 3010547 1 5.1604e-01
+4.95745e+04 -6.56970e+04 3010548 1 5.2302e-01
+5.05281e+04 -6.58278e+04 3010549 1 5.2822e-01
+5.14993e+04 -6.59361e+04 3010550 1 5.3161e-01
+5.24876e+04 -6.60234e+04 3010551 1 5.3310e-01
+5.34922e+04 -6.60910e+04 3010552 1 5.3268e-01
+5.45125e+04 -6.61405e+04 3010553 1 5.3069e-01
+5.55477e+04 -6.61734e+04 3010554 1 5.2714e-01
+5.65970e+04 -6.61911e+04 3010555 1 5.2212e-01
+5.76597e+04 -6.61951e+04 3010556 1 5.1559e-01
+5.87348e+04 -6.61867e+04 3010557 1 5.0777e-01
+5.98218e+04 -6.61672e+04 3010558 1 4.9838e-01
+6.09197e+04 -6.61379e+04 3010559 1 4.8794e-01
+6.20278e+04 -6.61001e+04 3010560 1 4.7765e-01
+6.31453e+04 -6.60550e+04 3010561 1 4.6632e-01
+6.42716e+04 -6.60038e+04 3010562 1 4.5406e-01
+6.54059e+04 -6.59474e+04 3010563 1 4.4097e-01
+6.65476e+04 -6.58869e+04 3010564 1 4.2710e-01
+6.76962e+04 -6.58233e+04 3010565 1 4.1255e-01
+6.88510e+04 -6.57573e+04 3010566 1 3.9736e-01
+7.00115e+04 -6.56900e+04 3010567 1 3.8162e-01
+7.11773e+04 -6.56220e+04 3010568 1 3.6541e-01
+7.23478e+04 -6.55540e+04 3010569 1 3.4877e-01
+7.35226e+04 -6.54869e+04 3010570 1 3.3175e-01
+7.47014e+04 -6.54212e+04 3010571 1 3.1445e-01
+7.58836e+04 -6.53575e+04 3010572 1 2.9690e-01
+7.70691e+04 -6.52964e+04 3010573 1 2.7918e-01
+7.82574e+04 -6.52383e+04 3010574 1 2.6135e-01
+7.94482e+04 -6.51838e+04 3010575 1 2.4349e-01
+8.06412e+04 -6.51332e+04 3010576 1 2.2570e-01
+8.18363e+04 -6.50869e+04 3010577 1 2.0808e-01
+8.30330e+04 -6.50453e+04 3010578 1 1.9078e-01
+8.42312e+04 -6.50087e+04 3010579 1 1.7398e-01
+8.54306e+04 -6.49772e+04 3010580 1 1.5792e-01
+8.66310e+04 -6.49512e+04 3010581 1 1.4294e-01
+8.78323e+04 -6.49308e+04 3010582 1 1.2951e-01
+8.90341e+04 -6.49161e+04 3010583 1 1.1825e-01
+9.02364e+04 -6.49073e+04 3010584 1 1.1015e-01
+4.84924e+04 -6.39454e+04 3010585 1 4.9513e-01
+4.93994e+04 -6.41315e+04 3010586 1 5.0187e-01
+5.03238e+04 -6.42925e+04 3010587 1 5.0678e-01
+5.12652e+04 -6.44295e+04 3010588 1 5.0880e-01
+5.22233e+04 -6.45439e+04 3010589 1 5.0957e-01
+5.31972e+04 -6.46378e+04 3010590 1 5.1171e-01
+5.41863e+04 -6.47126e+04 3010591 1 5.1219e-01
+5.51899e+04 -6.47697e+04 3010592 1 5.1114e-01
+5.62075e+04 -6.48105e+04 3010593 1 5.0851e-01
+5.72383e+04 -6.48364e+04 3010594 1 5.0441e-01
+5.82817e+04 -6.48488e+04 3010595 1 4.9890e-01
+5.93370e+04 -6.48488e+04 3010596 1 4.9206e-01
+6.04034e+04 -6.48379e+04 3010597 1 4.8400e-01
+6.14805e+04 -6.48171e+04 3010598 1 4.7487e-01
+6.25673e+04 -6.47878e+04 3010599 1 4.6459e-01
+6.36634e+04 -6.47510e+04 3010600 1 4.5320e-01
+6.47681e+04 -6.47078e+04 3010601 1 4.4100e-01
+6.58806e+04 -6.46592e+04 3010602 1 4.2871e-01
+6.70005e+04 -6.46064e+04 3010603 1 4.1563e-01
+6.81271e+04 -6.45502e+04 3010604 1 4.0183e-01
+6.92599e+04 -6.44914e+04 3010605 1 3.8736e-01
+7.03984e+04 -6.44309e+04 3010606 1 3.7232e-01
+7.15421e+04 -6.43695e+04 3010607 1 3.5672e-01
+7.26907e+04 -6.43079e+04 3010608 1 3.4068e-01
+7.38436e+04 -6.42467e+04 3010609 1 3.2420e-01
+7.50004e+04 -6.41866e+04 3010610 1 3.0741e-01
+7.61609e+04 -6.41282e+04 3010611 1 2.9031e-01
+7.73246e+04 -6.40719e+04 3010612 1 2.7301e-01
+7.84912e+04 -6.40184e+04 3010613 1 2.5554e-01
+7.96604e+04 -6.39681e+04 3010614 1 2.3801e-01
+8.08319e+04 -6.39213e+04 3010615 1 2.2047e-01
+8.20055e+04 -6.38784e+04 3010616 1 2.0305e-01
+8.31809e+04 -6.38398e+04 3010617 1 1.8589e-01
+8.43578e+04 -6.38058e+04 3010618 1 1.6915e-01
+8.55359e+04 -6.37765e+04 3010619 1 1.5308e-01
+8.67152e+04 -6.37524e+04 3010620 1 1.3798e-01
+8.78953e+04 -6.37334e+04 3010621 1 1.2436e-01
+8.90760e+04 -6.37197e+04 3010622 1 1.1291e-01
+9.02571e+04 -6.37115e+04 3010623 1 1.0470e-01
+4.92198e+04 -6.25131e+04 3010624 1 4.7505e-01
+5.01200e+04 -6.27034e+04 3010625 1 4.8227e-01
+5.10356e+04 -6.28693e+04 3010626 1 4.8779e-01
+5.19666e+04 -6.30122e+04 3010627 1 4.9189e-01
+5.29126e+04 -6.31334e+04 3010628 1 4.9425e-01
+5.38732e+04 -6.32343e+04 3010629 1 4.9486e-01
+5.48482e+04 -6.33162e+04 3010630 1 4.9213e-01
+5.58370e+04 -6.33805e+04 3010631 1 4.9166e-01
+5.68386e+04 -6.34288e+04 3010632 1 4.8974e-01
+5.78527e+04 -6.34625e+04 3010633 1 4.8640e-01
+5.88786e+04 -6.34829e+04 3010634 1 4.8172e-01
+5.99156e+04 -6.34911e+04 3010635 1 4.7572e-01
+6.09633e+04 -6.34883e+04 3010636 1 4.6861e-01
+6.20210e+04 -6.34759e+04 3010637 1 4.6032e-01
+6.30881e+04 -6.34547e+04 3010638 1 4.5098e-01
+6.41640e+04 -6.34260e+04 3010639 1 4.4068e-01
+6.52482e+04 -6.33909e+04 3010640 1 4.2943e-01
+6.63401e+04 -6.33502e+04 3010641 1 4.1736e-01
+6.74391e+04 -6.33049e+04 3010642 1 4.0436e-01
+6.85449e+04 -6.32560e+04 3010643 1 3.9117e-01
+6.96568e+04 -6.32043e+04 3010644 1 3.7742e-01
+7.07742e+04 -6.31506e+04 3010645 1 3.6303e-01
+7.18969e+04 -6.30957e+04 3010646 1 3.4810e-01
+7.30243e+04 -6.30403e+04 3010647 1 3.3266e-01
+7.41561e+04 -6.29851e+04 3010648 1 3.1677e-01
+7.52918e+04 -6.29306e+04 3010649 1 3.0052e-01
+7.64312e+04 -6.28774e+04 3010650 1 2.8392e-01
+7.75739e+04 -6.28261e+04 3010651 1 2.6708e-01
+7.87195e+04 -6.27771e+04 3010652 1 2.5004e-01
+7.98677e+04 -6.27309e+04 3010653 1 2.3288e-01
+8.10183e+04 -6.26879e+04 3010654 1 2.1569e-01
+8.21710e+04 -6.26484e+04 3010655 1 1.9856e-01
+8.33255e+04 -6.26128e+04 3010656 1 1.8162e-01
+8.44816e+04 -6.25814e+04 3010657 1 1.6502e-01
+8.56390e+04 -6.25544e+04 3010658 1 1.4902e-01
+8.67976e+04 -6.25321e+04 3010659 1 1.3392e-01
+8.79570e+04 -6.25145e+04 3010660 1 1.2018e-01
+8.91170e+04 -6.25019e+04 3010661 1 1.0855e-01
+9.02775e+04 -6.24942e+04 3010662 1 1.0013e-01
+4.99053e+04 -6.10663e+04 3010663 1 4.5971e-01
+5.07999e+04 -6.12605e+04 3010664 1 4.6118e-01
+5.17087e+04 -6.14305e+04 3010665 1 4.6768e-01
+5.26312e+04 -6.15785e+04 3010666 1 4.7275e-01
+5.35672e+04 -6.17055e+04 3010667 1 4.7591e-01
+5.45165e+04 -6.18128e+04 3010668 1 4.7747e-01
+5.54787e+04 -6.19017e+04 3010669 1 4.7749e-01
+5.64536e+04 -6.19735e+04 3010670 1 4.7608e-01
+5.74406e+04 -6.20293e+04 3010671 1 4.7290e-01
+5.84395e+04 -6.20705e+04 3010672 1 4.6863e-01
+5.94495e+04 -6.20984e+04 3010673 1 4.6479e-01
+6.04699e+04 -6.21144e+04 3010674 1 4.5956e-01
+6.15003e+04 -6.21195e+04 3010675 1 4.5314e-01
+6.25401e+04 -6.21150e+04 3010676 1 4.4564e-01
+6.35888e+04 -6.21017e+04 3010677 1 4.3711e-01
+6.46460e+04 -6.20809e+04 3010678 1 4.2762e-01
+6.57111e+04 -6.20535e+04 3010679 1 4.1723e-01
+6.67836e+04 -6.20204e+04 3010680 1 4.0598e-01
+6.78629e+04 -6.19826e+04 3010681 1 3.9399e-01
+6.89488e+04 -6.19409e+04 3010682 1 3.8135e-01
+7.00406e+04 -6.18962e+04 3010683 1 3.6813e-01
+7.11381e+04 -6.18492e+04 3010684 1 3.5448e-01
+7.22406e+04 -6.18008e+04 3010685 1 3.4020e-01
+7.33479e+04 -6.17516e+04 3010686 1 3.2537e-01
+7.44594e+04 -6.17022e+04 3010687 1 3.1007e-01
+7.55749e+04 -6.16532e+04 3010688 1 2.9436e-01
+7.66939e+04 -6.16052e+04 3010689 1 2.7830e-01
+7.78163e+04 -6.15588e+04 3010690 1 2.6194e-01
+7.89416e+04 -6.15143e+04 3010691 1 2.4535e-01
+8.00695e+04 -6.14722e+04 3010692 1 2.2860e-01
+8.11998e+04 -6.14330e+04 3010693 1 2.1178e-01
+8.23323e+04 -6.13969e+04 3010694 1 1.9498e-01
+8.34665e+04 -6.13643e+04 3010695 1 1.7833e-01
+8.46024e+04 -6.13355e+04 3010696 1 1.6196e-01
+8.57396e+04 -6.13107e+04 3010697 1 1.4610e-01
+8.68779e+04 -6.12901e+04 3010698 1 1.3106e-01
+8.80171e+04 -6.12740e+04 3010699 1 1.1730e-01
+8.91570e+04 -6.12623e+04 3010700 1 1.0555e-01
+9.02973e+04 -6.12553e+04 3010701 1 9.6961e-02
+5.05511e+04 -5.96043e+04 3010702 1 4.4301e-01
+5.14409e+04 -5.98025e+04 3010703 1 4.4928e-01
+5.23433e+04 -5.99776e+04 3010704 1 4.5286e-01
+5.32584e+04 -6.01305e+04 3010705 1 4.5324e-01
+5.41862e+04 -6.02624e+04 3010706 1 4.5626e-01
+5.51259e+04 -6.03754e+04 3010707 1 4.5883e-01
+5.60773e+04 -6.04705e+04 3010708 1 4.5994e-01
+5.70401e+04 -6.05490e+04 3010709 1 4.5945e-01
+5.80140e+04 -6.06120e+04 3010710 1 4.5748e-01
+5.89987e+04 -6.06607e+04 3010711 1 4.5426e-01
+5.99938e+04 -6.06962e+04 3010712 1 4.4968e-01
+6.09989e+04 -6.07196e+04 3010713 1 4.4346e-01
+6.20135e+04 -6.07322e+04 3010714 1 4.3787e-01
+6.30370e+04 -6.07352e+04 3010715 1 4.3115e-01
+6.40688e+04 -6.07295e+04 3010716 1 4.2334e-01
+6.51085e+04 -6.07162e+04 3010717 1 4.1453e-01
+6.61558e+04 -6.06962e+04 3010718 1 4.0486e-01
+6.72101e+04 -6.06705e+04 3010719 1 3.9437e-01
+6.82710e+04 -6.06399e+04 3010720 1 3.8314e-01
+6.93381e+04 -6.06052e+04 3010721 1 3.7117e-01
+7.04110e+04 -6.05673e+04 3010722 1 3.5863e-01
+7.14893e+04 -6.05269e+04 3010723 1 3.4558e-01
+7.25726e+04 -6.04847e+04 3010724 1 3.3221e-01
+7.36605e+04 -6.04415e+04 3010725 1 3.1858e-01
+7.47527e+04 -6.03979e+04 3010726 1 3.0397e-01
+7.58487e+04 -6.03543e+04 3010727 1 2.8892e-01
+7.69483e+04 -6.03115e+04 3010728 1 2.7348e-01
+7.80511e+04 -6.02698e+04 3010729 1 2.5773e-01
+7.91569e+04 -6.02298e+04 3010730 1 2.4171e-01
+8.02652e+04 -6.01918e+04 3010731 1 2.2549e-01
+8.13759e+04 -6.01563e+04 3010732 1 2.0915e-01
+8.24888e+04 -6.01235e+04 3010733 1 1.9278e-01
+8.36034e+04 -6.00939e+04 3010734 1 1.7649e-01
+8.47197e+04 -6.00677e+04 3010735 1 1.6042e-01
+8.58373e+04 -6.00451e+04 3010736 1 1.4475e-01
+8.69560e+04 -6.00263e+04 3010737 1 1.2977e-01
+8.80756e+04 -6.00115e+04 3010738 1 1.1594e-01
+8.91959e+04 -6.00008e+04 3010739 1 1.0393e-01
+9.03166e+04 -5.99944e+04 3010740 1 9.5090e-02
+5.11556e+04 -5.81309e+04 3010741 1 4.2410e-01
+5.20428e+04 -5.83316e+04 3010742 1 4.3051e-01
+5.29409e+04 -5.85101e+04 3010743 1 4.3579e-01
+5.38499e+04 -5.86676e+04 3010744 1 4.3974e-01
+5.47698e+04 -5.88053e+04 3010745 1 4.4195e-01
+5.57009e+04 -5.89238e+04 3010746 1 4.4159e-01
+5.66430e+04 -5.90244e+04 3010747 1 4.4150e-01
+5.75955e+04 -5.91088e+04 3010748 1 4.4178e-01
+5.85581e+04 -5.91782e+04 3010749 1 4.4078e-01
+5.95303e+04 -5.92337e+04 3010750 1 4.3849e-01
+6.05121e+04 -5.92762e+04 3010751 1 4.3491e-01
+6.15029e+04 -5.93070e+04 3010752 1 4.3010e-01
+6.25026e+04 -5.93269e+04 3010753 1 4.2418e-01
+6.35108e+04 -5.93371e+04 3010754 1 4.1693e-01
+6.45270e+04 -5.93387e+04 3010755 1 4.0994e-01
+6.55507e+04 -5.93326e+04 3010756 1 4.0193e-01
+6.65814e+04 -5.93198e+04 3010757 1 3.9296e-01
+6.76188e+04 -5.93011e+04 3010758 1 3.8312e-01
+6.86624e+04 -5.92774e+04 3010759 1 3.7245e-01
+6.97119e+04 -5.92495e+04 3010760 1 3.6101e-01
+7.07670e+04 -5.92181e+04 3010761 1 3.4910e-01
+7.18272e+04 -5.91840e+04 3010762 1 3.3666e-01
+7.28922e+04 -5.91479e+04 3010763 1 3.2377e-01
+7.39617e+04 -5.91105e+04 3010764 1 3.1056e-01
+7.50353e+04 -5.90724e+04 3010765 1 2.9752e-01
+7.61128e+04 -5.90341e+04 3010766 1 2.8375e-01
+7.71937e+04 -5.89963e+04 3010767 1 2.6899e-01
+7.82778e+04 -5.89593e+04 3010768 1 2.5389e-01
+7.93648e+04 -5.89236e+04 3010769 1 2.3850e-01
+8.04543e+04 -5.88897e+04 3010770 1 2.2288e-01
+8.15462e+04 -5.88578e+04 3010771 1 2.0711e-01
+8.26401e+04 -5.88284e+04 3010772 1 1.9126e-01
+8.37359e+04 -5.88017e+04 3010773 1 1.7543e-01
+8.48332e+04 -5.87780e+04 3010774 1 1.5976e-01
+8.59318e+04 -5.87575e+04 3010775 1 1.4439e-01
+8.70316e+04 -5.87405e+04 3010776 1 1.2961e-01
+8.81322e+04 -5.87271e+04 3010777 1 1.1579e-01
+8.92335e+04 -5.87174e+04 3010778 1 1.0364e-01
+9.03352e+04 -5.87115e+04 3010779 1 9.4449e-02
+9.03533e+04 -5.74065e+04 5010038 1 9.5320e-02
+8.92698e+04 -5.74119e+04 5010037 1 1.0482e-01
+8.81868e+04 -5.74206e+04 5010036 1 1.1702e-01
+8.71045e+04 -5.74327e+04 5010035 1 1.3067e-01
+8.60230e+04 -5.74480e+04 5010034 1 1.4511e-01
+8.49426e+04 -5.74664e+04 5010033 1 1.6002e-01
+8.38635e+04 -5.74876e+04 5010032 1 1.7518e-01
+8.27859e+04 -5.75114e+04 5010031 1 1.9042e-01
+8.17101e+04 -5.75376e+04 5010030 1 2.0566e-01
+9.03706e+04 -5.60797e+04 5010077 1 9.8027e-02
