+4.69334e+04 -2.30044e+04 6010077 1 2.1301e-01
+4.80314e+04 -2.31065e+04 6010078 1 2.0849e-01
+4.91214e+04 -2.32051e+04 6010079 1 2.0417e-01
+4.89781e+04 -2.18795e+04 6010120 1 2.0831e-01
+5.02038e+04 -2.33002e+04 6010080 1 2.0011e-01
+4.78847e+04 -2.17895e+04 6010119 1 2.1255e-01
+4.77219e+04 -2.04762e+04 6010160 1 2.1719e-01
+5.12791e+04 -2.33917e+04 6010081 1 1.9645e-01
+4.86422e+04 -1.92401e+04 6010202 1 2.1841e-01
+4.88185e+04 -2.05578e+04 6010161 1 2.1303e-01
+5.00640e+04 -2.19664e+04 6010121 1 2.0431e-01
+5.11428e+04 -2.20500e+04 6010122 1 2.0069e-01
+4.99078e+04 -2.06366e+04 6010162 1 2.0909e-01
+5.09901e+04 -2.07125e+04 6010163 1 2.0546e-01
+4.84486e+04 -1.79264e+04 6010243 1 2.2454e-01
+4.97347e+04 -1.93110e+04 6010203 1 2.1451e-01
+4.95444e+04 -1.79896e+04 6010244 1 2.2065e-01
+5.08205e+04 -1.93793e+04 6010204 1 2.1087e-01
+5.06336e+04 -1.80505e+04 6010245 1 2.1704e-01
+4.93363e+04 -1.66725e+04 6010285 1 2.2767e-01
+5.04289e+04 -1.67263e+04 6010286 1 2.2402e-01
+4.91097e+04 -1.53598e+04 6010326 1 2.3560e-01
+4.88638e+04 -1.40515e+04 6010367 1 2.4448e-01
+4.97006e+04 -1.27821e+04 6010409 1 2.5073e-01
+5.02056e+04 -1.54068e+04 6010327 1 2.3189e-01
+4.99631e+04 -1.40920e+04 6010368 1 2.4071e-01
+4.91118e+04 -1.01775e+04 6010491 1 2.7471e-01
+4.94172e+04 -1.14772e+04 6010450 1 2.6199e-01
+4.87834e+04 -8.88310e+03 6010532 1 2.8897e-01
+4.84307e+04 -7.59415e+03 6010573 1 3.0510e-01
+4.80523e+04 -6.31076e+03 6010614 1 3.2349e-01
+5.23477e+04 -2.34795e+04 7010039 1 1.9319e-01
+5.34097e+04 -2.35638e+04 7010040 1 1.9021e-01
+5.44657e+04 -2.36444e+04 7010041 1 1.8745e-01
+5.55160e+04 -2.37215e+04 7010042 1 1.8485e-01
+4.75424e+04 -1.91666e+04 6010201 1 2.2251e-01
+4.73459e+04 -1.78608e+04 6010242 1 2.2858e-01
+4.71317e+04 -1.65588e+04 6010283 1 2.3552e-01
+4.68991e+04 -1.52605e+04 6010324 1 2.4339e-01
+4.80076e+04 -1.53110e+04 6010325 1 2.3944e-01
+4.82373e+04 -1.66167e+04 6010284 1 2.3153e-01
+4.77586e+04 -1.40096e+04 6010366 1 2.4836e-01
+4.74897e+04 -1.27123e+04 6010407 1 2.5844e-01
+4.85979e+04 -1.27478e+04 6010408 1 2.5454e-01
+4.71997e+04 -1.14193e+04 6010448 1 2.6984e-01
+4.68878e+04 -1.01305e+04 6010489 1 2.8273e-01
+4.83111e+04 -1.14488e+04 6010449 1 2.6590e-01
+4.80022e+04 -1.01545e+04 6010490 1 2.7874e-01
+4.72127e+04 -3.76123e+03 6010696 1 3.7002e-01
+4.69317e+04 -6.30100e+03 6010613 1 3.2804e-01
+4.76702e+04 -8.86500e+03 6010531 1 2.9314e-01
+4.73138e+04 -7.58049e+03 6010572 1 3.0942e-01
+4.76469e+04 -5.03308e+03 6010655 1 3.4470e-01
+5.22150e+04 -2.21303e+04 7010078 1 1.9740e-01
+5.32807e+04 -2.22073e+04 7010079 1 1.9435e-01
+5.43405e+04 -2.22810e+04 7010080 1 1.9152e-01
+5.53945e+04 -2.23515e+04 7010081 1 1.8883e-01
+5.64431e+04 -2.24187e+04 7010082 1 1.8626e-01
+5.74867e+04 -2.24828e+04 7010083 1 1.8382e-01
+5.85254e+04 -2.25437e+04 7010084 1 1.8140e-01
+5.95595e+04 -2.26015e+04 7010085 1 1.7906e-01
+6.05895e+04 -2.26563e+04 7010086 1 1.7686e-01
+6.16154e+04 -2.27081e+04 7010087 1 1.7479e-01
+6.26375e+04 -2.27571e+04 7010088 1 1.7285e-01
+6.36562e+04 -2.28032e+04 7010089 1 1.7106e-01
+6.46715e+04 -2.28467e+04 7010090 1 1.6938e-01
+6.56839e+04 -2.28876e+04 7010091 1 1.6782e-01
+6.66933e+04 -2.29259e+04 7010092 1 1.6637e-01
+6.77001e+04 -2.29617e+04 7010093 1 1.6503e-01
+6.87045e+04 -2.29953e+04 7010094 1 1.6377e-01
+6.97065e+04 -2.30265e+04 7010095 1 1.6261e-01
+7.07065e+04 -2.30557e+04 7010096 1 1.6152e-01
+7.17045e+04 -2.30827e+04 7010097 1 1.6051e-01
+7.27007e+04 -2.31078e+04 7010098 1 1.5957e-01
+7.36952e+04 -2.31310e+04 7010099 1 1.5870e-01
+7.46882e+04 -2.31524e+04 7010100 1 1.5790e-01
+7.56798e+04 -2.31721e+04 7010101 1 1.5716e-01
+7.66701e+04 -2.31901e+04 7010102 1 1.5649e-01
+7.76592e+04 -2.32066e+04 7010103 1 1.5587e-01
+7.86473e+04 -2.32216e+04 7010104 1 1.5529e-01
+7.96344e+04 -2.32352e+04 7010105 1 1.5475e-01
+8.06207e+04 -2.32475e+04 7010106 1 1.5427e-01
+8.16061e+04 -2.32584e+04 7010107 1 1.5383e-01
+8.25909e+04 -2.32682e+04 7010108 1 1.5345e-01
+8.35751e+04 -2.32768e+04 7010109 1 1.5311e-01
+8.45588e+04 -2.32842e+04 7010110 1 1.5283e-01
+8.55420e+04 -2.32906e+04 7010111 1 1.5256e-01
+8.65248e+04 -2.32960e+04 7010112 1 1.5234e-01
+8.75073e+04 -2.33003e+04 7010113 1 1.5216e-01
+8.84895e+04 -2.33036e+04 7010114 1 1.5201e-01
+8.94716e+04 -2.33060e+04 7010115 1 1.5191e-01
+9.04535e+04 -2.33074e+04 7010116 1 1.5185e-01
+5.20658e+04 -2.07854e+04 7010117 1 2.0215e-01
+5.31353e+04 -2.08553e+04 7010118 1 1.9906e-01
+5.41988e+04 -2.09222e+04 7010119 1 1.9613e-01
+5.52566e+04 -2.09862e+04 7010120 1 1.9332e-01
+5.63091e+04 -2.10473e+04 7010121 1 1.9061e-01
+5.73566e+04 -2.11055e+04 7010122 1 1.8801e-01
+5.83992e+04 -2.11608e+04 7010123 1 1.8548e-01
+5.94374e+04 -2.12133e+04 7010124 1 1.8307e-01
+6.04714e+04 -2.12631e+04 7010125 1 1.8068e-01
+6.15013e+04 -2.13102e+04 7010126 1 1.7827e-01
+6.25276e+04 -2.13547e+04 7010127 1 1.7600e-01
+6.35503e+04 -2.13967e+04 7010128 1 1.7386e-01
+6.45697e+04 -2.14362e+04 7010129 1 1.7183e-01
+6.55860e+04 -2.14733e+04 7010130 1 1.6993e-01
+6.65995e+04 -2.15082e+04 7010131 1 1.6811e-01
+6.76103e+04 -2.15408e+04 7010132 1 1.6641e-01
+6.86187e+04 -2.15713e+04 7010133 1 1.6481e-01
+6.96247e+04 -2.15997e+04 7010134 1 1.6329e-01
+7.06286e+04 -2.16262e+04 7010135 1 1.6184e-01
+7.16305e+04 -2.16508e+04 7010136 1 1.6049e-01
+7.26305e+04 -2.16736e+04 7010137 1 1.5923e-01
+7.36289e+04 -2.16947e+04 7010138 1 1.5805e-01
+7.46258e+04 -2.17142e+04 7010139 1 1.5695e-01
+7.56212e+04 -2.17321e+04 7010140 1 1.5592e-01
+7.66153e+04 -2.17485e+04 7010141 1 1.5498e-01
+7.76082e+04 -2.17635e+04 7010142 1 1.5409e-01
+7.86000e+04 -2.17772e+04 7010143 1 1.5326e-01
+7.95909e+04 -2.17896e+04 7010144 1 1.5250e-01
+8.05808e+04 -2.18007e+04 7010145 1 1.5181e-01
+8.15700e+04 -2.18107e+04 7010146 1 1.5118e-01
+8.25584e+04 -2.18196e+04 7010147 1 1.5062e-01
+8.35463e+04 -2.18274e+04 7010148 1 1.5013e-01
+8.45336e+04 -2.18342e+04 7010149 1 1.4970e-01
+8.55204e+04 -2.18400e+04 7010150 1 1.4931e-01
+8.65068e+04 -2.18448e+04 7010151 1 1.4899e-01
+8.74929e+04 -2.18488e+04 7010152 1 1.4872e-01
+8.84788e+04 -2.18518e+04 7010153 1 1.4851e-01
+8.94644e+04 -2.18540e+04 7010154 1 1.4837e-01
+9.04499e+04 -2.18552e+04 7010155 1 1.4828e-01
+5.18998e+04 -1.94449e+04 7010156 1 2.0754e-01
+5.29730e+04 -1.95079e+04 7010157 1 2.0438e-01
+5.40403e+04 -1.95682e+04 7010158 1 2.0134e-01
+5.51020e+04 -1.96258e+04 7010159 1 1.9841e-01
+5.61585e+04 -1.96808e+04 7010160 1 1.9553e-01
+5.72100e+04 -1.97332e+04 7010161 1 1.9274e-01
+5.82568e+04 -1.97831e+04 7010162 1 1.9000e-01
+5.92992e+04 -1.98304e+04 7010163 1 1.8731e-01
+6.03373e+04 -1.98753e+04 7010164 1 1.8469e-01
+6.13716e+04 -1.99177e+04 7010165 1 1.8214e-01
+6.24021e+04 -1.99578e+04 7010166 1 1.7966e-01
+6.34292e+04 -1.99957e+04 7010167 1 1.7725e-01
+6.44529e+04 -2.00313e+04 7010168 1 1.7486e-01
+6.54737e+04 -2.00647e+04 7010169 1 1.7255e-01
+6.64916e+04 -2.00961e+04 7010170 1 1.7035e-01
+6.75068e+04 -2.01255e+04 7010171 1 1.6824e-01
+6.85195e+04 -2.01530e+04 7010172 1 1.6621e-01
+6.95299e+04 -2.01786e+04 7010173 1 1.6428e-01
+7.05382e+04 -2.02025e+04 7010174 1 1.6244e-01
+7.15445e+04 -2.02247e+04 7010175 1 1.6070e-01
+7.25489e+04 -2.02452e+04 7010176 1 1.5906e-01
+7.35517e+04 -2.02642e+04 7010177 1 1.5749e-01
+7.45529e+04 -2.02818e+04 7010178 1 1.5603e-01
+7.55527e+04 -2.02979e+04 7010179 1 1.5465e-01
+7.65511e+04 -2.03127e+04 7010180 1 1.5337e-01
+7.75484e+04 -2.03262e+04 7010181 1 1.5215e-01
+7.85445e+04 -2.03385e+04 7010182 1 1.5102e-01
+7.95397e+04 -2.03496e+04 7010183 1 1.4997e-01
+8.05339e+04 -2.03597e+04 7010184 1 1.4901e-01
+8.15274e+04 -2.03687e+04 7010185 1 1.4814e-01
+8.25202e+04 -2.03766e+04 7010186 1 1.4735e-01
+8.35123e+04 -2.03837e+04 7010187 1 1.4666e-01
+8.45039e+04 -2.03898e+04 7010188 1 1.4605e-01
+8.54949e+04 -2.03950e+04 7010189 1 1.4551e-01
+8.64856e+04 -2.03994e+04 7010190 1 1.4505e-01
+8.74760e+04 -2.04029e+04 7010191 1 1.4467e-01
+8.84661e+04 -2.04056e+04 7010192 1 1.4438e-01
+8.94560e+04 -2.04076e+04 7010193 1 1.4417e-01
+9.04458e+04 -2.04087e+04 7010194 1 1.4405e-01
+5.17165e+04 -1.81091e+04 7010195 1 2.1363e-01
+5.27934e+04 -1.81653e+04 7010196 1 2.1041e-01
+5.38645e+04 -1.82191e+04 7010197 1 2.0726e-01
+5.49303e+04 -1.82706e+04 7010198 1 2.0418e-01
+5.59909e+04 -1.83197e+04 7010199 1 2.0116e-01
+5.70466e+04 -1.83664e+04 7010200 1 1.9812e-01
+5.80977e+04 -1.84109e+04 7010201 1 1.9513e-01
+5.91444e+04 -1.84532e+04 7010202 1 1.9217e-01
+6.01870e+04 -1.84932e+04 7010203 1 1.8928e-01
+6.12258e+04 -1.85312e+04 7010204 1 1.8642e-01
+6.22609e+04 -1.85670e+04 7010205 1 1.8362e-01
+6.32926e+04 -1.86007e+04 7010206 1 1.8089e-01
+6.43210e+04 -1.86325e+04 7010207 1 1.7820e-01
+6.53465e+04 -1.86624e+04 7010208 1 1.7557e-01
+6.63691e+04 -1.86904e+04 7010209 1 1.7303e-01
+6.73891e+04 -1.87166e+04 7010210 1 1.7053e-01
+6.84067e+04 -1.87411e+04 7010211 1 1.6810e-01
+6.94220e+04 -1.87639e+04 7010212 1 1.6573e-01
+7.04351e+04 -1.87852e+04 7010213 1 1.6344e-01
+7.14463e+04 -1.88050e+04 7010214 1 1.6123e-01
+7.24556e+04 -1.88233e+04 7010215 1 1.5913e-01
+7.34633e+04 -1.88402e+04 7010216 1 1.5713e-01
+7.44694e+04 -1.88559e+04 7010217 1 1.5524e-01
+7.54740e+04 -1.88702e+04 7010218 1 1.5344e-01
+7.64774e+04 -1.88834e+04 7010219 1 1.5174e-01
+7.74796e+04 -1.88954e+04 7010220 1 1.5012e-01
+7.84807e+04 -1.89064e+04 7010221 1 1.4862e-01
+7.94807e+04 -1.89163e+04 7010222 1 1.4722e-01
+8.04799e+04 -1.89252e+04 7010223 1 1.4593e-01
+8.14783e+04 -1.89332e+04 7010224 1 1.4475e-01
+8.24760e+04 -1.89403e+04 7010225 1 1.4368e-01
+8.34730e+04 -1.89465e+04 7010226 1 1.4273e-01
+8.44695e+04 -1.89520e+04 7010227 1 1.4188e-01
+8.54655e+04 -1.89566e+04 7010228 1 1.4114e-01
+8.64611e+04 -1.89605e+04 7010229 1 1.4051e-01
+8.74564e+04 -1.89637e+04 7010230 1 1.3999e-01
+8.84514e+04 -1.89661e+04 7010231 1 1.3959e-01
+8.94462e+04 -1.89678e+04 7010232 1 1.3930e-01
+9.04409e+04 -1.89688e+04 7010233 1 1.3912e-01
+5.15153e+04 -1.67780e+04 7010234 1 2.2054e-01
+5.25960e+04 -1.68277e+04 7010235 1 2.1723e-01
+5.36710e+04 -1.68752e+04 7010236 1 2.1395e-01
+5.47409e+04 -1.69207e+04 7010237 1 2.1069e-01
+5.58057e+04 -1.69640e+04 7010238 1 2.0744e-01
+5.68658e+04 -1.70054e+04 7010239 1 2.0420e-01
+5.79214e+04 -1.70447e+04 7010240 1 2.0098e-01
+5.89727e+04 -1.70820e+04 7010241 1 1.9776e-01
+6.00200e+04 -1.71174e+04 7010242 1 1.9458e-01
+6.10636e+04 -1.71508e+04 7010243 1 1.9140e-01
+6.21036e+04 -1.71824e+04 7010244 1 1.8825e-01
+6.31402e+04 -1.72122e+04 7010245 1 1.8514e-01
+6.41737e+04 -1.72403e+04 7010246 1 1.8206e-01
+6.52042e+04 -1.72666e+04 7010247 1 1.7902e-01
+6.62320e+04 -1.72914e+04 7010248 1 1.7604e-01
+6.72572e+04 -1.73145e+04 7010249 1 1.7309e-01
+6.82800e+04 -1.73361e+04 7010250 1 1.7022e-01
+6.93006e+04 -1.73563e+04 7010251 1 1.6741e-01
+7.03190e+04 -1.73750e+04 7010252 1 1.6467e-01
+7.13356e+04 -1.73924e+04 7010253 1 1.6202e-01
+7.23503e+04 -1.74086e+04 7010254 1 1.5946e-01
+7.33634e+04 -1.74235e+04 7010255 1 1.5700e-01
+7.43749e+04 -1.74372e+04 7010256 1 1.5462e-01
+7.53851e+04 -1.74498e+04 7010257 1 1.5234e-01
+7.63939e+04 -1.74614e+04 7010258 1 1.5016e-01
+7.74016e+04 -1.74720e+04 7010259 1 1.4810e-01
+7.84082e+04 -1.74816e+04 7010260 1 1.4615e-01
+7.94138e+04 -1.74903e+04 7010261 1 1.4432e-01
+8.04186e+04 -1.74982e+04 7010262 1 1.4262e-01
+8.14225e+04 -1.75052e+04 7010263 1 1.4106e-01
+8.24257e+04 -1.75114e+04 7010264 1 1.3963e-01
+8.34284e+04 -1.75169e+04 7010265 1 1.3836e-01
+8.44304e+04 -1.75217e+04 7010266 1 1.3721e-01
+8.54320e+04 -1.75258e+04 7010267 1 1.3621e-01
+8.64332e+04 -1.75292e+04 7010268 1 1.3536e-01
+8.74341e+04 -1.75319e+04 7010269 1 1.3466e-01
+8.84347e+04 -1.75341e+04 7010270 1 1.3412e-01
+8.94351e+04 -1.75356e+04 7010271 1 1.3372e-01
+9.04354e+04 -1.75365e+04 7010272 1 1.3349e-01
+5.12957e+04 -1.54519e+04 7010273 1 2.2831e-01
+5.23801e+04 -1.54952e+04 7010274 1 2.2487e-01
+5.34592e+04 -1.55367e+04 7010275 1 2.2144e-01
+5.45333e+04 -1.55764e+04 7010276 1 2.1803e-01
+5.56025e+04 -1.56142e+04 7010277 1 2.1458e-01
+5.66671e+04 -1.56503e+04 7010278 1 2.1114e-01
+5.77274e+04 -1.56846e+04 7010279 1 2.0765e-01
+5.87836e+04 -1.57172e+04 7010280 1 2.0415e-01
+5.98359e+04 -1.57480e+04 7010281 1 2.0066e-01
+6.08845e+04 -1.57772e+04 7010282 1 1.9712e-01
+6.19297e+04 -1.58048e+04 7010283 1 1.9361e-01
+6.29716e+04 -1.58308e+04 7010284 1 1.9011e-01
+6.40105e+04 -1.58552e+04 7010285 1 1.8664e-01
+6.50465e+04 -1.58782e+04 7010286 1 1.8314e-01
+6.60798e+04 -1.58997e+04 7010287 1 1.7968e-01
+6.71107e+04 -1.59198e+04 7010288 1 1.7627e-01
+6.81392e+04 -1.59386e+04 7010289 1 1.7290e-01
+6.91655e+04 -1.59562e+04 7010290 1 1.6960e-01
+7.01898e+04 -1.59725e+04 7010291 1 1.6634e-01
+7.12122e+04 -1.59876e+04 7010292 1 1.6318e-01
+7.22328e+04 -1.60017e+04 7010293 1 1.6010e-01
+7.32519e+04 -1.60146e+04 7010294 1 1.5711e-01
+7.42694e+04 -1.60266e+04 7010295 1 1.5421e-01
+7.52856e+04 -1.60375e+04 7010296 1 1.5140e-01
+7.63006e+04 -1.60476e+04 7010297 1 1.4871e-01
+7.73144e+04 -1.60567e+04 7010298 1 1.4614e-01
+7.83271e+04 -1.60651e+04 7010299 1 1.4370e-01
+7.93389e+04 -1.60726e+04 7010300 1 1.4140e-01
+8.03498e+04 -1.60794e+04 7010301 1 1.3925e-01
+8.13599e+04 -1.60855e+04 7010302 1 1.3726e-01
+8.23694e+04 -1.60909e+04 7010303 1 1.3543e-01
+8.33782e+04 -1.60956e+04 7010304 1 1.3377e-01
+8.43866e+04 -1.60998e+04 7010305 1 1.3228e-01
+8.53944e+04 -1.61033e+04 7010306 1 1.3098e-01
+8.64019e+04 -1.61062e+04 7010307 1 1.2986e-01
+8.74090e+04 -1.61086e+04 7010308 1 1.2894e-01
+8.84159e+04 -1.61104e+04 7010309 1 1.2822e-01
+8.94226e+04 -1.61117e+04 7010310 1 1.2770e-01
+9.04292e+04 -1.61125e+04 7010311 1 1.2739e-01
+5.10568e+04 -1.41308e+04 7010312 1 2.3708e-01
+5.21452e+04 -1.41681e+04 7010313 1 2.3349e-01
+5.32284e+04 -1.42038e+04 7010314 1 2.2995e-01
+5.43068e+04 -1.42380e+04 7010315 1 2.2635e-01
+5.53806e+04 -1.42706e+04 7010316 1 2.2268e-01
+5.64499e+04 -1.43016e+04 7010317 1 2.1901e-01
+5.75151e+04 -1.43311e+04 7010318 1 2.1527e-01
+5.85764e+04 -1.43591e+04 7010319 1 2.1145e-01
+5.96339e+04 -1.43856e+04 7010320 1 2.0761e-01
+6.06880e+04 -1.44107e+04 7010321 1 2.0375e-01
+6.17387e+04 -1.44344e+04 7010322 1 1.9984e-01
+6.27863e+04 -1.44567e+04 7010323 1 1.9590e-01
+6.38309e+04 -1.44777e+04 7010324 1 1.9195e-01
+6.48728e+04 -1.44974e+04 7010325 1 1.8802e-01
+6.59122e+04 -1.45159e+04 7010326 1 1.8407e-01
+6.69491e+04 -1.45332e+04 7010327 1 1.8015e-01
+6.79838e+04 -1.45493e+04 7010328 1 1.7627e-01
+6.90163e+04 -1.45644e+04 7010329 1 1.7242e-01
+7.00470e+04 -1.45783e+04 7010330 1 1.6863e-01
+7.10758e+04 -1.45913e+04 7010331 1 1.6489e-01
+7.21029e+04 -1.46033e+04 7010332 1 1.6124e-01
+7.31285e+04 -1.46144e+04 7010333 1 1.5767e-01
+7.41526e+04 -1.46246e+04 7010334 1 1.5417e-01
+7.51755e+04 -1.46339e+04 7010335 1 1.5077e-01
+7.61971e+04 -1.46425e+04 7010336 1 1.4750e-01
+7.72176e+04 -1.46504e+04 7010337 1 1.4436e-01
+7.82371e+04 -1.46575e+04 7010338 1 1.4136e-01
+7.92557e+04 -1.46639e+04 7010339 1 1.3851e-01
+8.02734e+04 -1.46697e+04 7010340 1 1.3583e-01
+8.12904e+04 -1.46749e+04 7010341 1 1.3333e-01
+8.23068e+04 -1.46794e+04 7010342 1 1.3102e-01
+8.33225e+04 -1.46835e+04 7010343 1 1.2892e-01
+8.43378e+04 -1.46870e+04 7010344 1 1.2702e-01
+8.53526e+04 -1.46900e+04 7010345 1 1.2535e-01
+8.63670e+04 -1.46925e+04 7010346 1 1.2392e-01
+8.73812e+04 -1.46945e+04 7010347 1 1.2274e-01
+8.83950e+04 -1.46961e+04 7010348 1 1.2181e-01
+8.94087e+04 -1.46972e+04 7010349 1 1.2114e-01
+9.04223e+04 -1.46978e+04 7010350 1 1.2073e-01
+5.07980e+04 -1.28150e+04 7010351 1 2.4696e-01
+5.18904e+04 -1.28466e+04 7010352 1 2.4324e-01
+5.29778e+04 -1.28768e+04 7010353 1 2.3950e-01
+5.40607e+04 -1.29057e+04 7010354 1 2.3574e-01
+5.51392e+04 -1.29333e+04 7010355 1 2.3187e-01
+5.62135e+04 -1.29595e+04 7010356 1 2.2790e-01
+5.72839e+04 -1.29845e+04 7010357 1 2.2388e-01
+5.83506e+04 -1.30082e+04 7010358 1 2.1976e-01
+5.94137e+04 -1.30306e+04 7010359 1 2.1558e-01
+6.04734e+04 -1.30518e+04 7010360 1 2.1131e-01
+6.15300e+04 -1.30718e+04 7010361 1 2.0697e-01
+6.25837e+04 -1.30907e+04 7010362 1 2.0260e-01
+6.36345e+04 -1.31084e+04 7010363 1 1.9820e-01
+6.46827e+04 -1.31250e+04 7010364 1 1.9376e-01
+6.57285e+04 -1.31406e+04 7010365 1 1.8931e-01
+6.67720e+04 -1.31552e+04 7010366 1 1.8486e-01
+6.78134e+04 -1.31688e+04 7010367 1 1.8044e-01
+6.88527e+04 -1.31814e+04 7010368 1 1.7601e-01
+6.98902e+04 -1.31932e+04 7010369 1 1.7164e-01
+7.09260e+04 -1.32041e+04 7010370 1 1.6729e-01
+7.19602e+04 -1.32142e+04 7010371 1 1.6301e-01
+7.29929e+04 -1.32235e+04 7010372 1 1.5877e-01
+7.40242e+04 -1.32320e+04 7010373 1 1.5464e-01
+7.50543e+04 -1.32399e+04 7010374 1 1.5060e-01
+7.60832e+04 -1.32471e+04 7010375 1 1.4668e-01
+7.71111e+04 -1.32536e+04 7010376 1 1.4288e-01
+7.81380e+04 -1.32596e+04 7010377 1 1.3924e-01
+7.91640e+04 -1.32649e+04 7010378 1 1.3576e-01
+8.01893e+04 -1.32698e+04 7010379 1 1.3247e-01
+8.12139e+04 -1.32741e+04 7010380 1 1.2937e-01
+8.22378e+04 -1.32779e+04 7010381 1 1.2650e-01
+8.32612e+04 -1.32813e+04 7010382 1 1.2385e-01
+8.42840e+04 -1.32842e+04 7010383 1 1.2147e-01
+8.53065e+04 -1.32867e+04 7010384 1 1.1935e-01
+8.63286e+04 -1.32888e+04 7010385 1 1.1753e-01
+8.73504e+04 -1.32905e+04 7010386 1 1.1602e-01
+8.83720e+04 -1.32918e+04 7010387 1 1.1483e-01
+8.93934e+04 -1.32927e+04 7010388 1 1.1397e-01
+9.04147e+04 -1.32932e+04 7010389 1 1.1345e-01
+5.05184e+04 -1.15045e+04 7010390 1 2.5814e-01
+5.16148e+04 -1.15308e+04 7010391 1 2.5426e-01
+5.27067e+04 -1.15559e+04 7010392 1 2.5031e-01
+5.37942e+04 -1.15798e+04 7010393 1 2.4629e-01
+5.48776e+04 -1.16027e+04 7010394 1 2.4220e-01
+5.59572e+04 -1.16245e+04 7010395 1 2.3794e-01
+5.70330e+04 -1.16452e+04 7010396 1 2.3359e-01
+5.81053e+04 -1.16648e+04 7010397 1 2.2913e-01
+5.91743e+04 -1.16834e+04 7010398 1 2.2455e-01
+6.02401e+04 -1.17009e+04 7010399 1 2.1990e-01
+6.13030e+04 -1.17175e+04 7010400 1 2.1515e-01
+6.23631e+04 -1.17331e+04 7010401 1 2.1034e-01
+6.34206e+04 -1.17478e+04 7010402 1 2.0544e-01
+6.44756e+04 -1.17615e+04 7010403 1 2.0051e-01
+6.55283e+04 -1.17744e+04 7010404 1 1.9553e-01
+6.65789e+04 -1.17864e+04 7010405 1 1.9053e-01
+6.76274e+04 -1.17976e+04 7010406 1 1.8550e-01
+6.86741e+04 -1.18080e+04 7010407 1 1.8049e-01
+6.97191e+04 -1.18177e+04 7010408 1 1.7548e-01
+7.07624e+04 -1.18267e+04 7010409 1 1.7047e-01
+7.18042e+04 -1.18349e+04 7010410 1 1.6551e-01
+7.28446e+04 -1.18426e+04 7010411 1 1.6061e-01
+7.38838e+04 -1.18496e+04 7010412 1 1.5577e-01
+7.49217e+04 -1.18560e+04 7010413 1 1.5102e-01
+7.59586e+04 -1.18619e+04 7010414 1 1.4639e-01
+7.69945e+04 -1.18673e+04 7010415 1 1.4187e-01
+7.80295e+04 -1.18722e+04 7010416 1 1.3750e-01
+7.90637e+04 -1.18766e+04 7010417 1 1.3330e-01
+8.00972e+04 -1.18805e+04 7010418 1 1.2930e-01
+8.11300e+04 -1.18840e+04 7010419 1 1.2551e-01
+8.21622e+04 -1.18872e+04 7010420 1 1.2196e-01
+8.31939e+04 -1.18899e+04 7010421 1 1.1868e-01
+8.42251e+04 -1.18923e+04 7010422 1 1.1570e-01
+8.52560e+04 -1.18943e+04 7010423 1 1.1304e-01
+8.62865e+04 -1.18960e+04 7010424 1 1.1074e-01
+8.73167e+04 -1.18974e+04 7010425 1 1.0882e-01
+8.83468e+04 -1.18984e+04 7010426 1 1.0729e-01
+8.93766e+04 -1.18992e+04 7010427 1 1.0619e-01
+9.04064e+04 -1.18996e+04 7010428 1 1.0553e-01
+5.02168e+04 -1.01996e+04 7010429 1 2.7067e-01
+5.13175e+04 -1.02209e+04 7010430 1 2.6660e-01
+5.24139e+04 -1.02412e+04 7010431 1 2.6243e-01
+5.35063e+04 -1.02606e+04 7010432 1 2.5817e-01
+5.45950e+04 -1.02791e+04 7010433 1 2.5377e-01
+5.56800e+04 -1.02968e+04 7010434 1 2.4923e-01
+5.67615e+04 -1.03135e+04 7010435 1 2.4455e-01
+5.78398e+04 -1.03294e+04 7010436 1 2.3973e-01
+5.89151e+04 -1.03444e+04 7010437 1 2.3478e-01
+5.99874e+04 -1.03585e+04 7010438 1 2.2970e-01
+6.10570e+04 -1.03719e+04 7010439 1 2.2452e-01
+6.21240e+04 -1.03845e+04 7010440 1 2.1923e-01
+6.31886e+04 -1.03963e+04 7010441 1 2.1383e-01
+6.42508e+04 -1.04074e+04 7010442 1 2.0835e-01
+6.53110e+04 -1.04177e+04 7010443 1 2.0283e-01
+6.63692e+04 -1.04274e+04 7010444 1 1.9725e-01
+6.74255e+04 -1.04364e+04 7010445 1 1.9162e-01
+6.84800e+04 -1.04447e+04 7010446 1 1.8595e-01
+6.95330e+04 -1.04525e+04 7010447 1 1.8026e-01
+7.05845e+04 -1.04597e+04 7010448 1 1.7459e-01
+7.16345e+04 -1.04663e+04 7010449 1 1.6892e-01
+7.26833e+04 -1.04724e+04 7010450 1 1.6329e-01
+7.37310e+04 -1.04781e+04 7010451 1 1.5771e-01
+7.47775e+04 -1.04832e+04 7010452 1 1.5220e-01
+7.58230e+04 -1.04879e+04 7010453 1 1.4678e-01
+7.68677e+04 -1.04922e+04 7010454 1 1.4147e-01
+7.79115e+04 -1.04960e+04 7010455 1 1.3631e-01
+7.89545e+04 -1.04995e+04 7010456 1 1.3130e-01
+7.99969e+04 -1.05027e+04 7010457 1 1.2649e-01
+8.10387e+04 -1.05055e+04 7010458 1 1.2190e-01
+8.20799e+04 -1.05079e+04 7010459 1 1.1757e-01
+8.31206e+04 -1.05101e+04 7010460 1 1.1353e-01
+8.41610e+04 -1.05120e+04 7010461 1 1.0984e-01
+8.52009e+04 -1.05136e+04 7010462 1 1.0652e-01
+8.62406e+04 -1.05149e+04 7010463 1 1.0362e-01
+8.72800e+04 -1.05160e+04 7010464 1 1.0118e-01
+8.83193e+04 -1.05168e+04 7010465 1 9.9238e-02
+8.93583e+04 -1.05174e+04 7010466 1 9.7827e-02
+9.03973e+04 -1.05178e+04 7010467 1 9.6972e-02
+4.98924e+04 -8.90050e+03 7010468 1 2.8477e-01
+5.09974e+04 -8.91717e+03 7010469 1 2.8048e-01
+5.20986e+04 -8.93313e+03 7010470 1 2.7605e-01
+5.31961e+04 -8.94837e+03 7010471 1 2.7150e-01
+5.42902e+04 -8.96289e+03 7010472 1 2.6680e-01
+5.53810e+04 -8.97670e+03 7010473 1 2.6191e-01
+5.64686e+04 -8.98982e+03 7010474 1 2.5688e-01
+5.75533e+04 -9.00224e+03 7010475 1 2.5170e-01
+5.86352e+04 -9.01400e+03 7010476 1 2.4634e-01
+5.97144e+04 -9.02509e+03 7010477 1 2.4081e-01
+6.07911e+04 -9.03553e+03 7010478 1 2.3515e-01
+6.18655e+04 -9.04535e+03 7010479 1 2.2938e-01
+6.29376e+04 -9.05457e+03 7010480 1 2.2348e-01
+6.40077e+04 -9.06320e+03 7010481 1 2.1746e-01
+6.50759e+04 -9.07126e+03 7010482 1 2.1133e-01
+6.61422e+04 -9.07879e+03 7010483 1 2.0514e-01
+6.72069e+04 -9.08579e+03 7010484 1 1.9887e-01
+6.82699e+04 -9.09229e+03 7010485 1 1.9252e-01
+6.93315e+04 -9.09831e+03 7010486 1 1.8618e-01
+7.03918e+04 -9.10388e+03 7010487 1 1.7978e-01
+7.14508e+04 -9.10902e+03 7010488 1 1.7338e-01
+7.25086e+04 -9.11375e+03 7010489 1 1.6698e-01
+7.35654e+04 -9.11808e+03 7010490 1 1.6061e-01
+7.46212e+04 -9.12205e+03 7010491 1 1.5430e-01
+7.56760e+04 -9.12567e+03 7010492 1 1.4804e-01
+7.67301e+04 -9.12895e+03 7010493 1 1.4189e-01
+7.77834e+04 -9.13193e+03 7010494 1 1.3585e-01
+7.88361e+04 -9.13461e+03 7010495 1 1.2995e-01
+7.98881e+04 -9.13701e+03 7010496 1 1.2424e-01
+8.09396e+04 -9.13915e+03 7010497 1 1.1874e-01
+8.19906e+04 -9.14105e+03 7010498 1 1.1351e-01
+8.30412e+04 -9.14270e+03 7010499 1 1.0859e-01
+8.40914e+04 -9.14414e+03 7010500 1 1.0404e-01
+8.51412e+04 -9.14536e+03 7010501 1 9.9905e-02
+8.61908e+04 -9.14638e+03 7010502 1 9.6260e-02
+8.72402e+04 -9.14720e+03 7010503 1 9.3172e-02
+8.82894e+04 -9.14783e+03 7010504 1 9.0689e-02
+8.93385e+04 -9.14828e+03 7010505 1 8.8872e-02
+9.03875e+04 -9.14855e+03 7010506 1 8.7766e-02
+4.95438e+04 -7.60727e+03 7010507 1 3.0071e-01
+5.06534e+04 -7.61984e+03 7010508 1 2.9613e-01
+5.17595e+04 -7.63187e+03 7010509 1 2.9145e-01
+5.28624e+04 -7.64335e+03 7010510 1 2.8657e-01
+5.39623e+04 -7.65429e+03 7010511 1 2.8153e-01
+5.50591e+04 -7.66468e+03 7010512 1 2.7629e-01
+5.61532e+04 -7.67454e+03 7010513 1 2.7084e-01
+5.72447e+04 -7.68388e+03 7010514 1 2.6522e-01
+5.83336e+04 -7.69271e+03 7010515 1 2.5942e-01
+5.94202e+04 -7.70103e+03 7010516 1 2.5344e-01
+6.05045e+04 -7.70886e+03 7010517 1 2.4727e-01
+6.15868e+04 -7.71622e+03 7010518 1 2.4096e-01
+6.26671e+04 -7.72312e+03 7010519 1 2.3448e-01
+6.37455e+04 -7.72958e+03 7010520 1 2.2789e-01
+6.48222e+04 -7.73560e+03 7010521 1 2.2118e-01
+6.58973e+04 -7.74122e+03 7010522 1 2.1434e-01
+6.69709e+04 -7.74643e+03 7010523 1 2.0741e-01
+6.80432e+04 -7.75127e+03 7010524 1 2.0041e-01
+6.91141e+04 -7.75575e+03 7010525 1 1.9332e-01
+7.01838e+04 -7.75989e+03 7010526 1 1.8620e-01
+7.12524e+04 -7.76370e+03 7010527 1 1.7904e-01
+7.23199e+04 -7.76720e+03 7010528 1 1.7185e-01
+7.33866e+04 -7.77040e+03 7010529 1 1.6466e-01
+7.44523e+04 -7.77333e+03 7010530 1 1.5751e-01
+7.55173e+04 -7.77600e+03 7010531 1 1.5038e-01
+7.65815e+04 -7.77842e+03 7010532 1 1.4331e-01
+7.76451e+04 -7.78060e+03 7010533 1 1.3633e-01
+7.87081e+04 -7.78257e+03 7010534 1 1.2947e-01
+7.97706e+04 -7.78433e+03 7010535 1 1.2277e-01
+8.08326e+04 -7.78590e+03 7010536 1 1.1627e-01
+8.18941e+04 -7.78728e+03 7010537 1 1.1002e-01
+8.29553e+04 -7.78849e+03 7010538 1 1.0408e-01
+8.40161e+04 -7.78954e+03 7010539 1 9.8510e-02
+8.50767e+04 -7.79043e+03 7010540 1 9.3400e-02
+8.61370e+04 -7.79117e+03 7010541 1 8.8828e-02
+8.71972e+04 -7.79176e+03 7010542 1 8.4894e-02
+8.82572e+04 -7.79222e+03 7010543 1 8.1698e-02
+8.93170e+04 -7.79255e+03 7010544 1 7.9336e-02
+9.03768e+04 -7.79274e+03 7010545 1 7.7887e-02
+4.91698e+04 -6.32012e+03 7010546 1 3.1880e-01
+5.02841e+04 -6.32910e+03 7010547 1 3.1396e-01
+5.13955e+04 -6.33767e+03 7010548 1 3.0892e-01
+5.25041e+04 -6.34585e+03 7010549 1 3.0369e-01
+5.36100e+04 -6.35364e+03 7010550 1 2.9821e-01
+5.47133e+04 -6.36104e+03 7010551 1 2.9255e-01
+5.58142e+04 -6.36805e+03 7010552 1 2.8668e-01
+5.69129e+04 -6.37469e+03 7010553 1 2.8057e-01
+5.80093e+04 -6.38096e+03 7010554 1 2.7425e-01
+5.91038e+04 -6.38686e+03 7010555 1 2.6774e-01
+6.01963e+04 -6.39242e+03 7010556 1 2.6103e-01
+6.12870e+04 -6.39763e+03 7010557 1 2.5416e-01
+6.23760e+04 -6.40251e+03 7010558 1 2.4710e-01
+6.34634e+04 -6.40707e+03 7010559 1 2.3990e-01
+6.45493e+04 -6.41132e+03 7010560 1 2.3254e-01
+6.56338e+04 -6.41527e+03 7010561 1 2.2507e-01
+6.67170e+04 -6.41895e+03 7010562 1 2.1744e-01
+6.77991e+04 -6.42235e+03 7010563 1 2.0973e-01
+6.88800e+04 -6.42549e+03 7010564 1 2.0194e-01
+6.99598e+04 -6.42839e+03 7010565 1 1.9404e-01
+7.10388e+04 -6.43105e+03 7010566 1 1.8610e-01
+7.21168e+04 -6.43349e+03 7010567 1 1.7808e-01
+7.31940e+04 -6.43572e+03 7010568 1 1.7006e-01
+7.42705e+04 -6.43776e+03 7010569 1 1.6201e-01
+7.53464e+04 -6.43961e+03 7010570 1 1.5397e-01
+7.64216e+04 -6.44129e+03 7010571 1 1.4595e-01
+7.74962e+04 -6.44280e+03 7010572 1 1.3799e-01
+7.85704e+04 -6.44416e+03 7010573 1 1.3013e-01
+7.96440e+04 -6.44537e+03 7010574 1 1.2237e-01
+8.07173e+04 -6.44645e+03 7010575 1 1.1478e-01
+8.17902e+04 -6.44740e+03 7010576 1 1.0740e-01
+8.28628e+04 -6.44823e+03 7010577 1 1.0030e-01
+8.39352e+04 -6.44895e+03 7010578 1 9.3556e-02
+8.50072e+04 -6.44955e+03 7010579 1 8.7264e-02
+8.60791e+04 -6.45006e+03 7010580 1 8.1540e-02
+8.71508e+04 -6.45047e+03 7010581 1 7.6534e-02
+8.82224e+04 -6.45078e+03 7010582 1 7.2387e-02
+8.92939e+04 -6.45100e+03 7010583 1 6.9273e-02
+9.03653e+04 -6.45113e+03 7010584 1 6.7339e-02
+4.87688e+04 -5.03925e+03 7010585 1 3.3967e-01
+4.98882e+04 -5.04516e+03 7010586 1 3.3444e-01
+5.10051e+04 -5.05080e+03 7010587 1 3.2899e-01
+5.21197e+04 -5.05618e+03 7010588 1 3.2333e-01
+5.32320e+04 -5.06130e+03 7010589 1 3.1739e-01
+5.43423e+04 -5.06616e+03 7010590 1 3.1123e-01
+5.54505e+04 -5.07076e+03 7010591 1 3.0484e-01
+5.65568e+04 -5.07511e+03 7010592 1 2.9818e-01
+5.76613e+04 -5.07922e+03 7010593 1 2.9131e-01
+5.87641e+04 -5.08308e+03 7010594 1 2.8425e-01
+5.98654e+04 -5.08671e+03 7010595 1 2.7694e-01
+6.09651e+04 -5.09010e+03 7010596 1 2.6944e-01
+6.20634e+04 -5.09328e+03 7010597 1 2.6175e-01
+6.31604e+04 -5.09625e+03 7010598 1 2.5387e-01
+6.42562e+04 -5.09901e+03 7010599 1 2.4584e-01
+6.53508e+04 -5.10158e+03 7010600 1 2.3763e-01
+6.64444e+04 -5.10395e+03 7010601 1 2.2930e-01
+6.75369e+04 -5.10615e+03 7010602 1 2.2084e-01
+6.86286e+04 -5.10818e+03 7010603 1 2.1225e-01
+6.97194e+04 -5.11004e+03 7010604 1 2.0357e-01
+7.08094e+04 -5.11175e+03 7010605 1 1.9480e-01
+7.18987e+04 -5.11332e+03 7010606 1 1.8594e-01
+7.29873e+04 -5.11475e+03 7010607 1 1.7703e-01
+7.40753e+04 -5.11605e+03 7010608 1 1.6806e-01
+7.51628e+04 -5.11722e+03 7010609 1 1.5909e-01
+7.62498e+04 -5.11829e+03 7010610 1 1.5011e-01
+7.73363e+04 -5.11925e+03 7010611 1 1.4113e-01
+7.84224e+04 -5.12011e+03 7010612 1 1.3220e-01
+7.95082e+04 -5.12087e+03 7010613 1 1.2334e-01
+8.05936e+04 -5.12155e+03 7010614 1 1.1460e-01
+8.16787e+04 -5.12215e+03 7010615 1 1.0601e-01
+8.27636e+04 -5.12267e+03 7010616 1 9.7637e-02
+8.38482e+04 -5.12312e+03 7010617 1 8.9564e-02
+8.49327e+04 -5.12350e+03 7010618 1 8.1892e-02
+8.60169e+04 -5.12381e+03 7010619 1 7.4762e-02
+8.71011e+04 -5.12406e+03 7010620 1 6.8364e-02
+8.81851e+04 -5.12426e+03 7010621 1 6.2925e-02
+8.92691e+04 -5.12440e+03 7010622 1 5.8728e-02
+9.03530e+04 -5.12448e+03 7010623 1 5.6064e-02
+4.83394e+04 -3.76482e+03 7010624 1 3.6458e-01
+4.94641e+04 -3.76825e+03 7010625 1 3.5890e-01
+5.05869e+04 -3.77152e+03 7010626 1 3.5292e-01
+5.17079e+04 -3.77464e+03 7010627 1 3.4673e-01
+5.28271e+04 -3.77760e+03 7010628 1 3.4021e-01
+5.39446e+04 -3.78041e+03 7010629 1 3.3347e-01
+5.50607e+04 -3.78306e+03 7010630 1 3.2643e-01
+5.61752e+04 -3.78557e+03 7010631 1 3.1915e-01
+5.72883e+04 -3.78794e+03 7010632 1 3.1162e-01
+5.84001e+04 -3.79016e+03 7010633 1 3.0385e-01
+5.95107e+04 -3.79224e+03 7010634 1 2.9584e-01
+6.06201e+04 -3.79419e+03 7010635 1 2.8761e-01
+6.17284e+04 -3.79601e+03 7010636 1 2.7918e-01
+6.28357e+04 -3.79770e+03 7010637 1 2.7055e-01
+6.39420e+04 -3.79928e+03 7010638 1 2.6175e-01
+6.50475e+04 -3.80074e+03 7010639 1 2.5275e-01
+6.61521e+04 -3.80209e+03 7010640 1 2.4361e-01
+6.72560e+04 -3.80333e+03 7010641 1 2.3431e-01
+6.83592e+04 -3.80448e+03 7010642 1 2.2489e-01
+6.94617e+04 -3.80553e+03 7010643 1 2.1534e-01
+7.05636e+04 -3.80649e+03 7010644 1 2.0567e-01
+7.16650e+04 -3.80737e+03 7010645 1 1.9592e-01
+7.27658e+04 -3.80817e+03 7010646 1 1.8608e-01
+7.38662e+04 -3.80889e+03 7010647 1 1.7618e-01
+7.49662e+04 -3.80955e+03 7010648 1 1.6621e-01
+7.60658e+04 -3.81014e+03 7010649 1 1.5621e-01
+7.71651e+04 -3.81067e+03 7010650 1 1.4619e-01
+7.82640e+04 -3.81114e+03 7010651 1 1.3618e-01
+7.93627e+04 -3.81156e+03 7010652 1 1.2617e-01
+8.04611e+04 -3.81193e+03 7010653 1 1.1622e-01
+8.15593e+04 -3.81225e+03 7010654 1 1.0634e-01
+8.26573e+04 -3.81254e+03 7010655 1 9.6613e-02
+8.37551e+04 -3.81278e+03 7010656 1 8.7082e-02
+8.48528e+04 -3.81298e+03 7010657 1 7.7846e-02
+8.59504e+04 -3.81315e+03 7010658 1 6.9041e-02
+8.70478e+04 -3.81329e+03 7010659 1 6.0874e-02
+8.81452e+04 -3.81339e+03 7010660 1 5.3649e-02
+8.92426e+04 -3.81347e+03 7010661 1 4.7813e-02
+9.03399e+04 -3.81351e+03 7010662 1 4.3956e-02
+4.78798e+04 -2.49699e+03 7010663 1 3.9455e-01
+4.90101e+04 -2.49857e+03 7010664 1 3.8963e-01
+5.01392e+04 -2.50008e+03 7010665 1 3.8415e-01
+5.12669e+04 -2.50152e+03 7010666 1 3.7712e-01
+5.23935e+04 -2.50288e+03 7010667 1 3.6981e-01
+5.35189e+04 -2.50416e+03 7010668 1 3.6224e-01
+5.46433e+04 -2.50538e+03 7010669 1 3.5438e-01
+5.57666e+04 -2.50653e+03 7010670 1 3.4624e-01
+5.68889e+04 -2.50761e+03 7010671 1 3.3783e-01
+5.80104e+04 -2.50862e+03 7010672 1 3.2918e-01
+5.91310e+04 -2.50956e+03 7010673 1 3.2028e-01
+6.02508e+04 -2.51045e+03 7010674 1 3.1115e-01
+6.13698e+04 -2.51127e+03 7010675 1 3.0180e-01
+6.24882e+04 -2.51203e+03 7010676 1 2.9225e-01
+6.36059e+04 -2.51274e+03 7010677 1 2.8249e-01
+6.47230e+04 -2.51339e+03 7010678 1 2.7255e-01
+6.58395e+04 -2.51400e+03 7010679 1 2.6242e-01
+6.69555e+04 -2.51455e+03 7010680 1 2.5214e-01
+6.80710e+04 -2.51506e+03 7010681 1 2.4172e-01
+6.91861e+04 -2.51552e+03 7010682 1 2.3118e-01
+7.03008e+04 -2.51595e+03 7010683 1 2.2048e-01
+7.14151e+04 -2.51633e+03 7010684 1 2.0968e-01
+7.25290e+04 -2.51668e+03 7010685 1 1.9878e-01
+7.36427e+04 -2.51700e+03 7010686 1 1.8780e-01
+7.47560e+04 -2.51728e+03 7010687 1 1.7673e-01
+7.58691e+04 -2.51753e+03 7010688 1 1.6559e-01
+7.69820e+04 -2.51776e+03 7010689 1 1.5440e-01
+7.80947e+04 -2.51796e+03 7010690 1 1.4317e-01
+7.92072e+04 -2.51814e+03 7010691 1 1.3192e-01
+8.03195e+04 -2.51829e+03 7010692 1 1.2066e-01
+8.14317e+04 -2.51843e+03 7010693 1 1.0941e-01
+8.25437e+04 -2.51855e+03 7010694 1 9.8200e-02
+8.36557e+04 -2.51865e+03 7010695 1 8.7073e-02
+8.47675e+04 -2.51873e+03 7010696 1 7.6083e-02
+8.58793e+04 -2.51880e+03 7010697 1 6.5322e-02
+8.69910e+04 -2.51886e+03 7010698 1 5.4946e-02
+8.81026e+04 -2.51890e+03 7010699 1 4.5235e-02
+8.92142e+04 -2.51893e+03 7010700 1 3.6729e-02
+9.03258e+04 -2.51895e+03 7010701 1 3.0491e-02
+4.73881e+04 -1.23591e+03 7010702 1 4.1995e-01
+4.85245e+04 -1.23633e+03 7010703 1 4.1470e-01
+4.96602e+04 -1.23674e+03 7010704 1 4.0891e-01
+5.07952e+04 -1.23712e+03 7010705 1 4.0259e-01
+5.19297e+04 -1.23748e+03 7010706 1 3.9577e-01
+5.30635e+04 -1.23782e+03 7010707 1 3.8849e-01
+5.41968e+04 -1.23815e+03 7010708 1 3.8076e-01
+5.53295e+04 -1.23845e+03 7010709 1 3.7261e-01
+5.64618e+04 -1.23873e+03 7010710 1 3.6407e-01
+5.75936e+04 -1.23899e+03 7010711 1 3.5515e-01
+5.87250e+04 -1.23924e+03 7010712 1 3.4588e-01
+5.98559e+04 -1.23947e+03 7010713 1 3.3629e-01
+6.09865e+04 -1.23968e+03 7010714 1 3.2639e-01
+6.21167e+04 -1.23987e+03 7010715 1 3.1621e-01
+6.32466e+04 -1.24005e+03 7010716 1 3.0576e-01
+6.43761e+04 -1.24022e+03 7010717 1 2.9507e-01
+6.55054e+04 -1.24037e+03 7010718 1 2.8414e-01
+6.66344e+04 -1.24051e+03 7010719 1 2.7301e-01
+6.77632e+04 -1.24063e+03 7010720 1 2.6169e-01
+6.88917e+04 -1.24075e+03 7010721 1 2.5019e-01
+7.00201e+04 -1.24085e+03 7010722 1 2.3853e-01
+7.11482e+04 -1.24094e+03 7010723 1 2.2672e-01
+7.22762e+04 -1.24102e+03 7010724 1 2.1477e-01
+7.34041e+04 -1.24110e+03 7010725 1 2.0271e-01
+7.45317e+04 -1.24116e+03 7010726 1 1.9053e-01
+7.56593e+04 -1.24122e+03 7010727 1 1.7826e-01
+7.67867e+04 -1.24127e+03 7010728 1 1.6590e-01
+7.79141e+04 -1.24132e+03 7010729 1 1.5347e-01
+7.90413e+04 -1.24136e+03 7010730 1 1.4096e-01
+8.01685e+04 -1.24139e+03 7010731 1 1.2840e-01
+8.12956e+04 -1.24142e+03 7010732 1 1.1579e-01
+8.24226e+04 -1.24145e+03 7010733 1 1.0315e-01
+8.35496e+04 -1.24147e+03 7010734 1 9.0487e-02
+8.46766e+04 -1.24149e+03 7010735 1 7.7814e-02
+8.58035e+04 -1.24150e+03 7010736 1 6.5156e-02
+8.69303e+04 -1.24151e+03 7010737 1 5.2553e-02
+8.80572e+04 -1.24152e+03 7010738 1 4.0083e-02
+8.91840e+04 -1.24153e+03 7010739 1 2.7956e-02
+9.03108e+04 -1.24153e+03 7010740 1 1.6956e-02
