+3.32399e+01 -1.65041e+04 6010000 1 6.2266e-01
+2.15941e+03 -1.65291e+04 6010001 1 6.2400e-01
+4.27639e+03 -1.65967e+04 6010002 1 6.2812e-01
+6.37537e+03 -1.67077e+04 6010003 1 6.3429e-01
+8.44822e+03 -1.68600e+04 6010004 1 6.4181e-01
+1.04877e+04 -1.70507e+04 6010005 1 6.4982e-01
+1.24874e+04 -1.72768e+04 6010006 1 6.5749e-01
+1.44426e+04 -1.75343e+04 6010007 1 6.6391e-01
+1.63495e+04 -1.78198e+04 6010008 1 6.6912e-01
+1.82051e+04 -1.81293e+04 6010009 1 6.7253e-01
+2.00080e+04 -1.84589e+04 6010010 1 6.7332e-01
+2.17570e+04 -1.88049e+04 6010011 1 6.7121e-01
+2.34524e+04 -1.91638e+04 6010012 1 6.6850e-01
+2.50951e+04 -1.95324e+04 6010013 1 6.6367e-01
+2.66861e+04 -1.99076e+04 6010014 1 6.5454e-01
+2.82261e+04 -2.02868e+04 6010015 1 6.4473e-01
+2.97183e+04 -2.06673e+04 6010016 1 6.3600e-01
+3.11650e+04 -2.10469e+04 6010017 1 6.2492e-01
+3.25669e+04 -2.14237e+04 6010018 1 6.0433e-01
+3.39263e+04 -2.17964e+04 6010019 1 5.9329e-01
+3.52473e+04 -2.21629e+04 6010020 1 5.8172e-01
+3.65321e+04 -2.25219e+04 6010021 1 5.6923e-01
+3.77820e+04 -2.28725e+04 6010022 1 5.5011e-01
+3.89981e+04 -2.32141e+04 6010023 1 5.2776e-01
+4.01840e+04 -2.35456e+04 6010024 1 5.1583e-01
+3.74364e+01 -2.09187e+04 4010533 1 7.4159e-01
+3.80231e+01 -2.15090e+04 4010492 1 7.5718e-01
+2.50717e+03 -2.21434e+04 4010452 1 7.7546e-01
+3.68481e+01 -2.03190e+04 4010574 1 7.2573e-01
+5.10374e+03 -2.34593e+04 4010371 1 8.1655e-01
+2.35501e+03 -1.97485e+04 4010616 1 7.1151e-01
+3.62576e+01 -1.97097e+04 4010615 1 7.0957e-01
+3.56640e+01 -1.90903e+04 4010656 1 6.9303e-01
+3.50666e+01 -1.84606e+04 4010697 1 6.7614e-01
+2.43132e+03 -2.09642e+04 4010534 1 7.4399e-01
+2.39324e+03 -2.03610e+04 4010575 1 7.2785e-01
+4.50874e+03 -1.85836e+04 4010699 1 6.8272e-01
+3.44641e+01 -1.78199e+04 4010738 1 6.5878e-01
+2.27783e+03 -1.84934e+04 4010698 1 6.7773e-01
+2.31655e+03 -1.91260e+04 4010657 1 6.9473e-01
+4.43218e+03 -1.79323e+04 4010740 1 6.6484e-01
+3.38557e+01 -1.71681e+04 4010779 1 6.4095e-01
+8.59817e+03 -1.75606e+04 4010783 1 6.6107e-01
+3.26159e+01 -1.58280e+04 6010041 1 6.0358e-01
+2.11895e+03 -1.58506e+04 6010042 1 6.0494e-01
+4.19687e+03 -1.59115e+04 6010043 1 6.0899e-01
+6.25828e+03 -1.60115e+04 6010044 1 6.1507e-01
+8.29562e+03 -1.61488e+04 6010045 1 6.2249e-01
+1.03021e+04 -1.63210e+04 6010046 1 6.3040e-01
+1.22720e+04 -1.65253e+04 6010047 1 6.3817e-01
+1.42007e+04 -1.67585e+04 6010048 1 6.4523e-01
+1.60845e+04 -1.70172e+04 6010049 1 6.5103e-01
+1.79204e+04 -1.72979e+04 6010050 1 6.5473e-01
+1.97068e+04 -1.75973e+04 6010051 1 6.5628e-01
+2.14428e+04 -1.79120e+04 6010052 1 6.5686e-01
+2.31286e+04 -1.82389e+04 6010053 1 6.5522e-01
+2.47643e+04 -1.85749e+04 6010054 1 6.5046e-01
+2.63503e+04 -1.89175e+04 6010055 1 6.4333e-01
+2.78887e+04 -1.92640e+04 6010056 1 6.3721e-01
+2.93813e+04 -1.96120e+04 6010057 1 6.2940e-01
+3.08300e+04 -1.99596e+04 6010058 1 6.1793e-01
+3.22348e+04 -2.03053e+04 6010059 1 6.0252e-01
+3.35997e+04 -2.06471e+04 6010060 1 5.9281e-01
+3.49274e+04 -2.09836e+04 6010061 1 5.8246e-01
+3.62198e+04 -2.13135e+04 6010062 1 5.7006e-01
+3.74776e+04 -2.16361e+04 6010063 1 5.4983e-01
+3.87023e+04 -2.19506e+04 6010064 1 5.3260e-01
+3.98978e+04 -2.22559e+04 6010065 1 5.2171e-01
+4.10663e+04 -2.25514e+04 6010066 1 5.1040e-01
+4.22090e+04 -2.28366e+04 6010067 1 4.9703e-01
+4.33275e+04 -2.31113e+04 6010068 1 4.8412e-01
+4.44236e+04 -2.33750e+04 6010069 1 4.7171e-01
+4.54992e+04 -2.36276e+04 6010070 1 4.5983e-01
+2.54500e+03 -2.27200e+04 4010411 1 7.9094e-01
+3.86088e+01 -2.20905e+04 4010451 1 7.7243e-01
+2.46928e+03 -2.15582e+04 4010493 1 7.5984e-01
+4.58459e+03 -1.92246e+04 4010658 1 7.0001e-01
+3.19818e+01 -1.51385e+04 6010082 1 5.8419e-01
+2.07782e+03 -1.51588e+04 6010083 1 5.8549e-01
+4.11600e+03 -1.52133e+04 6010084 1 5.8935e-01
+6.13904e+03 -1.53030e+04 6010085 1 5.9523e-01
+8.13998e+03 -1.54263e+04 6010086 1 6.0256e-01
+1.01125e+04 -1.55811e+04 6010087 1 6.1070e-01
+1.20516e+04 -1.57648e+04 6010088 1 6.1885e-01
+1.39524e+04 -1.59747e+04 6010089 1 6.2633e-01
+1.58114e+04 -1.62077e+04 6010090 1 6.3239e-01
+1.76261e+04 -1.64610e+04 6010091 1 6.3731e-01
+1.93946e+04 -1.67315e+04 6010092 1 6.4092e-01
+2.11161e+04 -1.70162e+04 6010093 1 6.4232e-01
+2.27901e+04 -1.73122e+04 6010094 1 6.4125e-01
+2.44166e+04 -1.76169e+04 6010095 1 6.3749e-01
+2.59965e+04 -1.79279e+04 6010096 1 6.3454e-01
+2.75315e+04 -1.82428e+04 6010097 1 6.2984e-01
+2.90227e+04 -1.85594e+04 6010098 1 6.2236e-01
+3.04706e+04 -1.88760e+04 6010099 1 6.0856e-01
+3.18777e+04 -1.91911e+04 6010100 1 6.0129e-01
+3.32466e+04 -1.95030e+04 6010101 1 5.9308e-01
+3.45793e+04 -1.98102e+04 6010102 1 5.8389e-01
+3.58777e+04 -2.01117e+04 6010103 1 5.7072e-01
+3.71416e+04 -2.04069e+04 6010104 1 5.4803e-01
+3.83741e+04 -2.06947e+04 6010105 1 5.3831e-01
+3.95781e+04 -2.09743e+04 6010106 1 5.2851e-01
+4.07555e+04 -2.12451e+04 6010107 1 5.1864e-01
+4.19077e+04 -2.15066e+04 6010108 1 5.0594e-01
+4.30358e+04 -2.17586e+04 6010109 1 4.9356e-01
+4.41418e+04 -2.20008e+04 6010110 1 4.8155e-01
+4.52272e+04 -2.22328e+04 6010111 1 4.7001e-01
+4.62936e+04 -2.24547e+04 6010112 1 4.5889e-01
+4.88298e+03 -2.16948e+04 4010494 1 7.6754e-01
+6.93773e+03 -2.00312e+04 4010618 1 7.2588e-01
+6.82769e+03 -1.93857e+04 4010659 1 7.0788e-01
+8.89121e+03 -1.89331e+04 4010701 1 6.9860e-01
+6.71661e+03 -1.87312e+04 4010700 1 6.9011e-01
+8.74575e+03 -1.82515e+04 4010742 1 6.7984e-01
+1.08481e+04 -1.84822e+04 4010743 1 6.8824e-01
+6.60433e+03 -1.80670e+04 4010741 1 6.7169e-01
+1.26981e+04 -1.80196e+04 4010785 1 6.7672e-01
+2.19934e+03 -1.71955e+04 4010780 1 6.4239e-01
+6.49066e+03 -1.73928e+04 4010782 1 6.5334e-01
+3.13367e+01 -1.44353e+04 6010123 1 5.6349e-01
+2.03598e+03 -1.44534e+04 6010124 1 5.6484e-01
+4.03365e+03 -1.45020e+04 6010125 1 5.6879e-01
+6.01750e+03 -1.45820e+04 6010126 1 5.7483e-01
+7.98105e+03 -1.46921e+04 6010127 1 5.8238e-01
+9.91869e+03 -1.48302e+04 6010128 1 5.9078e-01
+1.18255e+04 -1.49942e+04 6010129 1 5.9920e-01
+1.36969e+04 -1.51819e+04 6010130 1 6.0732e-01
+1.55299e+04 -1.53906e+04 6010131 1 6.1460e-01
+1.73219e+04 -1.56178e+04 6010132 1 6.2072e-01
+1.90709e+04 -1.58607e+04 6010133 1 6.2509e-01
+2.07759e+04 -1.61165e+04 6010134 1 6.2715e-01
+2.24360e+04 -1.63829e+04 6010135 1 6.2747e-01
+2.40520e+04 -1.66575e+04 6010136 1 6.2768e-01
+2.56242e+04 -1.69381e+04 6010137 1 6.2590e-01
+2.71537e+04 -1.72224e+04 6010138 1 6.2195e-01
+2.86411e+04 -1.75087e+04 6010139 1 6.1132e-01
+3.00872e+04 -1.77953e+04 6010140 1 6.0641e-01
+3.14950e+04 -1.80807e+04 6010141 1 6.0058e-01
+3.28661e+04 -1.83634e+04 6010142 1 5.9382e-01
+3.42024e+04 -1.86422e+04 6010143 1 5.8589e-01
+3.55049e+04 -1.89160e+04 6010144 1 5.6941e-01
+3.67737e+04 -1.91843e+04 6010145 1 5.5373e-01
+3.80128e+04 -1.94461e+04 6010146 1 5.4524e-01
+3.92241e+04 -1.97005e+04 6010147 1 5.3655e-01
+4.04094e+04 -1.99471e+04 6010148 1 5.2769e-01
+4.15699e+04 -2.01853e+04 6010149 1 5.1629e-01
+4.27068e+04 -2.04151e+04 6010150 1 5.0445e-01
+4.38218e+04 -2.06359e+04 6010151 1 4.9292e-01
+4.49163e+04 -2.08477e+04 6010152 1 4.8174e-01
+4.59920e+04 -2.10503e+04 6010153 1 4.7090e-01
+2.58280e+03 -2.32885e+04 4010370 1 8.0610e-01
+5.03033e+03 -2.28789e+04 4010412 1 8.0033e-01
+4.95676e+03 -2.22909e+04 4010453 1 7.8406e-01
+4.80895e+03 -2.10906e+04 4010535 1 7.5106e-01
+4.73460e+03 -2.04776e+04 4010576 1 7.3419e-01
+9.17681e+03 -2.02707e+04 4010619 1 7.3561e-01
+4.65985e+03 -1.98558e+04 4010617 1 7.1735e-01
+9.03485e+03 -1.96060e+04 4010660 1 7.1711e-01
+2.23878e+03 -1.78500e+04 4010739 1 6.6025e-01
+1.66072e+04 -1.86166e+04 4010787 1 6.8746e-01
+3.06787e+01 -1.37173e+04 6010164 1 5.4278e-01
+1.99329e+03 -1.37334e+04 6010165 1 5.4418e-01
+3.94958e+03 -1.37763e+04 6010166 1 5.4809e-01
+5.89324e+03 -1.38471e+04 6010167 1 5.5405e-01
+7.81835e+03 -1.39445e+04 6010168 1 5.6171e-01
+9.71992e+03 -1.40669e+04 6010169 1 5.7040e-01
+1.15932e+04 -1.42126e+04 6010170 1 5.7956e-01
+1.34340e+04 -1.43794e+04 6010171 1 5.8852e-01
+1.52396e+04 -1.45651e+04 6010172 1 5.9673e-01
+1.70070e+04 -1.47674e+04 6010173 1 6.0368e-01
+1.87346e+04 -1.49838e+04 6010174 1 6.0850e-01
+2.04210e+04 -1.52121e+04 6010175 1 6.1310e-01
+2.20662e+04 -1.54502e+04 6010176 1 6.1625e-01
+2.36698e+04 -1.56960e+04 6010177 1 6.1773e-01
+2.52324e+04 -1.59472e+04 6010178 1 6.1708e-01
+2.67542e+04 -1.62022e+04 6010179 1 6.1217e-01
+2.82357e+04 -1.64592e+04 6010180 1 6.0815e-01
+2.96791e+04 -1.67167e+04 6010181 1 6.0514e-01
+3.10859e+04 -1.69734e+04 6010182 1 6.0079e-01
+3.24576e+04 -1.72279e+04 6010183 1 5.9522e-01
+3.37957e+04 -1.74790e+04 6010184 1 5.8787e-01
+3.51001e+04 -1.77260e+04 6010185 1 5.6732e-01
+3.63732e+04 -1.79681e+04 6010186 1 5.6059e-01
+3.76176e+04 -1.82044e+04 6010187 1 5.5346e-01
+3.88350e+04 -1.84343e+04 6010188 1 5.4600e-01
+4.00270e+04 -1.86572e+04 6010189 1 5.3822e-01
+4.11949e+04 -1.88727e+04 6010190 1 5.2828e-01
+4.23396e+04 -1.90806e+04 6010191 1 5.1701e-01
+4.34627e+04 -1.92805e+04 6010192 1 5.0598e-01
+4.45657e+04 -1.94724e+04 6010193 1 4.9519e-01
+4.56500e+04 -1.96559e+04 6010194 1 4.8462e-01
+4.67169e+04 -1.98311e+04 6010195 1 4.7433e-01
+3.91941e+01 -2.26630e+04 4010410 1 7.8762e-01
+7.26279e+03 -2.19176e+04 4010495 1 7.7864e-01
+7.15516e+03 -2.12967e+04 4010536 1 7.6122e-01
+9.31729e+03 -2.09278e+04 4010578 1 7.5412e-01
+1.11965e+04 -1.98809e+04 4010661 1 7.2635e-01
+1.10237e+04 -1.91853e+04 4010702 1 7.0730e-01
+1.49089e+04 -1.90651e+04 4010745 1 7.0210e-01
+1.68577e+04 -1.94081e+04 4010746 1 7.0634e-01
+1.84809e+04 -1.89560e+04 4010788 1 6.8982e-01
+3.00060e+01 -1.29835e+04 6010205 1 5.2005e-01
+1.94965e+03 -1.29977e+04 6010206 1 5.2149e-01
+3.86360e+03 -1.30353e+04 6010207 1 5.2561e-01
+5.76604e+03 -1.30976e+04 6010208 1 5.3202e-01
+7.65170e+03 -1.31833e+04 6010209 1 5.4029e-01
+9.51597e+03 -1.32910e+04 6010210 1 5.4969e-01
+1.13543e+04 -1.34193e+04 6010211 1 5.5963e-01
+1.31631e+04 -1.35662e+04 6010212 1 5.6935e-01
+1.49393e+04 -1.37299e+04 6010213 1 5.7829e-01
+1.66805e+04 -1.39084e+04 6010214 1 5.8669e-01
+1.83850e+04 -1.40998e+04 6010215 1 5.9427e-01
+2.00516e+04 -1.43021e+04 6010216 1 6.0041e-01
+2.16797e+04 -1.45132e+04 6010217 1 6.0510e-01
+2.32691e+04 -1.47312e+04 6010218 1 6.0745e-01
+2.48196e+04 -1.49544e+04 6010219 1 6.0646e-01
+2.63316e+04 -1.51812e+04 6010220 1 6.0620e-01
+2.78064e+04 -1.54100e+04 6010221 1 6.0589e-01
+2.92453e+04 -1.56396e+04 6010222 1 6.0442e-01
+3.06493e+04 -1.58685e+04 6010223 1 6.0165e-01
+3.20198e+04 -1.60957e+04 6010224 1 5.9717e-01
+3.33577e+04 -1.63201e+04 6010225 1 5.7887e-01
+3.46629e+04 -1.65411e+04 6010226 1 5.7410e-01
+3.59390e+04 -1.67577e+04 6010227 1 5.6878e-01
+3.71874e+04 -1.69693e+04 6010228 1 5.6299e-01
+3.84097e+04 -1.71753e+04 6010229 1 5.5674e-01
+3.96072e+04 -1.73752e+04 6010230 1 5.5009e-01
+4.07814e+04 -1.75685e+04 6010231 1 5.4183e-01
+4.19331e+04 -1.77551e+04 6010232 1 5.3118e-01
+4.30635e+04 -1.79346e+04 6010233 1 5.2065e-01
+4.41743e+04 -1.81070e+04 6010234 1 5.1026e-01
+4.52666e+04 -1.82719e+04 6010235 1 5.0005e-01
+4.63417e+04 -1.84294e+04 6010236 1 4.9001e-01
+7.47632e+03 -2.31373e+04 4010413 1 8.1364e-01
+9.45634e+03 -2.15777e+04 4010537 1 7.7262e-01
+7.04685e+03 -2.06680e+04 4010577 1 7.4346e-01
+1.34998e+04 -2.09212e+04 4010621 1 7.5387e-01
+1.13669e+04 -2.05693e+04 4010620 1 7.4539e-01
+1.33049e+04 -2.02050e+04 4010662 1 7.3439e-01
+2.20589e+04 -1.96956e+04 4010790 1 6.8767e-01
+2.02982e+04 -1.93171e+04 4010789 1 6.9021e-01
+1.06695e+04 -1.77708e+04 4010784 1 6.6907e-01
+4.35479e+03 -1.72703e+04 4010781 1 6.4679e-01
+2.93175e+01 -1.22332e+04 6010246 1 4.9700e-01
+1.90497e+03 -1.22455e+04 6010247 1 4.9853e-01
+3.77551e+03 -1.22783e+04 6010248 1 5.0291e-01
+5.63556e+03 -1.23325e+04 6010249 1 5.0978e-01
+7.48057e+03 -1.24070e+04 6010250 1 5.1856e-01
+9.30607e+03 -1.25007e+04 6010251 1 5.2859e-01
+1.11080e+04 -1.26125e+04 6010252 1 5.3923e-01
+1.28831e+04 -1.27407e+04 6010253 1 5.5016e-01
+1.46285e+04 -1.28839e+04 6010254 1 5.6092e-01
+1.63419e+04 -1.30402e+04 6010255 1 5.7099e-01
+1.80216e+04 -1.32079e+04 6010256 1 5.8005e-01
+1.96664e+04 -1.33853e+04 6010257 1 5.8761e-01
+2.12754e+04 -1.35706e+04 6010258 1 5.9312e-01
+2.28482e+04 -1.37622e+04 6010259 1 5.9583e-01
+2.43847e+04 -1.39587e+04 6010260 1 5.9996e-01
+2.58858e+04 -1.41585e+04 6010261 1 6.0290e-01
+2.73521e+04 -1.43604e+04 6010262 1 6.0457e-01
+2.87845e+04 -1.45631e+04 6010263 1 6.0463e-01
+3.01839e+04 -1.47654e+04 6010264 1 6.0287e-01
+3.15512e+04 -1.49663e+04 6010265 1 5.9775e-01
+3.28864e+04 -1.51650e+04 6010266 1 5.8557e-01
+3.41921e+04 -1.53607e+04 6010267 1 5.8253e-01
+3.54698e+04 -1.55528e+04 6010268 1 5.7877e-01
+3.67209e+04 -1.57405e+04 6010269 1 5.7434e-01
+3.79468e+04 -1.59234e+04 6010270 1 5.6935e-01
+3.91488e+04 -1.61009e+04 6010271 1 5.6386e-01
+4.03282e+04 -1.62727e+04 6010272 1 5.5739e-01
+4.14859e+04 -1.64385e+04 6010273 1 5.4736e-01
+4.26229e+04 -1.65982e+04 6010274 1 5.3736e-01
+4.37407e+04 -1.67515e+04 6010275 1 5.2742e-01
+4.48404e+04 -1.68983e+04 6010276 1 5.1756e-01
+4.59233e+04 -1.70385e+04 6010277 1 5.0781e-01
+3.97792e+01 -2.32272e+04 4010369 1 8.0237e-01
+1.36914e+04 -2.16320e+04 4010580 1 7.7343e-01
+1.15351e+04 -2.12513e+04 4010579 1 7.6452e-01
+1.53540e+04 -2.05729e+04 4010663 1 7.4058e-01
+1.51340e+04 -1.98216e+04 4010704 1 7.2119e-01
+2.05785e+04 -2.01726e+04 4010748 1 7.0674e-01
+2.37623e+04 -2.00879e+04 4010791 1 6.8165e-01
+1.46786e+04 -1.83030e+04 4010786 1 6.8313e-01
+2.86102e+01 -1.14644e+04 6010287 1 4.7267e-01
+1.85907e+03 -1.14750e+04 6010288 1 4.7427e-01
+3.68496e+03 -1.15032e+04 6010289 1 4.7889e-01
+5.50138e+03 -1.15499e+04 6010290 1 4.8618e-01
+7.30437e+03 -1.16141e+04 6010291 1 4.9565e-01
+9.08967e+03 -1.16950e+04 6010292 1 5.0674e-01
+1.08539e+04 -1.17915e+04 6010293 1 5.1876e-01
+1.25938e+04 -1.19023e+04 6010294 1 5.3124e-01
+1.43066e+04 -1.20261e+04 6010295 1 5.4345e-01
+1.59904e+04 -1.21614e+04 6010296 1 5.5508e-01
+1.76433e+04 -1.23067e+04 6010297 1 5.6533e-01
+1.92640e+04 -1.24604e+04 6010298 1 5.7376e-01
+2.08517e+04 -1.26213e+04 6010299 1 5.8188e-01
+2.24061e+04 -1.27879e+04 6010300 1 5.8943e-01
+2.39274e+04 -1.29590e+04 6010301 1 5.9579e-01
+2.54157e+04 -1.31332e+04 6010302 1 6.0056e-01
+2.68714e+04 -1.33094e+04 6010303 1 6.0377e-01
+2.82953e+04 -1.34863e+04 6010304 1 6.0513e-01
+2.96880e+04 -1.36631e+04 6010305 1 6.0339e-01
+3.10497e+04 -1.38388e+04 6010306 1 5.9456e-01
+3.23819e+04 -1.40129e+04 6010307 1 5.9399e-01
+3.36863e+04 -1.41844e+04 6010308 1 5.9258e-01
+3.49641e+04 -1.43528e+04 6010309 1 5.9040e-01
+3.62165e+04 -1.45175e+04 6010310 1 5.8747e-01
+3.74448e+04 -1.46781e+04 6010311 1 5.8386e-01
+3.86502e+04 -1.48340e+04 6010312 1 5.7960e-01
+3.98338e+04 -1.49850e+04 6010313 1 5.7474e-01
+4.09965e+04 -1.51308e+04 6010314 1 5.6579e-01
+4.21393e+04 -1.52712e+04 6010315 1 5.5629e-01
+4.32634e+04 -1.54061e+04 6010316 1 5.4679e-01
+4.43699e+04 -1.55353e+04 6010317 1 5.3725e-01
+4.54601e+04 -1.56588e+04 6010318 1 5.2773e-01
+4.65349e+04 -1.57764e+04 6010319 1 5.1819e-01
+7.58233e+03 -2.37369e+04 4010372 1 8.3127e-01
+9.86630e+03 -2.34886e+04 4010414 1 8.2852e-01
+9.73077e+03 -2.28577e+04 4010455 1 8.0979e-01
+7.36982e+03 -2.25310e+04 4010454 1 7.9626e-01
+9.59415e+03 -2.22209e+04 4010496 1 7.9119e-01
+1.17010e+04 -2.19273e+04 4010538 1 7.8380e-01
+1.90072e+04 -2.05985e+04 4010706 1 7.2619e-01
+1.71017e+04 -2.01951e+04 4010705 1 7.2493e-01
+1.31065e+04 -1.94832e+04 4010703 1 7.1515e-01
+2.23485e+04 -2.05850e+04 4010749 1 7.0363e-01
+1.29044e+04 -1.87549e+04 4010744 1 6.9581e-01
+2.78833e+01 -1.06766e+04 6010328 1 4.4643e-01
+1.81189e+03 -1.06857e+04 6010329 1 4.4823e-01
+3.59183e+03 -1.07096e+04 6010330 1 4.5339e-01
+5.36333e+03 -1.07493e+04 6010331 1 4.6154e-01
+7.12286e+03 -1.08039e+04 6010332 1 4.7214e-01
+8.86648e+03 -1.08728e+04 6010333 1 4.8451e-01
+1.05913e+04 -1.09549e+04 6010334 1 4.9796e-01
+1.22940e+04 -1.10493e+04 6010335 1 5.1181e-01
+1.39726e+04 -1.11548e+04 6010336 1 5.2542e-01
+1.56245e+04 -1.12703e+04 6010337 1 5.3826e-01
+1.72485e+04 -1.13944e+04 6010338 1 5.5122e-01
+1.88432e+04 -1.15261e+04 6010339 1 5.6323e-01
+2.04080e+04 -1.16642e+04 6010340 1 5.7428e-01
+2.19425e+04 -1.18073e+04 6010341 1 5.8398e-01
+2.34463e+04 -1.19543e+04 6010342 1 5.9219e-01
+2.49195e+04 -1.21042e+04 6010343 1 5.9878e-01
+2.63627e+04 -1.22558e+04 6010344 1 6.0330e-01
+2.77759e+04 -1.24083e+04 6010345 1 6.0446e-01
+2.91594e+04 -1.25608e+04 6010346 1 6.0070e-01
+3.05143e+04 -1.27126e+04 6010347 1 6.0308e-01
+3.18421e+04 -1.28630e+04 6010348 1 6.0447e-01
+3.31438e+04 -1.30114e+04 6010349 1 6.0490e-01
+3.44202e+04 -1.31572e+04 6010350 1 6.0430e-01
+3.56726e+04 -1.32999e+04 6010351 1 6.0284e-01
+3.69021e+04 -1.34390e+04 6010352 1 6.0056e-01
+3.81096e+04 -1.35743e+04 6010353 1 5.9752e-01
+3.92963e+04 -1.37053e+04 6010354 1 5.9376e-01
+4.04632e+04 -1.38318e+04 6010355 1 5.8656e-01
+4.16109e+04 -1.39537e+04 6010356 1 5.7761e-01
+4.27406e+04 -1.40708e+04 6010357 1 5.6850e-01
+4.38534e+04 -1.41831e+04 6010358 1 5.5933e-01
+4.49503e+04 -1.42903e+04 6010359 1 5.5006e-01
+4.60324e+04 -1.43925e+04 6010360 1 5.4071e-01
+1.20266e+04 -2.32632e+04 4010456 1 8.2274e-01
+1.59861e+04 -2.28023e+04 4010540 1 7.9955e-01
+1.18648e+04 -2.25978e+04 4010497 1 8.0316e-01
+1.55692e+04 -2.13197e+04 4010622 1 7.5981e-01
+1.73394e+04 -2.09784e+04 4010664 1 7.4400e-01
+2.26267e+04 -2.14738e+04 4010708 1 7.1914e-01
+3.14769e+04 -2.21383e+04 4010796 1 6.3050e-01
+3.00343e+04 -2.17258e+04 4010795 1 6.4223e-01
+2.54101e+04 -2.04902e+04 4010792 1 6.7578e-01
+2.71342e+01 -9.86771e+03 6010369 1 4.1984e-01
+1.76327e+03 -9.87528e+03 6010370 1 4.2184e-01
+3.49577e+03 -9.89530e+03 6010371 1 4.2755e-01
+5.22084e+03 -9.92846e+03 6010372 1 4.3654e-01
+6.93522e+03 -9.97406e+03 6010373 1 4.4819e-01
+8.63550e+03 -1.00316e+04 6010374 1 4.6168e-01
+1.03189e+04 -1.01004e+04 6010375 1 4.7660e-01
+1.19828e+04 -1.01796e+04 6010376 1 4.9231e-01
+1.36249e+04 -1.02683e+04 6010377 1 5.0841e-01
+1.52434e+04 -1.03655e+04 6010378 1 5.2428e-01
+1.68366e+04 -1.04702e+04 6010379 1 5.3962e-01
+1.84037e+04 -1.05813e+04 6010380 1 5.5409e-01
+1.99434e+04 -1.06979e+04 6010381 1 5.6726e-01
+2.14555e+04 -1.08188e+04 6010382 1 5.7903e-01
+2.29396e+04 -1.09432e+04 6010383 1 5.8904e-01
+2.43957e+04 -1.10701e+04 6010384 1 5.9664e-01
+2.58236e+04 -1.11985e+04 6010385 1 6.0063e-01
+2.72237e+04 -1.13279e+04 6010386 1 6.0380e-01
+2.85968e+04 -1.14575e+04 6010387 1 6.0948e-01
+2.99438e+04 -1.15866e+04 6010388 1 6.1388e-01
+3.12655e+04 -1.17146e+04 6010389 1 6.1716e-01
+3.25627e+04 -1.18410e+04 6010390 1 6.1934e-01
+3.38362e+04 -1.19653e+04 6010391 1 6.2047e-01
+3.50872e+04 -1.20870e+04 6010392 1 6.2059e-01
+3.63164e+04 -1.22058e+04 6010393 1 6.1976e-01
+3.75250e+04 -1.23212e+04 6010394 1 6.1801e-01
+3.87138e+04 -1.24331e+04 6010395 1 6.1540e-01
+3.98838e+04 -1.25412e+04 6010396 1 6.1021e-01
+4.10356e+04 -1.26454e+04 6010397 1 6.0173e-01
+4.21702e+04 -1.27456e+04 6010398 1 5.9303e-01
+4.32887e+04 -1.28416e+04 6010399 1 5.8414e-01
+4.43919e+04 -1.29333e+04 6010400 1 5.7511e-01
+4.54809e+04 -1.30208e+04 6010401 1 5.6589e-01
+4.65565e+04 -1.31039e+04 6010402 1 5.5654e-01
+1.40650e+04 -2.30401e+04 4010498 1 8.1308e-01
+1.38798e+04 -2.23381e+04 4010539 1 7.9310e-01
+1.57799e+04 -2.20627e+04 4010581 1 7.7972e-01
+1.75707e+04 -2.17586e+04 4010623 1 7.6323e-01
+2.08491e+04 -2.10264e+04 4010707 1 7.2418e-01
+2.57097e+04 -2.14488e+04 4010751 1 6.8761e-01
+2.40588e+04 -2.10117e+04 4010750 1 6.9739e-01
+1.87482e+04 -1.97788e+04 4010747 1 7.0783e-01
+2.63597e+01 -9.03527e+03 6010410 1 3.9040e-01
+1.71299e+03 -9.04148e+03 6010411 1 3.9263e-01
+3.39641e+03 -9.05801e+03 6010412 1 3.9904e-01
+5.07340e+03 -9.08519e+03 6010413 1 4.0918e-01
+6.74088e+03 -9.12278e+03 6010414 1 4.2247e-01
+8.39618e+03 -9.17016e+03 6010415 1 4.3810e-01
+1.00365e+04 -9.22690e+03 6010416 1 4.5541e-01
+1.16597e+04 -9.29219e+03 6010417 1 4.7369e-01
+1.32635e+04 -9.36540e+03 6010418 1 4.9230e-01
+1.48463e+04 -9.44567e+03 6010419 1 5.1078e-01
+1.64068e+04 -9.53220e+03 6010420 1 5.2849e-01
+1.79435e+04 -9.62413e+03 6010421 1 5.4519e-01
+1.94560e+04 -9.72062e+03 6010422 1 5.6048e-01
+2.09434e+04 -9.82085e+03 6010423 1 5.7375e-01
+2.24052e+04 -9.92398e+03 6010424 1 5.8444e-01
+2.38414e+04 -1.00293e+04 6010425 1 5.9281e-01
+2.52521e+04 -1.01362e+04 6010426 1 6.0341e-01
+2.66378e+04 -1.02440e+04 6010427 1 6.1262e-01
+2.79990e+04 -1.03520e+04 6010428 1 6.2054e-01
+2.93360e+04 -1.04598e+04 6010429 1 6.2717e-01
+3.06498e+04 -1.05668e+04 6010430 1 6.3252e-01
+3.19408e+04 -1.06725e+04 6010431 1 6.3663e-01
+3.32099e+04 -1.07765e+04 6010432 1 6.3948e-01
+3.44579e+04 -1.08784e+04 6010433 1 6.4115e-01
+3.56857e+04 -1.09778e+04 6010434 1 6.4172e-01
+3.68940e+04 -1.10746e+04 6010435 1 6.4124e-01
+3.80838e+04 -1.11684e+04 6010436 1 6.3978e-01
+3.92560e+04 -1.12590e+04 6010437 1 6.3688e-01
+4.04111e+04 -1.13464e+04 6010438 1 6.2885e-01
+4.15499e+04 -1.14304e+04 6010439 1 6.2049e-01
+4.26734e+04 -1.15110e+04 6010440 1 6.1188e-01
+4.37825e+04 -1.15880e+04 6010441 1 6.0304e-01
+4.48780e+04 -1.16614e+04 6010442 1 5.9397e-01
+4.59609e+04 -1.17312e+04 6010443 1 5.8468e-01
+2.16034e+04 -2.35829e+04 4010584 1 7.7726e-01
+1.97375e+04 -2.30453e+04 4010583 1 7.8200e-01
+2.28939e+04 -2.23626e+04 4010667 1 7.3566e-01
+2.55592e+01 -8.17838e+03 6010451 1 3.5877e-01
+1.66102e+03 -8.18337e+03 6010452 1 3.6140e-01
+3.29367e+03 -8.19669e+03 6010453 1 3.6892e-01
+4.92084e+03 -8.21845e+03 6010454 1 3.8081e-01
+6.53968e+03 -8.24867e+03 6010455 1 3.9624e-01
+8.14800e+03 -8.28673e+03 6010456 1 4.1433e-01
+9.74324e+03 -8.33233e+03 6010457 1 4.3421e-01
+1.13235e+04 -8.38487e+03 6010458 1 4.5514e-01
+1.28869e+04 -8.44377e+03 6010459 1 4.7629e-01
+1.44317e+04 -8.50844e+03 6010460 1 4.9713e-01
+1.59568e+04 -8.57819e+03 6010461 1 5.1711e-01
+1.74611e+04 -8.65235e+03 6010462 1 5.3555e-01
+1.89434e+04 -8.73025e+03 6010463 1 5.5189e-01
+2.04034e+04 -8.81128e+03 6010464 1 5.6848e-01
+2.18408e+04 -8.89488e+03 6010465 1 5.8453e-01
+2.32554e+04 -8.98044e+03 6010466 1 5.9917e-01
+2.46472e+04 -9.06738e+03 6010467 1 6.1242e-01
+2.60165e+04 -9.15515e+03 6010468 1 6.2423e-01
+2.73636e+04 -9.24323e+03 6010469 1 6.3459e-01
+2.86888e+04 -9.33115e+03 6010470 1 6.4343e-01
+2.99927e+04 -9.41847e+03 6010471 1 6.5081e-01
+3.12758e+04 -9.50479e+03 6010472 1 6.5678e-01
+3.25388e+04 -9.58976e+03 6010473 1 6.6141e-01
+3.37823e+04 -9.67307e+03 6010474 1 6.6472e-01
+3.50072e+04 -9.75444e+03 6010475 1 6.6678e-01
+3.62141e+04 -9.83363e+03 6010476 1 6.6763e-01
+3.74038e+04 -9.91044e+03 6010477 1 6.6735e-01
+3.85771e+04 -9.98471e+03 6010478 1 6.6598e-01
+3.97346e+04 -1.00563e+04 6010479 1 6.5949e-01
+4.08769e+04 -1.01252e+04 6010480 1 6.5141e-01
+4.20049e+04 -1.01912e+04 6010481 1 6.4302e-01
+4.31194e+04 -1.02543e+04 6010482 1 6.3430e-01
+4.42212e+04 -1.03145e+04 6010483 1 6.2530e-01
+4.53110e+04 -1.03717e+04 6010484 1 6.1603e-01
+4.63897e+04 -1.04260e+04 6010485 1 6.0647e-01
+1.42472e+04 -2.37384e+04 4010457 1 8.3304e-01
+2.13611e+04 -2.27309e+04 4010625 1 7.5918e-01
+2.73039e+04 -2.18927e+04 4010752 1 6.7855e-01
+2.47293e+01 -7.29385e+03 6010492 1 3.2639e-01
+1.60714e+03 -7.29772e+03 6010493 1 3.2947e-01
+3.18710e+03 -7.30811e+03 6010494 1 3.3824e-01
+4.76245e+03 -7.32499e+03 6010495 1 3.5198e-01
+6.33065e+03 -7.34847e+03 6010496 1 3.6964e-01
+7.88973e+03 -7.37810e+03 6010497 1 3.9021e-01
+9.43777e+03 -7.41352e+03 6010498 1 4.1262e-01
+1.09727e+04 -7.45443e+03 6010499 1 4.3589e-01
+1.24931e+04 -7.50032e+03 6010500 1 4.5929e-01
+1.39975e+04 -7.55074e+03 6010501 1 4.8319e-01
+1.54847e+04 -7.60528e+03 6010502 1 5.0672e-01
+1.69538e+04 -7.66342e+03 6010503 1 5.2954e-01
+1.84040e+04 -7.72464e+03 6010504 1 5.5131e-01
+1.98347e+04 -7.78845e+03 6010505 1 5.7180e-01
+2.12455e+04 -7.85435e+03 6010506 1 5.9091e-01
+2.26363e+04 -7.92186e+03 6010507 1 6.0854e-01
+2.40069e+04 -7.99052e+03 6010508 1 6.2462e-01
+2.53576e+04 -8.05989e+03 6010509 1 6.3899e-01
+2.66883e+04 -8.12956e+03 6010510 1 6.5174e-01
+2.79995e+04 -8.19916e+03 6010511 1 6.6288e-01
+2.92915e+04 -8.26833e+03 6010512 1 6.7242e-01
+3.05648e+04 -8.33676e+03 6010513 1 6.8040e-01
+3.18199e+04 -8.40417e+03 6010514 1 6.8686e-01
+3.30575e+04 -8.47030e+03 6010515 1 6.9184e-01
+3.42780e+04 -8.53493e+03 6010516 1 6.9540e-01
+3.54822e+04 -8.59786e+03 6010517 1 6.9757e-01
+3.66707e+04 -8.65892e+03 6010518 1 6.9846e-01
+3.78441e+04 -8.71798e+03 6010519 1 6.9811e-01
+3.90031e+04 -8.77491e+03 6010520 1 6.9408e-01
+4.01483e+04 -8.82968e+03 6010521 1 6.8622e-01
+4.12802e+04 -8.88222e+03 6010522 1 6.7797e-01
+4.23997e+04 -8.93246e+03 6010523 1 6.6934e-01
+4.35074e+04 -8.98037e+03 6010524 1 6.6035e-01
+4.46041e+04 -9.02591e+03 6010525 1 6.5104e-01
+4.56904e+04 -9.06908e+03 6010526 1 6.4142e-01
+4.67670e+04 -9.10989e+03 6010527 1 6.3145e-01
+1.77961e+04 -2.25362e+04 4010582 1 7.8224e-01
+1.95018e+04 -2.22311e+04 4010624 1 7.6312e-01
+1.92582e+04 -2.14157e+04 4010665 1 7.4422e-01
+3.03297e+04 -2.27881e+04 4010754 1 6.4864e-01
+3.28745e+04 -2.25471e+04 4010797 1 6.1417e-01
+2.38653e+01 -6.37743e+03 6010533 1 2.9131e-01
+1.55103e+03 -6.38031e+03 6010534 1 2.9490e-01
+3.07613e+03 -6.38810e+03 6010535 1 3.0513e-01
+4.59737e+03 -6.40073e+03 6010536 1 3.2113e-01
+6.11270e+03 -6.41826e+03 6010537 1 3.4167e-01
+7.62028e+03 -6.44049e+03 6010538 1 3.6559e-01
+9.11860e+03 -6.46708e+03 6010539 1 3.9180e-01
+1.06061e+04 -6.49782e+03 6010540 1 4.1926e-01
+1.20811e+04 -6.53240e+03 6010541 1 4.4728e-01
+1.35427e+04 -6.57046e+03 6010542 1 4.7526e-01
+1.49899e+04 -6.61163e+03 6010543 1 5.0269e-01
+1.64215e+04 -6.65557e+03 6010544 1 5.2916e-01
+1.78370e+04 -6.70189e+03 6010545 1 5.5446e-01
+1.92357e+04 -6.75021e+03 6010546 1 5.7837e-01
+2.06175e+04 -6.80016e+03 6010547 1 6.0072e-01
+2.19819e+04 -6.85137e+03 6010548 1 6.2132e-01
+2.33288e+04 -6.90350e+03 6010549 1 6.4020e-01
+2.46582e+04 -6.95622e+03 6010550 1 6.5730e-01
+2.59703e+04 -7.00921e+03 6010551 1 6.7261e-01
+2.72652e+04 -7.06219e+03 6010552 1 6.8612e-01
+2.85433e+04 -7.11489e+03 6010553 1 6.9787e-01
+2.98049e+04 -7.16706e+03 6010554 1 7.0784e-01
+3.10504e+04 -7.21848e+03 6010555 1 7.1610e-01
+3.22803e+04 -7.26896e+03 6010556 1 7.2273e-01
+3.34949e+04 -7.31831e+03 6010557 1 7.2778e-01
+3.46950e+04 -7.36639e+03 6010558 1 7.3132e-01
+3.58811e+04 -7.41307e+03 6010559 1 7.3340e-01
+3.70536e+04 -7.45822e+03 6010560 1 7.3410e-01
+3.82132e+04 -7.50177e+03 6010561 1 7.3325e-01
+3.93604e+04 -7.54366e+03 6010562 1 7.2546e-01
+4.04957e+04 -7.58385e+03 6010563 1 7.1722e-01
+4.16198e+04 -7.62229e+03 6010564 1 7.0856e-01
+4.27332e+04 -7.65895e+03 6010565 1 6.9951e-01
+4.38366e+04 -7.69381e+03 6010566 1 6.9009e-01
+4.49306e+04 -7.72685e+03 6010567 1 6.8030e-01
+4.60157e+04 -7.75808e+03 6010568 1 6.7014e-01
+2.85445e+04 -2.13118e+04 4010794 1 6.5255e-01
+2.29668e+01 -5.42715e+03 6010574 1 2.5008e-01
+1.49269e+03 -5.42919e+03 6010575 1 2.5473e-01
+2.96071e+03 -5.43476e+03 6010576 1 2.6780e-01
+4.42556e+03 -5.44379e+03 6010577 1 2.8789e-01
+5.88574e+03 -5.45624e+03 6010578 1 3.1321e-01
+7.33957e+03 -5.47207e+03 6010579 1 3.4212e-01
+8.78577e+03 -5.49107e+03 6010580 1 3.7325e-01
+1.02231e+04 -5.51301e+03 6010581 1 4.0556e-01
+1.16505e+04 -5.53769e+03 6010582 1 4.3815e-01
+1.30667e+04 -5.56490e+03 6010583 1 4.7043e-01
+1.44708e+04 -5.59437e+03 6010584 1 5.0195e-01
+1.58622e+04 -5.62583e+03 6010585 1 5.3236e-01
+1.72403e+04 -5.65903e+03 6010586 1 5.6135e-01
+1.86044e+04 -5.69369e+03 6010587 1 5.8869e-01
+1.99542e+04 -5.72956e+03 6010588 1 6.1429e-01
+2.12894e+04 -5.76637e+03 6010589 1 6.3804e-01
+2.26099e+04 -5.80387e+03 6010590 1 6.5987e-01
+2.39156e+04 -5.84184e+03 6010591 1 6.7974e-01
+2.52066e+04 -5.88003e+03 6010592 1 6.9762e-01
+2.64830e+04 -5.91825e+03 6010593 1 7.1350e-01
+2.77449e+04 -5.95629e+03 6010594 1 7.2744e-01
+2.89927e+04 -5.99397e+03 6010595 1 7.3946e-01
+3.02266e+04 -6.03114e+03 6010596 1 7.4961e-01
+3.14470e+04 -6.06765e+03 6010597 1 7.5796e-01
+3.26542e+04 -6.10337e+03 6010598 1 7.6455e-01
+3.38488e+04 -6.13819e+03 6010599 1 7.6946e-01
+3.50312e+04 -6.17200e+03 6010600 1 7.7274e-01
+3.62018e+04 -6.20473e+03 6010601 1 7.7448e-01
+3.73611e+04 -6.23630e+03 6010602 1 7.7475e-01
+3.85096e+04 -6.26666e+03 6010603 1 7.7002e-01
+3.96477e+04 -6.29579e+03 6010604 1 7.6165e-01
+4.07759e+04 -6.32366e+03 6010605 1 7.5285e-01
+4.18947e+04 -6.35025e+03 6010606 1 7.4360e-01
+4.30047e+04 -6.37553e+03 6010607 1 7.3398e-01
+4.41065e+04 -6.39949e+03 6010608 1 7.2395e-01
+4.52004e+04 -6.42213e+03 6010609 1 7.1350e-01
+4.62870e+04 -6.44347e+03 6010610 1 7.0263e-01
+1.61880e+04 -2.35392e+04 4010499 1 8.1957e-01
+1.80155e+04 -2.33119e+04 4010541 1 8.0234e-01
+2.43415e+04 -2.19361e+04 4010709 1 7.1244e-01
+3.68154e+04 -2.37371e+04 4010800 1 5.6803e-01
+3.42269e+04 -2.29513e+04 4010798 1 5.9439e-01
+2.70037e+04 -2.08991e+04 4010793 1 6.6720e-01
+2.20315e+01 -4.43923e+03 6010615 1 2.0565e-01
+1.43194e+03 -4.44056e+03 6010616 1 2.1189e-01
+2.84051e+03 -4.44423e+03 6010617 1 2.2911e-01
+4.24659e+03 -4.45020e+03 6010618 1 2.5477e-01
+5.64901e+03 -4.45841e+03 6010619 1 2.8615e-01
+7.04660e+03 -4.46882e+03 6010620 1 3.2103e-01
+8.43815e+03 -4.48134e+03 6010621 1 3.5780e-01
+9.82268e+03 -4.49582e+03 6010622 1 3.9533e-01
+1.11993e+04 -4.51213e+03 6010623 1 4.3281e-01
+1.25673e+04 -4.53010e+03 6010624 1 4.6968e-01
+1.39258e+04 -4.54958e+03 6010625 1 5.0543e-01
+1.52740e+04 -4.57041e+03 6010626 1 5.3978e-01
+1.66115e+04 -4.59241e+03 6010627 1 5.7250e-01
+1.79379e+04 -4.61540e+03 6010628 1 6.0341e-01
+1.92529e+04 -4.63922e+03 6010629 1 6.3238e-01
+2.05561e+04 -4.66368e+03 6010630 1 6.5930e-01
+2.18474e+04 -4.68863e+03 6010631 1 6.8409e-01
+2.31267e+04 -4.71390e+03 6010632 1 7.0672e-01
+2.43939e+04 -4.73936e+03 6010633 1 7.2720e-01
+2.56491e+04 -4.76484e+03 6010634 1 7.4554e-01
+2.68925e+04 -4.79024e+03 6010635 1 7.6174e-01
+2.81243e+04 -4.81541e+03 6010636 1 7.7586e-01
+2.93445e+04 -4.84026e+03 6010637 1 7.8793e-01
+3.05536e+04 -4.86469e+03 6010638 1 7.9801e-01
+3.17518e+04 -4.88860e+03 6010639 1 8.0616e-01
+3.29394e+04 -4.91191e+03 6010640 1 8.1246e-01
+3.41168e+04 -4.93457e+03 6010641 1 8.1695e-01
+3.52843e+04 -4.95651e+03 6010642 1 8.1974e-01
+3.64424e+04 -4.97768e+03 6010643 1 8.2088e-01
+3.75914e+04 -4.99803e+03 6010644 1 8.2047e-01
+3.87317e+04 -5.01756e+03 6010645 1 8.1251e-01
+3.98636e+04 -5.03625e+03 6010646 1 8.0339e-01
+4.09877e+04 -5.05408e+03 6010647 1 7.9383e-01
+4.21043e+04 -5.07103e+03 6010648 1 7.8383e-01
+4.32138e+04 -5.08710e+03 6010649 1 7.7341e-01
+4.43168e+04 -5.10229e+03 6010650 1 7.6256e-01
+4.54135e+04 -5.11659e+03 6010651 1 7.5126e-01
+4.65045e+04 -5.13002e+03 6010652 1 7.3946e-01
+3.31569e+04 -2.36762e+04 4010756 1 6.2153e-01
+2.88436e+04 -2.23399e+04 4010753 1 6.6580e-01
+2.10554e+01 -3.40824e+03 6010656 1 1.5756e-01
+1.36853e+03 -3.40900e+03 6010657 1 1.6649e-01
+2.71504e+03 -3.41114e+03 6010658 1 1.9013e-01
+4.05970e+03 -3.41461e+03 6010659 1 2.2349e-01
+5.40165e+03 -3.41941e+03 6010660 1 2.6237e-01
+6.74008e+03 -3.42546e+03 6010661 1 3.0410e-01
+8.07417e+03 -3.43273e+03 6010662 1 3.4701e-01
+9.40308e+03 -3.44117e+03 6010663 1 3.9004e-01
+1.07261e+04 -3.45067e+03 6010664 1 4.3250e-01
+1.20427e+04 -3.46117e+03 6010665 1 4.7391e-01
+1.33521e+04 -3.47255e+03 6010666 1 5.1393e-01
+1.46541e+04 -3.48473e+03 6010667 1 5.5228e-01
+1.59481e+04 -3.49760e+03 6010668 1 5.8878e-01
+1.72337e+04 -3.51106e+03 6010669 1 6.2323e-01
+1.85107e+04 -3.52503e+03 6010670 1 6.5553e-01
+1.97787e+04 -3.53938e+03 6010671 1 6.8560e-01
+2.10378e+04 -3.55404e+03 6010672 1 7.1338e-01
+2.22876e+04 -3.56891e+03 6010673 1 7.3885e-01
+2.35283e+04 -3.58389e+03 6010674 1 7.6199e-01
+2.47598e+04 -3.59891e+03 6010675 1 7.8281e-01
+2.59822e+04 -3.61389e+03 6010676 1 8.0132e-01
+2.71955e+04 -3.62875e+03 6010677 1 8.1756e-01
+2.84000e+04 -3.64343e+03 6010678 1 8.3158e-01
+2.95958e+04 -3.65787e+03 6010679 1 8.4343e-01
+3.07831e+04 -3.67201e+03 6010680 1 8.5316e-01
+3.19621e+04 -3.68581e+03 6010681 1 8.6086e-01
+3.31332e+04 -3.69923e+03 6010682 1 8.6658e-01
+3.42965e+04 -3.71223e+03 6010683 1 8.7040e-01
+3.54523e+04 -3.72477e+03 6010684 1 8.7242e-01
+3.66010e+04 -3.73685e+03 6010685 1 8.7270e-01
+3.77429e+04 -3.74842e+03 6010686 1 8.7133e-01
+3.88782e+04 -3.75949e+03 6010687 1 8.6266e-01
+4.00072e+04 -3.77005e+03 6010688 1 8.5250e-01
+4.11303e+04 -3.78009e+03 6010689 1 8.4193e-01
+4.22479e+04 -3.78962e+03 6010690 1 8.3089e-01
+4.33602e+04 -3.79861e+03 6010691 1 8.1939e-01
+4.44675e+04 -3.80709e+03 6010692 1 8.0739e-01
+4.55702e+04 -3.81504e+03 6010693 1 7.9484e-01
+4.66686e+04 -3.82248e+03 6010694 1 7.8181e-01
+2.31496e+04 -2.32521e+04 4010626 1 7.5283e-01
+2.00344e+01 -2.32748e+03 6010697 1 1.0530e-01
+1.30220e+03 -2.32783e+03 6010698 1 1.1957e-01
+2.58373e+03 -2.32881e+03 6010699 1 1.5379e-01
+3.86406e+03 -2.33043e+03 6010700 1 1.9743e-01
+5.14261e+03 -2.33266e+03 6010701 1 2.4494e-01
+6.41884e+03 -2.33547e+03 6010702 1 2.9382e-01
+7.69223e+03 -2.33886e+03 6010703 1 3.4282e-01
+8.96226e+03 -2.34277e+03 6010704 1 3.9120e-01
+1.02285e+04 -2.34719e+03 6010705 1 4.3850e-01
+1.14905e+04 -2.35207e+03 6010706 1 4.8435e-01
+1.27478e+04 -2.35737e+03 6010707 1 5.2849e-01
+1.40001e+04 -2.36305e+03 6010708 1 5.7071e-01
+1.52470e+04 -2.36906e+03 6010709 1 6.1085e-01
+1.64884e+04 -2.37535e+03 6010710 1 6.4877e-01
+1.77240e+04 -2.38189e+03 6010711 1 6.8439e-01
+1.89537e+04 -2.38861e+03 6010712 1 7.1762e-01
+2.01772e+04 -2.39549e+03 6010713 1 7.4841e-01
+2.13946e+04 -2.40247e+03 6010714 1 7.7672e-01
+2.26057e+04 -2.40951e+03 6010715 1 8.0255e-01
+2.38106e+04 -2.41657e+03 6010716 1 8.2588e-01
+2.50093e+04 -2.42363e+03 6010717 1 8.4674e-01
+2.62018e+04 -2.43063e+03 6010718 1 8.6515e-01
+2.73881e+04 -2.43756e+03 6010719 1 8.8115e-01
+2.85685e+04 -2.44437e+03 6010720 1 8.9480e-01
+2.97430e+04 -2.45106e+03 6010721 1 9.0615e-01
+3.09117e+04 -2.45758e+03 6010722 1 9.1526e-01
+3.20749e+04 -2.46393e+03 6010723 1 9.2222e-01
+3.32327e+04 -2.47009e+03 6010724 1 9.2710e-01
+3.43853e+04 -2.47603e+03 6010725 1 9.2998e-01
+3.55329e+04 -2.48175e+03 6010726 1 9.3094e-01
+3.66757e+04 -2.48723e+03 6010727 1 9.3008e-01
+3.78139e+04 -2.49248e+03 6010728 1 9.2748e-01
+3.89477e+04 -2.49748e+03 6010729 1 9.2323e-01
+4.00774e+04 -2.50222e+03 6010730 1 9.1478e-01
+4.12031e+04 -2.50672e+03 6010731 1 9.0261e-01
+4.23251e+04 -2.51098e+03 6010732 1 8.8992e-01
+4.34437e+04 -2.51498e+03 6010733 1 8.7665e-01
+4.45589e+04 -2.51874e+03 6010734 1 8.6283e-01
+4.56711e+04 -2.52225e+03 6010735 1 8.4844e-01
+4.67805e+04 -2.52553e+03 6010736 1 8.3345e-01
+2.59946e+04 -2.24090e+04 4010710 1 7.0118e-01
+2.75873e+04 -2.28889e+04 4010711 1 6.8925e-01
+2.11098e+04 -2.18789e+04 4010666 1 7.4192e-01
+2.46111e+04 -2.28618e+04 4010668 1 7.2686e-01
+1.89635e+01 -1.18860e+03 6010738 1 4.8440e-02
+1.23261e+03 -1.18870e+03 6010739 1 7.6823e-02
+2.44596e+03 -1.18896e+03 6010740 1 1.2758e-01
+3.65873e+03 -1.18940e+03 6010741 1 1.8246e-01
+4.87062e+03 -1.19000e+03 6010742 1 2.3804e-01
+6.08139e+03 -1.19076e+03 6010743 1 2.9324e-01
+7.29075e+03 -1.19168e+03 6010744 1 3.4755e-01
+8.49847e+03 -1.19274e+03 6010745 1 4.0062e-01
+9.70432e+03 -1.19393e+03 6010746 1 4.5219e-01
+1.09081e+04 -1.19526e+03 6010747 1 5.0204e-01
+1.21095e+04 -1.19670e+03 6010748 1 5.4997e-01
+1.33085e+04 -1.19824e+03 6010749 1 5.9583e-01
+1.45049e+04 -1.19987e+03 6010750 1 6.3947e-01
+1.56985e+04 -1.20159e+03 6010751 1 6.8077e-01
+1.68892e+04 -1.20337e+03 6010752 1 7.1964e-01
+1.80769e+04 -1.20521e+03 6010753 1 7.5600e-01
+1.92616e+04 -1.20709e+03 6010754 1 7.8979e-01
+2.04432e+04 -1.20900e+03 6010755 1 8.2096e-01
+2.16215e+04 -1.21093e+03 6010756 1 8.4950e-01
+2.27968e+04 -1.21287e+03 6010757 1 8.7539e-01
+2.39688e+04 -1.21481e+03 6010758 1 8.9864e-01
+2.51377e+04 -1.21674e+03 6010759 1 9.1927e-01
+2.63034e+04 -1.21865e+03 6010760 1 9.3731e-01
+2.74661e+04 -1.22053e+03 6010761 1 9.5281e-01
+2.86257e+04 -1.22238e+03 6010762 1 9.6582e-01
+2.97823e+04 -1.22418e+03 6010763 1 9.7640e-01
+3.09361e+04 -1.22594e+03 6010764 1 9.8462e-01
+3.20870e+04 -1.22764e+03 6010765 1 9.9057e-01
+3.32352e+04 -1.22929e+03 6010766 1 9.9432e-01
+3.43808e+04 -1.23088e+03 6010767 1 9.9596e-01
+3.55239e+04 -1.23240e+03 6010768 1 9.9558e-01
+3.66646e+04 -1.23386e+03 6010769 1 9.9327e-01
+3.78030e+04 -1.23524e+03 6010770 1 9.8913e-01
+3.89392e+04 -1.23656e+03 6010771 1 9.8324e-01
+4.00734e+04 -1.23781e+03 6010772 1 9.7572e-01
+4.12056e+04 -1.23899e+03 6010773 1 9.6664e-01
+4.23360e+04 -1.24010e+03 6010774 1 9.5612e-01
+4.34646e+04 -1.24114e+03 6010775 1 9.4423e-01
+4.45916e+04 -1.24211e+03 6010776 1 9.3107e-01
+4.57171e+04 -1.24302e+03 6010777 1 9.1674e-01
+4.68413e+04 -1.24385e+03 6010778 1 9.0131e-01
+3.55396e+04 -2.33484e+04 4010799 1 5.8142e-01
+3.17663e+04 -2.32344e+04 4010755 1 6.3591e-01
+2.91234e+04 -2.33718e+04 4010712 1 6.7642e-01
+2.62640e+04 -2.33716e+04 4010669 1 7.1631e-01
