+2.54854e+01 -5.07586e+04 2010000 1 4.4243e-01
+1.65407e+03 -5.08356e+04 2010001 1 4.5170e-01
+3.26495e+03 -5.10461e+04 2010002 1 4.6518e-01
+4.84177e+03 -5.13876e+04 2010003 1 4.8718e-01
+6.36830e+03 -5.18559e+04 2010004 1 5.1094e-01
+7.83152e+03 -5.24389e+04 2010005 1 5.3007e-01
+9.22104e+03 -5.31244e+04 2010006 1 5.4581e-01
+1.05291e+04 -5.38994e+04 2010007 1 5.5464e-01
+1.17517e+04 -5.47501e+04 2010008 1 5.5574e-01
+1.28871e+04 -5.56627e+04 2010009 1 5.4979e-01
+1.39363e+04 -5.66245e+04 2010010 1 5.3555e-01
+1.49025e+04 -5.76234e+04 2010011 1 5.1645e-01
+1.57902e+04 -5.86487e+04 2010012 1 4.9110e-01
+1.66056e+04 -5.96913e+04 2010013 1 4.6207e-01
+1.73550e+04 -6.07430e+04 2010014 1 4.3245e-01
+1.80456e+04 -6.17955e+04 2010015 1 4.0047e-01
+1.86863e+04 -6.28451e+04 2010016 1 3.6570e-01
+1.92839e+04 -6.38842e+04 2010017 1 3.4119e-01
+1.98473e+04 -6.49114e+04 2010018 1 3.0078e-01
+2.03842e+04 -6.59260e+04 2010019 1 3.0254e-01
+2.09011e+04 -6.69123e+04 2010020 1 2.7126e-01
+2.14073e+04 -6.78829e+04 2010021 1 2.6415e-01
+2.19086e+04 -6.88279e+04 2010022 1 2.6903e-01
+2.24135e+04 -6.97492e+04 2010023 1 2.9319e-01
+2.29251e+04 -7.06397e+04 2010024 1 3.0831e-01
+2.34543e+04 -7.15050e+04 2010025 1 3.5991e-01
+2.40005e+04 -7.23345e+04 2010026 1 3.7711e-01
+2.45762e+04 -7.31371e+04 2010027 1 4.1008e-01
+4.60110e+04 -6.66704e+04 2010491 1 3.9330e-01
+4.66877e+04 -6.53068e+04 2010532 1 3.6869e-01
+4.64040e+04 -6.36808e+04 2010572 1 3.3528e-01
+4.40259e+04 -7.35746e+04 3010235 1 5.4799e-01
+4.33514e+04 -5.14204e+04 4010032 1 2.5352e-01
+4.38746e+04 -7.21417e+04 3010273 1 5.1561e-01
+4.24174e+04 -5.10001e+04 4010031 1 2.5813e-01
+4.42802e+04 -5.18186e+04 4010033 1 2.5135e-01
+4.47058e+04 -7.08607e+04 3010312 1 4.8675e-01
+4.48815e+04 -7.23222e+04 3010274 1 5.2151e-01
+4.50736e+04 -7.37258e+04 3010236 1 5.5103e-01
+4.52056e+04 -5.21948e+04 4010034 1 2.5024e-01
+4.59102e+04 -7.24768e+04 3010275 1 5.2531e-01
+4.61288e+04 -5.25491e+04 4010035 1 2.4996e-01
+4.30016e+04 -7.33968e+04 3010234 1 5.4299e-01
+2.66891e+01 -4.99010e+04 2010041 1 4.5562e-01
+1.73223e+03 -4.99807e+04 2010042 1 4.6551e-01
+3.41933e+03 -5.01956e+04 2010043 1 4.8014e-01
+5.07047e+03 -5.05464e+04 2010044 1 5.0720e-01
+6.66945e+03 -5.10258e+04 2010045 1 5.3199e-01
+8.20311e+03 -5.16218e+04 2010046 1 5.5526e-01
+9.66029e+03 -5.23227e+04 2010047 1 5.7233e-01
+1.10335e+04 -5.31144e+04 2010048 1 5.8200e-01
+1.23185e+04 -5.39824e+04 2010049 1 5.8222e-01
+1.35139e+04 -5.49129e+04 2010050 1 5.7390e-01
+1.46205e+04 -5.58925e+04 2010051 1 5.5887e-01
+1.56413e+04 -5.69090e+04 2010052 1 5.3610e-01
+1.65811e+04 -5.79513e+04 2010053 1 5.0735e-01
+1.74460e+04 -5.90096e+04 2010054 1 4.7394e-01
+1.82425e+04 -6.00749e+04 2010055 1 4.3928e-01
+1.89787e+04 -6.11402e+04 2010056 1 3.9896e-01
+1.96624e+04 -6.22001e+04 2010057 1 3.6191e-01
+2.03006e+04 -6.32469e+04 2010058 1 3.2621e-01
+2.09027e+04 -6.42800e+04 2010059 1 2.8645e-01
+2.14758e+04 -6.52916e+04 2010060 1 2.6776e-01
+2.20283e+04 -6.62805e+04 2010061 1 2.3016e-01
+2.25676e+04 -6.72500e+04 2010062 1 2.2503e-01
+2.30984e+04 -6.81876e+04 2010063 1 2.2772e-01
+2.36303e+04 -6.90968e+04 2010064 1 2.4230e-01
+2.41700e+04 -6.99770e+04 2010065 1 2.6547e-01
+2.47198e+04 -7.08232e+04 2010066 1 3.1383e-01
+2.52879e+04 -7.16371e+04 2010067 1 3.4145e-01
+2.58803e+04 -7.24181e+04 2010068 1 3.7946e-01
+2.64976e+04 -7.31604e+04 2010069 1 4.3627e-01
+4.67097e+04 -7.12030e+04 3010314 1 4.9836e-01
+4.62447e+04 -6.82324e+04 3010390 1 4.2495e-01
+4.54957e+04 -6.95566e+04 3010351 1 4.5626e-01
+4.36423e+04 -5.00206e+04 4010073 1 2.5338e-01
+4.14770e+04 -5.05574e+04 4010030 1 2.6464e-01
+4.55190e+04 -5.07782e+04 4010075 1 2.4743e-01
+4.64517e+04 -5.11257e+04 4010076 1 2.4642e-01
+3.95698e+04 -4.96059e+04 4010028 1 2.8258e-01
+3.83508e+04 -5.04385e+04 2010806 1 2.9321e-01
+4.05284e+04 -5.00926e+04 4010029 1 2.7239e-01
+4.45830e+04 -5.04099e+04 4010074 1 2.4954e-01
+2.06618e+04 -7.23639e+04 10804 1 4.9676e-01
+1.77569e+04 -6.96467e+04 10760 1 6.0049e-01
+2.01730e+04 -7.14613e+04 10803 1 4.8590e-01
+2.76431e+01 -4.90778e+04 2010082 1 4.6794e-01
+1.79422e+03 -4.91584e+04 2010083 1 4.7705e-01
+3.31451e+04 -4.87663e+04 2010760 1 3.9857e-01
+3.54223e+03 -4.93744e+04 2010084 1 4.9523e-01
+5.25330e+03 -4.97286e+04 2010085 1 5.2315e-01
+6.91190e+03 -5.02110e+04 2010086 1 5.4951e-01
+8.50416e+03 -5.08116e+04 2010087 1 5.7551e-01
+1.00191e+04 -5.15175e+04 2010088 1 5.9373e-01
+1.14497e+04 -5.23144e+04 2010089 1 6.0366e-01
+1.27910e+04 -5.31882e+04 2010090 1 6.0522e-01
+1.40414e+04 -5.41249e+04 2010091 1 5.9727e-01
+1.52019e+04 -5.51109e+04 2010092 1 5.7979e-01
+1.62755e+04 -5.61336e+04 2010093 1 5.5539e-01
+1.72667e+04 -5.71819e+04 2010094 1 5.2596e-01
+1.81811e+04 -5.82454e+04 2010095 1 4.9077e-01
+1.90260e+04 -5.93157e+04 2010096 1 4.5074e-01
+1.98087e+04 -6.03854e+04 2010097 1 4.0903e-01
+2.05369e+04 -6.14473e+04 2010098 1 3.6925e-01
+2.12188e+04 -6.24964e+04 2010099 1 3.2225e-01
+2.18625e+04 -6.35296e+04 2010100 1 2.8537e-01
+2.24746e+04 -6.45387e+04 2010101 1 2.5222e-01
+2.30634e+04 -6.55267e+04 2010102 1 2.1767e-01
+2.36368e+04 -6.64865e+04 2010103 1 2.0582e-01
+2.42032e+04 -6.74157e+04 2010104 1 2.0085e-01
+2.47630e+04 -6.83148e+04 2010105 1 2.1568e-01
+2.53314e+04 -6.91848e+04 2010106 1 2.4164e-01
+2.59040e+04 -7.00167e+04 2010107 1 2.8148e-01
+2.64941e+04 -7.08149e+04 2010108 1 3.1174e-01
+2.71046e+04 -7.15783e+04 2010109 1 3.4955e-01
+2.77364e+04 -7.23013e+04 2010110 1 4.0186e-01
+2.83949e+04 -7.29865e+04 2010111 1 4.2985e-01
+2.90848e+04 -7.36328e+04 2010112 1 4.5810e-01
+4.64746e+04 -6.97439e+04 3010352 1 4.6397e-01
+3.85997e+04 -4.90977e+04 4010027 1 2.9661e-01
+4.56976e+04 -7.10444e+04 3010313 1 4.9370e-01
+4.26956e+04 -4.96102e+04 4010072 1 2.5929e-01
+3.41718e+04 -4.94096e+04 2010761 1 3.6893e-01
+1.86561e+04 -7.15400e+04 10762 1 6.1373e-01
+1.82001e+04 -7.05988e+04 10761 1 6.0469e-01
+4.48535e+04 -4.90023e+04 4010115 1 2.4901e-01
+5.39932e+03 -4.89278e+04 2010126 1 5.3479e-01
+1.51087e+04 -7.35343e+04 10641 0 4.9739e-01
+7.10693e+03 -4.94078e+04 2010127 1 5.6456e-01
+8.74811e+03 -5.00059e+04 2010128 1 5.9081e-01
+1.03130e+04 -5.07086e+04 2010129 1 6.1057e-01
+1.17934e+04 -5.15024e+04 2010130 1 6.2229e-01
+1.31850e+04 -5.23732e+04 2010131 1 6.2446e-01
+1.44859e+04 -5.33068e+04 2010132 1 6.1781e-01
+1.56967e+04 -5.42899e+04 2010133 1 6.0209e-01
+1.68203e+04 -5.53100e+04 2010134 1 5.7795e-01
+1.78612e+04 -5.63557e+04 2010135 1 5.4632e-01
+1.88251e+04 -5.74169e+04 2010136 1 5.0987e-01
+1.97184e+04 -5.84848e+04 2010137 1 4.7071e-01
+2.05480e+04 -5.95512e+04 2010138 1 4.3016e-01
+2.13217e+04 -6.06098e+04 2010139 1 3.8406e-01
+2.20475e+04 -6.16557e+04 2010140 1 3.3915e-01
+2.27330e+04 -6.26824e+04 2010141 1 2.9745e-01
+2.33869e+04 -6.36880e+04 2010142 1 2.5320e-01
+2.40145e+04 -6.46698e+04 2010143 1 2.2801e-01
+2.46226e+04 -6.56181e+04 2010144 1 2.0065e-01
+2.52236e+04 -6.65428e+04 2010145 1 1.9108e-01
+2.58136e+04 -6.74328e+04 2010146 1 1.9872e-01
+2.64108e+04 -6.82875e+04 2010147 1 2.1808e-01
+2.70095e+04 -6.91057e+04 2010148 1 2.4844e-01
+2.76223e+04 -6.98898e+04 2010149 1 2.8192e-01
+2.82520e+04 -7.06380e+04 2010150 1 3.2003e-01
+2.88993e+04 -7.13456e+04 2010151 1 3.6827e-01
+2.95702e+04 -7.20146e+04 2010152 1 3.9735e-01
+3.02687e+04 -7.26446e+04 2010153 1 4.2555e-01
+3.09971e+04 -7.32347e+04 2010154 1 4.5464e-01
+1.64695e+04 -7.32294e+04 10682 0 6.0605e-01
+1.34624e+04 -7.34005e+04 10599 0 4.7388e-01
+4.17414e+04 -4.91787e+04 4010071 1 2.6654e-01
+4.58001e+04 -4.93623e+04 4010116 1 2.4546e-01
+4.67424e+04 -4.97025e+04 4010117 1 2.4324e-01
+3.63992e+04 -4.93282e+04 2010804 1 3.3201e-01
+2.11757e+04 -7.32452e+04 10805 1 5.2608e-01
+1.91316e+04 -7.24688e+04 10763 1 6.2296e-01
+1.70642e+04 -7.13999e+04 10721 1 6.8829e-01
+3.73831e+04 -4.98939e+04 2010805 1 3.1283e-01
+1.50773e+04 -7.03950e+04 10679 0 5.7989e-01
+1.66165e+04 -7.04459e+04 10720 1 6.7968e-01
+1.96326e+04 -7.33812e+04 10764 1 6.3088e-01
+1.80225e+04 -7.32937e+04 10723 1 7.0351e-01
+1.29845e+04 -7.25199e+04 10598 0 4.8507e-01
+1.46198e+04 -7.26076e+04 10640 0 4.9769e-01
+1.15453e+04 -7.29811e+04 10556 0 5.4253e-01
+9.83946e+03 -7.32497e+04 10513 0 6.5983e-01
+8.94539e+03 -4.92033e+04 2010169 1 6.0047e-01
+1.05528e+04 -4.98969e+04 2010170 1 6.2078e-01
+1.20769e+04 -5.06812e+04 2010171 1 6.3367e-01
+1.35133e+04 -5.15420e+04 2010172 1 6.3686e-01
+1.48604e+04 -5.24656e+04 2010173 1 6.3039e-01
+1.61184e+04 -5.34388e+04 2010174 1 6.1664e-01
+1.72894e+04 -5.44492e+04 2010175 1 5.9437e-01
+1.83777e+04 -5.54856e+04 2010176 1 5.6507e-01
+1.93888e+04 -5.65377e+04 2010177 1 5.2947e-01
+2.03290e+04 -5.75966e+04 2010178 1 4.8790e-01
+2.12055e+04 -5.86547e+04 2010179 1 4.4380e-01
+2.20251e+04 -5.97054e+04 2010180 1 4.0045e-01
+2.27950e+04 -6.07422e+04 2010181 1 3.5815e-01
+2.35229e+04 -6.17607e+04 2010182 1 3.1156e-01
+2.42169e+04 -6.27578e+04 2010183 1 2.6819e-01
+2.48856e+04 -6.37280e+04 2010184 1 2.3737e-01
+2.55298e+04 -6.46696e+04 2010185 1 2.0978e-01
+2.61635e+04 -6.55833e+04 2010186 1 1.9093e-01
+2.67884e+04 -6.64582e+04 2010187 1 1.9205e-01
+2.74137e+04 -6.73037e+04 2010188 1 2.1116e-01
+2.80379e+04 -6.81120e+04 2010189 1 2.3210e-01
+2.86737e+04 -6.88843e+04 2010190 1 2.5921e-01
+2.93233e+04 -6.96179e+04 2010191 1 2.8484e-01
+2.99879e+04 -7.03110e+04 2010192 1 3.2995e-01
+3.06725e+04 -7.09658e+04 2010193 1 3.6087e-01
+3.13812e+04 -7.15820e+04 2010194 1 3.9026e-01
+3.21160e+04 -7.21585e+04 2010195 1 4.2032e-01
+3.28786e+04 -7.26958e+04 2010196 1 4.4806e-01
+3.36706e+04 -7.31930e+04 2010197 1 4.7413e-01
+3.44931e+04 -7.36508e+04 2010198 1 4.9948e-01
+7.89946e+03 -7.36021e+04 10469 0 8.0759e-01
+1.55217e+04 -7.13354e+04 10680 0 5.8634e-01
+1.75308e+04 -7.23503e+04 10722 1 6.9681e-01
+1.59836e+04 -7.22813e+04 10681 0 6.0058e-01
+1.25242e+04 -7.16517e+04 10597 0 4.9683e-01
+1.06349e+04 -7.13938e+04 10554 0 5.7496e-01
+1.10842e+04 -7.21776e+04 10555 0 5.5879e-01
+9.38737e+03 -7.25419e+04 10512 0 6.7832e-01
+8.94297e+03 -7.18556e+04 10511 0 6.9432e-01
+7.46169e+03 -7.30222e+04 10468 0 8.2200e-01
+1.07474e+04 -4.90834e+04 2010211 1 6.3202e-01
+1.23097e+04 -4.98531e+04 2010212 1 6.4505e-01
+1.37865e+04 -5.06986e+04 2010213 1 6.4985e-01
+1.51752e+04 -5.16066e+04 2010214 1 6.4509e-01
+1.64762e+04 -5.25643e+04 2010215 1 6.3101e-01
+1.76918e+04 -5.35594e+04 2010216 1 6.0968e-01
+1.88254e+04 -5.45810e+04 2010217 1 5.8166e-01
+1.98821e+04 -5.56190e+04 2010218 1 5.4737e-01
+2.08679e+04 -5.66644e+04 2010219 1 5.0842e-01
+2.17893e+04 -5.77094e+04 2010220 1 4.6592e-01
+2.26536e+04 -5.87469e+04 2010221 1 4.1851e-01
+2.34679e+04 -5.97718e+04 2010222 1 3.7501e-01
+2.42383e+04 -6.07790e+04 2010223 1 3.3277e-01
+2.49723e+04 -6.17629e+04 2010224 1 2.8909e-01
+2.56797e+04 -6.27224e+04 2010225 1 2.4426e-01
+2.63624e+04 -6.36539e+04 2010226 1 2.2570e-01
+2.70296e+04 -6.45512e+04 2010227 1 1.9817e-01
+2.76876e+04 -6.54187e+04 2010228 1 1.9873e-01
+2.83417e+04 -6.62533e+04 2010229 1 1.9968e-01
+2.89939e+04 -6.70455e+04 2010230 1 2.1102e-01
+2.96544e+04 -6.78049e+04 2010231 1 2.4007e-01
+3.03245e+04 -6.85271e+04 2010232 1 2.7052e-01
+3.10060e+04 -6.92100e+04 2010233 1 3.0975e-01
+3.17045e+04 -6.98541e+04 2010234 1 3.3693e-01
+3.24240e+04 -7.04589e+04 2010235 1 3.6373e-01
+3.31664e+04 -7.10244e+04 2010236 1 3.9108e-01
+3.39335e+04 -7.15509e+04 2010237 1 4.1446e-01
+3.47268e+04 -7.20379e+04 2010238 1 4.3820e-01
+3.55472e+04 -7.24867e+04 2010239 1 4.6417e-01
+3.63957e+04 -7.28979e+04 2010240 1 4.8702e-01
+3.72728e+04 -7.32716e+04 2010241 1 5.0769e-01
+3.81788e+04 -7.36093e+04 2010242 1 5.2665e-01
+4.94187e+03 -7.35801e+04 10422 0 9.6941e-01
+7.02904e+03 -7.24676e+04 10467 0 8.3629e-01
+6.59952e+03 -7.19391e+04 10466 0 8.4834e-01
+1.41540e+04 -7.16889e+04 10639 0 4.9725e-01
+1.20769e+04 -7.07993e+04 10596 0 5.0522e-01
+1.01925e+04 -7.06300e+04 10553 0 5.9031e-01
+8.50415e+03 -7.11940e+04 10510 0 7.0944e-01
+8.06801e+03 -7.05580e+04 10509 0 7.2389e-01
+4.52857e+03 -7.32139e+04 10421 0 9.7805e-01
+1.24996e+04 -4.90199e+04 2010253 1 6.5435e-01
+1.40120e+04 -4.98460e+04 2010254 1 6.5967e-01
+1.54385e+04 -5.07343e+04 2010255 1 6.5682e-01
+1.67790e+04 -5.16721e+04 2010256 1 6.4497e-01
+1.80358e+04 -5.26477e+04 2010257 1 6.2476e-01
+1.92121e+04 -5.36501e+04 2010258 1 5.9763e-01
+2.03123e+04 -5.46695e+04 2010259 1 5.6572e-01
+2.13418e+04 -5.56972e+04 2010260 1 5.2847e-01
+2.23069e+04 -5.67253e+04 2010261 1 4.8699e-01
+2.32143e+04 -5.77470e+04 2010262 1 4.4238e-01
+2.40715e+04 -5.87564e+04 2010263 1 3.9558e-01
+2.48843e+04 -5.97482e+04 2010264 1 3.5629e-01
+2.56582e+04 -6.07188e+04 2010265 1 3.1322e-01
+2.64032e+04 -6.16645e+04 2010266 1 2.7052e-01
+2.71246e+04 -6.25812e+04 2010267 1 2.4497e-01
+2.78252e+04 -6.34677e+04 2010268 1 2.1707e-01
+2.85162e+04 -6.43232e+04 2010269 1 2.0467e-01
+2.92002e+04 -6.51409e+04 2010270 1 1.9683e-01
+2.98794e+04 -6.59247e+04 2010271 1 2.1235e-01
+3.05636e+04 -6.66744e+04 2010272 1 2.2855e-01
+3.12554e+04 -6.73834e+04 2010273 1 2.4169e-01
+3.19561e+04 -6.80536e+04 2010274 1 2.7604e-01
+3.26704e+04 -6.86864e+04 2010275 1 3.0378e-01
+3.34022e+04 -6.92813e+04 2010276 1 3.3320e-01
+3.41533e+04 -6.98382e+04 2010277 1 3.6183e-01
+3.49259e+04 -7.03565e+04 2010278 1 3.8802e-01
+3.57214e+04 -7.08363e+04 2010279 1 4.1373e-01
+3.65412e+04 -7.12787e+04 2010280 1 4.3839e-01
+3.73862e+04 -7.16841e+04 2010281 1 4.5954e-01
+3.82570e+04 -7.20531e+04 2010282 1 4.7947e-01
+3.91540e+04 -7.23871e+04 2010283 1 4.9790e-01
+4.00772e+04 -7.26872e+04 2010284 1 5.1395e-01
+4.10265e+04 -7.29546e+04 2010285 1 5.2654e-01
+4.20015e+04 -7.31906e+04 2010286 1 5.3585e-01
+1.37050e+04 -7.07800e+04 10638 0 5.0190e-01
+1.16380e+04 -6.99655e+04 10595 0 5.1703e-01
+9.75430e+03 -6.98899e+04 10552 0 6.0226e-01
+7.63235e+03 -6.99490e+04 10508 0 7.3539e-01
+5.74504e+03 -7.09685e+04 10464 0 8.7096e-01
+6.17212e+03 -7.14395e+04 10465 0 8.5982e-01
+4.11699e+03 -7.28773e+04 10420 0 9.8586e-01
+3.70647e+03 -7.25709e+04 10419 0 9.9323e-01
+1.41964e+04 -4.89870e+04 2010295 1 6.6743e-01
+1.56569e+04 -4.98523e+04 2010296 1 6.6540e-01
+1.70339e+04 -5.07669e+04 2010297 1 6.5592e-01
+1.83288e+04 -5.17195e+04 2010298 1 6.3820e-01
+1.95446e+04 -5.26995e+04 2010299 1 6.1282e-01
+2.06858e+04 -5.36971e+04 2010300 1 5.8136e-01
+2.17572e+04 -5.47037e+04 2010301 1 5.4699e-01
+2.27642e+04 -5.57116e+04 2010302 1 5.0826e-01
+2.37132e+04 -5.67141e+04 2010303 1 4.6526e-01
+2.46112e+04 -5.77053e+04 2010304 1 4.1889e-01
+2.54657e+04 -5.86804e+04 2010305 1 3.7726e-01
+2.62791e+04 -5.96344e+04 2010306 1 3.3931e-01
+2.70611e+04 -6.05638e+04 2010307 1 2.9364e-01
+2.78198e+04 -6.14671e+04 2010308 1 2.6681e-01
+2.85543e+04 -6.23392e+04 2010309 1 2.3337e-01
+2.92779e+04 -6.31793e+04 2010310 1 2.2077e-01
+2.99910e+04 -6.39869e+04 2010311 1 2.0743e-01
+3.06978e+04 -6.47591e+04 2010312 1 2.0324e-01
+3.14076e+04 -6.54931e+04 2010313 1 2.1659e-01
+3.21209e+04 -6.61925e+04 2010314 1 2.3690e-01
+3.28398e+04 -6.68550e+04 2010315 1 2.5720e-01
+3.35698e+04 -6.74788e+04 2010316 1 2.7756e-01
+3.43151e+04 -6.80635e+04 2010317 1 2.9843e-01
+3.50769e+04 -6.86110e+04 2010318 1 3.2602e-01
+3.58569e+04 -6.91213e+04 2010319 1 3.5358e-01
+3.66567e+04 -6.95948e+04 2010320 1 3.8076e-01
+3.74777e+04 -7.00319e+04 2010321 1 4.0514e-01
+3.83211e+04 -7.04330e+04 2010322 1 4.2754e-01
+3.91875e+04 -7.07989e+04 2010323 1 4.4865e-01
+4.00775e+04 -7.11308e+04 2010324 1 4.6801e-01
+4.09913e+04 -7.14299e+04 2010325 1 4.8422e-01
+4.19289e+04 -7.16971e+04 2010326 1 4.9733e-01
+4.28902e+04 -7.19339e+04 2010327 1 5.0758e-01
+1.32673e+04 -6.98844e+04 10637 0 5.0118e-01
+1.12026e+04 -6.91509e+04 10594 0 5.2471e-01
+9.31703e+03 -6.91749e+04 10551 0 6.1622e-01
+8.87743e+03 -6.84854e+04 10550 0 6.2563e-01
+6.75585e+03 -6.88198e+04 10506 0 7.5784e-01
+7.19572e+03 -6.93699e+04 10507 0 7.4698e-01
+5.31742e+03 -7.05280e+04 10463 0 8.7940e-01
+2.88618e+03 -7.20490e+04 10417 0 1.0046e+00
+3.29618e+03 -7.22937e+04 10418 0 9.9942e-01
+1.58362e+04 -4.89634e+04 2010337 1 6.7144e-01
+1.72464e+04 -4.98523e+04 2010338 1 6.6289e-01
+1.85764e+04 -5.07793e+04 2010339 1 6.4753e-01
+1.98291e+04 -5.17340e+04 2010340 1 6.2479e-01
+2.10084e+04 -5.27072e+04 2010341 1 5.9542e-01
+2.21192e+04 -5.36901e+04 2010342 1 5.6101e-01
+2.31665e+04 -5.46755e+04 2010343 1 5.2546e-01
+2.41556e+04 -5.56566e+04 2010344 1 4.8624e-01
+2.50930e+04 -5.66272e+04 2010345 1 4.4326e-01
+2.59863e+04 -5.75826e+04 2010346 1 3.9515e-01
+2.68391e+04 -5.85188e+04 2010347 1 3.6189e-01
+2.76576e+04 -5.94316e+04 2010348 1 3.1929e-01
+2.84523e+04 -6.03178e+04 2010349 1 2.8845e-01
+2.92204e+04 -6.11747e+04 2010350 1 2.5588e-01
+2.99758e+04 -6.20018e+04 2010351 1 2.4099e-01
+3.07184e+04 -6.27948e+04 2010352 1 2.1481e-01
+3.14530e+04 -6.35531e+04 2010353 1 2.1539e-01
+3.21870e+04 -6.42784e+04 2010354 1 2.2245e-01
+3.29223e+04 -6.49675e+04 2010355 1 2.1818e-01
+3.36616e+04 -6.56166e+04 2010356 1 2.3417e-01
+3.44088e+04 -6.62308e+04 2010357 1 2.5844e-01
+3.51674e+04 -6.68094e+04 2010358 1 2.8197e-01
+3.59396e+04 -6.73508e+04 2010359 1 3.0469e-01
+3.67275e+04 -6.78553e+04 2010360 1 3.2616e-01
+3.75331e+04 -6.83226e+04 2010361 1 3.4435e-01
+3.83574e+04 -6.87543e+04 2010362 1 3.6912e-01
+3.92011e+04 -6.91515e+04 2010363 1 3.9276e-01
+4.00652e+04 -6.95149e+04 2010364 1 4.1503e-01
+4.09504e+04 -6.98454e+04 2010365 1 4.3459e-01
+4.18569e+04 -7.01441e+04 2010366 1 4.5164e-01
+4.27851e+04 -7.04119e+04 2010367 1 4.6609e-01
+4.37349e+04 -7.06503e+04 2010368 1 4.7751e-01
+1.57505e+04 -6.85368e+04 10718 0 6.6118e-01
+1.37861e+04 -6.76298e+04 10676 0 5.5879e-01
+1.28359e+04 -6.90050e+04 10636 0 5.0364e-01
+1.03286e+04 -6.75923e+04 10592 0 5.4481e-01
+1.07676e+04 -6.83598e+04 10593 0 5.3244e-01
+7.98354e+03 -6.71950e+04 10548 0 6.4804e-01
+8.43394e+03 -6.78260e+04 10549 0 6.3552e-01
+6.31207e+03 -6.83024e+04 10505 0 7.6532e-01
+5.86305e+03 -6.78180e+04 10504 0 7.7500e-01
+4.45738e+03 -6.97424e+04 10461 0 8.9570e-01
+4.02391e+03 -6.93998e+04 10460 0 9.0176e-01
+4.88860e+03 -7.01198e+04 10462 0 8.8825e-01
+2.47598e+03 -7.18360e+04 10416 0 1.0094e+00
+2.06524e+03 -7.16535e+04 10415 0 1.0132e+00
+1.65429e+03 -7.15058e+04 10414 0 1.0164e+00
+1.74213e+04 -4.89312e+04 2010379 1 6.6738e-01
+1.87836e+04 -4.98304e+04 2010380 1 6.5328e-01
+2.00705e+04 -5.07579e+04 2010381 1 6.3346e-01
+2.12855e+04 -5.17045e+04 2010382 1 6.0714e-01
+2.24329e+04 -5.26618e+04 2010383 1 5.7488e-01
+2.35182e+04 -5.36224e+04 2010384 1 5.3956e-01
+2.45458e+04 -5.45800e+04 2010385 1 5.0336e-01
+2.55211e+04 -5.55287e+04 2010386 1 4.6312e-01
+2.64515e+04 -5.64631e+04 2010387 1 4.1863e-01
+2.73423e+04 -5.73791e+04 2010388 1 3.8544e-01
+2.81963e+04 -5.82730e+04 2010389 1 3.4289e-01
+2.90258e+04 -5.91423e+04 2010390 1 3.1103e-01
+2.98270e+04 -5.99834e+04 2010391 1 2.7853e-01
+3.06138e+04 -6.07941e+04 2010392 1 2.5848e-01
+3.13855e+04 -6.15736e+04 2010393 1 2.3516e-01
+3.21472e+04 -6.23205e+04 2010394 1 2.3051e-01
+3.29064e+04 -6.30319e+04 2010395 1 2.2428e-01
+3.36643e+04 -6.37086e+04 2010396 1 2.2801e-01
+3.44228e+04 -6.43508e+04 2010397 1 2.3449e-01
+3.51869e+04 -6.49574e+04 2010398 1 2.4317e-01
+3.59609e+04 -6.55254e+04 2010399 1 2.5683e-01
+3.67456e+04 -6.60588e+04 2010400 1 2.8054e-01
+3.75429e+04 -6.65578e+04 2010401 1 3.0372e-01
+3.83547e+04 -6.70215e+04 2010402 1 3.2552e-01
+3.91824e+04 -6.74505e+04 2010403 1 3.4652e-01
+4.00274e+04 -6.78456e+04 2010404 1 3.6602e-01
+4.08908e+04 -6.82069e+04 2010405 1 3.7928e-01
+4.17732e+04 -6.85359e+04 2010406 1 3.9947e-01
+4.26747e+04 -6.88343e+04 2010407 1 4.1787e-01
+4.35956e+04 -6.91031e+04 2010408 1 4.3360e-01
+4.45360e+04 -6.93435e+04 2010409 1 4.4639e-01
+1.46435e+04 -6.94613e+04 10678 0 5.7036e-01
+1.24049e+04 -6.81417e+04 10635 0 5.0569e-01
+1.19708e+04 -6.72997e+04 10634 0 5.0453e-01
+9.88265e+03 -6.68505e+04 10591 0 5.4574e-01
+7.52509e+03 -6.65964e+04 10547 0 6.5039e-01
+5.40772e+03 -6.73662e+04 10503 0 7.7988e-01
+3.58759e+03 -6.90911e+04 10459 0 9.0822e-01
+3.14810e+03 -6.88157e+04 10458 0 9.1251e-01
+1.89547e+04 -4.88759e+04 2010421 1 6.5660e-01
+2.02732e+04 -4.97746e+04 2010422 1 6.3870e-01
+2.15215e+04 -5.06930e+04 2010423 1 6.1543e-01
+2.27034e+04 -5.16230e+04 2010424 1 5.8641e-01
+2.38239e+04 -5.25574e+04 2010425 1 5.5171e-01
+2.48880e+04 -5.34897e+04 2010426 1 5.1801e-01
+2.58996e+04 -5.44145e+04 2010427 1 4.8060e-01
+2.68656e+04 -5.53265e+04 2010428 1 4.3808e-01
+2.77928e+04 -5.62215e+04 2010429 1 4.0462e-01
+2.86812e+04 -5.70959e+04 2010430 1 3.6528e-01
+2.95441e+04 -5.79459e+04 2010431 1 3.3029e-01
+3.03778e+04 -5.87698e+04 2010432 1 2.9950e-01
+3.11951e+04 -5.95654e+04 2010433 1 2.7891e-01
+3.19953e+04 -6.03299e+04 2010434 1 2.5029e-01
+3.27843e+04 -6.10621e+04 2010435 1 2.4326e-01
+3.35679e+04 -6.17623e+04 2010436 1 2.4036e-01
+3.43480e+04 -6.24291e+04 2010437 1 2.3684e-01
+3.51271e+04 -6.30593e+04 2010438 1 2.3088e-01
+3.59094e+04 -6.36556e+04 2010439 1 2.4298e-01
+3.66979e+04 -6.42183e+04 2010440 1 2.5811e-01
+3.74948e+04 -6.47466e+04 2010441 1 2.6964e-01
+3.83028e+04 -6.52385e+04 2010442 1 2.7844e-01
+3.91229e+04 -6.56963e+04 2010443 1 2.9973e-01
+3.99563e+04 -6.61215e+04 2010444 1 3.2147e-01
+4.08043e+04 -6.65143e+04 2010445 1 3.4054e-01
+4.16680e+04 -6.68750e+04 2010446 1 3.5935e-01
+4.25483e+04 -6.72045e+04 2010447 1 3.7707e-01
+4.34458e+04 -6.75041e+04 2010448 1 3.9295e-01
+4.43609e+04 -6.77745e+04 2010449 1 4.0426e-01
+4.52940e+04 -6.80166e+04 2010450 1 4.1379e-01
+2.31894e+04 -7.37085e+04 10847 1 4.5683e-01
+1.61809e+04 -6.94905e+04 10719 0 6.7191e-01
+1.42153e+04 -6.85394e+04 10677 0 5.6053e-01
+1.15285e+04 -6.64790e+04 10633 0 5.1207e-01
+9.42731e+03 -6.61380e+04 10590 0 5.5508e-01
+8.95897e+03 -6.54527e+04 10589 0 5.5785e-01
+7.05704e+03 -6.60313e+04 10546 0 6.6142e-01
+6.57775e+03 -6.54989e+04 10545 0 6.6153e-01
+6.08751e+03 -6.50055e+04 10544 0 6.6978e-01
+4.47752e+03 -6.65713e+04 10501 0 7.9173e-01
+4.94626e+03 -6.69519e+04 10502 0 7.8686e-01
+4.00229e+03 -6.62304e+04 10500 0 7.9546e-01
+2.04412e+04 -4.87867e+04 2010463 1 6.4105e-01
+2.17204e+04 -4.96757e+04 2010464 1 6.2057e-01
+2.29344e+04 -5.05773e+04 2010465 1 5.9426e-01
+2.40880e+04 -5.14842e+04 2010466 1 5.6269e-01
+2.51862e+04 -5.23901e+04 2010467 1 5.2892e-01
+2.62325e+04 -5.32897e+04 2010468 1 4.9556e-01
+2.72324e+04 -5.41780e+04 2010469 1 4.5563e-01
+2.81939e+04 -5.50503e+04 2010470 1 4.1998e-01
+2.91156e+04 -5.59040e+04 2010471 1 3.8379e-01
+3.00108e+04 -5.67348e+04 2010472 1 3.4692e-01
+3.08759e+04 -5.75406e+04 2010473 1 3.1878e-01
+3.17230e+04 -5.83187e+04 2010474 1 2.9567e-01
+3.25513e+04 -5.90681e+04 2010475 1 2.6868e-01
+3.33667e+04 -5.97871e+04 2010476 1 2.5828e-01
+3.41749e+04 -6.04738e+04 2010477 1 2.4873e-01
+3.49775e+04 -6.11279e+04 2010478 1 2.4399e-01
+3.57765e+04 -6.17495e+04 2010479 1 2.4102e-01
+3.65765e+04 -6.23378e+04 2010480 1 2.4590e-01
+3.73813e+04 -6.28909e+04 2010481 1 2.5062e-01
+3.81920e+04 -6.34110e+04 2010482 1 2.6446e-01
+3.90106e+04 -6.38988e+04 2010483 1 2.7919e-01
+3.98387e+04 -6.43540e+04 2010484 1 2.9274e-01
+4.06784e+04 -6.47758e+04 2010485 1 2.9845e-01
+4.15313e+04 -6.51648e+04 2010486 1 3.1699e-01
+4.23974e+04 -6.55236e+04 2010487 1 3.3533e-01
+4.32778e+04 -6.58528e+04 2010488 1 3.5211e-01
+4.41732e+04 -6.61530e+04 2010489 1 3.6743e-01
+4.50841e+04 -6.64252e+04 2010490 1 3.8137e-01
+2.26306e+04 -7.28814e+04 10846 1 4.3688e-01
+1.33502e+04 -6.67340e+04 10675 0 5.4305e-01
+1.29036e+04 -6.58573e+04 10674 0 5.4042e-01
+1.06050e+04 -6.49107e+04 10631 0 5.1029e-01
+1.10740e+04 -6.56807e+04 10632 0 5.0568e-01
+1.01163e+04 -6.41645e+04 10630 0 5.0691e-01
+8.47710e+03 -6.48021e+04 10588 0 5.6196e-01
+7.46301e+03 -6.35997e+04 10586 0 5.6625e-01
+7.97835e+03 -6.41815e+04 10587 0 5.7410e-01
+5.58454e+03 -6.45456e+04 10543 0 6.7003e-01
+5.07019e+03 -6.41292e+04 10542 0 6.7485e-01
+3.03162e+03 -6.56610e+04 10498 0 8.0103e-01
+1.81340e+03 -6.82078e+04 10455 0 9.2269e-01
+2.70600e+03 -6.85781e+04 10457 0 9.1688e-01
+1.24281e+03 -7.13895e+04 10413 0 1.0190e+00
+8.30854e+02 -7.13049e+04 10412 0 1.0207e+00
+2.31296e+04 -4.95271e+04 2010506 1 5.9852e-01
+2.43141e+04 -5.04056e+04 2010507 1 5.6988e-01
+2.54440e+04 -5.12842e+04 2010508 1 5.3587e-01
+2.65231e+04 -5.21577e+04 2010509 1 5.0619e-01
+2.75554e+04 -5.30214e+04 2010510 1 4.6973e-01
+2.85492e+04 -5.38702e+04 2010511 1 4.2763e-01
+2.95031e+04 -5.47019e+04 2010512 1 4.0038e-01
+3.04289e+04 -5.55121e+04 2010513 1 3.5832e-01
+3.13246e+04 -5.62993e+04 2010514 1 3.3569e-01
+3.22006e+04 -5.70602e+04 2010515 1 3.1126e-01
+3.30563e+04 -5.77932e+04 2010516 1 2.8240e-01
+3.38978e+04 -5.84971e+04 2010517 1 2.7096e-01
+3.47300e+04 -5.91711e+04 2010518 1 2.6170e-01
+3.55546e+04 -5.98138e+04 2010519 1 2.5202e-01
+3.63741e+04 -6.04238e+04 2010520 1 2.4318e-01
+3.71925e+04 -6.10020e+04 2010521 1 2.4851e-01
+3.80129e+04 -6.15485e+04 2010522 1 2.5551e-01
+3.88372e+04 -6.20628e+04 2010523 1 2.6227e-01
+3.96679e+04 -6.25434e+04 2010524 1 2.6834e-01
+4.05061e+04 -6.29927e+04 2010525 1 2.8205e-01
+4.13532e+04 -6.34114e+04 2010526 1 2.9641e-01
+4.22104e+04 -6.38000e+04 2010527 1 3.1013e-01
+4.30794e+04 -6.41582e+04 2010528 1 3.2014e-01
+4.39613e+04 -6.44861e+04 2010529 1 3.2825e-01
+4.48565e+04 -6.47860e+04 2010530 1 3.4303e-01
+4.57651e+04 -6.50593e+04 2010531 1 3.5689e-01
+3.52015e+03 -6.59264e+04 10499 0 8.0159e-01
+1.53191e+04 -6.75878e+04 10717 0 6.5137e-01
+1.48801e+04 -6.66442e+04 10716 0 6.4289e-01
+1.19564e+04 -6.41613e+04 10672 0 5.1918e-01
+1.24396e+04 -6.49960e+04 10673 0 5.3199e-01
+9.60797e+03 -6.34536e+04 10629 0 5.0831e-01
+9.07477e+03 -6.27686e+04 10628 0 5.0375e-01
+6.92886e+03 -6.30522e+04 10585 0 5.8330e-01
+5.21580e+03 -6.16580e+04 10582 0 5.6998e-01
+6.37653e+03 -6.25464e+04 10584 0 5.6865e-01
+4.54320e+03 -6.37481e+04 10541 0 6.7852e-01
+3.45631e+03 -6.31167e+04 10539 0 6.8670e-01
+2.53747e+03 -6.54372e+04 10497 0 8.0540e-01
+2.03791e+03 -6.52497e+04 10496 0 8.0502e-01
+2.45055e+04 -4.93240e+04 2010548 1 5.7454e-01
+2.56649e+04 -5.01747e+04 2010549 1 5.4352e-01
+2.67749e+04 -5.10211e+04 2010550 1 5.1406e-01
+2.78379e+04 -5.18594e+04 2010551 1 4.8052e-01
+2.88618e+04 -5.26844e+04 2010552 1 4.4062e-01
+2.98470e+04 -5.34934e+04 2010553 1 4.1445e-01
+3.08020e+04 -5.42823e+04 2010554 1 3.7379e-01
+3.17272e+04 -5.50496e+04 2010555 1 3.5036e-01
+3.26311e+04 -5.57922e+04 2010556 1 3.2481e-01
+3.35133e+04 -5.65090e+04 2010557 1 2.9676e-01
+3.43801e+04 -5.71978e+04 2010558 1 2.8216e-01
+3.52361e+04 -5.78573e+04 2010559 1 2.7013e-01
+3.60826e+04 -5.84873e+04 2010560 1 2.6001e-01
+3.69221e+04 -5.90872e+04 2010561 1 2.5092e-01
+3.77587e+04 -5.96559e+04 2010562 1 2.4999e-01
+3.85956e+04 -6.01930e+04 2010563 1 2.5333e-01
+3.94343e+04 -6.06994e+04 2010564 1 2.6062e-01
+4.02768e+04 -6.11754e+04 2010565 1 2.6896e-01
+4.11248e+04 -6.16210e+04 2010566 1 2.7681e-01
+4.19805e+04 -6.20349e+04 2010567 1 2.8260e-01
+4.28445e+04 -6.24196e+04 2010568 1 2.9524e-01
+4.37179e+04 -6.27761e+04 2010569 1 3.0816e-01
+4.46017e+04 -6.31047e+04 2010570 1 3.2034e-01
+4.54967e+04 -6.34061e+04 2010571 1 3.2931e-01
+1.68819e+04 -6.77209e+04 10758 1 5.9049e-01
+1.97027e+04 -7.05382e+04 10802 1 4.6698e-01
+4.18780e+02 -7.12580e+04 10411 0 1.0218e+00
+2.21021e+04 -7.20295e+04 10845 1 4.0316e-01
+1.73197e+04 -6.86861e+04 10759 1 5.9168e-01
+1.44277e+04 -6.57106e+04 10715 0 6.2685e-01
+1.39554e+04 -6.47881e+04 10714 0 6.2002e-01
+1.14469e+04 -6.33442e+04 10671 0 5.4014e-01
+1.09111e+04 -6.25620e+04 10670 0 5.0334e-01
+9.74174e+03 -6.10825e+04 10668 0 4.9845e-01
+1.03419e+04 -6.17991e+04 10669 0 4.9586e-01
+8.51836e+03 -6.21265e+04 10627 0 5.0804e-01
+7.93412e+03 -6.15132e+04 10626 0 4.9072e-01
+7.32482e+03 -6.09494e+04 10625 0 5.0934e-01
+6.68751e+03 -6.04212e+04 10624 0 4.8721e-01
+5.80503e+03 -6.20786e+04 10583 0 5.8589e-01
+3.98549e+03 -6.09493e+04 10580 0 5.7009e-01
+4.60832e+03 -6.12759e+04 10581 0 5.8687e-01
+4.00537e+03 -6.34133e+04 10540 0 6.7721e-01
+2.89796e+03 -6.28681e+04 10538 0 6.7725e-01
+2.26086e+03 -6.83738e+04 10456 0 9.2071e-01
+2.58522e+04 -4.90636e+04 2010590 1 5.4871e-01
+4.60117e+02 -6.79311e+04 10452 0 9.2721e-01
+2.69909e+04 -4.98826e+04 2010591 1 5.1926e-01
+2.80830e+04 -5.06947e+04 2010592 1 4.8911e-01
+2.91353e+04 -5.14950e+04 2010593 1 4.5158e-01
+3.01501e+04 -5.22807e+04 2010594 1 4.2562e-01
+3.11330e+04 -5.30481e+04 2010595 1 3.8664e-01
+3.20865e+04 -5.37950e+04 2010596 1 3.6366e-01
+3.30173e+04 -5.45186e+04 2010597 1 3.3654e-01
+3.39252e+04 -5.52179e+04 2010598 1 3.0839e-01
+3.48166e+04 -5.58909e+04 2010599 1 2.9340e-01
+3.56956e+04 -5.65365e+04 2010600 1 2.7973e-01
+3.65637e+04 -5.71534e+04 2010601 1 2.6533e-01
+3.74232e+04 -5.77412e+04 2010602 1 2.5519e-01
+3.82780e+04 -5.82998e+04 2010603 1 2.5489e-01
+3.91311e+04 -5.88288e+04 2010604 1 2.5601e-01
+3.99843e+04 -5.93277e+04 2010605 1 2.5630e-01
+4.08397e+04 -5.97964e+04 2010606 1 2.6296e-01
+4.16987e+04 -6.02363e+04 2010607 1 2.7121e-01
+4.25628e+04 -6.06474e+04 2010608 1 2.7974e-01
+4.34333e+04 -6.10302e+04 2010609 1 2.8774e-01
+4.43122e+04 -6.13840e+04 2010610 1 2.9236e-01
+4.51999e+04 -6.17109e+04 2010611 1 3.0335e-01
+4.60969e+04 -6.20118e+04 2010612 1 3.1376e-01
+2.33079e+03 -6.26592e+04 10537 0 6.8532e-01
+1.53446e+03 -6.51083e+04 10495 0 8.0756e-01
+1.59761e+04 -6.57803e+04 10756 1 5.7073e-01
+1.64359e+04 -6.67501e+04 10757 1 5.8577e-01
+1.34585e+04 -6.38791e+04 10713 0 5.9314e-01
+1.29306e+04 -6.29889e+04 10712 0 5.9934e-01
+1.23686e+04 -6.21192e+04 10711 0 5.6521e-01
+9.10414e+03 -6.03917e+04 10667 0 4.6588e-01
+8.43114e+03 -5.97463e+04 10666 0 4.9371e-01
+7.72171e+03 -5.91484e+04 10665 0 4.6654e-01
+6.97499e+03 -5.85904e+04 10664 0 4.4917e-01
+6.02452e+03 -5.99426e+04 10623 0 5.1116e-01
+5.33645e+03 -5.95140e+04 10622 0 4.9027e-01
+4.62404e+03 -5.91284e+04 10621 0 4.7692e-01
+3.34698e+03 -6.06613e+04 10579 0 5.5597e-01
+1.75689e+03 -6.25007e+04 10536 0 6.7544e-01
+2.69640e+03 -6.04332e+04 10578 0 5.6881e-01
+1.17731e+03 -6.23813e+04 10535 0 6.8186e-01
+1.36385e+03 -6.80789e+04 10454 0 9.2517e-01
+7.98181e+00 -6.49106e+04 10492 0 8.0966e-01
+2.82935e+04 -4.95294e+04 2010633 1 4.9564e-01
+2.93728e+04 -5.03046e+04 2010634 1 4.6051e-01
+3.04154e+04 -5.10663e+04 2010635 1 4.3497e-01
+3.14250e+04 -5.18113e+04 2010636 1 3.9759e-01
+3.24054e+04 -5.25374e+04 2010637 1 3.7454e-01
+3.33619e+04 -5.32417e+04 2010638 1 3.4715e-01
+3.42945e+04 -5.39232e+04 2010639 1 3.1913e-01
+3.52099e+04 -5.45796e+04 2010640 1 3.0262e-01
+3.61114e+04 -5.52101e+04 2010641 1 2.8749e-01
+3.70005e+04 -5.58138e+04 2010642 1 2.7325e-01
+3.78795e+04 -5.63899e+04 2010643 1 2.6010e-01
+3.87525e+04 -5.69374e+04 2010644 1 2.5667e-01
+3.96220e+04 -5.74567e+04 2010645 1 2.5637e-01
+4.04900e+04 -5.79478e+04 2010646 1 2.5890e-01
+4.13580e+04 -5.84104e+04 2010647 1 2.6160e-01
+4.22282e+04 -5.88445e+04 2010648 1 2.6344e-01
+4.31020e+04 -5.92505e+04 2010649 1 2.7107e-01
+4.39804e+04 -5.96295e+04 2010650 1 2.7887e-01
+4.48649e+04 -5.99819e+04 2010651 1 2.8668e-01
+4.57564e+04 -6.03084e+04 2010652 1 2.9408e-01
+4.66562e+04 -6.06086e+04 2010653 1 2.9748e-01
+1.92452e+04 -6.95982e+04 10801 1 4.5890e-01
+1.87930e+04 -6.86415e+04 10800 1 4.4789e-01
+2.15945e+04 -7.11474e+04 10844 1 3.8191e-01
+1.54936e+04 -6.48094e+04 10755 1 5.8046e-01
+1.49853e+04 -6.38463e+04 10754 1 5.5955e-01
+1.44385e+04 -6.28871e+04 10753 1 5.6844e-01
+1.38554e+04 -6.19437e+04 10752 1 5.6184e-01
+1.32234e+04 -6.10137e+04 10751 1 5.5119e-01
+1.11211e+04 -6.04591e+04 10709 0 5.4568e-01
+1.17658e+04 -6.12691e+04 10710 0 5.7171e-01
+1.04304e+04 -5.96745e+04 10708 0 5.1977e-01
+9.69153e+03 -5.89292e+04 10707 0 5.0896e-01
+8.90438e+03 -5.82355e+04 10706 0 4.9291e-01
+7.18487e+03 -5.70006e+04 10704 0 4.5782e-01
+6.19410e+03 -5.80921e+04 10663 0 4.6561e-01
+8.06846e+03 -5.75908e+04 10705 0 4.6905e-01
+4.53634e+03 -5.72695e+04 10661 0 4.2730e-01
+5.38051e+03 -5.76542e+04 10662 0 4.4385e-01
+3.13950e+03 -5.85398e+04 10619 0 4.7581e-01
+1.36468e+03 -6.01181e+04 10576 0 5.6569e-01
+2.37176e+03 -5.83224e+04 10618 0 4.7796e-01
+3.89143e+03 -5.88097e+04 10620 0 4.9213e-01
+2.03454e+03 -6.02474e+04 10577 0 5.5542e-01
+2.95767e+04 -4.91148e+04 2010675 1 4.6751e-01
+1.02738e+03 -6.50004e+04 10494 0 8.0776e-01
+8.04485e+02 -5.80867e+04 10616 0 4.6955e-01
+3.06456e+04 -4.98520e+04 2010676 1 4.4254e-01
+3.16805e+04 -5.05744e+04 2010677 1 4.0682e-01
+3.26864e+04 -5.12790e+04 2010678 1 3.8387e-01
+3.36675e+04 -5.19634e+04 2010679 1 3.5578e-01
+3.46240e+04 -5.26266e+04 2010680 1 3.2897e-01
+3.55625e+04 -5.32663e+04 2010681 1 3.1130e-01
+3.64857e+04 -5.38811e+04 2010682 1 2.9426e-01
+3.73954e+04 -5.44706e+04 2010683 1 2.7861e-01
+3.82936e+04 -5.50341e+04 2010684 1 2.6517e-01
+3.91845e+04 -5.55709e+04 2010685 1 2.6092e-01
+4.00702e+04 -5.60804e+04 2010686 1 2.5717e-01
+4.09530e+04 -5.65625e+04 2010687 1 2.5694e-01
+4.18342e+04 -5.70176e+04 2010688 1 2.5927e-01
+4.27158e+04 -5.74459e+04 2010689 1 2.6219e-01
+4.35992e+04 -5.78475e+04 2010690 1 2.6615e-01
+4.44860e+04 -5.82224e+04 2010691 1 2.6931e-01
+4.53773e+04 -5.85715e+04 2010692 1 2.7613e-01
+4.62740e+04 -5.88959e+04 2010693 1 2.8322e-01
+2.11050e+04 -7.02408e+04 10843 1 3.5983e-01
+1.83397e+04 -6.76713e+04 10799 1 4.4395e-01
+1.78784e+04 -6.66907e+04 10798 1 4.4995e-01
+1.74006e+04 -6.56976e+04 10797 1 4.4452e-01
+1.69012e+04 -6.47021e+04 10796 1 4.6639e-01
+1.63710e+04 -6.37011e+04 10795 1 4.5071e-01
+1.25384e+04 -6.01091e+04 10750 1 5.4735e-01
+1.58015e+04 -6.26987e+04 10794 1 4.7474e-01
+1.17986e+04 -5.92326e+04 10749 1 5.3631e-01
+1.09995e+04 -5.83909e+04 10748 1 5.2555e-01
+1.01388e+04 -5.75918e+04 10747 1 5.1359e-01
+9.21570e+03 -5.68438e+04 10746 1 5.0161e-01
+8.22997e+03 -5.61582e+04 10745 1 4.7697e-01
+7.18446e+03 -5.55433e+04 10744 1 4.6038e-01
+6.25628e+03 -5.64737e+04 10703 0 4.4929e-01
+3.66596e+03 -5.69478e+04 10660 0 4.3256e-01
+5.28637e+03 -5.60189e+04 10702 0 4.3016e-01
+3.24258e+03 -5.53449e+04 10700 0 4.0226e-01
+4.28008e+03 -5.56432e+04 10701 0 4.1418e-01
+1.59247e+03 -5.81797e+04 10617 0 4.7677e-01
+3.19020e+04 -4.93388e+04 2010718 1 4.1460e-01
+3.29322e+04 -5.00215e+04 2010719 1 3.9188e-01
+3.39367e+04 -5.06855e+04 2010720 1 3.6303e-01
+3.49161e+04 -5.13299e+04 2010721 1 3.3735e-01
+3.58767e+04 -5.19522e+04 2010722 1 3.1916e-01
+3.68210e+04 -5.25513e+04 2010723 1 3.0130e-01
+3.77506e+04 -5.31262e+04 2010724 1 2.8357e-01
+3.86676e+04 -5.36764e+04 2010725 1 2.6948e-01
+3.95761e+04 -5.42014e+04 2010726 1 2.6367e-01
+4.04779e+04 -5.47006e+04 2010727 1 2.5981e-01
+4.13753e+04 -5.51739e+04 2010728 1 2.5715e-01
+4.22698e+04 -5.56211e+04 2010729 1 2.5612e-01
+4.31631e+04 -5.60424e+04 2010730 1 2.5803e-01
+4.40569e+04 -5.64385e+04 2010731 1 2.6122e-01
+4.49522e+04 -5.68094e+04 2010732 1 2.6525e-01
+4.58505e+04 -5.71556e+04 2010733 1 2.6901e-01
+6.44592e+00 -7.12311e+04 10410 0 1.0224e+00
+4.67530e+04 -5.74773e+04 2010734 1 2.7223e-01
+7.08389e+00 -6.79012e+04 10451 0 9.2800e-01
+9.12446e+02 -6.79830e+04 10453 0 9.2631e-01
+2.77385e+03 -5.67061e+04 10659 0 4.2951e-01
+9.42230e+02 -5.64176e+04 10657 0 4.1578e-01
+1.51896e+04 -6.17038e+04 10793 1 4.8273e-01
+2.06263e+04 -6.93110e+04 10842 1 3.4644e-01
+1.86845e+04 -6.53952e+04 10838 1 3.5272e-01
+2.01521e+04 -6.83601e+04 10841 1 3.3853e-01
+1.81567e+04 -6.43815e+04 10837 1 3.8489e-01
+1.91890e+04 -6.64025e+04 10839 1 3.4474e-01
+1.96750e+04 -6.73885e+04 10840 1 3.4137e-01
+1.75964e+04 -6.33572e+04 10836 1 3.9016e-01
+1.69952e+04 -6.23259e+04 10835 1 4.1715e-01
+1.38029e+04 -5.97456e+04 10791 1 5.0292e-01
+1.45249e+04 -6.07166e+04 10792 1 4.9308e-01
+1.30164e+04 -5.87972e+04 10790 1 5.0815e-01
+1.21607e+04 -5.78808e+04 10789 1 5.1019e-01
+1.12335e+04 -5.70054e+04 10788 1 5.0979e-01
+9.15777e+03 -5.54154e+04 10786 1 4.9566e-01
+1.02326e+04 -5.61800e+04 10787 1 5.0388e-01
+6.79651e+03 -5.41135e+04 10784 1 4.6854e-01
+8.01120e+03 -5.47228e+04 10785 1 4.8310e-01
+4.93467e+03 -5.45519e+04 10742 1 4.2857e-01
+6.08407e+03 -5.50053e+04 10743 1 4.4271e-01
+4.19271e+03 -5.31867e+04 10782 1 4.3994e-01
+2.18090e+03 -5.51276e+04 10699 0 3.9528e-01
+3.74305e+03 -5.41919e+04 10741 1 4.1657e-01
+1.10301e+03 -5.49928e+04 10698 0 3.9355e-01
+1.27488e+03 -5.37708e+04 10739 1 4.0129e-01
+3.51730e+04 -5.00347e+04 2010762 1 3.4479e-01
+1.23973e+01 -5.80447e+04 10615 0 4.7769e-01
+3.61549e+04 -5.06391e+04 2010763 1 3.2594e-01
+3.71194e+04 -5.12217e+04 2010764 1 3.0736e-01
+3.80684e+04 -5.17818e+04 2010765 1 2.8897e-01
+3.90036e+04 -5.23185e+04 2010766 1 2.7403e-01
+3.99293e+04 -5.28311e+04 2010767 1 2.6609e-01
+4.08470e+04 -5.33192e+04 2010768 1 2.6100e-01
+4.17590e+04 -5.37829e+04 2010769 1 2.5731e-01
+4.26667e+04 -5.42219e+04 2010770 1 2.5596e-01
+4.35718e+04 -5.46362e+04 2010771 1 2.5529e-01
+4.44760e+04 -5.50260e+04 2010772 1 2.5569e-01
+4.53805e+04 -5.53918e+04 2010773 1 2.5894e-01
+4.62864e+04 -5.57341e+04 2010774 1 2.6263e-01
+5.18314e+02 -6.49434e+04 10493 0 8.0827e-01
+9.15274e+00 -6.22811e+04 10533 0 6.7767e-01
+6.89059e+02 -6.00408e+04 10575 0 5.5456e-01
+1.06162e+01 -6.00021e+04 10574 0 5.6239e-01
+1.56409e+04 -6.02688e+04 10833 1 4.6321e-01
+1.48737e+04 -5.92548e+04 10832 1 4.8599e-01
+1.40377e+04 -5.82598e+04 10831 1 5.0248e-01
+1.63462e+04 -6.12953e+04 10834 1 4.3876e-01
+1.21374e+04 -5.63641e+04 10829 1 5.2440e-01
+1.31269e+04 -5.72928e+04 10830 1 5.1558e-01
+9.91414e+03 -5.46670e+04 10827 1 5.2488e-01
+1.10667e+04 -5.54849e+04 10828 1 5.2787e-01
+8.68088e+03 -5.39232e+04 10826 1 5.1539e-01
+5.99286e+03 -5.27086e+04 10824 1 4.8295e-01
+7.37164e+03 -5.32662e+04 10825 1 5.0160e-01
+3.07059e+03 -5.19369e+04 10822 1 4.4779e-01
+5.52080e+03 -5.35981e+04 10783 1 4.5359e-01
+4.55484e+03 -5.22625e+04 10823 1 4.6209e-01
+2.20370e+01 -5.26377e+04 10779 1 4.1328e-01
+2.82463e+03 -5.28869e+04 10781 1 4.2798e-01
+2.51949e+03 -5.39307e+04 10740 1 4.0718e-01
+1.86403e+03 -5.65297e+04 10658 0 4.1794e-01
+1.96510e+01 -5.37143e+04 10738 1 3.9878e-01
+1.55529e+03 -5.17362e+04 10821 1 4.3636e-01
+3.93037e+04 -5.09613e+04 2010807 1 2.7855e-01
+4.02461e+04 -5.14612e+04 2010808 1 2.6951e-01
+1.45231e+01 -5.63719e+04 10656 0 4.2202e-01
+4.11795e+04 -5.19379e+04 2010809 1 2.6227e-01
+1.43005e+03 -5.27029e+04 10780 1 4.1919e-01
+4.21057e+04 -5.23912e+04 2010810 1 2.5732e-01
+4.30267e+04 -5.28212e+04 2010811 1 2.5471e-01
+2.39641e+01 -5.16638e+04 10820 1 4.2843e-01
+1.70041e+01 -5.49427e+04 10697 0 3.9694e-01
+4.39437e+04 -5.32278e+04 2010812 1 2.5350e-01
+4.48583e+04 -5.36112e+04 2010813 1 2.5308e-01
+4.57721e+04 -5.39715e+04 2010814 1 2.5346e-01
+4.66861e+04 -5.43091e+04 2010815 1 2.5578e-01
+5.94209e+02 -6.23167e+04 10534 0 6.7287e-01
