+1.77818e+01 -9.99787e+04 10000 0 8.6505e-02
+1.15582e+03 -9.99787e+04 10001 0 2.5634e-01
+2.29387e+03 -9.99787e+04 10002 0 4.8571e-01
+3.43197e+03 -9.99787e+04 10003 0 7.1811e-01
+4.57013e+03 -9.99788e+04 10004 0 9.4918e-01
+5.70837e+03 -9.99788e+04 10005 0 1.1773e+00
+6.84672e+03 -9.99789e+04 10006 0 1.4013e+00
+7.98519e+03 -9.99790e+04 10007 0 1.6202e+00
+9.12381e+03 -9.99791e+04 10008 0 1.8330e+00
+1.02626e+04 -9.99792e+04 10009 0 2.0389e+00
+1.14016e+04 -9.99793e+04 10010 0 2.2367e+00
+1.25408e+04 -9.99794e+04 10011 0 2.4257e+00
+1.36802e+04 -9.99795e+04 10012 0 2.6048e+00
+1.48198e+04 -9.99797e+04 10013 0 2.7733e+00
+1.59597e+04 -9.99798e+04 10014 0 2.9301e+00
+1.70999e+04 -9.99800e+04 10015 0 3.0747e+00
+1.82403e+04 -9.99802e+04 10016 0 3.2061e+00
+1.93811e+04 -9.99803e+04 10017 0 3.3238e+00
+2.05221e+04 -9.99805e+04 10018 0 3.4273e+00
+2.16634e+04 -9.99807e+04 10019 0 3.5161e+00
+2.28051e+04 -9.99809e+04 10020 0 3.5900e+00
+2.39470e+04 -9.99811e+04 10021 0 3.6490e+00
+2.50892e+04 -9.99812e+04 10022 0 3.6930e+00
+2.62317e+04 -9.99814e+04 10023 0 3.7224e+00
+2.73744e+04 -9.99816e+04 10024 0 3.7375e+00
+2.85174e+04 -9.99817e+04 10025 0 3.7390e+00
+2.96606e+04 -9.99818e+04 10026 0 3.7274e+00
+3.08040e+04 -9.99820e+04 10027 0 3.7037e+00
+3.19476e+04 -9.99821e+04 10028 0 3.6687e+00
+3.30914e+04 -9.99822e+04 10029 0 3.6235e+00
+3.42353e+04 -9.99823e+04 10030 0 3.5690e+00
+3.53794e+04 -9.99824e+04 10031 0 3.5064e+00
+3.65235e+04 -9.99825e+04 10032 0 3.4366e+00
+3.76677e+04 -9.99825e+04 10033 0 3.3606e+00
+3.88121e+04 -9.99826e+04 10034 0 3.2795e+00
+3.99564e+04 -9.99826e+04 10035 0 3.1942e+00
+4.11008e+04 -9.99826e+04 10036 0 3.1054e+00
+4.22453e+04 -9.99827e+04 10037 0 3.0141e+00
+4.33898e+04 -9.99827e+04 10038 0 2.9209e+00
+4.45342e+04 -9.99827e+04 10039 0 2.8265e+00
+4.56787e+04 -9.99827e+04 10040 0 2.7314e+00
+1.34316e+01 -9.84960e+04 10041 0 3.3979e-01
+8.73084e+02 -9.84965e+04 10042 0 3.8795e-01
+1.73367e+03 -9.84978e+04 10043 0 5.0281e-01
+2.59595e+03 -9.84998e+04 10044 0 6.4903e-01
+3.46069e+03 -9.85026e+04 10045 0 8.0886e-01
+4.32878e+03 -9.85062e+04 10046 0 9.7450e-01
+5.20119e+03 -9.85107e+04 10047 0 1.1421e+00
+6.07874e+03 -9.85159e+04 10048 0 1.3096e+00
+6.96223e+03 -9.85219e+04 10049 0 1.4756e+00
+7.85255e+03 -9.85287e+04 10050 0 1.6392e+00
+8.75076e+03 -9.85362e+04 10051 0 1.7993e+00
+9.65773e+03 -9.85445e+04 10052 0 1.9552e+00
+1.05744e+04 -9.85535e+04 10053 0 2.1064e+00
+1.15015e+04 -9.85633e+04 10054 0 2.2520e+00
+1.24401e+04 -9.85736e+04 10055 0 2.3916e+00
+1.33913e+04 -9.85846e+04 10056 0 2.5242e+00
+1.43558e+04 -9.85962e+04 10057 0 2.6493e+00
+1.53347e+04 -9.86083e+04 10058 0 2.7663e+00
+1.63285e+04 -9.86207e+04 10059 0 2.8745e+00
+1.73383e+04 -9.86335e+04 10060 0 2.9733e+00
+1.83645e+04 -9.86466e+04 10061 0 3.0621e+00
+1.94079e+04 -9.86597e+04 10062 0 3.1403e+00
+2.04689e+04 -9.86729e+04 10063 0 3.2074e+00
+2.15479e+04 -9.86859e+04 10064 0 3.2630e+00
+2.26450e+04 -9.86987e+04 10065 0 3.3068e+00
+2.37602e+04 -9.87111e+04 10066 0 3.3386e+00
+2.48932e+04 -9.87230e+04 10067 0 3.3583e+00
+2.60435e+04 -9.87343e+04 10068 0 3.3660e+00
+2.72106e+04 -9.87449e+04 10069 0 3.3618e+00
+2.83936e+04 -9.87547e+04 10070 0 3.3768e+00
+2.95917e+04 -9.87637e+04 10071 0 3.3988e+00
+3.08037e+04 -9.87720e+04 10072 0 3.3958e+00
+3.20281e+04 -9.87794e+04 10073 0 3.3728e+00
+3.32633e+04 -9.87858e+04 10074 0 3.3335e+00
+3.45077e+04 -9.87915e+04 10075 0 3.2808e+00
+3.57600e+04 -9.87962e+04 10076 0 3.2167e+00
+3.70187e+04 -9.88001e+04 10077 0 3.1436e+00
+3.82825e+04 -9.88033e+04 10078 0 3.0632e+00
+3.95500e+04 -9.88057e+04 10079 0 2.9773e+00
+4.08202e+04 -9.88074e+04 10080 0 2.8867e+00
+4.20921e+04 -9.88086e+04 10081 0 2.7931e+00
+1.01632e+01 -9.65360e+04 10082 0 5.8572e-01
+6.60687e+02 -9.65378e+04 10083 0 6.0406e-01
+1.31248e+03 -9.65420e+04 10084 0 6.5453e-01
+1.96647e+03 -9.65488e+04 10085 0 7.2974e-01
+2.62413e+03 -9.65585e+04 10086 0 8.2222e-01
+3.28634e+03 -9.65708e+04 10087 0 9.2628e-01
+3.95458e+03 -9.65859e+04 10088 0 1.0379e+00
+4.62991e+03 -9.66037e+04 10089 0 1.1542e+00
+5.31354e+03 -9.66241e+04 10090 0 1.2734e+00
+6.00695e+03 -9.66472e+04 10091 0 1.3940e+00
+6.71114e+03 -9.66728e+04 10092 0 1.5149e+00
+7.42773e+03 -9.67011e+04 10093 0 1.6352e+00
+8.15797e+03 -9.67319e+04 10094 0 1.7542e+00
+8.90310e+03 -9.67650e+04 10095 0 1.8712e+00
+9.66484e+03 -9.68006e+04 10096 0 1.9856e+00
+1.04445e+04 -9.68384e+04 10097 0 2.0970e+00
+1.12434e+04 -9.68782e+04 10098 0 2.2046e+00
+1.20633e+04 -9.69201e+04 10099 0 2.3080e+00
+1.29056e+04 -9.69637e+04 10100 0 2.4065e+00
+1.37718e+04 -9.70090e+04 10101 0 2.4997e+00
+1.46632e+04 -9.70555e+04 10102 0 2.5868e+00
+1.55815e+04 -9.71031e+04 10103 0 2.6674e+00
+1.65280e+04 -9.71515e+04 10104 0 2.7408e+00
+1.75040e+04 -9.72002e+04 10105 0 2.8063e+00
+1.85103e+04 -9.72489e+04 10106 0 2.8635e+00
+1.95481e+04 -9.72972e+04 10107 0 2.9118e+00
+2.06179e+04 -9.73447e+04 10108 0 2.9506e+00
+2.17203e+04 -9.73908e+04 10109 0 2.9796e+00
+2.28551e+04 -9.74352e+04 10110 0 2.9983e+00
+2.40221e+04 -9.74773e+04 10111 0 3.0066e+00
+2.52210e+04 -9.75169e+04 10112 0 3.0665e+00
+2.64530e+04 -9.75539e+04 10113 0 3.1337e+00
+2.77146e+04 -9.75880e+04 10114 0 3.1550e+00
+2.90030e+04 -9.76189e+04 10115 0 3.1495e+00
+3.03152e+04 -9.76464e+04 10116 0 3.1249e+00
+3.16484e+04 -9.76705e+04 10117 0 3.0850e+00
+3.29995e+04 -9.76910e+04 10118 0 3.0327e+00
+3.43656e+04 -9.77081e+04 10119 0 2.9706e+00
+3.57435e+04 -9.77220e+04 10120 0 2.8999e+00
+3.71305e+04 -9.77328e+04 10121 0 2.8230e+00
+3.85241e+04 -9.77409e+04 10122 0 2.7406e+00
+7.78825e+00 -9.39837e+04 10123 0 8.4185e-01
+5.06343e+02 -9.39880e+04 10124 0 8.4965e-01
+1.00606e+03 -9.39968e+04 10125 0 8.7219e-01
+1.50829e+03 -9.40120e+04 10126 0 9.0775e-01
+2.01399e+03 -9.40328e+04 10127 0 9.5430e-01
+2.52471e+03 -9.40598e+04 10128 0 1.0099e+00
+3.04135e+03 -9.40924e+04 10129 0 1.0725e+00
+3.56552e+03 -9.41309e+04 10130 0 1.1409e+00
+4.09823e+03 -9.41751e+04 10131 0 1.2138e+00
+4.64109e+03 -9.42249e+04 10132 0 1.2903e+00
+5.19529e+03 -9.42801e+04 10133 0 1.3695e+00
+5.76246e+03 -9.43408e+04 10134 0 1.4509e+00
+6.34396e+03 -9.44065e+04 10135 0 1.5340e+00
+6.94152e+03 -9.44773e+04 10136 0 1.6182e+00
+7.55662e+03 -9.45529e+04 10137 0 1.7033e+00
+8.19124e+03 -9.46330e+04 10138 0 1.7889e+00
+8.84691e+03 -9.47174e+04 10139 0 1.8747e+00
+9.52594e+03 -9.48057e+04 10140 0 1.9604e+00
+1.02301e+04 -9.48976e+04 10141 0 2.0459e+00
+1.09618e+04 -9.49927e+04 10142 0 2.1309e+00
+1.17229e+04 -9.50908e+04 10143 0 2.2064e+00
+1.25147e+04 -9.51918e+04 10144 0 2.2777e+00
+1.33394e+04 -9.52952e+04 10145 0 2.3449e+00
+1.41990e+04 -9.54005e+04 10146 0 2.4074e+00
+1.50954e+04 -9.55069e+04 10147 0 2.4646e+00
+1.60305e+04 -9.56139e+04 10148 0 2.5159e+00
+1.70059e+04 -9.57205e+04 10149 0 2.5608e+00
+1.80235e+04 -9.58260e+04 10150 0 2.5985e+00
+1.90844e+04 -9.59294e+04 10151 0 2.6286e+00
+2.01896e+04 -9.60297e+04 10152 0 2.6504e+00
+2.13397e+04 -9.61260e+04 10153 0 2.6636e+00
+2.25346e+04 -9.62173e+04 10154 0 2.6678e+00
+2.37780e+04 -9.63029e+04 10155 0 2.8061e+00
+2.50705e+04 -9.63826e+04 10156 0 2.8506e+00
+2.64048e+04 -9.64557e+04 10157 0 2.8586e+00
+2.77773e+04 -9.65215e+04 10158 0 2.8458e+00
+2.91839e+04 -9.65794e+04 10159 0 2.8182e+00
+3.06203e+04 -9.66294e+04 10160 0 2.7772e+00
+3.20821e+04 -9.66714e+04 10161 0 2.7259e+00
+3.35644e+04 -9.67058e+04 10162 0 2.6660e+00
+3.50627e+04 -9.67330e+04 10163 0 2.5979e+00
+6.14320e+00 -9.07025e+04 10164 0 1.0758e+00
+3.99418e+02 -9.07107e+04 10165 0 1.0793e+00
+7.93676e+02 -9.07262e+04 10166 0 1.0895e+00
+1.19025e+03 -9.07533e+04 10167 0 1.1059e+00
+1.59002e+03 -9.07909e+04 10168 0 1.1282e+00
+1.99413e+03 -9.08387e+04 10169 0 1.1554e+00
+2.40392e+03 -9.08972e+04 10170 0 1.1872e+00
+2.82034e+03 -9.09657e+04 10171 0 1.2228e+00
+3.24471e+03 -9.10442e+04 10172 0 1.2618e+00
+3.67848e+03 -9.11328e+04 10173 0 1.3038e+00
+4.12272e+03 -9.12306e+04 10174 0 1.3483e+00
+4.57909e+03 -9.13378e+04 10175 0 1.3955e+00
+5.04887e+03 -9.14540e+04 10176 0 1.4448e+00
+5.53354e+03 -9.15789e+04 10177 0 1.4958e+00
+6.03497e+03 -9.17123e+04 10178 0 1.5484e+00
+6.55457e+03 -9.18534e+04 10179 0 1.6025e+00
+7.09459e+03 -9.20021e+04 10180 0 1.6580e+00
+7.65667e+03 -9.21575e+04 10181 0 1.7148e+00
+8.24339e+03 -9.23194e+04 10182 0 1.7730e+00
+8.85676e+03 -9.24868e+04 10183 0 1.8322e+00
+9.49931e+03 -9.26594e+04 10184 0 1.8898e+00
+1.01726e+04 -9.28369e+04 10185 0 1.9471e+00
+1.08795e+04 -9.30184e+04 10186 0 2.0043e+00
+1.16227e+04 -9.32032e+04 10187 0 2.0613e+00
+1.24050e+04 -9.33901e+04 10188 0 2.1178e+00
+1.32300e+04 -9.35782e+04 10189 0 2.1739e+00
+1.41011e+04 -9.37662e+04 10190 0 2.2277e+00
+1.50198e+04 -9.39535e+04 10191 0 2.2634e+00
+1.59870e+04 -9.41393e+04 10192 0 2.2940e+00
+1.70052e+04 -9.43222e+04 10193 0 2.3187e+00
+1.80762e+04 -9.45006e+04 10194 0 2.3370e+00
+1.92016e+04 -9.46728e+04 10195 0 2.3484e+00
+2.03825e+04 -9.48371e+04 10196 0 2.3523e+00
+2.16209e+04 -9.49920e+04 10197 0 2.4778e+00
+2.29305e+04 -9.51369e+04 10198 0 2.5479e+00
+2.42962e+04 -9.52706e+04 10199 0 2.5609e+00
+2.57139e+04 -9.53917e+04 10200 0 2.5544e+00
+2.71791e+04 -9.54991e+04 10201 0 2.5330e+00
+2.86868e+04 -9.55922e+04 10202 0 2.4997e+00
+3.02310e+04 -9.56709e+04 10203 0 2.4555e+00
+3.18056e+04 -9.57355e+04 10204 0 2.4021e+00
+5.08136e+00 -8.66416e+04 10205 0 1.2634e+00
+3.30376e+02 -8.66552e+04 10206 0 1.2648e+00
+6.56447e+02 -8.66797e+04 10207 0 1.2692e+00
+9.84356e+02 -8.67216e+04 10208 0 1.2765e+00
+1.31505e+03 -8.67811e+04 10209 0 1.2864e+00
+1.64924e+03 -8.68564e+04 10210 0 1.2987e+00
+1.98799e+03 -8.69478e+04 10211 0 1.3133e+00
+2.33244e+03 -8.70558e+04 10212 0 1.3300e+00
+2.68348e+03 -8.71793e+04 10213 0 1.3485e+00
+3.04221e+03 -8.73179e+04 10214 0 1.3689e+00
+3.41001e+03 -8.74718e+04 10215 0 1.3907e+00
+3.78803e+03 -8.76401e+04 10216 0 1.4144e+00
+4.17742e+03 -8.78223e+04 10217 0 1.4393e+00
+4.57985e+03 -8.80181e+04 10218 0 1.4656e+00
+4.99674e+03 -8.82268e+04 10219 0 1.4932e+00
+5.42972e+03 -8.84474e+04 10220 0 1.5223e+00
+5.88093e+03 -8.86796e+04 10221 0 1.5526e+00
+6.35198e+03 -8.89223e+04 10222 0 1.5840e+00
+6.84489e+03 -8.91750e+04 10223 0 1.6171e+00
+7.36185e+03 -8.94367e+04 10224 0 1.6511e+00
+7.90537e+03 -8.97063e+04 10225 0 1.6869e+00
+8.47847e+03 -8.99830e+04 10226 0 1.7241e+00
+9.08351e+03 -9.02655e+04 10227 0 1.7613e+00
+9.72305e+03 -9.05532e+04 10228 0 1.7996e+00
+1.04005e+04 -9.08447e+04 10229 0 1.8393e+00
+1.11195e+04 -9.11384e+04 10230 0 1.8802e+00
+1.18841e+04 -9.14331e+04 10231 0 1.9183e+00
+1.26961e+04 -9.17278e+04 10232 0 1.9540e+00
+1.35593e+04 -9.20208e+04 10233 0 1.9895e+00
+1.44785e+04 -9.23100e+04 10234 0 2.0241e+00
+1.54580e+04 -9.25934e+04 10235 0 2.0514e+00
+1.64977e+04 -9.28698e+04 10236 0 2.0613e+00
+1.75987e+04 -9.31372e+04 10237 0 2.0657e+00
+1.87631e+04 -9.33932e+04 10238 0 2.0641e+00
+1.99938e+04 -9.36352e+04 10239 0 2.1569e+00
+2.13120e+04 -9.38624e+04 10240 0 2.2641e+00
+2.27008e+04 -9.40725e+04 10241 0 2.2738e+00
+2.41539e+04 -9.42631e+04 10242 0 2.2667e+00
+2.56667e+04 -9.44325e+04 10243 0 2.2470e+00
+2.72338e+04 -9.45796e+04 10244 0 2.2158e+00
+2.88488e+04 -9.47040e+04 10245 0 2.1743e+00
+4.49077e+00 -8.18950e+04 10246 0 1.3857e+00
+2.91940e+02 -8.19149e+04 10247 0 1.3861e+00
+5.79918e+02 -8.19496e+04 10248 0 1.3877e+00
+8.69202e+02 -8.20085e+04 10249 0 1.3904e+00
+1.16052e+03 -8.20922e+04 10250 0 1.3940e+00
+1.45445e+03 -8.21992e+04 10251 0 1.3986e+00
+1.75165e+03 -8.23284e+04 10252 0 1.4040e+00
+2.05300e+03 -8.24806e+04 10253 0 1.4104e+00
+2.35943e+03 -8.26557e+04 10254 0 1.4175e+00
+2.67162e+03 -8.28524e+04 10255 0 1.4253e+00
+2.99054e+03 -8.30701e+04 10256 0 1.4339e+00
+3.31738e+03 -8.33088e+04 10257 0 1.4432e+00
+3.65335e+03 -8.35678e+04 10258 0 1.4533e+00
+3.99952e+03 -8.38457e+04 10259 0 1.4640e+00
+4.35732e+03 -8.41421e+04 10260 0 1.4753e+00
+4.72838e+03 -8.44562e+04 10261 0 1.4875e+00
+5.11415e+03 -8.47866e+04 10262 0 1.5004e+00
+5.51669e+03 -8.51323e+04 10263 0 1.5141e+00
+5.93791e+03 -8.54926e+04 10264 0 1.5288e+00
+6.37969e+03 -8.58656e+04 10265 0 1.5445e+00
+6.84494e+03 -8.62505e+04 10266 0 1.5613e+00
+7.33597e+03 -8.66457e+04 10267 0 1.5789e+00
+7.85531e+03 -8.70497e+04 10268 0 1.5982e+00
+8.40667e+03 -8.74611e+04 10269 0 1.6188e+00
+8.99300e+03 -8.78781e+04 10270 0 1.6401e+00
+9.61762e+03 -8.82993e+04 10271 0 1.6630e+00
+1.02849e+04 -8.87225e+04 10272 0 1.6879e+00
+1.09988e+04 -8.91461e+04 10273 0 1.7110e+00
+1.17628e+04 -8.95682e+04 10274 0 1.7357e+00
+1.25826e+04 -8.99862e+04 10275 0 1.7618e+00
+1.34619e+04 -9.03980e+04 10276 0 1.7802e+00
+1.44038e+04 -9.08016e+04 10277 0 1.7976e+00
+1.54143e+04 -9.11937e+04 10278 0 1.8145e+00
+1.64961e+04 -9.15716e+04 10279 0 1.8112e+00
+1.76474e+04 -9.19331e+04 10280 0 1.8001e+00
+1.88764e+04 -9.22756e+04 10281 0 1.9227e+00
+2.02041e+04 -9.25975e+04 10282 0 1.9991e+00
+2.16139e+04 -9.28944e+04 10283 0 2.0005e+00
+2.30980e+04 -9.31633e+04 10284 0 1.9884e+00
+2.46524e+04 -9.34018e+04 10285 0 1.9651e+00
+2.62716e+04 -9.36081e+04 10286 0 1.9310e+00
+4.29664e+00 -7.67375e+04 10287 0 1.4292e+00
+2.79246e+02 -7.67637e+04 10288 0 1.4292e+00
+2.90770e+04 -7.40507e+04 2010195 1 5.1711e-01
+5.54428e+02 -7.68083e+04 10289 0 1.4294e+00
+3.17286e+04 -7.42344e+04 2010238 1 5.6663e-01
+8.30300e+02 -7.68834e+04 10290 0 1.4300e+00
+1.10729e+03 -7.69904e+04 10291 0 1.4308e+00
+1.38576e+03 -7.71281e+04 10292 0 1.4318e+00
+1.66601e+03 -7.72942e+04 10293 0 1.4329e+00
+3.45096e+04 -7.40803e+04 2010281 1 6.1022e-01
+1.94863e+03 -7.74896e+04 10294 0 1.4343e+00
+2.23426e+03 -7.77148e+04 10295 0 1.4356e+00
+2.52349e+03 -7.79689e+04 10296 0 1.4371e+00
+2.81689e+03 -7.82502e+04 10297 0 1.4388e+00
+3.11539e+03 -7.85587e+04 10298 0 1.4408e+00
+3.42006e+03 -7.88944e+04 10299 0 1.4427e+00
+3.73179e+03 -7.92558e+04 10300 0 1.4446e+00
+4.05167e+03 -7.96414e+04 10301 0 1.4470e+00
+4.38126e+03 -8.00509e+04 10302 0 1.4496e+00
+4.72207e+03 -8.04833e+04 10303 0 1.4521e+00
+5.07553e+03 -8.09364e+04 10304 0 1.4550e+00
+5.44375e+03 -8.14093e+04 10305 0 1.4583e+00
+5.82880e+03 -8.19007e+04 10306 0 1.4621e+00
+6.23287e+03 -8.24085e+04 10307 0 1.4665e+00
+6.65865e+03 -8.29311e+04 10308 0 1.4713e+00
+7.10892e+03 -8.34669e+04 10309 0 1.4769e+00
+7.58686e+03 -8.40134e+04 10310 0 1.4837e+00
+8.09570e+03 -8.45689e+04 10311 0 1.4912e+00
+8.63945e+03 -8.51308e+04 10312 0 1.5001e+00
+9.22183e+03 -8.56971e+04 10313 0 1.5099e+00
+9.84747e+03 -8.62649e+04 10314 0 1.5215e+00
+1.05211e+04 -8.68322e+04 10315 0 1.5329e+00
+1.12472e+04 -8.73957e+04 10316 0 1.5462e+00
+1.20320e+04 -8.79527e+04 10317 0 1.5572e+00
+1.28794e+04 -8.85004e+04 10318 0 1.5684e+00
+1.37963e+04 -8.90349e+04 10319 0 1.5753e+00
+1.47848e+04 -8.95533e+04 10320 0 1.5767e+00
+1.58515e+04 -9.00513e+04 10321 0 1.5748e+00
+1.69964e+04 -9.05256e+04 10322 0 1.5519e+00
+1.82370e+04 -9.09764e+04 10323 0 1.7075e+00
+1.95817e+04 -9.13977e+04 10324 0 1.7462e+00
+2.10149e+04 -9.17844e+04 10325 0 1.7362e+00
+2.25304e+04 -9.21327e+04 10326 0 1.7153e+00
+2.41248e+04 -9.24393e+04 10327 0 1.6844e+00
+2.71243e+04 -7.42243e+04 2010153 1 4.9275e-01
+2.97163e+04 -7.46713e+04 2010196 1 5.5388e-01
+3.32508e+04 -7.51932e+04 2010240 1 6.2663e-01
+2.51948e+04 -7.41686e+04 2010111 1 4.6879e-01
+3.24664e+04 -7.47374e+04 2010239 1 5.9765e-01
+2.77044e+04 -7.49197e+04 2010154 1 5.3094e-01
+4.43559e+04 -7.49963e+04 3010276 1 6.9283e-01
+3.61954e+04 -7.48290e+04 2010283 1 6.5527e-01
+4.32614e+04 -7.49027e+04 3010275 1 6.9239e-01
+3.43899e+03 -7.41267e+04 10340 0 1.3868e+00
+2.33060e+04 -7.38465e+04 2010069 1 4.7339e-01
+3.53312e+04 -7.44768e+04 2010282 1 6.3408e-01
+3.73461e+03 -7.45602e+04 10341 0 1.3848e+00
+3.82703e+04 -7.39451e+04 2010325 1 6.5085e-01
+4.21966e+04 -7.47792e+04 3010274 1 6.8982e-01
+3.91986e+04 -7.42087e+04 2010326 1 6.6538e-01
+4.03450e+03 -7.50241e+04 10342 0 1.3832e+00
+4.33990e+03 -7.55181e+04 10343 0 1.3809e+00
+4.64364e+04 -7.38359e+04 3010316 1 6.6900e-01
+4.65229e+03 -7.60415e+04 10344 0 1.3790e+00
+4.97305e+03 -7.65921e+04 10345 0 1.3764e+00
+5.30385e+03 -7.71684e+04 10346 0 1.3737e+00
+5.64702e+03 -7.77695e+04 10347 0 1.3714e+00
+6.00463e+03 -7.83933e+04 10348 0 1.3687e+00
+6.37921e+03 -7.90374e+04 10349 0 1.3661e+00
+6.77358e+03 -7.97001e+04 10350 0 1.3640e+00
+7.19120e+03 -8.03791e+04 10351 0 1.3617e+00
+7.63501e+03 -8.10713e+04 10352 0 1.3604e+00
+8.10950e+03 -8.17746e+04 10353 0 1.3593e+00
+8.61837e+03 -8.24856e+04 10354 0 1.3597e+00
+9.16654e+03 -8.32014e+04 10355 0 1.3601e+00
+9.75906e+03 -8.39187e+04 10356 0 1.3620e+00
+1.04010e+04 -8.46341e+04 10357 0 1.3645e+00
+1.10987e+04 -8.53438e+04 10358 0 1.3672e+00
+1.18576e+04 -8.60441e+04 10359 0 1.3696e+00
+1.26846e+04 -8.67307e+04 10360 0 1.3689e+00
+1.35844e+04 -8.73991e+04 10361 0 1.3668e+00
+1.45635e+04 -8.80447e+04 10362 0 1.3554e+00
+1.56247e+04 -8.86627e+04 10363 0 1.3411e+00
+1.67806e+04 -8.92511e+04 10364 0 1.4432e+00
+1.80450e+04 -8.98083e+04 10365 0 1.4946e+00
+1.94155e+04 -9.03243e+04 10366 0 1.4970e+00
+2.08775e+04 -9.07938e+04 10367 0 1.4740e+00
+2.24278e+04 -9.12124e+04 10368 0 1.4412e+00
+2.83374e+04 -7.55674e+04 2010155 1 5.6695e-01
+3.27803e+04 -7.66671e+04 2010200 1 6.7292e-01
+2.57086e+04 -7.49429e+04 2010112 1 5.0356e-01
+3.78615e+04 -7.67946e+04 2010245 1 7.1954e-01
+3.11457e+04 -7.57664e+04 2010198 1 6.1828e-01
+3.68515e+04 -7.65601e+04 2010244 1 7.0860e-01
+3.19373e+04 -7.62409e+04 2010199 1 6.4810e-01
+3.49606e+04 -7.59655e+04 2010242 1 6.7422e-01
+3.58839e+04 -7.62843e+04 2010243 1 6.9392e-01
+3.04053e+04 -7.52435e+04 2010197 1 5.8692e-01
+3.40824e+04 -7.56023e+04 2010241 1 6.5162e-01
+3.71014e+04 -7.51385e+04 2010284 1 6.7351e-01
+4.00584e+04 -7.58264e+04 3010234 1 7.0619e-01
+3.80482e+04 -7.54067e+04 2010285 1 6.8780e-01
+4.01635e+04 -7.44342e+04 2010327 1 6.7641e-01
+4.11633e+04 -7.46238e+04 3010273 1 6.8460e-01
+4.52294e+04 -8.44028e+04 1010751 1 7.5987e-01
+4.60908e+04 -8.51946e+04 1010713 1 7.5484e-01
+4.60870e+04 -8.34814e+04 1010790 1 7.4455e-01
+5.78758e+03 -7.37512e+04 10388 0 1.2587e+00
+4.53428e+04 -7.37653e+04 3010315 1 6.7034e-01
+6.11043e+03 -7.44707e+04 10389 0 1.2524e+00
+6.44508e+03 -7.52169e+04 10390 0 1.2465e+00
+6.79454e+03 -7.59883e+04 10391 0 1.2403e+00
+7.16215e+03 -7.67823e+04 10392 0 1.2334e+00
+7.55120e+03 -7.75955e+04 10393 0 1.2266e+00
+7.96595e+03 -7.84255e+04 10394 0 1.2203e+00
+8.41094e+03 -7.92691e+04 10395 0 1.2138e+00
+8.89076e+03 -8.01219e+04 10396 0 1.2079e+00
+9.41099e+03 -8.09809e+04 10397 0 1.2026e+00
+9.97735e+03 -8.18412e+04 10398 0 1.1975e+00
+1.05964e+04 -8.26989e+04 10399 0 1.1932e+00
+1.12741e+04 -8.35487e+04 10400 0 1.1884e+00
+1.20184e+04 -8.43858e+04 10401 0 1.1811e+00
+1.28356e+04 -8.52044e+04 10402 0 1.1718e+00
+1.37315e+04 -8.59985e+04 10403 0 1.1568e+00
+1.47124e+04 -8.67619e+04 10404 0 1.1335e+00
+1.57864e+04 -8.74909e+04 10405 0 1.2124e+00
+1.69756e+04 -8.81862e+04 10406 0 1.2569e+00
+1.82761e+04 -8.88353e+04 10407 0 1.2695e+00
+1.96788e+04 -8.94296e+04 10408 0 1.2407e+00
+2.11770e+04 -8.99636e+04 10409 0 1.2583e+00
+3.56074e+04 -7.76645e+04 2010203 1 7.3080e-01
+3.36740e+04 -7.70455e+04 2010201 1 6.9562e-01
+3.46169e+04 -7.73775e+04 2010202 1 7.1556e-01
+3.05690e+04 -7.72131e+04 2010158 1 6.6384e-01
+2.97690e+04 -7.67144e+04 2010157 1 6.3441e-01
+2.90254e+04 -7.61656e+04 2010156 1 6.0196e-01
+4.00005e+04 -7.71476e+04 3010196 1 7.3194e-01
+2.69041e+04 -7.63529e+04 2010114 1 5.7808e-01
+2.42436e+04 -7.55133e+04 2010071 1 5.3020e-01
+4.22820e+04 -7.73612e+04 3010198 1 7.3297e-01
+3.89120e+04 -7.69897e+04 3010195 1 7.2712e-01
+4.11247e+04 -7.72706e+04 3010197 1 7.3367e-01
+2.62776e+04 -7.56716e+04 2010113 1 5.3965e-01
+2.37470e+04 -7.47000e+04 2010070 1 4.9669e-01
+4.33355e+04 -7.61956e+04 3010237 1 7.1319e-01
+4.22110e+04 -7.61043e+04 3010236 1 7.1330e-01
+4.29000e+04 -8.36291e+04 1010788 1 7.8200e-01
+2.18395e+04 -7.41476e+04 2010028 1 5.3633e-01
+4.11179e+04 -7.59820e+04 3010235 1 7.1109e-01
+3.90345e+04 -7.56353e+04 2010286 1 6.9844e-01
+4.35723e+04 -8.44841e+04 1010750 1 7.8019e-01
+4.44880e+04 -8.35654e+04 1010789 1 7.6393e-01
+4.43687e+04 -8.52906e+04 1010712 1 7.7769e-01
+4.45024e+04 -8.68787e+04 1010635 1 7.9022e-01
+4.52925e+04 -8.60531e+04 1010674 1 7.7408e-01
+4.56686e+04 -8.75775e+04 1010597 0 7.5081e-01
+4.51256e+04 -8.83455e+04 1010558 0 7.0655e-01
+4.67652e+04 -8.89935e+04 1010520 0 6.4430e-01
+7.79369e+03 -7.43612e+04 10434 0 1.0848e+00
+8.15690e+03 -7.52942e+04 10435 0 1.0749e+00
+4.66262e+04 -7.51029e+04 3010278 1 6.8647e-01
+8.54536e+03 -7.62464e+04 10436 0 1.0641e+00
+8.96448e+03 -7.72145e+04 10437 0 1.0540e+00
+9.42027e+03 -7.81946e+04 10438 0 1.0433e+00
+9.91856e+03 -7.91812e+04 10439 0 1.0333e+00
+1.04666e+04 -8.01698e+04 10440 0 1.0239e+00
+1.10711e+04 -8.11542e+04 10441 0 1.0137e+00
+1.17404e+04 -8.21289e+04 10442 0 1.0012e+00
+1.24818e+04 -8.30865e+04 10443 0 9.8530e-01
+1.33029e+04 -8.40196e+04 10444 0 9.6429e-01
+1.42091e+04 -8.49201e+04 10445 0 9.3683e-01
+1.52097e+04 -8.57828e+04 10446 0 9.9451e-01
+1.63302e+04 -8.66103e+04 10447 0 1.0390e+00
+1.75642e+04 -8.73863e+04 10448 0 1.0443e+00
+1.89076e+04 -8.80996e+04 10449 0 1.0120e+00
+2.03588e+04 -8.87450e+04 10450 0 1.0688e+00
+3.66438e+04 -7.79081e+04 2010204 1 7.4134e-01
+3.32999e+04 -7.84110e+04 2010161 1 7.3425e-01
+3.14245e+04 -7.76618e+04 2010159 1 6.9074e-01
+3.23354e+04 -7.80608e+04 2010160 1 7.1391e-01
+2.83376e+04 -7.75666e+04 2010116 1 6.4719e-01
+3.77236e+04 -7.81102e+04 3010156 1 7.4858e-01
+2.48000e+04 -7.62836e+04 2010072 1 5.5910e-01
+4.35065e+04 -8.61436e+04 1010673 1 7.9778e-01
+2.75907e+04 -7.69848e+04 2010115 1 6.1276e-01
+4.00024e+04 -7.83990e+04 3010158 1 7.5394e-01
+2.22568e+04 -7.50450e+04 2010029 1 5.5331e-01
+3.88441e+04 -7.82730e+04 3010157 1 7.5273e-01
+4.13266e+04 -8.36684e+04 1010787 1 7.9843e-01
+4.09358e+04 -8.54193e+04 1010710 1 8.2009e-01
+4.18476e+04 -8.77437e+04 1010595 0 7.9264e-01
+4.19241e+04 -8.45434e+04 1010749 1 7.9930e-01
+4.17196e+04 -8.62127e+04 1010672 1 8.2044e-01
+4.28971e+04 -9.05728e+04 1010440 0 6.8963e-01
+4.26498e+04 -8.69614e+04 1010634 1 8.1379e-01
+4.26490e+04 -8.53670e+04 1010711 1 7.9965e-01
+4.28110e+04 -8.91610e+04 1010518 0 6.7472e-01
+4.37639e+04 -8.76706e+04 1010596 0 7.7262e-01
+4.49014e+04 -9.05105e+04 1010441 0 6.6977e-01
+4.54781e+04 -7.50623e+04 3010277 1 6.9062e-01
+4.59274e+04 -7.74627e+04 3010201 1 7.1649e-01
+4.63469e+04 -8.67776e+04 1010636 1 7.6559e-01
+9.33816e+03 -7.46533e+04 10478 0 9.0241e-01
+9.73589e+03 -7.57273e+04 10479 0 8.8756e-01
+1.01732e+04 -7.68143e+04 10480 0 8.7407e-01
+1.06576e+04 -7.79089e+04 10481 0 8.5962e-01
+1.11968e+04 -7.90044e+04 10482 0 8.4507e-01
+1.17996e+04 -8.00944e+04 10483 0 8.2861e-01
+1.24741e+04 -8.11702e+04 10484 0 8.0743e-01
+1.32286e+04 -8.22229e+04 10485 0 7.7868e-01
+1.40697e+04 -8.32423e+04 10486 0 7.4245e-01
+1.50079e+04 -8.42227e+04 10487 0 8.0277e-01
+1.60691e+04 -8.51673e+04 10488 0 8.3697e-01
+1.72463e+04 -8.60544e+04 10489 0 8.3249e-01
+1.85338e+04 -8.68706e+04 10490 0 7.9435e-01
+1.99508e+04 -8.76157e+04 10491 0 8.7048e-01
+3.64931e+04 -7.91834e+04 3010117 1 7.6799e-01
+3.53811e+04 -7.89706e+04 2010163 1 7.6112e-01
+2.91461e+04 -7.80968e+04 2010117 1 6.7711e-01
+3.43159e+04 -7.87138e+04 2010162 1 7.5052e-01
+3.00156e+04 -7.85750e+04 2010118 1 7.0550e-01
+2.27355e+04 -7.59064e+04 2010030 1 5.7173e-01
+2.54193e+04 -7.70070e+04 2010073 1 5.9361e-01
+3.97722e+04 -8.36793e+04 1010786 1 8.1278e-01
+3.86714e+04 -8.45775e+04 1010747 1 8.3212e-01
+3.92334e+04 -8.54423e+04 1010709 1 8.3891e-01
+3.89351e+04 -8.70496e+04 1010632 1 8.5601e-01
+4.02889e+04 -8.45761e+04 1010748 1 8.1675e-01
+3.99360e+04 -8.62550e+04 1010671 1 8.4178e-01
+3.99233e+04 -8.77907e+04 1010594 0 8.1060e-01
+4.07925e+04 -8.70205e+04 1010633 1 8.3577e-01
+4.08068e+04 -8.92151e+04 1010517 0 6.8731e-01
+4.12040e+04 -8.84926e+04 1010556 0 7.3699e-01
+4.27171e+04 -8.98727e+04 1010479 0 6.5436e-01
+4.48102e+04 -9.58743e+04 1010163 0 1.8008e+00
+4.33535e+04 -9.12687e+04 1010401 0 7.6639e-01
+4.31722e+04 -8.84297e+04 1010557 0 7.2264e-01
+4.40810e+04 -9.19680e+04 1010362 0 8.8425e-01
+4.44418e+04 -9.34418e+04 1010283 0 1.1899e+00
+4.38635e+04 -8.26779e+04 3010008 1 7.6719e-01
+4.47215e+04 -8.98044e+04 1010480 0 6.4065e-01
+4.53408e+04 -9.12116e+04 1010402 0 7.3873e-01
+4.43394e+04 -8.07144e+04 3010085 1 7.5327e-01
+4.50665e+04 -9.26774e+04 1010323 0 1.0050e+00
+4.47981e+04 -8.90853e+04 1010519 0 6.6011e-01
+4.59705e+04 -9.41947e+04 1010244 0 1.3232e+00
+4.53955e+04 -8.26120e+04 3010009 1 7.5008e-01
+4.56697e+04 -7.62943e+04 3010239 1 7.0572e-01
+4.57529e+04 -8.06699e+04 3010086 1 7.3941e-01
+4.67039e+04 -8.97206e+04 1010481 0 6.2591e-01
+4.66768e+04 -7.96158e+04 3010125 1 7.2553e-01
+1.06944e+04 -7.48749e+04 10521 0 7.4195e-01
+1.11227e+04 -7.60473e+04 10522 0 7.2728e-01
+1.16053e+04 -7.72264e+04 10523 0 7.1480e-01
+1.21508e+04 -7.84040e+04 10524 0 7.0150e-01
+1.27692e+04 -7.95716e+04 10525 0 6.8542e-01
+1.34684e+04 -8.07173e+04 10526 0 6.6762e-01
+1.42551e+04 -8.18289e+04 10527 0 6.4909e-01
+1.51453e+04 -8.29043e+04 10528 0 7.4025e-01
+1.61609e+04 -8.39415e+04 10529 0 7.4177e-01
+1.72919e+04 -8.49139e+04 10530 0 6.9938e-01
+1.85368e+04 -8.58094e+04 10531 0 7.1213e-01
+1.99305e+04 -8.66323e+04 10532 0 7.1109e-01
+3.19324e+04 -7.93763e+04 2010120 1 7.5096e-01
+3.29762e+04 -7.97006e+04 2010121 1 7.6712e-01
+3.09446e+04 -7.90015e+04 2010119 1 7.3040e-01
+2.68530e+04 -7.83056e+04 2010075 1 6.5971e-01
+2.61027e+04 -7.76821e+04 2010074 1 6.2736e-01
+3.76486e+04 -7.93544e+04 3010118 1 7.7188e-01
+3.70770e+04 -8.45423e+04 1010746 1 8.4494e-01
+3.88443e+04 -7.94863e+04 3010119 1 7.7270e-01
+3.82413e+04 -8.36571e+04 1010785 1 8.2479e-01
+3.81607e+04 -8.62645e+04 1010670 1 8.6150e-01
+3.75473e+04 -8.54303e+04 1010708 1 8.5545e-01
+3.92252e+04 -8.85275e+04 1010555 0 7.4936e-01
+3.87899e+04 -8.92406e+04 1010516 0 6.9819e-01
+3.79960e+04 -8.78043e+04 1010593 0 8.2610e-01
+3.86558e+04 -8.99402e+04 1010477 0 6.7817e-01
+4.06937e+04 -8.99202e+04 1010478 0 6.6709e-01
+4.08723e+04 -9.06162e+04 1010439 0 7.0889e-01
+4.13448e+04 -9.13097e+04 1010400 0 7.9582e-01
+4.21070e+04 -9.20075e+04 1010361 0 9.2323e-01
+4.31437e+04 -9.27152e+04 1010322 0 1.0536e+00
+4.41797e+04 -9.42196e+04 1010243 0 1.3889e+00
+4.43019e+04 -9.50255e+04 1010203 0 1.5795e+00
+4.44891e+04 -7.62582e+04 3010238 1 7.1052e-01
+4.62968e+04 -9.34069e+04 1010284 0 1.1339e+00
+4.60331e+04 -9.19156e+04 1010363 0 8.4634e-01
+1.18207e+04 -7.46846e+04 10563 0 6.5623e-01
+1.22565e+04 -7.59189e+04 10564 0 6.5180e-01
+1.27572e+04 -7.71562e+04 10565 0 6.5601e-01
+1.33321e+04 -7.83852e+04 10566 0 6.6072e-01
+1.39900e+04 -7.95930e+04 10567 0 6.6314e-01
+1.47353e+04 -8.07629e+04 10568 0 6.5863e-01
+1.55980e+04 -8.19071e+04 10569 0 7.1755e-01
+1.65831e+04 -8.30033e+04 10570 0 6.8012e-01
+1.76781e+04 -8.40240e+04 10571 0 6.2711e-01
+1.89145e+04 -8.49754e+04 10572 0 7.0168e-01
+2.02784e+04 -8.58369e+04 10573 0 6.5576e-01
+3.40731e+04 -7.99759e+04 2010122 1 7.7899e-01
+2.03433e+04 -7.42156e+04 10848 1 6.1421e-01
+3.52201e+04 -8.02041e+04 3010078 1 7.8605e-01
+3.64137e+04 -8.03875e+04 3010079 1 7.8979e-01
+2.85528e+04 -7.93936e+04 2010077 1 7.1925e-01
+2.76694e+04 -7.88767e+04 2010076 1 6.9086e-01
+3.67393e+04 -8.35971e+04 1010784 1 8.3392e-01
+3.58835e+04 -8.53770e+04 1010707 1 8.6940e-01
+2.32769e+04 -7.67277e+04 2010031 1 6.0172e-01
+3.63999e+04 -8.62345e+04 1010669 1 8.7889e-01
+3.60722e+04 -8.77766e+04 1010592 0 8.3831e-01
+3.70831e+04 -8.70417e+04 1010631 1 8.7404e-01
+3.72416e+04 -8.85267e+04 1010554 0 7.5952e-01
+3.72813e+04 -9.13211e+04 1010398 0 8.5324e-01
+3.67663e+04 -8.92297e+04 1010515 0 7.0644e-01
+3.88314e+04 -9.06345e+04 1010438 0 7.2770e-01
+3.93189e+04 -9.13293e+04 1010399 0 8.2467e-01
+4.06790e+04 -9.34819e+04 1010281 0 1.3045e+00
+4.01145e+04 -9.20298e+04 1010360 0 9.6286e-01
+4.31874e+04 -9.58819e+04 1010162 0 1.8812e+00
+4.23734e+04 -9.42370e+04 1010242 0 1.4554e+00
+4.08510e+04 -8.27382e+04 3010006 1 7.9623e-01
+4.25682e+04 -9.34677e+04 1010282 0 1.2467e+00
+4.29464e+04 -8.07360e+04 3010084 1 7.6522e-01
+4.33518e+04 -8.17359e+04 3010046 1 7.6779e-01
+4.56862e+04 -9.67759e+04 1010123 0 2.0117e+00
+4.46859e+04 -7.74547e+04 3010200 1 7.2423e-01
+4.60119e+04 -9.50084e+04 1010204 0 1.5065e+00
+4.53092e+04 -7.96583e+04 3010124 1 7.3851e-01
+1.27172e+04 -7.38864e+04 10604 0 6.6967e-01
+1.31203e+04 -7.51506e+04 10605 0 6.5912e-01
+1.35914e+04 -7.64191e+04 10606 0 6.8506e-01
+1.41409e+04 -7.76795e+04 10607 0 7.1071e-01
+1.47741e+04 -7.89129e+04 10608 0 7.2807e-01
+1.55022e+04 -8.01114e+04 10609 0 7.5674e-01
+1.63579e+04 -8.12868e+04 10610 0 7.3510e-01
+1.73242e+04 -8.23955e+04 10611 0 6.9855e-01
+1.84185e+04 -8.34345e+04 10612 0 7.5483e-01
+1.96503e+04 -8.43936e+04 10613 0 7.0649e-01
+2.10043e+04 -8.52535e+04 10614 0 7.5080e-01
+3.05137e+04 -8.02633e+04 2010079 1 7.6677e-01
+2.95017e+04 -7.98558e+04 2010078 1 7.4467e-01
+3.76502e+04 -8.05289e+04 3010080 1 7.9034e-01
+2.38859e+04 -7.75046e+04 2010032 1 6.2183e-01
+3.42488e+04 -8.52760e+04 1010706 1 8.8060e-01
+3.55116e+04 -8.44648e+04 1010745 1 8.5524e-01
+3.46607e+04 -8.61572e+04 1010668 1 8.9405e-01
+3.32907e+04 -8.83804e+04 1010552 0 7.7118e-01
+3.52437e+04 -8.69886e+04 1010630 1 8.8941e-01
+3.41601e+04 -8.76979e+04 1010591 0 8.4646e-01
+3.52603e+04 -8.84812e+04 1010553 0 7.6668e-01
+3.47280e+04 -9.05659e+04 1010436 0 7.6333e-01
+3.45644e+04 -8.98651e+04 1010475 0 6.9680e-01
+3.47441e+04 -8.91728e+04 1010514 0 7.1207e-01
+3.66098e+04 -8.99249e+04 1010476 0 6.8789e-01
+3.67805e+04 -9.06206e+04 1010437 0 7.4596e-01
+3.72796e+04 -9.27344e+04 1010319 0 1.2017e+00
+3.87783e+04 -9.34809e+04 1010280 0 1.3625e+00
+3.81086e+04 -9.20296e+04 1010359 0 1.0027e+00
+4.08476e+04 -9.50412e+04 1010201 0 1.7261e+00
+3.92456e+04 -9.27479e+04 1010320 0 1.1528e+00
+4.12021e+04 -9.27400e+04 1010321 0 1.1031e+00
+4.25797e+04 -9.50370e+04 1010202 0 1.6527e+00
+4.41741e+04 -9.67809e+04 1010122 0 2.0994e+00
+4.04905e+04 -8.17489e+04 3010044 1 7.9115e-01
+4.19092e+04 -8.17564e+04 3010045 1 7.8047e-01
+4.55174e+04 -9.77497e+04 1010082 0 2.2863e+00
+4.23474e+04 -8.27212e+04 3010007 1 7.8271e-01
+4.39623e+04 -7.96791e+04 3010123 1 7.4980e-01
+4.62603e+04 -7.85691e+04 3010163 1 7.2317e-01
+1.41817e+04 -7.49610e+04 10646 0 7.5622e-01
+1.46455e+04 -7.62328e+04 10647 0 7.9555e-01
+1.51914e+04 -7.74884e+04 10648 0 8.3287e-01
+1.58191e+04 -7.87031e+04 10649 0 8.4816e-01
+1.65696e+04 -7.99076e+04 10650 0 8.3586e-01
+1.74288e+04 -8.10540e+04 10651 0 8.1292e-01
+1.84082e+04 -8.21350e+04 10652 0 8.5273e-01
+1.95203e+04 -8.31416e+04 10653 0 7.9889e-01
+2.07563e+04 -8.40551e+04 10654 0 8.4036e-01
+2.21154e+04 -8.48685e+04 10655 0 8.0372e-01
+3.39038e+04 -8.11664e+04 3010039 1 8.0302e-01
+3.27186e+04 -8.09169e+04 2010081 1 7.9507e-01
+3.15872e+04 -8.06165e+04 2010080 1 7.8328e-01
+2.45654e+04 -7.82331e+04 2010033 1 6.5430e-01
+3.52716e+04 -8.34947e+04 1010783 1 8.4056e-01
+3.39816e+04 -8.43397e+04 1010744 1 8.6271e-01
+3.29508e+04 -8.60251e+04 1010667 1 9.0680e-01
+3.34249e+04 -8.68813e+04 1010629 1 9.0201e-01
+3.22697e+04 -8.75579e+04 1010590 0 8.4915e-01
+3.13441e+04 -8.82134e+04 1010551 0 7.7299e-01
+3.27337e+04 -8.90593e+04 1010513 0 7.1396e-01
+3.25302e+04 -8.97505e+04 1010474 0 7.0502e-01
+3.26846e+04 -9.04610e+04 1010435 0 7.7965e-01
+3.32053e+04 -9.11912e+04 1010396 0 9.0811e-01
+3.52400e+04 -9.12778e+04 1010397 0 8.8008e-01
+3.60957e+04 -9.20010e+04 1010358 0 1.0433e+00
+3.79345e+04 -8.26776e+04 3010004 1 8.1619e-01
+4.15569e+04 -9.58848e+04 1010161 0 1.9623e+00
+4.05545e+04 -9.42445e+04 1010241 0 1.5228e+00
+3.90998e+04 -8.17100e+04 3010043 1 7.9931e-01
+3.93786e+04 -8.27250e+04 3010005 1 8.0755e-01
+4.59094e+04 -9.88092e+04 1010041 0 2.5026e+00
+4.02359e+04 -8.06977e+04 3010082 1 7.8285e-01
+4.13430e+04 -7.96438e+04 3010121 1 7.6605e-01
+4.15774e+04 -8.07315e+04 3010083 1 7.7524e-01
+4.24211e+04 -7.85510e+04 3010160 1 7.4853e-01
+4.36755e+04 -7.85823e+04 3010161 1 7.4225e-01
+4.64235e+04 -9.58629e+04 1010164 0 1.7208e+00
+4.62946e+04 -8.16250e+04 3010048 1 7.3699e-01
+1.50492e+04 -7.40998e+04 10686 0 9.2748e-01
+1.54531e+04 -7.53436e+04 10687 0 9.2106e-01
+1.59355e+04 -7.65750e+04 10688 0 9.5662e-01
+1.64959e+04 -7.77695e+04 10689 0 9.6803e-01
+1.71695e+04 -7.89514e+04 10690 0 9.4207e-01
+1.79425e+04 -8.00772e+04 10691 0 9.2570e-01
+1.88349e+04 -8.11486e+04 10692 0 9.3632e-01
+1.98377e+04 -8.21419e+04 10693 0 8.9617e-01
+2.09709e+04 -8.30560e+04 10694 0 9.1726e-01
+2.22089e+04 -8.38728e+04 10695 0 9.1974e-01
+2.35666e+04 -8.45921e+04 10696 1 9.1261e-01
+3.51388e+04 -8.13674e+04 3010040 1 8.0718e-01
+3.38440e+04 -8.33449e+04 1010782 1 8.4365e-01
+2.53160e+04 -7.89106e+04 2010034 1 6.8151e-01
+3.26511e+04 -8.51206e+04 1010705 1 8.8855e-01
+3.12793e+04 -8.58301e+04 1010666 1 9.1730e-01
+3.16364e+04 -8.67106e+04 1010628 1 9.1100e-01
+3.04130e+04 -8.73459e+04 1010589 0 8.5157e-01
+2.94338e+04 -8.79685e+04 1010550 0 7.7107e-01
+3.07483e+04 -8.88779e+04 1010512 0 7.1068e-01
+3.05203e+04 -8.95701e+04 1010473 0 7.1218e-01
+3.06639e+04 -9.02958e+04 1010434 0 7.9272e-01
+3.11894e+04 -9.10525e+04 1010395 0 9.3905e-01
+3.40847e+04 -9.19372e+04 1010357 0 1.0833e+00
+3.33503e+04 -9.26211e+04 1010317 0 1.2936e+00
+3.53114e+04 -9.26940e+04 1010318 0 1.2491e+00
+3.68714e+04 -9.34610e+04 1010279 0 1.4211e+00
+3.68952e+04 -9.42199e+04 1010239 0 1.6556e+00
+3.65238e+04 -8.25917e+04 3010003 1 8.2220e-01
+3.99215e+04 -9.58819e+04 1010160 0 2.0428e+00
+3.87268e+04 -9.42398e+04 1010240 0 1.5897e+00
+3.77414e+04 -8.16358e+04 3010042 1 8.0502e-01
+4.41209e+04 -9.77512e+04 1010081 0 2.3797e+00
+4.26565e+04 -9.67831e+04 1010121 0 2.1873e+00
+3.89255e+04 -8.06312e+04 3010081 1 7.8802e-01
+4.00769e+04 -7.95818e+04 3010120 1 7.7077e-01
+4.34700e+04 -7.74217e+04 3010199 1 7.2965e-01
+4.49562e+04 -7.85874e+04 3010162 1 7.3370e-01
+4.48148e+04 -8.16910e+04 3010047 1 7.5311e-01
+1.64939e+04 -7.49089e+04 10727 1 9.8817e-01
+1.69318e+04 -7.60679e+04 10728 1 9.8716e-01
+1.74437e+04 -7.72004e+04 10729 1 9.7114e-01
+1.80545e+04 -7.83076e+04 10730 1 9.5500e-01
+1.87553e+04 -7.93673e+04 10731 1 9.5055e-01
+1.95671e+04 -8.03757e+04 10732 1 9.3124e-01
+2.04778e+04 -8.13177e+04 10733 1 9.4035e-01
+2.15003e+04 -8.21852e+04 10734 1 9.1901e-01
+2.26271e+04 -8.29707e+04 10735 1 9.3131e-01
+2.38562e+04 -8.36686e+04 10736 1 9.2107e-01
+2.51820e+04 -8.42760e+04 10737 1 9.3100e-01
+3.24939e+04 -8.41613e+04 1010743 1 8.6660e-01
+2.96558e+04 -8.55643e+04 1010665 1 9.2448e-01
+2.70366e+04 -8.01006e+04 2010036 1 7.3658e-01
+3.10988e+04 -8.49041e+04 1010704 1 8.9302e-01
+2.61403e+04 -7.95337e+04 2010035 1 7.0968e-01
+2.98893e+04 -8.64666e+04 1010627 1 9.1513e-01
+2.86019e+04 -8.70508e+04 1010588 0 8.5281e-01
+2.75763e+04 -8.76342e+04 1010549 0 7.6032e-01
+2.69159e+04 -8.82659e+04 1010510 0 7.1146e-01
+2.85503e+04 -8.93129e+04 1010472 0 7.1701e-01
+2.66381e+04 -8.89692e+04 1010471 0 7.1366e-01
+2.88043e+04 -8.86170e+04 1010511 0 7.0707e-01
+2.86826e+04 -9.00606e+04 1010433 0 7.9805e-01
+2.92065e+04 -9.08529e+04 1010394 0 9.6999e-01
+3.01146e+04 -9.16744e+04 1010355 0 1.1574e+00
+3.14079e+04 -9.25098e+04 1010316 0 1.3314e+00
+3.30691e+04 -9.33471e+04 1010277 0 1.5352e+00
+3.20867e+04 -9.18308e+04 1010356 0 1.1220e+00
+3.73684e+04 -9.50209e+04 1010199 0 1.8676e+00
+3.50662e+04 -9.41816e+04 1010238 0 1.7188e+00
+3.49655e+04 -9.34179e+04 1010278 0 1.4787e+00
+3.91091e+04 -9.50365e+04 1010200 0 1.7979e+00
+4.27219e+04 -9.77514e+04 1010080 0 2.4728e+00
+4.68232e+04 -9.99827e+04 1010000 0 2.6361e+00
+3.64195e+04 -8.15228e+04 3010041 1 8.0755e-01
+2.98630e+04 -8.25697e+04 10860 1 8.3164e-01
+4.26392e+04 -7.96752e+04 3010122 1 7.5907e-01
+1.76477e+04 -7.45485e+04 10767 1 8.9733e-01
+1.80486e+04 -7.56226e+04 10768 1 8.8086e-01
+1.85184e+04 -7.66783e+04 10769 1 8.6792e-01
+1.90719e+04 -7.77017e+04 10770 1 8.5931e-01
+1.97075e+04 -7.86858e+04 10771 1 8.6323e-01
+2.04367e+04 -7.96213e+04 10772 1 8.5080e-01
+2.12606e+04 -8.05004e+04 10773 1 8.6263e-01
+2.21790e+04 -8.13161e+04 10774 1 8.6575e-01
+2.31972e+04 -8.20605e+04 10775 1 8.7208e-01
+2.43072e+04 -8.27305e+04 10776 1 8.8094e-01
+2.55101e+04 -8.33213e+04 10777 1 8.8826e-01
+2.67965e+04 -8.38328e+04 10778 1 8.9104e-01
+2.80052e+04 -8.06093e+04 2010037 1 7.6200e-01
+3.24625e+04 -8.31434e+04 1010781 1 8.4375e-01
+3.10559e+04 -8.39245e+04 1010742 1 8.6661e-01
+2.95997e+04 -8.46207e+04 1010703 1 8.9653e-01
+2.81969e+04 -8.61401e+04 1010626 1 9.1463e-01
+2.80909e+04 -8.52206e+04 1010664 1 9.2729e-01
+2.57908e+04 -8.72014e+04 1010548 0 7.5516e-01
+2.68502e+04 -8.66627e+04 1010587 0 8.5083e-01
+2.50997e+04 -8.78155e+04 1010509 0 7.0800e-01
+2.48075e+04 -8.85320e+04 1010470 0 7.0632e-01
+2.67593e+04 -8.97468e+04 1010432 0 8.1550e-01
+2.72723e+04 -9.05846e+04 1010393 0 9.9778e-01
+2.49066e+04 -8.93471e+04 1010431 0 8.3671e-01
+2.63137e+04 -9.11865e+04 1010353 0 1.1998e+00
+2.81840e+04 -9.14614e+04 1010354 0 1.1848e+00
+2.54045e+04 -9.02416e+04 1010392 0 1.0153e+00
+2.76305e+04 -9.21494e+04 1010314 0 1.4232e+00
+2.94972e+04 -9.23543e+04 1010315 0 1.3780e+00
+3.11925e+04 -9.32440e+04 1010276 0 1.5887e+00
+3.32474e+04 -9.41216e+04 1010237 0 1.7782e+00
+3.56309e+04 -9.49923e+04 1010198 0 1.9343e+00
+3.82843e+04 -9.58720e+04 1010159 0 2.1219e+00
+3.39029e+04 -9.49484e+04 1010197 0 2.0020e+00
+4.46374e+04 -9.88094e+04 1010040 0 2.6000e+00
+3.66492e+04 -9.58537e+04 1010158 0 2.1984e+00
+4.11352e+04 -9.67822e+04 1010120 0 2.2746e+00
+3.51515e+04 -8.24633e+04 3010002 1 8.2489e-01
+4.11958e+04 -7.84908e+04 3010159 1 7.5255e-01
+1.88278e+04 -7.40037e+04 10807 1 7.2170e-01
+1.91947e+04 -7.50170e+04 10808 1 7.4991e-01
+1.96230e+04 -7.60090e+04 10809 1 7.4765e-01
+2.01250e+04 -7.69705e+04 10810 1 7.4394e-01
+2.07022e+04 -7.78949e+04 10811 1 7.5582e-01
+2.13583e+04 -7.87758e+04 10812 1 7.6769e-01
+2.21023e+04 -7.96051e+04 10813 1 7.7510e-01
+2.29307e+04 -8.03790e+04 10814 1 7.9305e-01
+2.38482e+04 -8.10911e+04 10815 1 8.0201e-01
+2.48519e+04 -8.17375e+04 10816 1 8.2267e-01
+2.59413e+04 -8.23147e+04 10817 1 8.3452e-01
+2.71109e+04 -8.28218e+04 10818 1 8.4963e-01
+2.83580e+04 -8.32578e+04 10819 1 8.5845e-01
+3.13157e+04 -8.17850e+04 2010040 1 8.1235e-01
+3.25424e+04 -8.20632e+04 3010000 1 8.2014e-01
+2.90434e+04 -8.10593e+04 2010038 1 7.8288e-01
+3.11334e+04 -8.28862e+04 1010780 1 8.4030e-01
+2.96752e+04 -8.36245e+04 1010741 1 8.6301e-01
+2.51768e+04 -8.61730e+04 1010586 0 8.3100e-01
+2.81625e+04 -8.42651e+04 1010702 1 8.9718e-01
+2.65698e+04 -8.57229e+04 1010625 1 9.1949e-01
+3.01478e+04 -8.14510e+04 2010039 1 8.0064e-01
+2.40864e+04 -8.66614e+04 1010547 0 7.5688e-01
+2.30666e+04 -8.79957e+04 1010469 0 7.2113e-01
+2.33824e+04 -8.72614e+04 1010508 0 6.8823e-01
+2.31422e+04 -8.88580e+04 1010430 0 8.3863e-01
+2.65972e+04 -8.47925e+04 1010663 1 9.2674e-01
+2.36264e+04 -8.98215e+04 1010391 0 1.0144e+00
+2.50200e+04 -8.52083e+04 1010624 1 9.1617e-01
+2.45161e+04 -9.08458e+04 1010352 0 1.2396e+00
+2.58207e+04 -9.18915e+04 1010313 0 1.4619e+00
+2.35942e+04 -8.55756e+04 1010585 0 8.4042e-01
+2.24898e+04 -8.60127e+04 1010546 0 7.2650e-01
+2.17680e+04 -8.65999e+04 1010507 0 7.0453e-01
+2.14338e+04 -8.73611e+04 1010468 0 6.7129e-01
+2.75446e+04 -9.29247e+04 1010274 0 1.6760e+00
+2.14948e+04 -8.82814e+04 1010429 0 8.3778e-01
+2.19436e+04 -8.93221e+04 1010390 0 1.0507e+00
+3.14478e+04 -9.40368e+04 1010236 0 1.8314e+00
+2.27997e+04 -9.04375e+04 1010351 0 1.2700e+00
+2.93469e+04 -9.31043e+04 1010275 0 1.6369e+00
+2.40812e+04 -9.15788e+04 1010312 0 1.4869e+00
+3.21913e+04 -9.48870e+04 1010196 0 2.0655e+00
+3.50208e+04 -9.58258e+04 1010157 0 2.2718e+00
+2.57984e+04 -9.27032e+04 1010273 0 1.6984e+00
+3.38226e+04 -8.22883e+04 3010001 1 8.2411e-01
+2.79485e+04 -9.37819e+04 1010234 0 1.8965e+00
+3.05039e+04 -9.48061e+04 1010195 0 2.1237e+00
+4.13217e+04 -9.77499e+04 1010079 0 2.5641e+00
+3.65728e+04 -9.67535e+04 1010117 0 2.5232e+00
+4.33648e+04 -9.88092e+04 1010039 0 2.6973e+00
+3.99218e+04 -9.77465e+04 1010078 0 2.6538e+00
+2.96776e+04 -9.39243e+04 1010235 0 1.8732e+00
+3.96123e+04 -9.67774e+04 1010119 0 2.3604e+00
+3.34043e+04 -9.57868e+04 1010156 0 2.3404e+00
+2.07355e+04 -7.51657e+04 10849 1 6.3588e-01
+3.80905e+04 -9.67681e+04 1010118 0 2.4438e+00
+2.11910e+04 -7.60862e+04 10850 1 6.4022e-01
+2.17157e+04 -7.69704e+04 10851 1 6.5789e-01
+2.23104e+04 -7.78135e+04 10852 1 6.8127e-01
+2.29819e+04 -7.86096e+04 10853 1 6.9380e-01
+2.37310e+04 -7.93548e+04 10854 1 7.2123e-01
+2.45593e+04 -8.00444e+04 10855 1 7.3922e-01
+2.54682e+04 -8.06749e+04 10856 1 7.6488e-01
+2.64553e+04 -8.12440e+04 10857 1 7.8286e-01
+2.75192e+04 -8.17497e+04 10858 1 8.0552e-01
+2.86569e+04 -8.21913e+04 10859 1 8.2040e-01
