+3.94925e+01 -1.49287e+04 6010000 1 7.9581e-01
+2.56456e+03 -1.49679e+04 6010001 1 7.9846e-01
+5.07054e+03 -1.50773e+04 6010002 1 8.0563e-01
+7.53989e+03 -1.52550e+04 6010003 1 8.1588e-01
+9.95718e+03 -1.54961e+04 6010004 1 8.2759e-01
+1.23097e+04 -1.57942e+04 6010005 1 8.3886e-01
+1.45877e+04 -1.61421e+04 6010006 1 8.4774e-01
+1.67843e+04 -1.65321e+04 6010007 1 8.5392e-01
+1.88963e+04 -1.69569e+04 6010008 1 8.5685e-01
+2.09217e+04 -1.74091e+04 6010009 1 8.5429e-01
+2.28606e+04 -1.78821e+04 6010010 1 8.4992e-01
+2.47162e+04 -1.83700e+04 6010011 1 8.4203e-01
+2.64903e+04 -1.88674e+04 6010012 1 8.2621e-01
+2.81868e+04 -1.93698e+04 6010013 1 8.1511e-01
+2.98118e+04 -1.98729e+04 6010014 1 8.0021e-01
+3.13660e+04 -2.03738e+04 6010015 1 7.7468e-01
+3.28567e+04 -2.08693e+04 6010016 1 7.6002e-01
+3.42898e+04 -2.13567e+04 6010017 1 7.4142e-01
+3.56652e+04 -2.18347e+04 6010018 1 7.0861e-01
+3.69891e+04 -2.23012e+04 6010019 1 6.9299e-01
+3.82676e+04 -2.27547e+04 6010020 1 6.7432e-01
+3.95024e+04 -2.31942e+04 6010021 1 6.5312e-01
+4.06973e+04 -2.36188e+04 6010022 1 6.3123e-01
+9.60679e+03 -2.23066e+04 4010290 1 1.1070e+00
+9.90899e+03 -2.33016e+04 4010208 1 1.1515e+00
+1.23679e+04 -2.24467e+04 4010332 1 1.1069e+00
+6.72939e+03 -2.27092e+04 4010207 1 1.1211e+00
+9.45396e+03 -2.18025e+04 4010331 1 1.0849e+00
+6.40342e+03 -2.13187e+04 4010330 1 1.0611e+00
+4.57446e+01 -1.85878e+04 4010533 1 9.4280e-01
+4.66276e+01 -1.90694e+04 4010492 1 9.6185e-01
+3.08229e+03 -1.96290e+04 4010452 1 9.8599e-01
+4.48611e+01 -1.80966e+04 4010574 1 9.2308e-01
+6.29432e+03 -2.08428e+04 4010371 1 1.0409e+00
+2.85437e+03 -1.76585e+04 4010616 1 9.0705e-01
+4.39763e+01 -1.75957e+04 4010615 1 9.0337e-01
+4.30893e+01 -1.70847e+04 4010656 1 8.8276e-01
+4.21986e+01 -1.65629e+04 4010697 1 8.6189e-01
+2.96846e+03 -1.86619e+04 4010534 1 9.4729e-01
+2.91147e+03 -1.81649e+04 4010575 1 9.2718e-01
+5.41179e+03 -1.67621e+04 4010699 1 8.7355e-01
+4.13034e+01 -1.60302e+04 4010738 1 8.4049e-01
+2.73955e+03 -1.66155e+04 4010698 1 8.6505e-01
+2.79710e+03 -1.71423e+04 4010657 1 8.8622e-01
+5.29909e+03 -1.62115e+04 4010740 1 8.5159e-01
+4.04016e+01 -1.54855e+04 4010779 1 8.1823e-01
+1.01723e+04 -1.61130e+04 4010783 1 8.5142e-01
+3.85737e+01 -1.43588e+04 6010041 1 7.7186e-01
+2.50510e+03 -1.43941e+04 6010042 1 7.7439e-01
+4.95432e+03 -1.44924e+04 6010043 1 7.8147e-01
+7.37023e+03 -1.46524e+04 6010044 1 7.9173e-01
+9.73861e+03 -1.48695e+04 6010045 1 8.0341e-01
+1.20476e+04 -1.51384e+04 6010046 1 8.1473e-01
+1.42881e+04 -1.54528e+04 6010047 1 8.2472e-01
+1.64538e+04 -1.58061e+04 6010048 1 8.3205e-01
+1.85404e+04 -1.61915e+04 6010049 1 8.3504e-01
+2.05461e+04 -1.66025e+04 6010050 1 8.3619e-01
+2.24716e+04 -1.70333e+04 6010051 1 8.3372e-01
+2.43178e+04 -1.74784e+04 6010052 1 8.2411e-01
+2.60865e+04 -1.79330e+04 6010053 1 8.1676e-01
+2.77828e+04 -1.83927e+04 6010054 1 8.0671e-01
+2.94090e+04 -1.88539e+04 6010055 1 7.8463e-01
+3.09679e+04 -1.93137e+04 6010056 1 7.7313e-01
+3.24668e+04 -1.97688e+04 6010057 1 7.5975e-01
+3.39087e+04 -2.02171e+04 6010058 1 7.3588e-01
+3.52935e+04 -2.06574e+04 6010059 1 7.1317e-01
+3.66301e+04 -2.10874e+04 6010060 1 6.9909e-01
+3.79218e+04 -2.15056e+04 6010061 1 6.8085e-01
+3.91703e+04 -2.19113e+04 6010062 1 6.5982e-01
+4.03790e+04 -2.23037e+04 6010063 1 6.3648e-01
+4.15510e+04 -2.26821e+04 6010064 1 6.1520e-01
+4.26898e+04 -2.30459e+04 6010065 1 5.9929e-01
+4.37984e+04 -2.33946e+04 6010066 1 5.8395e-01
+4.48794e+04 -2.37281e+04 6010067 1 5.6924e-01
+1.27384e+04 -2.35414e+04 4010250 1 1.1544e+00
+3.13923e+03 -2.00997e+04 4010411 1 1.0051e+00
+4.75111e+01 -1.95422e+04 4010451 1 9.8062e-01
+3.02537e+03 -1.91497e+04 4010493 1 9.6672e-01
+5.52371e+03 -1.73027e+04 4010658 1 8.9545e-01
+3.76440e+01 -1.37751e+04 6010082 1 7.4796e-01
+2.44490e+03 -1.38067e+04 6010083 1 7.5032e-01
+4.83647e+03 -1.38945e+04 6010084 1 7.5704e-01
+7.19782e+03 -1.40376e+04 6010085 1 7.6701e-01
+9.51597e+03 -1.42322e+04 6010086 1 7.7876e-01
+1.17800e+04 -1.44736e+04 6010087 1 7.9071e-01
+1.39812e+04 -1.47563e+04 6010088 1 8.0124e-01
+1.61132e+04 -1.50743e+04 6010089 1 8.0910e-01
+1.81722e+04 -1.54219e+04 6010090 1 8.1523e-01
+2.01564e+04 -1.57935e+04 6010091 1 8.1784e-01
+2.20652e+04 -1.61836e+04 6010092 1 8.1508e-01
+2.38989e+04 -1.65874e+04 6010093 1 8.1177e-01
+2.56610e+04 -1.70005e+04 6010094 1 8.0638e-01
+2.73537e+04 -1.74188e+04 6010095 1 7.9516e-01
+2.89781e+04 -1.78393e+04 6010096 1 7.8117e-01
+3.05405e+04 -1.82588e+04 6010097 1 7.7137e-01
+3.20448e+04 -1.86746e+04 6010098 1 7.5915e-01
+3.34917e+04 -1.90849e+04 6010099 1 7.3041e-01
+3.48856e+04 -1.94880e+04 6010100 1 7.1840e-01
+3.62327e+04 -1.98819e+04 6010101 1 7.0583e-01
+3.75357e+04 -2.02655e+04 6010102 1 6.8794e-01
+3.87960e+04 -2.06380e+04 6010103 1 6.6674e-01
+4.00166e+04 -2.09985e+04 6010104 1 6.4085e-01
+4.12018e+04 -2.13463e+04 6010105 1 6.2729e-01
+4.23543e+04 -2.16808e+04 6010106 1 6.1180e-01
+4.34765e+04 -2.20018e+04 6010107 1 5.9675e-01
+4.45711e+04 -2.23089e+04 6010108 1 5.8228e-01
+4.56403e+04 -2.26019e+04 6010109 1 5.6797e-01
+4.66858e+04 -2.28809e+04 6010110 1 5.5364e-01
+9.75848e+03 -2.28062e+04 4010249 1 1.1292e+00
+6.51234e+03 -2.17883e+04 4010289 1 1.0811e+00
+3.25328e+03 -2.10174e+04 4010329 1 1.0423e+00
+5.96593e+03 -1.93732e+04 4010494 1 9.7958e-01
+8.35876e+03 -1.81164e+04 4010618 1 9.3050e-01
+8.19822e+03 -1.75622e+04 4010659 1 9.0818e-01
+1.05930e+04 -1.73205e+04 4010701 1 8.9831e-01
+8.03625e+03 -1.69996e+04 4010700 1 8.8547e-01
+1.03841e+04 -1.67208e+04 4010742 1 8.7496e-01
+1.28189e+04 -1.70819e+04 4010743 1 8.8611e-01
+7.87263e+03 -1.64279e+04 4010741 1 8.6270e-01
+1.48802e+04 -1.68247e+04 4010785 1 8.7133e-01
+2.62339e+03 -1.55289e+04 4010780 1 8.2101e-01
+7.70731e+03 -1.58467e+04 4010782 1 8.3946e-01
+3.67014e+01 -1.31768e+04 6010123 1 7.2204e-01
+2.38383e+03 -1.32049e+04 6010124 1 7.2446e-01
+4.71684e+03 -1.32830e+04 6010125 1 7.3137e-01
+7.02253e+03 -1.34103e+04 6010126 1 7.4163e-01
+9.28903e+03 -1.35835e+04 6010127 1 7.5369e-01
+1.15062e+04 -1.37986e+04 6010128 1 7.6592e-01
+1.36659e+04 -1.40510e+04 6010129 1 7.7759e-01
+1.57624e+04 -1.43357e+04 6010130 1 7.8753e-01
+1.77918e+04 -1.46474e+04 6010131 1 7.9466e-01
+1.97514e+04 -1.49811e+04 6010132 1 7.9724e-01
+2.16404e+04 -1.53322e+04 6010133 1 7.9971e-01
+2.34604e+04 -1.56962e+04 6010134 1 7.9912e-01
+2.52125e+04 -1.60691e+04 6010135 1 7.9409e-01
+2.68975e+04 -1.64475e+04 6010136 1 7.8378e-01
+2.85196e+04 -1.68283e+04 6010137 1 7.7795e-01
+3.00827e+04 -1.72087e+04 6010138 1 7.6938e-01
+3.15893e+04 -1.75861e+04 6010139 1 7.4412e-01
+3.30394e+04 -1.79593e+04 6010140 1 7.3489e-01
+3.44406e+04 -1.83260e+04 6010141 1 7.2468e-01
+3.57962e+04 -1.86847e+04 6010142 1 7.1360e-01
+3.71083e+04 -1.90343e+04 6010143 1 6.9520e-01
+3.83784e+04 -1.93741e+04 6010144 1 6.7184e-01
+3.96094e+04 -1.97032e+04 6010145 1 6.5291e-01
+4.08064e+04 -2.00208e+04 6010146 1 6.4113e-01
+4.19712e+04 -2.03266e+04 6010147 1 6.2618e-01
+4.31060e+04 -2.06200e+04 6010148 1 6.1158e-01
+4.42131e+04 -2.09010e+04 6010149 1 5.9741e-01
+4.52949e+04 -2.11692e+04 6010150 1 5.8373e-01
+4.63533e+04 -2.14246e+04 6010151 1 5.6966e-01
+1.25544e+04 -2.29954e+04 4010291 1 1.1307e+00
+3.36755e+03 -2.19050e+04 4010247 1 1.0785e+00
+3.31039e+03 -2.14647e+04 4010288 1 1.0605e+00
+3.19622e+03 -2.05624e+04 4010370 1 1.0237e+00
+6.18504e+03 -2.03601e+04 4010412 1 1.0206e+00
+6.07561e+03 -1.98704e+04 4010453 1 1.0003e+00
+5.85599e+03 -1.88682e+04 4010535 1 9.5894e-01
+5.74570e+03 -1.83552e+04 4010576 1 9.3788e-01
+1.10027e+04 -1.84979e+04 4010619 1 9.4461e-01
+5.63495e+03 -1.78334e+04 4010617 1 9.1677e-01
+1.07991e+04 -1.79126e+04 4010660 1 9.2150e-01
+2.68169e+03 -1.60780e+04 4010739 1 8.4348e-01
+1.92405e+04 -1.77191e+04 4010787 1 8.7698e-01
+3.57437e+01 -1.25627e+04 6010164 1 6.9613e-01
+2.32176e+03 -1.25876e+04 6010165 1 6.9847e-01
+4.59506e+03 -1.26564e+04 6010166 1 7.0522e-01
+6.84375e+03 -1.27688e+04 6010167 1 7.1545e-01
+9.05705e+03 -1.29220e+04 6010168 1 7.2790e-01
+1.12257e+04 -1.31126e+04 6010169 1 7.4115e-01
+1.33423e+04 -1.33365e+04 6010170 1 7.5387e-01
+1.54011e+04 -1.35893e+04 6010171 1 7.6463e-01
+1.73977e+04 -1.38667e+04 6010172 1 7.7306e-01
+1.93301e+04 -1.41643e+04 6010173 1 7.8033e-01
+2.11978e+04 -1.44780e+04 6010174 1 7.8453e-01
+2.30007e+04 -1.48037e+04 6010175 1 7.8466e-01
+2.47389e+04 -1.51380e+04 6010176 1 7.8017e-01
+2.64153e+04 -1.54778e+04 6010177 1 7.7851e-01
+2.80326e+04 -1.58202e+04 6010178 1 7.7412e-01
+2.95934e+04 -1.61625e+04 6010179 1 7.6566e-01
+3.10979e+04 -1.65030e+04 6010180 1 7.4738e-01
+3.25512e+04 -1.68397e+04 6010181 1 7.4007e-01
+3.39573e+04 -1.71709e+04 6010182 1 7.3177e-01
+3.53193e+04 -1.74952e+04 6010183 1 7.2234e-01
+3.66384e+04 -1.78117e+04 6010184 1 7.0201e-01
+3.79159e+04 -1.81195e+04 6010185 1 6.7693e-01
+3.91564e+04 -1.84178e+04 6010186 1 6.6679e-01
+4.03637e+04 -1.87058e+04 6010187 1 6.5643e-01
+4.15396e+04 -1.89832e+04 6010188 1 6.4274e-01
+4.26857e+04 -1.92496e+04 6010189 1 6.2870e-01
+4.38043e+04 -1.95048e+04 6010190 1 6.1497e-01
+4.48977e+04 -1.97486e+04 6010191 1 6.0158e-01
+4.59679e+04 -1.99808e+04 6010192 1 5.8858e-01
+6.83733e+03 -2.31612e+04 4010166 1 1.1409e+00
+6.62104e+03 -2.22517e+04 4010248 1 1.1012e+00
+5.19473e+01 -2.17808e+04 4010246 1 1.0702e+00
+5.01683e+01 -2.09092e+04 4010328 1 1.0352e+00
+4.83953e+01 -2.00061e+04 4010410 1 9.9934e-01
+8.83350e+03 -1.97341e+04 4010495 1 9.9682e-01
+8.67623e+03 -1.92019e+04 4010536 1 9.7483e-01
+1.12039e+04 -1.90768e+04 4010578 1 9.6765e-01
+1.33099e+04 -1.83431e+04 4010661 1 9.3297e-01
+1.30664e+04 -1.77154e+04 4010702 1 9.0942e-01
+1.74188e+04 -1.79706e+04 4010745 1 8.9859e-01
+1.95740e+04 -1.84791e+04 4010746 1 8.9828e-01
+2.12828e+04 -1.82141e+04 4010788 1 8.7462e-01
+3.47691e+01 -1.19319e+04 6010205 1 6.6785e-01
+2.25857e+03 -1.19539e+04 6010206 1 6.7034e-01
+4.47101e+03 -1.20142e+04 6010207 1 6.7751e-01
+6.66141e+03 -1.21126e+04 6010208 1 6.8835e-01
+8.82003e+03 -1.22469e+04 6010209 1 7.0152e-01
+1.09384e+04 -1.24142e+04 6010210 1 7.1548e-01
+1.30094e+04 -1.26109e+04 6010211 1 7.2919e-01
+1.50277e+04 -1.28337e+04 6010212 1 7.4228e-01
+1.69896e+04 -1.30787e+04 6010213 1 7.5366e-01
+1.88928e+04 -1.33420e+04 6010214 1 7.6238e-01
+2.07358e+04 -1.36198e+04 6010215 1 7.6730e-01
+2.25179e+04 -1.39089e+04 6010216 1 7.6970e-01
+2.42408e+04 -1.42062e+04 6010217 1 7.7255e-01
+2.59060e+04 -1.45088e+04 6010218 1 7.7265e-01
+2.75154e+04 -1.48141e+04 6010219 1 7.6905e-01
+2.90697e+04 -1.51198e+04 6010220 1 7.5526e-01
+3.05718e+04 -1.54243e+04 6010221 1 7.5152e-01
+3.20259e+04 -1.57257e+04 6010222 1 7.4651e-01
+3.34347e+04 -1.60225e+04 6010223 1 7.3988e-01
+3.48007e+04 -1.63133e+04 6010224 1 7.2930e-01
+3.61242e+04 -1.65974e+04 6010225 1 6.9928e-01
+3.74077e+04 -1.68740e+04 6010226 1 6.9114e-01
+3.86563e+04 -1.71421e+04 6010227 1 6.8252e-01
+3.98724e+04 -1.74012e+04 6010228 1 6.7355e-01
+4.10579e+04 -1.76508e+04 6010229 1 6.6171e-01
+4.22141e+04 -1.78907e+04 6010230 1 6.4826e-01
+4.33432e+04 -1.81206e+04 6010231 1 6.3503e-01
+4.44473e+04 -1.83403e+04 6010232 1 6.2202e-01
+4.55283e+04 -1.85497e+04 6010233 1 6.0926e-01
+4.65881e+04 -1.87487e+04 6010234 1 5.9676e-01
+3.42473e+03 -2.23383e+04 4010206 1 1.0964e+00
+9.14544e+03 -2.07795e+04 4010413 1 1.0407e+00
+1.14031e+04 -1.96500e+04 4010537 1 9.9069e-01
+8.51806e+03 -1.86629e+04 4010577 1 9.5276e-01
+1.59865e+04 -1.95060e+04 4010621 1 9.6387e-01
+1.35492e+04 -1.89655e+04 4010620 1 9.5625e-01
+1.57188e+04 -1.88416e+04 4010662 1 9.4014e-01
+2.50951e+04 -1.92630e+04 4010790 1 8.5631e-01
+2.32337e+04 -1.87309e+04 4010789 1 8.6495e-01
+1.25666e+04 -1.64417e+04 4010784 1 8.6244e-01
+5.18540e+03 -1.56501e+04 4010781 1 8.2862e-01
+3.37751e+01 -1.12830e+04 6010246 1 6.3962e-01
+2.19410e+03 -1.13022e+04 6010247 1 6.4212e-01
+4.34433e+03 -1.13543e+04 6010248 1 6.4932e-01
+6.47489e+03 -1.14396e+04 6010249 1 6.6040e-01
+8.57704e+03 -1.15562e+04 6010250 1 6.7419e-01
+1.06431e+04 -1.17018e+04 6010251 1 6.8954e-01
+1.26666e+04 -1.18735e+04 6010252 1 7.0521e-01
+1.46424e+04 -1.20680e+04 6010253 1 7.1996e-01
+1.65670e+04 -1.22822e+04 6010254 1 7.3266e-01
+1.84375e+04 -1.25126e+04 6010255 1 7.4209e-01
+2.02525e+04 -1.27564e+04 6010256 1 7.5186e-01
+2.20123e+04 -1.30107e+04 6010257 1 7.5943e-01
+2.37171e+04 -1.32726e+04 6010258 1 7.6427e-01
+2.53681e+04 -1.35395e+04 6010259 1 7.6524e-01
+2.69655e+04 -1.38091e+04 6010260 1 7.5777e-01
+2.85115e+04 -1.40796e+04 6010261 1 7.5814e-01
+3.00096e+04 -1.43494e+04 6010262 1 7.5669e-01
+3.14619e+04 -1.46166e+04 6010263 1 7.5363e-01
+3.28709e+04 -1.48800e+04 6010264 1 7.4868e-01
+3.42383e+04 -1.51384e+04 6010265 1 7.3268e-01
+3.55637e+04 -1.53912e+04 6010266 1 7.1378e-01
+3.68525e+04 -1.56373e+04 6010267 1 7.0735e-01
+3.81075e+04 -1.58761e+04 6010268 1 7.0030e-01
+3.93308e+04 -1.61071e+04 6010269 1 6.9271e-01
+4.05244e+04 -1.63296e+04 6010270 1 6.8302e-01
+4.16895e+04 -1.65436e+04 6010271 1 6.7029e-01
+4.28280e+04 -1.67488e+04 6010272 1 6.5761e-01
+4.39419e+04 -1.69449e+04 6010273 1 6.4506e-01
+4.50330e+04 -1.71319e+04 6010274 1 6.3264e-01
+4.61030e+04 -1.73097e+04 6010275 1 6.2038e-01
+6.94465e+03 -2.36079e+04 4010125 1 1.1609e+00
+3.48184e+03 -2.27647e+04 4010165 1 1.1142e+00
+4.92810e+01 -2.04617e+04 4010369 1 1.0173e+00
+1.62483e+04 -2.01676e+04 4010580 1 9.8663e-01
+1.37850e+04 -1.95833e+04 4010579 1 9.7984e-01
+1.80193e+04 -1.93962e+04 4010663 1 9.4326e-01
+1.77232e+04 -1.86846e+04 4010704 1 9.2017e-01
+2.35901e+04 -1.95805e+04 4010748 1 8.8471e-01
+2.68723e+04 -1.98044e+04 4010791 1 8.4236e-01
+1.71061e+04 -1.72534e+04 4010786 1 8.7632e-01
+3.27596e+01 -1.06146e+04 6010287 1 6.0817e-01
+2.12823e+03 -1.06311e+04 6010288 1 6.1094e-01
+4.21483e+03 -1.06758e+04 6010289 1 6.1886e-01
+6.28402e+03 -1.07491e+04 6010290 1 6.3100e-01
+8.32794e+03 -1.08494e+04 6010291 1 6.4612e-01
+1.03396e+04 -1.09746e+04 6010292 1 6.6292e-01
+1.23130e+04 -1.11225e+04 6010293 1 6.7987e-01
+1.42437e+04 -1.12901e+04 6010294 1 6.9595e-01
+1.61278e+04 -1.14752e+04 6010295 1 7.1189e-01
+1.79632e+04 -1.16750e+04 6010296 1 7.2626e-01
+1.97484e+04 -1.18868e+04 6010297 1 7.3860e-01
+2.14827e+04 -1.21079e+04 6010298 1 7.4821e-01
+2.31663e+04 -1.23359e+04 6010299 1 7.5377e-01
+2.47987e+04 -1.25686e+04 6010300 1 7.5410e-01
+2.63821e+04 -1.28042e+04 6010301 1 7.5897e-01
+2.79184e+04 -1.30410e+04 6010302 1 7.6178e-01
+2.94096e+04 -1.32773e+04 6010303 1 7.6278e-01
+3.08575e+04 -1.35118e+04 6010304 1 7.6166e-01
+3.22642e+04 -1.37430e+04 6010305 1 7.5695e-01
+3.36291e+04 -1.39701e+04 6010306 1 7.3385e-01
+3.49560e+04 -1.41925e+04 6010307 1 7.3025e-01
+3.62483e+04 -1.44092e+04 6010308 1 7.2577e-01
+3.75079e+04 -1.46196e+04 6010309 1 7.2049e-01
+3.87369e+04 -1.48232e+04 6010310 1 7.1446e-01
+3.99371e+04 -1.50195e+04 6010311 1 7.0728e-01
+4.11099e+04 -1.52083e+04 6010312 1 6.9532e-01
+4.22567e+04 -1.53894e+04 6010313 1 6.8324e-01
+4.33794e+04 -1.55626e+04 6010314 1 6.7118e-01
+4.44798e+04 -1.57278e+04 6010315 1 6.5909e-01
+4.55595e+04 -1.58850e+04 6010316 1 6.4705e-01
+4.66200e+04 -1.60340e+04 6010317 1 6.3506e-01
+5.10571e+01 -2.13488e+04 4010287 1 1.0530e+00
+9.30015e+03 -2.12936e+04 4010372 1 1.0627e+00
+1.19882e+04 -2.13399e+04 4010414 1 1.0601e+00
+1.17953e+04 -2.07810e+04 4010455 1 1.0370e+00
+8.98984e+03 -2.02598e+04 4010454 1 1.0188e+00
+1.16002e+04 -2.02178e+04 4010496 1 1.0137e+00
+1.40168e+04 -2.01971e+04 4010538 1 1.0031e+00
+2.19650e+04 -1.98228e+04 4010706 1 9.1224e-01
+1.98963e+04 -1.92376e+04 4010705 1 9.1924e-01
+1.54455e+04 -1.81737e+04 4010703 1 9.1746e-01
+2.54557e+04 -2.01581e+04 4010749 1 8.6884e-01
+1.51660e+04 -1.75017e+04 4010744 1 8.9380e-01
+3.17202e+01 -9.92501e+03 6010328 1 5.7678e-01
+2.06081e+03 -9.93906e+03 6010329 1 5.7977e-01
+4.08212e+03 -9.97679e+03 6010330 1 5.8819e-01
+6.08806e+03 -1.00387e+04 6010331 1 6.0092e-01
+8.07159e+03 -1.01237e+04 6010332 1 6.1700e-01
+1.00265e+04 -1.02300e+04 6010333 1 6.3531e-01
+1.19478e+04 -1.03557e+04 6010334 1 6.5470e-01
+1.38308e+04 -1.04988e+04 6010335 1 6.7420e-01
+1.56722e+04 -1.06569e+04 6010336 1 6.9274e-01
+1.74698e+04 -1.08278e+04 6010337 1 7.0956e-01
+1.92217e+04 -1.10091e+04 6010338 1 7.2376e-01
+2.09270e+04 -1.11987e+04 6010339 1 7.3365e-01
+2.25852e+04 -1.13946e+04 6010340 1 7.4350e-01
+2.41975e+04 -1.15951e+04 6010341 1 7.5328e-01
+2.57648e+04 -1.17984e+04 6010342 1 7.6090e-01
+2.72884e+04 -1.20029e+04 6010343 1 7.6644e-01
+2.87699e+04 -1.22073e+04 6010344 1 7.6935e-01
+3.02105e+04 -1.24102e+04 6010345 1 7.6858e-01
+3.16107e+04 -1.26106e+04 6010346 1 7.5083e-01
+3.29724e+04 -1.28077e+04 6010347 1 7.5066e-01
+3.42992e+04 -1.30009e+04 6010348 1 7.4932e-01
+3.55929e+04 -1.31893e+04 6010349 1 7.4679e-01
+3.68554e+04 -1.33723e+04 6010350 1 7.4327e-01
+3.80884e+04 -1.35495e+04 6010351 1 7.3883e-01
+3.92938e+04 -1.37205e+04 6010352 1 7.3352e-01
+4.04730e+04 -1.38849e+04 6010353 1 7.2326e-01
+4.16270e+04 -1.40428e+04 6010354 1 7.1188e-01
+4.27576e+04 -1.41938e+04 6010355 1 7.0031e-01
+4.38665e+04 -1.43379e+04 6010356 1 6.8865e-01
+4.49552e+04 -1.44750e+04 6010357 1 6.7687e-01
+4.60252e+04 -1.46050e+04 6010358 1 6.6508e-01
+5.37296e+01 -2.26230e+04 4010164 1 1.1042e+00
+1.51208e+04 -2.32250e+04 4010333 1 1.1226e+00
+1.44696e+04 -2.14150e+04 4010456 1 1.0504e+00
+1.88597e+04 -2.15233e+04 4010540 1 1.0101e+00
+1.42451e+04 -2.08075e+04 4010497 1 1.0269e+00
+1.83073e+04 -2.01061e+04 4010622 1 9.6500e-01
+2.02082e+04 -1.99952e+04 4010664 1 9.3895e-01
+2.57981e+04 -2.10560e+04 4010708 1 8.8609e-01
+3.46367e+04 -2.25037e+04 4010796 1 7.4281e-01
+3.32155e+04 -2.19764e+04 4010795 1 7.6036e-01
+2.85670e+04 -2.03506e+04 4010792 1 8.2273e-01
+3.06534e+01 -9.21179e+03 6010369 1 5.4158e-01
+1.99159e+03 -9.22358e+03 6010370 1 5.4483e-01
+3.94582e+03 -9.25503e+03 6010371 1 5.5410e-01
+5.88662e+03 -9.30683e+03 6010372 1 5.6845e-01
+7.80776e+03 -9.37794e+03 6010373 1 5.8670e-01
+9.70405e+03 -9.46688e+03 6010374 1 6.0743e-01
+1.15705e+04 -9.57221e+03 6010375 1 6.2940e-01
+1.34031e+04 -9.69221e+03 6010376 1 6.5127e-01
+1.51988e+04 -9.82496e+03 6010377 1 6.7194e-01
+1.69549e+04 -9.96859e+03 6010378 1 6.9014e-01
+1.86699e+04 -1.01213e+04 6010379 1 7.0813e-01
+2.03430e+04 -1.02815e+04 6010380 1 7.2522e-01
+2.19743e+04 -1.04475e+04 6010381 1 7.4029e-01
+2.35635e+04 -1.06175e+04 6010382 1 7.5311e-01
+2.51116e+04 -1.07902e+04 6010383 1 7.6359e-01
+2.66194e+04 -1.09641e+04 6010384 1 7.7095e-01
+2.80877e+04 -1.11381e+04 6010385 1 7.7415e-01
+2.95170e+04 -1.13109e+04 6010386 1 7.6394e-01
+3.09090e+04 -1.14820e+04 6010387 1 7.6777e-01
+3.22663e+04 -1.16506e+04 6010388 1 7.7004e-01
+3.35907e+04 -1.18158e+04 6010389 1 7.7095e-01
+3.48838e+04 -1.19771e+04 6010390 1 7.7058e-01
+3.61473e+04 -1.21339e+04 6010391 1 7.6901e-01
+3.73827e+04 -1.22858e+04 6010392 1 7.6629e-01
+3.85918e+04 -1.24324e+04 6010393 1 7.6252e-01
+3.97759e+04 -1.25735e+04 6010394 1 7.5487e-01
+4.09360e+04 -1.27090e+04 6010395 1 7.4410e-01
+4.20736e+04 -1.28387e+04 6010396 1 7.3308e-01
+4.31902e+04 -1.29624e+04 6010397 1 7.2178e-01
+4.42873e+04 -1.30802e+04 6010398 1 7.1028e-01
+4.53662e+04 -1.31919e+04 6010399 1 6.9860e-01
+4.64283e+04 -1.32976e+04 6010400 1 6.8682e-01
+3.53882e+03 -2.31849e+04 4010124 1 1.1317e+00
+5.28385e+01 -2.22055e+04 4010205 1 1.0873e+00
+1.46906e+04 -2.20201e+04 4010415 1 1.0745e+00
+1.67550e+04 -2.14848e+04 4010498 1 1.0334e+00
+1.65046e+04 -2.08270e+04 4010539 1 1.0103e+00
+1.85876e+04 -2.08149e+04 4010581 1 9.8799e-01
+2.05096e+04 -2.07528e+04 4010623 1 9.6164e-01
+2.39304e+04 -2.04316e+04 4010707 1 9.0141e-01
+2.89240e+04 -2.13359e+04 4010751 1 8.2943e-01
+2.72319e+04 -2.07451e+04 4010750 1 8.5545e-01
+2.16303e+04 -1.90184e+04 4010747 1 8.9298e-01
+2.95582e+01 -8.47376e+03 6010410 1 5.0539e-01
+1.92053e+03 -8.48344e+03 6010411 1 5.0903e-01
+3.80576e+03 -8.50909e+03 6010412 1 5.1936e-01
+5.67925e+03 -8.55151e+03 6010413 1 5.3534e-01
+7.53585e+03 -8.60962e+03 6010414 1 5.5551e-01
+9.37076e+03 -8.68240e+03 6010415 1 5.7830e-01
+1.11794e+04 -8.76873e+03 6010416 1 6.0228e-01
+1.29586e+04 -8.86724e+03 6010417 1 6.2723e-01
+1.47052e+04 -8.97661e+03 6010418 1 6.5211e-01
+1.64172e+04 -9.09533e+03 6010419 1 6.7603e-01
+1.80928e+04 -9.22189e+03 6010420 1 6.9858e-01
+1.97312e+04 -9.35484e+03 6010421 1 7.1917e-01
+2.13318e+04 -9.49271e+03 6010422 1 7.3744e-01
+2.28947e+04 -9.63418e+03 6010423 1 7.5308e-01
+2.44200e+04 -9.77799e+03 6010424 1 7.6511e-01
+2.59082e+04 -9.92298e+03 6010425 1 7.7189e-01
+2.73593e+04 -1.00682e+04 6010426 1 7.7240e-01
+2.87753e+04 -1.02129e+04 6010427 1 7.8080e-01
+3.01577e+04 -1.03563e+04 6010428 1 7.8745e-01
+3.15081e+04 -1.04977e+04 6010429 1 7.9245e-01
+3.28277e+04 -1.06364e+04 6010430 1 7.9586e-01
+3.41181e+04 -1.07719e+04 6010431 1 7.9774e-01
+3.53807e+04 -1.09038e+04 6010432 1 7.9818e-01
+3.66169e+04 -1.10317e+04 6010433 1 7.9725e-01
+3.78281e+04 -1.11551e+04 6010434 1 7.9501e-01
+3.90157e+04 -1.12740e+04 6010435 1 7.9040e-01
+4.01807e+04 -1.13881e+04 6010436 1 7.8028e-01
+4.13242e+04 -1.14974e+04 6010437 1 7.6971e-01
+4.24477e+04 -1.16017e+04 6010438 1 7.5882e-01
+4.35526e+04 -1.17010e+04 6010439 1 7.4757e-01
+4.46400e+04 -1.17952e+04 6010440 1 7.3606e-01
+4.57113e+04 -1.18844e+04 6010441 1 7.2432e-01
+4.67674e+04 -1.19685e+04 6010442 1 7.1231e-01
+1.49077e+04 -2.26233e+04 4010374 1 1.0982e+00
+2.48580e+04 -2.30007e+04 4010584 1 9.5333e-01
+2.28896e+04 -2.22434e+04 4010583 1 9.7079e-01
+2.61211e+04 -2.19576e+04 4010667 1 9.0192e-01
+1.21792e+04 -2.18950e+04 4010373 1 1.0836e+00
+2.84288e+01 -7.70641e+03 6010451 1 4.6666e-01
+1.84724e+03 -7.71416e+03 6010452 1 4.7067e-01
+3.66118e+03 -7.73463e+03 6010453 1 4.8209e-01
+5.46500e+03 -7.76858e+03 6010454 1 4.9990e-01
+7.25458e+03 -7.81504e+03 6010455 1 5.2265e-01
+9.02536e+03 -7.87350e+03 6010456 1 5.4887e-01
+1.07739e+04 -7.94290e+03 6010457 1 5.7711e-01
+1.24969e+04 -8.02229e+03 6010458 1 6.0624e-01
+1.41918e+04 -8.11048e+03 6010459 1 6.3505e-01
+1.58563e+04 -8.20634e+03 6010460 1 6.6292e-01
+1.74892e+04 -8.30866e+03 6010461 1 6.8896e-01
+1.90890e+04 -8.41626e+03 6010462 1 7.1267e-01
+2.06554e+04 -8.52799e+03 6010463 1 7.3337e-01
+2.21879e+04 -8.64277e+03 6010464 1 7.4980e-01
+2.36861e+04 -8.75957e+03 6010465 1 7.5952e-01
+2.51508e+04 -8.87765e+03 6010466 1 7.7543e-01
+2.65831e+04 -8.99627e+03 6010467 1 7.8913e-01
+2.79838e+04 -9.11464e+03 6010468 1 8.0083e-01
+2.93540e+04 -9.23209e+03 6010469 1 8.1057e-01
+3.06947e+04 -9.34801e+03 6010470 1 8.1841e-01
+3.20072e+04 -9.46186e+03 6010471 1 8.2440e-01
+3.32926e+04 -9.57318e+03 6010472 1 8.2853e-01
+3.45523e+04 -9.68156e+03 6010473 1 8.3100e-01
+3.57873e+04 -9.78668e+03 6010474 1 8.3190e-01
+3.69991e+04 -9.88827e+03 6010475 1 8.3133e-01
+3.81888e+04 -9.98609e+03 6010476 1 8.2937e-01
+3.93574e+04 -1.00800e+04 6010477 1 8.2077e-01
+4.05059e+04 -1.01700e+04 6010478 1 8.1072e-01
+4.16355e+04 -1.02560e+04 6010479 1 8.0012e-01
+4.27475e+04 -1.03378e+04 6010480 1 7.8908e-01
+4.38430e+04 -1.04155e+04 6010481 1 7.7768e-01
+4.49231e+04 -1.04890e+04 6010482 1 7.6592e-01
+4.59890e+04 -1.05583e+04 6010483 1 7.5385e-01
+1.70000e+04 -2.21416e+04 4010457 1 1.0573e+00
+2.45648e+04 -2.21410e+04 4010625 1 9.3646e-01
+3.05352e+04 -2.19264e+04 4010752 1 8.1306e-01
+2.72654e+01 -6.90851e+03 6010492 1 4.2336e-01
+1.77174e+03 -6.91454e+03 6010493 1 4.2814e-01
+3.51212e+03 -6.93047e+03 6010494 1 4.4168e-01
+5.24407e+03 -6.95683e+03 6010495 1 4.6260e-01
+6.96403e+03 -6.99297e+03 6010496 1 4.8909e-01
+8.66815e+03 -7.03846e+03 6010497 1 5.1932e-01
+1.03535e+04 -7.09251e+03 6010498 1 5.5173e-01
+1.20171e+04 -7.15440e+03 6010499 1 5.8473e-01
+1.36566e+04 -7.22325e+03 6010500 1 6.1736e-01
+1.52702e+04 -7.29815e+03 6010501 1 6.4839e-01
+1.68561e+04 -7.37820e+03 6010502 1 6.7701e-01
+1.84134e+04 -7.46249e+03 6010503 1 7.0204e-01
+1.99411e+04 -7.55015e+03 6010504 1 7.2596e-01
+2.14391e+04 -7.64053e+03 6010505 1 7.5025e-01
+2.29078e+04 -7.73288e+03 6010506 1 7.7234e-01
+2.43471e+04 -7.82645e+03 6010507 1 7.9204e-01
+2.57576e+04 -7.92055e+03 6010508 1 8.0948e-01
+2.71398e+04 -8.01458e+03 6010509 1 8.2464e-01
+2.84947e+04 -8.10798e+03 6010510 1 8.3758e-01
+2.98230e+04 -8.20026e+03 6010511 1 8.4828e-01
+3.11257e+04 -8.29097e+03 6010512 1 8.5685e-01
+3.24037e+04 -8.37972e+03 6010513 1 8.6342e-01
+3.36582e+04 -8.46621e+03 6010514 1 8.6808e-01
+3.48903e+04 -8.55014e+03 6010515 1 8.7093e-01
+3.61009e+04 -8.63130e+03 6010516 1 8.7207e-01
+3.72912e+04 -8.70950e+03 6010517 1 8.7160e-01
+3.84621e+04 -8.78460e+03 6010518 1 8.6645e-01
+3.96145e+04 -8.85656e+03 6010519 1 8.5673e-01
+4.07493e+04 -8.92531e+03 6010520 1 8.4637e-01
+4.18678e+04 -8.99078e+03 6010521 1 8.3550e-01
+4.29709e+04 -9.05294e+03 6010522 1 8.2413e-01
+4.40597e+04 -9.11177e+03 6010523 1 8.1232e-01
+4.51351e+04 -9.16727e+03 6010524 1 8.0010e-01
+4.61981e+04 -9.21948e+03 6010525 1 7.8751e-01
+3.59556e+03 -2.35989e+04 4010083 1 1.1491e+00
+5.46197e+01 -2.30337e+04 4010123 1 1.1206e+00
+1.72389e+04 -2.27979e+04 4010416 1 1.0808e+00
+2.08005e+04 -2.15111e+04 4010582 1 9.8198e-01
+2.25940e+04 -2.14346e+04 4010624 1 9.5033e-01
+2.22859e+04 -2.06280e+04 4010665 1 9.3222e-01
+3.35435e+04 -2.30906e+04 4010754 1 7.6056e-01
+1.74720e+04 -2.34541e+04 4010375 1 1.1045e+00
+3.60009e+04 -2.30199e+04 4010797 1 7.1212e-01
+2.60635e+01 -6.07550e+03 6010533 1 3.7942e-01
+1.69371e+03 -6.07998e+03 6010534 1 3.8498e-01
+3.35793e+03 -6.09189e+03 6010535 1 4.0070e-01
+5.01538e+03 -6.11139e+03 6010536 1 4.2468e-01
+6.66268e+03 -6.13832e+03 6010537 1 4.5472e-01
+8.29715e+03 -6.17211e+03 6010538 1 4.8862e-01
+9.91570e+03 -6.21239e+03 6010539 1 5.2438e-01
+1.15163e+04 -6.25851e+03 6010540 1 5.6067e-01
+1.30966e+04 -6.30997e+03 6010541 1 5.9771e-01
+1.46550e+04 -6.36616e+03 6010542 1 6.3412e-01
+1.61904e+04 -6.42643e+03 6010543 1 6.6919e-01
+1.77015e+04 -6.49015e+03 6010544 1 7.0245e-01
+1.91877e+04 -6.55667e+03 6010545 1 7.3366e-01
+2.06487e+04 -6.62536e+03 6010546 1 7.6255e-01
+2.20843e+04 -6.69564e+03 6010547 1 7.8889e-01
+2.34944e+04 -6.76694e+03 6010548 1 8.1271e-01
+2.48795e+04 -6.83874e+03 6010549 1 8.3398e-01
+2.62399e+04 -6.91058e+03 6010550 1 8.5273e-01
+2.75762e+04 -6.98202e+03 6010551 1 8.6889e-01
+2.88890e+04 -7.05267e+03 6010552 1 8.8260e-01
+3.01791e+04 -7.12218e+03 6010553 1 8.9395e-01
+3.14473e+04 -7.19025e+03 6010554 1 9.0303e-01
+3.26944e+04 -7.25664e+03 6010555 1 9.0996e-01
+3.39213e+04 -7.32111e+03 6010556 1 9.1482e-01
+3.51290e+04 -7.38350e+03 6010557 1 9.1773e-01
+3.63183e+04 -7.44363e+03 6010558 1 9.1880e-01
+3.74902e+04 -7.50140e+03 6010559 1 9.1798e-01
+3.86453e+04 -7.55675e+03 6010560 1 9.0848e-01
+3.97845e+04 -7.60965e+03 6010561 1 8.9831e-01
+4.09088e+04 -7.66005e+03 6010562 1 8.8747e-01
+4.20191e+04 -7.70790e+03 6010563 1 8.7604e-01
+4.31162e+04 -7.75320e+03 6010564 1 8.6410e-01
+4.42012e+04 -7.79595e+03 6010565 1 8.5166e-01
+4.52748e+04 -7.83615e+03 6010566 1 8.3878e-01
+4.63377e+04 -7.87384e+03 6010567 1 8.2548e-01
+1.93801e+04 -2.29411e+04 4010458 1 1.0558e+00
+3.17355e+04 -2.14396e+04 4010794 1 7.7654e-01
+2.48157e+01 -5.20054e+03 6010574 1 3.2990e-01
+1.61271e+03 -5.20370e+03 6010575 1 3.3655e-01
+3.19781e+03 -5.21216e+03 6010576 1 3.5520e-01
+4.77763e+03 -5.22589e+03 6010577 1 3.8355e-01
+6.34925e+03 -5.24497e+03 6010578 1 4.1888e-01
+7.91054e+03 -5.26898e+03 6010579 1 4.5879e-01
+9.45930e+03 -5.29760e+03 6010580 1 5.0119e-01
+1.09933e+04 -5.33054e+03 6010581 1 5.4458e-01
+1.25112e+04 -5.36733e+03 6010582 1 5.8788e-01
+1.40113e+04 -5.40756e+03 6010583 1 6.3012e-01
+1.54924e+04 -5.45078e+03 6010584 1 6.7074e-01
+1.69536e+04 -5.49654e+03 6010585 1 7.0935e-01
+1.83944e+04 -5.54437e+03 6010586 1 7.4556e-01
+1.98141e+04 -5.59384e+03 6010587 1 7.7912e-01
+2.12125e+04 -5.64453e+03 6010588 1 8.0996e-01
+2.25895e+04 -5.69602e+03 6010589 1 8.3801e-01
+2.39454e+04 -5.74795e+03 6010590 1 8.6324e-01
+2.52803e+04 -5.79997e+03 6010591 1 8.8560e-01
+2.65946e+04 -5.85175e+03 6010592 1 9.0515e-01
+2.78887e+04 -5.90302e+03 6010593 1 9.2200e-01
+2.91632e+04 -5.95351e+03 6010594 1 9.3622e-01
+3.04187e+04 -6.00301e+03 6010595 1 9.4792e-01
+3.16559e+04 -6.05132e+03 6010596 1 9.5718e-01
+3.28756e+04 -6.09828e+03 6010597 1 9.6413e-01
+3.40784e+04 -6.14374e+03 6010598 1 9.6887e-01
+3.52650e+04 -6.18759e+03 6010599 1 9.7153e-01
+3.64364e+04 -6.22974e+03 6010600 1 9.7222e-01
+3.75931e+04 -6.27011e+03 6010601 1 9.6706e-01
+3.87357e+04 -6.30871e+03 6010602 1 9.5683e-01
+3.98651e+04 -6.34549e+03 6010603 1 9.4592e-01
+4.09821e+04 -6.38042e+03 6010604 1 9.3432e-01
+4.20875e+04 -6.41350e+03 6010605 1 9.2212e-01
+4.31820e+04 -6.44471e+03 6010606 1 9.0935e-01
+4.42663e+04 -6.47407e+03 6010607 1 8.9610e-01
+4.53412e+04 -6.50159e+03 6010608 1 8.8234e-01
+4.64072e+04 -6.52730e+03 6010609 1 8.6811e-01
+1.91241e+04 -2.22318e+04 4010499 1 1.0329e+00
+2.10814e+04 -2.22704e+04 4010541 1 1.0032e+00
+5.55073e+01 -2.34378e+04 4010082 1 1.1368e+00
+2.75706e+04 -2.16897e+04 4010709 1 8.6629e-01
+3.73103e+04 -2.35237e+04 4010798 1 6.8781e-01
+3.01866e+04 -2.08969e+04 4010793 1 8.0731e-01
+2.35246e+01 -4.28114e+03 6010615 1 2.7188e-01
+1.52888e+03 -4.28321e+03 6010616 1 2.8076e-01
+3.03207e+03 -4.28880e+03 6010617 1 3.0510e-01
+4.53122e+03 -4.29786e+03 6010618 1 3.4103e-01
+6.02427e+03 -4.31037e+03 6010619 1 3.8449e-01
+7.50921e+03 -4.32620e+03 6010620 1 4.3231e-01
+8.98451e+03 -4.34509e+03 6010621 1 4.8223e-01
+1.04487e+04 -4.36681e+03 6010622 1 5.3264e-01
+1.19001e+04 -4.39113e+03 6010623 1 5.8239e-01
+1.33376e+04 -4.41777e+03 6010624 1 6.3075e-01
+1.47603e+04 -4.44642e+03 6010625 1 6.7715e-01
+1.61675e+04 -4.47679e+03 6010626 1 7.2114e-01
+1.75582e+04 -4.50859e+03 6010627 1 7.6242e-01
+1.89322e+04 -4.54153e+03 6010628 1 8.0083e-01
+2.02891e+04 -4.57532e+03 6010629 1 8.3625e-01
+2.16288e+04 -4.60971e+03 6010630 1 8.6861e-01
+2.29514e+04 -4.64444e+03 6010631 1 8.9785e-01
+2.42568e+04 -4.67928e+03 6010632 1 9.2396e-01
+2.55453e+04 -4.71400e+03 6010633 1 9.4703e-01
+2.68172e+04 -4.74841e+03 6010634 1 9.6713e-01
+2.80730e+04 -4.78234e+03 6010635 1 9.8432e-01
+2.93129e+04 -4.81565e+03 6010636 1 9.9871e-01
+3.05376e+04 -4.84818e+03 6010637 1 1.0104e+00
+3.17475e+04 -4.87982e+03 6010638 1 1.0195e+00
+3.29433e+04 -4.91048e+03 6010639 1 1.0262e+00
+3.41256e+04 -4.94007e+03 6010640 1 1.0305e+00
+3.52948e+04 -4.96852e+03 6010641 1 1.0326e+00
+3.64518e+04 -4.99579e+03 6010642 1 1.0325e+00
+3.75969e+04 -5.02184e+03 6010643 1 1.0235e+00
+3.87307e+04 -5.04668e+03 6010644 1 1.0123e+00
+3.98540e+04 -5.07028e+03 6010645 1 1.0004e+00
+4.09673e+04 -5.09263e+03 6010646 1 9.8775e-01
+4.20714e+04 -5.11372e+03 6010647 1 9.7455e-01
+4.31667e+04 -5.13357e+03 6010648 1 9.6074e-01
+4.42539e+04 -5.15216e+03 6010649 1 9.4638e-01
+4.53336e+04 -5.16954e+03 6010650 1 9.3148e-01
+4.64063e+04 -5.18570e+03 6010651 1 9.1605e-01
+2.31714e+04 -2.30549e+04 4010542 1 9.9018e-01
+3.20751e+04 -2.25121e+04 4010753 1 7.9341e-01
+2.21866e+01 -3.31053e+03 6010656 1 2.0883e-01
+1.44199e+03 -3.31172e+03 6010657 1 2.2140e-01
+2.86023e+03 -3.31498e+03 6010658 1 2.5444e-01
+4.27551e+03 -3.32027e+03 6010659 1 3.0063e-01
+5.68650e+03 -3.32753e+03 6010660 1 3.5402e-01
+7.09176e+03 -3.33670e+03 6010661 1 4.1083e-01
+8.48994e+03 -3.34771e+03 6010662 1 4.6875e-01
+9.87995e+03 -3.36038e+03 6010663 1 5.2638e-01
+1.12608e+04 -3.37457e+03 6010664 1 5.8278e-01
+1.26316e+04 -3.39012e+03 6010665 1 6.3729e-01
+1.39915e+04 -3.40689e+03 6010666 1 6.8940e-01
+1.53398e+04 -3.42469e+03 6010667 1 7.3877e-01
+1.66759e+04 -3.44336e+03 6010668 1 7.8519e-01
+1.79995e+04 -3.46273e+03 6010669 1 8.2847e-01
+1.93104e+04 -3.48263e+03 6010670 1 8.6850e-01
+2.06083e+04 -3.50292e+03 6010671 1 9.0522e-01
+2.18931e+04 -3.52343e+03 6010672 1 9.3855e-01
+2.31648e+04 -3.54404e+03 6010673 1 9.6854e-01
+2.44236e+04 -3.56461e+03 6010674 1 9.9522e-01
+2.56695e+04 -3.58503e+03 6010675 1 1.0187e+00
+2.69029e+04 -3.60518e+03 6010676 1 1.0389e+00
+2.81241e+04 -3.62498e+03 6010677 1 1.0561e+00
+2.93333e+04 -3.64434e+03 6010678 1 1.0704e+00
+3.05310e+04 -3.66320e+03 6010679 1 1.0817e+00
+3.17175e+04 -3.68148e+03 6010680 1 1.0904e+00
+3.28933e+04 -3.69913e+03 6010681 1 1.0964e+00
+3.40589e+04 -3.71612e+03 6010682 1 1.0999e+00
+3.52147e+04 -3.73241e+03 6010683 1 1.1011e+00
+3.63611e+04 -3.74797e+03 6010684 1 1.1001e+00
+3.74986e+04 -3.76280e+03 6010685 1 1.0896e+00
+3.86277e+04 -3.77689e+03 6010686 1 1.0770e+00
+3.97488e+04 -3.79025e+03 6010687 1 1.0637e+00
+4.08624e+04 -3.80285e+03 6010688 1 1.0498e+00
+4.19691e+04 -3.81471e+03 6010689 1 1.0352e+00
+4.30692e+04 -3.82583e+03 6010690 1 1.0200e+00
+4.41633e+04 -3.83621e+03 6010691 1 1.0042e+00
+4.52518e+04 -3.84587e+03 6010692 1 9.8776e-01
+4.63350e+04 -3.85482e+03 6010693 1 9.7068e-01
+1.96282e+04 -2.36516e+04 4010417 1 1.0777e+00
+2.64262e+04 -2.28632e+04 4010626 1 9.1525e-01
+2.81865e+04 -2.35930e+04 4010627 1 8.9365e-01
+2.13512e+04 -2.30317e+04 4010500 1 1.0248e+00
+2.07960e+01 -2.27917e+03 6010697 1 1.3995e-01
+1.35167e+03 -2.27971e+03 6010698 1 1.5978e-01
+2.68155e+03 -2.28122e+03 6010699 1 2.0695e-01
+4.00952e+03 -2.28367e+03 6010700 1 2.6663e-01
+5.33470e+03 -2.28705e+03 6010701 1 3.3122e-01
+6.65625e+03 -2.29130e+03 6010702 1 3.9733e-01
+7.97336e+03 -2.29640e+03 6010703 1 4.6323e-01
+9.28525e+03 -2.30227e+03 6010704 1 5.2790e-01
+1.05911e+04 -2.30887e+03 6010705 1 5.9065e-01
+1.18904e+04 -2.31612e+03 6010706 1 6.5102e-01
+1.31826e+04 -2.32394e+03 6010707 1 7.0867e-01
+1.44672e+04 -2.33226e+03 6010708 1 7.6332e-01
+1.57439e+04 -2.34099e+03 6010709 1 8.1477e-01
+1.70123e+04 -2.35007e+03 6010710 1 8.6287e-01
+1.82722e+04 -2.35942e+03 6010711 1 9.0752e-01
+1.95233e+04 -2.36897e+03 6010712 1 9.4861e-01
+2.07657e+04 -2.37863e+03 6010713 1 9.8613e-01
+2.19992e+04 -2.38836e+03 6010714 1 1.0201e+00
+2.32238e+04 -2.39809e+03 6010715 1 1.0505e+00
+2.44398e+04 -2.40775e+03 6010716 1 1.0774e+00
+2.56471e+04 -2.41731e+03 6010717 1 1.1008e+00
+2.68459e+04 -2.42671e+03 6010718 1 1.1210e+00
+2.80365e+04 -2.43592e+03 6010719 1 1.1379e+00
+2.92190e+04 -2.44489e+03 6010720 1 1.1516e+00
+3.03938e+04 -2.45360e+03 6010721 1 1.1623e+00
+3.15610e+04 -2.46202e+03 6010722 1 1.1702e+00
+3.27210e+04 -2.47013e+03 6010723 1 1.1753e+00
+3.38742e+04 -2.47791e+03 6010724 1 1.1777e+00
+3.50207e+04 -2.48534e+03 6010725 1 1.1776e+00
+3.61610e+04 -2.49243e+03 6010726 1 1.1752e+00
+3.72953e+04 -2.49915e+03 6010727 1 1.1706e+00
+3.84239e+04 -2.50552e+03 6010728 1 1.1573e+00
+3.95473e+04 -2.51153e+03 6010729 1 1.1422e+00
+4.06657e+04 -2.51719e+03 6010730 1 1.1263e+00
+4.17794e+04 -2.52249e+03 6010731 1 1.1097e+00
+4.28887e+04 -2.52745e+03 6010732 1 1.0924e+00
+4.39941e+04 -2.53206e+03 6010733 1 1.0744e+00
+4.50957e+04 -2.53633e+03 6010734 1 1.0556e+00
+4.61939e+04 -2.54028e+03 6010735 1 1.0362e+00
+2.92565e+04 -2.23263e+04 4010710 1 8.4712e-01
+3.08581e+04 -2.29619e+04 4010711 1 8.1837e-01
+2.42555e+04 -2.12849e+04 4010666 1 9.1637e-01
+2.78890e+04 -2.26388e+04 4010668 1 8.7595e-01
+1.93465e+01 -1.17470e+03 6010738 1 6.4503e-02
+1.25750e+03 -1.17484e+03 6010739 1 1.0334e-01
+2.49519e+03 -1.17524e+03 6010740 1 1.7228e-01
+3.73196e+03 -1.17590e+03 6010741 1 2.4654e-01
+4.96740e+03 -1.17681e+03 6010742 1 3.2151e-01
+6.20108e+03 -1.17796e+03 6010743 1 3.9573e-01
+7.43262e+03 -1.17933e+03 6010744 1 4.6848e-01
+8.66164e+03 -1.18091e+03 6010745 1 5.3925e-01
+9.88781e+03 -1.18269e+03 6010746 1 6.0767e-01
+1.11108e+04 -1.18465e+03 6010747 1 6.7341e-01
+1.23304e+04 -1.18676e+03 6010748 1 7.3621e-01
+1.35462e+04 -1.18902e+03 6010749 1 7.9585e-01
+1.47581e+04 -1.19139e+03 6010750 1 8.5215e-01
+1.59660e+04 -1.19386e+03 6010751 1 9.0495e-01
+1.71696e+04 -1.19641e+03 6010752 1 9.5414e-01
+1.83689e+04 -1.19902e+03 6010753 1 9.9964e-01
+1.95637e+04 -1.20167e+03 6010754 1 1.0414e+00
+2.07541e+04 -1.20434e+03 6010755 1 1.0794e+00
+2.19400e+04 -1.20702e+03 6010756 1 1.1136e+00
+2.31215e+04 -1.20968e+03 6010757 1 1.1441e+00
+2.42985e+04 -1.21232e+03 6010758 1 1.1709e+00
+2.54712e+04 -1.21493e+03 6010759 1 1.1942e+00
+2.66396e+04 -1.21748e+03 6010760 1 1.2139e+00
+2.78038e+04 -1.21997e+03 6010761 1 1.2301e+00
+2.89640e+04 -1.22239e+03 6010762 1 1.2431e+00
+3.01203e+04 -1.22473e+03 6010763 1 1.2529e+00
+3.12727e+04 -1.22699e+03 6010764 1 1.2596e+00
+3.24216e+04 -1.22917e+03 6010765 1 1.2633e+00
+3.35669e+04 -1.23124e+03 6010766 1 1.2643e+00
+3.47090e+04 -1.23323e+03 6010767 1 1.2626e+00
+3.58479e+04 -1.23511e+03 6010768 1 1.2585e+00
+3.69838e+04 -1.23689e+03 6010769 1 1.2519e+00
+3.81168e+04 -1.23857e+03 6010770 1 1.2431e+00
+3.92473e+04 -1.24016e+03 6010771 1 1.2323e+00
+4.03753e+04 -1.24164e+03 6010772 1 1.2194e+00
+4.15009e+04 -1.24302e+03 6010773 1 1.2048e+00
+4.26244e+04 -1.24430e+03 6010774 1 1.1885e+00
+4.37459e+04 -1.24549e+03 6010775 1 1.1707e+00
+4.48656e+04 -1.24659e+03 6010776 1 1.1514e+00
+4.59836e+04 -1.24759e+03 6010777 1 1.1308e+00
+3.49502e+04 -2.36585e+04 4010755 1 7.4193e-01
+3.23849e+04 -2.35915e+04 4010712 1 7.9827e-01
+2.95646e+04 -2.33226e+04 4010669 1 8.5696e-01
