+1.77673e+01 -9.99782e+04 10000 0 1.0067e-01
+1.15488e+03 -9.99782e+04 10001 0 3.0213e-01
+2.29201e+03 -9.99782e+04 10002 0 5.7308e-01
+3.42920e+03 -9.99782e+04 10003 0 8.4731e-01
+4.56648e+03 -9.99783e+04 10004 0 1.1197e+00
+5.70386e+03 -9.99784e+04 10005 0 1.3883e+00
+6.84138e+03 -9.99784e+04 10006 0 1.6518e+00
+7.97907e+03 -9.99785e+04 10007 0 1.9087e+00
+9.11695e+03 -9.99787e+04 10008 0 2.1579e+00
+1.02550e+04 -9.99788e+04 10009 0 2.3983e+00
+1.13934e+04 -9.99789e+04 10010 0 2.6284e+00
+1.25320e+04 -9.99791e+04 10011 0 2.8473e+00
+1.36709e+04 -9.99792e+04 10012 0 3.0537e+00
+1.48101e+04 -9.99794e+04 10013 0 3.2464e+00
+1.59497e+04 -9.99796e+04 10014 0 3.4245e+00
+1.70896e+04 -9.99798e+04 10015 0 3.5869e+00
+1.82298e+04 -9.99800e+04 10016 0 3.7328e+00
+1.93705e+04 -9.99802e+04 10017 0 3.8614e+00
+2.05115e+04 -9.99805e+04 10018 0 3.9722e+00
+2.16528e+04 -9.99807e+04 10019 0 4.0648e+00
+2.27946e+04 -9.99809e+04 10020 0 4.1391e+00
+2.39367e+04 -9.99811e+04 10021 0 4.1952e+00
+2.50791e+04 -9.99813e+04 10022 0 4.2334e+00
+2.62218e+04 -9.99815e+04 10023 0 4.2541e+00
+2.73649e+04 -9.99817e+04 10024 0 4.2581e+00
+2.85082e+04 -9.99819e+04 10025 0 4.2463e+00
+2.96517e+04 -9.99820e+04 10026 0 4.2197e+00
+3.07955e+04 -9.99822e+04 10027 0 4.1795e+00
+3.19395e+04 -9.99823e+04 10028 0 4.1269e+00
+3.30836e+04 -9.99824e+04 10029 0 4.0632e+00
+3.42279e+04 -9.99825e+04 10030 0 3.9898e+00
+3.53723e+04 -9.99826e+04 10031 0 3.9079e+00
+3.65168e+04 -9.99826e+04 10032 0 3.8187e+00
+3.76614e+04 -9.99827e+04 10033 0 3.7236e+00
+3.88061e+04 -9.99828e+04 10034 0 3.6235e+00
+3.99508e+04 -9.99828e+04 10035 0 3.5196e+00
+4.10955e+04 -9.99828e+04 10036 0 3.4128e+00
+4.22403e+04 -9.99828e+04 10037 0 3.3039e+00
+4.33851e+04 -9.99829e+04 10038 0 3.1938e+00
+4.45298e+04 -9.99829e+04 10039 0 3.0831e+00
+4.56746e+04 -9.99829e+04 10040 0 2.9724e+00
+1.26961e+01 -9.84469e+04 10041 0 4.0218e-01
+8.25289e+02 -9.84475e+04 10042 0 4.5632e-01
+1.63900e+03 -9.84491e+04 10043 0 5.8627e-01
+2.45467e+03 -9.84516e+04 10044 0 7.5273e-01
+3.27323e+03 -9.84551e+04 10045 0 9.3541e-01
+4.09593e+03 -9.84597e+04 10046 0 1.1251e+00
+4.92372e+03 -9.84653e+04 10047 0 1.3174e+00
+5.75750e+03 -9.84718e+04 10048 0 1.5098e+00
+6.59841e+03 -9.84793e+04 10049 0 1.7007e+00
+7.44770e+03 -9.84878e+04 10050 0 1.8888e+00
+8.30637e+03 -9.84973e+04 10051 0 2.0731e+00
+9.17544e+03 -9.85078e+04 10052 0 2.2528e+00
+1.00561e+04 -9.85191e+04 10053 0 2.4269e+00
+1.09497e+04 -9.85313e+04 10054 0 2.5947e+00
+1.18574e+04 -9.85444e+04 10055 0 2.7553e+00
+1.27801e+04 -9.85582e+04 10056 0 2.9079e+00
+1.37191e+04 -9.85726e+04 10057 0 3.0518e+00
+1.46755e+04 -9.85877e+04 10058 0 3.1860e+00
+1.56505e+04 -9.86033e+04 10059 0 3.3098e+00
+1.66449e+04 -9.86192e+04 10060 0 3.4222e+00
+1.76597e+04 -9.86354e+04 10061 0 3.5225e+00
+1.86955e+04 -9.86516e+04 10062 0 3.6101e+00
+1.97530e+04 -9.86678e+04 10063 0 3.6842e+00
+2.08324e+04 -9.86836e+04 10064 0 3.7444e+00
+2.19339e+04 -9.86990e+04 10065 0 3.7901e+00
+2.30574e+04 -9.87139e+04 10066 0 3.8212e+00
+2.42023e+04 -9.87279e+04 10067 0 3.8377e+00
+2.53679e+04 -9.87411e+04 10068 0 3.8396e+00
+2.65534e+04 -9.87532e+04 10069 0 3.8502e+00
+2.77578e+04 -9.87644e+04 10070 0 3.8905e+00
+2.89797e+04 -9.87746e+04 10071 0 3.8971e+00
+3.02171e+04 -9.87837e+04 10072 0 3.8767e+00
+3.14680e+04 -9.87918e+04 10073 0 3.8347e+00
+3.27305e+04 -9.87987e+04 10074 0 3.7752e+00
+3.40025e+04 -9.88045e+04 10075 0 3.7015e+00
+3.52823e+04 -9.88092e+04 10076 0 3.6160e+00
+3.65682e+04 -9.88130e+04 10077 0 3.5213e+00
+3.78585e+04 -9.88159e+04 10078 0 3.4195e+00
+3.91518e+04 -9.88180e+04 10079 0 3.3124e+00
+4.04469e+04 -9.88194e+04 10080 0 3.2013e+00
+4.17427e+04 -9.88201e+04 10081 0 3.0878e+00
+9.02038e+00 -9.63055e+04 10082 0 6.9882e-01
+5.86428e+02 -9.63079e+04 10083 0 7.1855e-01
+1.16518e+03 -9.63130e+04 10084 0 7.7301e-01
+1.74649e+03 -9.63216e+04 10085 0 8.5457e-01
+2.33176e+03 -9.63337e+04 10086 0 9.5544e-01
+2.92221e+03 -9.63491e+04 10087 0 1.0696e+00
+3.51933e+03 -9.63679e+04 10088 0 1.1926e+00
+4.12431e+03 -9.63901e+04 10089 0 1.3215e+00
+4.73882e+03 -9.64158e+04 10090 0 1.4540e+00
+5.36400e+03 -9.64446e+04 10091 0 1.5887e+00
+6.00172e+03 -9.64769e+04 10092 0 1.7242e+00
+6.65314e+03 -9.65123e+04 10093 0 1.8596e+00
+7.32024e+03 -9.65510e+04 10094 0 1.9939e+00
+8.00440e+03 -9.65927e+04 10095 0 2.1265e+00
+8.70741e+03 -9.66374e+04 10096 0 2.2567e+00
+9.43120e+03 -9.66850e+04 10097 0 2.3837e+00
+1.01773e+04 -9.67353e+04 10098 0 2.5070e+00
+1.09477e+04 -9.67881e+04 10099 0 2.6258e+00
+1.17445e+04 -9.68433e+04 10100 0 2.7395e+00
+1.25693e+04 -9.69004e+04 10101 0 2.8473e+00
+1.34241e+04 -9.69592e+04 10102 0 2.9485e+00
+1.43109e+04 -9.70193e+04 10103 0 3.0424e+00
+1.52315e+04 -9.70803e+04 10104 0 3.1280e+00
+1.61873e+04 -9.71417e+04 10105 0 3.2046e+00
+1.71801e+04 -9.72029e+04 10106 0 3.2715e+00
+1.82109e+04 -9.72634e+04 10107 0 3.3277e+00
+1.92809e+04 -9.73226e+04 10108 0 3.3726e+00
+2.03905e+04 -9.73797e+04 10109 0 3.4056e+00
+2.15399e+04 -9.74343e+04 10110 0 3.4261e+00
+2.27284e+04 -9.74856e+04 10111 0 3.4338e+00
+2.39572e+04 -9.75333e+04 10112 0 3.5507e+00
+2.52263e+04 -9.75775e+04 10113 0 3.6108e+00
+2.65306e+04 -9.76177e+04 10114 0 3.6222e+00
+2.78661e+04 -9.76536e+04 10115 0 3.6042e+00
+2.92290e+04 -9.76849e+04 10116 0 3.5649e+00
+3.06151e+04 -9.77117e+04 10117 0 3.5083e+00
+3.20207e+04 -9.77340e+04 10118 0 3.4377e+00
+3.34415e+04 -9.77520e+04 10119 0 3.3565e+00
+3.48739e+04 -9.77660e+04 10120 0 3.2658e+00
+3.63145e+04 -9.77764e+04 10121 0 3.1685e+00
+3.77601e+04 -9.77836e+04 10122 0 3.0659e+00
+6.48518e+00 -9.33314e+04 10123 0 1.0255e+00
+4.21666e+02 -9.33373e+04 10124 0 1.0333e+00
+8.37974e+02 -9.33486e+04 10125 0 1.0562e+00
+1.25693e+03 -9.33684e+04 10126 0 1.0923e+00
+1.67946e+03 -9.33957e+04 10127 0 1.1397e+00
+2.10697e+03 -9.34305e+04 10128 0 1.1964e+00
+2.54094e+03 -9.34732e+04 10129 0 1.2605e+00
+2.98236e+03 -9.35231e+04 10130 0 1.3309e+00
+3.43296e+03 -9.35804e+04 10131 0 1.4062e+00
+3.89407e+03 -9.36449e+04 10132 0 1.4856e+00
+4.36715e+03 -9.37162e+04 10133 0 1.5685e+00
+4.85411e+03 -9.37945e+04 10134 0 1.6544e+00
+5.35612e+03 -9.38794e+04 10135 0 1.7426e+00
+5.87533e+03 -9.39709e+04 10136 0 1.8324e+00
+6.41317e+03 -9.40686e+04 10137 0 1.9235e+00
+6.97196e+03 -9.41723e+04 10138 0 2.0154e+00
+7.55344e+03 -9.42816e+04 10139 0 2.1080e+00
+8.16016e+03 -9.43962e+04 10140 0 2.2008e+00
+8.79414e+03 -9.45154e+04 10141 0 2.2936e+00
+9.45834e+03 -9.46390e+04 10142 0 2.3862e+00
+1.01551e+04 -9.47662e+04 10143 0 2.4785e+00
+1.08879e+04 -9.48963e+04 10144 0 2.5700e+00
+1.16597e+04 -9.50287e+04 10145 0 2.6577e+00
+1.24723e+04 -9.51632e+04 10146 0 2.7311e+00
+1.33280e+04 -9.52994e+04 10147 0 2.7988e+00
+1.42292e+04 -9.54363e+04 10148 0 2.8602e+00
+1.51785e+04 -9.55727e+04 10149 0 2.9143e+00
+1.61781e+04 -9.57076e+04 10150 0 2.9604e+00
+1.72299e+04 -9.58395e+04 10151 0 2.9975e+00
+1.83356e+04 -9.59671e+04 10152 0 3.0249e+00
+1.94962e+04 -9.60889e+04 10153 0 3.0418e+00
+2.07120e+04 -9.62037e+04 10154 0 3.0477e+00
+2.19899e+04 -9.63105e+04 10155 0 3.2417e+00
+2.33291e+04 -9.64091e+04 10156 0 3.2830e+00
+2.47195e+04 -9.64985e+04 10157 0 3.2848e+00
+2.61561e+04 -9.65777e+04 10158 0 3.2628e+00
+2.76336e+04 -9.66462e+04 10159 0 3.2235e+00
+2.91457e+04 -9.67040e+04 10160 0 3.1686e+00
+3.06862e+04 -9.67514e+04 10161 0 3.1016e+00
+3.22488e+04 -9.67888e+04 10162 0 3.0244e+00
+3.38275e+04 -9.68172e+04 10163 0 2.9382e+00
+4.84514e+00 -8.92709e+04 10164 0 1.3132e+00
+3.15054e+02 -8.92826e+04 10165 0 1.3165e+00
+6.26160e+02 -8.93036e+04 10166 0 1.3266e+00
+9.39352e+02 -8.93393e+04 10167 0 1.3428e+00
+1.25575e+03 -8.93901e+04 10168 0 1.3647e+00
+1.57619e+03 -8.94545e+04 10169 0 1.3915e+00
+1.90182e+03 -8.95326e+04 10170 0 1.4228e+00
+2.23394e+03 -8.96246e+04 10171 0 1.4578e+00
+2.57371e+03 -8.97302e+04 10172 0 1.4963e+00
+2.92223e+03 -8.98485e+04 10173 0 1.5376e+00
+3.28104e+03 -8.99796e+04 10174 0 1.5815e+00
+3.65165e+03 -9.01232e+04 10175 0 1.6282e+00
+4.03522e+03 -9.02785e+04 10176 0 1.6770e+00
+4.43355e+03 -9.04453e+04 10177 0 1.7277e+00
+4.84852e+03 -9.06232e+04 10178 0 1.7803e+00
+5.28173e+03 -9.08112e+04 10179 0 1.8347e+00
+5.73560e+03 -9.10088e+04 10180 0 1.8907e+00
+6.21231e+03 -9.12153e+04 10181 0 1.9485e+00
+6.71414e+03 -9.14298e+04 10182 0 2.0077e+00
+7.24347e+03 -9.16522e+04 10183 0 2.0681e+00
+7.80278e+03 -9.18812e+04 10184 0 2.1299e+00
+8.39560e+03 -9.21160e+04 10185 0 2.1929e+00
+9.02506e+03 -9.23554e+04 10186 0 2.2574e+00
+9.69527e+03 -9.25981e+04 10187 0 2.3211e+00
+1.04085e+04 -9.28438e+04 10188 0 2.3819e+00
+1.11682e+04 -9.30912e+04 10189 0 2.4423e+00
+1.19788e+04 -9.33389e+04 10190 0 2.5020e+00
+1.28452e+04 -9.35848e+04 10191 0 2.5608e+00
+1.37721e+04 -9.38270e+04 10192 0 2.6116e+00
+1.47602e+04 -9.40650e+04 10193 0 2.6428e+00
+1.58113e+04 -9.42971e+04 10194 0 2.6668e+00
+1.69282e+04 -9.45208e+04 10195 0 2.6828e+00
+1.81127e+04 -9.47337e+04 10196 0 2.6898e+00
+1.93677e+04 -9.49334e+04 10197 0 2.8167e+00
+2.07144e+04 -9.51190e+04 10198 0 2.9381e+00
+2.21330e+04 -9.52889e+04 10199 0 2.9490e+00
+2.36167e+04 -9.54411e+04 10200 0 2.9374e+00
+2.51599e+04 -9.55742e+04 10201 0 2.9081e+00
+2.67553e+04 -9.56876e+04 10202 0 2.8645e+00
+2.83949e+04 -9.57812e+04 10203 0 2.8075e+00
+3.00700e+04 -9.58559e+04 10204 0 2.7399e+00
+3.89410e+00 -8.40299e+04 10205 0 1.5296e+00
+2.53192e+02 -8.40495e+04 10206 0 1.5309e+00
+5.03114e+02 -8.40835e+04 10207 0 1.5351e+00
+7.54506e+02 -8.41401e+04 10208 0 1.5422e+00
+1.00818e+03 -8.42202e+04 10209 0 1.5518e+00
+1.26495e+03 -8.43238e+04 10210 0 1.5638e+00
+1.52546e+03 -8.44488e+04 10211 0 1.5779e+00
+1.79062e+03 -8.45953e+04 10212 0 1.5941e+00
+2.06145e+03 -8.47633e+04 10213 0 1.6120e+00
+2.33905e+03 -8.49529e+04 10214 0 1.6316e+00
+2.62432e+03 -8.51625e+04 10215 0 1.6527e+00
+2.91839e+03 -8.53916e+04 10216 0 1.6752e+00
+3.22263e+03 -8.56398e+04 10217 0 1.6990e+00
+3.53857e+03 -8.59065e+04 10218 0 1.7240e+00
+3.86758e+03 -8.61903e+04 10219 0 1.7502e+00
+4.21137e+03 -8.64903e+04 10220 0 1.7779e+00
+4.57182e+03 -8.68059e+04 10221 0 1.8066e+00
+4.95090e+03 -8.71358e+04 10222 0 1.8365e+00
+5.35090e+03 -8.74785e+04 10223 0 1.8681e+00
+5.77446e+03 -8.78332e+04 10224 0 1.9008e+00
+6.22378e+03 -8.81984e+04 10225 0 1.9350e+00
+6.70214e+03 -8.85726e+04 10226 0 1.9709e+00
+7.21322e+03 -8.89544e+04 10227 0 2.0080e+00
+7.75953e+03 -8.93422e+04 10228 0 2.0466e+00
+8.34560e+03 -8.97347e+04 10229 0 2.0872e+00
+8.97589e+03 -9.01294e+04 10230 0 2.1287e+00
+9.65411e+03 -9.05253e+04 10231 0 2.1697e+00
+1.03850e+04 -9.09202e+04 10232 0 2.2122e+00
+1.11747e+04 -9.13114e+04 10233 0 2.2549e+00
+1.20272e+04 -9.16974e+04 10234 0 2.2904e+00
+1.29467e+04 -9.20759e+04 10235 0 2.3251e+00
+1.39401e+04 -9.24435e+04 10236 0 2.3584e+00
+1.50111e+04 -9.27974e+04 10237 0 2.3691e+00
+1.61583e+04 -9.31359e+04 10238 0 2.3692e+00
+1.73859e+04 -9.34555e+04 10239 0 2.4627e+00
+1.87191e+04 -9.37546e+04 10240 0 2.6156e+00
+2.01489e+04 -9.40291e+04 10241 0 2.6244e+00
+2.16607e+04 -9.42765e+04 10242 0 2.6136e+00
+2.32491e+04 -9.44939e+04 10243 0 2.5877e+00
+2.49070e+04 -9.46800e+04 10244 0 2.5479e+00
+2.66257e+04 -9.48342e+04 10245 0 2.4957e+00
+3.48572e+00 -7.78522e+04 10246 0 1.6393e+00
+3.25276e+04 -7.40224e+04 2010321 1 6.3485e-01
+2.26568e+02 -7.78805e+04 10247 0 1.6397e+00
+4.49948e+02 -7.79279e+04 10248 0 1.6415e+00
+6.74115e+02 -7.80064e+04 10249 0 1.6444e+00
+8.99526e+02 -7.81171e+04 10250 0 1.6485e+00
+1.12668e+03 -7.82605e+04 10251 0 1.6537e+00
+1.35601e+03 -7.84354e+04 10252 0 1.6597e+00
+2.98270e+04 -7.39714e+04 2010278 1 5.7637e-01
+1.58799e+03 -7.86398e+04 10253 0 1.6668e+00
+1.82328e+03 -7.88743e+04 10254 0 1.6746e+00
+2.06261e+03 -7.91387e+04 10255 0 1.6832e+00
+2.30683e+03 -7.94329e+04 10256 0 1.6927e+00
+2.55671e+03 -7.97553e+04 10257 0 1.7026e+00
+2.81322e+03 -8.01048e+04 10258 0 1.7133e+00
+3.07750e+03 -8.04807e+04 10259 0 1.7244e+00
+3.35090e+03 -8.08824e+04 10260 0 1.7362e+00
+3.63494e+03 -8.13088e+04 10261 0 1.7488e+00
+3.93095e+03 -8.17576e+04 10262 0 1.7615e+00
+4.24083e+03 -8.22278e+04 10263 0 1.7750e+00
+4.56689e+03 -8.27183e+04 10264 0 1.7895e+00
+4.91107e+03 -8.32269e+04 10265 0 1.8043e+00
+5.27597e+03 -8.37515e+04 10266 0 1.8201e+00
+5.66455e+03 -8.42907e+04 10267 0 1.8367e+00
+6.07984e+03 -8.48423e+04 10268 0 1.8546e+00
+6.52538e+03 -8.54036e+04 10269 0 1.8732e+00
+7.00497e+03 -8.59728e+04 10270 0 1.8935e+00
+7.52306e+03 -8.65470e+04 10271 0 1.9150e+00
+8.08393e+03 -8.71240e+04 10272 0 1.9378e+00
+8.69329e+03 -8.77006e+04 10273 0 1.9617e+00
+9.35598e+03 -8.82746e+04 10274 0 1.9863e+00
+1.00786e+04 -8.88423e+04 10275 0 2.0119e+00
+1.08667e+04 -8.94011e+04 10276 0 2.0349e+00
+1.17271e+04 -8.99474e+04 10277 0 2.0587e+00
+1.26660e+04 -9.04775e+04 10278 0 2.0734e+00
+1.36876e+04 -9.09880e+04 10279 0 2.0855e+00
+1.47995e+04 -9.14739e+04 10280 0 2.0846e+00
+1.60047e+04 -9.19340e+04 10281 0 2.2050e+00
+1.73253e+04 -9.23662e+04 10282 0 2.2991e+00
+1.87594e+04 -9.27625e+04 10283 0 2.3187e+00
+2.02899e+04 -9.31197e+04 10284 0 2.3020e+00
+2.19119e+04 -9.34337e+04 10285 0 2.2718e+00
+2.36185e+04 -9.37022e+04 10286 0 2.2290e+00
+3.11477e+04 -7.50766e+04 2010280 1 6.4611e-01
+2.84048e+04 -7.48970e+04 2010237 1 5.7345e-01
+3.04593e+04 -7.45498e+04 2010279 1 6.1164e-01
+2.63832e+04 -7.50299e+04 2010195 1 5.3560e-01
+2.90333e+04 -7.55004e+04 2010238 1 6.0877e-01
+2.58877e+04 -7.42919e+04 2010194 1 4.9887e-01
+3.18927e+04 -7.55524e+04 2010281 1 6.7685e-01
+3.40588e+04 -7.48891e+04 2010323 1 6.9354e-01
+3.32674e+04 -7.44802e+04 2010322 1 6.6549e-01
+2.39996e+04 -7.40883e+04 2010152 1 4.8502e-01
+2.78361e+04 -7.42418e+04 2010236 1 5.3574e-01
+4.20943e+04 -7.53155e+04 3010314 1 7.7087e-01
+4.10143e+04 -7.52059e+04 3010313 1 7.6736e-01
+2.73262e+03 -7.41418e+04 10299 0 1.6659e+00
+4.21686e+04 -7.39826e+04 3010352 1 7.4614e-01
+2.97044e+03 -7.46118e+04 10300 0 1.6714e+00
+3.21287e+03 -7.51163e+04 10301 0 1.6775e+00
+3.62067e+04 -7.40914e+04 2010365 1 6.9910e-01
+3.46109e+03 -7.56545e+04 10302 0 1.6836e+00
+3.71635e+03 -7.62244e+04 10303 0 1.6897e+00
+4.11517e+04 -7.38381e+04 3010351 1 7.3945e-01
+3.98018e+03 -7.68242e+04 10304 0 1.6954e+00
+4.54168e+04 -7.42240e+04 3010355 1 7.5112e-01
+4.25445e+03 -7.74527e+04 10305 0 1.7019e+00
+4.54138e+03 -7.81085e+04 10306 0 1.7085e+00
+4.84326e+03 -7.87893e+04 10307 0 1.7151e+00
+5.16258e+03 -7.94921e+04 10308 0 1.7217e+00
+5.50260e+03 -8.02148e+04 10309 0 1.7290e+00
+5.86671e+03 -8.09551e+04 10310 0 1.7367e+00
+6.25864e+03 -8.17091e+04 10311 0 1.7445e+00
+6.68259e+03 -8.24739e+04 10312 0 1.7535e+00
+7.14356e+03 -8.32463e+04 10313 0 1.7627e+00
+7.64656e+03 -8.40219e+04 10314 0 1.7730e+00
+8.19743e+03 -8.47976e+04 10315 0 1.7842e+00
+8.80259e+03 -8.55687e+04 10316 0 1.7954e+00
+9.46903e+03 -8.63313e+04 10317 0 1.8073e+00
+1.02034e+04 -8.70806e+04 10318 0 1.8174e+00
+1.10142e+04 -8.78119e+04 10319 0 1.8258e+00
+1.19077e+04 -8.85206e+04 10320 0 1.8307e+00
+1.28922e+04 -8.92008e+04 10321 0 1.8278e+00
+1.39714e+04 -8.98476e+04 10322 0 1.8191e+00
+1.51682e+04 -9.04613e+04 10323 0 1.9738e+00
+1.64862e+04 -9.10351e+04 10324 0 2.0241e+00
+1.79278e+04 -9.15596e+04 10325 0 2.0275e+00
+1.94769e+04 -9.20299e+04 10326 0 1.9990e+00
+2.11287e+04 -9.24412e+04 10327 0 1.9589e+00
+2.44142e+04 -7.49120e+04 2010153 1 5.1608e-01
+2.69419e+04 -7.57176e+04 2010196 1 5.7701e-01
+3.04735e+04 -7.65509e+04 2010240 1 6.7998e-01
+2.25233e+04 -7.45009e+04 2010111 1 5.2577e-01
+2.97230e+04 -7.60517e+04 2010239 1 6.4625e-01
+2.48935e+04 -7.56893e+04 2010154 1 5.5498e-01
+4.20830e+04 -7.65777e+04 3010276 1 7.8913e-01
+3.35503e+04 -7.63530e+04 2010283 1 7.3048e-01
+4.09354e+04 -7.65017e+04 3010275 1 7.8852e-01
+2.07369e+04 -7.37530e+04 2010069 1 5.7069e-01
+3.26940e+04 -7.59775e+04 2010282 1 7.0490e-01
+3.57933e+04 -7.55644e+04 2010325 1 7.3865e-01
+3.98240e+04 -7.63918e+04 3010274 1 7.8548e-01
+3.67339e+04 -7.58338e+04 2010326 1 7.5610e-01
+3.49010e+04 -7.52501e+04 2010324 1 7.1768e-01
+4.43544e+04 -7.54396e+04 3010316 1 7.7026e-01
+3.70825e+04 -7.43967e+04 2010366 1 7.1994e-01
+4.46494e+04 -8.52202e+04 1010752 1 8.2053e-01
+4.43033e+04 -7.41732e+04 3010354 1 7.5196e-01
+3.99709e+04 -7.50614e+04 3010312 1 7.6112e-01
+3.89665e+04 -7.48797e+04 2010368 1 7.5109e-01
+4.56833e+04 -8.59197e+04 1010714 1 8.1703e-01
+5.10319e+03 -7.45787e+04 10349 0 1.5863e+00
+4.64447e+04 -8.50772e+04 1010753 1 7.9560e-01
+5.38438e+03 -7.54429e+04 10350 0 1.5898e+00
+5.68307e+03 -7.63349e+04 10351 0 1.5934e+00
+4.32198e+04 -7.40935e+04 3010353 1 7.5036e-01
+6.00293e+03 -7.72509e+04 10352 0 1.5959e+00
+6.34813e+03 -7.81868e+04 10353 0 1.5986e+00
+6.72368e+03 -7.91391e+04 10354 0 1.6019e+00
+7.13499e+03 -8.01035e+04 10355 0 1.6049e+00
+7.58765e+03 -8.10741e+04 10356 0 1.6080e+00
+8.08886e+03 -8.20466e+04 10357 0 1.6113e+00
+8.64556e+03 -8.30147e+04 10358 0 1.6140e+00
+9.26588e+03 -8.39728e+04 10359 0 1.6161e+00
+9.95766e+03 -8.49140e+04 10360 0 1.6160e+00
+1.07302e+04 -8.58321e+04 10361 0 1.6119e+00
+1.15920e+04 -8.67196e+04 10362 0 1.6030e+00
+1.25502e+04 -8.75692e+04 10363 0 1.5888e+00
+1.36192e+04 -8.83787e+04 10364 0 1.6972e+00
+1.48207e+04 -8.91449e+04 10365 0 1.7479e+00
+1.61506e+04 -8.98550e+04 10366 0 1.7658e+00
+1.76091e+04 -9.04991e+04 10367 0 1.7411e+00
+1.91813e+04 -9.10714e+04 10368 0 1.6963e+00
+2.54404e+04 -7.64170e+04 2010155 1 5.8909e-01
+2.98326e+04 -7.79408e+04 2010200 1 7.2035e-01
+2.29142e+04 -7.53696e+04 2010112 1 5.5404e-01
+3.51120e+04 -7.82792e+04 2010245 1 7.9595e-01
+2.82549e+04 -7.69365e+04 2010198 1 6.5321e-01
+3.40721e+04 -7.80321e+04 2010244 1 7.8136e-01
+2.90108e+04 -7.74656e+04 2010199 1 6.8780e-01
+3.21566e+04 -7.73927e+04 2010242 1 7.3881e-01
+3.30860e+04 -7.77372e+04 2010243 1 7.6253e-01
+2.75653e+04 -7.63535e+04 2010197 1 6.1556e-01
+3.12852e+04 -7.69975e+04 2010241 1 7.1049e-01
+3.44607e+04 -7.66800e+04 2010284 1 7.5210e-01
+3.74952e+04 -7.73864e+04 3010234 1 7.9361e-01
+3.54233e+04 -7.69600e+04 2010285 1 7.7007e-01
+3.77208e+04 -7.60601e+04 2010327 1 7.6955e-01
+3.87516e+04 -7.62454e+04 3010273 1 7.7943e-01
+4.28532e+04 -8.53461e+04 1010751 1 8.4423e-01
+4.38249e+04 -8.60589e+04 1010713 1 8.4265e-01
+4.37494e+04 -8.44781e+04 1010790 1 8.2464e-01
+4.32085e+04 -7.53926e+04 3010315 1 7.7182e-01
+4.46762e+04 -7.77693e+04 3010240 1 7.8994e-01
+3.80030e+04 -7.46588e+04 2010367 1 7.3756e-01
+4.54826e+04 -8.43490e+04 1010791 1 8.0273e-01
+4.55294e+04 -7.54590e+04 3010317 1 7.6644e-01
+6.43016e+03 -7.40423e+04 10394 0 1.4318e+00
+4.67311e+04 -7.54531e+04 3010318 1 7.6032e-01
+6.73282e+03 -7.51340e+04 10395 0 1.4332e+00
+4.65582e+04 -7.42481e+04 3010356 1 7.4800e-01
+7.06456e+03 -7.62493e+04 10396 0 1.4331e+00
+7.43130e+03 -7.73821e+04 10397 0 1.4327e+00
+7.84019e+03 -7.85268e+04 10398 0 1.4323e+00
+8.29911e+03 -7.96772e+04 10399 0 1.4307e+00
+8.81614e+03 -8.08248e+04 10400 0 1.4279e+00
+9.40090e+03 -8.19624e+04 10401 0 1.4223e+00
+1.00625e+04 -8.30803e+04 10402 0 1.4130e+00
+1.08110e+04 -8.41696e+04 10403 0 1.3980e+00
+1.16554e+04 -8.52200e+04 10404 0 1.3765e+00
+1.26079e+04 -8.62254e+04 10405 0 1.4540e+00
+1.36944e+04 -8.71869e+04 10406 0 1.5035e+00
+1.49172e+04 -8.80856e+04 10407 0 1.5129e+00
+1.62755e+04 -8.89088e+04 10408 0 1.4971e+00
+1.77607e+04 -8.96474e+04 10409 0 1.4992e+00
+3.26805e+04 -7.90447e+04 2010203 1 7.9411e-01
+3.07196e+04 -7.83618e+04 2010201 1 7.4882e-01
+3.16696e+04 -7.87295e+04 2010202 1 7.7407e-01
+2.75065e+04 -7.82838e+04 2010158 1 6.9547e-01
+2.67458e+04 -7.77162e+04 2010157 1 6.6188e-01
+2.60577e+04 -7.70934e+04 2010156 1 6.2554e-01
+3.73405e+04 -7.86390e+04 3010196 1 8.1417e-01
+2.39078e+04 -7.69720e+04 2010114 1 6.1551e-01
+2.13992e+04 -7.56332e+04 2010071 1 6.0942e-01
+3.97449e+04 -7.88362e+04 3010198 1 8.1862e-01
+3.62025e+04 -7.84807e+04 3010195 1 8.0668e-01
+3.85225e+04 -7.87565e+04 3010197 1 8.1804e-01
+2.33748e+04 -7.61945e+04 2010113 1 5.8032e-01
+2.10343e+04 -7.47102e+04 2010070 1 5.8208e-01
+4.09281e+04 -7.77262e+04 3010237 1 8.0415e-01
+3.97445e+04 -7.76495e+04 3010236 1 8.0363e-01
+4.03045e+04 -8.46718e+04 1010788 1 8.6324e-01
+3.85992e+04 -7.75371e+04 3010235 1 8.0031e-01
+3.64357e+04 -7.71947e+04 2010286 1 7.8347e-01
+4.10600e+04 -8.54503e+04 1010750 1 8.6601e-01
+4.20219e+04 -8.45872e+04 1010789 1 8.4486e-01
+4.19617e+04 -8.61796e+04 1010712 1 8.6681e-01
+4.22089e+04 -8.76376e+04 1010635 1 8.9290e-01
+4.30088e+04 -8.68649e+04 1010674 1 8.7079e-01
+4.35342e+04 -8.82600e+04 1010597 0 8.6171e-01
+4.30149e+04 -8.89751e+04 1010558 0 8.2388e-01
+4.48605e+04 -8.95454e+04 1010520 0 7.6534e-01
+4.49340e+04 -8.67314e+04 1010675 1 8.4304e-01
+4.44752e+04 -7.66378e+04 3010278 1 7.8271e-01
+4.51050e+04 -8.88505e+04 1010559 0 7.9942e-01
+4.55739e+04 -8.81261e+04 1010598 0 8.3493e-01
+4.56942e+04 -9.15250e+04 1010403 0 8.5333e-01
+7.64311e+03 -7.40097e+04 10438 0 1.2521e+00
+4.61829e+04 -8.73695e+04 1010637 1 8.3560e-01
+7.97082e+03 -7.52821e+04 10439 0 1.2500e+00
+8.34284e+03 -7.65720e+04 10440 0 1.2457e+00
+8.76800e+03 -7.78710e+04 10441 0 1.2404e+00
+9.25663e+03 -7.91706e+04 10442 0 1.2324e+00
+9.81881e+03 -8.04593e+04 10443 0 1.2191e+00
+1.04656e+04 -8.17256e+04 10444 0 1.1997e+00
+1.12068e+04 -8.29557e+04 10445 0 1.1720e+00
+1.20557e+04 -8.41411e+04 10446 0 1.2317e+00
+1.30403e+04 -8.52843e+04 10447 0 1.2771e+00
+1.41637e+04 -8.63604e+04 10448 0 1.2812e+00
+1.54260e+04 -8.73523e+04 10449 0 1.2566e+00
+1.68324e+04 -8.82508e+04 10450 0 1.2985e+00
+3.37497e+04 -7.93091e+04 2010204 1 8.0922e-01
+3.02123e+04 -7.96481e+04 2010161 1 7.8335e-01
+2.83382e+04 -7.87954e+04 2010159 1 7.2761e-01
+2.92408e+04 -7.92501e+04 2010160 1 7.5798e-01
+2.52009e+04 -7.83718e+04 2010116 1 6.7788e-01
+3.48736e+04 -7.95247e+04 3010156 1 8.2044e-01
+2.18360e+04 -7.65163e+04 2010072 1 6.3252e-01
+4.10743e+04 -8.69782e+04 1010673 1 8.9724e-01
+2.45154e+04 -7.76989e+04 2010115 1 6.4584e-01
+3.72697e+04 -7.98200e+04 3010158 1 8.3195e-01
+1.95456e+04 -7.46779e+04 2010029 1 6.7374e-01
+3.60482e+04 -7.96941e+04 3010157 1 8.2795e-01
+3.86022e+04 -8.47267e+04 1010787 1 8.7943e-01
+3.82385e+04 -8.63441e+04 1010710 1 9.1181e-01
+3.93916e+04 -8.84683e+04 1010595 0 9.0994e-01
+3.92744e+04 -8.55278e+04 1010749 1 8.8595e-01
+3.91351e+04 -8.70655e+04 1010672 1 9.2207e-01
+4.08557e+04 -9.10515e+04 1010440 0 8.3858e-01
+4.01993e+04 -8.77413e+04 1010634 1 9.2036e-01
+4.00977e+04 -8.62767e+04 1010711 1 8.8991e-01
+4.05855e+04 -8.97562e+04 1010518 0 8.0667e-01
+4.14723e+04 -8.83763e+04 1010596 0 8.8690e-01
+4.30207e+04 -9.09709e+04 1010441 0 8.1097e-01
+4.32639e+04 -7.66222e+04 3010277 1 7.8708e-01
+4.36184e+04 -7.88778e+04 3010201 1 8.0355e-01
+4.42046e+04 -8.75117e+04 1010636 1 8.6375e-01
+4.51519e+04 -9.08743e+04 1010442 0 7.8309e-01
+4.57142e+04 -7.66273e+04 3010279 1 7.7602e-01
+4.63376e+04 -7.87712e+04 3010203 1 7.8191e-01
+4.59808e+04 -7.77306e+04 3010241 1 7.8060e-01
+8.69719e+03 -7.39216e+04 10481 0 1.0669e+00
+9.04188e+03 -7.53266e+04 10482 0 1.0595e+00
+9.44636e+03 -7.67444e+04 10483 0 1.0478e+00
+9.92166e+03 -7.81623e+04 10484 0 1.0308e+00
+1.04800e+04 -7.95671e+04 10485 0 1.0061e+00
+1.11317e+04 -8.09415e+04 10486 0 9.7249e-01
+1.18924e+04 -8.22763e+04 10487 0 1.0342e+00
+1.27906e+04 -8.35733e+04 10488 0 1.0680e+00
+1.38291e+04 -8.48000e+04 10489 0 1.0632e+00
+1.50084e+04 -8.59344e+04 10490 0 1.0280e+00
+1.63527e+04 -8.69747e+04 10491 0 1.0976e+00
+3.35088e+04 -8.05132e+04 3010117 1 8.3311e-01
+3.23495e+04 -8.02780e+04 2010163 1 8.2140e-01
+2.59633e+04 -7.89886e+04 2010117 1 7.0939e-01
+3.12495e+04 -7.99903e+04 2010162 1 8.0475e-01
+2.68046e+04 -7.95466e+04 2010118 1 7.4046e-01
+1.98806e+04 -7.56653e+04 2010030 1 6.8378e-01
+2.23510e+04 -7.73551e+04 2010073 1 6.5324e-01
+3.69209e+04 -8.47464e+04 1010786 1 8.9289e-01
+3.57495e+04 -8.55776e+04 1010747 1 9.1840e-01
+3.63901e+04 -8.63748e+04 1010709 1 9.3103e-01
+3.61582e+04 -8.78528e+04 1010632 1 9.6824e-01
+3.75021e+04 -8.55724e+04 1010748 1 9.0355e-01
+3.71966e+04 -8.71194e+04 1010671 1 9.4500e-01
+3.72971e+04 -8.85279e+04 1010594 0 9.3067e-01
+3.81804e+04 -8.78159e+04 1010633 1 9.4557e-01
+3.84072e+04 -8.98260e+04 1010517 0 8.2442e-01
+3.87599e+04 -8.91609e+04 1010556 0 8.6668e-01
+4.05666e+04 -9.04101e+04 1010479 0 8.0009e-01
+4.38365e+04 -9.59832e+04 1010163 0 2.0086e+00
+4.14486e+04 -9.16875e+04 1010401 0 9.3145e-01
+4.08987e+04 -8.90809e+04 1010557 0 8.4640e-01
+4.23416e+04 -9.23264e+04 1010362 0 1.0454e+00
+4.29736e+04 -9.36929e+04 1010283 0 1.3664e+00
+4.13281e+04 -8.37776e+04 3010008 1 8.4494e-01
+4.27355e+04 -9.03225e+04 1010480 0 7.7708e-01
+4.35885e+04 -9.16129e+04 1010402 0 8.9194e-01
+4.18370e+04 -8.19478e+04 3010085 1 8.3127e-01
+4.35144e+04 -9.29757e+04 1010323 0 1.1774e+00
+4.27377e+04 -8.96602e+04 1010519 0 7.8674e-01
+4.47376e+04 -9.43884e+04 1010244 0 1.5053e+00
+4.29822e+04 -8.36884e+04 3010009 1 8.2751e-01
+4.33971e+04 -7.77832e+04 3010239 1 7.9722e-01
+4.33572e+04 -8.18790e+04 3010086 1 8.1750e-01
+4.48725e+04 -9.02170e+04 1010481 0 7.5304e-01
+4.55433e+04 -9.29136e+04 1010324 0 1.1180e+00
+4.49665e+04 -7.88360e+04 3010202 1 7.9376e-01
+4.43606e+04 -8.08767e+04 3010125 1 8.0542e-01
+4.64961e+04 -9.21789e+04 1010364 0 9.5106e-01
+4.66118e+04 -9.43476e+04 1010245 0 1.4277e+00
+9.89940e+03 -7.48452e+04 10524 0 9.1393e-01
+1.03026e+04 -7.63496e+04 10525 0 9.0346e-01
+1.07880e+04 -7.78491e+04 10526 0 8.8837e-01
+1.13668e+04 -7.93243e+04 10527 0 8.7314e-01
+1.20589e+04 -8.07702e+04 10528 0 9.6518e-01
+1.28906e+04 -8.21819e+04 10529 0 9.6647e-01
+1.38627e+04 -8.35185e+04 10530 0 9.2223e-01
+1.49804e+04 -8.47591e+04 10531 0 9.3714e-01
+1.62819e+04 -8.59081e+04 10532 0 9.3527e-01
+2.87145e+04 -8.04826e+04 2010120 1 7.9515e-01
+2.97793e+04 -8.08602e+04 2010121 1 8.1621e-01
+2.77220e+04 -8.00449e+04 2010119 1 7.6743e-01
+2.36235e+04 -7.88808e+04 2010075 1 7.0679e-01
+2.29461e+04 -7.81446e+04 2010074 1 6.8314e-01
+3.47227e+04 -8.06984e+04 3010118 1 8.4108e-01
+3.40243e+04 -8.55363e+04 1010746 1 9.2994e-01
+3.59867e+04 -8.08366e+04 3010119 1 8.4522e-01
+3.52671e+04 -8.47247e+04 1010785 1 9.0350e-01
+3.52660e+04 -8.71317e+04 1010670 1 9.6537e-01
+3.45601e+04 -8.63608e+04 1010708 1 9.4710e-01
+3.66040e+04 -8.92062e+04 1010555 0 8.8433e-01
+3.62089e+04 -8.98604e+04 1010516 0 8.4049e-01
+3.51958e+04 -8.85454e+04 1010593 0 9.4859e-01
+3.61491e+04 -9.05014e+04 1010477 0 8.4186e-01
+3.83692e+04 -9.04728e+04 1010478 0 8.2193e-01
+3.86603e+04 -9.11097e+04 1010439 0 8.6568e-01
+3.92772e+04 -9.17433e+04 1010400 0 9.7157e-01
+4.02155e+04 -9.23803e+04 1010361 0 1.0947e+00
+4.14546e+04 -9.30271e+04 1010322 0 1.2387e+00
+4.28385e+04 -9.44232e+04 1010243 0 1.5850e+00
+4.31243e+04 -9.51800e+04 1010203 0 1.7926e+00
+4.21467e+04 -7.77698e+04 3010238 1 8.0180e-01
+4.49490e+04 -9.36459e+04 1010284 0 1.2986e+00
+4.44359e+04 -9.22578e+04 1010363 0 9.9759e-01
+1.09038e+04 -7.51330e+04 10566 0 8.7710e-01
+1.13351e+04 -7.66849e+04 10567 0 8.8249e-01
+1.18606e+04 -7.82142e+04 10568 0 8.7853e-01
+1.25105e+04 -7.97338e+04 10569 0 9.3918e-01
+1.32991e+04 -8.12114e+04 10570 0 9.0168e-01
+1.42245e+04 -8.26042e+04 10571 0 8.4608e-01
+1.53228e+04 -8.39178e+04 10572 0 9.1246e-01
+1.65895e+04 -8.51180e+04 10573 0 8.6908e-01
+3.09120e+04 -8.11787e+04 2010122 1 8.3268e-01
+3.21084e+04 -8.14402e+04 3010078 1 8.4575e-01
+3.33641e+04 -8.16471e+04 3010079 1 8.5451e-01
+2.52331e+04 -8.01766e+04 2010077 1 7.5975e-01
+2.43865e+04 -7.95590e+04 2010076 1 7.3547e-01
+3.36482e+04 -8.46552e+04 1010784 1 9.1075e-01
+3.27573e+04 -8.62934e+04 1010707 1 9.5930e-01
+2.02898e+04 -7.66191e+04 2010031 1 7.0534e-01
+3.33517e+04 -8.70927e+04 1010669 1 9.8335e-01
+3.30969e+04 -8.85087e+04 1010592 0 9.6345e-01
+3.41406e+04 -8.78420e+04 1010631 1 9.8755e-01
+3.44385e+04 -8.92057e+04 1010554 0 8.9909e-01
+3.48606e+04 -9.17687e+04 1010398 0 1.0518e+00
+3.39988e+04 -8.98480e+04 1010515 0 8.5413e-01
+3.64398e+04 -9.11372e+04 1010438 0 8.9256e-01
+3.70788e+04 -9.17733e+04 1010399 0 1.0115e+00
+3.89440e+04 -9.37538e+04 1010281 0 1.5060e+00
+3.80613e+04 -9.24140e+04 1010360 0 1.1449e+00
+4.21328e+04 -9.59961e+04 1010162 0 2.1044e+00
+4.09163e+04 -9.44498e+04 1010242 0 1.6662e+00
+3.80752e+04 -8.38699e+04 3010006 1 8.7307e-01
+4.09709e+04 -9.37300e+04 1010282 0 1.4354e+00
+4.03396e+04 -8.19894e+04 3010084 1 8.4262e-01
+4.07691e+04 -8.29129e+04 3010046 1 8.4506e-01
+4.49429e+04 -9.68437e+04 1010123 0 2.2268e+00
+4.22964e+04 -7.88938e+04 3010200 1 8.1127e-01
+4.49276e+04 -9.51551e+04 1010204 0 1.7037e+00
+4.28933e+04 -8.09457e+04 3010124 1 8.1857e-01
+4.58471e+04 -8.07855e+04 3010126 1 7.9030e-01
+4.67106e+04 -9.51258e+04 1010205 0 1.6169e+00
+1.16844e+04 -7.45806e+04 10607 0 9.3472e-01
+1.20851e+04 -7.61435e+04 10608 0 9.4991e-01
+1.25872e+04 -7.76913e+04 10609 0 9.7825e-01
+1.32242e+04 -7.92376e+04 10610 0 9.5159e-01
+1.39935e+04 -8.07202e+04 10611 0 9.1147e-01
+1.49176e+04 -8.21305e+04 10612 0 9.6498e-01
+1.60133e+04 -8.34493e+04 10613 0 9.1333e-01
+1.72735e+04 -8.46434e+04 10614 0 9.4925e-01
+2.71777e+04 -8.12197e+04 2010079 1 8.0876e-01
+2.61647e+04 -8.07306e+04 2010078 1 7.8724e-01
+3.46736e+04 -8.18026e+04 3010080 1 8.5889e-01
+2.07793e+04 -7.75326e+04 2010032 1 7.1961e-01
+3.09918e+04 -8.61631e+04 1010706 1 9.6940e-01
+3.23349e+04 -8.54405e+04 1010745 1 9.3828e-01
+3.14641e+04 -8.69916e+04 1010668 1 9.9854e-01
+3.01238e+04 -8.90124e+04 1010552 0 9.1592e-01
+3.21378e+04 -8.77717e+04 1010630 1 1.0031e+00
+3.10122e+04 -8.84040e+04 1010591 0 9.7562e-01
+3.22738e+04 -8.91464e+04 1010553 0 9.0993e-01
+3.19603e+04 -9.10573e+04 1010436 0 9.4610e-01
+3.16775e+04 -9.04094e+04 1010475 0 8.7511e-01
+3.17885e+04 -8.97748e+04 1010514 0 8.6623e-01
+3.39145e+04 -9.04848e+04 1010476 0 8.5968e-01
+3.42026e+04 -9.11239e+04 1010437 0 9.1923e-01
+3.51248e+04 -9.30711e+04 1010319 0 1.4278e+00
+3.68975e+04 -9.37600e+04 1010280 0 1.5779e+00
+3.58849e+04 -9.24205e+04 1010359 0 1.1956e+00
+3.94634e+04 -9.52096e+04 1010201 0 1.9733e+00
+3.72543e+04 -9.30806e+04 1010320 0 1.3647e+00
+3.93664e+04 -9.30638e+04 1010321 0 1.3014e+00
+4.13020e+04 -9.51988e+04 1010202 0 1.8825e+00
+4.33711e+04 -9.68521e+04 1010122 0 2.3308e+00
+3.76880e+04 -8.29536e+04 3010044 1 8.6637e-01
+3.92148e+04 -8.29502e+04 3010045 1 8.5703e-01
+4.49816e+04 -9.77846e+04 1010082 0 2.5179e+00
+3.96907e+04 -8.38398e+04 3010007 1 8.6037e-01
+4.14491e+04 -8.09893e+04 3010123 1 8.2956e-01
+4.39369e+04 -7.99080e+04 3010163 1 8.0643e-01
+4.55487e+04 -8.26417e+04 3010049 1 7.9562e-01
+4.65043e+04 -9.68331e+04 1010124 0 2.1242e+00
+4.64497e+04 -8.16745e+04 3010088 1 7.8418e-01
+1.26294e+04 -7.47200e+04 10648 0 1.0711e+00
+1.30281e+04 -7.62472e+04 10649 0 1.0783e+00
+1.35522e+04 -7.77931e+04 10650 0 1.0595e+00
+1.42023e+04 -7.92929e+04 10651 0 1.0281e+00
+1.49957e+04 -8.07320e+04 10652 0 1.0606e+00
+1.59517e+04 -8.20936e+04 10653 0 9.9902e-01
+1.70696e+04 -8.33453e+04 10654 0 1.0296e+00
+1.83573e+04 -8.44724e+04 10655 0 9.6638e-01
+3.06724e+04 -8.22984e+04 3010039 1 8.5980e-01
+2.94362e+04 -8.20024e+04 2010081 1 8.4826e-01
+2.82693e+04 -8.16435e+04 2010080 1 8.3230e-01
+2.13570e+04 -7.83995e+04 2010033 1 7.3456e-01
+3.20721e+04 -8.45314e+04 1010783 1 9.1495e-01
+3.06907e+04 -8.52825e+04 1010744 1 9.4281e-01
+2.96150e+04 -8.68167e+04 1010667 1 1.0105e+00
+3.01621e+04 -8.76286e+04 1010629 1 1.0140e+00
+2.89564e+04 -8.82155e+04 1010590 0 9.8463e-01
+2.80069e+04 -8.87864e+04 1010551 0 9.1326e-01
+2.95931e+04 -8.96247e+04 1010513 0 8.7691e-01
+2.94541e+04 -9.02593e+04 1010474 0 8.8666e-01
+2.97283e+04 -9.09228e+04 1010435 0 9.7391e-01
+3.04102e+04 -9.16112e+04 1010396 0 1.1290e+00
+3.26330e+04 -9.17188e+04 1010397 0 1.0915e+00
+3.36953e+04 -9.23912e+04 1010358 0 1.2476e+00
+3.49335e+04 -8.38131e+04 3010004 1 8.8886e-01
+4.04164e+04 -9.60040e+04 1010161 0 2.2014e+00
+3.89737e+04 -9.44654e+04 1010241 0 1.7486e+00
+3.61943e+04 -8.29185e+04 3010043 1 8.7229e-01
+3.64873e+04 -8.38628e+04 3010005 1 8.8276e-01
+4.56251e+04 -9.88192e+04 1010041 0 2.7423e+00
+3.74317e+04 -8.19750e+04 3010082 1 8.5723e-01
+3.86460e+04 -8.09858e+04 3010121 1 8.4350e-01
+3.88696e+04 -8.19998e+04 3010083 1 8.5151e-01
+3.98369e+04 -7.99536e+04 3010160 1 8.3042e-01
+4.11743e+04 -7.99679e+04 3010161 1 8.2519e-01
+4.55255e+04 -9.59663e+04 1010164 0 1.9141e+00
+4.39404e+04 -8.27546e+04 3010048 1 8.1412e-01
+4.64132e+04 -9.77802e+04 1010083 0 2.4085e+00
+4.46483e+04 -8.35764e+04 3010010 1 8.0849e-01
+4.48960e+04 -8.17867e+04 3010087 1 8.0174e-01
+1.34203e+04 -7.40252e+04 10688 0 1.2153e+00
+1.37569e+04 -7.54937e+04 10689 0 1.2169e+00
+1.42099e+04 -7.69792e+04 10690 0 1.1764e+00
+1.47776e+04 -7.84219e+04 10691 0 1.1461e+00
+1.54843e+04 -7.98219e+04 10692 0 1.1410e+00
+1.63300e+04 -8.11413e+04 10693 0 1.0880e+00
+1.73384e+04 -8.23747e+04 10694 0 1.0971e+00
+1.84899e+04 -8.34877e+04 10695 0 1.0819e+00
+1.98083e+04 -8.44785e+04 10696 1 1.0518e+00
+3.19723e+04 -8.25343e+04 3010040 1 8.6834e-01
+3.05471e+04 -8.43468e+04 1010782 1 9.1537e-01
+2.20220e+04 -7.92137e+04 2010034 1 7.5760e-01
+2.92743e+04 -8.59603e+04 1010705 1 9.7827e-01
+2.78178e+04 -8.65561e+04 1010666 1 1.0190e+00
+2.82289e+04 -8.73983e+04 1010628 1 1.0217e+00
+2.69466e+04 -8.79265e+04 1010589 0 9.9021e-01
+2.59446e+04 -8.84502e+04 1010550 0 9.2124e-01
+2.74315e+04 -8.93795e+04 1010512 0 8.8645e-01
+2.72661e+04 -9.00173e+04 1010473 0 8.8752e-01
+2.75261e+04 -9.07045e+04 1010434 0 1.0015e+00
+2.82111e+04 -9.14319e+04 1010395 0 1.1608e+00
+3.15045e+04 -9.23160e+04 1010357 0 1.3000e+00
+3.08542e+04 -9.29418e+04 1010317 0 1.5499e+00
+3.29873e+04 -9.30278e+04 1010318 0 1.4901e+00
+3.48383e+04 -9.37432e+04 1010279 0 1.6488e+00
+3.50468e+04 -9.44498e+04 1010239 0 1.9132e+00
+3.34206e+04 -8.37152e+04 3010003 1 8.9149e-01
+3.86900e+04 -9.60055e+04 1010160 0 2.2983e+00
+3.70153e+04 -9.44667e+04 1010240 0 1.8313e+00
+3.47396e+04 -8.28400e+04 3010042 1 8.7501e-01
+4.35441e+04 -9.77879e+04 1010081 0 2.6285e+00
+4.17900e+04 -9.68577e+04 1010121 0 2.4357e+00
+3.60313e+04 -8.19106e+04 3010081 1 8.5986e-01
+3.72961e+04 -8.09312e+04 3010120 1 8.4608e-01
+4.10041e+04 -7.88809e+04 3010199 1 8.1620e-01
+4.25423e+04 -7.99516e+04 3010162 1 8.1701e-01
+4.23459e+04 -8.28463e+04 3010047 1 8.3059e-01
+4.67919e+04 -7.97518e+04 3010165 1 7.7933e-01
+1.43984e+04 -7.39005e+04 10728 1 1.2501e+00
+1.47013e+04 -7.52676e+04 10729 1 1.2183e+00
+1.51095e+04 -7.66334e+04 10730 1 1.1868e+00
+1.56208e+04 -7.79652e+04 10731 1 1.1647e+00
+1.62603e+04 -7.92577e+04 10732 1 1.1277e+00
+1.70226e+04 -8.04835e+04 10733 1 1.1157e+00
+1.79267e+04 -8.16304e+04 10734 1 1.0766e+00
+1.89672e+04 -8.26809e+04 10735 1 1.0782e+00
+2.01431e+04 -8.36224e+04 10736 1 1.0405e+00
+2.14578e+04 -8.44469e+04 10737 1 1.0475e+00
+2.91020e+04 -8.50543e+04 1010743 1 9.4235e-01
+2.60886e+04 -8.61979e+04 1010665 1 1.0207e+00
+2.36288e+04 -8.06625e+04 2010036 1 7.9695e-01
+2.76167e+04 -8.56754e+04 1010704 1 9.8399e-01
+2.27789e+04 -7.99700e+04 2010035 1 7.6954e-01
+2.63534e+04 -8.70662e+04 1010627 1 1.0333e+00
+2.50051e+04 -8.75197e+04 1010588 0 9.7887e-01
+2.39562e+04 -8.79859e+04 1010549 0 9.3082e-01
+2.33121e+04 -8.85325e+04 1010510 0 8.8315e-01
+2.51386e+04 -8.96659e+04 1010472 0 9.0737e-01
+2.30927e+04 -8.91890e+04 1010471 0 9.2609e-01
+2.53269e+04 -8.90209e+04 1010511 0 8.8928e-01
+2.53773e+04 -9.03863e+04 1010433 0 1.0247e+00
+2.60609e+04 -9.11672e+04 1010394 0 1.1855e+00
+2.71847e+04 -9.19819e+04 1010355 0 1.4029e+00
+2.87415e+04 -9.28038e+04 1010316 0 1.6038e+00
+3.07215e+04 -9.36154e+04 1010277 0 1.7906e+00
+2.93280e+04 -9.21836e+04 1010356 0 1.3525e+00
+3.57530e+04 -9.51979e+04 1010199 0 2.1512e+00
+3.30763e+04 -9.44101e+04 1010238 0 1.9926e+00
+3.27757e+04 -9.36973e+04 1010278 0 1.7200e+00
+3.76121e+04 -9.52102e+04 1010200 0 2.0630e+00
+4.21018e+04 -9.77898e+04 1010080 0 2.7397e+00
+4.68193e+04 -9.99828e+04 1010000 0 2.8622e+00
+3.33301e+04 -8.27135e+04 3010041 1 8.7372e-01
+2.63672e+04 -8.33703e+04 10860 1 8.9622e-01
+4.00318e+04 -8.10039e+04 3010122 1 8.3803e-01
+4.63225e+04 -8.34459e+04 3010011 1 7.8782e-01
+1.54925e+04 -7.38884e+04 10768 1 1.1188e+00
+1.57710e+04 -7.51399e+04 10769 1 1.0911e+00
+1.61413e+04 -7.63770e+04 10770 1 1.0665e+00
+1.66056e+04 -7.75880e+04 10771 1 1.0542e+00
+1.71793e+04 -7.87595e+04 10772 1 1.0259e+00
+1.78668e+04 -7.98784e+04 10773 1 1.0228e+00
+1.86721e+04 -8.09303e+04 10774 1 1.0069e+00
+1.96068e+04 -8.19025e+04 10775 1 9.9627e-01
+2.06610e+04 -8.27852e+04 10776 1 9.9834e-01
+2.18390e+04 -8.35693e+04 10777 1 9.8521e-01
+2.31319e+04 -8.42502e+04 10778 1 9.9060e-01
+2.45701e+04 -8.12878e+04 2010037 1 8.1296e-01
+2.90820e+04 -8.40951e+04 1010781 1 9.1194e-01
+2.75794e+04 -8.47486e+04 1010742 1 9.4238e-01
+2.60315e+04 -8.53001e+04 1010703 1 9.8567e-01
+2.45528e+04 -8.66184e+04 1010626 1 1.0414e+00
+2.44421e+04 -8.57317e+04 1010664 1 1.0333e+00
+2.20736e+04 -8.73791e+04 1010548 0 9.0675e-01
+2.31556e+04 -8.69799e+04 1010587 0 9.9410e-01
+2.14040e+04 -8.79001e+04 1010509 0 9.0796e-01
+2.11648e+04 -8.85769e+04 1010470 0 8.9879e-01
+2.33134e+04 -8.99548e+04 1010432 0 1.0175e+00
+2.39814e+04 -9.08042e+04 1010393 0 1.2307e+00
+2.13608e+04 -8.93997e+04 1010431 0 1.0613e+00
+2.30891e+04 -9.13291e+04 1010353 0 1.4632e+00
+2.50965e+04 -9.16999e+04 1010354 0 1.4465e+00
+2.19938e+04 -9.03329e+04 1010392 0 1.2676e+00
+2.46613e+04 -9.23369e+04 1010314 0 1.6822e+00
+2.66691e+04 -9.26048e+04 1010315 0 1.6428e+00
+2.86898e+04 -9.34902e+04 1010276 0 1.8583e+00
+3.11139e+04 -9.43426e+04 1010237 0 2.0684e+00
+3.38926e+04 -9.51697e+04 1010198 0 2.2350e+00
+3.69572e+04 -9.59990e+04 1010159 0 2.3941e+00
+3.20390e+04 -9.51225e+04 1010197 0 2.3111e+00
+4.43325e+04 -9.88199e+04 1010040 0 2.8572e+00
+3.52226e+04 -9.59827e+04 1010158 0 2.4876e+00
+4.02014e+04 -9.68599e+04 1010120 0 2.5408e+00
+3.19557e+04 -8.35636e+04 3010002 1 8.9113e-01
+3.85340e+04 -7.99054e+04 3010159 1 8.3281e-01
+4.53546e+04 -7.98404e+04 3010164 1 7.9380e-01
+1.69021e+04 -7.48490e+04 10809 1 9.3934e-01
+1.72355e+04 -7.59858e+04 10810 1 9.2234e-01
+1.76547e+04 -7.70974e+04 10811 1 9.2265e-01
+1.81669e+04 -7.81730e+04 10812 1 9.1589e-01
+1.87850e+04 -7.92020e+04 10813 1 9.1102e-01
+1.95064e+04 -8.01745e+04 10814 1 9.1861e-01
+2.03390e+04 -8.10803e+04 10815 1 9.0591e-01
+2.12852e+04 -8.19096e+04 10816 1 9.2070e-01
+2.23399e+04 -8.26566e+04 10817 1 9.2471e-01
+2.35050e+04 -8.33146e+04 10818 1 9.3125e-01
+2.47702e+04 -8.38827e+04 10819 1 9.3412e-01
+2.79212e+04 -8.27377e+04 2010040 1 8.6784e-01
+2.91986e+04 -8.30792e+04 3010000 1 8.8021e-01
+2.56021e+04 -8.18427e+04 2010038 1 8.3730e-01
+2.76860e+04 -8.37710e+04 1010780 1 9.0274e-01
+2.61319e+04 -8.43597e+04 1010741 1 9.4137e-01
+2.14112e+04 -8.62946e+04 1010586 0 9.9204e-01
+2.45337e+04 -8.48264e+04 1010702 1 9.8417e-01
+2.28512e+04 -8.60424e+04 1010625 1 1.0362e+00
+2.67210e+04 -8.23259e+04 2010039 1 8.5246e-01
+2.03190e+04 -8.66199e+04 1010547 0 9.4237e-01
+1.93765e+04 -8.78233e+04 1010469 0 9.4199e-01
+1.96386e+04 -8.71194e+04 1010508 0 8.7378e-01
+1.95289e+04 -8.87148e+04 1010430 0 1.0812e+00
+2.28915e+04 -8.51499e+04 1010663 1 1.0374e+00
+2.01342e+04 -8.97510e+04 1010391 0 1.2424e+00
+2.12614e+04 -8.53302e+04 1010624 1 1.0594e+00
+2.11948e+04 -9.08648e+04 1010352 0 1.4896e+00
+2.27324e+04 -9.19931e+04 1010313 0 1.7350e+00
+1.98134e+04 -8.54597e+04 1010585 0 1.0051e+00
+1.87166e+04 -8.57074e+04 1010546 0 9.0378e-01
+1.80249e+04 -8.61875e+04 1010507 0 9.2056e-01
+1.77407e+04 -8.69300e+04 1010468 0 8.7981e-01
+2.47596e+04 -9.30835e+04 1010274 0 1.9739e+00
+1.78701e+04 -8.79076e+04 1010429 0 1.0682e+00
+1.84152e+04 -8.90562e+04 1010390 0 1.2989e+00
+2.91717e+04 -9.42423e+04 1010236 0 2.1374e+00
+1.94128e+04 -9.03030e+04 1010351 0 1.5361e+00
+2.66968e+04 -9.33149e+04 1010275 0 1.9209e+00
+2.08984e+04 -9.15706e+04 1010312 0 1.7736e+00
+3.02023e+04 -9.50529e+04 1010196 0 2.3753e+00
+3.34919e+04 -9.59548e+04 1010157 0 2.5777e+00
+2.28961e+04 -9.27924e+04 1010273 0 2.0084e+00
+3.05459e+04 -8.33532e+04 3010001 1 8.8750e-01
+2.54063e+04 -9.39251e+04 1010234 0 2.2311e+00
+2.83943e+04 -9.49578e+04 1010195 0 2.4326e+00
+4.06559e+04 -9.77899e+04 1010079 0 2.8500e+00
+3.54167e+04 -9.68375e+04 1010117 0 2.8449e+00
+4.30382e+04 -9.88203e+04 1010039 0 2.9728e+00
+3.92080e+04 -9.77880e+04 1010078 0 2.9592e+00
+2.72638e+04 -9.41044e+04 1010235 0 2.1944e+00
+3.86076e+04 -9.68579e+04 1010119 0 2.6448e+00
+3.17718e+04 -9.59132e+04 1010156 0 2.6626e+00
+1.80775e+04 -7.43580e+04 10849 1 7.9639e-01
+3.70115e+04 -9.68507e+04 1010118 0 2.7468e+00
+1.83740e+04 -7.54213e+04 10850 1 7.8807e-01
+1.87500e+04 -7.64592e+04 10851 1 7.9862e-01
+1.92081e+04 -7.74632e+04 10852 1 8.1056e-01
+1.97586e+04 -7.84246e+04 10853 1 8.0534e-01
+2.04051e+04 -7.93356e+04 10854 1 8.2354e-01
+2.11484e+04 -8.01886e+04 10855 1 8.3593e-01
+2.19954e+04 -8.09756e+04 10856 1 8.4345e-01
+2.29419e+04 -8.16914e+04 10857 1 8.6036e-01
+2.39894e+04 -8.23306e+04 10858 1 8.6984e-01
+2.51320e+04 -8.28907e+04 10859 1 8.8610e-01
+4.68469e+04 -8.65828e+04 1010676 1 8.1420e-01
