+1.77865e+01 -9.99789e+04 10000 0 8.1707e-02
+1.15612e+03 -9.99789e+04 10001 0 2.4098e-01
+2.29448e+03 -9.99789e+04 10002 0 4.5644e-01
+3.43288e+03 -9.99789e+04 10003 0 6.7480e-01
+4.57133e+03 -9.99790e+04 10004 0 8.9198e-01
+5.70986e+03 -9.99790e+04 10005 0 1.1064e+00
+6.84848e+03 -9.99791e+04 10006 0 1.3171e+00
+7.98722e+03 -9.99791e+04 10007 0 1.5232e+00
+9.12609e+03 -9.99792e+04 10008 0 1.7236e+00
+1.02651e+04 -9.99793e+04 10009 0 1.9176e+00
+1.14043e+04 -9.99794e+04 10010 0 2.1043e+00
+1.25437e+04 -9.99795e+04 10011 0 2.2828e+00
+1.36833e+04 -9.99796e+04 10012 0 2.4524e+00
+1.48231e+04 -9.99798e+04 10013 0 2.6121e+00
+1.59631e+04 -9.99799e+04 10014 0 2.7613e+00
+1.71034e+04 -9.99801e+04 10015 0 2.8991e+00
+1.82439e+04 -9.99802e+04 10016 0 3.0250e+00
+1.93847e+04 -9.99804e+04 10017 0 3.1382e+00
+2.05258e+04 -9.99805e+04 10018 0 3.2384e+00
+2.16671e+04 -9.99807e+04 10019 0 3.3251e+00
+2.28087e+04 -9.99809e+04 10020 0 3.3981e+00
+2.39506e+04 -9.99810e+04 10021 0 3.4573e+00
+2.50928e+04 -9.99812e+04 10022 0 3.5026e+00
+2.62352e+04 -9.99814e+04 10023 0 3.5343e+00
+2.73778e+04 -9.99815e+04 10024 0 3.5526e+00
+2.85207e+04 -9.99817e+04 10025 0 3.5581e+00
+2.96638e+04 -9.99818e+04 10026 0 3.5513e+00
+3.08071e+04 -9.99819e+04 10027 0 3.5329e+00
+3.19506e+04 -9.99820e+04 10028 0 3.5038e+00
+3.30942e+04 -9.99821e+04 10029 0 3.4648e+00
+3.42380e+04 -9.99822e+04 10030 0 3.4169e+00
+3.53819e+04 -9.99823e+04 10031 0 3.3609e+00
+3.65259e+04 -9.99824e+04 10032 0 3.2979e+00
+3.76701e+04 -9.99825e+04 10033 0 3.2288e+00
+3.88142e+04 -9.99825e+04 10034 0 3.1545e+00
+3.99585e+04 -9.99826e+04 10035 0 3.0758e+00
+4.11028e+04 -9.99826e+04 10036 0 2.9936e+00
+4.22471e+04 -9.99826e+04 10037 0 2.9087e+00
+4.33915e+04 -9.99826e+04 10038 0 2.8217e+00
+4.45359e+04 -9.99826e+04 10039 0 2.7332e+00
+4.56802e+04 -9.99827e+04 10040 0 2.6438e+00
+1.36824e+01 -9.85119e+04 10041 0 3.1902e-01
+8.89386e+02 -9.85123e+04 10042 0 3.6501e-01
+1.76596e+03 -9.85135e+04 10043 0 4.7444e-01
+2.64414e+03 -9.85154e+04 10044 0 6.1346e-01
+3.52463e+03 -9.85180e+04 10045 0 7.6522e-01
+4.40824e+03 -9.85213e+04 10046 0 9.2240e-01
+5.29591e+03 -9.85254e+04 10047 0 1.0814e+00
+6.18840e+03 -9.85302e+04 10048 0 1.2401e+00
+7.08648e+03 -9.85357e+04 10049 0 1.3975e+00
+7.99094e+03 -9.85420e+04 10050 0 1.5524e+00
+8.90270e+03 -9.85489e+04 10051 0 1.7041e+00
+9.82268e+03 -9.85566e+04 10052 0 1.8518e+00
+1.07517e+04 -9.85649e+04 10053 0 1.9950e+00
+1.16905e+04 -9.85738e+04 10054 0 2.1329e+00
+1.26401e+04 -9.85834e+04 10055 0 2.2651e+00
+1.36011e+04 -9.85935e+04 10056 0 2.3908e+00
+1.45746e+04 -9.86041e+04 10057 0 2.5094e+00
+1.55614e+04 -9.86152e+04 10058 0 2.6204e+00
+1.65622e+04 -9.86267e+04 10059 0 2.7231e+00
+1.75776e+04 -9.86385e+04 10060 0 2.8171e+00
+1.86083e+04 -9.86506e+04 10061 0 2.9017e+00
+1.96549e+04 -9.86627e+04 10062 0 2.9765e+00
+2.07178e+04 -9.86749e+04 10063 0 3.0410e+00
+2.17972e+04 -9.86870e+04 10064 0 3.0949e+00
+2.28935e+04 -9.86989e+04 10065 0 3.1378e+00
+2.40064e+04 -9.87104e+04 10066 0 3.1696e+00
+2.51360e+04 -9.87216e+04 10067 0 3.1901e+00
+2.62817e+04 -9.87322e+04 10068 0 3.1995e+00
+2.74430e+04 -9.87422e+04 10069 0 3.1979e+00
+2.86192e+04 -9.87515e+04 10070 0 3.1954e+00
+2.98096e+04 -9.87601e+04 10071 0 3.2225e+00
+3.10132e+04 -9.87679e+04 10072 0 3.2252e+00
+3.22286e+04 -9.87750e+04 10073 0 3.2086e+00
+3.34544e+04 -9.87813e+04 10074 0 3.1761e+00
+3.46894e+04 -9.87868e+04 10075 0 3.1306e+00
+3.59321e+04 -9.87915e+04 10076 0 3.0739e+00
+3.71813e+04 -9.87955e+04 10077 0 3.0083e+00
+3.84356e+04 -9.87987e+04 10078 0 2.9355e+00
+3.96940e+04 -9.88012e+04 10079 0 2.8569e+00
+4.09552e+04 -9.88030e+04 10080 0 2.7737e+00
+4.22185e+04 -9.88043e+04 10081 0 2.6872e+00
+1.05632e+01 -9.66083e+04 10082 0 5.4845e-01
+6.86678e+02 -9.66099e+04 10083 0 5.6623e-01
+1.36402e+03 -9.66138e+04 10084 0 6.1511e-01
+2.04346e+03 -9.66200e+04 10085 0 6.8780e-01
+2.72640e+03 -9.66290e+04 10086 0 7.7699e-01
+3.41376e+03 -9.66403e+04 10087 0 8.7715e-01
+4.10677e+03 -9.66542e+04 10088 0 9.8437e-01
+4.80668e+03 -9.66706e+04 10089 0 1.0960e+00
+5.51442e+03 -9.66894e+04 10090 0 1.2102e+00
+6.23152e+03 -9.67107e+04 10091 0 1.3255e+00
+6.95901e+03 -9.67344e+04 10092 0 1.4410e+00
+7.69809e+03 -9.67604e+04 10093 0 1.5558e+00
+8.45028e+03 -9.67887e+04 10094 0 1.6692e+00
+9.21668e+03 -9.68192e+04 10095 0 1.7806e+00
+9.99860e+03 -9.68519e+04 10096 0 1.8895e+00
+1.07976e+04 -9.68866e+04 10097 0 1.9952e+00
+1.16149e+04 -9.69233e+04 10098 0 2.0973e+00
+1.24518e+04 -9.69617e+04 10099 0 2.1953e+00
+1.33098e+04 -9.70018e+04 10100 0 2.2885e+00
+1.41903e+04 -9.70433e+04 10101 0 2.3766e+00
+1.50945e+04 -9.70860e+04 10102 0 2.4590e+00
+1.60238e+04 -9.71297e+04 10103 0 2.5351e+00
+1.69792e+04 -9.71741e+04 10104 0 2.6043e+00
+1.79622e+04 -9.72188e+04 10105 0 2.6662e+00
+1.89735e+04 -9.72636e+04 10106 0 2.7202e+00
+2.00140e+04 -9.73080e+04 10107 0 2.7658e+00
+2.10842e+04 -9.73517e+04 10108 0 2.8027e+00
+2.21845e+04 -9.73943e+04 10109 0 2.8304e+00
+2.33148e+04 -9.74353e+04 10110 0 2.8486e+00
+2.44750e+04 -9.74744e+04 10111 0 2.8572e+00
+2.56645e+04 -9.75112e+04 10112 0 2.8974e+00
+2.68844e+04 -9.75457e+04 10113 0 2.9669e+00
+2.81321e+04 -9.75776e+04 10114 0 2.9915e+00
+2.94049e+04 -9.76068e+04 10115 0 2.9901e+00
+3.07003e+04 -9.76329e+04 10116 0 2.9705e+00
+3.20157e+04 -9.76559e+04 10117 0 2.9363e+00
+3.33483e+04 -9.76757e+04 10118 0 2.8902e+00
+3.46955e+04 -9.76924e+04 10119 0 2.8348e+00
+3.60545e+04 -9.77061e+04 10120 0 2.7708e+00
+3.74228e+04 -9.77170e+04 10121 0 2.7009e+00
+3.87981e+04 -9.77253e+04 10122 0 2.6255e+00
+8.25988e+00 -9.41787e+04 10123 0 7.8400e-01
+5.36989e+02 -9.41826e+04 10124 0 7.9169e-01
+1.06689e+03 -9.41906e+04 10125 0 8.1392e-01
+1.59920e+03 -9.42045e+04 10126 0 8.4897e-01
+2.13496e+03 -9.42235e+04 10127 0 8.9478e-01
+2.67559e+03 -9.42482e+04 10128 0 9.4944e-01
+3.22203e+03 -9.42779e+04 10129 0 1.0110e+00
+3.77585e+03 -9.43132e+04 10130 0 1.0781e+00
+4.33798e+03 -9.43534e+04 10131 0 1.1495e+00
+4.91009e+03 -9.43989e+04 10132 0 1.2243e+00
+5.49318e+03 -9.44493e+04 10133 0 1.3017e+00
+6.08900e+03 -9.45046e+04 10134 0 1.3811e+00
+6.69868e+03 -9.45646e+04 10135 0 1.4620e+00
+7.32404e+03 -9.46292e+04 10136 0 1.5439e+00
+7.96645e+03 -9.46980e+04 10137 0 1.6266e+00
+8.62768e+03 -9.47710e+04 10138 0 1.7096e+00
+9.30952e+03 -9.48479e+04 10139 0 1.7928e+00
+1.00136e+04 -9.49283e+04 10140 0 1.8758e+00
+1.07423e+04 -9.50119e+04 10141 0 1.9574e+00
+1.14967e+04 -9.50988e+04 10142 0 2.0315e+00
+1.22786e+04 -9.51886e+04 10143 0 2.1025e+00
+1.30899e+04 -9.52811e+04 10144 0 2.1699e+00
+1.39322e+04 -9.53757e+04 10145 0 2.2333e+00
+1.48074e+04 -9.54719e+04 10146 0 2.2920e+00
+1.57172e+04 -9.55692e+04 10147 0 2.3457e+00
+1.66634e+04 -9.56669e+04 10148 0 2.3937e+00
+1.76474e+04 -9.57644e+04 10149 0 2.4355e+00
+1.86706e+04 -9.58608e+04 10150 0 2.4705e+00
+1.97342e+04 -9.59553e+04 10151 0 2.4984e+00
+2.08387e+04 -9.60472e+04 10152 0 2.5186e+00
+2.19848e+04 -9.61354e+04 10153 0 2.5308e+00
+2.31723e+04 -9.62193e+04 10154 0 2.5346e+00
+2.44040e+04 -9.62981e+04 10155 0 2.6539e+00
+2.56806e+04 -9.63718e+04 10156 0 2.6998e+00
+2.69961e+04 -9.64395e+04 10157 0 2.7102e+00
+2.83470e+04 -9.65008e+04 10158 0 2.7005e+00
+2.97299e+04 -9.65551e+04 10159 0 2.6769e+00
+3.11408e+04 -9.66024e+04 10160 0 2.6409e+00
+3.25758e+04 -9.66425e+04 10161 0 2.5951e+00
+3.40306e+04 -9.66756e+04 10162 0 2.5410e+00
+3.55013e+04 -9.67022e+04 10163 0 2.4790e+00
+6.63194e+00 -9.11145e+04 10164 0 9.9861e-01
+4.31181e+02 -9.11217e+04 10165 0 1.0021e+00
+8.56740e+02 -9.11357e+04 10166 0 1.0123e+00
+1.28465e+03 -9.11603e+04 10167 0 1.0287e+00
+1.71573e+03 -9.11940e+04 10168 0 1.0510e+00
+2.15127e+03 -9.12372e+04 10169 0 1.0781e+00
+2.59250e+03 -9.12900e+04 10170 0 1.1102e+00
+3.04036e+03 -9.13518e+04 10171 0 1.1461e+00
+3.49633e+03 -9.14229e+04 10172 0 1.1854e+00
+3.96146e+03 -9.15028e+04 10173 0 1.2277e+00
+4.43713e+03 -9.15913e+04 10174 0 1.2724e+00
+4.92485e+03 -9.16885e+04 10175 0 1.3193e+00
+5.42577e+03 -9.17937e+04 10176 0 1.3682e+00
+5.94176e+03 -9.19069e+04 10177 0 1.4189e+00
+6.47407e+03 -9.20275e+04 10178 0 1.4711e+00
+7.02475e+03 -9.21553e+04 10179 0 1.5247e+00
+7.59533e+03 -9.22897e+04 10180 0 1.5797e+00
+8.18809e+03 -9.24304e+04 10181 0 1.6358e+00
+8.80473e+03 -9.25766e+04 10182 0 1.6923e+00
+9.44725e+03 -9.27285e+04 10183 0 1.7480e+00
+1.01173e+04 -9.28852e+04 10184 0 1.8039e+00
+1.08176e+04 -9.30464e+04 10185 0 1.8596e+00
+1.15503e+04 -9.32111e+04 10186 0 1.9152e+00
+1.23180e+04 -9.33786e+04 10187 0 1.9705e+00
+1.31236e+04 -9.35481e+04 10188 0 2.0253e+00
+1.39702e+04 -9.37184e+04 10189 0 2.0796e+00
+1.48599e+04 -9.38890e+04 10190 0 2.1200e+00
+1.57932e+04 -9.40593e+04 10191 0 2.1532e+00
+1.67724e+04 -9.42282e+04 10192 0 2.1813e+00
+1.77992e+04 -9.43945e+04 10193 0 2.2040e+00
+1.88753e+04 -9.45566e+04 10194 0 2.2205e+00
+2.00020e+04 -9.47132e+04 10195 0 2.2306e+00
+2.11799e+04 -9.48628e+04 10196 0 2.2337e+00
+2.24110e+04 -9.50040e+04 10197 0 2.3523e+00
+2.37063e+04 -9.51364e+04 10198 0 2.4115e+00
+2.50532e+04 -9.52589e+04 10199 0 2.4256e+00
+2.64480e+04 -9.53702e+04 10200 0 2.4211e+00
+2.78864e+04 -9.54694e+04 10201 0 2.4028e+00
+2.93640e+04 -9.55560e+04 10202 0 2.3733e+00
+3.08757e+04 -9.56297e+04 10203 0 2.3333e+00
+3.24161e+04 -9.56909e+04 10204 0 2.2851e+00
+5.54966e+00 -8.73781e+04 10205 0 1.1751e+00
+3.60817e+02 -8.73900e+04 10206 0 1.1765e+00
+7.16905e+02 -8.74119e+04 10207 0 1.1809e+00
+1.07494e+03 -8.74498e+04 10208 0 1.1883e+00
+1.43584e+03 -8.75031e+04 10209 0 1.1983e+00
+1.80038e+03 -8.75705e+04 10210 0 1.2108e+00
+2.16975e+03 -8.76527e+04 10211 0 1.2256e+00
+2.54500e+03 -8.77497e+04 10212 0 1.2427e+00
+2.92698e+03 -8.78604e+04 10213 0 1.2616e+00
+3.31700e+03 -8.79850e+04 10214 0 1.2823e+00
+3.71631e+03 -8.81233e+04 10215 0 1.3046e+00
+4.12594e+03 -8.82744e+04 10216 0 1.3286e+00
+4.54748e+03 -8.84382e+04 10217 0 1.3538e+00
+4.98233e+03 -8.86142e+04 10218 0 1.3805e+00
+5.43195e+03 -8.88014e+04 10219 0 1.4085e+00
+5.89808e+03 -8.89999e+04 10220 0 1.4380e+00
+6.38210e+03 -8.92086e+04 10221 0 1.4687e+00
+6.88614e+03 -8.94270e+04 10222 0 1.5005e+00
+7.41214e+03 -8.96544e+04 10223 0 1.5339e+00
+7.96244e+03 -8.98897e+04 10224 0 1.5684e+00
+8.53944e+03 -9.01323e+04 10225 0 1.6040e+00
+9.14500e+03 -9.03814e+04 10226 0 1.6400e+00
+9.78167e+03 -9.06362e+04 10227 0 1.6772e+00
+1.04526e+04 -9.08955e+04 10228 0 1.7156e+00
+1.11607e+04 -9.11580e+04 10229 0 1.7555e+00
+1.19096e+04 -9.14226e+04 10230 0 1.7926e+00
+1.27008e+04 -9.16887e+04 10231 0 1.8279e+00
+1.35376e+04 -9.19547e+04 10232 0 1.8629e+00
+1.44239e+04 -9.22191e+04 10233 0 1.8979e+00
+1.53640e+04 -9.24799e+04 10234 0 1.9321e+00
+1.63596e+04 -9.27358e+04 10235 0 1.9470e+00
+1.74104e+04 -9.29858e+04 10236 0 1.9558e+00
+1.85185e+04 -9.32275e+04 10237 0 1.9593e+00
+1.96857e+04 -9.34589e+04 10238 0 1.9572e+00
+2.09143e+04 -9.36779e+04 10239 0 2.0500e+00
+2.22231e+04 -9.38838e+04 10240 0 2.1411e+00
+2.35954e+04 -9.40745e+04 10241 0 2.1516e+00
+2.50262e+04 -9.42480e+04 10242 0 2.1461e+00
+2.65118e+04 -9.44028e+04 10243 0 2.1287e+00
+2.80468e+04 -9.45379e+04 10244 0 2.1010e+00
+2.96255e+04 -9.46529e+04 10245 0 2.0632e+00
+4.91283e+00 -8.30401e+04 10246 0 1.2958e+00
+3.19382e+02 -8.30576e+04 10247 0 1.2963e+00
+6.34450e+02 -8.30887e+04 10248 0 1.2979e+00
+9.50981e+02 -8.31418e+04 10249 0 1.3005e+00
+1.26976e+03 -8.32173e+04 10250 0 1.3041e+00
+1.59134e+03 -8.33130e+04 10251 0 1.3087e+00
+1.91656e+03 -8.34290e+04 10252 0 1.3142e+00
+2.24640e+03 -8.35660e+04 10253 0 1.3205e+00
+2.58167e+03 -8.37232e+04 10254 0 1.3278e+00
+2.92320e+03 -8.38995e+04 10255 0 1.3357e+00
+3.27210e+03 -8.40951e+04 10256 0 1.3444e+00
+3.62954e+03 -8.43097e+04 10257 0 1.3538e+00
+3.99648e+03 -8.45417e+04 10258 0 1.3640e+00
+4.37437e+03 -8.47911e+04 10259 0 1.3749e+00
+4.76479e+03 -8.50572e+04 10260 0 1.3865e+00
+5.16887e+03 -8.53387e+04 10261 0 1.3991e+00
+5.58838e+03 -8.56351e+04 10262 0 1.4122e+00
+6.02525e+03 -8.59454e+04 10263 0 1.4264e+00
+6.48135e+03 -8.62682e+04 10264 0 1.4417e+00
+6.95891e+03 -8.66028e+04 10265 0 1.4577e+00
+7.45980e+03 -8.69480e+04 10266 0 1.4748e+00
+7.98689e+03 -8.73024e+04 10267 0 1.4933e+00
+8.54309e+03 -8.76647e+04 10268 0 1.5131e+00
+9.13064e+03 -8.80337e+04 10269 0 1.5335e+00
+9.75280e+03 -8.84080e+04 10270 0 1.5557e+00
+1.04136e+04 -8.87858e+04 10271 0 1.5794e+00
+1.11157e+04 -8.91656e+04 10272 0 1.6020e+00
+1.18626e+04 -8.95461e+04 10273 0 1.6260e+00
+1.26591e+04 -8.99249e+04 10274 0 1.6517e+00
+1.35088e+04 -9.03002e+04 10275 0 1.6721e+00
+1.44143e+04 -9.06705e+04 10276 0 1.6908e+00
+1.53801e+04 -9.10332e+04 10277 0 1.7089e+00
+1.64112e+04 -9.13853e+04 10278 0 1.7186e+00
+1.75060e+04 -9.17253e+04 10279 0 1.7124e+00
+1.86658e+04 -9.20505e+04 10280 0 1.7017e+00
+1.98982e+04 -9.23587e+04 10281 0 1.8251e+00
+2.12218e+04 -9.26484e+04 10282 0 1.8874e+00
+2.26183e+04 -9.29161e+04 10283 0 1.8899e+00
+2.40826e+04 -9.31591e+04 10284 0 1.8796e+00
+2.56105e+04 -9.33752e+04 10285 0 1.8590e+00
+2.71969e+04 -9.35631e+04 10286 0 1.8282e+00
+4.65271e+00 -7.83063e+04 10287 0 1.3495e+00
+3.02410e+02 -7.83296e+04 10288 0 1.3494e+00
+6.00499e+02 -7.83698e+04 10289 0 1.3496e+00
+8.99494e+02 -7.84382e+04 10290 0 1.3501e+00
+1.19994e+03 -7.85359e+04 10291 0 1.3506e+00
+1.50217e+03 -7.86603e+04 10292 0 1.3513e+00
+1.80671e+03 -7.88108e+04 10293 0 1.3520e+00
+2.11423e+03 -7.89882e+04 10294 0 1.3528e+00
+2.42546e+03 -7.91926e+04 10295 0 1.3538e+00
+2.74089e+03 -7.94222e+04 10296 0 1.3548e+00
+3.06139e+03 -7.96766e+04 10297 0 1.3561e+00
+3.38800e+03 -7.99561e+04 10298 0 1.3576e+00
+3.72166e+03 -8.02596e+04 10299 0 1.3588e+00
+4.06326e+03 -8.05855e+04 10300 0 1.3604e+00
+4.41422e+03 -8.09337e+04 10301 0 1.3623e+00
+4.77608e+03 -8.13033e+04 10302 0 1.3644e+00
+5.15000e+03 -8.16925e+04 10303 0 1.3666e+00
+5.53779e+03 -8.21004e+04 10304 0 1.3692e+00
+5.94161e+03 -8.25262e+04 10305 0 1.3724e+00
+6.36309e+03 -8.29678e+04 10306 0 1.3760e+00
+6.80466e+03 -8.34240e+04 10307 0 1.3803e+00
+7.26908e+03 -8.38934e+04 10308 0 1.3854e+00
+7.75852e+03 -8.43740e+04 10309 0 1.3910e+00
+8.27642e+03 -8.48643e+04 10310 0 1.3983e+00
+8.82587e+03 -8.53621e+04 10311 0 1.4059e+00
+9.41017e+03 -8.58659e+04 10312 0 1.4151e+00
+1.00335e+04 -8.63730e+04 10313 0 1.4258e+00
+1.06994e+04 -8.68819e+04 10314 0 1.4367e+00
+1.14123e+04 -8.73898e+04 10315 0 1.4498e+00
+1.21773e+04 -8.78944e+04 10316 0 1.4613e+00
+1.29977e+04 -8.83934e+04 10317 0 1.4733e+00
+1.38799e+04 -8.88836e+04 10318 0 1.4840e+00
+1.48262e+04 -8.93624e+04 10319 0 1.4881e+00
+1.58413e+04 -8.98266e+04 10320 0 1.4914e+00
+1.69296e+04 -9.02726e+04 10321 0 1.4811e+00
+1.80881e+04 -9.06976e+04 10322 0 1.4596e+00
+1.93376e+04 -9.11014e+04 10323 0 1.6171e+00
+2.06824e+04 -9.14788e+04 10324 0 1.6439e+00
+2.21057e+04 -9.18256e+04 10325 0 1.6359e+00
+2.36037e+04 -9.21385e+04 10326 0 1.6177e+00
+2.51730e+04 -9.24147e+04 10327 0 1.5901e+00
+2.79767e+04 -7.38908e+04 2010153 1 4.8573e-01
+3.05783e+04 -7.42314e+04 2010196 1 5.3520e-01
+1.21520e+03 -7.37611e+04 10332 0 1.3319e+00
+3.41078e+04 -7.46651e+04 2010240 1 5.9845e-01
+2.60508e+04 -7.39429e+04 2010111 1 4.6451e-01
+3.33099e+04 -7.42211e+04 2010239 1 5.7135e-01
+1.51882e+03 -7.39105e+04 10333 0 1.3307e+00
+1.82314e+03 -7.40913e+04 10334 0 1.3295e+00
+2.85921e+04 -7.45605e+04 2010154 1 5.2148e-01
+2.12857e+03 -7.43047e+04 10335 0 1.3281e+00
+2.43557e+03 -7.45513e+04 10336 0 1.3264e+00
+4.50561e+04 -7.44278e+04 3010276 1 6.5443e-01
+2.74434e+03 -7.48284e+04 10337 0 1.3245e+00
+3.05551e+03 -7.51361e+04 10338 0 1.3224e+00
+3.36982e+03 -7.54745e+04 10339 0 1.3199e+00
+3.70043e+04 -7.42574e+04 2010283 1 6.2122e-01
+4.39760e+04 -7.43259e+04 3010275 1 6.5389e-01
+3.68806e+03 -7.58429e+04 10340 0 1.3172e+00
+2.41466e+04 -7.37526e+04 2010069 1 4.5509e-01
+3.61350e+04 -7.39104e+04 2010282 1 6.0135e-01
+4.01094e+03 -7.62394e+04 10341 0 1.3143e+00
+4.29235e+04 -7.41956e+04 3010274 1 6.5140e-01
+4.33966e+03 -7.66636e+04 10342 0 1.3110e+00
+4.67553e+03 -7.71152e+04 10343 0 1.3076e+00
+5.01980e+03 -7.75921e+04 10344 0 1.3041e+00
+5.37399e+03 -7.80930e+04 10345 0 1.3003e+00
+5.74011e+03 -7.86172e+04 10346 0 1.2966e+00
+6.12007e+03 -7.91626e+04 10347 0 1.2927e+00
+6.51590e+03 -7.97273e+04 10348 0 1.2891e+00
+6.93056e+03 -8.03103e+04 10349 0 1.2856e+00
+7.36628e+03 -8.09087e+04 10350 0 1.2826e+00
+7.82649e+03 -8.15208e+04 10351 0 1.2798e+00
+8.31433e+03 -8.21445e+04 10352 0 1.2778e+00
+8.83358e+03 -8.27767e+04 10353 0 1.2766e+00
+9.38803e+03 -8.34156e+04 10354 0 1.2765e+00
+9.98226e+03 -8.40578e+04 10355 0 1.2772e+00
+1.06205e+04 -8.47010e+04 10356 0 1.2791e+00
+1.13084e+04 -8.53417e+04 10357 0 1.2818e+00
+1.20501e+04 -8.59771e+04 10358 0 1.2849e+00
+1.28524e+04 -8.66035e+04 10359 0 1.2867e+00
+1.37189e+04 -8.72174e+04 10360 0 1.2869e+00
+1.46564e+04 -8.78148e+04 10361 0 1.2822e+00
+1.56669e+04 -8.83917e+04 10362 0 1.2721e+00
+1.67561e+04 -8.89436e+04 10363 0 1.2539e+00
+1.79305e+04 -8.94692e+04 10364 0 1.3560e+00
+1.92085e+04 -8.99666e+04 10365 0 1.4107e+00
+2.05811e+04 -9.04273e+04 10366 0 1.4032e+00
+2.20359e+04 -9.08468e+04 10367 0 1.3836e+00
+2.35708e+04 -9.12213e+04 10368 0 1.3547e+00
+2.92549e+04 -7.51835e+04 2010155 1 5.5514e-01
+3.37057e+04 -7.61631e+04 2010200 1 6.4806e-01
+2.66072e+04 -7.46859e+04 2010112 1 4.9898e-01
+3.87193e+04 -7.62400e+04 2010245 1 6.8717e-01
+3.20494e+04 -7.52904e+04 2010198 1 5.9716e-01
+3.77171e+04 -7.60063e+04 2010244 1 6.7664e-01
+3.28544e+04 -7.57498e+04 2010199 1 6.2330e-01
+3.58301e+04 -7.54202e+04 2010242 1 6.4362e-01
+3.67535e+04 -7.57337e+04 2010243 1 6.6191e-01
+3.12910e+04 -7.47843e+04 2010197 1 5.6712e-01
+3.49479e+04 -7.50645e+04 2010241 1 6.2276e-01
+3.79116e+04 -7.45636e+04 2010284 1 6.3889e-01
+4.08505e+04 -7.52540e+04 3010234 1 6.7022e-01
+3.88559e+04 -7.48306e+04 2010285 1 6.5336e-01
+4.09077e+04 -7.38415e+04 2010327 1 6.3908e-01
+4.19002e+04 -7.40348e+04 3010273 1 6.4647e-01
+5.49759e+03 -7.41677e+04 10386 0 1.2069e+00
+4.60147e+04 -8.40555e+04 1010751 1 7.3216e-01
+5.83842e+03 -7.47768e+04 10387 0 1.2001e+00
+6.18842e+03 -7.54122e+04 10388 0 1.1924e+00
+6.54979e+03 -7.60724e+04 10389 0 1.1848e+00
+6.92541e+03 -7.67563e+04 10390 0 1.1768e+00
+7.31773e+03 -7.74609e+04 10391 0 1.1684e+00
+7.72999e+03 -7.81841e+04 10392 0 1.1599e+00
+8.16597e+03 -7.89237e+04 10393 0 1.1515e+00
+8.62895e+03 -7.96763e+04 10394 0 1.1435e+00
+9.12372e+03 -8.04395e+04 10395 0 1.1362e+00
+9.65446e+03 -8.12096e+04 10396 0 1.1294e+00
+1.02263e+04 -8.19834e+04 10397 0 1.1231e+00
+1.08448e+04 -8.27573e+04 10398 0 1.1178e+00
+1.15151e+04 -8.35272e+04 10399 0 1.1132e+00
+1.22440e+04 -8.42889e+04 10400 0 1.1076e+00
+1.30371e+04 -8.50383e+04 10401 0 1.1020e+00
+1.39003e+04 -8.57703e+04 10402 0 1.0908e+00
+1.48394e+04 -8.64796e+04 10403 0 1.0760e+00
+1.58568e+04 -8.71610e+04 10404 0 1.0528e+00
+1.69627e+04 -8.78110e+04 10405 0 1.1268e+00
+1.81748e+04 -8.84307e+04 10406 0 1.1753e+00
+1.94907e+04 -8.90086e+04 10407 0 1.1802e+00
+2.08963e+04 -8.95379e+04 10408 0 1.1559e+00
+2.23891e+04 -9.00138e+04 10409 0 1.1734e+00
+3.65298e+04 -7.71367e+04 2010203 1 7.0130e-01
+3.46025e+04 -7.65313e+04 2010201 1 6.6910e-01
+3.55444e+04 -7.68553e+04 2010202 1 6.8702e-01
+3.15433e+04 -7.67660e+04 2010158 1 6.4462e-01
+3.07299e+04 -7.62864e+04 2010157 1 6.1847e-01
+2.99674e+04 -7.57587e+04 2010156 1 5.8718e-01
+4.08328e+04 -7.65973e+04 3010196 1 6.9762e-01
+2.78718e+04 -7.60360e+04 2010114 1 5.7044e-01
+2.51794e+04 -7.53482e+04 2010071 1 5.1765e-01
+4.30784e+04 -7.68223e+04 3010198 1 6.9795e-01
+3.97584e+04 -7.64363e+04 3010195 1 6.9363e-01
+4.19402e+04 -7.67252e+04 3010197 1 6.9887e-01
+2.72131e+04 -7.53845e+04 2010113 1 5.3556e-01
+2.46376e+04 -7.45706e+04 2010070 1 4.8383e-01
+4.40843e+04 -7.56410e+04 3010237 1 6.7631e-01
+4.29765e+04 -7.55423e+04 3010236 1 6.7648e-01
+4.37532e+04 -8.32426e+04 1010788 1 7.5427e-01
+2.26990e+04 -7.41743e+04 2010028 1 5.0803e-01
+4.18980e+04 -7.54140e+04 3010235 1 6.7451e-01
+3.98359e+04 -7.50602e+04 2010286 1 6.6345e-01
+4.44025e+04 -8.41264e+04 1010750 1 7.5211e-01
+4.52987e+04 -8.31889e+04 1010789 1 7.3646e-01
+4.51691e+04 -8.49617e+04 1010712 1 7.4820e-01
+4.52719e+04 -8.65974e+04 1010635 1 7.5735e-01
+4.60552e+04 -8.57534e+04 1010674 1 7.4441e-01
+4.63890e+04 -8.73250e+04 1010597 0 7.1711e-01
+4.58402e+04 -8.81121e+04 1010558 0 6.6976e-01
+7.57347e+03 -7.42312e+04 10432 0 1.0430e+00
+7.94583e+03 -7.50471e+04 10433 0 1.0318e+00
+8.33721e+03 -7.58844e+04 10434 0 1.0192e+00
+8.75158e+03 -7.67398e+04 10435 0 1.0067e+00
+9.19368e+03 -7.76108e+04 10436 0 9.9433e-01
+9.66809e+03 -7.84932e+04 10437 0 9.8189e-01
+1.01805e+04 -7.93834e+04 10438 0 9.6979e-01
+1.07367e+04 -8.02773e+04 10439 0 9.5838e-01
+1.13425e+04 -8.11701e+04 10440 0 9.4811e-01
+1.20051e+04 -8.20571e+04 10441 0 9.3634e-01
+1.27314e+04 -8.29330e+04 10442 0 9.2366e-01
+1.35274e+04 -8.37916e+04 10443 0 9.0870e-01
+1.43996e+04 -8.46267e+04 10444 0 8.8612e-01
+1.53532e+04 -8.54313e+04 10445 0 8.5682e-01
+1.63945e+04 -8.62009e+04 10446 0 9.1855e-01
+1.75483e+04 -8.69381e+04 10447 0 9.5896e-01
+1.88085e+04 -8.76284e+04 10448 0 9.6353e-01
+2.01640e+04 -8.82625e+04 10449 0 9.3183e-01
+2.16187e+04 -8.88362e+04 10450 0 9.8136e-01
+3.75567e+04 -7.73771e+04 2010204 1 7.1131e-01
+3.42835e+04 -7.79219e+04 2010161 1 7.0981e-01
+3.24074e+04 -7.71979e+04 2010159 1 6.6954e-01
+3.33210e+04 -7.75830e+04 2010160 1 6.9192e-01
+2.93516e+04 -7.71956e+04 2010116 1 6.3481e-01
+3.86234e+04 -7.75785e+04 3010156 1 7.1784e-01
+2.57762e+04 -7.60823e+04 2010072 1 5.5072e-01
+4.43190e+04 -8.58337e+04 1010673 1 7.6757e-01
+2.85839e+04 -7.66402e+04 2010115 1 6.0434e-01
+4.08668e+04 -7.78724e+04 3010158 1 7.2150e-01
+2.31703e+04 -7.50308e+04 2010029 1 5.2660e-01
+3.97275e+04 -7.77428e+04 3010157 1 7.2096e-01
+4.22222e+04 -8.32736e+04 1010787 1 7.7066e-01
+4.18325e+04 -8.50727e+04 1010710 1 7.8972e-01
+4.26767e+04 -8.74726e+04 1010595 0 7.5452e-01
+4.27997e+04 -8.41766e+04 1010749 1 7.7098e-01
+4.25833e+04 -8.58939e+04 1010672 1 7.8979e-01
+4.35977e+04 -9.03942e+04 1010440 0 6.4026e-01
+4.34719e+04 -8.66707e+04 1010634 1 7.8006e-01
+4.34972e+04 -8.50284e+04 1010711 1 7.6952e-01
+4.35686e+04 -8.89389e+04 1010518 0 6.3130e-01
+4.45376e+04 -8.74082e+04 1010596 0 7.3650e-01
+4.55471e+04 -9.03394e+04 1010441 0 6.2314e-01
+4.61620e+04 -7.45032e+04 3010277 1 6.5273e-01
+9.16166e+03 -7.41293e+04 10476 0 8.7057e-01
+4.66556e+04 -7.69520e+04 3010201 1 6.8216e-01
+9.55693e+03 -7.50865e+04 10477 0 8.5404e-01
+9.98102e+03 -7.60598e+04 10478 0 8.3751e-01
+1.04402e+04 -7.70460e+04 10479 0 8.2074e-01
+1.09405e+04 -7.80397e+04 10480 0 8.0449e-01
+1.14888e+04 -7.90365e+04 10481 0 7.8891e-01
+1.20923e+04 -8.00303e+04 10482 0 7.7295e-01
+1.27587e+04 -8.10156e+04 10483 0 7.5488e-01
+1.34955e+04 -8.19850e+04 10484 0 7.3200e-01
+1.43096e+04 -8.29308e+04 10485 0 7.0317e-01
+1.52056e+04 -8.38440e+04 10486 0 6.6825e-01
+1.61924e+04 -8.47203e+04 10487 0 7.2782e-01
+1.72962e+04 -8.55625e+04 10488 0 7.5896e-01
+1.85075e+04 -8.63520e+04 10489 0 7.5717e-01
+1.98152e+04 -8.70774e+04 10490 0 7.1895e-01
+2.12423e+04 -8.77387e+04 10491 0 7.8908e-01
+3.74449e+04 -7.86764e+04 3010117 1 7.3987e-01
+3.63478e+04 -7.84668e+04 2010163 1 7.3335e-01
+3.01742e+04 -7.77019e+04 2010117 1 6.6339e-01
+3.52932e+04 -7.82160e+04 2010162 1 7.2350e-01
+3.10524e+04 -7.81586e+04 2010118 1 6.8875e-01
+2.36977e+04 -7.58508e+04 2010030 1 5.5089e-01
+2.64294e+04 -7.67707e+04 2010073 1 5.8531e-01
+4.07097e+04 -8.32780e+04 1010786 1 7.8514e-01
+3.96376e+04 -8.41986e+04 1010747 1 8.0394e-01
+4.01790e+04 -8.50898e+04 1010709 1 8.0837e-01
+3.98673e+04 -8.67454e+04 1010632 1 8.2127e-01
+4.12100e+04 -8.42021e+04 1010748 1 7.8840e-01
+4.08519e+04 -8.59293e+04 1010671 1 8.1089e-01
+4.08100e+04 -8.75127e+04 1010594 0 7.7104e-01
+4.16690e+04 -8.67219e+04 1010633 1 8.0151e-01
+4.16236e+04 -8.89857e+04 1010517 0 6.4204e-01
+4.20317e+04 -8.82419e+04 1010556 0 6.9790e-01
+4.34520e+04 -8.96721e+04 1010479 0 6.1062e-01
+4.51554e+04 -9.58338e+04 1010163 0 1.7288e+00
+4.40107e+04 -9.11128e+04 1010401 0 7.1692e-01
+4.39420e+04 -8.81870e+04 1010557 0 6.8469e-01
+4.46830e+04 -9.18346e+04 1010362 0 8.3035e-01
+4.49544e+04 -9.33484e+04 1010283 0 1.1303e+00
+4.46924e+04 -8.22724e+04 3010008 1 7.3942e-01
+4.54000e+04 -8.96118e+04 1010480 0 5.9896e-01
+4.59451e+04 -9.10627e+04 1010402 0 6.9250e-01
+4.51464e+04 -8.02628e+04 3010085 1 7.2423e-01
+4.56067e+04 -9.25668e+04 1010323 0 9.4690e-01
+4.54997e+04 -8.88719e+04 1010519 0 6.1868e-01
+4.64035e+04 -9.41229e+04 1010244 0 1.2611e+00
+4.61848e+04 -8.22174e+04 3010009 1 7.2245e-01
+4.63795e+04 -7.57586e+04 3010239 1 6.6943e-01
+4.65262e+04 -8.02292e+04 3010086 1 7.1069e-01
+1.05547e+04 -7.40364e+04 10519 0 7.1430e-01
+1.09662e+04 -7.50951e+04 10520 0 6.9571e-01
+1.14171e+04 -7.61659e+04 10521 0 6.7803e-01
+1.19147e+04 -7.72433e+04 10522 0 6.6040e-01
+1.24669e+04 -7.83213e+04 10523 0 6.4621e-01
+1.30825e+04 -7.93935e+04 10524 0 6.3127e-01
+1.37695e+04 -8.04516e+04 10525 0 6.1425e-01
+1.45346e+04 -8.14859e+04 10526 0 5.9600e-01
+1.53826e+04 -8.24856e+04 10527 0 5.7852e-01
+1.63282e+04 -8.34494e+04 10528 0 6.6797e-01
+1.73929e+04 -8.43761e+04 10529 0 6.6724e-01
+1.85639e+04 -8.52427e+04 10530 0 6.2433e-01
+1.98351e+04 -8.60390e+04 10531 0 6.4291e-01
+2.12426e+04 -8.67690e+04 10532 0 6.3741e-01
+3.29700e+04 -7.89256e+04 2010120 1 7.3038e-01
+3.40065e+04 -7.92373e+04 2010121 1 7.4405e-01
+3.19849e+04 -7.85663e+04 2010119 1 7.1191e-01
+2.79140e+04 -7.80027e+04 2010075 1 6.5061e-01
+2.71418e+04 -7.74115e+04 2010074 1 6.1904e-01
+3.85820e+04 -7.88468e+04 3010118 1 7.4293e-01
+3.80872e+04 -8.41614e+04 1010746 1 8.1715e-01
+3.97563e+04 -7.89805e+04 3010119 1 7.4276e-01
+3.92196e+04 -8.32518e+04 1010785 1 7.9759e-01
+3.91292e+04 -8.59345e+04 1010670 1 8.3040e-01
+3.85414e+04 -8.50748e+04 1010708 1 8.2497e-01
+4.01133e+04 -8.82710e+04 1010555 0 7.0907e-01
+3.96685e+04 -8.90062e+04 1010516 0 6.5101e-01
+3.89419e+04 -8.75222e+04 1010593 0 7.8530e-01
+3.95127e+04 -8.97281e+04 1010477 0 6.3077e-01
+4.14882e+04 -8.97128e+04 1010478 0 6.2154e-01
+4.16313e+04 -9.04311e+04 1010439 0 6.5680e-01
+4.20583e+04 -9.11477e+04 1010400 0 7.4159e-01
+4.27614e+04 -9.18683e+04 1010361 0 8.6589e-01
+4.37316e+04 -9.25991e+04 1010322 0 9.9123e-01
+4.46505e+04 -9.41440e+04 1010243 0 1.3219e+00
+4.47176e+04 -9.49683e+04 1010203 0 1.5098e+00
+4.52192e+04 -7.57124e+04 3010238 1 6.7379e-01
+4.67675e+04 -9.33182e+04 1010284 0 1.0783e+00
+4.65862e+04 -9.17886e+04 1010363 0 7.9592e-01
+1.21312e+04 -7.47502e+04 10562 0 6.0594e-01
+1.25865e+04 -7.58848e+04 10563 0 5.9191e-01
+1.30971e+04 -7.70223e+04 10564 0 5.8491e-01
+1.36723e+04 -7.81561e+04 10565 0 5.8823e-01
+1.43209e+04 -7.92769e+04 10566 0 5.9156e-01
+1.50496e+04 -8.03727e+04 10567 0 5.9360e-01
+1.58607e+04 -8.14293e+04 10568 0 5.8945e-01
+1.67837e+04 -8.24581e+04 10569 0 6.5011e-01
+1.78211e+04 -8.34397e+04 10570 0 6.1147e-01
+1.89579e+04 -8.43509e+04 10571 0 5.5640e-01
+2.02256e+04 -8.51977e+04 10572 0 6.2913e-01
+2.16043e+04 -8.59625e+04 10573 0 5.9251e-01
+3.50916e+04 -7.95032e+04 2010122 1 7.5370e-01
+2.12062e+04 -7.43849e+04 10848 1 5.7352e-01
+3.62224e+04 -7.97250e+04 3010078 1 7.5985e-01
+3.73957e+04 -7.99052e+04 3010079 1 7.6304e-01
+2.96401e+04 -7.90329e+04 2010077 1 7.0650e-01
+2.87471e+04 -7.85433e+04 2010076 1 6.7993e-01
+3.77566e+04 -8.31908e+04 1010784 1 8.0748e-01
+3.69251e+04 -8.50219e+04 1010707 1 8.3902e-01
+2.42829e+04 -7.66297e+04 2010031 1 5.8180e-01
+3.74206e+04 -8.59036e+04 1010669 1 8.4806e-01
+3.70782e+04 -8.74941e+04 1010592 0 7.9653e-01
+3.80716e+04 -8.67351e+04 1010631 1 8.3888e-01
+3.81916e+04 -8.82674e+04 1010554 0 7.1821e-01
+3.81163e+04 -9.11518e+04 1010398 0 7.9188e-01
+3.77089e+04 -8.89932e+04 1010515 0 6.5690e-01
+3.96518e+04 -9.04449e+04 1010438 0 6.7275e-01
+4.00917e+04 -9.11625e+04 1010399 0 7.6629e-01
+4.12842e+04 -9.33802e+04 1010281 0 1.2362e+00
+4.08247e+04 -9.18857e+04 1010360 0 9.0182e-01
+4.35612e+04 -9.58395e+04 1010162 0 1.8040e+00
+4.28848e+04 -9.41578e+04 1010242 0 1.3836e+00
+4.17582e+04 -8.23157e+04 3010006 1 7.6846e-01
+4.31257e+04 -9.33699e+04 1010282 0 1.1829e+00
+4.37866e+04 -8.02747e+04 3010084 1 7.3607e-01
+4.41904e+04 -8.13022e+04 3010046 1 7.3995e-01
+4.59513e+04 -9.67508e+04 1010123 0 1.9364e+00
+4.54384e+04 -7.69334e+04 3010200 1 6.8948e-01
+4.63945e+04 -9.49541e+04 1010204 0 1.4434e+00
+4.60831e+04 -7.91898e+04 3010124 1 7.0795e-01
+1.30535e+04 -7.38592e+04 10603 0 6.1092e-01
+1.34771e+04 -7.50276e+04 10604 0 6.0195e-01
+1.39585e+04 -7.62004e+04 10605 0 5.9218e-01
+1.45075e+04 -7.73695e+04 10606 0 6.1669e-01
+1.51335e+04 -7.85246e+04 10607 0 6.4274e-01
+1.58397e+04 -7.96485e+04 10608 0 6.5924e-01
+1.66357e+04 -8.07351e+04 10609 0 6.8763e-01
+1.75538e+04 -8.17951e+04 10610 0 6.6532e-01
+1.85733e+04 -8.27906e+04 10611 0 6.3026e-01
+1.97090e+04 -8.37197e+04 10612 0 6.9531e-01
+2.09681e+04 -8.45740e+04 10613 0 6.4550e-01
+2.23363e+04 -8.53387e+04 10614 0 6.8685e-01
+3.16032e+04 -7.98570e+04 2010079 1 7.4894e-01
+3.05929e+04 -7.94706e+04 2010078 1 7.2913e-01
+3.86085e+04 -8.00462e+04 3010080 1 7.6293e-01
+2.49305e+04 -7.73643e+04 2010032 1 6.0731e-01
+3.53361e+04 -8.49258e+04 1010706 1 8.5107e-01
+3.65640e+04 -8.40856e+04 1010745 1 8.2805e-01
+3.57321e+04 -8.58299e+04 1010668 1 8.6339e-01
+3.43659e+04 -8.81294e+04 1010552 0 7.2704e-01
+3.62882e+04 -8.66838e+04 1010630 1 8.5391e-01
+3.52261e+04 -8.74199e+04 1010591 0 8.0521e-01
+3.62731e+04 -8.82232e+04 1010553 0 7.2422e-01
+3.56779e+04 -9.03761e+04 1010436 0 7.0153e-01
+3.55515e+04 -8.96538e+04 1010475 0 6.4484e-01
+3.57517e+04 -8.89387e+04 1010514 0 6.6010e-01
+3.75313e+04 -8.97111e+04 1010476 0 6.3843e-01
+3.76649e+04 -9.04290e+04 1010437 0 6.8765e-01
+3.80286e+04 -9.26078e+04 1010319 0 1.1250e+00
+3.94338e+04 -9.33764e+04 1010280 0 1.2899e+00
+3.88772e+04 -9.18824e+04 1010359 0 9.3762e-01
+4.13360e+04 -9.49789e+04 1010201 0 1.6439e+00
+3.99381e+04 -9.26234e+04 1010320 0 1.0810e+00
+4.18408e+04 -9.26192e+04 1010321 0 1.0363e+00
+4.30306e+04 -9.49770e+04 1010202 0 1.5766e+00
+4.44606e+04 -9.67545e+04 1010122 0 2.0184e+00
+4.13999e+04 -8.12993e+04 3010044 1 7.6358e-01
+4.27836e+04 -8.13139e+04 3010045 1 7.5264e-01
+4.57097e+04 -9.77368e+04 1010082 0 2.2042e+00
+4.32157e+04 -8.23063e+04 3010007 1 7.5487e-01
+4.47666e+04 -7.92001e+04 3010123 1 7.1901e-01
+1.45720e+04 -7.47140e+04 10645 0 6.9356e-01
+1.50418e+04 -7.58966e+04 10646 0 6.8432e-01
+1.55848e+04 -7.70737e+04 10647 0 7.2335e-01
+1.62073e+04 -7.82283e+04 10648 0 7.6237e-01
+1.69067e+04 -7.93391e+04 10649 0 7.7834e-01
+1.77246e+04 -8.04338e+04 10650 0 7.6791e-01
+1.86428e+04 -8.14702e+04 10651 0 7.4837e-01
+1.96702e+04 -8.24425e+04 10652 0 7.9600e-01
+2.08177e+04 -8.33438e+04 10653 0 7.4257e-01
+2.20763e+04 -8.41596e+04 10654 0 7.8284e-01
+2.34446e+04 -8.48847e+04 10655 0 7.5926e-01
+3.49545e+04 -8.07190e+04 3010039 1 7.7901e-01
+3.37868e+04 -8.04796e+04 2010081 1 7.7319e-01
+3.26685e+04 -8.01929e+04 2010080 1 7.6372e-01
+2.56415e+04 -7.80514e+04 2010033 1 6.4025e-01
+3.63256e+04 -8.30908e+04 1010783 1 8.1504e-01
+3.50736e+04 -8.39662e+04 1010744 1 8.3621e-01
+3.40708e+04 -8.57067e+04 1010667 1 8.7636e-01
+3.45243e+04 -8.65836e+04 1010629 1 8.6591e-01
+3.33938e+04 -8.72909e+04 1010590 0 8.1062e-01
+3.24798e+04 -8.79767e+04 1010551 0 7.2644e-01
+3.38063e+04 -8.88336e+04 1010513 0 6.5888e-01
+3.35824e+04 -8.95475e+04 1010474 0 6.5016e-01
+3.37003e+04 -9.02784e+04 1010435 0 7.1380e-01
+3.41683e+04 -9.10274e+04 1010396 0 8.4405e-01
+3.61389e+04 -9.11091e+04 1010397 0 8.1790e-01
+3.69252e+04 -9.18529e+04 1010358 0 9.7416e-01
+3.89157e+04 -8.22461e+04 3010004 1 7.8927e-01
+4.19611e+04 -9.58406e+04 1010161 0 1.8795e+00
+4.11090e+04 -9.41623e+04 1010241 0 1.4455e+00
+4.00427e+04 -8.12553e+04 3010043 1 7.7227e-01
+4.03235e+04 -8.22968e+04 3010005 1 7.8007e-01
+4.60122e+04 -9.88055e+04 1010041 0 2.4165e+00
+4.11388e+04 -8.02216e+04 3010082 1 7.5420e-01
+4.22047e+04 -7.91479e+04 3010121 1 7.3532e-01
+4.24497e+04 -8.02620e+04 3010083 1 7.4621e-01
+4.32402e+04 -7.80369e+04 3010160 1 7.1562e-01
+4.44693e+04 -7.80768e+04 3010161 1 7.0945e-01
+4.67419e+04 -9.58244e+04 1010164 0 1.6539e+00
+1.54639e+04 -7.37822e+04 10685 0 8.4866e-01
+1.58772e+04 -7.49461e+04 10686 0 8.4740e-01
+1.63601e+04 -7.61073e+04 10687 0 8.4432e-01
+1.69186e+04 -7.72491e+04 10688 0 8.8235e-01
+1.75505e+04 -7.83501e+04 10689 0 8.9767e-01
+1.82915e+04 -7.94323e+04 10690 0 8.7471e-01
+1.91240e+04 -8.04576e+04 10691 0 8.6122e-01
+2.00674e+04 -8.14281e+04 10692 0 8.7698e-01
+2.11086e+04 -8.23237e+04 10693 0 8.4687e-01
+2.22677e+04 -8.31446e+04 10694 0 8.6943e-01
+2.35202e+04 -8.38771e+04 10695 0 8.7064e-01
+2.48772e+04 -8.45208e+04 10696 1 8.7420e-01
+3.61677e+04 -8.09134e+04 3010040 1 7.8169e-01
+3.49315e+04 -8.29474e+04 1010782 1 8.1934e-01
+2.64183e+04 -7.86886e+04 2010034 1 6.6788e-01
+3.37809e+04 -8.47803e+04 1010705 1 8.6059e-01
+3.24442e+04 -8.55271e+04 1010666 1 8.8678e-01
+3.27881e+04 -8.64266e+04 1010628 1 8.7388e-01
+3.15911e+04 -8.70980e+04 1010589 0 8.1358e-01
+3.06266e+04 -8.77551e+04 1010550 0 7.2067e-01
+3.18841e+04 -8.86683e+04 1010512 0 6.5625e-01
+3.16356e+04 -8.93830e+04 1010473 0 6.5340e-01
+3.17441e+04 -9.01272e+04 1010434 0 7.2204e-01
+3.22153e+04 -9.08993e+04 1010395 0 8.7072e-01
+3.49763e+04 -9.17916e+04 1010357 0 1.0098e+00
+3.42170e+04 -9.24982e+04 1010317 0 1.2065e+00
+3.61187e+04 -9.25677e+04 1010318 0 1.1673e+00
+3.75794e+04 -9.33550e+04 1010279 0 1.3435e+00
+3.75426e+04 -9.41341e+04 1010239 0 1.5674e+00
+3.75390e+04 -8.21599e+04 3010003 1 7.9589e-01
+4.03576e+04 -9.58361e+04 1010160 0 1.9545e+00
+3.93267e+04 -9.41552e+04 1010240 0 1.5072e+00
+3.87157e+04 -8.11785e+04 3010042 1 7.7827e-01
+4.43280e+04 -9.77377e+04 1010081 0 2.2914e+00
+4.29657e+04 -9.67555e+04 1010121 0 2.1004e+00
+3.98573e+04 -8.01507e+04 3010081 1 7.5980e-01
+4.09648e+04 -7.90800e+04 3010120 1 7.4030e-01
+4.42452e+04 -7.68909e+04 3010199 1 6.9466e-01
+4.57232e+04 -7.80919e+04 3010162 1 7.0119e-01
+4.56168e+04 -8.12675e+04 3010047 1 7.2555e-01
+1.69465e+04 -7.44336e+04 10726 1 9.2183e-01
+1.73863e+04 -7.55382e+04 10727 1 9.0876e-01
+1.78964e+04 -7.66209e+04 10728 1 9.1328e-01
+1.84763e+04 -7.76730e+04 10729 1 9.0232e-01
+1.91502e+04 -7.86947e+04 10730 1 8.9344e-01
+1.99070e+04 -7.96677e+04 10731 1 8.9408e-01
+2.07668e+04 -8.05882e+04 10732 1 8.7943e-01
+2.17165e+04 -8.14448e+04 10733 1 8.9127e-01
+2.27666e+04 -8.22307e+04 10734 1 8.7966e-01
+2.39095e+04 -8.29405e+04 10735 1 8.9327e-01
+2.51445e+04 -8.35701e+04 10736 1 8.9025e-01
+2.64634e+04 -8.41182e+04 10737 1 8.9878e-01
+3.36222e+04 -8.37984e+04 1010743 1 8.4079e-01
+3.08610e+04 -8.52843e+04 1010665 1 8.9325e-01
+2.81702e+04 -7.98056e+04 2010036 1 7.2357e-01
+3.22663e+04 -8.45800e+04 1010704 1 8.6723e-01
+2.72611e+04 -7.92740e+04 2010035 1 6.9789e-01
+3.10896e+04 -8.62044e+04 1010627 1 8.7738e-01
+2.98288e+04 -8.68318e+04 1010588 0 8.1219e-01
+2.88210e+04 -8.74552e+04 1010549 0 7.0757e-01
+2.81584e+04 -8.81186e+04 1010510 0 6.5490e-01
+2.97245e+04 -8.91510e+04 1010472 0 6.5302e-01
+2.78653e+04 -8.88434e+04 1010471 0 6.4309e-01
+2.99971e+04 -8.84330e+04 1010511 0 6.5644e-01
+2.98237e+04 -8.99145e+04 1010433 0 7.2998e-01
+3.02921e+04 -9.07176e+04 1010394 0 8.9680e-01
+3.11286e+04 -9.15483e+04 1010355 0 1.0738e+00
+3.23332e+04 -9.23942e+04 1010316 0 1.2511e+00
+3.38855e+04 -9.32446e+04 1010277 0 1.4480e+00
+3.30402e+04 -9.16921e+04 1010356 0 1.0436e+00
+3.79372e+04 -9.49554e+04 1010199 0 1.7775e+00
+3.57625e+04 -9.40960e+04 1010238 0 1.6250e+00
+3.57274e+04 -9.33124e+04 1010278 0 1.3963e+00
+3.96369e+04 -9.49722e+04 1010200 0 1.7109e+00
+4.29446e+04 -9.77372e+04 1010080 0 2.3782e+00
+4.68246e+04 -9.99827e+04 1010000 0 2.5540e+00
+3.74228e+04 -8.10656e+04 3010041 1 7.8134e-01
+3.10255e+04 -8.22193e+04 10860 1 8.1230e-01
+4.34729e+04 -7.91870e+04 3010122 1 7.2825e-01
+1.81208e+04 -7.39872e+04 10766 1 8.0828e-01
+1.85245e+04 -7.50272e+04 10767 1 8.2853e-01
+1.89920e+04 -7.60380e+04 10768 1 8.1773e-01
+1.95250e+04 -7.70268e+04 10769 1 8.0817e-01
+2.01369e+04 -7.79794e+04 10770 1 8.0479e-01
+2.08253e+04 -7.88911e+04 10771 1 8.1352e-01
+2.15997e+04 -7.97536e+04 10772 1 8.0807e-01
+2.24606e+04 -8.05607e+04 10773 1 8.2339e-01
+2.34079e+04 -8.13068e+04 10774 1 8.2879e-01
+2.44443e+04 -8.19861e+04 10775 1 8.4215e-01
+2.55637e+04 -8.25962e+04 10776 1 8.5076e-01
+2.67653e+04 -8.31341e+04 10777 1 8.6265e-01
+2.80425e+04 -8.35998e+04 10778 1 8.6589e-01
+2.91437e+04 -8.02829e+04 2010037 1 7.4768e-01
+3.35799e+04 -8.27568e+04 1010781 1 8.2073e-01
+3.22161e+04 -8.35776e+04 1010742 1 8.4254e-01
+3.07997e+04 -8.43196e+04 1010703 1 8.7083e-01
+2.94383e+04 -8.59094e+04 1010626 1 8.8204e-01
+2.93307e+04 -8.49719e+04 1010664 1 8.9476e-01
+2.70750e+04 -8.70688e+04 1010548 0 7.0697e-01
+2.81194e+04 -8.64838e+04 1010587 0 8.0485e-01
+2.63840e+04 -8.77176e+04 1010509 0 6.4368e-01
+2.60757e+04 -8.84540e+04 1010470 0 6.4381e-01
+2.79518e+04 -8.96327e+04 1010432 0 7.4788e-01
+2.84126e+04 -9.04755e+04 1010393 0 9.1896e-01
+2.61421e+04 -8.92759e+04 1010431 0 7.6224e-01
+2.74345e+04 -9.11068e+04 1010353 0 1.1206e+00
+2.92549e+04 -9.13547e+04 1010354 0 1.0957e+00
+2.65923e+04 -9.01682e+04 1010392 0 9.3037e-01
+2.86616e+04 -9.20642e+04 1010314 0 1.3345e+00
+3.04775e+04 -9.22510e+04 1010315 0 1.2943e+00
+3.20626e+04 -9.31479e+04 1010276 0 1.4961e+00
+3.39931e+04 -9.40383e+04 1010237 0 1.6788e+00
+3.62420e+04 -9.49264e+04 1010198 0 1.8426e+00
+3.87538e+04 -9.58250e+04 1010159 0 2.0276e+00
+3.45566e+04 -9.48834e+04 1010197 0 1.9051e+00
+4.47477e+04 -9.88055e+04 1010040 0 2.5076e+00
+3.71533e+04 -9.58060e+04 1010158 0 2.0984e+00
+4.14682e+04 -9.67534e+04 1010120 0 2.1816e+00
+3.61977e+04 -8.20344e+04 3010002 1 7.9972e-01
+4.20385e+04 -7.79696e+04 3010159 1 7.1975e-01
+1.96747e+04 -7.43420e+04 10807 1 6.6465e-01
+2.01049e+04 -7.53032e+04 10808 1 6.9728e-01
+2.05931e+04 -7.62400e+04 10809 1 6.9950e-01
+2.11501e+04 -7.71431e+04 10810 1 7.0046e-01
+2.17772e+04 -7.80076e+04 10811 1 7.1532e-01
+2.24776e+04 -7.88277e+04 10812 1 7.3040e-01
+2.32579e+04 -7.95969e+04 10813 1 7.4456e-01
+2.41154e+04 -8.03122e+04 10814 1 7.6442e-01
+2.50541e+04 -8.09685e+04 10815 1 7.7910e-01
+2.60699e+04 -8.15634e+04 10816 1 7.9924e-01
+2.71633e+04 -8.20940e+04 10817 1 8.1473e-01
+2.83286e+04 -8.25601e+04 10818 1 8.2700e-01
+2.95629e+04 -8.29616e+04 10819 1 8.3704e-01
+3.24321e+04 -8.13882e+04 2010040 1 7.9243e-01
+3.36397e+04 -8.16517e+04 3010000 1 7.9838e-01
+3.01808e+04 -8.07052e+04 2010038 1 7.6717e-01
+3.22762e+04 -8.25151e+04 1010780 1 8.1847e-01
+3.08609e+04 -8.32998e+04 1010741 1 8.4152e-01
+2.64791e+04 -8.60463e+04 1010586 0 7.9200e-01
+2.93890e+04 -8.39943e+04 1010702 1 8.7059e-01
+2.78439e+04 -8.55342e+04 1010625 1 8.8362e-01
+3.12781e+04 -8.10732e+04 2010039 1 7.8219e-01
+2.54006e+04 -8.65886e+04 1010547 0 6.9962e-01
+2.43633e+04 -8.79778e+04 1010469 0 6.5034e-01
+2.46952e+04 -8.72256e+04 1010508 0 6.3073e-01
+2.44113e+04 -8.88412e+04 1010430 0 7.5704e-01
+2.78623e+04 -8.45846e+04 1010663 1 8.9832e-01
+2.48504e+04 -8.97934e+04 1010391 0 9.3879e-01
+2.63192e+04 -8.50725e+04 1010624 1 8.7357e-01
+2.56763e+04 -9.08010e+04 1010352 0 1.1550e+00
+2.68968e+04 -9.18309e+04 1010313 0 1.3684e+00
+2.49151e+04 -8.55140e+04 1010585 0 7.9201e-01
+2.38208e+04 -8.60128e+04 1010546 0 6.7456e-01
+2.30947e+04 -8.66391e+04 1010507 0 6.3689e-01
+2.27470e+04 -8.74154e+04 1010468 0 6.0681e-01
+2.85143e+04 -9.28544e+04 1010274 0 1.5737e+00
+2.27809e+04 -8.83292e+04 1010429 0 7.6377e-01
+2.31904e+04 -8.93489e+04 1010390 0 9.6875e-01
+3.22426e+04 -9.39582e+04 1010236 0 1.7262e+00
+2.39906e+04 -9.04362e+04 1010351 0 1.1802e+00
+3.02687e+04 -9.30188e+04 1010275 0 1.5394e+00
+2.51951e+04 -9.15497e+04 1010312 0 1.3890e+00
+3.28875e+04 -9.48246e+04 1010196 0 1.9637e+00
+3.55602e+04 -9.57781e+04 1010157 0 2.1658e+00
+2.68112e+04 -9.26532e+04 1010273 0 1.5917e+00
+3.48964e+04 -8.18661e+04 3010001 1 8.0055e-01
+2.88357e+04 -9.37222e+04 1010234 0 1.7886e+00
+3.12415e+04 -9.47482e+04 1010195 0 2.0171e+00
+4.15608e+04 -9.77352e+04 1010079 0 2.4629e+00
+3.69839e+04 -9.67227e+04 1010117 0 2.4109e+00
+4.34829e+04 -9.88051e+04 1010039 0 2.5983e+00
+4.01780e+04 -9.77313e+04 1010078 0 2.5457e+00
+3.05200e+04 -9.38535e+04 1010235 0 1.7629e+00
+3.99704e+04 -9.67477e+04 1010119 0 2.2610e+00
+3.39794e+04 -9.57401e+04 1010156 0 2.2288e+00
+2.16565e+04 -7.52892e+04 10849 1 5.9662e-01
+3.84747e+04 -9.67377e+04 1010118 0 2.3379e+00
+2.21660e+04 -7.61612e+04 10850 1 6.0698e-01
+2.27392e+04 -7.69958e+04 10851 1 6.2787e-01
+2.33773e+04 -7.77884e+04 10852 1 6.5313e-01
+2.40861e+04 -7.85340e+04 10853 1 6.7138e-01
+2.48651e+04 -7.92300e+04 10854 1 7.0024e-01
+2.57172e+04 -7.98722e+04 10855 1 7.2151e-01
+2.66411e+04 -8.04586e+04 10856 1 7.4779e-01
+2.76369e+04 -8.09869e+04 10857 1 7.6812e-01
+2.87011e+04 -8.14567e+04 10858 1 7.8797e-01
+2.98321e+04 -8.18671e+04 10859 1 8.0281e-01
+4.68446e+04 -8.48766e+04 1010713 1 7.2618e-01
