+4.14047e+01 -1.45225e+04 6010000 1 8.4288e-01
+2.68828e+03 -1.45667e+04 6010001 1 8.4598e-01
+5.31215e+03 -1.46901e+04 6010002 1 8.5439e-01
+7.89216e+03 -1.48900e+04 6010003 1 8.6620e-01
+1.04101e+04 -1.51602e+04 6010004 1 8.7902e-01
+1.28513e+04 -1.54931e+04 6010005 1 8.9096e-01
+1.52054e+04 -1.58797e+04 6010006 1 9.0009e-01
+1.74654e+04 -1.63109e+04 6010007 1 9.0448e-01
+1.96280e+04 -1.67778e+04 6010008 1 9.0649e-01
+2.16932e+04 -1.72723e+04 6010009 1 9.0275e-01
+2.36615e+04 -1.77868e+04 6010010 1 8.9399e-01
+2.55376e+04 -1.83148e+04 6010011 1 8.8450e-01
+2.73246e+04 -1.88503e+04 6010012 1 8.6406e-01
+2.90272e+04 -1.93890e+04 6010013 1 8.5105e-01
+3.06532e+04 -1.99259e+04 6010014 1 8.3438e-01
+3.22035e+04 -2.04585e+04 6010015 1 8.0448e-01
+3.36869e+04 -2.09833e+04 6010016 1 7.8825e-01
+3.51097e+04 -2.14978e+04 6010017 1 7.6559e-01
+3.64720e+04 -2.20007e+04 6010018 1 7.3197e-01
+3.77816e+04 -2.24900e+04 6010019 1 7.1553e-01
+3.90437e+04 -2.29643e+04 6010020 1 6.9405e-01
+4.02613e+04 -2.34228e+04 6010021 1 6.7236e-01
+1.01502e+04 -2.16888e+04 4010290 1 1.1713e+00
+1.04789e+04 -2.26513e+04 4010208 1 1.2176e+00
+1.30277e+04 -2.19232e+04 4010332 1 1.1707e+00
+7.13379e+03 -2.19840e+04 4010207 1 1.1856e+00
+9.98388e+03 -2.12017e+04 4010331 1 1.1482e+00
+6.77621e+03 -2.06563e+04 4010330 1 1.1224e+00
+4.82965e+01 -1.79990e+04 4010533 1 9.9711e-01
+4.92714e+01 -1.84550e+04 4010492 1 1.0172e+00
+3.25865e+03 -1.90000e+04 4010452 1 1.0428e+00
+4.73216e+01 -1.75338e+04 4010574 1 9.7694e-01
+6.65639e+03 -2.02019e+04 4010371 1 1.1014e+00
+3.00735e+03 -1.71299e+04 4010616 1 9.6012e-01
+4.63455e+01 -1.70589e+04 4010615 1 9.5580e-01
+4.53670e+01 -1.65738e+04 4010656 1 9.3449e-01
+4.43853e+01 -1.60783e+04 4010697 1 9.1268e-01
+3.13311e+03 -1.80829e+04 4010534 1 1.0021e+00
+3.07028e+03 -1.76110e+04 4010575 1 9.8150e-01
+5.68700e+03 -1.63031e+04 4010699 1 9.2605e-01
+4.33985e+01 -1.55715e+04 4010738 1 8.8996e-01
+2.88086e+03 -1.61377e+04 4010698 1 9.1641e-01
+2.94422e+03 -1.66388e+04 4010657 1 9.3840e-01
+5.56314e+03 -1.57763e+04 4010740 1 9.0256e-01
+4.24055e+01 -1.50531e+04 4010779 1 8.6716e-01
+1.06445e+04 -1.57587e+04 4010783 1 9.0404e-01
+4.03940e+01 -1.39786e+04 6010041 1 8.1835e-01
+2.62291e+03 -1.40184e+04 6010042 1 8.2125e-01
+5.18457e+03 -1.41292e+04 6010043 1 8.2925e-01
+7.70638e+03 -1.43091e+04 6010044 1 8.4076e-01
+1.01717e+04 -1.45527e+04 6010045 1 8.5374e-01
+1.25670e+04 -1.48529e+04 6010046 1 8.6591e-01
+1.48819e+04 -1.52023e+04 6010047 1 8.7578e-01
+1.71101e+04 -1.55930e+04 6010048 1 8.8293e-01
+1.92482e+04 -1.60169e+04 6010049 1 8.8525e-01
+2.12944e+04 -1.64667e+04 6010050 1 8.8303e-01
+2.32507e+04 -1.69358e+04 6010051 1 8.7931e-01
+2.51195e+04 -1.74179e+04 6010052 1 8.6836e-01
+2.69028e+04 -1.79081e+04 6010053 1 8.5631e-01
+2.86076e+04 -1.84015e+04 6010054 1 8.4485e-01
+3.02371e+04 -1.88944e+04 6010055 1 8.1796e-01
+3.17942e+04 -1.93838e+04 6010056 1 8.0493e-01
+3.32881e+04 -1.98666e+04 6010057 1 7.9030e-01
+3.47217e+04 -2.03404e+04 6010058 1 7.6223e-01
+3.60956e+04 -2.08042e+04 6010059 1 7.3836e-01
+3.74198e+04 -2.12556e+04 6010060 1 7.2324e-01
+3.86969e+04 -2.16936e+04 6010061 1 7.0209e-01
+3.99298e+04 -2.21173e+04 6010062 1 6.8052e-01
+4.11224e+04 -2.25260e+04 6010063 1 6.5654e-01
+4.22770e+04 -2.29191e+04 6010064 1 6.3354e-01
+4.33981e+04 -2.32962e+04 6010065 1 6.1742e-01
+4.44888e+04 -2.36568e+04 6010066 1 6.0192e-01
+1.36207e+04 -2.35280e+04 4010209 1 1.2444e+00
+1.34263e+04 -2.29948e+04 4010250 1 1.2198e+00
+1.06406e+04 -2.31273e+04 4010167 1 1.2411e+00
+3.32147e+03 -1.94461e+04 4010411 1 1.0626e+00
+5.02465e+01 -1.89019e+04 4010451 1 1.0369e+00
+3.19589e+03 -1.85458e+04 4010493 1 1.0227e+00
+5.81000e+03 -1.68199e+04 4010658 1 9.4878e-01
+3.93722e+01 -1.34212e+04 6010082 1 7.9258e-01
+2.55679e+03 -1.34568e+04 6010083 1 7.9548e-01
+5.05539e+03 -1.35558e+04 6010084 1 8.0349e-01
+7.51786e+03 -1.37166e+04 6010085 1 8.1498e-01
+9.92895e+03 -1.39346e+04 6010086 1 8.2787e-01
+1.22762e+04 -1.42040e+04 6010087 1 8.4075e-01
+1.45502e+04 -1.45182e+04 6010088 1 8.5188e-01
+1.67443e+04 -1.48701e+04 6010089 1 8.5938e-01
+1.88544e+04 -1.52527e+04 6010090 1 8.6391e-01
+2.08798e+04 -1.56598e+04 6010091 1 8.6581e-01
+2.28208e+04 -1.60849e+04 6010092 1 8.6210e-01
+2.46783e+04 -1.65228e+04 6010093 1 8.5457e-01
+2.64569e+04 -1.69687e+04 6010094 1 8.4794e-01
+2.81604e+04 -1.74182e+04 6010095 1 8.3499e-01
+2.97897e+04 -1.78682e+04 6010096 1 8.1679e-01
+3.13526e+04 -1.83153e+04 6010097 1 8.0537e-01
+3.28542e+04 -1.87568e+04 6010098 1 7.9150e-01
+3.42945e+04 -1.91911e+04 6010099 1 7.5905e-01
+3.56796e+04 -1.96162e+04 6010100 1 7.4584e-01
+3.70162e+04 -2.00304e+04 6010101 1 7.3171e-01
+3.83062e+04 -2.04326e+04 6010102 1 7.1088e-01
+3.95525e+04 -2.08220e+04 6010103 1 6.8895e-01
+4.07584e+04 -2.11979e+04 6010104 1 6.6243e-01
+4.19278e+04 -2.15596e+04 6010105 1 6.4664e-01
+4.30638e+04 -2.19068e+04 6010106 1 6.3083e-01
+4.41693e+04 -2.22390e+04 6010107 1 6.1551e-01
+4.52471e+04 -2.25561e+04 6010108 1 6.0062e-01
+4.62989e+04 -2.28581e+04 6010109 1 5.8557e-01
+1.03154e+04 -2.21719e+04 4010249 1 1.1944e+00
+6.89580e+03 -2.11046e+04 4010289 1 1.1435e+00
+3.44727e+03 -2.03147e+04 4010329 1 1.1015e+00
+6.29574e+03 -1.87987e+04 4010494 1 1.0374e+00
+8.78806e+03 -1.76465e+04 4010618 1 9.8655e-01
+8.61250e+03 -1.71127e+04 4010659 1 9.6308e-01
+1.11025e+04 -1.69307e+04 4010701 1 9.5315e-01
+8.43530e+03 -1.65705e+04 4010700 1 9.3934e-01
+1.08752e+04 -1.63485e+04 4010742 1 9.2858e-01
+1.34030e+04 -1.67517e+04 4010743 1 9.4017e-01
+8.25642e+03 -1.60200e+04 4010741 1 9.1536e-01
+1.55206e+04 -1.65512e+04 4010785 1 9.2381e-01
+2.75297e+03 -1.51021e+04 4010780 1 8.7032e-01
+8.07539e+03 -1.54599e+04 4010782 1 8.9090e-01
+3.83365e+01 -1.28487e+04 6010123 1 7.6591e-01
+2.48974e+03 -1.28803e+04 6010124 1 7.6870e-01
+4.92422e+03 -1.29683e+04 6010125 1 7.7655e-01
+7.32614e+03 -1.31113e+04 6010126 1 7.8812e-01
+9.68164e+03 -1.33055e+04 6010127 1 8.0161e-01
+1.19791e+04 -1.35457e+04 6010128 1 8.1503e-01
+1.42095e+04 -1.38262e+04 6010129 1 8.2671e-01
+1.63667e+04 -1.41412e+04 6010130 1 8.3689e-01
+1.84469e+04 -1.44846e+04 6010131 1 8.4399e-01
+2.04482e+04 -1.48503e+04 6010132 1 8.4613e-01
+2.23701e+04 -1.52332e+04 6010133 1 8.4518e-01
+2.42151e+04 -1.56284e+04 6010134 1 8.4366e-01
+2.59856e+04 -1.60314e+04 6010135 1 8.3722e-01
+2.76829e+04 -1.64385e+04 6010136 1 8.2280e-01
+2.93118e+04 -1.68465e+04 6010137 1 8.1540e-01
+3.08776e+04 -1.72524e+04 6010138 1 8.0578e-01
+3.23832e+04 -1.76538e+04 6010139 1 7.7604e-01
+3.38287e+04 -1.80492e+04 6010140 1 7.6550e-01
+3.52229e+04 -1.84364e+04 6010141 1 7.5425e-01
+3.65698e+04 -1.88140e+04 6010142 1 7.4102e-01
+3.78707e+04 -1.91811e+04 6010143 1 7.2025e-01
+3.91283e+04 -1.95368e+04 6010144 1 6.9607e-01
+4.03461e+04 -1.98804e+04 6010145 1 6.7641e-01
+4.15288e+04 -2.02111e+04 6010146 1 6.6196e-01
+4.26783e+04 -2.05287e+04 6010147 1 6.4657e-01
+4.37974e+04 -2.08328e+04 6010148 1 6.3158e-01
+4.48887e+04 -2.11232e+04 6010149 1 6.1708e-01
+4.59544e+04 -2.13999e+04 6010150 1 6.0240e-01
+1.32286e+04 -2.24600e+04 4010291 1 1.1949e+00
+3.57327e+03 -2.11543e+04 4010247 1 1.1398e+00
+3.51026e+03 -2.07380e+04 4010288 1 1.1207e+00
+3.38434e+03 -1.98843e+04 4010370 1 1.0823e+00
+6.53641e+03 -1.97412e+04 4010412 1 1.0802e+00
+6.41619e+03 -1.92735e+04 4010453 1 1.0588e+00
+6.17501e+03 -1.83164e+04 4010535 1 1.0156e+00
+6.05385e+03 -1.78260e+04 4010576 1 9.9365e-01
+1.15484e+04 -1.80744e+04 4010619 1 1.0015e+00
+5.93226e+03 -1.73275e+04 4010617 1 9.7147e-01
+1.13269e+04 -1.75058e+04 4010660 1 9.7723e-01
+2.81713e+03 -1.56256e+04 4010739 1 8.9340e-01
+1.99951e+04 -1.75365e+04 4010787 1 9.2577e-01
+3.72859e+01 -1.22609e+04 6010164 1 7.3819e-01
+2.42169e+03 -1.22888e+04 6010165 1 7.4106e-01
+4.79093e+03 -1.23663e+04 6010166 1 7.4910e-01
+7.13089e+03 -1.24923e+04 6010167 1 7.6086e-01
+9.42895e+03 -1.26638e+04 6010168 1 7.7456e-01
+1.16746e+04 -1.28765e+04 6010169 1 7.8897e-01
+1.38594e+04 -1.31254e+04 6010170 1 8.0268e-01
+1.59774e+04 -1.34054e+04 6010171 1 8.1414e-01
+1.80244e+04 -1.37111e+04 6010172 1 8.2136e-01
+1.99983e+04 -1.40374e+04 6010173 1 8.2762e-01
+2.18995e+04 -1.43799e+04 6010174 1 8.3139e-01
+2.37286e+04 -1.47338e+04 6010175 1 8.3058e-01
+2.54866e+04 -1.50955e+04 6010176 1 8.2228e-01
+2.71764e+04 -1.54615e+04 6010177 1 8.1937e-01
+2.88025e+04 -1.58288e+04 6010178 1 8.1390e-01
+3.03680e+04 -1.61946e+04 6010179 1 8.0404e-01
+3.18729e+04 -1.65571e+04 6010180 1 7.8160e-01
+3.33235e+04 -1.69144e+04 6010181 1 7.7318e-01
+3.47246e+04 -1.72646e+04 6010182 1 7.6368e-01
+3.60794e+04 -1.76064e+04 6010183 1 7.5039e-01
+3.73889e+04 -1.79390e+04 6010184 1 7.2903e-01
+3.86555e+04 -1.82617e+04 6010185 1 7.0320e-01
+3.98842e+04 -1.85734e+04 6010186 1 6.9234e-01
+4.10786e+04 -1.88737e+04 6010187 1 6.7964e-01
+4.22404e+04 -1.91622e+04 6010188 1 6.6479e-01
+4.33719e+04 -1.94386e+04 6010189 1 6.5025e-01
+4.44757e+04 -1.97026e+04 6010190 1 6.3605e-01
+4.55540e+04 -1.99543e+04 6010191 1 6.2222e-01
+4.66087e+04 -2.01935e+04 6010192 1 6.0762e-01
+7.25196e+03 -2.24158e+04 4010166 1 1.2065e+00
+7.01501e+03 -2.15470e+04 4010248 1 1.1645e+00
+5.51456e+01 -2.10141e+04 4010246 1 1.1302e+00
+5.31808e+01 -2.01926e+04 4010328 1 1.0938e+00
+5.12230e+01 -1.93404e+04 4010410 1 1.0561e+00
+9.30724e+03 -1.92054e+04 4010495 1 1.0560e+00
+9.13537e+03 -1.86925e+04 4010536 1 1.0329e+00
+1.17673e+04 -1.86373e+04 4010578 1 1.0255e+00
+1.39345e+04 -1.79861e+04 4010661 1 9.8886e-01
+1.36712e+04 -1.73716e+04 4010702 1 9.6439e-01
+1.81448e+04 -1.77356e+04 4010745 1 9.5027e-01
+2.03495e+04 -1.82938e+04 4010746 1 9.4844e-01
+2.20755e+04 -1.80773e+04 4010788 1 9.2186e-01
+3.62167e+01 -1.16557e+04 6010205 1 7.0889e-01
+2.35241e+03 -1.16802e+04 6010206 1 7.1174e-01
+4.65509e+03 -1.17479e+04 6010207 1 7.1988e-01
+6.93162e+03 -1.18584e+04 6010208 1 7.3212e-01
+9.17063e+03 -1.20089e+04 6010209 1 7.4690e-01
+1.13624e+04 -1.21956e+04 6010210 1 7.6245e-01
+1.34991e+04 -1.24145e+04 6010211 1 7.7697e-01
+1.55748e+04 -1.26610e+04 6010212 1 7.9010e-01
+1.75860e+04 -1.29310e+04 6010213 1 8.0177e-01
+1.95306e+04 -1.32200e+04 6010214 1 8.1067e-01
+2.14075e+04 -1.35236e+04 6010215 1 8.1519e-01
+2.32167e+04 -1.38380e+04 6010216 1 8.1437e-01
+2.49599e+04 -1.41600e+04 6010217 1 8.1639e-01
+2.66403e+04 -1.44864e+04 6010218 1 8.1553e-01
+2.82601e+04 -1.48142e+04 6010219 1 8.1081e-01
+2.98204e+04 -1.51414e+04 6010220 1 7.9297e-01
+3.13246e+04 -1.54660e+04 6010221 1 7.8799e-01
+3.27777e+04 -1.57862e+04 6010222 1 7.8179e-01
+3.41832e+04 -1.61004e+04 6010223 1 7.7431e-01
+3.55435e+04 -1.64074e+04 6010224 1 7.5970e-01
+3.68590e+04 -1.67064e+04 6010225 1 7.2871e-01
+3.81332e+04 -1.69966e+04 6010226 1 7.1965e-01
+3.93713e+04 -1.72772e+04 6010227 1 7.1018e-01
+4.05759e+04 -1.75476e+04 6010228 1 6.9963e-01
+4.17485e+04 -1.78075e+04 6010229 1 6.8545e-01
+4.28912e+04 -1.80567e+04 6010230 1 6.7142e-01
+4.40065e+04 -1.82948e+04 6010231 1 6.5766e-01
+4.50964e+04 -1.85219e+04 6010232 1 6.4416e-01
+4.61630e+04 -1.87377e+04 6010233 1 6.3095e-01
+7.48567e+03 -2.32649e+04 4010084 1 1.2480e+00
+1.61025e+04 -2.33828e+04 4010292 1 1.2092e+00
+3.63625e+03 -2.15638e+04 4010206 1 1.1585e+00
+9.64768e+03 -2.02138e+04 4010413 1 1.1021e+00
+1.19834e+04 -1.91950e+04 4010537 1 1.0496e+00
+8.96232e+03 -1.81730e+04 4010577 1 1.0098e+00
+1.67097e+04 -1.91956e+04 4010621 1 1.0191e+00
+1.41933e+04 -1.85962e+04 4010620 1 1.0129e+00
+1.64230e+04 -1.85393e+04 4010662 1 9.9512e-01
+2.59339e+04 -1.92139e+04 4010790 1 8.9692e-01
+2.40544e+04 -1.86388e+04 4010789 1 9.1054e-01
+1.31300e+04 -1.61258e+04 4010784 1 9.1542e-01
+5.43823e+03 -1.52387e+04 4010781 1 8.7883e-01
+3.51284e+01 -1.10327e+04 6010246 1 6.7859e-01
+2.28185e+03 -1.10540e+04 6010247 1 6.8159e-01
+4.51656e+03 -1.11127e+04 6010248 1 6.9013e-01
+6.72800e+03 -1.12084e+04 6010249 1 7.0295e-01
+8.90591e+03 -1.13388e+04 6010250 1 7.1826e-01
+1.10416e+04 -1.15010e+04 6010251 1 7.3501e-01
+1.31278e+04 -1.16918e+04 6010252 1 7.5191e-01
+1.51592e+04 -1.19072e+04 6010253 1 7.6771e-01
+1.71318e+04 -1.21435e+04 6010254 1 7.8128e-01
+1.90432e+04 -1.23966e+04 6010255 1 7.9073e-01
+2.08920e+04 -1.26632e+04 6010256 1 7.9834e-01
+2.26789e+04 -1.29400e+04 6010257 1 8.0557e-01
+2.44054e+04 -1.32239e+04 6010258 1 8.0979e-01
+2.60727e+04 -1.35120e+04 6010259 1 8.1008e-01
+2.76819e+04 -1.38020e+04 6010260 1 7.9863e-01
+2.92349e+04 -1.40919e+04 6010261 1 7.9788e-01
+3.07366e+04 -1.43798e+04 6010262 1 7.9563e-01
+3.21898e+04 -1.46641e+04 6010263 1 7.9159e-01
+3.35970e+04 -1.49433e+04 6010264 1 7.8554e-01
+3.49599e+04 -1.52165e+04 6010265 1 7.6530e-01
+3.62789e+04 -1.54828e+04 6010266 1 7.4557e-01
+3.75598e+04 -1.57414e+04 6010267 1 7.3834e-01
+3.88056e+04 -1.59916e+04 6010268 1 7.3050e-01
+4.00187e+04 -1.62329e+04 6010269 1 7.2211e-01
+4.12008e+04 -1.64649e+04 6010270 1 7.0901e-01
+4.23535e+04 -1.66874e+04 6010271 1 6.9563e-01
+4.34791e+04 -1.69002e+04 6010272 1 6.8234e-01
+4.45797e+04 -1.71032e+04 6010273 1 6.6920e-01
+4.56572e+04 -1.72962e+04 6010274 1 6.5619e-01
+4.67134e+04 -1.74792e+04 6010275 1 6.4337e-01
+6.19726e+01 -2.36748e+04 2010779 1 1.2477e+00
+1.08001e+04 -2.36002e+04 4010126 1 1.2643e+00
+7.36930e+03 -2.28426e+04 4010125 1 1.2273e+00
+3.69916e+03 -2.19670e+04 4010165 1 1.1770e+00
+5.22011e+01 -1.97705e+04 4010369 1 1.0752e+00
+1.69901e+04 -1.98500e+04 4010580 1 1.0426e+00
+1.44473e+04 -1.92023e+04 4010579 1 1.0374e+00
+1.87856e+04 -1.91509e+04 4010663 1 9.9570e-01
+1.84702e+04 -1.84440e+04 4010704 1 9.7323e-01
+2.44281e+04 -1.94926e+04 4010748 1 9.2866e-01
+2.77218e+04 -1.97964e+04 4010791 1 8.8120e-01
+1.78102e+04 -1.70248e+04 4010786 1 9.2815e-01
+3.40166e+01 -1.03893e+04 6010287 1 6.4612e-01
+2.20974e+03 -1.04078e+04 6010288 1 6.4926e-01
+4.37491e+03 -1.04580e+04 6010289 1 6.5820e-01
+6.51956e+03 -1.05402e+04 6010290 1 6.7186e-01
+8.63459e+03 -1.06523e+04 6010291 1 6.8876e-01
+1.07121e+04 -1.07920e+04 6010292 1 7.0736e-01
+1.27453e+04 -1.09564e+04 6010293 1 7.2607e-01
+1.47290e+04 -1.11422e+04 6010294 1 7.4328e-01
+1.66595e+04 -1.13463e+04 6010295 1 7.5870e-01
+1.85346e+04 -1.15658e+04 6010296 1 7.7362e-01
+2.03532e+04 -1.17974e+04 6010297 1 7.8618e-01
+2.21152e+04 -1.20384e+04 6010298 1 7.9569e-01
+2.38209e+04 -1.22859e+04 6010299 1 8.0108e-01
+2.54707e+04 -1.25374e+04 6010300 1 7.9776e-01
+2.70663e+04 -1.27911e+04 6010301 1 8.0184e-01
+2.86111e+04 -1.30452e+04 6010302 1 8.0409e-01
+3.01074e+04 -1.32978e+04 6010303 1 8.0410e-01
+3.15576e+04 -1.35474e+04 6010304 1 8.0198e-01
+3.29639e+04 -1.37929e+04 6010305 1 7.9371e-01
+3.43257e+04 -1.40334e+04 6010306 1 7.6928e-01
+3.56476e+04 -1.42680e+04 6010307 1 7.6472e-01
+3.69333e+04 -1.44960e+04 6010308 1 7.5931e-01
+3.81850e+04 -1.47167e+04 6010309 1 7.5313e-01
+3.94050e+04 -1.49297e+04 6010310 1 7.4623e-01
+4.05951e+04 -1.51345e+04 6010311 1 7.3542e-01
+4.17566e+04 -1.53311e+04 6010312 1 7.2274e-01
+4.28915e+04 -1.55192e+04 6010313 1 7.0998e-01
+4.40019e+04 -1.56986e+04 6010314 1 6.9727e-01
+4.50896e+04 -1.58693e+04 6010315 1 6.8456e-01
+4.61562e+04 -1.60313e+04 6010316 1 6.7194e-01
+5.41624e+01 -2.06071e+04 4010287 1 1.1121e+00
+9.81634e+03 -2.07102e+04 4010372 1 1.1252e+00
+1.26176e+04 -2.08420e+04 4010414 1 1.1220e+00
+1.24085e+04 -2.02969e+04 4010455 1 1.0978e+00
+9.47804e+03 -1.97124e+04 4010454 1 1.0791e+00
+1.21972e+04 -1.97480e+04 4010496 1 1.0737e+00
+1.46973e+04 -1.98052e+04 4010538 1 1.0616e+00
+2.27950e+04 -1.96887e+04 4010706 1 9.5964e-01
+2.06913e+04 -1.90506e+04 4010705 1 9.6871e-01
+1.61292e+04 -1.78803e+04 4010703 1 9.7157e-01
+2.63099e+04 -2.01162e+04 4010749 1 9.0805e-01
+1.58286e+04 -1.72179e+04 4010744 1 9.4779e-01
+3.28807e+01 -9.72509e+03 6010328 1 6.1226e-01
+2.13607e+03 -9.74077e+03 6010329 1 6.1569e-01
+4.23006e+03 -9.78320e+03 6010330 1 6.2536e-01
+6.30604e+03 -9.85262e+03 6010331 1 6.4007e-01
+8.35589e+03 -9.94750e+03 6010332 1 6.5823e-01
+1.03724e+04 -1.00659e+04 6010333 1 6.7826e-01
+1.23496e+04 -1.02055e+04 6010334 1 6.9925e-01
+1.42830e+04 -1.03639e+04 6010335 1 7.2009e-01
+1.61690e+04 -1.05384e+04 6010336 1 7.3990e-01
+1.80051e+04 -1.07262e+04 6010337 1 7.5758e-01
+1.97900e+04 -1.09248e+04 6010338 1 7.7235e-01
+2.15228e+04 -1.11317e+04 6010339 1 7.8264e-01
+2.32033e+04 -1.13445e+04 6010340 1 7.8938e-01
+2.48330e+04 -1.15614e+04 6010341 1 7.9883e-01
+2.64137e+04 -1.17806e+04 6010342 1 8.0612e-01
+2.79470e+04 -1.20003e+04 6010343 1 8.1092e-01
+2.94347e+04 -1.22190e+04 6010344 1 8.1321e-01
+3.08789e+04 -1.24354e+04 6010345 1 8.1184e-01
+3.22798e+04 -1.26485e+04 6010346 1 7.8970e-01
+3.36397e+04 -1.28575e+04 6010347 1 7.8862e-01
+3.49628e+04 -1.30615e+04 6010348 1 7.8637e-01
+3.62513e+04 -1.32600e+04 6010349 1 7.8306e-01
+3.75071e+04 -1.34523e+04 6010350 1 7.7873e-01
+3.87324e+04 -1.36379e+04 6010351 1 7.7347e-01
+3.99290e+04 -1.38165e+04 6010352 1 7.6531e-01
+4.10979e+04 -1.39880e+04 6010353 1 7.5334e-01
+4.22411e+04 -1.41521e+04 6010354 1 7.4122e-01
+4.33603e+04 -1.43088e+04 6010355 1 7.2893e-01
+4.44574e+04 -1.44578e+04 6010356 1 7.1655e-01
+4.55339e+04 -1.45992e+04 6010357 1 7.0407e-01
+4.65913e+04 -1.47331e+04 6010358 1 6.9158e-01
+5.71135e+01 -2.18066e+04 4010164 1 1.1654e+00
+1.58802e+04 -2.27888e+04 4010333 1 1.1843e+00
+1.51841e+04 -2.10032e+04 4010456 1 1.1104e+00
+1.96775e+04 -2.12689e+04 4010540 1 1.0625e+00
+1.49428e+04 -2.04052e+04 4010497 1 1.0861e+00
+1.90922e+04 -1.98569e+04 4010622 1 1.0179e+00
+2.10215e+04 -1.98074e+04 4010664 1 9.8954e-01
+2.66652e+04 -2.10221e+04 4010708 1 9.2617e-01
+3.54602e+04 -2.26634e+04 4010796 1 7.6536e-01
+3.40513e+04 -2.21075e+04 4010795 1 7.8646e-01
+2.94202e+04 -2.03811e+04 4010792 1 8.5649e-01
+3.17156e+01 -9.03641e+03 6010369 1 5.7613e-01
+2.06048e+03 -9.04955e+03 6010370 1 5.7977e-01
+4.08132e+03 -9.08482e+03 6010371 1 5.9016e-01
+6.08650e+03 -9.14271e+03 6010372 1 6.0615e-01
+8.06886e+03 -9.22204e+03 6010373 1 6.2641e-01
+1.00221e+04 -9.32118e+03 6010374 1 6.4924e-01
+1.19411e+04 -9.43820e+03 6010375 1 6.7322e-01
+1.38213e+04 -9.57112e+03 6010376 1 6.9705e-01
+1.56592e+04 -9.71773e+03 6010377 1 7.1931e-01
+1.74526e+04 -9.87577e+03 6010378 1 7.3882e-01
+1.91993e+04 -1.00431e+04 6010379 1 7.5511e-01
+2.08992e+04 -1.02179e+04 6010380 1 7.7258e-01
+2.25525e+04 -1.03983e+04 6010381 1 7.8786e-01
+2.41597e+04 -1.05826e+04 6010382 1 8.0074e-01
+2.57218e+04 -1.07690e+04 6010383 1 8.1085e-01
+2.72401e+04 -1.09560e+04 6010384 1 8.1800e-01
+2.87160e+04 -1.11425e+04 6010385 1 8.2075e-01
+3.01497e+04 -1.13271e+04 6010386 1 8.0618e-01
+3.15432e+04 -1.15093e+04 6010387 1 8.0927e-01
+3.29000e+04 -1.16882e+04 6010388 1 8.1089e-01
+3.42220e+04 -1.18630e+04 6010389 1 8.1110e-01
+3.55111e+04 -1.20332e+04 6010390 1 8.0991e-01
+3.67692e+04 -1.21982e+04 6010391 1 8.0746e-01
+3.79980e+04 -1.23575e+04 6010392 1 8.0384e-01
+3.91994e+04 -1.25109e+04 6010393 1 7.9879e-01
+4.03745e+04 -1.26582e+04 6010394 1 7.8757e-01
+4.15248e+04 -1.27993e+04 6010395 1 7.7602e-01
+4.26520e+04 -1.29339e+04 6010396 1 7.6424e-01
+4.37577e+04 -1.30621e+04 6010397 1 7.5220e-01
+4.48434e+04 -1.31838e+04 6010398 1 7.3997e-01
+4.59107e+04 -1.32989e+04 6010399 1 7.2758e-01
+3.76191e+03 -2.23639e+04 4010124 1 1.1954e+00
+5.61294e+01 -2.14138e+04 4010205 1 1.1480e+00
+1.54207e+04 -2.15994e+04 4010415 1 1.1349e+00
+1.75308e+04 -2.11550e+04 4010498 1 1.0900e+00
+1.72637e+04 -2.05029e+04 4010539 1 1.0668e+00
+1.93893e+04 -2.05627e+04 4010581 1 1.0413e+00
+2.13392e+04 -2.05651e+04 4010623 1 1.0111e+00
+2.47838e+04 -2.03488e+04 4010707 1 9.4365e-01
+2.97876e+04 -2.13785e+04 4010751 1 8.6149e-01
+2.80939e+04 -2.07468e+04 4010750 1 8.9221e-01
+2.24427e+04 -1.88825e+04 4010747 1 9.3890e-01
+3.05212e+01 -8.32258e+03 6010410 1 5.3720e-01
+1.98300e+03 -8.33338e+03 6010411 1 5.4133e-01
+3.92873e+03 -8.36215e+03 6010412 1 5.5302e-01
+5.86093e+03 -8.40952e+03 6010413 1 5.7100e-01
+7.77335e+03 -8.47448e+03 6010414 1 5.9359e-01
+9.66076e+03 -8.55561e+03 6010415 1 6.1893e-01
+1.15181e+04 -8.65155e+03 6010416 1 6.4532e-01
+1.33414e+04 -8.76064e+03 6010417 1 6.7111e-01
+1.51276e+04 -8.88126e+03 6010418 1 6.9758e-01
+1.68744e+04 -9.01180e+03 6010419 1 7.2290e-01
+1.85805e+04 -9.15052e+03 6010420 1 7.4650e-01
+2.02449e+04 -9.29572e+03 6010421 1 7.6791e-01
+2.18675e+04 -9.44581e+03 6010422 1 7.8679e-01
+2.34483e+04 -9.59926e+03 6010423 1 8.0258e-01
+2.49880e+04 -9.75470e+03 6010424 1 8.1485e-01
+2.64875e+04 -9.91089e+03 6010425 1 8.2150e-01
+2.79466e+04 -1.00667e+04 6010426 1 8.1782e-01
+2.93675e+04 -1.02215e+04 6010427 1 8.2582e-01
+3.07527e+04 -1.03744e+04 6010428 1 8.3200e-01
+3.21037e+04 -1.05247e+04 6010429 1 8.3636e-01
+3.34221e+04 -1.06718e+04 6010430 1 8.3900e-01
+3.47096e+04 -1.08150e+04 6010431 1 8.4007e-01
+3.59679e+04 -1.09539e+04 6010432 1 8.3967e-01
+3.71985e+04 -1.10882e+04 6010433 1 8.3789e-01
+3.84032e+04 -1.12176e+04 6010434 1 8.3482e-01
+3.95831e+04 -1.13418e+04 6010435 1 8.2604e-01
+4.07393e+04 -1.14608e+04 6010436 1 8.1513e-01
+4.18734e+04 -1.15744e+04 6010437 1 8.0376e-01
+4.29870e+04 -1.16826e+04 6010438 1 7.9206e-01
+4.40814e+04 -1.17854e+04 6010439 1 7.8000e-01
+4.51581e+04 -1.18826e+04 6010440 1 7.6769e-01
+4.62182e+04 -1.19744e+04 6010441 1 7.5515e-01
+1.56529e+04 -2.21945e+04 4010374 1 1.1595e+00
+2.57451e+04 -2.29385e+04 4010584 1 9.9325e-01
+2.37618e+04 -2.21202e+04 4010583 1 1.0163e+00
+2.69986e+04 -2.19326e+04 4010667 1 9.3998e-01
+1.28239e+04 -2.13840e+04 4010373 1 1.1461e+00
+2.92915e+01 -7.57907e+03 6010451 1 4.9739e-01
+1.90320e+03 -7.58770e+03 6010452 1 5.0184e-01
+3.77143e+03 -7.61056e+03 6010453 1 5.1448e-01
+5.62799e+03 -7.64839e+03 6010454 1 5.3414e-01
+7.46790e+03 -7.70018e+03 6010455 1 5.5909e-01
+9.28635e+03 -7.76512e+03 6010456 1 5.8773e-01
+1.10790e+04 -7.84215e+03 6010457 1 6.1838e-01
+1.28426e+04 -7.92999e+03 6010458 1 6.4977e-01
+1.45740e+04 -8.02735e+03 6010459 1 6.8070e-01
+1.62715e+04 -8.13284e+03 6010460 1 7.1034e-01
+1.79330e+04 -8.24509e+03 6010461 1 7.3792e-01
+1.95579e+04 -8.36275e+03 6010462 1 7.6289e-01
+2.11455e+04 -8.48452e+03 6010463 1 7.8438e-01
+2.26956e+04 -8.60917e+03 6010464 1 8.0157e-01
+2.42085e+04 -8.73561e+03 6010465 1 8.1022e-01
+2.56843e+04 -8.86292e+03 6010466 1 8.2368e-01
+2.71248e+04 -8.99038e+03 6010467 1 8.3734e-01
+2.85314e+04 -9.11721e+03 6010468 1 8.4885e-01
+2.99052e+04 -9.24266e+03 6010469 1 8.5813e-01
+3.12474e+04 -9.36608e+03 6010470 1 8.6538e-01
+3.25597e+04 -9.48692e+03 6010471 1 8.7070e-01
+3.38433e+04 -9.60472e+03 6010472 1 8.7418e-01
+3.50997e+04 -9.71909e+03 6010473 1 8.7594e-01
+3.63303e+04 -9.82971e+03 6010474 1 8.7606e-01
+3.75366e+04 -9.93630e+03 6010475 1 8.7466e-01
+3.87197e+04 -1.00387e+04 6010476 1 8.6930e-01
+3.98807e+04 -1.01368e+04 6010477 1 8.5890e-01
+4.10208e+04 -1.02305e+04 6010478 1 8.4801e-01
+4.21415e+04 -1.03198e+04 6010479 1 8.3657e-01
+4.32440e+04 -1.04046e+04 6010480 1 8.2467e-01
+4.43296e+04 -1.04848e+04 6010481 1 8.1241e-01
+4.53995e+04 -1.05606e+04 6010482 1 7.9979e-01
+4.64548e+04 -1.06318e+04 6010483 1 7.8686e-01
+1.77909e+04 -2.18069e+04 4010457 1 1.1145e+00
+2.54429e+04 -2.20711e+04 4010625 1 9.7832e-01
+3.13943e+04 -2.20073e+04 4010752 1 8.4303e-01
+2.80254e+01 -6.80360e+03 6010492 1 4.5103e-01
+1.82105e+03 -6.81032e+03 6010493 1 4.5636e-01
+3.60936e+03 -6.82808e+03 6010494 1 4.7140e-01
+5.38789e+03 -6.85751e+03 6010495 1 4.9456e-01
+7.15265e+03 -6.89775e+03 6010496 1 5.2374e-01
+8.89917e+03 -6.94836e+03 6010497 1 5.5689e-01
+1.06243e+04 -7.00835e+03 6010498 1 5.9218e-01
+1.23245e+04 -7.07690e+03 6010499 1 6.2801e-01
+1.39975e+04 -7.15293e+03 6010500 1 6.6315e-01
+1.56411e+04 -7.23544e+03 6010501 1 6.9648e-01
+1.72539e+04 -7.32335e+03 6010502 1 7.2709e-01
+1.88346e+04 -7.41562e+03 6010503 1 7.5365e-01
+2.03824e+04 -7.51124e+03 6010504 1 7.7529e-01
+2.18973e+04 -7.60944e+03 6010505 1 8.0035e-01
+2.33798e+04 -7.70945e+03 6010506 1 8.2288e-01
+2.48302e+04 -7.81047e+03 6010507 1 8.4297e-01
+2.62493e+04 -7.91177e+03 6010508 1 8.6060e-01
+2.76380e+04 -8.01267e+03 6010509 1 8.7563e-01
+2.89971e+04 -8.11258e+03 6010510 1 8.8826e-01
+3.03277e+04 -8.21098e+03 6010511 1 8.9859e-01
+3.16311e+04 -8.30742e+03 6010512 1 9.0671e-01
+3.29083e+04 -8.40151e+03 6010513 1 9.1271e-01
+3.41606e+04 -8.49294e+03 6010514 1 9.1672e-01
+3.53892e+04 -8.58142e+03 6010515 1 9.1883e-01
+3.65953e+04 -8.66674e+03 6010516 1 9.1914e-01
+3.77801e+04 -8.74870e+03 6010517 1 9.1778e-01
+3.89445e+04 -8.82725e+03 6010518 1 9.0804e-01
+4.00896e+04 -8.90233e+03 6010519 1 8.9747e-01
+4.12166e+04 -8.97386e+03 6010520 1 8.8625e-01
+4.23266e+04 -9.04180e+03 6010521 1 8.7450e-01
+4.34208e+04 -9.10612e+03 6010522 1 8.6224e-01
+4.45003e+04 -9.16684e+03 6010523 1 8.4951e-01
+4.55662e+04 -9.22396e+03 6010524 1 8.3636e-01
+4.66193e+04 -9.27754e+03 6010525 1 8.2285e-01
+2.24905e+04 -2.36162e+04 4010459 1 1.0933e+00
+3.82435e+03 -2.27548e+04 4010083 1 1.2134e+00
+5.80964e+01 -2.21928e+04 4010123 1 1.1826e+00
+1.80443e+04 -2.24591e+04 4010416 1 1.1377e+00
+2.16452e+04 -2.13242e+04 4010582 1 1.0305e+00
+2.34543e+04 -2.13070e+04 4010624 1 9.9476e-01
+2.31318e+04 -2.04967e+04 4010665 1 9.7825e-01
+3.88639e+03 -2.31400e+04 4010042 1 1.2311e+00
+3.43819e+04 -2.32395e+04 4010754 1 7.8488e-01
+1.82904e+04 -2.31120e+04 4010375 1 1.1627e+00
+3.68091e+04 -2.32058e+04 4010797 1 7.3368e-01
+2.67203e+01 -5.99260e+03 6010533 1 4.0377e-01
+1.73634e+03 -5.99760e+03 6010534 1 4.1001e-01
+3.44206e+03 -6.01084e+03 6010535 1 4.2759e-01
+5.13988e+03 -6.03266e+03 6010536 1 4.5430e-01
+6.82624e+03 -6.06263e+03 6010537 1 4.8758e-01
+8.49777e+03 -6.10026e+03 6010538 1 5.2490e-01
+1.01513e+04 -6.14499e+03 6010539 1 5.6413e-01
+1.17844e+04 -6.19609e+03 6010540 1 6.0342e-01
+1.33944e+04 -6.25289e+03 6010541 1 6.4129e-01
+1.49798e+04 -6.31468e+03 6010542 1 6.8000e-01
+1.65392e+04 -6.38080e+03 6010543 1 7.1703e-01
+1.80715e+04 -6.45050e+03 6010544 1 7.5207e-01
+1.95763e+04 -6.52307e+03 6010545 1 7.8471e-01
+2.10531e+04 -6.59779e+03 6010546 1 8.1466e-01
+2.25019e+04 -6.67401e+03 6010547 1 8.4192e-01
+2.39230e+04 -6.75111e+03 6010548 1 8.6641e-01
+2.53168e+04 -6.82852e+03 6010549 1 8.8802e-01
+2.66838e+04 -6.90573e+03 6010550 1 9.0685e-01
+2.80247e+04 -6.98227e+03 6010551 1 9.2299e-01
+2.93405e+04 -7.05774e+03 6010552 1 9.3652e-01
+3.06320e+04 -7.13178e+03 6010553 1 9.4755e-01
+3.19001e+04 -7.20409e+03 6010554 1 9.5618e-01
+3.31459e+04 -7.27440e+03 6010555 1 9.6252e-01
+3.43703e+04 -7.34250e+03 6010556 1 9.6666e-01
+3.55744e+04 -7.40819e+03 6010557 1 9.6877e-01
+3.67593e+04 -7.47134e+03 6010558 1 9.6897e-01
+3.79258e+04 -7.53185e+03 6010559 1 9.6332e-01
+3.90747e+04 -7.58970e+03 6010560 1 9.5295e-01
+4.02071e+04 -7.64485e+03 6010561 1 9.4190e-01
+4.13241e+04 -7.69724e+03 6010562 1 9.3014e-01
+4.24265e+04 -7.74685e+03 6010563 1 9.1778e-01
+4.35155e+04 -7.79368e+03 6010564 1 9.0488e-01
+4.45919e+04 -7.83775e+03 6010565 1 8.9149e-01
+4.56567e+04 -7.87907e+03 6010566 1 8.7762e-01
+4.67106e+04 -7.91770e+03 6010567 1 8.6332e-01
+2.02253e+04 -2.26849e+04 4010458 1 1.1082e+00
+3.25811e+04 -2.15398e+04 4010794 1 8.0408e-01
+2.53671e+01 -5.13821e+03 6010574 1 3.5280e-01
+1.64850e+03 -5.14173e+03 6010575 1 3.6008e-01
+3.26845e+03 -5.15111e+03 6010576 1 3.8046e-01
+4.88232e+03 -5.16639e+03 6010577 1 4.1134e-01
+6.48683e+03 -5.18757e+03 6010578 1 4.4972e-01
+8.07967e+03 -5.21416e+03 6010579 1 4.9291e-01
+9.65807e+03 -5.24588e+03 6010580 1 5.3860e-01
+1.12199e+04 -5.28228e+03 6010581 1 5.8523e-01
+1.27635e+04 -5.32285e+03 6010582 1 6.3152e-01
+1.42870e+04 -5.36712e+03 6010583 1 6.7651e-01
+1.57893e+04 -5.41457e+03 6010584 1 7.1963e-01
+1.72696e+04 -5.46468e+03 6010585 1 7.6039e-01
+1.87269e+04 -5.51692e+03 6010586 1 7.9838e-01
+2.01610e+04 -5.57079e+03 6010587 1 8.3348e-01
+2.15717e+04 -5.62584e+03 6010588 1 8.6558e-01
+2.29591e+04 -5.68161e+03 6010589 1 8.9456e-01
+2.43233e+04 -5.73768e+03 6010590 1 9.2038e-01
+2.56647e+04 -5.79368e+03 6010591 1 9.4314e-01
+2.69838e+04 -5.84927e+03 6010592 1 9.6291e-01
+2.82812e+04 -5.90414e+03 6010593 1 9.7977e-01
+2.95576e+04 -5.95804e+03 6010594 1 9.9382e-01
+3.08138e+04 -6.01072e+03 6010595 1 1.0052e+00
+3.20504e+04 -6.06199e+03 6010596 1 1.0139e+00
+3.32684e+04 -6.11168e+03 6010597 1 1.0203e+00
+3.44686e+04 -6.15966e+03 6010598 1 1.0243e+00
+3.56517e+04 -6.20580e+03 6010599 1 1.0261e+00
+3.68188e+04 -6.25002e+03 6010600 1 1.0259e+00
+3.79704e+04 -6.29229e+03 6010601 1 1.0156e+00
+3.91074e+04 -6.33260e+03 6010602 1 1.0045e+00
+4.02306e+04 -6.37091e+03 6010603 1 9.9266e-01
+4.13409e+04 -6.40721e+03 6010604 1 9.8007e-01
+4.24392e+04 -6.44147e+03 6010605 1 9.6688e-01
+4.35263e+04 -6.47371e+03 6010606 1 9.5308e-01
+4.46030e+04 -6.50395e+03 6010607 1 9.3879e-01
+4.56699e+04 -6.53220e+03 6010608 1 9.2396e-01
+4.67279e+04 -6.55852e+03 6010609 1 9.0864e-01
+1.99562e+04 -2.19761e+04 4010499 1 1.0864e+00
+2.19393e+04 -2.20854e+04 4010541 1 1.0530e+00
+5.90761e+01 -2.25723e+04 4010082 1 1.1995e+00
+2.84428e+04 -2.17020e+04 4010709 1 9.0118e-01
+3.81023e+04 -2.37336e+04 4010798 1 7.0853e-01
+3.10383e+04 -2.09635e+04 4010793 1 8.3954e-01
+2.39682e+01 -4.23722e+03 6010615 1 2.9092e-01
+1.55768e+03 -4.23952e+03 6010616 1 3.0062e-01
+3.08893e+03 -4.24573e+03 6010617 1 3.2717e-01
+4.61562e+03 -4.25577e+03 6010618 1 3.6625e-01
+6.13528e+03 -4.26968e+03 6010619 1 4.1335e-01
+7.64582e+03 -4.28723e+03 6010620 1 4.6503e-01
+9.14552e+03 -4.30813e+03 6010621 1 5.1884e-01
+1.06325e+04 -4.33215e+03 6010622 1 5.7294e-01
+1.21052e+04 -4.35899e+03 6010623 1 6.2621e-01
+1.35624e+04 -4.38832e+03 6010624 1 6.7782e-01
+1.50031e+04 -4.41979e+03 6010625 1 7.2713e-01
+1.64262e+04 -4.45308e+03 6010626 1 7.7368e-01
+1.78313e+04 -4.48785e+03 6010627 1 8.1722e-01
+1.92178e+04 -4.52377e+03 6010628 1 8.5756e-01
+2.05857e+04 -4.56054e+03 6010629 1 8.9459e-01
+2.19346e+04 -4.59784e+03 6010630 1 9.2816e-01
+2.32647e+04 -4.63540e+03 6010631 1 9.5834e-01
+2.45763e+04 -4.67297e+03 6010632 1 9.8516e-01
+2.58695e+04 -4.71031e+03 6010633 1 1.0087e+00
+2.71448e+04 -4.74722e+03 6010634 1 1.0290e+00
+2.84027e+04 -4.78352e+03 6010635 1 1.0462e+00
+2.96437e+04 -4.81903e+03 6010636 1 1.0604e+00
+3.08684e+04 -4.85363e+03 6010637 1 1.0718e+00
+3.20774e+04 -4.88719e+03 6010638 1 1.0803e+00
+3.32714e+04 -4.91962e+03 6010639 1 1.0863e+00
+3.44511e+04 -4.95082e+03 6010640 1 1.0898e+00
+3.56171e+04 -4.98074e+03 6010641 1 1.0911e+00
+3.67701e+04 -5.00934e+03 6010642 1 1.0871e+00
+3.79107e+04 -5.03661e+03 6010643 1 1.0757e+00
+3.90395e+04 -5.06254e+03 6010644 1 1.0636e+00
+4.01573e+04 -5.08711e+03 6010645 1 1.0506e+00
+4.12648e+04 -5.11032e+03 6010646 1 1.0369e+00
+4.23627e+04 -5.13215e+03 6010647 1 1.0226e+00
+4.34516e+04 -5.15263e+03 6010648 1 1.0077e+00
+4.45322e+04 -5.17177e+03 6010649 1 9.9219e-01
+4.56051e+04 -5.18959e+03 6010650 1 9.7612e-01
+4.66708e+04 -5.20612e+03 6010651 1 9.5951e-01
+7.60067e+03 -2.36826e+04 4010043 1 1.2686e+00
+2.40539e+04 -2.29371e+04 4010542 1 1.0344e+00
+3.29260e+04 -2.26282e+04 4010753 1 8.1888e-01
+2.25214e+01 -3.28309e+03 6010656 1 2.2361e-01
+1.46373e+03 -3.28441e+03 6010657 1 2.3730e-01
+2.90317e+03 -3.28803e+03 6010658 1 2.7323e-01
+4.33928e+03 -3.29390e+03 6010659 1 3.2331e-01
+5.77056e+03 -3.30195e+03 6010660 1 3.8105e-01
+7.19531e+03 -3.31213e+03 6010661 1 4.4233e-01
+8.61211e+03 -3.32432e+03 6010662 1 5.0466e-01
+1.00198e+04 -3.33833e+03 6010663 1 5.6654e-01
+1.14172e+04 -3.35398e+03 6010664 1 6.2696e-01
+1.28034e+04 -3.37112e+03 6010665 1 6.8514e-01
+1.41773e+04 -3.38956e+03 6010666 1 7.4061e-01
+1.55384e+04 -3.40909e+03 6010667 1 7.9301e-01
+1.68861e+04 -3.42952e+03 6010668 1 8.4210e-01
+1.82200e+04 -3.45067e+03 6010669 1 8.8772e-01
+1.95398e+04 -3.47236e+03 6010670 1 9.2971e-01
+2.08453e+04 -3.49439e+03 6010671 1 9.6802e-01
+2.21366e+04 -3.51662e+03 6010672 1 1.0027e+00
+2.34136e+04 -3.53889e+03 6010673 1 1.0336e+00
+2.46765e+04 -3.56106e+03 6010674 1 1.0611e+00
+2.59256e+04 -3.58300e+03 6010675 1 1.0850e+00
+2.71612e+04 -3.60461e+03 6010676 1 1.1055e+00
+2.83837e+04 -3.62577e+03 6010677 1 1.1226e+00
+2.95933e+04 -3.64641e+03 6010678 1 1.1367e+00
+3.07906e+04 -3.66646e+03 6010679 1 1.1477e+00
+3.19761e+04 -3.68584e+03 6010680 1 1.1558e+00
+3.31502e+04 -3.70450e+03 6010681 1 1.1611e+00
+3.43135e+04 -3.72241e+03 6010682 1 1.1638e+00
+3.54664e+04 -3.73954e+03 6010683 1 1.1640e+00
+3.66095e+04 -3.75585e+03 6010684 1 1.1586e+00
+3.77432e+04 -3.77137e+03 6010685 1 1.1458e+00
+3.88681e+04 -3.78608e+03 6010686 1 1.1322e+00
+3.99847e+04 -3.79998e+03 6010687 1 1.1178e+00
+4.10936e+04 -3.81306e+03 6010688 1 1.1027e+00
+4.21952e+04 -3.82533e+03 6010689 1 1.0869e+00
+4.32901e+04 -3.83679e+03 6010690 1 1.0705e+00
+4.43788e+04 -3.84747e+03 6010691 1 1.0534e+00
+4.54618e+04 -3.85737e+03 6010692 1 1.0357e+00
+4.65394e+04 -3.86652e+03 6010693 1 1.0173e+00
+3.94783e+03 -2.35197e+04 4010001 1 1.2486e+00
+2.04850e+04 -2.33957e+04 4010417 1 1.1317e+00
+2.73119e+04 -2.28479e+04 4010626 1 9.5154e-01
+2.90718e+04 -2.36289e+04 4010627 1 9.2738e-01
+6.00506e+01 -2.29457e+04 4010041 1 1.2158e+00
+2.22208e+04 -2.28493e+04 4010500 1 1.0730e+00
+2.10206e+01 -2.26545e+03 6010697 1 1.4996e-01
+1.36626e+03 -2.26605e+03 6010698 1 1.7149e-01
+2.71037e+03 -2.26773e+03 6010699 1 2.2258e-01
+4.05234e+03 -2.27045e+03 6010700 1 2.8706e-01
+5.39119e+03 -2.27419e+03 6010701 1 3.5673e-01
+6.72599e+03 -2.27891e+03 6010702 1 4.2792e-01
+8.05582e+03 -2.28454e+03 6010703 1 4.9877e-01
+9.37975e+03 -2.29104e+03 6010704 1 5.6816e-01
+1.06970e+04 -2.29833e+03 6010705 1 6.3536e-01
+1.20069e+04 -2.30631e+03 6010706 1 6.9987e-01
+1.33090e+04 -2.31492e+03 6010707 1 7.6133e-01
+1.46027e+04 -2.32405e+03 6010708 1 8.1944e-01
+1.58875e+04 -2.33362e+03 6010709 1 8.7399e-01
+1.71633e+04 -2.34355e+03 6010710 1 9.2483e-01
+1.84296e+04 -2.35375e+03 6010711 1 9.7182e-01
+1.96864e+04 -2.36413e+03 6010712 1 1.0149e+00
+2.09336e+04 -2.37462e+03 6010713 1 1.0541e+00
+2.21711e+04 -2.38516e+03 6010714 1 1.0894e+00
+2.33991e+04 -2.39566e+03 6010715 1 1.1208e+00
+2.46175e+04 -2.40607e+03 6010716 1 1.1485e+00
+2.58267e+04 -2.41634e+03 6010717 1 1.1724e+00
+2.70267e+04 -2.42641e+03 6010718 1 1.1928e+00
+2.82179e+04 -2.43625e+03 6010719 1 1.2096e+00
+2.94005e+04 -2.44581e+03 6010720 1 1.2231e+00
+3.05747e+04 -2.45506e+03 6010721 1 1.2335e+00
+3.17410e+04 -2.46399e+03 6010722 1 1.2407e+00
+3.28996e+04 -2.47256e+03 6010723 1 1.2450e+00
+3.40509e+04 -2.48076e+03 6010724 1 1.2465e+00
+3.51953e+04 -2.48858e+03 6010725 1 1.2455e+00
+3.63330e+04 -2.49600e+03 6010726 1 1.2419e+00
+3.74645e+04 -2.50303e+03 6010727 1 1.2324e+00
+3.85902e+04 -2.50968e+03 6010728 1 1.2168e+00
+3.97102e+04 -2.51593e+03 6010729 1 1.2005e+00
+4.08251e+04 -2.52180e+03 6010730 1 1.1833e+00
+4.19352e+04 -2.52729e+03 6010731 1 1.1654e+00
+4.30407e+04 -2.53240e+03 6010732 1 1.1467e+00
+4.41422e+04 -2.53714e+03 6010733 1 1.1273e+00
+4.52398e+04 -2.54152e+03 6010734 1 1.1072e+00
+4.63339e+04 -2.54555e+03 6010735 1 1.0863e+00
+3.01275e+04 -2.23819e+04 4010710 1 8.7989e-01
+3.17220e+04 -2.30576e+04 4010711 1 8.4611e-01
+2.51226e+04 -2.12080e+04 4010666 1 9.5894e-01
+2.87692e+04 -2.26626e+04 4010668 1 9.0892e-01
+1.94590e+01 -1.17072e+03 6010738 1 6.9154e-02
+1.26481e+03 -1.17088e+03 6010739 1 1.1113e-01
+2.50964e+03 -1.17132e+03 6010740 1 1.8547e-01
+3.75345e+03 -1.17205e+03 6010741 1 2.6545e-01
+4.99576e+03 -1.17305e+03 6010742 1 3.4614e-01
+6.23613e+03 -1.17432e+03 6010743 1 4.2594e-01
+7.47411e+03 -1.17584e+03 6010744 1 5.0407e-01
+8.70929e+03 -1.17759e+03 6010745 1 5.7999e-01
+9.94131e+03 -1.17955e+03 6010746 1 6.5326e-01
+1.11698e+04 -1.18171e+03 6010747 1 7.2356e-01
+1.23945e+04 -1.18403e+03 6010748 1 7.9059e-01
+1.36151e+04 -1.18651e+03 6010749 1 8.5410e-01
+1.48314e+04 -1.18911e+03 6010750 1 9.1392e-01
+1.60431e+04 -1.19181e+03 6010751 1 9.6987e-01
+1.72503e+04 -1.19459e+03 6010752 1 1.0218e+00
+1.84526e+04 -1.19744e+03 6010753 1 1.0697e+00
+1.96501e+04 -1.20031e+03 6010754 1 1.1135e+00
+2.08428e+04 -1.20321e+03 6010755 1 1.1532e+00
+2.20306e+04 -1.20610e+03 6010756 1 1.1889e+00
+2.32135e+04 -1.20898e+03 6010757 1 1.2204e+00
+2.43917e+04 -1.21182e+03 6010758 1 1.2480e+00
+2.55652e+04 -1.21461e+03 6010759 1 1.2717e+00
+2.67341e+04 -1.21734e+03 6010760 1 1.2916e+00
+2.78985e+04 -1.22000e+03 6010761 1 1.3079e+00
+2.90585e+04 -1.22258e+03 6010762 1 1.3205e+00
+3.02144e+04 -1.22507e+03 6010763 1 1.3298e+00
+3.13663e+04 -1.22747e+03 6010764 1 1.3359e+00
+3.25142e+04 -1.22976e+03 6010765 1 1.3388e+00
+3.36585e+04 -1.23195e+03 6010766 1 1.3388e+00
+3.47993e+04 -1.23404e+03 6010767 1 1.3360e+00
+3.59368e+04 -1.23601e+03 6010768 1 1.3305e+00
+3.70712e+04 -1.23787e+03 6010769 1 1.3226e+00
+3.82026e+04 -1.23963e+03 6010770 1 1.3124e+00
+3.93312e+04 -1.24127e+03 6010771 1 1.3000e+00
+4.04573e+04 -1.24280e+03 6010772 1 1.2856e+00
+4.15810e+04 -1.24423e+03 6010773 1 1.2693e+00
+4.27024e+04 -1.24555e+03 6010774 1 1.2513e+00
+4.38218e+04 -1.24677e+03 6010775 1 1.2317e+00
+4.49394e+04 -1.24789e+03 6010776 1 1.2106e+00
+4.60552e+04 -1.24892e+03 6010777 1 1.1882e+00
+3.32379e+04 -2.37244e+04 4010712 1 8.2469e-01
+3.04401e+04 -2.33918e+04 4010669 1 8.8749e-01
+6.10175e+01 -2.33132e+04 4010000 1 1.2319e+00
