+3.43147e+01 -3.27237e+04 4010000 1 6.5405e-01
+2.22853e+03 -3.27824e+04 4010001 1 6.5780e-01
+4.40766e+03 -3.29429e+04 4010002 1 6.6996e-01
+6.55745e+03 -3.32054e+04 4010003 1 6.8757e-01
+8.66497e+03 -3.35644e+04 4010004 1 7.0777e-01
+1.07190e+04 -3.40129e+04 4010005 1 7.2783e-01
+1.27102e+04 -3.45424e+04 4010006 1 7.4560e-01
+1.46316e+04 -3.51436e+04 4010007 1 7.5956e-01
+1.64786e+04 -3.58068e+04 4010008 1 7.6856e-01
+1.82480e+04 -3.65224e+04 4010009 1 7.7189e-01
+1.99390e+04 -3.72806e+04 4010010 1 7.6913e-01
+2.15518e+04 -3.80727e+04 4010011 1 7.6135e-01
+2.30883e+04 -3.88901e+04 4010012 1 7.4708e-01
+2.45514e+04 -3.97246e+04 4010013 1 7.2912e-01
+2.59439e+04 -4.05698e+04 4010014 1 7.0690e-01
+2.72707e+04 -4.14188e+04 4010015 1 6.7891e-01
+2.85363e+04 -4.22659e+04 4010016 1 6.5299e-01
+2.97437e+04 -4.31069e+04 4010017 1 6.2042e-01
+3.09011e+04 -4.39359e+04 4010018 1 5.8503e-01
+3.20082e+04 -4.47513e+04 4010019 1 5.5599e-01
+3.30755e+04 -4.55474e+04 4010020 1 5.2146e-01
+3.41019e+04 -4.63239e+04 4010021 1 4.9032e-01
+3.50965e+04 -4.70765e+04 4010022 1 4.6321e-01
+3.60613e+04 -4.78043e+04 4010023 1 4.3026e-01
+3.69993e+04 -4.85060e+04 4010024 1 4.1110e-01
+1.59969e+04 -4.71981e+04 2010254 1 8.9764e-01
+1.76818e+04 -4.76339e+04 2010296 1 8.8583e-01
+1.42136e+04 -4.67549e+04 2010212 1 8.9550e-01
+1.30225e+04 -4.27515e+04 2010375 1 8.8736e-01
+1.66840e+04 -4.32045e+04 2010459 1 8.9025e-01
+1.49704e+04 -4.14184e+04 2010499 1 8.7579e-01
+1.67537e+04 -4.15640e+04 2010541 1 8.7032e-01
+1.84502e+04 -4.16906e+04 2010583 1 8.5649e-01
+2.00681e+04 -4.17829e+04 2010625 1 8.3559e-01
+2.44976e+04 -4.27713e+04 2010710 1 7.5499e-01
+2.16163e+04 -4.18292e+04 2010667 1 8.1005e-01
+2.71573e+04 -4.35935e+04 2010753 1 6.9092e-01
+3.07748e+04 -4.51215e+04 2010797 1 5.8898e-01
+2.96454e+04 -4.42607e+04 2010796 1 6.2104e-01
+3.40207e+01 -3.20707e+04 4010041 1 6.4536e-01
+2.20954e+03 -3.21261e+04 4010042 1 6.4884e-01
+4.37095e+03 -3.22773e+04 4010043 1 6.6001e-01
+6.50491e+03 -3.25248e+04 4010044 1 6.7615e-01
+8.59923e+03 -3.28637e+04 4010045 1 6.9469e-01
+1.06433e+04 -3.32873e+04 4010046 1 7.1333e-01
+1.26282e+04 -3.37881e+04 4010047 1 7.3001e-01
+1.45472e+04 -3.43574e+04 4010048 1 7.4351e-01
+1.63958e+04 -3.49862e+04 4010049 1 7.5207e-01
+1.81706e+04 -3.56655e+04 4010050 1 7.5609e-01
+1.98707e+04 -3.63865e+04 4010051 1 7.5394e-01
+2.14962e+04 -3.71406e+04 4010052 1 7.4728e-01
+2.30483e+04 -3.79200e+04 4010053 1 7.3523e-01
+2.45297e+04 -3.87170e+04 4010054 1 7.1731e-01
+2.59432e+04 -3.95251e+04 4010055 1 6.9816e-01
+2.72924e+04 -4.03382e+04 4010056 1 6.7309e-01
+2.85824e+04 -4.11504e+04 4010057 1 6.4711e-01
+2.98152e+04 -4.19580e+04 4010058 1 6.1811e-01
+3.09981e+04 -4.27553e+04 4010059 1 5.8222e-01
+3.21327e+04 -4.35401e+04 4010060 1 5.5689e-01
+3.32265e+04 -4.43077e+04 4010061 1 5.1817e-01
+3.42800e+04 -4.50571e+04 4010062 1 4.9388e-01
+3.53013e+04 -4.57844e+04 4010063 1 4.6629e-01
+3.62918e+04 -4.64888e+04 4010064 1 4.3410e-01
+3.72553e+04 -4.71686e+04 4010065 1 4.1433e-01
+3.81974e+04 -4.78222e+04 4010066 1 3.9599e-01
+3.91201e+04 -4.84486e+04 4010067 1 3.7863e-01
+1.52065e+03 -4.79338e+04 10739 1 5.8356e-01
+1.44288e+04 -4.60220e+04 2010253 1 9.0145e-01
+5.00822e+03 -4.77613e+04 10782 1 6.5142e-01
+1.92795e+04 -4.80368e+04 2010338 1 8.6575e-01
+1.25447e+04 -4.56410e+04 2010211 1 8.8651e-01
+1.08673e+04 -4.39501e+04 2010251 1 8.6741e-01
+1.09686e+04 -4.32572e+04 2010292 1 8.6908e-01
+1.27181e+04 -4.49315e+04 2010252 1 8.9125e-01
+1.30683e+04 -4.20141e+04 2010416 1 8.8045e-01
+1.10409e+04 -4.25596e+04 2010333 1 8.6704e-01
+1.30979e+04 -4.05310e+04 2010498 1 8.6051e-01
+2.00395e+04 -4.26872e+04 2010584 1 8.4533e-01
+1.49743e+04 -4.06363e+04 2010540 1 8.6415e-01
+1.30873e+04 -3.97864e+04 2010539 1 8.4828e-01
+2.00760e+04 -4.08791e+04 2010666 1 8.2403e-01
+2.31034e+04 -4.18211e+04 2010709 1 7.8034e-01
+2.84651e+04 -4.33863e+04 2010795 1 6.5675e-01
+3.37200e+01 -3.14119e+04 4010082 1 6.3653e-01
+2.19011e+03 -3.14642e+04 4010083 1 6.3966e-01
+4.33332e+03 -3.16065e+04 4010084 1 6.4976e-01
+6.45082e+03 -3.18397e+04 4010085 1 6.6448e-01
+8.53116e+03 -3.21592e+04 4010086 1 6.8160e-01
+1.05643e+04 -3.25590e+04 4010087 1 6.9887e-01
+1.25416e+04 -3.30321e+04 4010088 1 7.1456e-01
+1.44570e+04 -3.35704e+04 4010089 1 7.2732e-01
+1.63055e+04 -3.41659e+04 4010090 1 7.3595e-01
+1.80842e+04 -3.48100e+04 4010091 1 7.3980e-01
+1.97916e+04 -3.54946e+04 4010092 1 7.3884e-01
+2.14276e+04 -3.62116e+04 4010093 1 7.3230e-01
+2.29935e+04 -3.69537e+04 4010094 1 7.2235e-01
+2.44910e+04 -3.77138e+04 4010095 1 7.0643e-01
+2.59234e+04 -3.84852e+04 4010096 1 6.8805e-01
+2.72931e+04 -3.92627e+04 4010097 1 6.6593e-01
+2.86051e+04 -4.00405e+04 4010098 1 6.3773e-01
+2.98617e+04 -4.08145e+04 4010099 1 6.1446e-01
+3.10684e+04 -4.15802e+04 4010100 1 5.8111e-01
+3.22284e+04 -4.23343e+04 4010101 1 5.5659e-01
+3.33469e+04 -4.30732e+04 4010102 1 5.1987e-01
+3.44262e+04 -4.37953e+04 4010103 1 4.9623e-01
+3.54726e+04 -4.44970e+04 4010104 1 4.6858e-01
+3.64876e+04 -4.51776e+04 4010105 1 4.3742e-01
+3.74754e+04 -4.58351e+04 4010106 1 4.1711e-01
+3.84409e+04 -4.64680e+04 4010107 1 3.9791e-01
+3.93860e+04 -4.70756e+04 4010108 1 3.7997e-01
+4.03134e+04 -4.76573e+04 4010109 1 3.5974e-01
+4.12259e+04 -4.82125e+04 4010110 1 3.4989e-01
+4.21270e+04 -4.87406e+04 4010111 1 3.4190e-01
+2.08023e+04 -4.83882e+04 2010380 1 8.3686e-01
+1.07320e+04 -4.46372e+04 2010210 1 8.6271e-01
+8.88519e+03 -4.31026e+04 2010250 1 8.3164e-01
+6.78668e+03 -4.24124e+04 2010249 1 7.8807e-01
+1.84557e+04 -4.08270e+04 2010624 1 8.4454e-01
+2.58817e+04 -4.26722e+04 2010752 1 7.1986e-01
+2.45370e+04 -4.17523e+04 2010751 1 7.4804e-01
+2.72264e+04 -4.25040e+04 2010794 1 6.8323e-01
+3.34139e+01 -3.07472e+04 4010123 1 6.2730e-01
+2.17032e+03 -3.07965e+04 4010124 1 6.3019e-01
+4.29490e+03 -3.09304e+04 4010125 1 6.3945e-01
+6.39543e+03 -3.11498e+04 4010126 1 6.5292e-01
+8.46111e+03 -3.14507e+04 4010127 1 6.6852e-01
+1.04824e+04 -3.18276e+04 4010128 1 6.8444e-01
+1.24512e+04 -3.22740e+04 4010129 1 6.9919e-01
+1.43616e+04 -3.27825e+04 4010130 1 7.1127e-01
+1.62087e+04 -3.33456e+04 4010131 1 7.1965e-01
+1.79894e+04 -3.39557e+04 4010132 1 7.2359e-01
+1.97025e+04 -3.46048e+04 4010133 1 7.2322e-01
+2.13473e+04 -3.52857e+04 4010134 1 7.1790e-01
+2.29250e+04 -3.59912e+04 4010135 1 7.0861e-01
+2.44369e+04 -3.67149e+04 4010136 1 6.9487e-01
+2.58859e+04 -3.74504e+04 4010137 1 6.7639e-01
+2.72744e+04 -3.81926e+04 4010138 1 6.5752e-01
+2.86061e+04 -3.89363e+04 4010139 1 6.3205e-01
+2.98848e+04 -3.96769e+04 4010140 1 6.0949e-01
+3.11135e+04 -4.04110e+04 4010141 1 5.7884e-01
+3.22973e+04 -4.11344e+04 4010142 1 5.5514e-01
+3.34388e+04 -4.18447e+04 4010143 1 5.2053e-01
+3.45423e+04 -4.25392e+04 4010144 1 4.9746e-01
+3.56124e+04 -4.32150e+04 4010145 1 4.6972e-01
+3.66505e+04 -4.38715e+04 4010146 1 4.4023e-01
+3.76614e+04 -4.45064e+04 4010147 1 4.1945e-01
+3.86492e+04 -4.51183e+04 4010148 1 3.9955e-01
+3.96158e+04 -4.57064e+04 4010149 1 3.8095e-01
+4.05637e+04 -4.62703e+04 4010150 1 3.6044e-01
+4.14958e+04 -4.68093e+04 4010151 1 3.5008e-01
+4.24153e+04 -4.73227e+04 4010152 1 3.4087e-01
+4.33246e+04 -4.78104e+04 4010153 1 3.3399e-01
+4.42251e+04 -4.82726e+04 4010154 1 3.2928e-01
+4.51190e+04 -4.87094e+04 4010155 1 3.2557e-01
+1.23250e+04 -4.63372e+04 2010170 1 8.7814e-01
+8.95886e+03 -4.24338e+04 2010291 1 8.3328e-01
+1.10886e+04 -4.18585e+04 2010374 1 8.6246e-01
+1.11153e+04 -4.11546e+04 2010415 1 8.5517e-01
+1.30924e+04 -4.12737e+04 2010457 1 8.7103e-01
+1.67577e+04 -4.07412e+04 2010582 1 8.5830e-01
+1.49614e+04 -3.98530e+04 2010581 1 8.5097e-01
+1.67442e+04 -3.99180e+04 2010623 1 8.4468e-01
+1.84430e+04 -3.99638e+04 2010665 1 8.3094e-01
+2.16273e+04 -4.08864e+04 2010708 1 7.9920e-01
+3.31033e+01 -3.00764e+04 4010164 1 6.1804e-01
+2.15023e+03 -3.01228e+04 4010165 1 6.2066e-01
+4.25585e+03 -3.02485e+04 4010166 1 6.2899e-01
+6.33894e+03 -3.04548e+04 4010167 1 6.4115e-01
+8.38934e+03 -3.07379e+04 4010168 1 6.5543e-01
+1.03980e+04 -3.10928e+04 4010169 1 6.7014e-01
+1.23574e+04 -3.15135e+04 4010170 1 6.8395e-01
+1.42616e+04 -3.19933e+04 4010171 1 6.9533e-01
+1.61060e+04 -3.25252e+04 4010172 1 7.0322e-01
+1.78874e+04 -3.31022e+04 4010173 1 7.0753e-01
+1.96045e+04 -3.37169e+04 4010174 1 7.0714e-01
+2.12564e+04 -3.43625e+04 4010175 1 7.0316e-01
+2.28439e+04 -3.50324e+04 4010176 1 6.9420e-01
+2.43685e+04 -3.57203e+04 4010177 1 6.8248e-01
+2.58320e+04 -3.64207e+04 4010178 1 6.6558e-01
+2.72376e+04 -3.71279e+04 4010179 1 6.4799e-01
+2.85874e+04 -3.78379e+04 4010180 1 6.2528e-01
+2.98862e+04 -3.85455e+04 4010181 1 6.0335e-01
+3.11353e+04 -3.92481e+04 4010182 1 5.7548e-01
+3.23410e+04 -3.99409e+04 4010183 1 5.5254e-01
+3.35040e+04 -4.06224e+04 4010184 1 5.2017e-01
+3.46300e+04 -4.12893e+04 4010185 1 4.9771e-01
+3.57224e+04 -4.19391e+04 4010186 1 4.6998e-01
+3.67823e+04 -4.25713e+04 4010187 1 4.4234e-01
+3.78152e+04 -4.31832e+04 4010188 1 4.2148e-01
+3.88241e+04 -4.37737e+04 4010189 1 4.0104e-01
+3.98113e+04 -4.43420e+04 4010190 1 3.8173e-01
+4.07787e+04 -4.48876e+04 4010191 1 3.6133e-01
+4.17299e+04 -4.54098e+04 4010192 1 3.5007e-01
+4.26673e+04 -4.59079e+04 4010193 1 3.4029e-01
+4.35933e+04 -4.63818e+04 4010194 1 3.3213e-01
+4.45095e+04 -4.68314e+04 4010195 1 3.2596e-01
+4.54179e+04 -4.72570e+04 4010196 1 3.2166e-01
+4.63202e+04 -4.76587e+04 4010197 1 3.1852e-01
+8.78330e+03 -4.37691e+04 2010209 1 8.2643e-01
+9.00880e+03 -4.17631e+04 2010332 1 8.3190e-01
+1.11173e+04 -3.97403e+04 2010497 1 8.3591e-01
+2.00652e+04 -3.99765e+04 2010707 1 8.1086e-01
+2.16189e+04 -3.99458e+04 2010749 1 7.8668e-01
+2.59240e+04 -4.16190e+04 2010793 1 7.1414e-01
+3.27890e+01 -2.93993e+04 4010205 1 6.0836e-01
+2.12989e+03 -2.94429e+04 4010206 1 6.1077e-01
+4.21624e+03 -2.95609e+04 4010207 1 6.1838e-01
+6.28150e+03 -2.97546e+04 4010208 1 6.2946e-01
+8.31610e+03 -3.00206e+04 4010209 1 6.4251e-01
+1.03115e+04 -3.03544e+04 4010210 1 6.5593e-01
+1.22605e+04 -3.07505e+04 4010211 1 6.6885e-01
+1.41575e+04 -3.12025e+04 4010212 1 6.7944e-01
+1.59979e+04 -3.17044e+04 4010213 1 6.8721e-01
+1.77787e+04 -3.22492e+04 4010214 1 6.9126e-01
+1.94981e+04 -3.28306e+04 4010215 1 6.9165e-01
+2.11556e+04 -3.34419e+04 4010216 1 6.8788e-01
+2.27513e+04 -3.40770e+04 4010217 1 6.8048e-01
+2.42868e+04 -3.47300e+04 4010218 1 6.6928e-01
+2.57632e+04 -3.53957e+04 4010219 1 6.5462e-01
+2.71839e+04 -3.60687e+04 4010220 1 6.3728e-01
+2.85503e+04 -3.67453e+04 4010221 1 6.1757e-01
+2.98672e+04 -3.74203e+04 4010222 1 5.9564e-01
+3.11351e+04 -3.80916e+04 4010223 1 5.7112e-01
+3.23609e+04 -3.87540e+04 4010224 1 5.4873e-01
+3.35439e+04 -3.94069e+04 4010225 1 5.1884e-01
+3.46910e+04 -4.00460e+04 4010226 1 4.9709e-01
+3.58041e+04 -4.06698e+04 4010227 1 4.6904e-01
+3.68847e+04 -4.12774e+04 4010228 1 4.4373e-01
+3.79383e+04 -4.18661e+04 4010229 1 4.2295e-01
+3.89673e+04 -4.24349e+04 4010230 1 4.0245e-01
+3.99741e+04 -4.29830e+04 4010231 1 3.8233e-01
+4.09603e+04 -4.35100e+04 4010232 1 3.6231e-01
+4.19297e+04 -4.40148e+04 4010233 1 3.5012e-01
+4.28844e+04 -4.44970e+04 4010234 1 3.3976e-01
+4.38266e+04 -4.49565e+04 4010235 1 3.3059e-01
+4.47582e+04 -4.53931e+04 4010236 1 3.2370e-01
+4.56807e+04 -4.58068e+04 4010237 1 3.1800e-01
+4.65961e+04 -4.61979e+04 4010238 1 3.1391e-01
+9.05182e+03 -4.04166e+04 2010414 1 8.2152e-01
+1.11240e+04 -4.04484e+04 2010456 1 8.4638e-01
+2.31177e+04 -4.08408e+04 2010750 1 7.7038e-01
+2.45543e+04 -4.07365e+04 2010792 1 7.3937e-01
+2.31120e+04 -3.98637e+04 2010791 1 7.5891e-01
+3.24716e+01 -2.87156e+04 4010246 1 5.9876e-01
+2.10935e+03 -2.87565e+04 4010247 1 6.0095e-01
+4.17618e+03 -2.88671e+04 4010248 1 6.0776e-01
+6.22325e+03 -2.90489e+04 4010249 1 6.1770e-01
+8.24156e+03 -2.92986e+04 4010250 1 6.2951e-01
+1.02230e+04 -2.96122e+04 4010251 1 6.4197e-01
+1.21609e+04 -2.99845e+04 4010252 1 6.5392e-01
+1.40498e+04 -3.04099e+04 4010253 1 6.6383e-01
+1.58850e+04 -3.08827e+04 4010254 1 6.7116e-01
+1.76639e+04 -3.13967e+04 4010255 1 6.7512e-01
+1.93844e+04 -3.19456e+04 4010256 1 6.7598e-01
+2.10458e+04 -3.25236e+04 4010257 1 6.7230e-01
+2.26482e+04 -3.31248e+04 4010258 1 6.6627e-01
+2.41927e+04 -3.37438e+04 4010259 1 6.5525e-01
+2.56806e+04 -3.43755e+04 4010260 1 6.4299e-01
+2.71143e+04 -3.50150e+04 4010261 1 6.2517e-01
+2.84958e+04 -3.56585e+04 4010262 1 6.0890e-01
+2.98287e+04 -3.63016e+04 4010263 1 5.8499e-01
+3.11143e+04 -3.69416e+04 4010264 1 5.6590e-01
+3.23585e+04 -3.75739e+04 4010265 1 5.4243e-01
+3.35601e+04 -3.81981e+04 4010266 1 5.1666e-01
+3.47267e+04 -3.88096e+04 4010267 1 4.9558e-01
+3.58591e+04 -3.94073e+04 4010268 1 4.6631e-01
+3.69592e+04 -3.99902e+04 4010269 1 4.4455e-01
+3.80323e+04 -4.05555e+04 4010270 1 4.2388e-01
+3.90803e+04 -4.11024e+04 4010271 1 4.0346e-01
+4.01057e+04 -4.16300e+04 4010272 1 3.8289e-01
+4.11098e+04 -4.21379e+04 4010273 1 3.6336e-01
+4.20966e+04 -4.26250e+04 4010274 1 3.5033e-01
+4.30680e+04 -4.30909e+04 4010275 1 3.3937e-01
+4.40259e+04 -4.35354e+04 4010276 1 3.2964e-01
+4.49723e+04 -4.39584e+04 4010277 1 3.2179e-01
+4.59087e+04 -4.43598e+04 4010278 1 3.1544e-01
+4.68369e+04 -4.47397e+04 4010279 1 3.1019e-01
+5.46469e+03 -4.70456e+04 10823 1 6.8704e-01
+1.62092e+04 -4.64223e+04 2010295 1 9.0206e-01
+9.03878e+03 -4.10906e+04 2010373 1 8.2775e-01
+9.05059e+03 -3.97409e+04 2010455 1 8.1353e-01
+1.49337e+04 -3.90689e+04 2010622 1 8.3713e-01
+1.67153e+04 -3.90948e+04 2010664 1 8.3073e-01
+1.84142e+04 -3.91015e+04 2010706 1 8.1742e-01
+1.83711e+04 -3.82403e+04 2010747 1 8.0286e-01
+3.21514e+01 -2.80252e+04 4010287 1 5.8868e-01
+2.08862e+03 -2.80636e+04 4010288 1 5.9068e-01
+4.13570e+03 -2.81672e+04 4010289 1 5.9687e-01
+6.16428e+03 -2.83374e+04 4010290 1 6.0592e-01
+8.16586e+03 -2.85716e+04 4010291 1 6.1669e-01
+1.01328e+04 -2.88658e+04 4010292 1 6.2819e-01
+1.20589e+04 -2.92153e+04 4010293 1 6.3913e-01
+1.39387e+04 -2.96152e+04 4010294 1 6.4837e-01
+1.57677e+04 -3.00600e+04 4010295 1 6.5522e-01
+1.75435e+04 -3.05440e+04 4010296 1 6.5932e-01
+1.92637e+04 -3.10616e+04 4010297 1 6.6005e-01
+2.09276e+04 -3.16073e+04 4010298 1 6.5750e-01
+2.25353e+04 -3.21754e+04 4010299 1 6.5168e-01
+2.40872e+04 -3.27613e+04 4010300 1 6.4247e-01
+2.55850e+04 -3.33596e+04 4010301 1 6.3069e-01
+2.70300e+04 -3.39665e+04 4010302 1 6.1505e-01
+2.84251e+04 -3.45774e+04 4010303 1 5.9942e-01
+2.97721e+04 -3.51891e+04 4010304 1 5.7805e-01
+3.10741e+04 -3.57980e+04 4010305 1 5.5982e-01
+3.23345e+04 -3.64009e+04 4010306 1 5.3278e-01
+3.35539e+04 -3.69963e+04 4010307 1 5.1375e-01
+3.47385e+04 -3.75803e+04 4010308 1 4.9316e-01
+3.58886e+04 -3.81521e+04 4010309 1 4.6340e-01
+3.70072e+04 -3.87100e+04 4010310 1 4.4473e-01
+3.80986e+04 -3.92517e+04 4010311 1 4.2440e-01
+3.91646e+04 -3.97764e+04 4010312 1 4.0407e-01
+4.02075e+04 -4.02833e+04 4010313 1 3.8310e-01
+4.12287e+04 -4.07719e+04 4010314 1 3.6451e-01
+4.22321e+04 -4.12409e+04 4010315 1 3.5079e-01
+4.32195e+04 -4.16900e+04 4010316 1 3.3923e-01
+4.41925e+04 -4.21191e+04 4010317 1 3.2904e-01
+4.51533e+04 -4.25279e+04 4010318 1 3.2016e-01
+4.61032e+04 -4.29165e+04 4010319 1 3.1333e-01
+3.70475e+03 -4.65584e+04 10822 1 6.5545e-01
+1.10975e+04 -3.90305e+04 2010538 1 8.2429e-01
+1.30626e+04 -3.90406e+04 2010580 1 8.3519e-01
+2.00375e+04 -3.90758e+04 2010748 1 7.9797e-01
+2.15931e+04 -3.90078e+04 2010790 1 7.7444e-01
+3.18288e+01 -2.73279e+04 4010328 1 5.7869e-01
+2.06772e+03 -2.73639e+04 4010329 1 5.8051e-01
+4.09485e+03 -2.74607e+04 4010330 1 5.8612e-01
+6.10465e+03 -2.76200e+04 4010331 1 5.9421e-01
+8.08910e+03 -2.78392e+04 4010332 1 6.0384e-01
+1.00411e+04 -2.81149e+04 4010333 1 6.1446e-01
+1.19546e+04 -2.84426e+04 4010334 1 6.2453e-01
+1.38244e+04 -2.88179e+04 4010335 1 6.3307e-01
+1.56464e+04 -2.92358e+04 4010336 1 6.3965e-01
+1.74179e+04 -2.96909e+04 4010337 1 6.4353e-01
+1.91365e+04 -3.01783e+04 4010338 1 6.4438e-01
+2.08018e+04 -3.06925e+04 4010339 1 6.4248e-01
+2.24130e+04 -3.12287e+04 4010340 1 6.3666e-01
+2.39710e+04 -3.17821e+04 4010341 1 6.2928e-01
+2.54770e+04 -3.23481e+04 4010342 1 6.1772e-01
+2.69320e+04 -3.29227e+04 4010343 1 6.0440e-01
+2.83390e+04 -3.35018e+04 4010344 1 5.8916e-01
+2.96989e+04 -3.40825e+04 4010345 1 5.7047e-01
+3.10155e+04 -3.46609e+04 4010346 1 5.5305e-01
+3.22906e+04 -3.52346e+04 4010347 1 5.2826e-01
+3.35263e+04 -3.58014e+04 4010348 1 5.1011e-01
+3.47276e+04 -3.63580e+04 4010349 1 4.8989e-01
+3.58940e+04 -3.69039e+04 4010350 1 4.6237e-01
+3.70299e+04 -3.74369e+04 4010351 1 4.4437e-01
+3.81385e+04 -3.79550e+04 4010352 1 4.2449e-01
+3.92213e+04 -3.84574e+04 4010353 1 4.0436e-01
+4.02807e+04 -3.89434e+04 4010354 1 3.8268e-01
+4.13183e+04 -3.94122e+04 4010355 1 3.6560e-01
+4.23374e+04 -3.98629e+04 4010356 1 3.5168e-01
+4.33401e+04 -4.02949e+04 4010357 1 3.3942e-01
+4.43277e+04 -4.07081e+04 4010358 1 3.2879e-01
+4.53023e+04 -4.11023e+04 4010359 1 3.1930e-01
+4.62654e+04 -4.14775e+04 4010360 1 3.1160e-01
+1.03316e+04 -4.59862e+04 2010128 1 8.4757e-01
+8.47134e+03 -4.50936e+04 2010127 1 8.1205e-01
+1.05560e+04 -4.53166e+04 2010169 1 8.5529e-01
+6.83728e+03 -4.17641e+04 2010290 1 7.9091e-01
+6.86975e+03 -4.11161e+04 2010331 1 7.9063e-01
+6.88702e+03 -4.04677e+04 2010372 1 7.8810e-01
+9.03718e+03 -3.90635e+04 2010496 1 8.0432e-01
+1.30259e+04 -3.82935e+04 2010621 1 8.2133e-01
+1.48414e+04 -3.74996e+04 2010704 1 8.0704e-01
+1.83153e+04 -3.73806e+04 2010788 1 7.8737e-01
+3.15039e+01 -2.66234e+04 4010369 1 5.6835e-01
+2.04668e+03 -2.66571e+04 4010370 1 5.6998e-01
+4.05366e+03 -2.67475e+04 4010371 1 5.7498e-01
+6.04440e+03 -2.68964e+04 4010372 1 5.8230e-01
+8.01134e+03 -2.71015e+04 4010373 1 5.9107e-01
+9.94784e+03 -2.73593e+04 4010374 1 6.0091e-01
+1.18482e+04 -2.76661e+04 4010375 1 6.1010e-01
+1.37073e+04 -2.80178e+04 4010376 1 6.1803e-01
+1.55213e+04 -2.84097e+04 4010377 1 6.2420e-01
+1.72874e+04 -2.88371e+04 4010378 1 6.2786e-01
+1.90034e+04 -2.92951e+04 4010379 1 6.2907e-01
+2.06685e+04 -2.97790e+04 4010380 1 6.2731e-01
+2.22821e+04 -3.02841e+04 4010381 1 6.2259e-01
+2.38448e+04 -3.08059e+04 4010382 1 6.1560e-01
+2.53574e+04 -3.13404e+04 4010383 1 6.0477e-01
+2.68212e+04 -3.18834e+04 4010384 1 5.9328e-01
+2.82382e+04 -3.24314e+04 4010385 1 5.7774e-01
+2.96097e+04 -3.29815e+04 4010386 1 5.6221e-01
+3.09393e+04 -3.35299e+04 4010387 1 5.4556e-01
+3.22278e+04 -3.40748e+04 4010388 1 5.2314e-01
+3.34785e+04 -3.46133e+04 4010389 1 5.0590e-01
+3.46950e+04 -3.51428e+04 4010390 1 4.8573e-01
+3.58767e+04 -3.56629e+04 4010391 1 4.6078e-01
+3.70285e+04 -3.61710e+04 4010392 1 4.4353e-01
+3.81531e+04 -3.66654e+04 4010393 1 4.2412e-01
+3.92517e+04 -3.71454e+04 4010394 1 4.0424e-01
+4.03266e+04 -3.76103e+04 4010395 1 3.8156e-01
+4.13797e+04 -3.80592e+04 4010396 1 3.6659e-01
+4.24138e+04 -3.84912e+04 4010397 1 3.5265e-01
+4.34311e+04 -3.89058e+04 4010398 1 3.3997e-01
+4.44327e+04 -3.93028e+04 4010399 1 3.2885e-01
+4.54205e+04 -3.96820e+04 4010400 1 3.1897e-01
+4.63962e+04 -4.00433e+04 4010401 1 3.1041e-01
+6.71430e+03 -4.30615e+04 2010208 1 7.8236e-01
+1.10664e+04 -3.83191e+04 2010579 1 8.1187e-01
+1.48932e+04 -3.82844e+04 2010663 1 8.2250e-01
+1.29786e+04 -3.75455e+04 2010662 1 8.0666e-01
+1.09766e+04 -3.68913e+04 2010661 1 7.8504e-01
+1.66183e+04 -3.74496e+04 2010746 1 8.0019e-01
+1.47797e+04 -3.67145e+04 2010745 1 7.9162e-01
+3.11767e+01 -2.59117e+04 4010410 1 5.5790e-01
+2.02548e+03 -2.59432e+04 4010411 1 5.5941e-01
+4.01213e+03 -2.60275e+04 4010412 1 5.6395e-01
+5.98356e+03 -2.61664e+04 4010413 1 5.7055e-01
+7.93263e+03 -2.63578e+04 4010414 1 5.7855e-01
+9.85321e+03 -2.65986e+04 4010415 1 5.8740e-01
+1.17398e+04 -2.68854e+04 4010416 1 5.9582e-01
+1.35874e+04 -2.72145e+04 4010417 1 6.0321e-01
+1.53926e+04 -2.75814e+04 4010418 1 6.0891e-01
+1.71523e+04 -2.79821e+04 4010419 1 6.1265e-01
+1.88646e+04 -2.84118e+04 4010420 1 6.1376e-01
+2.05283e+04 -2.88663e+04 4010421 1 6.1227e-01
+2.21431e+04 -2.93413e+04 4010422 1 6.0844e-01
+2.37091e+04 -2.98324e+04 4010423 1 6.0159e-01
+2.52268e+04 -3.03361e+04 4010424 1 5.9272e-01
+2.66979e+04 -3.08483e+04 4010425 1 5.8171e-01
+2.81234e+04 -3.13660e+04 4010426 1 5.6689e-01
+2.95054e+04 -3.18859e+04 4010427 1 5.5347e-01
+3.08465e+04 -3.24048e+04 4010428 1 5.3711e-01
+3.21471e+04 -3.29213e+04 4010429 1 5.1753e-01
+3.34113e+04 -3.34318e+04 4010430 1 5.0119e-01
+3.46415e+04 -3.39345e+04 4010431 1 4.8039e-01
+3.58374e+04 -3.44290e+04 4010432 1 4.5874e-01
+3.70041e+04 -3.49122e+04 4010433 1 4.4226e-01
+3.81435e+04 -3.53829e+04 4010434 1 4.2341e-01
+3.92569e+04 -3.58406e+04 4010435 1 4.0380e-01
+4.03463e+04 -3.62843e+04 4010436 1 3.8247e-01
+4.14140e+04 -3.67131e+04 4010437 1 3.6761e-01
+4.24624e+04 -3.71262e+04 4010438 1 3.5368e-01
+4.34933e+04 -3.75231e+04 4010439 1 3.4084e-01
+4.45084e+04 -3.79036e+04 4010440 1 3.2935e-01
+4.55090e+04 -3.82674e+04 4010441 1 3.1913e-01
+4.64968e+04 -3.86144e+04 4010442 1 3.1001e-01
+4.43306e+03 -4.85374e+04 10741 1 6.1001e-01
+2.22616e+04 -4.86742e+04 2010422 1 8.0138e-01
+6.61572e+03 -4.37121e+04 2010167 1 7.7510e-01
+4.54694e+03 -4.25366e+04 2010207 1 7.3793e-01
+6.89157e+03 -3.98186e+04 2010413 1 7.8345e-01
+6.88541e+03 -3.91684e+04 2010454 1 7.7718e-01
+9.01350e+03 -3.83843e+04 2010537 1 7.9402e-01
+8.98107e+03 -3.77032e+04 2010578 1 7.8295e-01
+1.10256e+04 -3.76060e+04 2010620 1 7.9864e-01
+3.08471e+01 -2.51925e+04 4010451 1 5.4731e-01
+2.00412e+03 -2.52218e+04 4010452 1 5.4867e-01
+3.97026e+03 -2.53002e+04 4010453 1 5.5269e-01
+5.92211e+03 -2.54297e+04 4010454 1 5.5854e-01
+7.85299e+03 -2.56082e+04 4010455 1 5.6590e-01
+9.75720e+03 -2.58327e+04 4010456 1 5.7400e-01
+1.16294e+04 -2.61003e+04 4010457 1 5.8172e-01
+1.34648e+04 -2.64076e+04 4010458 1 5.8858e-01
+1.52603e+04 -2.67506e+04 4010459 1 5.9397e-01
+1.70127e+04 -2.71254e+04 4010460 1 5.9749e-01
+1.87203e+04 -2.75279e+04 4010461 1 5.9851e-01
+2.03815e+04 -2.79540e+04 4010462 1 5.9769e-01
+2.19962e+04 -2.83997e+04 4010463 1 5.9418e-01
+2.35640e+04 -2.88612e+04 4010464 1 5.8780e-01
+2.50859e+04 -2.93348e+04 4010465 1 5.8038e-01
+2.65628e+04 -2.98170e+04 4010466 1 5.6966e-01
+2.79956e+04 -3.03050e+04 4010467 1 5.5708e-01
+2.93866e+04 -3.07953e+04 4010468 1 5.4430e-01
+3.07374e+04 -3.12855e+04 4010469 1 5.2579e-01
+3.20492e+04 -3.17737e+04 4010470 1 5.1155e-01
+3.33255e+04 -3.22567e+04 4010471 1 4.9602e-01
+3.45680e+04 -3.27330e+04 4010472 1 4.7185e-01
+3.57771e+04 -3.32019e+04 4010473 1 4.5631e-01
+3.69574e+04 -3.36604e+04 4010474 1 4.4062e-01
+3.81106e+04 -3.41076e+04 4010475 1 4.2235e-01
+3.92376e+04 -3.45429e+04 4010476 1 4.0294e-01
+4.03406e+04 -3.49654e+04 4010477 1 3.8319e-01
+4.14222e+04 -3.53740e+04 4010478 1 3.6862e-01
+4.24839e+04 -3.57680e+04 4010479 1 3.5482e-01
+4.35279e+04 -3.61470e+04 4010480 1 3.4198e-01
+4.45557e+04 -3.65106e+04 4010481 1 3.3022e-01
+4.55686e+04 -3.68588e+04 4010482 1 3.1974e-01
+4.65681e+04 -3.71912e+04 4010483 1 3.1028e-01
+7.13590e+03 -4.77031e+04 10824 1 7.2005e-01
+1.45995e+04 -4.52745e+04 2010294 1 9.0468e-01
+1.28518e+04 -4.42118e+04 2010293 1 8.9353e-01
+4.59320e+03 -4.19009e+04 2010248 1 7.4535e-01
+4.62460e+03 -4.12683e+04 2010289 1 7.4981e-01
+4.65258e+03 -4.00075e+04 2010371 1 7.5049e-01
+1.47095e+04 -3.59292e+04 2010786 1 7.7565e-01
+6.60815e+03 -3.38815e+04 2010782 1 6.9897e-01
+3.05150e+01 -2.44656e+04 4010492 1 5.3639e-01
+1.98260e+03 -2.44929e+04 4010493 1 5.3764e-01
+3.92802e+03 -2.45658e+04 4010494 1 5.4129e-01
+5.86004e+03 -2.46862e+04 4010495 1 5.4660e-01
+7.77241e+03 -2.48522e+04 4010496 1 5.5342e-01
+9.65979e+03 -2.50611e+04 4010497 1 5.6076e-01
+1.15170e+04 -2.53104e+04 4010498 1 5.6773e-01
+1.33397e+04 -2.55968e+04 4010499 1 5.7415e-01
+1.51247e+04 -2.59168e+04 4010500 1 5.7919e-01
+1.68689e+04 -2.62668e+04 4010501 1 5.8242e-01
+1.85706e+04 -2.66430e+04 4010502 1 5.8388e-01
+2.02283e+04 -2.70416e+04 4010503 1 5.8314e-01
+2.18417e+04 -2.74591e+04 4010504 1 5.7976e-01
+2.34103e+04 -2.78917e+04 4010505 1 5.7477e-01
+2.49349e+04 -2.83361e+04 4010506 1 5.6770e-01
+2.64162e+04 -2.87892e+04 4010507 1 5.5726e-01
+2.78551e+04 -2.92480e+04 4010508 1 5.4704e-01
+2.92537e+04 -2.97094e+04 4010509 1 5.3475e-01
+3.06128e+04 -3.01715e+04 4010510 1 5.1841e-01
+3.19346e+04 -3.06318e+04 4010511 1 5.0514e-01
+3.32219e+04 -3.10877e+04 4010512 1 4.9043e-01
+3.44752e+04 -3.15381e+04 4010513 1 4.6825e-01
+3.56964e+04 -3.19815e+04 4010514 1 4.5354e-01
+3.68893e+04 -3.24155e+04 4010515 1 4.3871e-01
+3.80551e+04 -3.28394e+04 4010516 1 4.2095e-01
+3.91949e+04 -3.32523e+04 4010517 1 4.0152e-01
+4.03105e+04 -3.36535e+04 4010518 1 3.8374e-01
+4.14049e+04 -3.40418e+04 4010519 1 3.6969e-01
+4.24794e+04 -3.44166e+04 4010520 1 3.5605e-01
+4.35357e+04 -3.47776e+04 4010521 1 3.4331e-01
+4.45756e+04 -3.51242e+04 4010522 1 3.3150e-01
+4.56001e+04 -3.54564e+04 4010523 1 3.2075e-01
+4.66109e+04 -3.57739e+04 4010524 1 3.1107e-01
+2.65661e+01 -4.69538e+04 10779 1 6.0179e-01
+1.88267e+03 -4.62602e+04 10821 1 6.3324e-01
+8.24557e+03 -4.57507e+04 2010086 1 7.9875e-01
+8.64769e+03 -4.44329e+04 2010168 1 8.1966e-01
+2.30958e+03 -4.22123e+04 2010206 1 7.0479e-01
+6.87028e+03 -3.85166e+04 2010495 1 7.6965e-01
+6.84756e+03 -3.78629e+04 2010536 1 7.6117e-01
+1.29223e+04 -3.67965e+04 2010703 1 7.9186e-01
+6.65663e+03 -3.45537e+04 2010741 1 7.1015e-01
+4.44323e+03 -3.36035e+04 2010781 1 6.7982e-01
+1.57359e+04 -4.79542e+04 2010213 1 8.8981e-01
+1.96089e+03 -2.37560e+04 4010534 1 5.2669e-01
+1.39472e+04 -4.74683e+04 2010171 1 8.8586e-01
+3.88538e+03 -2.38236e+04 4010535 1 5.2990e-01
+1.74243e+04 -4.84376e+04 2010255 1 8.7950e-01
+5.79730e+03 -2.39354e+04 4010536 1 5.3459e-01
+3.39125e+03 -4.73228e+04 10781 1 6.2417e-01
+7.69084e+03 -2.40895e+04 4010537 1 5.4076e-01
+9.56095e+03 -2.42835e+04 4010538 1 5.4741e-01
+1.14026e+04 -2.45153e+04 4010539 1 5.5389e-01
+1.32120e+04 -2.47818e+04 4010540 1 5.5989e-01
+1.49856e+04 -2.50796e+04 4010541 1 5.6458e-01
+1.67208e+04 -2.54058e+04 4010542 1 5.6784e-01
+1.84157e+04 -2.57566e+04 4010543 1 5.6935e-01
+2.00689e+04 -2.61287e+04 4010544 1 5.6857e-01
+2.16797e+04 -2.65188e+04 4010545 1 5.6617e-01
+2.32480e+04 -2.69234e+04 4010546 1 5.6170e-01
+2.47741e+04 -2.73395e+04 4010547 1 5.5476e-01
+2.62584e+04 -2.77642e+04 4010548 1 5.4638e-01
+2.77023e+04 -2.81945e+04 4010549 1 5.3682e-01
+2.91071e+04 -2.86279e+04 4010550 1 5.2452e-01
+3.04735e+04 -2.90623e+04 4010551 1 5.1087e-01
+3.18041e+04 -2.94952e+04 4010552 1 4.9840e-01
+3.31008e+04 -2.99245e+04 4010553 1 4.8434e-01
+3.43639e+04 -3.03493e+04 4010554 1 4.6442e-01
+3.55962e+04 -3.07675e+04 4010555 1 4.5063e-01
+3.68004e+04 -3.11773e+04 4010556 1 4.3658e-01
+3.79778e+04 -3.15780e+04 4010557 1 4.1928e-01
+3.91292e+04 -3.19687e+04 4010558 1 3.9876e-01
+4.02567e+04 -3.23487e+04 4010559 1 3.8421e-01
+4.13631e+04 -3.27166e+04 4010560 1 3.7076e-01
+4.24494e+04 -3.30722e+04 4010561 1 3.5741e-01
+4.35174e+04 -3.34149e+04 4010562 1 3.4487e-01
+4.45686e+04 -3.37444e+04 4010563 1 3.3318e-01
+4.56043e+04 -3.40604e+04 4010564 1 3.2226e-01
+4.66258e+04 -3.43628e+04 4010565 1 3.1240e-01
+2.34608e+01 -4.78504e+04 10738 1 5.7751e-01
+3.59511e+01 -4.14701e+04 2010246 1 7.0231e-01
+2.35969e+03 -3.97241e+04 2010370 1 7.2263e-01
+8.89512e+03 -3.63345e+04 2010660 1 7.5901e-01
+1.66728e+04 -3.82719e+04 2010705 1 8.1591e-01
+8.84369e+03 -3.56464e+04 2010701 1 7.4652e-01
+1.00485e+04 -4.66435e+04 2010087 1 8.3338e-01
+6.48533e+03 -4.43650e+04 2010126 1 7.6710e-01
+6.31602e+03 -4.50218e+04 2010085 1 7.5588e-01
+1.20506e+04 -4.70161e+04 2010129 1 8.7061e-01
+7.95856e+03 -4.64043e+04 2010045 1 7.7888e-01
+6.09855e+03 -4.56845e+04 2010044 1 7.3906e-01
+1.30815e+04 -2.39619e+04 4010581 1 5.4577e-01
+1.17105e+04 -4.76730e+04 2010088 1 8.5464e-01
+1.54198e+04 -4.86845e+04 2010172 1 8.7856e-01
+1.48431e+04 -2.42387e+04 4010582 1 5.5026e-01
+6.54872e+03 -4.83586e+04 10783 1 6.7934e-01
+1.65685e+04 -2.45419e+04 4010583 1 5.5341e-01
+1.82556e+04 -2.48683e+04 4010584 1 5.5488e-01
+1.99032e+04 -2.52149e+04 4010585 1 5.5452e-01
+2.15105e+04 -2.55784e+04 4010586 1 5.5265e-01
+2.30773e+04 -2.59560e+04 4010587 1 5.4857e-01
+2.46035e+04 -2.63446e+04 4010588 1 5.4211e-01
+2.60899e+04 -2.67416e+04 4010589 1 5.3527e-01
+2.75375e+04 -2.71442e+04 4010590 1 5.2641e-01
+2.89470e+04 -2.75502e+04 4010591 1 5.1375e-01
+3.03197e+04 -2.79575e+04 4010592 1 5.0323e-01
+3.16578e+04 -2.83636e+04 4010593 1 4.9150e-01
+3.29627e+04 -2.87668e+04 4010594 1 4.7665e-01
+3.42345e+04 -2.91663e+04 4010595 1 4.6040e-01
+3.54767e+04 -2.95597e+04 4010596 1 4.4759e-01
+3.66912e+04 -2.99456e+04 4010597 1 4.3434e-01
+3.78791e+04 -3.03232e+04 4010598 1 4.1730e-01
+3.90411e+04 -3.06920e+04 4010599 1 3.9713e-01
+4.01797e+04 -3.10507e+04 4010600 1 3.8467e-01
+4.12972e+04 -3.13984e+04 4010601 1 3.7195e-01
+4.23947e+04 -3.17347e+04 4010602 1 3.5894e-01
+4.34736e+04 -3.20592e+04 4010603 1 3.4662e-01
+4.45355e+04 -3.23714e+04 4010604 1 3.3509e-01
+4.55818e+04 -3.26710e+04 4010605 1 3.2424e-01
+4.66135e+04 -3.29581e+04 4010606 1 3.1428e-01
+8.69606e+03 -4.85126e+04 10825 1 7.4964e-01
+2.99708e+03 -4.81644e+04 10740 1 5.9435e-01
+1.78936e+04 -4.68114e+04 2010337 1 8.9040e-01
+4.64370e+03 -4.06375e+04 2010330 1 7.5133e-01
+4.65294e+03 -3.93774e+04 2010412 1 7.4773e-01
+4.61583e+03 -3.74793e+04 2010535 1 7.3137e-01
+2.32615e+03 -3.66183e+04 2010575 1 7.0412e-01
+6.70247e+03 -3.52220e+04 2010700 1 7.2113e-01
+1.08583e+04 -3.54564e+04 2010743 1 7.5674e-01
+1.99950e+04 -3.81771e+04 2010789 1 7.8405e-01
+1.65531e+04 -3.66279e+04 2010787 1 7.8462e-01
+2.33220e+03 -4.15851e+04 2010247 1 7.1340e-01
+2.27773e+03 -4.28462e+04 2010165 1 6.9590e-01
+4.48271e+03 -4.31770e+04 2010166 1 7.3026e-01
+4.39653e+03 -4.38241e+04 2010125 1 7.2075e-01
+1.63793e+04 -4.56315e+04 2010336 1 9.0378e-01
+3.56067e+01 -4.20939e+04 2010205 1 6.9365e-01
+2.10179e+04 -4.74697e+04 2010421 1 8.3838e-01
+3.44595e+01 -4.33668e+04 2010123 1 6.7462e-01
+1.94928e+04 -4.71663e+04 2010379 1 8.6902e-01
+2.24801e+04 -4.77091e+04 2010463 1 8.0531e-01
+4.28342e+03 -4.44807e+04 2010084 1 7.1198e-01
+1.80902e+04 -2.39776e+04 4010625 1 5.4075e-01
+1.97313e+04 -2.42995e+04 4010626 1 5.4087e-01
+2.13340e+04 -2.46375e+04 4010627 1 5.3917e-01
+2.28981e+04 -2.49889e+04 4010628 1 5.3526e-01
+2.44235e+04 -2.53509e+04 4010629 1 5.3049e-01
+2.59108e+04 -2.57209e+04 4010630 1 5.2414e-01
+2.73607e+04 -2.60966e+04 4010631 1 5.1555e-01
+2.87738e+04 -2.64760e+04 4010632 1 5.0531e-01
+3.01518e+04 -2.68566e+04 4010633 1 4.9556e-01
+3.14961e+04 -2.72365e+04 4010634 1 4.8443e-01
+3.28076e+04 -2.76143e+04 4010635 1 4.6764e-01
+3.40874e+04 -2.79887e+04 4010636 1 4.5623e-01
+3.53384e+04 -2.83576e+04 4010637 1 4.4437e-01
+3.65621e+04 -2.87200e+04 4010638 1 4.3208e-01
+3.77595e+04 -2.90749e+04 4010639 1 4.1500e-01
+3.89311e+04 -2.94218e+04 4010640 1 3.9698e-01
+4.00799e+04 -2.97594e+04 4010641 1 3.8520e-01
+4.12077e+04 -3.00870e+04 4010642 1 3.7330e-01
+4.23156e+04 -3.04040e+04 4010643 1 3.6065e-01
+4.34047e+04 -3.07102e+04 4010644 1 3.4864e-01
+4.44767e+04 -3.10051e+04 4010645 1 3.3733e-01
+4.55330e+04 -3.12883e+04 4010646 1 3.2672e-01
+4.65745e+04 -3.15599e+04 4010647 1 3.1665e-01
+1.12907e+04 -4.83022e+04 2010047 1 8.3376e-01
+4.13675e+03 -4.51508e+04 2010043 1 6.9806e-01
+2.17758e+03 -4.41464e+04 2010083 1 6.7648e-01
+2.34757e+03 -3.78664e+04 2010493 1 7.1487e-01
+6.81849e+03 -3.72069e+04 2010577 1 7.5198e-01
+1.27871e+04 -3.52950e+04 2010785 1 7.6114e-01
+2.24699e+03 -3.34334e+04 2010780 1 6.6649e-01
+3.63492e+01 -3.90073e+04 2010410 1 7.1246e-01
+1.49020e+04 -4.29758e+04 2010417 1 8.9487e-01
+2.34725e+03 -4.09625e+04 2010288 1 7.1905e-01
+1.29517e+04 -4.34845e+04 2010334 1 8.9194e-01
+1.49473e+04 -4.21985e+04 2010458 1 8.8621e-01
+2.35605e+03 -4.03426e+04 2010329 1 7.2195e-01
+3.61792e+01 -4.08512e+04 2010287 1 7.0832e-01
+3.63108e+01 -4.02354e+04 2010328 1 7.1175e-01
+1.47322e+04 -4.45157e+04 2010335 1 9.0464e-01
+1.81995e+04 -4.51281e+04 2010419 1 8.8823e-01
+1.48316e+04 -4.37487e+04 2010376 1 9.0063e-01
+3.51200e+01 -4.27251e+04 2010164 1 6.8456e-01
+1.65123e+04 -4.48297e+04 2010377 1 9.0162e-01
+1.66125e+04 -4.40199e+04 2010418 1 8.9712e-01
+2.10324e+03 -4.48216e+04 2010042 1 6.6552e-01
+2.90407e+01 -4.61492e+04 10820 1 6.2212e-01
+2.27105e+04 -2.40215e+04 4010669 1 5.2305e-01
+2.42340e+04 -2.43577e+04 4010670 1 5.1894e-01
+1.36204e+04 -4.81565e+04 2010130 1 8.7812e-01
+2.57211e+04 -2.47017e+04 4010671 1 5.1294e-01
+2.71720e+04 -2.50513e+04 4010672 1 5.0445e-01
+2.85877e+04 -2.54045e+04 4010673 1 4.9693e-01
+2.99697e+04 -2.57592e+04 4010674 1 4.8790e-01
+3.13190e+04 -2.61136e+04 4010675 1 4.7702e-01
+3.26360e+04 -2.64665e+04 4010676 1 4.6265e-01
+3.39229e+04 -2.68162e+04 4010677 1 4.5213e-01
+3.51815e+04 -2.71611e+04 4010678 1 4.4115e-01
+3.64134e+04 -2.75002e+04 4010679 1 4.2961e-01
+3.76192e+04 -2.78327e+04 4010680 1 4.1179e-01
+3.87996e+04 -2.81580e+04 4010681 1 3.9685e-01
+3.99578e+04 -2.84747e+04 4010682 1 3.8582e-01
+4.10950e+04 -2.87822e+04 4010683 1 3.7481e-01
+4.22125e+04 -2.90801e+04 4010684 1 3.6261e-01
+4.33112e+04 -2.93680e+04 4010685 1 3.5095e-01
+4.43927e+04 -2.96456e+04 4010686 1 3.3992e-01
+4.54582e+04 -2.99124e+04 4010687 1 3.2957e-01
+4.65091e+04 -3.01684e+04 4010688 1 3.1963e-01
+2.23462e+03 -4.34897e+04 2010124 1 6.8633e-01
+4.64618e+03 -3.87464e+04 2010453 1 7.4349e-01
+2.15841e+04 -4.27735e+04 2010626 1 8.1908e-01
+3.53897e+01 -3.52838e+04 2010656 1 6.8511e-01
+1.09205e+04 -3.61748e+04 2010702 1 7.7095e-01
+2.83671e+04 -4.45109e+04 2010754 1 6.5865e-01
+3.46006e+01 -3.33713e+04 2010779 1 6.6236e-01
+3.61663e+01 -3.77766e+04 2010492 1 7.0716e-01
+2.15287e+04 -4.37181e+04 2010585 1 8.2628e-01
+1.99879e+04 -4.35909e+04 2010543 1 8.5395e-01
+2.35478e+03 -3.84869e+04 2010452 1 7.1883e-01
+3.60142e+01 -3.71582e+04 2010533 1 7.0283e-01
+4.63349e+03 -3.81139e+04 2010494 1 7.3788e-01
+1.67301e+04 -4.23854e+04 2010500 1 8.8080e-01
+2.35902e+03 -3.91058e+04 2010411 1 7.2148e-01
+3.62805e+01 -3.83927e+04 2010451 1 7.1041e-01
+1.83763e+04 -4.34154e+04 2010501 1 8.7636e-01
+2.33789e+03 -3.72438e+04 2010534 1 7.0994e-01
+2.55995e+04 -4.58480e+04 2010629 1 7.3334e-01
+2.43446e+04 -4.48153e+04 2010628 1 7.6623e-01
+3.63631e+01 -3.96212e+04 2010369 1 7.1297e-01
+1.84246e+04 -4.25538e+04 2010542 1 8.6668e-01
+1.83022e+04 -4.42741e+04 2010460 1 8.8383e-01
+1.80648e+04 -4.59748e+04 2010378 1 8.9085e-01
+2.65884e+04 -4.79731e+04 2010589 1 6.9246e-01
+1.99105e+04 -4.44928e+04 2010502 1 8.6144e-01
+2.69714e+04 -2.40076e+04 4010713 1 4.9523e-01
+2.83888e+04 -2.43353e+04 4010714 1 4.8845e-01
+2.97736e+04 -2.46648e+04 4010715 1 4.8023e-01
+3.11266e+04 -2.49943e+04 4010716 1 4.6777e-01
+3.24483e+04 -2.53227e+04 4010717 1 4.5784e-01
+3.37410e+04 -2.56483e+04 4010718 1 4.4823e-01
+3.50062e+04 -2.59698e+04 4010719 1 4.3806e-01
+3.62453e+04 -2.62860e+04 4010720 1 4.2664e-01
+3.74583e+04 -2.65964e+04 4010721 1 4.0717e-01
+3.86469e+04 -2.69003e+04 4010722 1 3.9683e-01
+3.98134e+04 -2.71963e+04 4010723 1 3.8657e-01
+4.09594e+04 -2.74840e+04 4010724 1 3.7643e-01
+4.20856e+04 -2.77629e+04 4010725 1 3.6483e-01
+4.31932e+04 -2.80326e+04 4010726 1 3.5358e-01
+4.42836e+04 -2.82928e+04 4010727 1 3.4289e-01
+4.53579e+04 -2.85432e+04 4010728 1 3.3281e-01
+4.64175e+04 -2.87835e+04 4010729 1 3.2326e-01
+1.96663e+04 -4.62832e+04 2010420 1 8.6785e-01
+2.11947e+04 -4.65404e+04 2010462 1 8.3976e-01
+1.72219e+03 -4.70531e+04 10780 1 6.1098e-01
+2.13368e+04 -4.56035e+04 2010503 1 8.3809e-01
+2.29223e+04 -4.47719e+04 2010586 1 8.0149e-01
+8.94124e+03 -3.70200e+04 2010619 1 7.7122e-01
+6.78406e+03 -3.65483e+04 2010618 1 7.4214e-01
+6.74515e+03 -3.58868e+04 2010659 1 7.3183e-01
+1.28582e+04 -3.60463e+04 2010744 1 7.7654e-01
+1.07909e+04 -3.47358e+04 2010784 1 7.4231e-01
+2.29784e+03 -3.53570e+04 2010657 1 6.9042e-01
+3.06173e+04 -4.63110e+04 2010756 1 5.8863e-01
+3.56209e+01 -3.59123e+04 2010615 1 6.9169e-01
+3.58306e+01 -3.65369e+04 2010574 1 6.9764e-01
+4.59401e+03 -3.68421e+04 2010576 1 7.2389e-01
+4.56873e+03 -3.62019e+04 2010617 1 7.1593e-01
+3.24401e+01 -4.46995e+04 2010041 1 6.5230e-01
+4.54057e+03 -3.55583e+04 2010658 1 7.0741e-01
+2.31270e+03 -3.59895e+04 2010616 1 6.9760e-01
+2.58153e+04 -4.37287e+04 2010711 1 7.2437e-01
+2.30675e+04 -4.28037e+04 2010668 1 7.8853e-01
+2.44343e+04 -4.37926e+04 2010669 1 7.6018e-01
+3.14426e+04 -4.84079e+04 2010716 1 5.4343e-01
+2.30080e+04 -4.37876e+04 2010627 1 7.9475e-01
+2.57220e+04 -4.47877e+04 2010670 1 7.3038e-01
+2.26611e+04 -4.67350e+04 2010504 1 8.0725e-01
+2.67789e+04 -4.68781e+04 2010630 1 6.9555e-01
+2.82401e+04 -4.56388e+04 2010713 1 6.5866e-01
+2.80820e+04 -4.67685e+04 2010672 1 6.5676e-01
+1.98042e+04 -4.53910e+04 2010461 1 8.6625e-01
+3.04265e+04 -4.75033e+04 2010715 1 5.8608e-01
+3.09185e+04 -2.38783e+04 4010757 1 4.6146e-01
+2.52572e+04 -4.79652e+04 2010547 1 7.3178e-01
+3.22442e+04 -2.41827e+04 4010758 1 4.5330e-01
+3.35418e+04 -2.44847e+04 4010759 1 4.4456e-01
+2.91690e+04 -4.77414e+04 2010673 1 6.1235e-01
+3.48126e+04 -2.47831e+04 4010760 1 4.3521e-01
+4.59867e+04 -2.46700e+04 6010032 1 3.3723e-01
+3.60577e+04 -2.50769e+04 4010761 1 4.2336e-01
+3.72770e+04 -2.53657e+04 4010762 1 4.0664e-01
+3.84729e+04 -2.56484e+04 4010763 1 3.9713e-01
+3.96470e+04 -2.59241e+04 4010764 1 3.8764e-01
+4.08008e+04 -2.61921e+04 4010765 1 3.7824e-01
+4.19352e+04 -2.64522e+04 4010766 1 3.6747e-01
+4.30510e+04 -2.67038e+04 4010767 1 3.5666e-01
+4.41496e+04 -2.69468e+04 4010768 1 3.4637e-01
+4.52321e+04 -2.71808e+04 4010769 1 3.3658e-01
+4.62998e+04 -2.74055e+04 4010770 1 3.2731e-01
+9.69461e+03 -4.72855e+04 2010046 1 8.1299e-01
+4.26935e+04 -2.40657e+04 6010029 1 3.6458e-01
+2.28075e+04 -4.57551e+04 2010545 1 8.0592e-01
+2.14472e+04 -4.46620e+04 2010544 1 8.3359e-01
+3.94793e+03 -4.58402e+04 2010002 1 6.7979e-01
+2.93602e+04 -4.65791e+04 2010714 1 6.1700e-01
+3.16653e+04 -4.71863e+04 2010757 1 5.4910e-01
+8.78774e+03 -3.49555e+04 2010742 1 7.3375e-01
+4.15632e+04 -2.38496e+04 6010028 1 3.7443e-01
+4.51000e+03 -3.49109e+04 2010699 1 6.9862e-01
+2.28180e+03 -3.47204e+04 2010698 1 6.8281e-01
+8.72797e+03 -3.42616e+04 2010783 1 7.2078e-01
+3.48766e+01 -3.40136e+04 2010738 1 6.7039e-01
+7.59574e+03 -4.70544e+04 2010004 1 7.5470e-01
+3.51405e+01 -3.46510e+04 2010697 1 6.7797e-01
+3.48564e+04 -4.83722e+04 2010801 1 4.5915e-01
+4.47744e+03 -3.42594e+04 2010740 1 6.8932e-01
+3.35836e+01 -4.40231e+04 2010082 1 6.6408e-01
+2.95183e+04 -4.54184e+04 2010755 1 6.1993e-01
+3.28919e+04 -4.67916e+04 2010799 1 5.1971e-01
+2.70610e+04 -4.46866e+04 2010712 1 6.9486e-01
+2.78904e+04 -4.78985e+04 2010631 1 6.5282e-01
+2.26479e+03 -3.40793e+04 2010739 1 6.7482e-01
+3.38898e+04 -4.75946e+04 2010800 1 4.8577e-01
+3.18531e+04 -4.59670e+04 2010798 1 5.5326e-01
+2.40752e+04 -4.68593e+04 2010546 1 7.7154e-01
+3.70753e+04 -2.41402e+04 4010803 1 4.0652e-01
+3.82776e+04 -2.44021e+04 4010804 1 3.9786e-01
+4.38068e+04 -2.42747e+04 6010030 1 3.5507e-01
+2.00699e+03 -4.55224e+04 2010001 1 6.5111e-01
+3.94585e+04 -2.46576e+04 4010805 1 3.8915e-01
+4.06193e+04 -2.49064e+04 4010806 1 3.8048e-01
+2.69356e+04 -4.57819e+04 2010671 1 6.9626e-01
+2.54454e+04 -4.69079e+04 2010588 1 7.3377e-01
+4.17611e+04 -2.51478e+04 4010807 1 3.7064e-01
+4.28844e+04 -2.53816e+04 4010808 1 3.6030e-01
+4.39907e+04 -2.56075e+04 4010809 1 3.5039e-01
+4.50809e+04 -2.58251e+04 4010810 1 3.4092e-01
+4.61563e+04 -2.60343e+04 4010811 1 3.3192e-01
+9.25175e+03 -4.79092e+04 2010005 1 7.8511e-01
+5.82038e+03 -4.63569e+04 2010003 1 7.1543e-01
+3.58505e+04 -2.38727e+04 4010802 1 4.1855e-01
+2.38903e+04 -4.78761e+04 2010505 1 7.6963e-01
+3.02002e+04 -4.86967e+04 2010674 1 5.8101e-01
+2.42257e+04 -4.58382e+04 2010587 1 7.7023e-01
+3.26737e+04 -4.80390e+04 2010758 1 5.1626e-01
+4.49042e+04 -2.44762e+04 6010031 1 3.4596e-01
+3.09573e+01 -4.54042e+04 2010000 1 6.3854e-01
