+2.69088e+01 -3.75972e+04 4010000 1 4.1005e-01
+1.74845e+03 -3.76260e+04 4010001 1 4.1190e-01
+3.46513e+03 -3.77027e+04 4010002 1 4.1553e-01
+5.17192e+03 -3.78294e+04 4010003 1 4.2300e-01
+6.86439e+03 -3.80043e+04 4010004 1 4.3085e-01
+8.53821e+03 -3.82255e+04 4010005 1 4.4080e-01
+1.01895e+04 -3.84906e+04 4010006 1 4.4996e-01
+1.18149e+04 -3.87965e+04 4010007 1 4.5900e-01
+1.34114e+04 -3.91403e+04 4010008 1 4.6658e-01
+1.49768e+04 -3.95185e+04 4010009 1 4.7239e-01
+1.65090e+04 -3.99275e+04 4010010 1 4.7615e-01
+1.80068e+04 -4.03637e+04 4010011 1 4.7774e-01
+1.94694e+04 -4.08232e+04 4010012 1 4.7692e-01
+2.08964e+04 -4.13026e+04 4010013 1 4.7313e-01
+2.22878e+04 -4.17981e+04 4010014 1 4.6762e-01
+2.36441e+04 -4.23062e+04 4010015 1 4.5921e-01
+2.49659e+04 -4.28239e+04 4010016 1 4.4906e-01
+2.62546e+04 -4.33476e+04 4010017 1 4.3716e-01
+2.75111e+04 -4.38747e+04 4010018 1 4.2189e-01
+2.87370e+04 -4.44023e+04 4010019 1 4.0757e-01
+2.99345e+04 -4.49276e+04 4010020 1 3.8978e-01
+3.11037e+04 -4.54491e+04 4010021 1 3.7173e-01
+3.22485e+04 -4.59637e+04 4010022 1 3.5528e-01
+3.33700e+04 -4.64699e+04 4010023 1 3.3054e-01
+3.44683e+04 -4.69668e+04 4010024 1 3.1497e-01
+3.55481e+04 -4.74517e+04 4010025 1 2.9931e-01
+3.66105e+04 -4.79237e+04 4010026 1 2.8132e-01
+3.76559e+04 -4.83821e+04 4010027 1 2.6027e-01
+1.01157e+04 -4.81370e+04 2010375 1 4.9491e-01
+1.33544e+04 -4.73643e+04 2010459 1 5.1801e-01
+1.18500e+04 -4.59454e+04 2010499 1 5.0657e-01
+1.34457e+04 -4.55301e+04 2010541 1 5.1270e-01
+1.50053e+04 -4.51180e+04 2010583 1 5.1426e-01
+1.65283e+04 -4.47004e+04 2010625 1 5.1220e-01
+2.08684e+04 -4.43693e+04 2010710 1 4.9268e-01
+1.80159e+04 -4.42696e+04 2010667 1 5.0666e-01
+2.35958e+04 -4.44426e+04 2010753 1 4.6963e-01
+2.74566e+04 -4.50102e+04 2010797 1 4.2361e-01
+2.62135e+04 -4.44605e+04 2010796 1 4.4062e-01
+2.68012e+01 -3.67653e+04 4010041 1 4.0597e-01
+1.74149e+03 -3.67926e+04 4010042 1 4.0767e-01
+3.45158e+03 -3.68652e+04 4010043 1 4.1096e-01
+5.15233e+03 -3.69851e+04 4010044 1 4.1785e-01
+6.83950e+03 -3.71508e+04 4010045 1 4.2511e-01
+8.50902e+03 -3.73603e+04 4010046 1 4.3429e-01
+1.01571e+04 -3.76116e+04 4010047 1 4.4283e-01
+1.17807e+04 -3.79017e+04 4010048 1 4.5121e-01
+1.33768e+04 -3.82280e+04 4010049 1 4.5839e-01
+1.49432e+04 -3.85872e+04 4010050 1 4.6390e-01
+1.64780e+04 -3.89759e+04 4010051 1 4.6773e-01
+1.79798e+04 -3.93908e+04 4010052 1 4.6942e-01
+1.94479e+04 -3.98283e+04 4010053 1 4.6875e-01
+2.08818e+04 -4.02851e+04 4010054 1 4.6581e-01
+2.22814e+04 -4.07577e+04 4010055 1 4.6071e-01
+2.36471e+04 -4.12428e+04 4010056 1 4.5273e-01
+2.49794e+04 -4.17375e+04 4010057 1 4.4405e-01
+2.62797e+04 -4.22384e+04 4010058 1 4.3274e-01
+2.75483e+04 -4.27432e+04 4010059 1 4.1918e-01
+2.87874e+04 -4.32488e+04 4010060 1 4.0554e-01
+2.99981e+04 -4.37530e+04 4010061 1 3.8682e-01
+3.11814e+04 -4.42539e+04 4010062 1 3.7222e-01
+3.23404e+04 -4.47487e+04 4010063 1 3.5642e-01
+3.34758e+04 -4.52361e+04 4010064 1 3.3341e-01
+3.45885e+04 -4.57149e+04 4010065 1 3.1833e-01
+3.56825e+04 -4.61828e+04 4010066 1 3.0313e-01
+3.67588e+04 -4.66387e+04 4010067 1 2.8549e-01
+3.78177e+04 -4.70821e+04 4010068 1 2.6324e-01
+3.88614e+04 -4.75118e+04 4010069 1 2.5065e-01
+3.98924e+04 -4.79268e+04 4010070 1 2.3860e-01
+4.09119e+04 -4.83267e+04 4010071 1 2.2781e-01
+4.19215e+04 -4.87109e+04 4010072 1 2.1827e-01
+1.01747e+04 -4.72548e+04 2010416 1 4.9609e-01
+8.44859e+03 -4.85648e+04 2010333 1 4.7573e-01
+1.02496e+04 -4.54970e+04 2010498 1 4.9355e-01
+1.64968e+04 -4.56593e+04 2010584 1 5.1732e-01
+1.18778e+04 -4.50499e+04 2010540 1 5.0305e-01
+1.02692e+04 -4.46204e+04 2010539 1 4.9039e-01
+1.65462e+04 -4.37432e+04 2010666 1 5.0609e-01
+1.94696e+04 -4.38194e+04 2010709 1 4.9782e-01
+2.49375e+04 -4.39138e+04 2010795 1 4.5313e-01
+2.66858e+01 -3.59300e+04 4010082 1 4.0168e-01
+1.73402e+03 -3.59558e+04 4010083 1 4.0323e-01
+3.43700e+03 -3.60245e+04 4010084 1 4.0618e-01
+5.13116e+03 -3.61379e+04 4010085 1 4.1255e-01
+6.81242e+03 -3.62946e+04 4010086 1 4.1923e-01
+8.47701e+03 -3.64929e+04 4010087 1 4.2758e-01
+1.01212e+04 -3.67308e+04 4010088 1 4.3550e-01
+1.17423e+04 -3.70057e+04 4010089 1 4.4328e-01
+1.33370e+04 -3.73151e+04 4010090 1 4.5002e-01
+1.49035e+04 -3.76558e+04 4010091 1 4.5527e-01
+1.64399e+04 -3.80248e+04 4010092 1 4.5904e-01
+1.79448e+04 -3.84190e+04 4010093 1 4.6072e-01
+1.94173e+04 -3.88350e+04 4010094 1 4.6029e-01
+2.08571e+04 -3.92697e+04 4010095 1 4.5796e-01
+2.22638e+04 -3.97199e+04 4010096 1 4.5321e-01
+2.36376e+04 -4.01825e+04 4010097 1 4.4638e-01
+2.49794e+04 -4.06545e+04 4010098 1 4.3826e-01
+2.62899e+04 -4.11330e+04 4010099 1 4.2744e-01
+2.75697e+04 -4.16158e+04 4010100 1 4.1555e-01
+2.88207e+04 -4.20997e+04 4010101 1 4.0255e-01
+3.00436e+04 -4.25828e+04 4010102 1 3.8562e-01
+3.12398e+04 -4.30632e+04 4010103 1 3.7179e-01
+3.24120e+04 -4.35382e+04 4010104 1 3.5661e-01
+3.35605e+04 -4.40069e+04 4010105 1 3.3526e-01
+3.46868e+04 -4.44676e+04 4010106 1 3.2078e-01
+3.57941e+04 -4.49182e+04 4010107 1 3.0610e-01
+3.68835e+04 -4.53579e+04 4010108 1 2.8886e-01
+3.79552e+04 -4.57860e+04 4010109 1 2.6753e-01
+3.90114e+04 -4.62015e+04 4010110 1 2.5509e-01
+4.00547e+04 -4.66032e+04 4010111 1 2.4297e-01
+4.10858e+04 -4.69906e+04 4010112 1 2.3183e-01
+4.21063e+04 -4.73634e+04 4010113 1 2.2180e-01
+4.31176e+04 -4.77212e+04 4010114 1 2.1345e-01
+4.41206e+04 -4.80637e+04 4010115 1 2.0664e-01
+4.51165e+04 -4.83907e+04 4010116 1 2.0094e-01
+4.61066e+04 -4.87022e+04 4010117 1 1.9632e-01
+1.50264e+04 -4.41823e+04 2010624 1 5.0905e-01
+2.22621e+04 -4.38872e+04 2010752 1 4.7914e-01
+2.08910e+04 -4.33445e+04 2010751 1 4.8694e-01
+2.36274e+04 -4.33728e+04 2010794 1 4.6490e-01
+2.65633e+01 -3.50910e+04 4010123 1 3.9714e-01
+1.72610e+03 -3.51153e+04 4010124 1 3.9854e-01
+3.42150e+03 -3.51803e+04 4010125 1 4.0118e-01
+5.10857e+03 -3.52873e+04 4010126 1 4.0695e-01
+6.78341e+03 -3.54356e+04 4010127 1 4.1306e-01
+8.44248e+03 -3.56230e+04 4010128 1 4.2071e-01
+1.00822e+04 -3.58481e+04 4010129 1 4.2808e-01
+1.16999e+04 -3.61082e+04 4010130 1 4.3526e-01
+1.32926e+04 -3.64011e+04 4010131 1 4.4161e-01
+1.48585e+04 -3.67240e+04 4010132 1 4.4655e-01
+1.63956e+04 -3.70739e+04 4010133 1 4.5015e-01
+1.79025e+04 -3.74479e+04 4010134 1 4.5178e-01
+1.93785e+04 -3.78431e+04 4010135 1 4.5179e-01
+2.08230e+04 -3.82562e+04 4010136 1 4.4967e-01
+2.22357e+04 -3.86845e+04 4010137 1 4.4523e-01
+2.36168e+04 -3.91250e+04 4010138 1 4.3946e-01
+2.49669e+04 -3.95748e+04 4010139 1 4.3181e-01
+2.62865e+04 -4.00314e+04 4010140 1 4.2152e-01
+2.75764e+04 -4.04923e+04 4010141 1 4.1116e-01
+2.88381e+04 -4.09547e+04 4010142 1 3.9874e-01
+3.00722e+04 -4.14171e+04 4010143 1 3.8356e-01
+3.12805e+04 -4.18771e+04 4010144 1 3.7043e-01
+3.24648e+04 -4.23325e+04 4010145 1 3.5580e-01
+3.36255e+04 -4.27823e+04 4010146 1 3.3619e-01
+3.47644e+04 -4.32249e+04 4010147 1 3.2228e-01
+3.58843e+04 -4.36583e+04 4010148 1 3.0818e-01
+3.69860e+04 -4.40816e+04 4010149 1 2.9135e-01
+3.80698e+04 -4.44943e+04 4010150 1 2.7111e-01
+3.91380e+04 -4.48953e+04 4010151 1 2.5885e-01
+4.01929e+04 -4.52833e+04 4010152 1 2.4682e-01
+4.12352e+04 -4.56582e+04 4010153 1 2.3551e-01
+4.22663e+04 -4.60192e+04 4010154 1 2.2518e-01
+4.32877e+04 -4.63661e+04 4010155 1 2.1619e-01
+4.43003e+04 -4.66987e+04 4010156 1 2.0873e-01
+4.53050e+04 -4.70167e+04 4010157 1 2.0252e-01
+4.63033e+04 -4.73200e+04 4010158 1 1.9728e-01
+8.50891e+03 -4.76960e+04 2010374 1 4.7929e-01
+8.55474e+03 -4.68305e+04 2010415 1 4.8086e-01
+1.02186e+04 -4.63750e+04 2010457 1 4.9549e-01
+1.34703e+04 -4.46150e+04 2010582 1 5.0810e-01
+1.18940e+04 -4.41555e+04 2010581 1 4.9873e-01
+1.34829e+04 -4.37011e+04 2010623 1 5.0252e-01
+1.50356e+04 -4.32477e+04 2010665 1 5.0282e-01
+1.80307e+04 -4.32906e+04 2010708 1 5.0038e-01
+2.64347e+01 -3.42480e+04 4010164 1 3.9220e-01
+1.71777e+03 -3.42710e+04 4010165 1 3.9349e-01
+3.40518e+03 -3.43324e+04 4010166 1 3.9591e-01
+5.08473e+03 -3.44334e+04 4010167 1 4.0116e-01
+6.75267e+03 -3.45733e+04 4010168 1 4.0679e-01
+8.40570e+03 -3.47503e+04 4010169 1 4.1376e-01
+1.00404e+04 -3.49630e+04 4010170 1 4.2060e-01
+1.16541e+04 -3.52088e+04 4010171 1 4.2714e-01
+1.32441e+04 -3.54859e+04 4010172 1 4.3308e-01
+1.48085e+04 -3.57915e+04 4010173 1 4.3775e-01
+1.63455e+04 -3.61229e+04 4010174 1 4.4112e-01
+1.78536e+04 -3.64774e+04 4010175 1 4.4289e-01
+1.93321e+04 -3.68522e+04 4010176 1 4.4299e-01
+2.07805e+04 -3.72444e+04 4010177 1 4.4108e-01
+2.21982e+04 -3.76513e+04 4010178 1 4.3724e-01
+2.35855e+04 -3.80701e+04 4010179 1 4.3205e-01
+2.49428e+04 -3.84982e+04 4010180 1 4.2481e-01
+2.62704e+04 -3.89333e+04 4010181 1 4.1586e-01
+2.75695e+04 -3.93726e+04 4010182 1 4.0612e-01
+2.88409e+04 -3.98140e+04 4010183 1 3.9414e-01
+3.00852e+04 -4.02558e+04 4010184 1 3.8072e-01
+3.13045e+04 -4.06956e+04 4010185 1 3.6824e-01
+3.25000e+04 -4.11314e+04 4010186 1 3.5421e-01
+3.36720e+04 -4.15626e+04 4010187 1 3.3629e-01
+3.48227e+04 -4.19870e+04 4010188 1 3.2301e-01
+3.59543e+04 -4.24031e+04 4010189 1 3.0946e-01
+3.70676e+04 -4.28099e+04 4010190 1 2.9307e-01
+3.81628e+04 -4.32072e+04 4010191 1 2.7395e-01
+3.92424e+04 -4.35934e+04 4010192 1 2.6196e-01
+4.03083e+04 -4.39676e+04 4010193 1 2.5018e-01
+4.13613e+04 -4.43296e+04 4010194 1 2.3880e-01
+4.24027e+04 -4.46786e+04 4010195 1 2.2835e-01
+4.34338e+04 -4.50144e+04 4010196 1 2.1894e-01
+4.44556e+04 -4.53366e+04 4010197 1 2.1095e-01
+4.54691e+04 -4.56452e+04 4010198 1 2.0419e-01
+4.64754e+04 -4.59400e+04 4010199 1 1.9845e-01
+6.81689e+03 -4.81808e+04 2010332 1 4.5689e-01
+8.61054e+03 -4.51064e+04 2010497 1 4.7930e-01
+1.65520e+04 -4.27875e+04 2010707 1 4.9955e-01
+1.80333e+04 -4.23133e+04 2010749 1 4.9326e-01
+2.22817e+04 -4.28413e+04 2010793 1 4.7381e-01
+2.63005e+01 -3.34010e+04 4010205 1 3.8714e-01
+1.70907e+03 -3.34227e+04 4010206 1 3.8831e-01
+3.38812e+03 -3.34805e+04 4010207 1 3.9054e-01
+5.05976e+03 -3.35757e+04 4010208 1 3.9528e-01
+6.72037e+03 -3.37077e+04 4010209 1 4.0046e-01
+8.36688e+03 -3.38746e+04 4010210 1 4.0673e-01
+9.99593e+03 -3.40753e+04 4010211 1 4.1298e-01
+1.16051e+04 -3.43075e+04 4010212 1 4.1899e-01
+1.31918e+04 -3.45692e+04 4010213 1 4.2453e-01
+1.47540e+04 -3.48581e+04 4010214 1 4.2889e-01
+1.62901e+04 -3.51715e+04 4010215 1 4.3209e-01
+1.77987e+04 -3.55071e+04 4010216 1 4.3385e-01
+1.92789e+04 -3.58621e+04 4010217 1 4.3400e-01
+2.07301e+04 -3.62340e+04 4010218 1 4.3221e-01
+2.21519e+04 -3.66200e+04 4010219 1 4.2910e-01
+2.35444e+04 -3.70177e+04 4010220 1 4.2427e-01
+2.49079e+04 -3.74246e+04 4010221 1 4.1734e-01
+2.62427e+04 -3.78384e+04 4010222 1 4.0964e-01
+2.75499e+04 -3.82566e+04 4010223 1 4.0047e-01
+2.88300e+04 -3.86773e+04 4010224 1 3.8876e-01
+3.00837e+04 -3.90987e+04 4010225 1 3.7720e-01
+3.13129e+04 -3.95185e+04 4010226 1 3.6537e-01
+3.25187e+04 -3.99351e+04 4010227 1 3.5166e-01
+3.37011e+04 -4.03476e+04 4010228 1 3.3560e-01
+3.48628e+04 -4.07539e+04 4010229 1 3.2300e-01
+3.60053e+04 -4.11527e+04 4010230 1 3.1003e-01
+3.71295e+04 -4.15431e+04 4010231 1 2.9399e-01
+3.82354e+04 -4.19247e+04 4010232 1 2.7616e-01
+3.93258e+04 -4.22961e+04 4010233 1 2.6453e-01
+4.04022e+04 -4.26563e+04 4010234 1 2.5302e-01
+4.14654e+04 -4.30051e+04 4010235 1 2.4169e-01
+4.25166e+04 -4.33418e+04 4010236 1 2.3122e-01
+4.35570e+04 -4.36662e+04 4010237 1 2.2166e-01
+4.45878e+04 -4.39779e+04 4010238 1 2.1322e-01
+4.56097e+04 -4.42766e+04 4010239 1 2.0599e-01
+4.66239e+04 -4.45624e+04 4010240 1 1.9985e-01
+6.89739e+03 -4.64742e+04 2010414 1 4.6302e-01
+8.58805e+03 -4.59675e+04 2010456 1 4.8078e-01
+1.94814e+04 -4.28186e+04 2010750 1 4.9159e-01
+2.08999e+04 -4.23223e+04 2010792 1 4.8033e-01
+1.94809e+04 -4.18199e+04 2010791 1 4.8461e-01
+2.61612e+01 -3.25495e+04 4010246 1 3.8192e-01
+1.70005e+03 -3.25699e+04 4010247 1 3.8296e-01
+3.37040e+03 -3.26244e+04 4010248 1 3.8496e-01
+5.03376e+03 -3.27140e+04 4010249 1 3.8918e-01
+6.68665e+03 -3.28384e+04 4010250 1 3.9388e-01
+8.32619e+03 -3.29956e+04 4010251 1 3.9955e-01
+9.94917e+03 -3.31849e+04 4010252 1 4.0533e-01
+1.15533e+04 -3.34038e+04 4010253 1 4.1081e-01
+1.31360e+04 -3.36508e+04 4010254 1 4.1597e-01
+1.46954e+04 -3.39235e+04 4010255 1 4.2003e-01
+1.62299e+04 -3.42196e+04 4010256 1 4.2306e-01
+1.77381e+04 -3.45368e+04 4010257 1 4.2475e-01
+1.92192e+04 -3.48726e+04 4010258 1 4.2487e-01
+2.06724e+04 -3.52246e+04 4010259 1 4.2356e-01
+2.20975e+04 -3.55904e+04 4010260 1 4.2072e-01
+2.34944e+04 -3.59674e+04 4010261 1 4.1616e-01
+2.48630e+04 -3.63536e+04 4010262 1 4.0990e-01
+2.62042e+04 -3.67466e+04 4010263 1 4.0303e-01
+2.75184e+04 -3.71442e+04 4010264 1 3.9435e-01
+2.88062e+04 -3.75445e+04 4010265 1 3.8317e-01
+3.00685e+04 -3.79458e+04 4010266 1 3.7310e-01
+3.13067e+04 -3.83458e+04 4010267 1 3.6189e-01
+3.25218e+04 -3.87433e+04 4010268 1 3.4800e-01
+3.37140e+04 -3.91373e+04 4010269 1 3.3427e-01
+3.48857e+04 -3.95256e+04 4010270 1 3.2229e-01
+3.60384e+04 -3.99072e+04 4010271 1 3.0992e-01
+3.71727e+04 -4.02811e+04 4010272 1 2.9420e-01
+3.82888e+04 -4.06470e+04 4010273 1 2.7776e-01
+3.93892e+04 -4.10034e+04 4010274 1 2.6649e-01
+4.04756e+04 -4.13495e+04 4010275 1 2.5539e-01
+4.15485e+04 -4.16849e+04 4010276 1 2.4419e-01
+4.26090e+04 -4.20091e+04 4010277 1 2.3376e-01
+4.36584e+04 -4.23218e+04 4010278 1 2.2417e-01
+4.46978e+04 -4.26226e+04 4010279 1 2.1555e-01
+4.57279e+04 -4.29113e+04 4010280 1 2.0792e-01
+4.67498e+04 -4.31877e+04 4010281 1 2.0137e-01
+6.86298e+03 -4.73257e+04 2010373 1 4.6076e-01
+6.92179e+03 -4.56256e+04 2010455 1 4.6365e-01
+1.18999e+04 -4.32620e+04 2010622 1 4.9341e-01
+1.34850e+04 -4.27882e+04 2010664 1 4.9635e-01
+1.50340e+04 -4.23143e+04 2010706 1 4.9585e-01
+1.50231e+04 -4.13818e+04 2010747 1 4.8840e-01
+2.60173e+01 -3.16935e+04 4010287 1 3.7632e-01
+1.69072e+03 -3.17127e+04 4010288 1 3.7727e-01
+3.35207e+03 -3.17640e+04 4010289 1 3.7910e-01
+5.00681e+03 -3.18482e+04 4010290 1 3.8291e-01
+6.65162e+03 -3.19652e+04 4010291 1 3.8722e-01
+8.28379e+03 -3.21132e+04 4010292 1 3.9235e-01
+9.90024e+03 -3.22913e+04 4010293 1 3.9768e-01
+1.14988e+04 -3.24975e+04 4010294 1 4.0267e-01
+1.30770e+04 -3.27302e+04 4010295 1 4.0741e-01
+1.46329e+04 -3.29873e+04 4010296 1 4.1121e-01
+1.61652e+04 -3.32666e+04 4010297 1 4.1401e-01
+1.76724e+04 -3.35661e+04 4010298 1 4.1560e-01
+1.91535e+04 -3.38833e+04 4010299 1 4.1582e-01
+2.06081e+04 -3.42161e+04 4010300 1 4.1480e-01
+2.20355e+04 -3.45621e+04 4010301 1 4.1215e-01
+2.34358e+04 -3.49191e+04 4010302 1 4.0780e-01
+2.48089e+04 -3.52850e+04 4010303 1 4.0248e-01
+2.61554e+04 -3.56576e+04 4010304 1 3.9602e-01
+2.74758e+04 -3.60349e+04 4010305 1 3.8780e-01
+2.87704e+04 -3.64153e+04 4010306 1 3.7801e-01
+3.00404e+04 -3.67967e+04 4010307 1 3.6853e-01
+3.12867e+04 -3.71774e+04 4010308 1 3.5786e-01
+3.25102e+04 -3.75560e+04 4010309 1 3.4325e-01
+3.37114e+04 -3.79315e+04 4010310 1 3.3236e-01
+3.48925e+04 -3.83021e+04 4010311 1 3.2101e-01
+3.60545e+04 -3.86664e+04 4010312 1 3.0921e-01
+3.71983e+04 -3.90239e+04 4010313 1 2.9362e-01
+3.83238e+04 -3.93741e+04 4010314 1 2.7879e-01
+3.94338e+04 -3.97154e+04 4010315 1 2.6795e-01
+4.05295e+04 -4.00472e+04 4010316 1 2.5734e-01
+4.16115e+04 -4.03691e+04 4010317 1 2.4635e-01
+4.26810e+04 -4.06807e+04 4010318 1 2.3604e-01
+4.37390e+04 -4.09814e+04 4010319 1 2.2648e-01
+4.47866e+04 -4.12711e+04 4010320 1 2.1774e-01
+4.58247e+04 -4.15494e+04 4010321 1 2.0996e-01
+8.62367e+03 -4.42467e+04 2010538 1 4.7673e-01
+1.02789e+04 -4.37448e+04 2010580 1 4.8624e-01
+1.65470e+04 -4.18330e+04 2010748 1 4.9227e-01
+1.80249e+04 -4.13378e+04 2010790 1 4.8564e-01
+2.58690e+01 -3.08328e+04 4010328 1 3.7062e-01
+1.68110e+03 -3.08508e+04 4010329 1 3.7149e-01
+3.33316e+03 -3.08990e+04 4010330 1 3.7315e-01
+4.97898e+03 -3.09781e+04 4010331 1 3.7659e-01
+6.61537e+03 -3.10880e+04 4010332 1 3.8054e-01
+8.23980e+03 -3.12270e+04 4010333 1 3.8516e-01
+9.84931e+03 -3.13944e+04 4010334 1 3.8999e-01
+1.14418e+04 -3.15884e+04 4010335 1 3.9445e-01
+1.30149e+04 -3.18073e+04 4010336 1 3.9886e-01
+1.45669e+04 -3.20494e+04 4010337 1 4.0239e-01
+1.60964e+04 -3.23125e+04 4010338 1 4.0497e-01
+1.76018e+04 -3.25947e+04 4010339 1 4.0648e-01
+1.90823e+04 -3.28940e+04 4010340 1 4.0683e-01
+2.05374e+04 -3.32080e+04 4010341 1 4.0593e-01
+2.19665e+04 -3.35348e+04 4010342 1 4.0344e-01
+2.33693e+04 -3.38723e+04 4010343 1 3.9958e-01
+2.47460e+04 -3.42184e+04 4010344 1 3.9485e-01
+2.60971e+04 -3.45712e+04 4010345 1 3.8875e-01
+2.74227e+04 -3.49287e+04 4010346 1 3.8084e-01
+2.87234e+04 -3.52894e+04 4010347 1 3.7248e-01
+3.00001e+04 -3.56513e+04 4010348 1 3.6355e-01
+3.12538e+04 -3.60129e+04 4010349 1 3.5332e-01
+3.24848e+04 -3.63730e+04 4010350 1 3.4023e-01
+3.36943e+04 -3.67302e+04 4010351 1 3.2996e-01
+3.48838e+04 -3.70831e+04 4010352 1 3.1924e-01
+3.60545e+04 -3.74304e+04 4010353 1 3.0802e-01
+3.72070e+04 -3.77715e+04 4010354 1 2.9201e-01
+3.83414e+04 -3.81059e+04 4010355 1 2.7933e-01
+3.94603e+04 -3.84321e+04 4010356 1 2.6897e-01
+4.05647e+04 -3.87496e+04 4010357 1 2.5890e-01
+4.16555e+04 -3.90579e+04 4010358 1 2.4815e-01
+4.27334e+04 -3.93566e+04 4010359 1 2.3801e-01
+4.37996e+04 -3.96452e+04 4010360 1 2.2855e-01
+4.48551e+04 -3.99235e+04 4010361 1 2.1987e-01
+4.59008e+04 -4.01912e+04 4010362 1 2.1196e-01
+5.10757e+03 -4.87243e+04 2010290 1 4.3359e-01
+5.15100e+03 -4.78751e+04 2010331 1 4.4028e-01
+5.18419e+03 -4.70312e+04 2010372 1 4.4481e-01
+6.93756e+03 -4.47789e+04 2010496 1 4.6301e-01
+1.02800e+04 -4.28698e+04 2010621 1 4.8146e-01
+1.18860e+04 -4.14762e+04 2010704 1 4.8087e-01
+1.50037e+04 -4.04499e+04 2010788 1 4.8058e-01
+2.57167e+01 -2.99670e+04 4010369 1 3.6484e-01
+1.67122e+03 -2.99839e+04 4010370 1 3.6562e-01
+3.31371e+03 -3.00292e+04 4010371 1 3.6711e-01
+4.95032e+03 -3.01033e+04 4010372 1 3.7014e-01
+6.57797e+03 -3.02064e+04 4010373 1 3.7368e-01
+8.19429e+03 -3.03369e+04 4010374 1 3.7776e-01
+9.79646e+03 -3.04940e+04 4010375 1 3.8222e-01
+1.13824e+04 -3.06762e+04 4010376 1 3.8632e-01
+1.29501e+04 -3.08819e+04 4010377 1 3.9034e-01
+1.44976e+04 -3.11094e+04 4010378 1 3.9362e-01
+1.60235e+04 -3.13569e+04 4010379 1 3.9599e-01
+1.75266e+04 -3.16225e+04 4010380 1 3.9748e-01
+1.90059e+04 -3.19042e+04 4010381 1 3.9785e-01
+2.04607e+04 -3.22002e+04 4010382 1 3.9698e-01
+2.18906e+04 -3.25083e+04 4010383 1 3.9466e-01
+2.32953e+04 -3.28268e+04 4010384 1 3.9146e-01
+2.46749e+04 -3.31536e+04 4010385 1 3.8705e-01
+2.60296e+04 -3.34870e+04 4010386 1 3.8125e-01
+2.73596e+04 -3.38252e+04 4010387 1 3.7397e-01
+2.86656e+04 -3.41666e+04 4010388 1 3.6668e-01
+2.99483e+04 -3.45094e+04 4010389 1 3.5825e-01
+3.12084e+04 -3.48522e+04 4010390 1 3.4834e-01
+3.24463e+04 -3.51940e+04 4010391 1 3.3681e-01
+3.36632e+04 -3.55332e+04 4010392 1 3.2716e-01
+3.48606e+04 -3.58685e+04 4010393 1 3.1702e-01
+3.60392e+04 -3.61988e+04 4010394 1 3.0633e-01
+3.71996e+04 -3.65237e+04 4010395 1 2.8943e-01
+3.83423e+04 -3.68423e+04 4010396 1 2.7941e-01
+3.94695e+04 -3.71535e+04 4010397 1 2.6955e-01
+4.05822e+04 -3.74566e+04 4010398 1 2.5993e-01
+4.16811e+04 -3.77512e+04 4010399 1 2.4962e-01
+4.27671e+04 -3.80369e+04 4010400 1 2.3972e-01
+4.38410e+04 -3.83133e+04 4010401 1 2.3045e-01
+4.49041e+04 -3.85800e+04 4010402 1 2.2182e-01
+4.59570e+04 -3.88368e+04 4010403 1 2.1392e-01
+8.62868e+03 -4.33877e+04 2010579 1 4.7326e-01
+1.18969e+04 -4.23690e+04 2010663 1 4.8737e-01
+1.02736e+04 -4.19949e+04 2010662 1 4.7595e-01
+8.61842e+03 -4.16701e+04 2010661 1 4.6422e-01
+1.34627e+04 -4.09640e+04 2010746 1 4.8221e-01
+1.18682e+04 -4.05835e+04 2010745 1 4.7391e-01
+2.55604e+01 -2.90961e+04 4010410 1 3.5865e-01
+1.66109e+03 -2.91119e+04 4010411 1 3.5935e-01
+3.29374e+03 -2.91543e+04 4010412 1 3.6071e-01
+4.92085e+03 -2.92237e+04 4010413 1 3.6342e-01
+6.53946e+03 -2.93203e+04 4010414 1 3.6668e-01
+8.14733e+03 -2.94426e+04 4010415 1 3.7036e-01
+9.74179e+03 -2.95898e+04 4010416 1 3.7446e-01
+1.13208e+04 -2.97607e+04 4010417 1 3.7825e-01
+1.28825e+04 -2.99535e+04 4010418 1 3.8190e-01
+1.44250e+04 -3.01670e+04 4010419 1 3.8490e-01
+1.59469e+04 -3.03994e+04 4010420 1 3.8712e-01
+1.74471e+04 -3.06489e+04 4010421 1 3.8852e-01
+1.89244e+04 -3.09138e+04 4010422 1 3.8886e-01
+2.03783e+04 -3.11922e+04 4010423 1 3.8802e-01
+2.18083e+04 -3.14823e+04 4010424 1 3.8622e-01
+2.32142e+04 -3.17822e+04 4010425 1 3.8328e-01
+2.45959e+04 -3.20903e+04 4010426 1 3.7913e-01
+2.59534e+04 -3.24047e+04 4010427 1 3.7355e-01
+2.72871e+04 -3.27240e+04 4010428 1 3.6738e-01
+2.85976e+04 -3.30465e+04 4010429 1 3.6065e-01
+2.98855e+04 -3.33706e+04 4010430 1 3.5268e-01
+3.11512e+04 -3.36950e+04 4010431 1 3.4280e-01
+3.23952e+04 -3.40187e+04 4010432 1 3.3310e-01
+3.36189e+04 -3.43401e+04 4010433 1 3.2403e-01
+3.48233e+04 -3.46581e+04 4010434 1 3.1447e-01
+3.60092e+04 -3.49717e+04 4010435 1 3.0431e-01
+3.71768e+04 -3.52804e+04 4010436 1 2.8864e-01
+3.83273e+04 -3.55834e+04 4010437 1 2.7914e-01
+3.94622e+04 -3.58795e+04 4010438 1 2.6978e-01
+4.05825e+04 -3.61682e+04 4010439 1 2.6061e-01
+4.16892e+04 -3.64491e+04 4010440 1 2.5086e-01
+4.27827e+04 -3.67217e+04 4010441 1 2.4122e-01
+4.38640e+04 -3.69856e+04 4010442 1 2.3211e-01
+4.49342e+04 -3.72406e+04 4010443 1 2.2368e-01
+4.59942e+04 -3.74864e+04 4010444 1 2.1584e-01
+5.20861e+03 -4.61913e+04 2010413 1 4.4758e-01
+5.22552e+03 -4.53542e+04 2010454 1 4.4882e-01
+6.94589e+03 -4.39334e+04 2010537 1 4.6123e-01
+6.94778e+03 -4.30885e+04 2010578 1 4.5860e-01
+8.62662e+03 -4.25290e+04 2010620 1 4.6903e-01
+2.54002e+01 -2.82199e+04 4010451 1 3.5234e-01
+1.65069e+03 -2.82347e+04 4010452 1 3.5298e-01
+3.27326e+03 -2.82743e+04 4010453 1 3.5423e-01
+4.89059e+03 -2.83392e+04 4010454 1 3.5667e-01
+6.49986e+03 -2.84295e+04 4010455 1 3.5966e-01
+8.09895e+03 -2.85438e+04 4010456 1 3.6295e-01
+9.68535e+03 -2.86816e+04 4010457 1 3.6673e-01
+1.12571e+04 -2.88414e+04 4010458 1 3.7018e-01
+1.28123e+04 -2.90220e+04 4010459 1 3.7344e-01
+1.43493e+04 -2.92220e+04 4010460 1 3.7625e-01
+1.58666e+04 -2.94399e+04 4010461 1 3.7832e-01
+1.73633e+04 -2.96738e+04 4010462 1 3.7961e-01
+1.88381e+04 -2.99224e+04 4010463 1 3.7992e-01
+2.02904e+04 -3.01837e+04 4010464 1 3.7931e-01
+2.17199e+04 -3.04563e+04 4010465 1 3.7778e-01
+2.31262e+04 -3.07382e+04 4010466 1 3.7505e-01
+2.45092e+04 -3.10280e+04 4010467 1 3.7111e-01
+2.58689e+04 -3.13241e+04 4010468 1 3.6601e-01
+2.72056e+04 -3.16249e+04 4010469 1 3.6067e-01
+2.85198e+04 -3.19289e+04 4010470 1 3.5440e-01
+2.98121e+04 -3.22346e+04 4010471 1 3.4688e-01
+3.10826e+04 -3.25410e+04 4010472 1 3.3715e-01
+3.23322e+04 -3.28469e+04 4010473 1 3.2915e-01
+3.35619e+04 -3.31508e+04 4010474 1 3.2066e-01
+3.47726e+04 -3.34517e+04 4010475 1 3.1166e-01
+3.59650e+04 -3.37487e+04 4010476 1 3.0192e-01
+3.71393e+04 -3.40414e+04 4010477 1 2.8753e-01
+3.82968e+04 -3.43288e+04 4010478 1 2.7859e-01
+3.94389e+04 -3.46100e+04 4010479 1 2.6973e-01
+4.05664e+04 -3.48843e+04 4010480 1 2.6104e-01
+4.16802e+04 -3.51514e+04 4010481 1 2.5184e-01
+4.27809e+04 -3.54109e+04 4010482 1 2.4251e-01
+4.38692e+04 -3.56623e+04 4010483 1 2.3368e-01
+4.49462e+04 -3.59055e+04 4010484 1 2.2541e-01
+4.60128e+04 -3.61400e+04 4010485 1 2.1772e-01
+3.42999e+03 -4.84943e+04 2010289 1 4.1584e-01
+3.47991e+03 -4.68170e+04 2010371 1 4.2880e-01
+1.18443e+04 -3.96903e+04 2010786 1 4.6656e-01
+5.18970e+03 -3.86711e+04 2010782 1 4.2789e-01
+2.52361e+01 -2.73381e+04 4010492 1 3.4596e-01
+1.64005e+03 -2.73519e+04 4010493 1 3.4653e-01
+3.25228e+03 -2.73889e+04 4010494 1 3.4768e-01
+4.85956e+03 -2.74494e+04 4010495 1 3.4987e-01
+6.45920e+03 -2.75337e+04 4010496 1 3.5259e-01
+8.04917e+03 -2.76404e+04 4010497 1 3.5546e-01
+9.62715e+03 -2.77690e+04 4010498 1 3.5887e-01
+1.11911e+04 -2.79184e+04 4010499 1 3.6204e-01
+1.27395e+04 -2.80871e+04 4010500 1 3.6502e-01
+1.42705e+04 -2.82741e+04 4010501 1 3.6764e-01
+1.57828e+04 -2.84779e+04 4010502 1 3.6958e-01
+1.72754e+04 -2.86969e+04 4010503 1 3.7077e-01
+1.87471e+04 -2.89296e+04 4010504 1 3.7116e-01
+2.01973e+04 -2.91745e+04 4010505 1 3.7070e-01
+2.16256e+04 -2.94300e+04 4010506 1 3.6933e-01
+2.30316e+04 -2.96945e+04 4010507 1 3.6682e-01
+2.44152e+04 -2.99666e+04 4010508 1 3.6304e-01
+2.57763e+04 -3.02448e+04 4010509 1 3.5886e-01
+2.71153e+04 -3.05275e+04 4010510 1 3.5391e-01
+2.84326e+04 -3.08134e+04 4010511 1 3.4801e-01
+2.97284e+04 -3.11013e+04 4010512 1 3.4085e-01
+3.10031e+04 -3.13900e+04 4010513 1 3.3250e-01
+3.22575e+04 -3.16783e+04 4010514 1 3.2504e-01
+3.34925e+04 -3.19649e+04 4010515 1 3.1712e-01
+3.47088e+04 -3.22490e+04 4010516 1 3.0862e-01
+3.59072e+04 -3.25297e+04 4010517 1 2.9865e-01
+3.70876e+04 -3.28066e+04 4010518 1 2.8622e-01
+3.82516e+04 -3.30785e+04 4010519 1 2.7784e-01
+3.94002e+04 -3.33448e+04 4010520 1 2.6947e-01
+4.05344e+04 -3.36048e+04 4010521 1 2.6125e-01
+4.16548e+04 -3.38581e+04 4010522 1 2.5266e-01
+4.27621e+04 -3.41044e+04 4010523 1 2.4365e-01
+4.38571e+04 -3.43434e+04 4010524 1 2.3511e-01
+4.49406e+04 -3.45746e+04 4010525 1 2.2705e-01
+4.60134e+04 -3.47978e+04 4010526 1 2.1952e-01
+5.23599e+03 -4.45191e+04 2010495 1 4.4884e-01
+5.24092e+03 -4.36851e+04 2010536 1 4.4789e-01
+1.02605e+04 -4.11199e+04 2010703 1 4.7000e-01
+5.20543e+03 -3.95104e+04 2010741 1 4.3235e-01
+3.47749e+03 -3.85373e+04 2010781 1 4.1976e-01
+2.50681e+01 -2.64505e+04 4010533 1 3.3929e-01
+1.62915e+03 -2.64633e+04 4010534 1 3.3979e-01
+3.23078e+03 -2.64978e+04 4010535 1 3.4082e-01
+4.82773e+03 -2.65541e+04 4010536 1 3.4274e-01
+6.41745e+03 -2.66326e+04 4010537 1 3.4520e-01
+7.99799e+03 -2.67321e+04 4010538 1 3.4781e-01
+9.56720e+03 -2.68519e+04 4010539 1 3.5098e-01
+1.11231e+04 -2.69912e+04 4010540 1 3.5394e-01
+1.26642e+04 -2.71486e+04 4010541 1 3.5666e-01
+1.41888e+04 -2.73230e+04 4010542 1 3.5910e-01
+1.56955e+04 -2.75132e+04 4010543 1 3.6091e-01
+1.71834e+04 -2.77177e+04 4010544 1 3.6209e-01
+1.86514e+04 -2.79351e+04 4010545 1 3.6255e-01
+2.00989e+04 -2.81641e+04 4010546 1 3.6218e-01
+2.15254e+04 -2.84031e+04 4010547 1 3.6091e-01
+2.29305e+04 -2.86508e+04 4010548 1 3.5859e-01
+2.43140e+04 -2.89056e+04 4010549 1 3.5544e-01
+2.56760e+04 -2.91663e+04 4010550 1 3.5170e-01
+2.70166e+04 -2.94314e+04 4010551 1 3.4711e-01
+2.83361e+04 -2.96998e+04 4010552 1 3.4154e-01
+2.96347e+04 -2.99702e+04 4010553 1 3.3442e-01
+3.09129e+04 -3.02415e+04 4010554 1 3.2779e-01
+3.21715e+04 -3.05126e+04 4010555 1 3.2088e-01
+3.34111e+04 -3.07824e+04 4010556 1 3.1347e-01
+3.46324e+04 -3.10499e+04 4010557 1 3.0546e-01
+3.58360e+04 -3.13145e+04 4010558 1 2.9401e-01
+3.70219e+04 -3.15756e+04 4010559 1 2.8476e-01
+3.81918e+04 -3.18323e+04 4010560 1 2.7691e-01
+3.93465e+04 -3.20837e+04 4010561 1 2.6908e-01
+4.04868e+04 -3.23295e+04 4010562 1 2.6135e-01
+4.16134e+04 -3.25692e+04 4010563 1 2.5338e-01
+4.27270e+04 -3.28023e+04 4010564 1 2.4472e-01
+4.38281e+04 -3.30287e+04 4010565 1 2.3646e-01
+4.49177e+04 -3.32480e+04 4010566 1 2.2867e-01
+4.59965e+04 -3.34598e+04 4010567 1 2.2133e-01
+1.75788e+03 -4.66869e+04 2010370 1 4.2042e-01
+6.93557e+03 -4.13984e+04 2010660 1 4.5119e-01
+1.34780e+04 -4.18759e+04 2010705 1 4.8956e-01
+6.92283e+03 -4.05522e+04 2010701 1 4.4666e-01
+2.48961e+01 -2.55569e+04 4010574 1 3.3233e-01
+1.61799e+03 -2.55688e+04 4010575 1 3.3280e-01
+3.20875e+03 -2.56009e+04 4010576 1 3.3375e-01
+4.79510e+03 -2.56532e+04 4010577 1 3.3549e-01
+6.37460e+03 -2.57262e+04 4010578 1 3.3778e-01
+7.94538e+03 -2.58187e+04 4010579 1 3.4021e-01
+9.50547e+03 -2.59301e+04 4010580 1 3.4310e-01
+1.10529e+04 -2.60596e+04 4010581 1 3.4585e-01
+1.25863e+04 -2.62060e+04 4010582 1 3.4835e-01
+1.41040e+04 -2.63683e+04 4010583 1 3.5062e-01
+1.56046e+04 -2.65455e+04 4010584 1 3.5236e-01
+1.70874e+04 -2.67360e+04 4010585 1 3.5353e-01
+1.85512e+04 -2.69387e+04 4010586 1 3.5402e-01
+1.99954e+04 -2.71523e+04 4010587 1 3.5373e-01
+2.14194e+04 -2.73753e+04 4010588 1 3.5254e-01
+2.28229e+04 -2.76066e+04 4010589 1 3.5062e-01
+2.42058e+04 -2.78447e+04 4010590 1 3.4801e-01
+2.55679e+04 -2.80884e+04 4010591 1 3.4460e-01
+2.69094e+04 -2.83364e+04 4010592 1 3.4034e-01
+2.82305e+04 -2.85876e+04 4010593 1 3.3501e-01
+2.95313e+04 -2.88410e+04 4010594 1 3.2874e-01
+3.08124e+04 -2.90953e+04 4010595 1 3.2302e-01
+3.20745e+04 -2.93495e+04 4010596 1 3.1669e-01
+3.33180e+04 -2.96027e+04 4010597 1 3.0978e-01
+3.45437e+04 -2.98540e+04 4010598 1 3.0217e-01
+3.57518e+04 -3.01028e+04 4010599 1 2.9049e-01
+3.69427e+04 -3.03484e+04 4010600 1 2.8324e-01
+3.81180e+04 -3.05899e+04 4010601 1 2.7594e-01
+3.92781e+04 -3.08267e+04 4010602 1 2.6863e-01
+4.04240e+04 -3.10584e+04 4010603 1 2.6137e-01
+4.15564e+04 -3.12844e+04 4010604 1 2.5403e-01
+4.26757e+04 -3.15045e+04 4010605 1 2.4574e-01
+4.37827e+04 -3.17183e+04 4010606 1 2.3782e-01
+4.48780e+04 -3.19255e+04 4010607 1 2.3028e-01
+4.59625e+04 -3.21259e+04 4010608 1 2.2314e-01
+3.45839e+03 -4.76528e+04 2010330 1 4.2342e-01
+3.49555e+03 -4.59854e+04 2010412 1 4.3243e-01
+3.51514e+03 -4.35045e+04 2010535 1 4.3533e-01
+1.77434e+03 -4.25750e+04 2010575 1 4.2803e-01
+5.21881e+03 -4.03476e+04 2010700 1 4.3651e-01
+8.58658e+03 -3.99504e+04 2010743 1 4.5319e-01
+1.65323e+04 -4.08798e+04 2010789 1 4.8444e-01
+1.34403e+04 -4.00522e+04 2010787 1 4.7451e-01
+2.47199e+01 -2.46572e+04 4010615 1 3.2528e-01
+1.60655e+03 -2.46682e+04 4010616 1 3.2570e-01
+3.18618e+03 -2.46980e+04 4010617 1 3.2659e-01
+4.76164e+03 -2.47464e+04 4010618 1 3.2817e-01
+6.33061e+03 -2.48140e+04 4010619 1 3.3031e-01
+7.89131e+03 -2.48998e+04 4010620 1 3.3259e-01
+9.44192e+03 -2.50031e+04 4010621 1 3.3522e-01
+1.09805e+04 -2.51232e+04 4010622 1 3.3773e-01
+1.25057e+04 -2.52592e+04 4010623 1 3.4004e-01
+1.40161e+04 -2.54099e+04 4010624 1 3.4218e-01
+1.55103e+04 -2.55744e+04 4010625 1 3.4389e-01
+1.69873e+04 -2.57515e+04 4010626 1 3.4505e-01
+1.84464e+04 -2.59400e+04 4010627 1 3.4558e-01
+1.98867e+04 -2.61386e+04 4010628 1 3.4534e-01
+2.13077e+04 -2.63462e+04 4010629 1 3.4441e-01
+2.27090e+04 -2.65616e+04 4010630 1 3.4294e-01
+2.40906e+04 -2.67835e+04 4010631 1 3.4068e-01
+2.54522e+04 -2.70107e+04 4010632 1 3.3758e-01
+2.67939e+04 -2.72421e+04 4010633 1 3.3359e-01
+2.81159e+04 -2.74766e+04 4010634 1 3.2836e-01
+2.94183e+04 -2.77133e+04 4010635 1 3.2347e-01
+3.07017e+04 -2.79510e+04 4010636 1 3.1825e-01
+3.19665e+04 -2.81887e+04 4010637 1 3.1251e-01
+3.32134e+04 -2.84257e+04 4010638 1 3.0611e-01
+3.44427e+04 -2.86610e+04 4010639 1 2.9878e-01
+3.56547e+04 -2.88942e+04 4010640 1 2.8845e-01
+3.68502e+04 -2.91245e+04 4010641 1 2.8174e-01
+3.80302e+04 -2.93511e+04 4010642 1 2.7497e-01
+3.91954e+04 -2.95735e+04 4010643 1 2.6818e-01
+4.03464e+04 -2.97912e+04 4010644 1 2.6142e-01
+4.14840e+04 -3.00037e+04 4010645 1 2.5473e-01
+4.26087e+04 -3.02108e+04 4010646 1 2.4680e-01
+4.37211e+04 -3.04121e+04 4010647 1 2.3919e-01
+4.48218e+04 -3.06073e+04 4010648 1 2.3194e-01
+4.59117e+04 -3.07963e+04 4010649 1 2.2503e-01
+1.77367e+03 -4.42156e+04 2010493 1 4.2823e-01
+5.24105e+03 -4.28515e+04 2010577 1 4.4601e-01
+1.02178e+04 -3.93681e+04 2010785 1 4.5692e-01
+1.75482e+03 -3.84565e+04 2010780 1 4.1569e-01
+2.45393e+01 -2.37509e+04 4010656 1 3.1812e-01
+2.71792e+01 -4.58136e+04 2010410 1 4.2019e-01
+1.59483e+03 -2.37611e+04 4010657 1 3.1850e-01
+3.16303e+03 -2.37886e+04 4010658 1 3.1930e-01
+1.17524e+04 -4.77412e+04 2010417 1 5.0920e-01
+1.73317e+03 -4.83541e+04 2010288 1 4.0718e-01
+4.72729e+03 -2.38334e+04 4010659 1 3.2069e-01
+6.28543e+03 -2.38959e+04 4010660 1 3.2263e-01
+1.18088e+04 -4.68425e+04 2010458 1 5.0869e-01
+1.74727e+03 -4.75176e+04 2010329 1 4.1486e-01
+2.66837e+01 -4.83017e+04 2010287 1 4.0205e-01
+2.68997e+01 -4.74669e+04 2010328 1 4.1005e-01
+7.83572e+03 -2.39752e+04 4010661 1 3.2471e-01
+9.37648e+03 -2.40707e+04 4010662 1 3.2709e-01
+1.09059e+04 -2.41819e+04 4010663 1 3.2951e-01
+1.16784e+04 -4.86420e+04 2010376 1 5.0782e-01
+1.24225e+04 -2.43078e+04 4010664 1 3.3174e-01
+1.32836e+04 -4.82837e+04 2010418 1 5.1854e-01
+1.39251e+04 -2.44473e+04 4010665 1 3.3379e-01
+1.54123e+04 -2.45997e+04 4010666 1 3.3548e-01
+1.68832e+04 -2.47638e+04 4010667 1 3.3665e-01
+1.83370e+04 -2.49385e+04 4010668 1 3.3723e-01
+1.97728e+04 -2.51228e+04 4010669 1 3.3720e-01
+2.11902e+04 -2.53155e+04 4010670 1 3.3661e-01
+2.25888e+04 -2.55155e+04 4010671 1 3.3538e-01
+2.39684e+04 -2.57216e+04 4010672 1 3.3346e-01
+2.53289e+04 -2.59329e+04 4010673 1 3.3064e-01
+2.66701e+04 -2.61481e+04 4010674 1 3.2684e-01
+2.79923e+04 -2.63664e+04 4010675 1 3.2257e-01
+2.92957e+04 -2.65868e+04 4010676 1 3.1835e-01
+3.05808e+04 -2.68083e+04 4010677 1 3.1359e-01
+3.18478e+04 -2.70299e+04 4010678 1 3.0832e-01
+3.30973e+04 -2.72510e+04 4010679 1 3.0241e-01
+3.43297e+04 -2.74707e+04 4010680 1 2.9510e-01
+3.55451e+04 -2.76886e+04 4010681 1 2.8649e-01
+3.67445e+04 -2.79039e+04 4010682 1 2.8034e-01
+3.79288e+04 -2.81158e+04 4010683 1 2.7409e-01
+3.90984e+04 -2.83239e+04 4010684 1 2.6783e-01
+4.02541e+04 -2.85278e+04 4010685 1 2.6157e-01
+4.13965e+04 -2.87269e+04 4010686 1 2.5535e-01
+4.25261e+04 -2.89210e+04 4010687 1 2.4797e-01
+4.36435e+04 -2.91099e+04 4010688 1 2.4068e-01
+4.47493e+04 -2.92932e+04 4010689 1 2.3371e-01
+4.58443e+04 -2.94707e+04 4010690 1 2.2707e-01
+3.50618e+03 -4.51567e+04 2010453 1 4.3460e-01
+1.79875e+04 -4.52505e+04 2010626 1 5.1193e-01
+2.72349e+01 -4.08971e+04 2010656 1 4.2206e-01
+8.60485e+03 -4.08107e+04 2010702 1 4.5888e-01
+2.48930e+04 -4.50071e+04 2010754 1 4.5616e-01
+2.70073e+01 -3.84260e+04 2010779 1 4.1365e-01
+2.73024e+01 -4.41726e+04 2010492 1 4.2461e-01
+1.79439e+04 -4.62333e+04 2010585 1 5.1602e-01
+1.64500e+04 -4.66197e+04 2010543 1 5.2111e-01
+1.77069e+03 -4.50371e+04 2010452 1 4.2698e-01
+2.73190e+01 -4.33541e+04 2010533 1 4.2518e-01
+3.51250e+03 -4.43301e+04 2010494 1 4.3545e-01
+1.34078e+04 -4.64464e+04 2010500 1 5.1604e-01
+1.76555e+03 -4.58605e+04 2010411 1 4.2439e-01
+2.72574e+01 -4.49921e+04 2010451 1 4.2307e-01
+1.49205e+04 -4.69938e+04 2010501 1 5.2194e-01
+1.77480e+03 -4.33952e+04 2010534 1 4.2854e-01
+2.21072e+04 -4.70421e+04 2010629 1 4.9062e-01
+2.07765e+04 -4.64263e+04 2010628 1 5.0087e-01
+2.70622e+01 -4.66381e+04 2010369 1 4.1591e-01
+1.49706e+04 -4.60552e+04 2010542 1 5.1871e-01
+1.48530e+04 -4.79339e+04 2010460 1 5.2349e-01
+1.67748e+04 -2.37725e+04 4010708 1 3.2833e-01
+1.82227e+04 -2.39340e+04 4010709 1 3.2911e-01
+1.96536e+04 -2.41044e+04 4010710 1 3.2933e-01
+2.10668e+04 -2.42827e+04 4010711 1 3.2896e-01
+2.24620e+04 -2.44678e+04 4010712 1 3.2797e-01
+1.63860e+04 -4.75817e+04 2010502 1 5.2336e-01
+2.38391e+04 -2.46587e+04 4010713 1 3.2629e-01
+2.51978e+04 -2.48545e+04 4010714 1 3.2378e-01
+2.65380e+04 -2.50541e+04 4010715 1 3.2042e-01
+2.78598e+04 -2.52566e+04 4010716 1 3.1716e-01
+2.91636e+04 -2.54611e+04 4010717 1 3.1340e-01
+3.04497e+04 -2.56668e+04 4010718 1 3.0912e-01
+3.17183e+04 -2.58728e+04 4010719 1 3.0428e-01
+3.29698e+04 -2.60783e+04 4010720 1 2.9868e-01
+3.42046e+04 -2.62828e+04 4010721 1 2.9006e-01
+3.54229e+04 -2.64857e+04 4010722 1 2.8469e-01
+3.66257e+04 -2.66861e+04 4010723 1 2.7910e-01
+3.78136e+04 -2.68836e+04 4010724 1 2.7340e-01
+3.89872e+04 -2.70777e+04 4010725 1 2.6764e-01
+4.01471e+04 -2.72679e+04 4010726 1 2.6186e-01
+4.12939e+04 -2.74539e+04 4010727 1 2.5611e-01
+4.24280e+04 -2.76352e+04 4010728 1 2.4931e-01
+4.35501e+04 -2.78117e+04 4010729 1 2.4236e-01
+4.46606e+04 -2.79832e+04 4010730 1 2.3568e-01
+4.57603e+04 -2.81493e+04 4010731 1 2.2926e-01
+4.68498e+04 -2.83099e+04 4010732 1 2.2316e-01
+1.78034e+04 -4.82039e+04 2010503 1 5.2116e-01
+1.93461e+04 -4.68347e+04 2010586 1 5.1198e-01
+6.94409e+03 -4.22437e+04 2010619 1 4.5520e-01
+5.23706e+03 -4.20178e+04 2010618 1 4.4340e-01
+5.22949e+03 -4.11833e+04 2010659 1 4.4027e-01
+1.02417e+04 -4.02444e+04 2010744 1 4.6361e-01
+8.56420e+03 -3.90887e+04 2010784 1 4.4712e-01
+1.76948e+03 -4.09326e+04 2010657 1 4.2469e-01
+2.73834e+04 -4.61496e+04 2010756 1 4.2561e-01
+2.72821e+01 -4.17169e+04 2010615 1 4.2380e-01
+2.73111e+01 -4.25358e+04 2010574 1 4.2494e-01
+3.51460e+03 -4.26792e+04 2010576 1 4.3429e-01
+3.51132e+03 -4.18536e+04 2010617 1 4.3245e-01
+3.50568e+03 -4.10271e+04 2010658 1 4.3005e-01
+1.77250e+03 -4.17543e+04 2010616 1 4.2665e-01
+3.19981e+04 -4.84066e+04 2010760 1 3.4951e-01
+2.22276e+04 -4.49361e+04 2010711 1 4.8373e-01
+1.94442e+04 -4.48223e+04 2010668 1 5.0361e-01
+2.08308e+04 -4.53966e+04 2010669 1 4.9739e-01
+2.84692e+04 -4.78871e+04 2010716 1 4.0650e-01
+1.94036e+04 -4.58274e+04 2010627 1 5.0845e-01
+4.54095e+04 -2.42093e+04 6010034 1 2.3753e-01
+2.21765e+04 -4.59877e+04 2010670 1 4.8787e-01
+2.33963e+04 -4.76706e+04 2010630 1 4.7651e-01
+2.48308e+04 -4.61039e+04 2010713 1 4.5916e-01
+2.50588e+04 -2.37752e+04 4010755 1 3.1703e-01
+4.42973e+04 -2.40766e+04 6010033 1 2.4322e-01
+2.47490e+04 -4.72040e+04 2010672 1 4.6084e-01
+1.63026e+04 -4.85451e+04 2010461 1 5.2440e-01
+2.63974e+04 -2.39596e+04 4010756 1 3.1478e-01
+2.72898e+04 -4.72928e+04 2010715 1 4.2613e-01
+2.77184e+04 -2.41468e+04 4010757 1 3.1198e-01
+2.90219e+04 -2.43359e+04 4010758 1 3.0868e-01
+3.03083e+04 -2.45262e+04 4010759 1 3.0484e-01
+2.59787e+04 -4.78213e+04 2010673 1 4.4347e-01
+3.15778e+04 -2.47170e+04 4010760 1 3.0040e-01
+4.31746e+04 -2.39400e+04 6010032 1 2.4907e-01
+3.28308e+04 -2.49074e+04 4010761 1 2.9493e-01
+3.40673e+04 -2.50969e+04 4010762 1 2.8784e-01
+3.52881e+04 -2.52850e+04 4010763 1 2.8303e-01
+3.64938e+04 -2.54710e+04 4010764 1 2.7805e-01
+3.76849e+04 -2.56544e+04 4010765 1 2.7293e-01
+3.88619e+04 -2.58347e+04 4010766 1 2.6771e-01
+4.00255e+04 -2.60115e+04 4010767 1 2.6243e-01
+4.11762e+04 -2.61844e+04 4010768 1 2.5715e-01
+4.23145e+04 -2.63531e+04 4010769 1 2.5094e-01
+4.34408e+04 -2.65174e+04 4010770 1 2.4430e-01
+4.45557e+04 -2.66771e+04 4010771 1 2.3789e-01
+4.56599e+04 -2.68319e+04 4010772 1 2.3170e-01
+4.67539e+04 -2.69817e+04 4010773 1 2.2576e-01
+1.92698e+04 -4.78438e+04 2010545 1 5.1394e-01
+1.78832e+04 -4.72178e+04 2010544 1 5.1947e-01
+2.60772e+04 -4.66976e+04 2010714 1 4.4390e-01
+3.08850e+04 -4.78524e+04 2010759 1 3.6727e-01
+2.85796e+04 -4.67216e+04 2010757 1 4.0837e-01
+6.90643e+03 -3.97047e+04 2010742 1 4.4172e-01
+3.49799e+03 -4.01991e+04 2010699 1 4.2707e-01
+1.76544e+03 -4.01093e+04 2010698 1 4.2221e-01
+6.88682e+03 -3.88555e+04 2010783 1 4.3646e-01
+2.70956e+01 -3.92520e+04 2010738 1 4.1691e-01
+2.71721e+01 -4.00755e+04 2010697 1 4.1980e-01
+3.21350e+04 -4.71831e+04 2010801 1 3.5292e-01
+3.32416e+04 -4.77080e+04 2010802 1 3.2887e-01
+3.48851e+03 -3.93693e+04 2010740 1 4.2359e-01
+2.61548e+04 -4.55773e+04 2010755 1 4.4289e-01
+2.98512e+04 -4.61066e+04 2010799 1 3.9049e-01
+2.35479e+04 -4.55156e+04 2010712 1 4.7328e-01
+2.46460e+04 -4.83071e+04 2010631 1 4.6101e-01
+3.53893e+04 -4.87247e+04 2010804 1 2.9439e-01
+1.76052e+03 -3.92841e+04 2010739 1 4.1912e-01
+3.10055e+04 -4.66487e+04 2010800 1 3.7011e-01
+2.86683e+04 -4.55599e+04 2010798 1 4.0856e-01
+2.06104e+04 -4.84922e+04 2010546 1 5.0450e-01
+2.96194e+04 -4.84767e+04 2010717 1 3.8744e-01
+3.39180e+04 -2.39128e+04 4010803 1 2.8595e-01
+3.51407e+04 -2.40865e+04 4010804 1 2.8171e-01
+3.63486e+04 -2.42583e+04 4010805 1 2.7727e-01
+3.75424e+04 -2.44278e+04 4010806 1 2.7269e-01
+2.34820e+04 -4.65917e+04 2010671 1 4.7560e-01
+2.20176e+04 -4.80989e+04 2010588 1 4.9190e-01
+3.87224e+04 -2.45946e+04 4010807 1 2.6799e-01
+3.98893e+04 -2.47582e+04 4010808 1 2.6322e-01
+4.10435e+04 -2.49183e+04 4010809 1 2.5841e-01
+4.21855e+04 -2.50746e+04 4010810 1 2.5279e-01
+4.33157e+04 -2.52269e+04 4010811 1 2.4648e-01
+4.44347e+04 -2.53750e+04 4010812 1 2.4035e-01
+3.43244e+04 -4.82229e+04 2010803 1 3.1052e-01
+4.55430e+04 -2.55186e+04 4010813 1 2.3441e-01
+4.66412e+04 -2.56576e+04 4010814 1 2.2868e-01
+2.71739e+04 -4.84395e+04 2010674 1 4.2504e-01
+2.07038e+04 -4.74582e+04 2010587 1 5.0306e-01
+4.65117e+04 -2.43377e+04 6010035 1 2.3202e-01
+2.97467e+04 -4.72897e+04 2010758 1 3.8982e-01
+4.20408e+04 -2.37995e+04 6010031 1 2.5506e-01
