+2.71752e+01 -4.89303e+04 2010000 1 5.0717e-01
+4.68114e+04 -6.29483e+04 2010613 1 3.6741e-01
+1.76313e+03 -4.90202e+04 2010001 1 5.1767e-01
+4.67710e+04 -6.90815e+04 3010391 1 4.8070e-01
+3.47677e+03 -4.92626e+04 2010002 1 5.3415e-01
+5.14647e+03 -4.96586e+04 2010003 1 5.6299e-01
+6.75280e+03 -5.01976e+04 2010004 1 5.8934e-01
+8.28013e+03 -5.08654e+04 2010005 1 6.1422e-01
+9.71520e+03 -5.16470e+04 2010006 1 6.3207e-01
+1.10507e+04 -5.25250e+04 2010007 1 6.4034e-01
+1.22826e+04 -5.34822e+04 2010008 1 6.4023e-01
+1.34101e+04 -5.45022e+04 2010009 1 6.3116e-01
+1.44358e+04 -5.55700e+04 2010010 1 6.1280e-01
+1.53645e+04 -5.66719e+04 2010011 1 5.8833e-01
+1.62028e+04 -5.77959e+04 2010012 1 5.5887e-01
+1.69580e+04 -5.89311e+04 2010013 1 5.2488e-01
+1.76399e+04 -6.00702e+04 2010014 1 4.8629e-01
+1.82567e+04 -6.12048e+04 2010015 1 4.5373e-01
+1.88184e+04 -6.23299e+04 2010016 1 4.1046e-01
+1.93341e+04 -6.34408e+04 2010017 1 3.8694e-01
+1.98128e+04 -6.45335e+04 2010018 1 3.3729e-01
+2.02641e+04 -6.56106e+04 2010019 1 3.3863e-01
+2.06962e+04 -6.66556e+04 2010020 1 2.9688e-01
+2.11179e+04 -6.76816e+04 2010021 1 2.8990e-01
+2.15366e+04 -6.86811e+04 2010022 1 2.9015e-01
+2.19607e+04 -6.96528e+04 2010023 1 3.1049e-01
+2.23948e+04 -7.05937e+04 2010024 1 3.2492e-01
+2.28496e+04 -7.15077e+04 2010025 1 3.6858e-01
+2.33256e+04 -7.23849e+04 2010026 1 3.8676e-01
+2.38353e+04 -7.32343e+04 2010027 1 4.1377e-01
+4.56368e+04 -6.73405e+04 2010491 1 4.4003e-01
+4.63713e+04 -6.59749e+04 2010532 1 4.1397e-01
+4.61559e+04 -6.43474e+04 2010572 1 3.7982e-01
+4.36092e+04 -5.19492e+04 4010032 1 2.8064e-01
+4.32581e+04 -7.27923e+04 3010273 1 5.6199e-01
+4.27038e+04 -5.15113e+04 4010031 1 2.8364e-01
+4.45111e+04 -5.23624e+04 4010033 1 2.7858e-01
+4.41494e+04 -7.15184e+04 3010312 1 5.3321e-01
+4.42680e+04 -7.29660e+04 3010274 1 5.6719e-01
+4.54108e+04 -5.27512e+04 4010034 1 2.7923e-01
+4.63596e+04 -7.32326e+04 3010276 1 5.7160e-01
+4.53022e+04 -7.31122e+04 3010275 1 5.7025e-01
+4.63095e+04 -5.31161e+04 4010035 1 2.8077e-01
+3.80567e+04 -4.89524e+04 4010026 1 3.3633e-01
+4.65724e+04 -6.75552e+04 3010429 1 4.4921e-01
+3.14064e+04 -4.88058e+04 2010717 1 4.7225e-01
+5.39092e+03 -4.88757e+04 2010044 1 5.8274e-01
+1.77295e+04 -7.36222e+04 10724 1 7.7434e-01
+7.07439e+03 -4.94284e+04 2010045 1 6.1327e-01
+8.67503e+03 -5.01138e+04 2010046 1 6.4031e-01
+1.01812e+04 -5.09145e+04 2010047 1 6.5875e-01
+1.15845e+04 -5.18132e+04 2010048 1 6.6818e-01
+1.28806e+04 -5.27923e+04 2010049 1 6.6647e-01
+1.40694e+04 -5.38348e+04 2010050 1 6.5434e-01
+1.51533e+04 -5.49250e+04 2010051 1 6.3381e-01
+1.61373e+04 -5.60487e+04 2010052 1 6.0626e-01
+1.70278e+04 -5.71931e+04 2010053 1 5.7247e-01
+1.78333e+04 -5.83482e+04 2010054 1 5.3181e-01
+1.85627e+04 -5.95050e+04 2010055 1 4.9029e-01
+1.92246e+04 -6.06548e+04 2010056 1 4.4780e-01
+1.98296e+04 -6.17937e+04 2010057 1 4.0090e-01
+2.03862e+04 -6.29141e+04 2010058 1 3.6368e-01
+2.09047e+04 -6.40153e+04 2010059 1 3.1411e-01
+2.13937e+04 -6.50908e+04 2010060 1 2.9449e-01
+2.18623e+04 -6.61397e+04 2010061 1 2.4951e-01
+2.23180e+04 -6.71648e+04 2010062 1 2.4401e-01
+2.27677e+04 -6.81563e+04 2010063 1 2.4005e-01
+2.32209e+04 -6.91152e+04 2010064 1 2.5182e-01
+2.36850e+04 -7.00448e+04 2010065 1 2.7371e-01
+2.41629e+04 -7.09364e+04 2010066 1 3.1737e-01
+2.46631e+04 -7.17954e+04 2010067 1 3.4556e-01
+2.51920e+04 -7.26194e+04 2010068 1 3.8554e-01
+2.57511e+04 -7.34030e+04 2010069 1 4.4369e-01
+4.61573e+04 -7.18452e+04 3010314 1 5.4376e-01
+4.58061e+04 -6.88973e+04 3010390 1 4.7202e-01
+4.49987e+04 -7.02189e+04 3010351 1 5.0296e-01
+4.39391e+04 -5.05304e+04 4010073 1 2.7890e-01
+4.17928e+04 -5.10485e+04 4010030 1 2.8813e-01
+1.48291e+04 -7.34553e+04 10642 0 5.5456e-01
+4.57642e+04 -5.13165e+04 4010075 1 2.7428e-01
+4.66730e+04 -5.16749e+04 4010076 1 2.7485e-01
+3.99476e+04 -5.00489e+04 4010028 1 3.0254e-01
+3.87248e+04 -5.08715e+04 2010806 1 3.1334e-01
+4.08748e+04 -5.05610e+04 4010029 1 2.9460e-01
+4.48533e+04 -5.09351e+04 4010074 1 2.7621e-01
+1.99978e+04 -7.20636e+04 10804 1 5.3597e-01
+1.73384e+04 -6.89680e+04 10760 1 6.6370e-01
+1.95883e+04 -7.11053e+04 10803 1 5.2543e-01
+4.11600e+04 -4.91757e+04 4010070 1 2.9575e-01
+4.42340e+04 -4.91126e+04 4010114 1 2.7705e-01
+3.36638e+04 -4.90228e+04 2010760 1 4.1781e-01
+3.58751e+04 -4.90703e+04 2010803 1 3.6962e-01
+1.61858e+04 -7.33446e+04 10683 0 6.8375e-01
+8.99357e+03 -4.93609e+04 2010087 1 6.6023e-01
+1.05606e+04 -5.01685e+04 2010088 1 6.8033e-01
+1.20235e+04 -5.10751e+04 2010089 1 6.9019e-01
+1.33781e+04 -5.20626e+04 2010090 1 6.8913e-01
+1.46241e+04 -5.31139e+04 2010091 1 6.7757e-01
+1.57639e+04 -5.42132e+04 2010092 1 6.5543e-01
+1.68023e+04 -5.53459e+04 2010093 1 6.2459e-01
+1.77461e+04 -5.64996e+04 2010094 1 5.8695e-01
+1.86032e+04 -5.76633e+04 2010095 1 5.4435e-01
+1.93822e+04 -5.88272e+04 2010096 1 5.0019e-01
+2.00927e+04 -5.99841e+04 2010097 1 4.4950e-01
+2.07443e+04 -6.11283e+04 2010098 1 4.0314e-01
+2.13457e+04 -6.22522e+04 2010099 1 3.5575e-01
+2.19071e+04 -6.33560e+04 2010100 1 3.0945e-01
+2.24363e+04 -6.44297e+04 2010101 1 2.7444e-01
+2.29426e+04 -6.54788e+04 2010102 1 2.3174e-01
+2.34348e+04 -6.64947e+04 2010103 1 2.1848e-01
+2.39221e+04 -6.74781e+04 2010104 1 2.1122e-01
+2.44051e+04 -6.84258e+04 2010105 1 2.2331e-01
+2.48997e+04 -6.93438e+04 2010106 1 2.4959e-01
+2.54026e+04 -7.02195e+04 2010107 1 2.8961e-01
+2.59269e+04 -7.10604e+04 2010108 1 3.2160e-01
+2.64762e+04 -7.18633e+04 2010109 1 3.6253e-01
+2.70516e+04 -7.26248e+04 2010110 1 4.1705e-01
+2.76591e+04 -7.33447e+04 2010111 1 4.4764e-01
+4.59764e+04 -7.03993e+04 3010352 1 5.1045e-01
+3.90094e+04 -4.95125e+04 4010027 1 3.1596e-01
+4.51420e+04 -7.16951e+04 3010313 1 5.3951e-01
+4.30199e+04 -5.01023e+04 4010072 1 2.8249e-01
+3.46538e+04 -4.97123e+04 2010761 1 3.8769e-01
+1.80701e+04 -7.09774e+04 10762 1 6.7141e-01
+1.76975e+04 -6.99774e+04 10761 1 6.6975e-01
+4.51606e+04 -4.95080e+04 4010115 1 2.7376e-01
+1.43911e+04 -7.24464e+04 10641 0 5.5250e-01
+1.13825e+04 -7.23828e+04 10557 0 5.7629e-01
+1.32252e+04 -7.30854e+04 10600 0 5.1441e-01
+1.18107e+04 -7.32924e+04 10558 0 5.5803e-01
+1.01461e+04 -7.32385e+04 10515 0 6.7610e-01
+1.08695e+04 -4.94115e+04 2010129 1 6.9755e-01
+1.23850e+04 -5.03159e+04 2010130 1 7.0837e-01
+1.37931e+04 -5.13014e+04 2010131 1 7.0790e-01
+1.50925e+04 -5.23512e+04 2010132 1 6.9656e-01
+1.62856e+04 -5.34492e+04 2010133 1 6.7554e-01
+1.73770e+04 -5.45812e+04 2010134 1 6.4579e-01
+1.83730e+04 -5.57342e+04 2010135 1 6.0903e-01
+1.92816e+04 -5.68970e+04 2010136 1 5.6607e-01
+2.01112e+04 -5.80606e+04 2010137 1 5.1789e-01
+2.08711e+04 -5.92171e+04 2010138 1 4.6859e-01
+2.15702e+04 -6.03588e+04 2010139 1 4.1933e-01
+2.22182e+04 -6.14818e+04 2010140 1 3.6559e-01
+2.28242e+04 -6.25810e+04 2010141 1 3.2181e-01
+2.33974e+04 -6.36522e+04 2010142 1 2.7287e-01
+2.39444e+04 -6.46964e+04 2010143 1 2.4431e-01
+2.44734e+04 -6.57005e+04 2010144 1 2.1245e-01
+2.49970e+04 -6.66794e+04 2010145 1 2.0197e-01
+2.55125e+04 -6.76179e+04 2010146 1 2.0926e-01
+2.60380e+04 -6.85195e+04 2010147 1 2.2954e-01
+2.65690e+04 -6.93799e+04 2010148 1 2.6267e-01
+2.71181e+04 -7.02052e+04 2010149 1 2.9765e-01
+2.76882e+04 -7.09903e+04 2010150 1 3.3900e-01
+2.82810e+04 -7.17335e+04 2010151 1 3.8947e-01
+2.89023e+04 -7.24344e+04 2010152 1 4.2071e-01
+2.95564e+04 -7.30946e+04 2010153 1 4.5212e-01
+3.02456e+04 -7.37120e+04 2010154 1 4.8269e-01
+1.57516e+04 -7.23226e+04 10682 0 6.7053e-01
+1.27985e+04 -7.21172e+04 10599 0 5.2546e-01
+4.20941e+04 -4.96507e+04 4010071 1 2.8830e-01
+4.60825e+04 -4.98815e+04 4010116 1 2.7125e-01
+3.68423e+04 -4.96948e+04 2010804 1 3.5044e-01
+2.04353e+04 -7.30009e+04 10805 1 5.5844e-01
+1.84635e+04 -7.19651e+04 10763 1 6.7712e-01
+1.64953e+04 -7.05939e+04 10721 1 7.6147e-01
+3.77917e+04 -5.02954e+04 2010805 1 3.3210e-01
+1.46040e+04 -6.92859e+04 10679 0 6.4728e-01
+1.61311e+04 -6.95778e+04 10720 1 7.5573e-01
+1.88847e+04 -7.29396e+04 10764 1 6.8298e-01
+1.72871e+04 -7.26190e+04 10723 1 7.7015e-01
+1.23929e+04 -7.11627e+04 10598 0 5.3601e-01
+1.39816e+04 -7.14463e+04 10640 0 5.5318e-01
+1.09721e+04 -7.14913e+04 10556 0 5.9102e-01
+9.32081e+03 -7.16269e+04 10513 0 7.1113e-01
+9.72746e+03 -7.24217e+04 10514 0 6.9404e-01
+8.26054e+03 -7.32142e+04 10471 0 8.3278e-01
+1.26828e+04 -4.95401e+04 2010171 1 7.1883e-01
+1.41386e+04 -5.05157e+04 2010172 1 7.1969e-01
+1.54870e+04 -5.15556e+04 2010173 1 7.0917e-01
+1.67302e+04 -5.26442e+04 2010174 1 6.8902e-01
+1.78724e+04 -5.37673e+04 2010175 1 6.5943e-01
+1.89196e+04 -5.49120e+04 2010176 1 6.2299e-01
+1.98793e+04 -5.60674e+04 2010177 1 5.8072e-01
+2.07594e+04 -5.72237e+04 2010178 1 5.3485e-01
+2.15688e+04 -5.83725e+04 2010179 1 4.8583e-01
+2.23165e+04 -5.95079e+04 2010180 1 4.3356e-01
+2.30114e+04 -6.06240e+04 2010181 1 3.8437e-01
+2.36621e+04 -6.17146e+04 2010182 1 3.3388e-01
+2.42783e+04 -6.27794e+04 2010183 1 2.8427e-01
+2.48695e+04 -6.38121e+04 2010184 1 2.5243e-01
+2.54366e+04 -6.48108e+04 2010185 1 2.2307e-01
+2.59951e+04 -6.57779e+04 2010186 1 2.0310e-01
+2.65478e+04 -6.67016e+04 2010187 1 2.0713e-01
+2.71035e+04 -6.75932e+04 2010188 1 2.2516e-01
+2.76617e+04 -6.84427e+04 2010189 1 2.5134e-01
+2.82354e+04 -6.92545e+04 2010190 1 2.7926e-01
+2.88273e+04 -7.00235e+04 2010191 1 3.0865e-01
+2.94388e+04 -7.07498e+04 2010192 1 3.5589e-01
+3.00750e+04 -7.14345e+04 2010193 1 3.8849e-01
+3.07402e+04 -7.20780e+04 2010194 1 4.2151e-01
+3.14365e+04 -7.26793e+04 2010195 1 4.5204e-01
+3.21659e+04 -7.32378e+04 2010196 1 4.8239e-01
+6.19944e+03 -7.36107e+04 10426 0 9.8969e-01
+7.85505e+03 -7.25267e+04 10470 0 8.4864e-01
+7.45662e+03 -7.18653e+04 10469 0 8.6148e-01
+1.49684e+04 -7.02911e+04 10680 0 6.5522e-01
+1.68781e+04 -7.16085e+04 10722 1 7.6559e-01
+1.53485e+04 -7.13041e+04 10681 0 6.6305e-01
+1.20032e+04 -7.02262e+04 10597 0 5.4410e-01
+1.01847e+04 -6.97717e+04 10554 0 6.2148e-01
+1.05744e+04 -7.06206e+04 10555 0 6.0629e-01
+8.92217e+03 -7.08552e+04 10512 0 7.2652e-01
+8.52897e+03 -7.01104e+04 10511 0 7.4018e-01
+7.06274e+03 -7.12313e+04 10468 0 8.7501e-01
+5.03932e+03 -7.21351e+04 10423 0 1.0190e+00
+1.29261e+04 -4.87518e+04 2010212 1 7.2913e-01
+1.44252e+04 -4.97111e+04 2010213 1 7.3159e-01
+1.58190e+04 -5.07348e+04 2010214 1 7.2340e-01
+1.71090e+04 -5.18076e+04 2010215 1 7.0510e-01
+1.82993e+04 -5.29155e+04 2010216 1 6.7738e-01
+1.93953e+04 -5.40457e+04 2010217 1 6.4190e-01
+2.04041e+04 -5.51872e+04 2010218 1 5.9947e-01
+2.13336e+04 -5.63305e+04 2010219 1 5.5208e-01
+2.21923e+04 -5.74676e+04 2010220 1 5.0185e-01
+2.29885e+04 -5.85913e+04 2010221 1 4.5319e-01
+2.37306e+04 -5.96954e+04 2010222 1 4.0357e-01
+2.44269e+04 -6.07764e+04 2010223 1 3.5405e-01
+2.50859e+04 -6.18288e+04 2010224 1 3.0819e-01
+2.57184e+04 -6.28507e+04 2010225 1 2.5946e-01
+2.63272e+04 -6.38409e+04 2010226 1 2.4133e-01
+2.69216e+04 -6.47906e+04 2010227 1 2.1314e-01
+2.75093e+04 -6.57074e+04 2010228 1 2.1763e-01
+2.80959e+04 -6.65870e+04 2010229 1 2.1834e-01
+2.86843e+04 -6.74203e+04 2010230 1 2.3425e-01
+2.92844e+04 -6.82175e+04 2010231 1 2.6289e-01
+2.98982e+04 -6.89743e+04 2010232 1 2.9826e-01
+3.05277e+04 -6.96886e+04 2010233 1 3.3855e-01
+3.11788e+04 -7.03607e+04 2010234 1 3.6828e-01
+3.18555e+04 -7.09909e+04 2010235 1 3.9814e-01
+3.25598e+04 -7.15789e+04 2010236 1 4.2539e-01
+3.32938e+04 -7.21245e+04 2010237 1 4.5214e-01
+3.40586e+04 -7.26286e+04 2010238 1 4.7749e-01
+3.48554e+04 -7.30912e+04 2010239 1 5.0344e-01
+3.56850e+04 -7.35132e+04 2010240 1 5.2832e-01
+5.42304e+03 -7.25976e+04 10424 0 1.0102e+00
+5.80942e+03 -7.30903e+04 10425 0 1.0004e+00
+4.65691e+03 -7.17027e+04 10422 0 1.0275e+00
+6.67105e+03 -7.06252e+04 10467 0 8.8613e-01
+6.28029e+03 -7.00502e+04 10466 0 8.9639e-01
+1.35930e+04 -7.04569e+04 10639 0 5.5497e-01
+1.16237e+04 -6.93092e+04 10596 0 5.5507e-01
+9.79951e+03 -6.89482e+04 10553 0 6.3221e-01
+8.13783e+03 -6.93930e+04 10510 0 7.5423e-01
+7.74604e+03 -6.87041e+04 10509 0 7.6468e-01
+4.27488e+03 -7.13011e+04 10421 0 1.0346e+00
+1.46612e+04 -4.88923e+04 2010254 1 7.4085e-01
+1.60965e+04 -4.98948e+04 2010255 1 7.3379e-01
+1.74302e+04 -5.09467e+04 2010256 1 7.1692e-01
+1.86657e+04 -5.20342e+04 2010257 1 6.9122e-01
+1.98084e+04 -5.31450e+04 2010258 1 6.5777e-01
+2.08646e+04 -5.42681e+04 2010259 1 6.1832e-01
+2.18417e+04 -5.53940e+04 2010260 1 5.7418e-01
+2.27477e+04 -5.65142e+04 2010261 1 5.2577e-01
+2.35910e+04 -5.76221e+04 2010262 1 4.7320e-01
+2.43804e+04 -5.87121e+04 2010263 1 4.2249e-01
+2.51222e+04 -5.97785e+04 2010264 1 3.8087e-01
+2.58242e+04 -6.08172e+04 2010265 1 3.3207e-01
+2.64972e+04 -6.18267e+04 2010266 1 2.8704e-01
+2.71474e+04 -6.28015e+04 2010267 1 2.6087e-01
+2.77781e+04 -6.37412e+04 2010268 1 2.3464e-01
+2.84008e+04 -6.46460e+04 2010269 1 2.2225e-01
+2.90197e+04 -6.55079e+04 2010270 1 2.1899e-01
+2.96368e+04 -6.63331e+04 2010271 1 2.3733e-01
+3.02622e+04 -6.71191e+04 2010272 1 2.5488e-01
+3.08992e+04 -6.78621e+04 2010273 1 2.7275e-01
+3.15491e+04 -6.85622e+04 2010274 1 3.0628e-01
+3.22170e+04 -6.92218e+04 2010275 1 3.3826e-01
+3.29064e+04 -6.98408e+04 2010276 1 3.6937e-01
+3.36199e+04 -7.04183e+04 2010277 1 3.9878e-01
+3.43593e+04 -7.09543e+04 2010278 1 4.2832e-01
+3.51261e+04 -7.14496e+04 2010279 1 4.5464e-01
+3.59217e+04 -7.19040e+04 2010280 1 4.7942e-01
+3.67468e+04 -7.23187e+04 2010281 1 5.0307e-01
+3.76019e+04 -7.26950e+04 2010282 1 5.2408e-01
+3.84873e+04 -7.30333e+04 2010283 1 5.4219e-01
+3.94028e+04 -7.33353e+04 2010284 1 5.5846e-01
+4.03480e+04 -7.36023e+04 2010285 1 5.7187e-01
+2.18391e+03 -7.35345e+04 10375 0 1.1406e+00
+1.32196e+04 -6.94825e+04 10638 0 5.5437e-01
+1.12488e+04 -6.84130e+04 10595 0 5.6415e-01
+9.41490e+03 -6.81516e+04 10552 0 6.4482e-01
+7.35196e+03 -6.80473e+04 10508 0 7.7416e-01
+5.49464e+03 -6.89943e+04 10464 0 9.1424e-01
+5.88864e+03 -6.95065e+04 10465 0 9.0632e-01
+3.89284e+03 -7.09329e+04 10420 0 1.0410e+00
+3.50993e+03 -7.05971e+04 10419 0 1.0471e+00
+1.63264e+04 -4.90404e+04 2010296 1 7.4209e-01
+1.09386e+03 -7.31029e+04 10372 0 1.1482e+00
+1.77001e+04 -5.00674e+04 2010297 1 7.2636e-01
+1.89781e+04 -5.11305e+04 2010298 1 7.0263e-01
+2.01649e+04 -5.22178e+04 2010299 1 6.7191e-01
+2.12664e+04 -5.33184e+04 2010300 1 6.3472e-01
+2.22895e+04 -5.44231e+04 2010301 1 5.9232e-01
+2.32415e+04 -5.55235e+04 2010302 1 5.4640e-01
+2.41303e+04 -5.66125e+04 2010303 1 4.9792e-01
+2.49642e+04 -5.76840e+04 2010304 1 4.4575e-01
+2.57520e+04 -5.87339e+04 2010305 1 4.0097e-01
+2.64967e+04 -5.97573e+04 2010306 1 3.5836e-01
+2.72098e+04 -6.07499e+04 2010307 1 3.1133e-01
+2.79001e+04 -6.17117e+04 2010308 1 2.8453e-01
+2.85675e+04 -6.26380e+04 2010309 1 2.5243e-01
+2.92254e+04 -6.35261e+04 2010310 1 2.4092e-01
+2.98753e+04 -6.43786e+04 2010311 1 2.3227e-01
+3.05220e+04 -6.51911e+04 2010312 1 2.2766e-01
+3.11747e+04 -6.59614e+04 2010313 1 2.4559e-01
+3.18346e+04 -6.66942e+04 2010314 1 2.6796e-01
+3.25036e+04 -6.73854e+04 2010315 1 2.9004e-01
+3.31879e+04 -6.80354e+04 2010316 1 3.1449e-01
+3.38916e+04 -6.86429e+04 2010317 1 3.3478e-01
+3.46161e+04 -6.92099e+04 2010318 1 3.6526e-01
+3.53628e+04 -6.97371e+04 2010319 1 3.9538e-01
+3.61336e+04 -7.02246e+04 2010320 1 4.2233e-01
+3.69298e+04 -7.06725e+04 2010321 1 4.4818e-01
+3.77524e+04 -7.10821e+04 2010322 1 4.7275e-01
+3.86020e+04 -7.14541e+04 2010323 1 4.9397e-01
+3.94790e+04 -7.17894e+04 2010324 1 5.1302e-01
+4.03835e+04 -7.20893e+04 2010325 1 5.2992e-01
+4.13151e+04 -7.23555e+04 2010326 1 5.4400e-01
+4.22735e+04 -7.25894e+04 2010327 1 5.5462e-01
+1.28550e+04 -6.85252e+04 10637 0 5.5827e-01
+1.08748e+04 -6.75416e+04 10594 0 5.6953e-01
+9.02712e+03 -6.73819e+04 10551 0 6.5668e-01
+8.63400e+03 -6.66433e+04 10550 0 6.6219e-01
+6.54797e+03 -6.68292e+04 10506 0 7.9054e-01
+6.95314e+03 -6.74219e+04 10507 0 7.8626e-01
+5.09782e+03 -6.85171e+04 10463 0 9.2134e-01
+2.74046e+03 -7.00274e+04 10417 0 1.0564e+00
+3.12578e+03 -7.02943e+04 10418 0 1.0518e+00
+1.45694e+03 -7.32166e+04 10373 0 1.1461e+00
+1.79253e+04 -4.91745e+04 2010338 1 7.3420e-01
+1.92424e+04 -5.02102e+04 2010339 1 7.1274e-01
+2.04705e+04 -5.12709e+04 2010340 1 6.8318e-01
+2.16149e+04 -5.23459e+04 2010341 1 6.4858e-01
+2.26819e+04 -5.34261e+04 2010342 1 6.0909e-01
+2.36782e+04 -5.45034e+04 2010343 1 5.6576e-01
+2.46111e+04 -5.55708e+04 2010344 1 5.1897e-01
+2.54884e+04 -5.66223e+04 2010345 1 4.6968e-01
+2.63190e+04 -5.76526e+04 2010346 1 4.1841e-01
+2.71068e+04 -5.86575e+04 2010347 1 3.8295e-01
+2.78595e+04 -5.96341e+04 2010348 1 3.3763e-01
+2.85888e+04 -6.05795e+04 2010349 1 3.0656e-01
+2.92928e+04 -6.14894e+04 2010350 1 2.7529e-01
+2.99849e+04 -6.23656e+04 2010351 1 2.6309e-01
+3.06666e+04 -6.32031e+04 2010352 1 2.3758e-01
+3.13432e+04 -6.40013e+04 2010353 1 2.4217e-01
+3.20215e+04 -6.47630e+04 2010354 1 2.5341e-01
+3.27047e+04 -6.54844e+04 2010355 1 2.4932e-01
+3.33955e+04 -6.61621e+04 2010356 1 2.6891e-01
+3.40978e+04 -6.68021e+04 2010357 1 2.9476e-01
+3.48152e+04 -6.74023e+04 2010358 1 3.1977e-01
+3.55501e+04 -6.79628e+04 2010359 1 3.4562e-01
+3.63047e+04 -6.84834e+04 2010360 1 3.6759e-01
+3.70811e+04 -6.89636e+04 2010361 1 3.8678e-01
+3.78800e+04 -6.94056e+04 2010362 1 4.1361e-01
+3.87021e+04 -6.98106e+04 2010363 1 4.3824e-01
+3.95482e+04 -7.01793e+04 2010364 1 4.6030e-01
+4.04191e+04 -7.05126e+04 2010365 1 4.8047e-01
+4.13148e+04 -7.08117e+04 2010366 1 4.9844e-01
+4.22353e+04 -7.10781e+04 2010367 1 5.1351e-01
+4.31803e+04 -7.13132e+04 2010368 1 5.2464e-01
+1.54296e+04 -6.75521e+04 10718 0 7.4078e-01
+1.35402e+04 -6.63453e+04 10676 0 6.2595e-01
+1.24930e+04 -6.75854e+04 10636 0 5.6256e-01
+1.01110e+04 -6.58747e+04 10592 0 5.8598e-01
+1.04970e+04 -6.66956e+04 10593 0 5.8052e-01
+7.82046e+03 -6.52597e+04 10548 0 6.7826e-01
+8.23269e+03 -6.59361e+04 10549 0 6.7410e-01
+6.13572e+03 -6.62731e+04 10505 0 7.9842e-01
+5.71464e+03 -6.57508e+04 10504 0 8.0868e-01
+4.29156e+03 -6.76655e+04 10461 0 9.3316e-01
+3.88167e+03 -6.72952e+04 10460 0 9.3844e-01
+4.69701e+03 -6.80741e+04 10462 0 9.2908e-01
+2.35348e+03 -6.97939e+04 10416 0 1.0604e+00
+1.96496e+03 -6.95952e+04 10415 0 1.0628e+00
+1.57521e+03 -6.94343e+04 10414 0 1.0654e+00
+1.94643e+04 -4.92778e+04 2010380 1 7.1965e-01
+2.07306e+04 -5.03095e+04 2010381 1 6.9281e-01
+2.19151e+04 -5.13565e+04 2010382 1 6.5917e-01
+2.30236e+04 -5.24099e+04 2010383 1 6.2142e-01
+2.40623e+04 -5.34617e+04 2010384 1 5.8202e-01
+2.50376e+04 -5.45048e+04 2010385 1 5.3889e-01
+2.59567e+04 -5.55336e+04 2010386 1 4.9176e-01
+2.68282e+04 -5.65428e+04 2010387 1 4.4156e-01
+2.76581e+04 -5.75283e+04 2010388 1 4.0673e-01
+2.84496e+04 -5.84857e+04 2010389 1 3.6235e-01
+2.92167e+04 -5.94134e+04 2010390 1 3.2979e-01
+2.99566e+04 -6.03085e+04 2010391 1 2.9956e-01
+3.06828e+04 -6.11680e+04 2010392 1 2.7902e-01
+3.13958e+04 -6.19915e+04 2010393 1 2.5966e-01
+3.21013e+04 -6.27789e+04 2010394 1 2.5896e-01
+3.28067e+04 -6.35260e+04 2010395 1 2.5266e-01
+3.35141e+04 -6.42348e+04 2010396 1 2.6078e-01
+3.42249e+04 -6.49058e+04 2010397 1 2.6954e-01
+3.49449e+04 -6.55370e+04 2010398 1 2.7924e-01
+3.56784e+04 -6.61266e+04 2010399 1 2.9591e-01
+3.64262e+04 -6.66789e+04 2010400 1 3.2108e-01
+3.71902e+04 -6.71930e+04 2010401 1 3.4493e-01
+3.79723e+04 -6.76693e+04 2010402 1 3.6902e-01
+3.87740e+04 -6.81084e+04 2010403 1 3.9144e-01
+3.95966e+04 -6.85107e+04 2010404 1 4.1055e-01
+4.04412e+04 -6.88768e+04 2010405 1 4.2504e-01
+4.13080e+04 -6.92084e+04 2010406 1 4.4621e-01
+4.21971e+04 -6.95072e+04 2010407 1 4.6501e-01
+4.31087e+04 -6.97743e+04 2010408 1 4.8049e-01
+4.40427e+04 -7.00111e+04 2010409 1 4.9310e-01
+1.42493e+04 -6.82928e+04 10678 0 6.3712e-01
+1.21287e+04 -6.66667e+04 10635 0 5.5855e-01
+1.17572e+04 -6.57708e+04 10634 0 5.6235e-01
+9.71445e+03 -6.50847e+04 10591 0 5.8856e-01
+7.39660e+03 -6.46201e+04 10547 0 6.8288e-01
+5.28457e+03 -6.52666e+04 10503 0 8.0665e-01
+3.46662e+03 -6.69604e+04 10459 0 9.4432e-01
+3.04675e+03 -6.66636e+04 10458 0 9.4515e-01
+2.09498e+04 -4.93374e+04 2010422 1 6.9845e-01
+2.21716e+04 -5.03546e+04 2010423 1 6.6804e-01
+2.33188e+04 -5.13792e+04 2010424 1 6.3181e-01
+2.43977e+04 -5.24036e+04 2010425 1 5.9281e-01
+2.54138e+04 -5.34209e+04 2010426 1 5.5399e-01
+2.63731e+04 -5.44253e+04 2010427 1 5.1112e-01
+2.72839e+04 -5.54113e+04 2010428 1 4.6324e-01
+2.81540e+04 -5.63751e+04 2010429 1 4.2589e-01
+2.89834e+04 -5.73132e+04 2010430 1 3.8483e-01
+2.97871e+04 -5.82222e+04 2010431 1 3.4952e-01
+3.05623e+04 -5.90992e+04 2010432 1 3.1944e-01
+3.13217e+04 -5.99436e+04 2010433 1 3.0059e-01
+3.20655e+04 -6.07529e+04 2010434 1 2.7591e-01
+3.28005e+04 -6.15246e+04 2010435 1 2.6928e-01
+3.35320e+04 -6.22607e+04 2010436 1 2.6997e-01
+3.42628e+04 -6.29600e+04 2010437 1 2.7002e-01
+3.49956e+04 -6.36180e+04 2010438 1 2.6417e-01
+3.57348e+04 -6.42390e+04 2010439 1 2.8000e-01
+3.64831e+04 -6.48235e+04 2010440 1 2.9676e-01
+3.72434e+04 -6.53698e+04 2010441 1 3.0902e-01
+3.80182e+04 -6.58767e+04 2010442 1 3.2046e-01
+3.88085e+04 -6.63473e+04 2010443 1 3.4344e-01
+3.96154e+04 -6.67822e+04 2010444 1 3.6464e-01
+4.04403e+04 -6.71818e+04 2010445 1 3.8544e-01
+4.12842e+04 -6.75473e+04 2010446 1 4.0562e-01
+4.21477e+04 -6.78795e+04 2010447 1 4.2354e-01
+4.30315e+04 -6.81792e+04 2010448 1 4.3887e-01
+4.39359e+04 -6.84478e+04 2010449 1 4.5079e-01
+4.48609e+04 -6.86865e+04 2010450 1 4.6081e-01
+2.24055e+04 -7.36780e+04 10847 1 4.7269e-01
+1.57783e+04 -6.85631e+04 10719 0 7.4851e-01
+1.38969e+04 -6.73125e+04 10677 0 6.3341e-01
+1.13728e+04 -6.48961e+04 10633 0 5.6911e-01
+9.30357e+03 -6.43241e+04 10590 0 6.0188e-01
+8.87544e+03 -6.35932e+04 10589 0 5.9539e-01
+6.95872e+03 -6.40147e+04 10546 0 6.9669e-01
+6.50599e+03 -6.34457e+04 10545 0 6.8801e-01
+6.03819e+03 -6.29179e+04 10544 0 6.9928e-01
+4.39546e+03 -6.44119e+04 10501 0 8.1278e-01
+4.84510e+03 -6.48213e+04 10502 0 8.1465e-01
+3.93680e+03 -6.40469e+04 10500 0 8.1713e-01
+2.23886e+04 -4.93440e+04 2010464 1 6.7383e-01
+2.35721e+04 -5.03384e+04 2010465 1 6.4078e-01
+2.46883e+04 -5.13338e+04 2010466 1 6.0234e-01
+2.57432e+04 -5.23236e+04 2010467 1 5.6539e-01
+2.67411e+04 -5.33022e+04 2010468 1 5.2586e-01
+2.76897e+04 -5.42641e+04 2010469 1 4.8125e-01
+2.85978e+04 -5.52049e+04 2010470 1 4.4230e-01
+2.94641e+04 -5.61215e+04 2010471 1 4.0445e-01
+3.03031e+04 -5.70107e+04 2010472 1 3.6620e-01
+3.11127e+04 -5.78702e+04 2010473 1 3.3948e-01
+3.19047e+04 -5.86971e+04 2010474 1 3.1603e-01
+3.26790e+04 -5.94904e+04 2010475 1 2.9226e-01
+3.34423e+04 -6.02496e+04 2010476 1 2.8515e-01
+3.42002e+04 -6.09723e+04 2010477 1 2.7586e-01
+3.49553e+04 -6.16581e+04 2010478 1 2.7495e-01
+3.57090e+04 -6.23079e+04 2010479 1 2.7505e-01
+3.64666e+04 -6.29213e+04 2010480 1 2.8047e-01
+3.72321e+04 -6.34952e+04 2010481 1 2.8774e-01
+3.80067e+04 -6.40337e+04 2010482 1 3.0429e-01
+3.87920e+04 -6.45369e+04 2010483 1 3.2086e-01
+3.95901e+04 -6.50043e+04 2010484 1 3.3424e-01
+4.04031e+04 -6.54357e+04 2010485 1 3.4197e-01
+4.12322e+04 -6.58319e+04 2010486 1 3.6215e-01
+4.20777e+04 -6.61956e+04 2010487 1 3.8030e-01
+4.29403e+04 -6.65272e+04 2010488 1 3.9730e-01
+4.38209e+04 -6.68277e+04 2010489 1 4.1346e-01
+4.47197e+04 -6.70984e+04 2010490 1 4.2801e-01
+2.19161e+04 -7.27988e+04 10846 1 4.5655e-01
+1.31742e+04 -6.53964e+04 10675 0 6.1182e-01
+1.27928e+04 -6.44654e+04 10674 0 6.1507e-01
+1.05525e+04 -6.32293e+04 10631 0 5.6878e-01
+1.09727e+04 -6.40490e+04 10632 0 5.5890e-01
+1.01079e+04 -6.24342e+04 10630 0 5.5577e-01
+8.42907e+03 -6.28999e+04 10588 0 6.0381e-01
+7.47147e+03 -6.16160e+04 10586 0 6.0355e-01
+7.96078e+03 -6.22358e+04 10587 0 6.0680e-01
+5.55389e+03 -6.24252e+04 10543 0 6.9066e-01
+5.05460e+03 -6.19800e+04 10542 0 6.9899e-01
+2.99187e+03 -6.34355e+04 10498 0 8.1754e-01
+1.76110e+03 -6.60073e+04 10455 0 9.5233e-01
+2.62242e+03 -6.64071e+04 10457 0 9.4919e-01
+1.18408e+03 -6.93066e+04 10413 0 1.0676e+00
+7.31039e+02 -7.30229e+04 10371 0 1.1495e+00
+7.91962e+02 -6.92153e+04 10412 0 1.0686e+00
+2.37871e+04 -4.92909e+04 2010506 1 6.4674e-01
+2.49383e+04 -5.02563e+04 2010507 1 6.1152e-01
+2.60293e+04 -5.12173e+04 2010508 1 5.7303e-01
+2.70641e+04 -5.21686e+04 2010509 1 5.3829e-01
+2.80488e+04 -5.31051e+04 2010510 1 4.9605e-01
+2.89928e+04 -5.40220e+04 2010511 1 4.4962e-01
+2.98950e+04 -5.49166e+04 2010512 1 4.2169e-01
+3.07679e+04 -5.57847e+04 2010513 1 3.7791e-01
+3.16110e+04 -5.66248e+04 2010514 1 3.5548e-01
+3.24345e+04 -5.74345e+04 2010515 1 3.3216e-01
+3.32385e+04 -5.82120e+04 2010516 1 3.0566e-01
+3.40302e+04 -5.89555e+04 2010517 1 2.9548e-01
+3.48139e+04 -5.96651e+04 2010518 1 2.8950e-01
+3.55924e+04 -6.03402e+04 2010519 1 2.8333e-01
+3.63679e+04 -6.09783e+04 2010520 1 2.7453e-01
+3.71452e+04 -6.15811e+04 2010521 1 2.8305e-01
+3.79268e+04 -6.21491e+04 2010522 1 2.9296e-01
+3.87152e+04 -6.26820e+04 2010523 1 2.9928e-01
+3.95131e+04 -6.31774e+04 2010524 1 3.0814e-01
+4.03213e+04 -6.36392e+04 2010525 1 3.2367e-01
+4.11412e+04 -6.40681e+04 2010526 1 3.3988e-01
+4.19742e+04 -6.44638e+04 2010527 1 3.5296e-01
+4.28218e+04 -6.48267e+04 2010528 1 3.6424e-01
+4.36852e+04 -6.51576e+04 2010529 1 3.7338e-01
+4.45644e+04 -6.54584e+04 2010530 1 3.8896e-01
+4.54596e+04 -6.57304e+04 2010531 1 4.0204e-01
+3.46854e+03 -6.37192e+04 10499 0 8.2498e-01
+1.50776e+04 -6.65458e+04 10717 0 7.3368e-01
+1.47156e+04 -6.55459e+04 10716 0 7.2205e-01
+1.19624e+04 -6.26637e+04 10672 0 5.8933e-01
+1.23897e+04 -6.35502e+04 10673 0 5.9632e-01
+9.63816e+03 -6.16772e+04 10629 0 5.6257e-01
+9.13784e+03 -6.09440e+04 10628 0 5.4901e-01
+6.95816e+03 -6.10291e+04 10585 0 6.2530e-01
+5.27974e+03 -5.95359e+04 10582 0 6.0013e-01
+6.42211e+03 -6.04890e+04 10584 0 6.0209e-01
+4.53905e+03 -6.15706e+04 10541 0 6.9369e-01
+3.46581e+03 -6.08936e+04 10539 0 7.0957e-01
+2.50745e+03 -6.31947e+04 10497 0 8.2331e-01
+2.01599e+03 -6.29936e+04 10496 0 8.1686e-01
+2.51510e+04 -4.91741e+04 2010548 1 6.1783e-01
+3.68388e+02 -7.29771e+04 10370 0 1.1503e+00
+2.62755e+04 -5.01055e+04 2010549 1 5.8055e-01
+2.73454e+04 -5.10285e+04 2010550 1 5.4809e-01
+2.83645e+04 -5.19385e+04 2010551 1 5.0873e-01
+2.93422e+04 -5.28304e+04 2010552 1 4.6399e-01
+3.02792e+04 -5.37017e+04 2010553 1 4.3590e-01
+3.11844e+04 -5.45485e+04 2010554 1 3.9342e-01
+3.20600e+04 -5.53687e+04 2010555 1 3.6993e-01
+3.29141e+04 -5.61594e+04 2010556 1 3.4468e-01
+3.37472e+04 -5.69201e+04 2010557 1 3.1908e-01
+3.45663e+04 -5.76490e+04 2010558 1 3.0690e-01
+3.53756e+04 -5.83444e+04 2010559 1 2.9563e-01
+3.61778e+04 -5.90062e+04 2010560 1 2.8851e-01
+3.69745e+04 -5.96344e+04 2010561 1 2.8258e-01
+3.77709e+04 -6.02284e+04 2010562 1 2.8444e-01
+3.85700e+04 -6.07866e+04 2010563 1 2.8809e-01
+3.93735e+04 -6.13114e+04 2010564 1 2.9754e-01
+4.01833e+04 -6.18031e+04 2010565 1 3.0863e-01
+4.10012e+04 -6.22614e+04 2010566 1 3.1586e-01
+4.18297e+04 -6.26852e+04 2010567 1 3.2343e-01
+4.26692e+04 -6.30775e+04 2010568 1 3.3788e-01
+4.35205e+04 -6.34393e+04 2010569 1 3.5201e-01
+4.43848e+04 -6.37712e+04 2010570 1 3.6357e-01
+4.52631e+04 -6.40736e+04 2010571 1 3.7314e-01
+1.66311e+04 -6.69297e+04 10758 1 6.6360e-01
+1.91999e+04 -7.01282e+04 10802 1 5.1088e-01
+3.99288e+02 -6.91641e+04 10411 0 1.0694e+00
+2.14605e+04 -7.18962e+04 10845 1 4.2546e-01
+1.69856e+04 -6.79523e+04 10759 1 6.5937e-01
+1.43368e+04 -6.45567e+04 10715 0 7.0966e-01
+1.39341e+04 -6.35764e+04 10714 0 7.0506e-01
+1.15032e+04 -6.17915e+04 10671 0 6.1618e-01
+1.10120e+04 -6.09578e+04 10670 0 5.6967e-01
+9.91162e+03 -5.93715e+04 10668 0 5.6181e-01
+1.04809e+04 -6.01403e+04 10669 0 5.6805e-01
+8.60861e+03 -6.02586e+04 10627 0 5.5869e-01
+8.04548e+03 -5.95994e+04 10626 0 5.3798e-01
+7.45129e+03 -5.89951e+04 10625 0 5.5720e-01
+6.82298e+03 -5.84249e+04 10624 0 5.2775e-01
+5.86201e+03 -5.99865e+04 10583 0 6.2392e-01
+4.05068e+03 -5.87737e+04 10580 0 5.9759e-01
+4.67487e+03 -5.91241e+04 10581 0 6.2175e-01
+4.00962e+03 -6.12133e+04 10540 0 6.9613e-01
+2.91021e+03 -6.06283e+04 10538 0 6.9169e-01
+2.19349e+03 -6.61854e+04 10456 0 9.5100e-01
+2.64854e+04 -4.89906e+04 2010590 1 5.8640e-01
+4.47558e+02 -6.57085e+04 10452 0 9.5511e-01
+2.75882e+04 -4.98846e+04 2010591 1 5.5412e-01
+2.86400e+04 -5.07674e+04 2010592 1 5.1872e-01
+2.96496e+04 -5.16336e+04 2010593 1 4.7649e-01
+3.06196e+04 -5.24806e+04 2010594 1 4.4835e-01
+3.15560e+04 -5.33050e+04 2010595 1 4.0656e-01
+3.24628e+04 -5.41045e+04 2010596 1 3.8305e-01
+3.33463e+04 -5.48764e+04 2010597 1 3.5637e-01
+3.42076e+04 -5.56194e+04 2010598 1 3.2924e-01
+3.50535e+04 -5.63320e+04 2010599 1 3.1599e-01
+3.58878e+04 -5.70134e+04 2010600 1 3.0550e-01
+3.67130e+04 -5.76627e+04 2010601 1 2.9364e-01
+3.75312e+04 -5.82787e+04 2010602 1 2.8432e-01
+3.83471e+04 -5.88621e+04 2010603 1 2.8639e-01
+3.91631e+04 -5.94130e+04 2010604 1 2.9078e-01
+3.99816e+04 -5.99308e+04 2010605 1 2.9048e-01
+4.08049e+04 -6.04150e+04 2010606 1 2.9977e-01
+4.16340e+04 -6.08677e+04 2010607 1 3.1008e-01
+4.24707e+04 -6.12894e+04 2010608 1 3.2010e-01
+4.33163e+04 -6.16803e+04 2010609 1 3.2800e-01
+4.41728e+04 -6.20395e+04 2010610 1 3.3387e-01
+4.50405e+04 -6.23699e+04 2010611 1 3.4582e-01
+4.59198e+04 -6.26725e+04 2010612 1 3.5707e-01
+2.34341e+03 -6.04028e+04 10537 0 7.0355e-01
+1.51923e+03 -6.28419e+04 10495 0 8.2049e-01
+1.58881e+04 -6.48757e+04 10756 1 6.5043e-01
+1.62673e+04 -6.59021e+04 10757 1 6.5628e-01
+1.35024e+04 -6.26100e+04 10713 0 6.7334e-01
+1.30339e+04 -6.16603e+04 10712 0 6.8329e-01
+1.25254e+04 -6.07292e+04 10711 0 6.4214e-01
+9.29787e+03 -5.86260e+04 10667 0 5.3190e-01
+8.64128e+03 -5.79301e+04 10666 0 5.5501e-01
+7.94011e+03 -5.72800e+04 10665 0 5.2062e-01
+7.19433e+03 -5.66736e+04 10664 0 5.0929e-01
+6.16316e+03 -5.79093e+04 10623 0 5.5708e-01
+5.47234e+03 -5.74450e+04 10622 0 5.2945e-01
+4.75201e+03 -5.70266e+04 10621 0 5.2114e-01
+3.40723e+03 -5.84621e+04 10579 0 5.7804e-01
+1.76807e+03 -6.02339e+04 10536 0 6.8593e-01
+2.74857e+03 -5.82169e+04 10578 0 5.9445e-01
+1.18559e+03 -6.01044e+04 10535 0 6.9565e-01
+1.32547e+03 -6.58675e+04 10454 0 9.5474e-01
+7.91193e+00 -6.26289e+04 10492 0 8.2047e-01
+2.88779e+04 -4.95940e+04 2010633 1 5.2569e-01
+2.99179e+04 -5.04342e+04 2010634 1 4.8603e-01
+3.09192e+04 -5.12563e+04 2010635 1 4.5878e-01
+3.18853e+04 -5.20576e+04 2010636 1 4.1826e-01
+3.28219e+04 -5.28355e+04 2010637 1 3.9375e-01
+3.37339e+04 -5.35876e+04 2010638 1 3.6641e-01
+3.46224e+04 -5.43128e+04 2010639 1 3.4009e-01
+3.54943e+04 -5.50089e+04 2010640 1 3.2389e-01
+3.63531e+04 -5.56749e+04 2010641 1 3.1119e-01
+3.72011e+04 -5.63106e+04 2010642 1 2.9896e-01
+3.80402e+04 -5.69153e+04 2010643 1 2.8924e-01
+3.88753e+04 -5.74882e+04 2010644 1 2.8591e-01
+3.97089e+04 -5.80292e+04 2010645 1 2.8842e-01
+4.05427e+04 -5.85390e+04 2010646 1 2.9290e-01
+4.13790e+04 -5.90179e+04 2010647 1 2.9784e-01
+4.22196e+04 -5.94654e+04 2010648 1 2.9978e-01
+4.30661e+04 -5.98819e+04 2010649 1 3.0887e-01
+4.39196e+04 -6.02693e+04 2010650 1 3.1830e-01
+4.47812e+04 -6.06280e+04 2010651 1 3.2768e-01
+4.56520e+04 -6.09585e+04 2010652 1 3.3515e-01
+4.65335e+04 -6.12607e+04 2010653 1 3.3850e-01
+1.88256e+04 -6.91327e+04 10801 1 5.0848e-01
+1.84581e+04 -6.81213e+04 10800 1 4.9591e-01
+2.10297e+04 -7.09618e+04 10844 1 4.0998e-01
+1.54823e+04 -6.38437e+04 10755 1 6.5814e-01
+1.50478e+04 -6.28195e+04 10754 1 6.3452e-01
+1.45696e+04 -6.17948e+04 10753 1 6.5006e-01
+1.40494e+04 -6.07838e+04 10752 1 6.4052e-01
+1.34733e+04 -5.97827e+04 10751 1 6.3373e-01
+1.13627e+04 -5.89427e+04 10709 0 6.1989e-01
+1.19691e+04 -5.98172e+04 10710 0 6.5343e-01
+1.07018e+04 -5.80933e+04 10708 0 5.9889e-01
+9.98393e+03 -5.72832e+04 10707 0 5.8179e-01
+9.20743e+03 -5.65235e+04 10706 0 5.6108e-01
+7.47917e+03 -5.51660e+04 10704 0 5.2400e-01
+6.40650e+03 -5.61300e+04 10663 0 5.1923e-01
+8.37216e+03 -5.58157e+04 10705 0 5.4107e-01
+4.71311e+03 -5.52259e+04 10661 0 4.7905e-01
+5.57839e+03 -5.56489e+04 10662 0 4.9258e-01
+3.23705e+03 -5.63863e+04 10619 0 5.1028e-01
+1.39359e+03 -5.78760e+04 10576 0 5.8975e-01
+2.44844e+03 -5.61492e+04 10618 0 5.1561e-01
+4.00633e+03 -5.66807e+04 10620 0 5.3081e-01
+2.07608e+03 -5.80160e+04 10577 0 5.7711e-01
+3.01497e+04 -4.92339e+04 2010675 1 4.9344e-01
+1.01779e+03 -6.27255e+04 10494 0 8.1714e-01
+8.31598e+02 -5.58915e+04 10616 0 5.0258e-01
+3.11806e+04 -5.00308e+04 2010676 1 4.6636e-01
+3.21750e+04 -5.08086e+04 2010677 1 4.2792e-01
+3.31401e+04 -5.15644e+04 2010678 1 4.0326e-01
+3.40793e+04 -5.22960e+04 2010679 1 3.7473e-01
+3.49942e+04 -5.30024e+04 2010680 1 3.4874e-01
+3.58912e+04 -5.36815e+04 2010681 1 3.3211e-01
+3.67738e+04 -5.43322e+04 2010682 1 3.1751e-01
+3.76440e+04 -5.49536e+04 2010683 1 3.0210e-01
+3.85040e+04 -5.55455e+04 2010684 1 2.9197e-01
+3.93580e+04 -5.61075e+04 2010685 1 2.8952e-01
+4.02088e+04 -5.66394e+04 2010686 1 2.8862e-01
+4.10583e+04 -5.71406e+04 2010687 1 2.8845e-01
+4.19084e+04 -5.76120e+04 2010688 1 2.9263e-01
+4.27607e+04 -5.80540e+04 2010689 1 2.9802e-01
+4.36169e+04 -5.84669e+04 2010690 1 3.0342e-01
+4.44786e+04 -5.88507e+04 2010691 1 3.0608e-01
+4.53470e+04 -5.92063e+04 2010692 1 3.1456e-01
+4.62227e+04 -5.95350e+04 2010693 1 3.2283e-01
+2.06200e+04 -7.00033e+04 10843 1 3.8632e-01
+1.80901e+04 -6.70966e+04 10799 1 5.0052e-01
+1.77131e+04 -6.60575e+04 10798 1 5.0712e-01
+1.73193e+04 -6.50060e+04 10797 1 4.9935e-01
+1.69012e+04 -6.39486e+04 10796 1 5.3224e-01
+1.64497e+04 -6.28821e+04 10795 1 5.1500e-01
+1.28363e+04 -5.88037e+04 10750 1 6.2795e-01
+1.59555e+04 -6.18115e+04 10794 1 5.4756e-01
+1.21340e+04 -5.78503e+04 10749 1 6.1809e-01
+1.13628e+04 -5.69299e+04 10748 1 6.0610e-01
+1.05186e+04 -5.60509e+04 10747 1 5.9341e-01
+9.59843e+03 -5.52241e+04 10746 1 5.8074e-01
+8.60304e+03 -5.44620e+04 10745 1 5.5409e-01
+7.53490e+03 -5.37746e+04 10744 1 5.3286e-01
+6.53125e+03 -5.45827e+04 10703 0 5.1090e-01
+3.81566e+03 -5.48733e+04 10660 0 4.8144e-01
+5.53228e+03 -5.40769e+04 10702 0 4.8767e-01
+3.40591e+03 -5.33220e+04 10700 0 4.5450e-01
+4.48839e+03 -5.36565e+04 10701 0 4.6824e-01
+1.64530e+03 -5.59934e+04 10617 0 5.1111e-01
+3.24278e+04 -4.95597e+04 2010718 1 4.3579e-01
+3.34199e+04 -5.02930e+04 2010719 1 4.1126e-01
+3.43851e+04 -5.10037e+04 2010720 1 3.8199e-01
+3.53253e+04 -5.16908e+04 2010721 1 3.5632e-01
+3.62467e+04 -5.23520e+04 2010722 1 3.3875e-01
+3.71524e+04 -5.29866e+04 2010723 1 3.2319e-01
+3.80441e+04 -5.35937e+04 2010724 1 3.0694e-01
+3.89245e+04 -5.41727e+04 2010725 1 2.9450e-01
+3.97974e+04 -5.47227e+04 2010726 1 2.9000e-01
+4.06654e+04 -5.52443e+04 2010727 1 2.8847e-01
+4.15303e+04 -5.57371e+04 2010728 1 2.8830e-01
+4.23941e+04 -5.62011e+04 2010729 1 2.8861e-01
+4.32588e+04 -5.66364e+04 2010730 1 2.9107e-01
+4.41255e+04 -5.70439e+04 2010731 1 2.9607e-01
+4.49958e+04 -5.74241e+04 2010732 1 3.0126e-01
+4.58709e+04 -5.77776e+04 2010733 1 3.0648e-01
+6.14688e+00 -6.91340e+04 10410 0 1.0701e+00
+4.67521e+04 -5.81044e+04 2010734 1 3.0955e-01
+6.89187e+00 -6.56753e+04 10451 0 9.5615e-01
+8.87251e+02 -6.57643e+04 10453 0 9.5440e-01
+2.89100e+03 -5.46057e+04 10659 0 4.7507e-01
+9.83579e+02 -5.42854e+04 10657 0 4.5878e-01
+1.54124e+04 -6.07427e+04 10793 1 5.5283e-01
+2.02235e+04 -6.90211e+04 10842 1 3.8194e-01
+1.86216e+04 -6.48768e+04 10838 1 3.9678e-01
+1.98330e+04 -6.80154e+04 10841 1 3.7472e-01
+1.81774e+04 -6.37999e+04 10837 1 4.3879e-01
+1.90407e+04 -6.59450e+04 10839 1 3.9064e-01
+1.94413e+04 -6.69893e+04 10840 1 3.7693e-01
+1.76981e+04 -6.27065e+04 10836 1 4.4354e-01
+1.71752e+04 -6.16036e+04 10835 1 4.7848e-01
+1.41430e+04 -5.86252e+04 10791 1 5.7768e-01
+1.48107e+04 -5.96783e+04 10792 1 5.6956e-01
+1.34009e+04 -5.75907e+04 10790 1 5.8765e-01
+1.25791e+04 -5.65852e+04 10789 1 5.9171e-01
+1.16725e+04 -5.56183e+04 10788 1 5.9157e-01
+9.59452e+03 -5.38462e+04 10786 1 5.7766e-01
+1.06781e+04 -5.47010e+04 10787 1 5.8697e-01
+7.16988e+03 -5.23780e+04 10784 1 5.4599e-01
+8.42376e+03 -5.30672e+04 10785 1 5.6453e-01
+5.20285e+03 -5.26591e+04 10742 1 4.9463e-01
+6.39924e+03 -5.31703e+04 10743 1 5.1284e-01
+4.44463e+03 -5.13233e+04 10782 1 5.0658e-01
+2.29345e+03 -5.30780e+04 10699 0 4.4684e-01
+3.95421e+03 -5.22516e+04 10741 1 4.7984e-01
+1.16077e+03 -5.29270e+04 10698 0 4.4543e-01
+1.34981e+03 -5.17728e+04 10739 1 4.6070e-01
+3.56182e+04 -5.03797e+04 2010762 1 3.6347e-01
+1.28185e+01 -5.58454e+04 10615 0 5.1159e-01
+3.65630e+04 -5.10227e+04 2010763 1 3.4468e-01
+3.74909e+04 -5.16405e+04 2010764 1 3.2769e-01
+3.84037e+04 -5.22323e+04 2010765 1 3.1057e-01
+3.93039e+04 -5.27978e+04 2010766 1 2.9795e-01
+4.01952e+04 -5.33360e+04 2010767 1 2.9173e-01
+4.10803e+04 -5.38466e+04 2010768 1 2.8706e-01
+4.19607e+04 -5.43297e+04 2010769 1 2.8614e-01
+4.28385e+04 -5.47857e+04 2010770 1 2.8624e-01
+4.37153e+04 -5.52146e+04 2010771 1 2.8741e-01
+4.45928e+04 -5.56165e+04 2010772 1 2.8864e-01
+4.54724e+04 -5.59918e+04 2010773 1 2.9263e-01
+4.63552e+04 -5.63417e+04 2010774 1 2.9748e-01
+1.82016e+03 -7.33596e+04 10374 0 1.1436e+00
+5.13665e+02 -6.26650e+04 10493 0 8.1775e-01
+9.22294e+00 -5.99969e+04 10533 0 6.8747e-01
+7.03963e+02 -5.77927e+04 10575 0 5.7614e-01
+1.08485e+01 -5.77503e+04 10574 0 5.8500e-01
+1.59601e+04 -5.93853e+04 10833 1 5.3312e-01
+1.52512e+04 -5.82830e+04 10832 1 5.5530e-01
+1.44630e+04 -5.71947e+04 10831 1 5.7757e-01
+1.65987e+04 -6.04943e+04 10834 1 5.0165e-01
+1.26227e+04 -5.51024e+04 10829 1 6.0663e-01
+1.35889e+04 -5.61309e+04 10830 1 5.9513e-01
+1.03991e+04 -5.32044e+04 10827 1 6.0907e-01
+1.15601e+04 -5.41221e+04 10828 1 6.1150e-01
+9.14027e+03 -5.23645e+04 10826 1 5.9766e-01
+6.34973e+03 -5.09817e+04 10824 1 5.6090e-01
+7.78773e+03 -5.16185e+04 10825 1 5.8197e-01
+3.26666e+03 -5.00945e+04 10822 1 5.1449e-01
+5.83995e+03 -5.17921e+04 10783 1 5.2607e-01
+4.83750e+03 -5.04690e+04 10823 1 5.3699e-01
+2.34285e+01 -5.06938e+04 10779 1 4.7513e-01
+2.99914e+03 -5.09807e+04 10781 1 4.9264e-01
+2.66533e+03 -5.19549e+04 10740 1 4.6834e-01
+1.94464e+03 -5.44097e+04 10658 0 4.6151e-01
+2.08118e+01 -5.17081e+04 10738 1 4.5684e-01
+1.65632e+03 -4.98636e+04 10821 1 5.0131e-01
+3.96443e+04 -5.14227e+04 2010807 1 3.0032e-01
+4.05538e+04 -5.19482e+04 2010808 1 2.9353e-01
+1.51647e+01 -5.42351e+04 10656 0 4.6579e-01
+4.14554e+04 -5.24476e+04 2010809 1 2.8770e-01
+1.51988e+03 -5.07696e+04 10780 1 4.8224e-01
+4.23513e+04 -5.29209e+04 2010810 1 2.8420e-01
+4.32429e+04 -5.33679e+04 2010811 1 2.8276e-01
+2.55296e+01 -4.97792e+04 10820 1 4.9222e-01
+1.78998e+01 -5.28715e+04 10697 0 4.4883e-01
+4.41323e+04 -5.37892e+04 2010812 1 2.8294e-01
+4.50208e+04 -5.41851e+04 2010813 1 2.8467e-01
+4.59097e+04 -5.45557e+04 2010814 1 2.8645e-01
+5.66967e+00 -7.29505e+04 10369 0 1.1508e+00
+4.68006e+04 -5.49014e+04 2010815 1 2.8826e-01
+5.98627e+02 -6.00360e+04 10534 0 6.8059e-01
+2.54849e+03 -7.37418e+04 10376 0 1.1370e+00
