+4.30585e+04 -6.85998e+04 2010613 1 7.2808e-01
+4.67377e+04 -5.90566e+04 4010036 1 6.2120e-01
+4.47044e+04 -5.38559e+04 4010113 1 5.6740e-01
+4.27779e+04 -7.01572e+04 2010573 1 7.4631e-01
+4.44372e+04 -6.55630e+04 2010694 1 6.9356e-01
+4.41808e+04 -6.72211e+04 2010654 1 7.1235e-01
+4.39298e+04 -6.88122e+04 2010614 1 7.3735e-01
+4.58547e+04 -6.05647e+04 2010815 1 6.3391e-01
+4.50390e+04 -6.74348e+04 2010655 1 7.2219e-01
+4.61018e+04 -6.60295e+04 2010696 1 7.0358e-01
+1.85049e+04 -4.88207e+04 2010010 1 1.2461e+00
+1.88069e+04 -5.05714e+04 2010011 1 1.1860e+00
+1.89594e+04 -5.22438e+04 2010012 1 1.1270e+00
+1.89944e+04 -5.38374e+04 2010013 1 1.0699e+00
+1.89392e+04 -5.53551e+04 2010014 1 1.0151e+00
+1.88165e+04 -5.68021e+04 2010015 1 9.6446e-01
+1.86456e+04 -5.81863e+04 2010016 1 9.2581e-01
+1.84406e+04 -5.95223e+04 2010017 1 9.0819e-01
+1.82173e+04 -6.08067e+04 2010018 1 8.2633e-01
+1.79839e+04 -6.20555e+04 2010019 1 8.3071e-01
+1.77561e+04 -6.32686e+04 2010020 1 7.8679e-01
+1.75367e+04 -6.44616e+04 2010021 1 7.7010e-01
+1.73355e+04 -6.56371e+04 2010022 1 7.6433e-01
+1.71600e+04 -6.68023e+04 2010023 1 7.7296e-01
+1.70169e+04 -6.79563e+04 2010024 1 7.7567e-01
+1.69127e+04 -6.91107e+04 2010025 1 8.0793e-01
+1.68547e+04 -7.02548e+04 2010026 1 8.0431e-01
+1.68502e+04 -7.14031e+04 2010027 1 8.1385e-01
+4.19711e+04 -5.35996e+04 4010069 1 5.6677e-01
+4.52551e+04 -6.58140e+04 2010695 1 7.0019e-01
+4.03475e+04 -7.27454e+04 2010491 1 7.8008e-01
+4.15837e+04 -7.14688e+04 2010532 1 7.6402e-01
+4.18904e+04 -6.99466e+04 2010572 1 7.3658e-01
+4.38802e+04 -5.73935e+04 4010032 1 5.9365e-01
+4.62831e+04 -6.43777e+04 2010736 1 6.8568e-01
+4.54726e+04 -6.41255e+04 2010735 1 6.7726e-01
+4.32056e+04 -5.68798e+04 4010031 1 5.8748e-01
+4.45691e+04 -5.78679e+04 4010033 1 6.0360e-01
+4.52741e+04 -5.83027e+04 4010034 1 6.0706e-01
+4.59971e+04 -5.86975e+04 4010035 1 6.1224e-01
+4.56762e+04 -6.23750e+04 2010775 1 6.5855e-01
+3.93637e+04 -5.28608e+04 4010025 1 5.8577e-01
+3.99942e+04 -5.36466e+04 4010026 1 5.7691e-01
+4.13106e+04 -7.29199e+04 3010429 1 7.9011e-01
+3.44471e+04 -5.21125e+04 2010717 1 6.4962e-01
+1.26574e+04 -6.50955e+04 10724 1 1.6664e+00
+4.25251e+04 -7.16431e+04 3010468 1 7.7438e-01
+3.15436e+04 -5.08511e+04 2010632 1 7.2504e-01
+4.23122e+04 -7.30578e+04 3010430 1 7.9676e-01
+4.33502e+04 -7.31613e+04 3010431 1 7.9789e-01
+4.64567e+04 -6.26637e+04 2010776 1 6.6375e-01
+4.68207e+04 -5.71737e+04 4010076 1 6.0133e-01
+4.66128e+04 -6.08879e+04 2010816 1 6.3997e-01
+1.93348e+04 -4.90041e+04 2010051 1 1.2168e+00
+1.96651e+04 -5.08199e+04 2010052 1 1.1449e+00
+1.98432e+04 -5.25543e+04 2010053 1 1.0728e+00
+1.99021e+04 -5.42070e+04 2010054 1 1.0025e+00
+1.98696e+04 -5.57806e+04 2010055 1 9.3455e-01
+1.97690e+04 -5.72799e+04 2010056 1 8.7137e-01
+1.96199e+04 -5.87120e+04 2010057 1 8.1955e-01
+1.94376e+04 -6.00892e+04 2010058 1 7.8598e-01
+1.92366e+04 -6.14133e+04 2010059 1 7.1064e-01
+1.90302e+04 -6.26890e+04 2010060 1 6.9034e-01
+1.88266e+04 -6.39294e+04 2010061 1 6.4002e-01
+1.86335e+04 -6.51405e+04 2010062 1 6.2284e-01
+1.84616e+04 -6.63224e+04 2010063 1 6.1172e-01
+1.83183e+04 -6.74836e+04 2010064 1 6.1000e-01
+1.82093e+04 -6.86305e+04 2010065 1 6.1947e-01
+1.81427e+04 -6.97572e+04 2010066 1 6.4773e-01
+1.81238e+04 -7.08716e+04 2010067 1 6.5912e-01
+1.81594e+04 -7.19736e+04 2010068 1 6.8410e-01
+4.40070e+04 -5.33151e+04 4010112 1 5.6376e-01
+4.46731e+04 -5.58828e+04 4010073 1 5.8504e-01
+4.25453e+04 -5.63217e+04 4010030 1 5.8515e-01
+1.10200e+04 -6.14264e+04 10642 0 1.3108e+00
+4.60908e+04 -5.67803e+04 4010075 1 5.9365e-01
+4.12566e+04 -5.50759e+04 4010028 1 5.7680e-01
+3.98790e+04 -5.58330e+04 2010806 1 5.7476e-01
+4.18964e+04 -5.57207e+04 4010029 1 5.7658e-01
+4.13117e+04 -5.29215e+04 4010068 1 5.6666e-01
+4.53751e+04 -5.63510e+04 4010074 1 5.8469e-01
+1.47230e+04 -6.66706e+04 10804 1 1.2204e+00
+1.44762e+04 -6.12061e+04 10760 1 1.5311e+00
+1.48960e+04 -6.54739e+04 10803 1 1.2253e+00
+4.26344e+04 -5.42343e+04 4010070 1 5.7152e-01
+4.54101e+04 -5.43560e+04 4010114 1 5.6874e-01
+3.62360e+04 -5.29257e+04 2010760 1 6.1570e-01
+3.80815e+04 -5.34298e+04 2010803 1 5.9309e-01
+1.18781e+04 -6.29131e+04 10683 0 1.5436e+00
+1.35029e+04 -6.73288e+04 10765 1 1.4731e+00
+3.87290e+04 -5.20270e+04 4010024 1 5.8848e-01
+4.33157e+04 -5.27344e+04 4010111 1 5.5896e-01
+4.06526e+04 -5.21973e+04 4010067 1 5.7536e-01
+4.37001e+04 -7.03321e+04 3010507 1 7.5660e-01
+4.35023e+04 -7.17823e+04 3010469 1 7.8219e-01
+4.55564e+04 -7.19635e+04 3010471 1 7.8934e-01
+2.00925e+04 -4.89737e+04 2010092 1 1.1926e+00
+2.04662e+04 -5.08373e+04 2010093 1 1.1173e+00
+2.06854e+04 -5.26208e+04 2010094 1 1.0390e+00
+2.07830e+04 -5.43216e+04 2010095 1 9.5841e-01
+2.07869e+04 -5.59419e+04 2010096 1 8.7924e-01
+2.07209e+04 -5.74852e+04 2010097 1 8.0360e-01
+2.06053e+04 -5.89571e+04 2010098 1 7.3889e-01
+2.04560e+04 -6.03677e+04 2010099 1 6.9578e-01
+2.02861e+04 -6.17258e+04 2010100 1 6.2670e-01
+2.01123e+04 -6.30252e+04 2010101 1 5.8419e-01
+1.99387e+04 -6.42872e+04 2010102 1 5.3543e-01
+1.97804e+04 -6.55080e+04 2010103 1 5.0783e-01
+1.96445e+04 -6.66975e+04 2010104 1 4.9204e-01
+1.95349e+04 -6.78524e+04 2010105 1 4.8968e-01
+1.94627e+04 -6.89886e+04 2010106 1 5.0274e-01
+1.94318e+04 -7.00923e+04 2010107 1 5.3278e-01
+1.94502e+04 -7.11754e+04 2010108 1 5.5374e-01
+1.95242e+04 -7.22354e+04 2010109 1 5.7938e-01
+1.96604e+04 -7.32659e+04 2010110 1 6.1446e-01
+3.74773e+04 -5.25281e+04 2010802 1 5.9816e-01
+1.44952e+04 -6.91316e+04 10806 1 1.2115e+00
+4.68204e+04 -5.32731e+04 4010156 1 5.5787e-01
+4.06243e+04 -5.43838e+04 4010027 1 5.7459e-01
+4.39836e+04 -5.53741e+04 4010072 1 5.7796e-01
+3.68120e+04 -5.38980e+04 2010761 1 6.0189e-01
+1.40135e+04 -6.35571e+04 10762 1 1.5158e+00
+1.42373e+04 -6.23687e+04 10761 1 1.5262e+00
+4.61254e+04 -5.48183e+04 4010115 1 5.7546e-01
+1.11718e+04 -6.00643e+04 10641 0 1.3155e+00
+9.18170e+03 -5.71075e+04 10557 0 1.1740e+00
+1.01605e+04 -5.94353e+04 10600 0 1.1849e+00
+9.13638e+03 -5.83641e+04 10558 0 1.1603e+00
+7.99151e+03 -5.70242e+04 10515 0 1.2015e+00
+1.00560e+04 -6.08117e+04 10601 0 1.1739e+00
+1.17219e+04 -6.43377e+04 10684 0 1.5411e+00
+4.45134e+04 -7.18884e+04 3010470 1 7.8721e-01
+4.44223e+04 -7.32325e+04 3010432 1 8.0157e-01
+2.07883e+04 -4.87695e+04 2010133 1 1.1810e+00
+2.12169e+04 -5.06675e+04 2010134 1 1.0972e+00
+2.14882e+04 -5.24858e+04 2010135 1 1.0153e+00
+2.16355e+04 -5.42228e+04 2010136 1 9.3886e-01
+2.16864e+04 -5.58802e+04 2010137 1 8.6837e-01
+2.16647e+04 -5.74606e+04 2010138 1 7.6926e-01
+2.15914e+04 -5.89650e+04 2010139 1 6.9237e-01
+2.14835e+04 -6.04021e+04 2010140 1 6.3354e-01
+2.13531e+04 -6.17856e+04 2010141 1 5.8594e-01
+2.12175e+04 -6.31073e+04 2010142 1 5.1325e-01
+2.10812e+04 -6.43839e+04 2010143 1 4.7733e-01
+2.09611e+04 -6.56088e+04 2010144 1 4.2949e-01
+2.08608e+04 -6.68037e+04 2010145 1 4.0762e-01
+2.07869e+04 -6.79548e+04 2010146 1 4.0670e-01
+2.07535e+04 -6.90748e+04 2010147 1 4.1772e-01
+2.07598e+04 -7.01566e+04 2010148 1 4.4426e-01
+2.08152e+04 -7.12109e+04 2010149 1 4.6908e-01
+2.09268e+04 -7.22335e+04 2010150 1 4.9805e-01
+2.10977e+04 -7.32193e+04 2010151 1 5.4703e-01
+4.26284e+04 -5.21119e+04 4010110 1 5.6018e-01
+1.08825e+04 -6.28618e+04 10643 0 1.3067e+00
+4.60913e+04 -5.28173e+04 4010155 1 5.5799e-01
+1.20577e+04 -6.15564e+04 10682 0 1.5394e+00
+1.02674e+04 -5.81297e+04 10599 0 1.2039e+00
+4.33045e+04 -5.48257e+04 4010071 1 5.7005e-01
+3.56450e+04 -5.19011e+04 2010759 1 6.2917e-01
+3.86809e+04 -5.42803e+04 2010804 1 5.8520e-01
+1.45866e+04 -6.78904e+04 10805 1 1.2268e+00
+1.38116e+04 -6.47773e+04 10763 1 1.5040e+00
+1.32467e+04 -6.12305e+04 10721 1 1.7033e+00
+3.92789e+04 -5.50807e+04 2010805 1 5.8614e-01
+1.26555e+04 -5.78422e+04 10679 0 1.5455e+00
+1.34758e+04 -6.00343e+04 10720 1 1.7064e+00
+1.36387e+04 -6.60340e+04 10764 1 1.4887e+00
+1.28299e+04 -6.37554e+04 10723 1 1.6834e+00
+1.03701e+04 -5.68898e+04 10598 0 1.2163e+00
+1.13302e+04 -5.87701e+04 10640 0 1.3241e+00
+9.21718e+03 -5.59139e+04 10556 0 1.1874e+00
+7.91727e+03 -5.47901e+04 10513 0 1.1849e+00
+7.96231e+03 -5.58769e+04 10514 0 1.1911e+00
+6.61181e+03 -5.57980e+04 10471 0 1.2595e+00
+9.08645e+03 -5.96888e+04 10559 0 1.1420e+00
+8.00886e+03 -5.82346e+04 10516 0 1.1986e+00
+3.80863e+04 -5.11443e+04 4010023 1 5.9674e-01
+2.19190e+04 -5.03432e+04 2010175 1 1.0851e+00
+2.22511e+04 -5.21861e+04 2010176 1 9.9566e-01
+2.24560e+04 -5.39481e+04 2010177 1 9.1119e-01
+2.25622e+04 -5.56302e+04 2010178 1 8.3189e-01
+2.25928e+04 -5.72358e+04 2010179 1 7.5981e-01
+2.25681e+04 -5.87694e+04 2010180 1 6.6918e-01
+2.25071e+04 -6.02280e+04 2010181 1 5.9379e-01
+2.24234e+04 -6.16248e+04 2010182 1 5.3879e-01
+2.23293e+04 -6.29665e+04 2010183 1 4.6660e-01
+2.22395e+04 -6.42519e+04 2010184 1 4.2379e-01
+2.21568e+04 -6.54858e+04 2010185 1 3.8682e-01
+2.20953e+04 -6.66768e+04 2010186 1 3.5824e-01
+2.20639e+04 -6.78199e+04 2010187 1 3.5690e-01
+2.20664e+04 -6.89276e+04 2010188 1 3.6934e-01
+2.21077e+04 -6.99914e+04 2010189 1 3.8844e-01
+2.21993e+04 -7.10197e+04 2010190 1 4.1309e-01
+2.23454e+04 -7.20083e+04 2010191 1 4.4211e-01
+2.25489e+04 -7.29545e+04 2010192 1 4.8734e-01
+4.66585e+04 -7.32881e+04 3010434 1 8.0102e-01
+4.46553e+04 -7.04733e+04 3010508 1 7.6457e-01
+3.93204e+04 -5.06122e+04 4010065 1 5.8736e-01
+3.99899e+04 -5.14282e+04 4010066 1 5.7846e-01
+4.48335e+04 -6.89896e+04 3010546 1 7.4375e-01
+4.19428e+04 -5.14464e+04 4010109 1 5.5902e-01
+4.53696e+04 -5.23244e+04 4010154 1 5.5400e-01
+1.25201e+04 -6.64918e+04 10725 1 1.6438e+00
+6.70878e+03 -5.68351e+04 10472 0 1.2660e+00
+4.93684e+03 -5.52477e+04 10426 0 1.3720e+00
+6.49829e+03 -5.48193e+04 10470 0 1.2591e+00
+6.36590e+03 -5.38959e+04 10469 0 1.2634e+00
+1.24540e+04 -5.90268e+04 10680 0 1.5409e+00
+1.30290e+04 -6.24688e+04 10722 1 1.6959e+00
+1.22522e+04 -6.02630e+04 10681 0 1.5405e+00
+1.04629e+04 -5.57086e+04 10597 0 1.2246e+00
+9.23966e+03 -5.36952e+04 10554 0 1.1806e+00
+9.23802e+03 -5.47779e+04 10555 0 1.2024e+00
+7.85281e+03 -5.37607e+04 10512 0 1.1842e+00
+7.76570e+03 -5.27850e+04 10511 0 1.1893e+00
+6.21268e+03 -5.30241e+04 10468 0 1.2731e+00
+4.31316e+03 -5.31046e+04 10423 0 1.3233e+00
+3.68598e+04 -5.15762e+04 2010801 1 6.1776e-01
+4.59267e+04 -6.76150e+04 3010585 1 7.2997e-01
+4.55258e+04 -7.32740e+04 3010433 1 8.0256e-01
+2.25732e+04 -4.98899e+04 2010216 1 1.0784e+00
+2.29719e+04 -5.17480e+04 2010217 1 9.9203e-01
+2.32412e+04 -5.35272e+04 2010218 1 8.9834e-01
+2.34078e+04 -5.52262e+04 2010219 1 8.1255e-01
+2.34970e+04 -5.68480e+04 2010220 1 7.3565e-01
+2.35284e+04 -5.83976e+04 2010221 1 6.6790e-01
+2.35189e+04 -5.98777e+04 2010222 1 5.7910e-01
+2.34851e+04 -6.12852e+04 2010223 1 5.1296e-01
+2.34376e+04 -6.26365e+04 2010224 1 4.6027e-01
+2.33932e+04 -6.39269e+04 2010225 1 3.9268e-01
+2.33543e+04 -6.51664e+04 2010226 1 3.6592e-01
+2.33370e+04 -6.63493e+04 2010227 1 3.3437e-01
+2.33437e+04 -6.74890e+04 2010228 1 3.3251e-01
+2.33844e+04 -6.85833e+04 2010229 1 3.3535e-01
+2.34657e+04 -6.96265e+04 2010230 1 3.5098e-01
+2.35929e+04 -7.06300e+04 2010231 1 3.8287e-01
+2.37704e+04 -7.15903e+04 2010232 1 4.1718e-01
+2.40030e+04 -7.25040e+04 2010233 1 4.5746e-01
+2.42964e+04 -7.33719e+04 2010234 1 4.9610e-01
+4.66292e+04 -7.20097e+04 3010472 1 7.8897e-01
+4.56421e+04 -7.05825e+04 3010509 1 7.6998e-01
+3.74285e+04 -5.02123e+04 4010022 1 6.1648e-01
+1.15985e+04 -6.58328e+04 10685 0 1.5405e+00
+1.34120e+04 -6.86646e+04 10766 1 1.4468e+00
+9.96088e+03 -6.22635e+04 10602 0 1.1659e+00
+3.26913e+04 -5.09673e+04 2010674 1 7.0167e-01
+9.03773e+03 -6.10859e+04 10560 0 1.1284e+00
+6.79185e+03 -5.79335e+04 10473 0 1.2765e+00
+4.53868e+03 -5.37625e+04 10424 0 1.3319e+00
+4.74631e+03 -5.44796e+04 10425 0 1.3783e+00
+4.06979e+03 -5.24962e+04 10422 0 1.3282e+00
+6.03694e+03 -5.22001e+04 10467 0 1.2869e+00
+5.83713e+03 -5.14235e+04 10466 0 1.2473e+00
+1.14880e+04 -5.75388e+04 10639 0 1.3377e+00
+1.05405e+04 -5.45799e+04 10596 0 1.2349e+00
+9.21745e+03 -5.26648e+04 10553 0 1.1663e+00
+7.65306e+03 -5.18588e+04 10510 0 1.2006e+00
+7.51231e+03 -5.09774e+04 10509 0 1.2181e+00
+3.80863e+03 -5.19330e+04 10421 0 1.3374e+00
+5.11119e+03 -5.60663e+04 10427 0 1.3688e+00
+4.46533e+04 -5.17941e+04 4010153 1 5.5164e-01
+2.31791e+04 -4.93318e+04 2010257 1 1.0792e+00
+2.36491e+04 -5.11937e+04 2010258 1 9.8641e-01
+2.39862e+04 -5.29809e+04 2010259 1 9.0467e-01
+2.42195e+04 -5.46917e+04 2010260 1 8.1174e-01
+2.43716e+04 -5.63244e+04 2010261 1 7.2360e-01
+2.44626e+04 -5.78817e+04 2010262 1 6.3955e-01
+2.45104e+04 -5.93712e+04 2010263 1 5.8117e-01
+2.45295e+04 -6.07910e+04 2010264 1 5.0682e-01
+2.45339e+04 -6.21425e+04 2010265 1 4.4738e-01
+2.45349e+04 -6.34391e+04 2010266 1 3.9536e-01
+2.45455e+04 -6.46744e+04 2010267 1 3.6379e-01
+2.45690e+04 -6.58562e+04 2010268 1 3.3981e-01
+2.46175e+04 -6.69873e+04 2010269 1 3.2689e-01
+2.46993e+04 -6.80649e+04 2010270 1 3.2927e-01
+2.48148e+04 -6.90942e+04 2010271 1 3.4923e-01
+2.49749e+04 -7.00776e+04 2010272 1 3.7161e-01
+2.51856e+04 -7.10111e+04 2010273 1 3.9409e-01
+2.54484e+04 -7.18947e+04 2010274 1 4.3813e-01
+2.57673e+04 -7.27308e+04 2010275 1 4.7501e-01
+2.61475e+04 -7.35181e+04 2010276 1 5.1304e-01
+4.57687e+04 -6.91336e+04 3010547 1 7.4592e-01
+4.66587e+04 -7.06619e+04 3010510 1 7.7279e-01
+4.12547e+04 -5.07381e+04 4010108 1 5.6789e-01
+4.39409e+04 -5.12240e+04 4010152 1 5.5133e-01
+3.38539e+04 -5.09556e+04 2010716 1 6.7251e-01
+3.50336e+04 -5.08217e+04 2010758 1 6.5350e-01
+1.07680e+04 -6.43738e+04 10644 0 1.3073e+00
+8.01871e+03 -5.95109e+04 10517 0 1.1870e+00
+9.88312e+03 -6.37940e+04 10603 0 1.1602e+00
+6.86411e+03 -5.90955e+04 10474 0 1.2883e+00
+2.30971e+03 -5.47034e+04 10377 0 1.4536e+00
+1.76999e+03 -5.40412e+04 10375 0 1.4036e+00
+1.16389e+04 -5.63621e+04 10638 0 1.3369e+00
+1.05975e+04 -5.34971e+04 10595 0 1.2486e+00
+9.16732e+03 -5.16822e+04 10552 0 1.1638e+00
+7.34117e+03 -5.01363e+04 10508 0 1.2404e+00
+5.35977e+03 -5.00357e+04 10464 0 1.2430e+00
+5.61146e+03 -5.07064e+04 10465 0 1.2297e+00
+3.52992e+03 -5.14119e+04 10420 0 1.3164e+00
+3.23367e+03 -5.09534e+04 10419 0 1.2824e+00
+9.05859e+02 -5.33924e+04 10372 0 1.3700e+00
+5.27044e+03 -5.69382e+04 10428 0 1.3703e+00
+1.06863e+04 -6.59641e+04 10645 0 1.3075e+00
+2.42800e+04 -5.05445e+04 2010299 1 9.9240e-01
+2.46899e+04 -5.23312e+04 2010300 1 9.0324e-01
+2.49911e+04 -5.40431e+04 2010301 1 8.1268e-01
+2.52078e+04 -5.56814e+04 2010302 1 7.2624e-01
+2.53613e+04 -5.72431e+04 2010303 1 6.4314e-01
+2.54693e+04 -5.87331e+04 2010304 1 5.7119e-01
+2.55464e+04 -6.01599e+04 2010305 1 5.1750e-01
+2.56043e+04 -6.15139e+04 2010306 1 4.6096e-01
+2.56561e+04 -6.28070e+04 2010307 1 4.0591e-01
+2.57142e+04 -6.40416e+04 2010308 1 3.8373e-01
+2.57820e+04 -6.52175e+04 2010309 1 3.4985e-01
+2.58753e+04 -6.63364e+04 2010310 1 3.4889e-01
+2.59940e+04 -6.74045e+04 2010311 1 3.4541e-01
+2.61471e+04 -6.84177e+04 2010312 1 3.4951e-01
+2.63434e+04 -6.93794e+04 2010313 1 3.7593e-01
+2.65835e+04 -7.02920e+04 2010314 1 4.0722e-01
+2.68717e+04 -7.11530e+04 2010315 1 4.3688e-01
+2.72138e+04 -7.19629e+04 2010316 1 4.7250e-01
+2.76148e+04 -7.27205e+04 2010317 1 5.0608e-01
+2.80757e+04 -7.34270e+04 2010318 1 5.4806e-01
+3.86404e+04 -4.97488e+04 4010064 1 5.9375e-01
+4.32300e+04 -5.06138e+04 4010151 1 5.5001e-01
+4.67177e+04 -5.12678e+04 4010196 1 5.4288e-01
+1.44530e+04 -7.04034e+04 10807 1 1.1996e+00
+1.24272e+04 -6.79440e+04 10726 1 1.6196e+00
+1.33736e+04 -7.00388e+04 10767 1 1.4431e+00
+1.15181e+04 -6.73979e+04 10686 0 1.5241e+00
+8.99679e+03 -6.25591e+04 10561 0 1.1168e+00
+1.17768e+04 -5.52324e+04 10637 0 1.3373e+00
+1.06292e+04 -5.24536e+04 10594 0 1.2575e+00
+9.08551e+03 -5.07425e+04 10551 0 1.1752e+00
+8.96861e+03 -4.98397e+04 10550 0 1.1963e+00
+4.68431e+04 -6.77632e+04 3010586 1 7.3555e-01
+4.67337e+04 -6.92464e+04 3010548 1 7.5146e-01
+7.13672e+03 -4.93433e+04 10507 0 1.1843e+00
+5.08180e+03 -4.94056e+04 10463 0 1.2611e+00
+2.59360e+03 -5.01717e+04 10417 0 1.3028e+00
+2.92120e+03 -5.05424e+04 10418 0 1.2916e+00
+1.19981e+03 -5.35569e+04 10373 0 1.4117e+00
+2.04414e+03 -5.43472e+04 10376 0 1.4023e+00
+8.02585e+03 -6.08568e+04 10518 0 1.1764e+00
+4.59794e+04 -5.07841e+04 4010195 1 5.4225e-01
+2.48651e+04 -4.98150e+04 2010340 1 9.9848e-01
+2.53468e+04 -5.15950e+04 2010341 1 9.0507e-01
+2.57187e+04 -5.33021e+04 2010342 1 8.2100e-01
+2.60044e+04 -5.49363e+04 2010343 1 7.4334e-01
+2.62231e+04 -5.65005e+04 2010344 1 6.7163e-01
+2.63924e+04 -5.79897e+04 2010345 1 5.8680e-01
+2.65292e+04 -5.94101e+04 2010346 1 5.2022e-01
+2.66426e+04 -6.07679e+04 2010347 1 4.8427e-01
+2.67474e+04 -6.20544e+04 2010348 1 4.3804e-01
+2.68539e+04 -6.32865e+04 2010349 1 4.1270e-01
+2.69699e+04 -6.44510e+04 2010350 1 3.8752e-01
+2.71040e+04 -6.55641e+04 2010351 1 3.8583e-01
+2.72639e+04 -6.66174e+04 2010352 1 3.6693e-01
+2.74546e+04 -6.76155e+04 2010353 1 3.8412e-01
+2.76824e+04 -6.85628e+04 2010354 1 4.0359e-01
+2.79526e+04 -6.94562e+04 2010355 1 4.1486e-01
+2.82694e+04 -7.02940e+04 2010356 1 4.4758e-01
+2.86351e+04 -7.10807e+04 2010357 1 4.8466e-01
+2.90534e+04 -7.18163e+04 2010358 1 5.2272e-01
+2.95272e+04 -7.24997e+04 2010359 1 5.6132e-01
+3.00589e+04 -7.31301e+04 2010360 1 5.9488e-01
+3.06502e+04 -7.37074e+04 2010361 1 6.2685e-01
+3.79432e+04 -4.88387e+04 4010063 1 6.1432e-01
+4.52445e+04 -5.02634e+04 4010194 1 5.4113e-01
+3.67498e+04 -4.92314e+04 4010021 1 6.3181e-01
+4.25181e+04 -4.99630e+04 4010150 1 5.5134e-01
+3.20726e+04 -4.96739e+04 2010673 1 7.2987e-01
+3.62244e+04 -5.05721e+04 2010800 1 6.3137e-01
+1.39392e+04 -5.77404e+04 10718 0 1.7055e+00
+1.31928e+04 -5.45090e+04 10676 0 1.5093e+00
+1.18957e+04 -5.41425e+04 10636 0 1.3392e+00
+1.05929e+04 -5.04848e+04 10592 0 1.2074e+00
+1.06293e+04 -5.14510e+04 10593 0 1.2119e+00
+8.81350e+03 -4.89677e+04 10549 0 1.2253e+00
+3.98572e+04 -4.91880e+04 4010106 1 5.8192e-01
+4.18018e+04 -4.92701e+04 4010149 1 5.6141e-01
+4.37767e+04 -4.91087e+04 4010192 1 5.4159e-01
+4.77715e+03 -4.88192e+04 10462 0 1.2111e+00
+2.25193e+03 -4.98482e+04 10416 0 1.2456e+00
+1.89762e+03 -4.95869e+04 10415 0 1.2532e+00
+1.53276e+03 -4.93657e+04 10414 0 1.2629e+00
+2.54011e+04 -4.90202e+04 2010381 1 9.9925e-01
+2.59571e+04 -5.07858e+04 2010382 1 9.1736e-01
+2.64023e+04 -5.24841e+04 2010383 1 8.3738e-01
+2.67578e+04 -5.41107e+04 2010384 1 7.5563e-01
+2.70429e+04 -5.56654e+04 2010385 1 6.8207e-01
+2.72750e+04 -5.71526e+04 2010386 1 6.1490e-01
+2.74711e+04 -5.85677e+04 2010387 1 5.5395e-01
+2.76437e+04 -5.99163e+04 2010388 1 5.1080e-01
+2.78004e+04 -6.12015e+04 2010389 1 4.7766e-01
+2.79594e+04 -6.24215e+04 2010390 1 4.4771e-01
+2.81204e+04 -6.35818e+04 2010391 1 4.3382e-01
+2.83000e+04 -6.46818e+04 2010392 1 4.2005e-01
+2.84998e+04 -6.57237e+04 2010393 1 4.1831e-01
+2.87259e+04 -6.67105e+04 2010394 1 4.2826e-01
+2.89891e+04 -6.76396e+04 2010395 1 4.3613e-01
+2.92899e+04 -6.85156e+04 2010396 1 4.5774e-01
+2.96305e+04 -6.93378e+04 2010397 1 4.7791e-01
+3.00175e+04 -7.01062e+04 2010398 1 5.0171e-01
+3.04560e+04 -7.08202e+04 2010399 1 5.2960e-01
+3.09448e+04 -7.14825e+04 2010400 1 5.6654e-01
+3.14863e+04 -7.20932e+04 2010401 1 6.0143e-01
+3.20814e+04 -7.26522e+04 2010402 1 6.3629e-01
+3.27316e+04 -7.31598e+04 2010403 1 6.6699e-01
+3.34370e+04 -7.36164e+04 2010404 1 6.9590e-01
+1.70250e+04 -7.36687e+04 2010029 1 8.5492e-01
+4.45110e+04 -4.97053e+04 4010193 1 5.3956e-01
+4.05606e+04 -4.99853e+04 4010107 1 5.7534e-01
+1.28503e+04 -5.66999e+04 10678 0 1.5329e+00
+1.19898e+04 -5.30851e+04 10635 0 1.3460e+00
+1.20533e+04 -5.20521e+04 10634 0 1.3614e+00
+1.05155e+04 -4.95472e+04 10591 0 1.2191e+00
+7.15855e+03 -7.37064e+04 10441 0 1.4573e+00
+4.65351e+04 -4.92357e+04 4010236 1 5.2960e-01
+1.25270e+04 -7.25871e+04 10729 1 1.5139e+00
+2.97884e+04 -4.91384e+04 2010589 1 8.1939e-01
+1.35026e+04 -7.28726e+04 10769 1 1.3660e+00
+1.45640e+04 -7.29857e+04 10809 1 1.1859e+00
+1.09355e+04 -7.30026e+04 10649 0 1.3472e+00
+1.01275e+04 -7.25676e+04 10608 0 1.2028e+00
+2.56566e+03 -5.51176e+04 10378 0 1.4502e+00
+8.97109e+03 -6.41104e+04 10562 0 1.1056e+00
+2.65210e+04 -4.99183e+04 2010423 1 9.2910e-01
+2.70389e+04 -5.16000e+04 2010424 1 8.4708e-01
+2.74641e+04 -5.32144e+04 2010425 1 7.7196e-01
+2.78163e+04 -5.47588e+04 2010426 1 7.0387e-01
+2.81127e+04 -5.62332e+04 2010427 1 6.4010e-01
+2.83689e+04 -5.76432e+04 2010428 1 5.7842e-01
+2.86002e+04 -5.89828e+04 2010429 1 5.5272e-01
+2.88119e+04 -6.02572e+04 2010430 1 5.0890e-01
+2.90212e+04 -6.14703e+04 2010431 1 4.9296e-01
+2.92307e+04 -6.26191e+04 2010432 1 4.6701e-01
+2.94545e+04 -6.37088e+04 2010433 1 4.7075e-01
+2.96938e+04 -6.47404e+04 2010434 1 4.5918e-01
+2.99596e+04 -6.57108e+04 2010435 1 4.6510e-01
+3.02547e+04 -6.66283e+04 2010436 1 4.8087e-01
+3.05840e+04 -6.74904e+04 2010437 1 4.9145e-01
+3.09527e+04 -6.82942e+04 2010438 1 5.0103e-01
+3.13623e+04 -6.90460e+04 2010439 1 5.2821e-01
+3.18166e+04 -6.97455e+04 2010440 1 5.5572e-01
+3.23181e+04 -7.03923e+04 2010441 1 5.7957e-01
+3.28701e+04 -7.09858e+04 2010442 1 6.0103e-01
+3.34717e+04 -7.15280e+04 2010443 1 6.3233e-01
+3.41235e+04 -7.20205e+04 2010444 1 6.6287e-01
+3.48255e+04 -7.24637e+04 2010445 1 6.9148e-01
+3.55778e+04 -7.28587e+04 2010446 1 7.1750e-01
+3.63799e+04 -7.32066e+04 2010447 1 7.4081e-01
+3.72308e+04 -7.35088e+04 2010448 1 7.6122e-01
+1.56189e+04 -7.04733e+04 10847 1 9.8728e-01
+1.37091e+04 -5.88732e+04 10719 0 1.7087e+00
+1.30316e+04 -5.55914e+04 10677 0 1.5203e+00
+1.20790e+04 -5.10429e+04 10633 0 1.3045e+00
+9.42620e+03 -7.29484e+04 10567 0 1.1182e+00
+2.70369e+04 -4.90011e+04 2010464 1 9.3380e-01
+1.57014e+04 -7.28774e+04 10849 1 1.0144e+00
+6.90559e+03 -7.20876e+04 10440 0 1.4561e+00
+3.55663e+04 -4.95167e+04 2010799 1 6.5420e-01
+3.43898e+04 -4.96899e+04 2010757 1 6.7664e-01
+1.16618e+04 -7.24540e+04 10689 0 1.5087e+00
+8.57890e+03 -7.22811e+04 10525 0 1.1258e+00
+2.76255e+04 -5.06627e+04 2010465 1 8.4711e-01
+2.81208e+04 -5.22586e+04 2010466 1 7.8032e-01
+2.85410e+04 -5.37888e+04 2010467 1 7.2044e-01
+2.89018e+04 -5.52510e+04 2010468 1 6.6906e-01
+2.92196e+04 -5.66451e+04 2010469 1 6.1398e-01
+2.95088e+04 -5.79778e+04 2010470 1 5.7779e-01
+2.97762e+04 -5.92392e+04 2010471 1 5.5347e-01
+3.00367e+04 -6.04420e+04 2010472 1 5.1417e-01
+3.02949e+04 -6.15788e+04 2010473 1 5.1233e-01
+3.05623e+04 -6.26591e+04 2010474 1 5.0375e-01
+3.08445e+04 -6.36749e+04 2010475 1 4.9474e-01
+3.11458e+04 -6.46361e+04 2010476 1 5.0412e-01
+3.14750e+04 -6.55394e+04 2010477 1 5.0319e-01
+3.18355e+04 -6.63859e+04 2010478 1 5.2043e-01
+3.22282e+04 -6.71784e+04 2010479 1 5.3293e-01
+3.26590e+04 -6.79170e+04 2010480 1 5.4787e-01
+3.31330e+04 -6.86003e+04 2010481 1 5.6907e-01
+3.36491e+04 -6.92327e+04 2010482 1 5.9450e-01
+3.42094e+04 -6.98142e+04 2010483 1 6.2006e-01
+3.48153e+04 -7.03453e+04 2010484 1 6.4239e-01
+3.54684e+04 -7.08261e+04 2010485 1 6.5806e-01
+3.61690e+04 -7.12578e+04 2010486 1 6.8432e-01
+3.69155e+04 -7.16429e+04 2010487 1 7.0781e-01
+3.77076e+04 -7.19827e+04 2010488 1 7.3012e-01
+3.85445e+04 -7.22786e+04 2010489 1 7.4982e-01
+3.94249e+04 -7.25323e+04 2010490 1 7.6690e-01
+6.08626e+03 -7.28788e+04 10397 0 1.6421e+00
+1.56678e+04 -6.92781e+04 10846 1 9.9461e-01
+1.33269e+04 -5.34449e+04 10675 0 1.5029e+00
+1.34272e+04 -5.23890e+04 10674 0 1.5141e+00
+1.19893e+04 -4.90853e+04 10631 0 1.3119e+00
+1.20592e+04 -5.00588e+04 10632 0 1.2954e+00
+7.81810e+03 -7.25267e+04 10483 0 1.2651e+00
+3.09272e+04 -4.94737e+04 2010631 1 7.7193e-01
+7.60233e+03 -7.07927e+04 10482 0 1.2679e+00
+3.32266e+04 -4.97440e+04 2010715 1 7.0652e-01
+9.21573e+03 -7.10676e+04 10566 0 1.1152e+00
+5.85986e+03 -7.14708e+04 10396 0 1.6342e+00
+1.07601e+04 -7.11832e+04 10648 0 1.3458e+00
+6.69634e+03 -7.05064e+04 10439 0 1.4499e+00
+1.15911e+03 -4.91822e+04 10413 0 1.2273e+00
+6.07816e+02 -5.32797e+04 10371 0 1.3719e+00
+7.78486e+02 -4.90700e+04 10412 0 1.2278e+00
+2.81613e+04 -4.96802e+04 2010506 1 8.6142e-01
+2.87262e+04 -5.12555e+04 2010507 1 7.9246e-01
+2.92149e+04 -5.27661e+04 2010508 1 7.3587e-01
+2.96406e+04 -5.42120e+04 2010509 1 6.8553e-01
+3.00194e+04 -5.55921e+04 2010510 1 6.4438e-01
+3.03675e+04 -5.69070e+04 2010511 1 5.9525e-01
+3.06896e+04 -5.81604e+04 2010512 1 5.8151e-01
+3.10026e+04 -5.93463e+04 2010513 1 5.4935e-01
+3.13083e+04 -6.04745e+04 2010514 1 5.4139e-01
+3.16221e+04 -6.15385e+04 2010515 1 5.3227e-01
+3.19435e+04 -6.25458e+04 2010516 1 5.2712e-01
+3.22836e+04 -6.34923e+04 2010517 1 5.2387e-01
+3.26465e+04 -6.43832e+04 2010518 1 5.3689e-01
+3.30353e+04 -6.52193e+04 2010519 1 5.4509e-01
+3.34554e+04 -6.59972e+04 2010520 1 5.4627e-01
+3.39091e+04 -6.67227e+04 2010521 1 5.6853e-01
+3.43993e+04 -6.73962e+04 2010522 1 5.8927e-01
+3.49288e+04 -6.80177e+04 2010523 1 6.0369e-01
+3.55007e+04 -6.85864e+04 2010524 1 6.2340e-01
+3.61135e+04 -6.91066e+04 2010525 1 6.4603e-01
+3.67684e+04 -6.95786e+04 2010526 1 6.6813e-01
+3.74657e+04 -7.00036e+04 2010527 1 6.8855e-01
+3.82061e+04 -7.03824e+04 2010528 1 7.0439e-01
+3.89897e+04 -7.07160e+04 2010529 1 7.1741e-01
+3.98147e+04 -7.10070e+04 2010530 1 7.3543e-01
+4.06798e+04 -7.12574e+04 2010531 1 7.5124e-01
+1.41588e+04 -5.66267e+04 10717 0 1.6971e+00
+1.43605e+04 -5.55240e+04 10716 0 1.6837e+00
+1.34888e+04 -5.02979e+04 10672 0 1.4356e+00
+1.34852e+04 -5.13374e+04 10673 0 1.4494e+00
+4.70245e+03 -7.13634e+04 10351 0 1.7908e+00
+5.14530e+03 -7.36828e+04 10353 0 1.8125e+00
+9.95122e+03 -7.06969e+04 10607 0 1.1888e+00
+1.15377e+04 -7.07359e+04 10688 0 1.5190e+00
+1.34031e+04 -7.14412e+04 10768 1 1.4050e+00
+1.44755e+04 -7.16854e+04 10808 1 1.2093e+00
+1.24209e+04 -7.10064e+04 10728 1 1.5574e+00
+8.38124e+03 -7.04589e+04 10524 0 1.1336e+00
+2.92821e+04 -5.02124e+04 2010548 1 8.0745e-01
+3.07031e+02 -5.32083e+04 10370 0 1.3750e+00
+2.98367e+04 -5.17014e+04 2010549 1 7.4588e-01
+3.03275e+04 -5.31268e+04 2010550 1 7.0693e-01
+3.07673e+04 -5.44893e+04 2010551 1 6.5902e-01
+3.11726e+04 -5.57884e+04 2010552 1 6.2370e-01
+3.15512e+04 -5.70238e+04 2010553 1 5.9859e-01
+3.19145e+04 -5.81995e+04 2010554 1 5.7733e-01
+3.22701e+04 -5.93100e+04 2010555 1 5.6260e-01
+3.26275e+04 -6.03644e+04 2010556 1 5.5881e-01
+3.29911e+04 -6.13564e+04 2010557 1 5.4239e-01
+3.33682e+04 -6.22919e+04 2010558 1 5.5238e-01
+3.37642e+04 -6.31718e+04 2010559 1 5.5211e-01
+3.41847e+04 -6.39930e+04 2010560 1 5.5969e-01
+3.46297e+04 -6.47615e+04 2010561 1 5.6834e-01
+3.51048e+04 -6.54770e+04 2010562 1 5.7958e-01
+3.56151e+04 -6.61376e+04 2010563 1 5.9477e-01
+3.61595e+04 -6.67487e+04 2010564 1 6.1473e-01
+3.67403e+04 -6.73102e+04 2010565 1 6.3390e-01
+3.73592e+04 -6.78227e+04 2010566 1 6.4769e-01
+3.80183e+04 -6.82860e+04 2010567 1 6.6280e-01
+3.87157e+04 -6.87039e+04 2010568 1 6.8322e-01
+3.94518e+04 -6.90777e+04 2010569 1 7.0042e-01
+4.02267e+04 -6.94083e+04 2010570 1 7.1569e-01
+4.10397e+04 -6.96975e+04 2010571 1 7.2837e-01
+1.49719e+04 -5.89265e+04 10758 1 1.5341e+00
+1.50987e+04 -6.42967e+04 10802 1 1.2239e+00
+3.93463e+02 -4.89990e+04 10411 0 1.2330e+00
+1.57648e+04 -6.80983e+04 10845 1 9.8081e-01
+6.52116e+03 -6.89727e+04 10438 0 1.4426e+00
+1.47233e+04 -6.00617e+04 10759 1 1.5309e+00
+1.45358e+04 -5.44222e+04 10715 0 1.6716e+00
+1.46773e+04 -5.33116e+04 10714 0 1.6623e+00
+1.34353e+04 -4.92437e+04 10671 0 1.4648e+00
+4.91489e+03 -7.25042e+04 10352 0 1.8015e+00
+9.07890e+03 -6.92271e+04 10565 0 1.1069e+00
+7.43546e+03 -6.91059e+04 10481 0 1.2689e+00
+1.06684e+04 -6.93816e+04 10647 0 1.3199e+00
+9.85257e+03 -6.88644e+04 10606 0 1.1649e+00
+8.24220e+03 -6.86864e+04 10523 0 1.1382e+00
+3.26946e+03 -7.17608e+04 10304 0 1.8948e+00
+3.04073e+04 -5.06011e+04 2010590 1 7.6135e-01
+3.09619e+04 -5.20047e+04 2010591 1 7.1779e-01
+3.14620e+04 -5.33459e+04 2010592 1 6.8026e-01
+3.19244e+04 -5.46266e+04 2010593 1 6.3489e-01
+3.23579e+04 -5.58453e+04 2010594 1 6.2276e-01
+3.27727e+04 -5.70031e+04 2010595 1 5.8710e-01
+3.31761e+04 -5.81014e+04 2010596 1 5.8836e-01
+3.35788e+04 -5.91393e+04 2010597 1 5.6801e-01
+3.39829e+04 -6.01197e+04 2010598 1 5.6588e-01
+3.43974e+04 -6.10428e+04 2010599 1 5.5827e-01
+3.48285e+04 -6.19081e+04 2010600 1 5.6938e-01
+3.52775e+04 -6.27208e+04 2010601 1 5.7554e-01
+3.57496e+04 -6.34770e+04 2010602 1 5.7192e-01
+3.62482e+04 -6.41810e+04 2010603 1 5.9018e-01
+3.67757e+04 -6.48344e+04 2010604 1 6.0621e-01
+3.73348e+04 -6.54370e+04 2010605 1 6.1137e-01
+3.79284e+04 -6.59887e+04 2010606 1 6.3178e-01
+3.85550e+04 -6.64940e+04 2010607 1 6.5007e-01
+3.92165e+04 -6.69530e+04 2010608 1 6.6558e-01
+3.99137e+04 -6.73668e+04 2010609 1 6.7838e-01
+4.06476e+04 -6.77358e+04 2010610 1 6.8876e-01
+4.14168e+04 -6.80631e+04 2010611 1 7.0400e-01
+4.22206e+04 -6.83506e+04 2010612 1 7.1723e-01
+1.14932e+04 -6.90383e+04 10687 0 1.5035e+00
+6.37159e+03 -6.74929e+04 10437 0 1.4355e+00
+1.54409e+04 -5.66550e+04 10756 1 1.5504e+00
+1.52139e+04 -5.77936e+04 10757 1 1.5378e+00
+1.47737e+04 -5.21917e+04 10713 0 1.6086e+00
+1.48106e+04 -5.10536e+04 10712 0 1.6082e+00
+3.07478e+03 -7.10140e+04 10303 0 1.8812e+00
+5.65959e+03 -7.01035e+04 10395 0 1.6257e+00
+1.47806e+04 -4.98923e+04 10711 0 1.5568e+00
+1.83575e+02 -7.28800e+04 10247 0 1.8505e+00
+3.46958e+03 -7.25499e+04 10305 0 1.9092e+00
+1.69044e+04 -7.25421e+04 2010028 1 8.5728e-01
+7.30614e+03 -6.74756e+04 10480 0 1.2691e+00
+5.31316e+03 -6.75151e+04 10393 0 1.6008e+00
+9.00125e+03 -6.74476e+04 10564 0 1.0978e+00
+1.23899e+04 -6.94525e+04 10727 1 1.5815e+00
+1.56287e+04 -7.16766e+04 10848 1 1.0106e+00
+9.81747e+03 -6.70959e+04 10605 0 1.1410e+00
+8.14871e+03 -6.69762e+04 10522 0 1.1424e+00
+1.06486e+04 -6.76342e+04 10646 0 1.2904e+00
+7.20470e+03 -6.59084e+04 10479 0 1.2695e+00
+6.24040e+03 -6.60718e+04 10436 0 1.4286e+00
+1.82555e+04 -7.30549e+04 2010069 1 7.2289e-01
+5.47919e+03 -6.87835e+04 10394 0 1.6131e+00
+4.13327e+03 -6.82036e+04 10348 0 1.7506e+00
+5.15676e+03 -6.63010e+04 10392 0 1.5898e+00
+2.88390e+03 -7.03105e+04 10302 0 1.8681e+00
+4.50367e+03 -7.02639e+04 10350 0 1.7791e+00
+3.21033e+04 -5.21704e+04 2010633 1 6.9123e-01
+3.26218e+04 -5.34292e+04 2010634 1 6.5432e-01
+3.31097e+04 -5.46299e+04 2010635 1 6.2851e-01
+3.35748e+04 -5.57695e+04 2010636 1 6.0810e-01
+3.40263e+04 -5.68518e+04 2010637 1 5.9025e-01
+3.44732e+04 -5.78745e+04 2010638 1 5.8869e-01
+3.49180e+04 -5.88414e+04 2010639 1 5.6730e-01
+3.53707e+04 -5.97499e+04 2010640 1 5.7913e-01
+3.58344e+04 -6.06055e+04 2010641 1 5.8008e-01
+3.63149e+04 -6.14042e+04 2010642 1 5.7835e-01
+3.68130e+04 -6.21509e+04 2010643 1 5.8591e-01
+3.73336e+04 -6.28467e+04 2010644 1 5.9454e-01
+3.78817e+04 -6.34890e+04 2010645 1 6.0445e-01
+3.84566e+04 -6.40836e+04 2010646 1 6.2082e-01
+3.90605e+04 -6.46303e+04 2010647 1 6.3443e-01
+3.96958e+04 -6.51293e+04 2010648 1 6.4069e-01
+4.03633e+04 -6.55820e+04 2010649 1 6.5764e-01
+4.10622e+04 -6.59917e+04 2010650 1 6.7313e-01
+4.17931e+04 -6.63593e+04 2010651 1 6.8554e-01
+4.25565e+04 -6.66857e+04 2010652 1 6.9486e-01
+4.33529e+04 -6.69721e+04 2010653 1 7.0127e-01
+1.53242e+04 -6.31346e+04 10801 1 1.2300e+00
+1.55660e+04 -6.19813e+04 10800 1 1.2262e+00
+1.59044e+04 -6.69228e+04 10844 1 9.7801e-01
+1.56446e+04 -5.54936e+04 10755 1 1.5490e+00
+1.58126e+04 -5.43194e+04 10754 1 1.5107e+00
+1.59334e+04 -5.31065e+04 10753 1 1.5272e+00
+1.59938e+04 -5.18581e+04 10752 1 1.5145e+00
+1.59761e+04 -5.05625e+04 10751 1 1.4989e+00
+3.67688e+03 -7.33783e+04 10306 0 1.9214e+00
+1.09184e+03 -7.35839e+04 10252 0 1.8769e+00
+3.95577e+03 -6.72466e+04 10347 0 1.7379e+00
+3.60472e+03 -6.54828e+04 10345 0 1.7163e+00
+8.96924e+03 -6.57404e+04 10563 0 1.0970e+00
+8.08938e+03 -6.53354e+04 10521 0 1.1487e+00
+7.12287e+03 -6.44084e+04 10478 0 1.2711e+00
+6.12142e+03 -6.47120e+04 10435 0 1.4233e+00
+5.00597e+03 -6.51427e+04 10391 0 1.5796e+00
+9.83181e+03 -6.54049e+04 10604 0 1.1510e+00
+3.78022e+03 -6.63397e+04 10346 0 1.7264e+00
+3.32648e+04 -5.22043e+04 2010675 1 6.6386e-01
+3.38060e+04 -5.33828e+04 2010676 1 6.4377e-01
+3.43208e+04 -5.45051e+04 2010677 1 6.1628e-01
+3.48198e+04 -5.55681e+04 2010678 1 6.0708e-01
+3.53101e+04 -5.65769e+04 2010679 1 5.9136e-01
+3.57961e+04 -5.75263e+04 2010680 1 5.8489e-01
+3.62852e+04 -5.84241e+04 2010681 1 5.8500e-01
+3.67839e+04 -5.92639e+04 2010682 1 5.8352e-01
+3.72935e+04 -6.00534e+04 2010683 1 5.8741e-01
+3.78185e+04 -6.07894e+04 2010684 1 5.8136e-01
+3.83634e+04 -6.14739e+04 2010685 1 5.9642e-01
+3.89298e+04 -6.21100e+04 2010686 1 6.0932e-01
+3.95208e+04 -6.26971e+04 2010687 1 6.1146e-01
+4.01386e+04 -6.32356e+04 2010688 1 6.2830e-01
+4.07827e+04 -6.37298e+04 2010689 1 6.4228e-01
+4.14548e+04 -6.41798e+04 2010690 1 6.5324e-01
+4.21567e+04 -6.45858e+04 2010691 1 6.5910e-01
+4.28881e+04 -6.49502e+04 2010692 1 6.7265e-01
+4.36481e+04 -6.52755e+04 2010693 1 6.8425e-01
+1.94713e+03 -6.74571e+04 10297 0 1.8094e+00
+3.42773e+03 -6.46758e+04 10344 0 1.7074e+00
+1.60792e+04 -6.57561e+04 10843 1 9.6847e-01
+1.58170e+04 -6.08294e+04 10799 1 1.2323e+00
+1.60701e+04 -5.96701e+04 10798 1 1.2338e+00
+1.63169e+04 -5.84962e+04 10797 1 1.2395e+00
+1.65479e+04 -5.72963e+04 10796 1 1.2912e+00
+1.67528e+04 -5.60632e+04 10795 1 1.2623e+00
+1.58580e+04 -4.92189e+04 10750 1 1.4856e+00
+2.82523e+00 -7.28421e+04 10246 0 1.8499e+00
+1.69175e+04 -5.47930e+04 10794 1 1.2840e+00
+2.69545e+03 -6.96506e+04 10301 0 1.8561e+00
+4.31500e+03 -6.92098e+04 10349 0 1.7643e+00
+4.85736e+03 -6.40410e+04 10390 0 1.5710e+00
+1.18417e+03 -6.59973e+04 10293 0 1.7788e+00
+3.24801e+03 -6.39204e+04 10343 0 1.6868e+00
+4.70803e+03 -6.29959e+04 10389 0 1.5638e+00
+3.06464e+03 -6.32177e+04 10342 0 1.6723e+00
+7.05357e+03 -6.29773e+04 10477 0 1.2737e+00
+8.05449e+03 -6.37679e+04 10520 0 1.1574e+00
+6.00936e+03 -6.34152e+04 10434 0 1.4187e+00
+4.55557e+03 -6.20067e+04 10388 0 1.5563e+00
+8.03570e+03 -6.22752e+04 10519 0 1.1667e+00
+5.89973e+03 -6.21816e+04 10433 0 1.4155e+00
+2.87685e+03 -6.25666e+04 10341 0 1.6614e+00
+2.32162e+03 -6.84631e+04 10299 0 1.8348e+00
+3.50108e+04 -5.32128e+04 2010718 1 6.2458e-01
+3.55561e+04 -5.42589e+04 2010719 1 6.1359e-01
+3.60900e+04 -5.52479e+04 2010720 1 5.9847e-01
+3.66155e+04 -5.61847e+04 2010721 1 5.9238e-01
+3.71424e+04 -5.70650e+04 2010722 1 5.8621e-01
+3.76738e+04 -5.78947e+04 2010723 1 5.9131e-01
+3.82142e+04 -5.86705e+04 2010724 1 5.8123e-01
+3.87661e+04 -5.93961e+04 2010725 1 5.8967e-01
+3.93336e+04 -6.00728e+04 2010726 1 5.9591e-01
+3.99211e+04 -6.06987e+04 2010727 1 6.0189e-01
+4.05289e+04 -6.12784e+04 2010728 1 6.1448e-01
+4.11588e+04 -6.18128e+04 2010729 1 6.2519e-01
+4.18136e+04 -6.23010e+04 2010730 1 6.2913e-01
+4.24934e+04 -6.27461e+04 2010731 1 6.4311e-01
+4.31983e+04 -6.31502e+04 2010732 1 6.5447e-01
+4.39294e+04 -6.35141e+04 2010733 1 6.6283e-01
+6.06684e+00 -4.89495e+04 10410 0 1.2392e+00
+4.46878e+04 -6.38383e+04 2010734 1 6.6727e-01
+1.56856e+03 -6.66377e+04 10295 0 1.7915e+00
+1.70286e+04 -5.34723e+04 10793 1 1.3015e+00
+1.62827e+04 -6.45925e+04 10842 1 9.7189e-01
+1.72412e+04 -5.98546e+04 10838 1 9.9726e-01
+1.65078e+04 -6.34276e+04 10841 1 9.7144e-01
+1.74753e+04 -5.86140e+04 10837 1 1.0721e+00
+1.69941e+04 -6.10681e+04 10839 1 9.9208e-01
+1.67475e+04 -6.22550e+04 10840 1 9.8388e-01
+1.76896e+04 -5.73274e+04 10836 1 1.0678e+00
+1.78682e+04 -5.59982e+04 10835 1 1.0925e+00
+1.70147e+04 -5.06528e+04 10791 1 1.3350e+00
+1.70682e+04 -5.20938e+04 10792 1 1.3182e+00
+5.45392e+02 -7.30415e+04 10249 0 1.8563e+00
+1.68429e+04 -4.91484e+04 10790 1 1.3506e+00
+2.13470e+03 -6.79365e+04 10298 0 1.8210e+00
+3.10584e+00 -6.51590e+04 10287 0 1.7558e+00
+2.68410e+03 -6.19656e+04 10340 0 1.6531e+00
+4.39794e+03 -6.10749e+04 10387 0 1.5338e+00
+6.99071e+03 -6.16156e+04 10476 0 1.2772e+00
+5.78865e+03 -6.10105e+04 10432 0 1.4144e+00
+5.67283e+03 -5.99009e+04 10431 0 1.4065e+00
+6.92907e+03 -6.03222e+04 10475 0 1.2820e+00
+4.23348e+03 -6.02006e+04 10386 0 1.5185e+00
+2.28241e+03 -6.09083e+04 10338 0 1.6405e+00
+4.06086e+03 -5.93823e+04 10385 0 1.5089e+00
+3.87900e+03 -5.86180e+04 10384 0 1.5032e+00
+3.73774e+04 -5.48163e+04 2010762 1 5.9011e-01
+2.48601e+03 -6.14134e+04 10339 0 1.6466e+00
+3.79405e+04 -5.56834e+04 2010763 1 5.9155e-01
+3.85057e+04 -5.64981e+04 2010764 1 5.8324e-01
+3.90761e+04 -5.72621e+04 2010765 1 5.8659e-01
+3.96544e+04 -5.79781e+04 2010766 1 5.8300e-01
+4.02467e+04 -5.86425e+04 2010767 1 5.9100e-01
+4.08537e+04 -5.92621e+04 2010768 1 6.0097e-01
+4.14785e+04 -5.98346e+04 2010769 1 6.0080e-01
+4.21234e+04 -6.03614e+04 2010770 1 6.1484e-01
+4.27884e+04 -6.08457e+04 2010771 1 6.2539e-01
+4.34752e+04 -6.12881e+04 2010772 1 6.3340e-01
+4.41858e+04 -6.16885e+04 2010773 1 6.3833e-01
+4.49194e+04 -6.20502e+04 2010774 1 6.4931e-01
+1.48821e+03 -5.37790e+04 10374 0 1.4070e+00
+3.64362e+02 -7.29416e+04 10248 0 1.8526e+00
+1.75851e+03 -6.70245e+04 10296 0 1.7997e+00
+1.37713e+03 -6.62957e+04 10294 0 1.7847e+00
+3.99855e+02 -6.52727e+04 10289 0 1.7572e+00
+1.41527e+03 -5.93927e+04 10334 0 1.5979e+00
+5.54940e+03 -5.88532e+04 10430 0 1.3884e+00
+1.80563e+04 -5.31581e+04 10833 1 1.1694e+00
+1.80253e+04 -5.16348e+04 10832 1 1.2091e+00
+1.78774e+04 -5.00382e+04 10831 1 1.2502e+00
+9.89771e+02 -6.57445e+04 10292 0 1.7688e+00
+1.85889e+03 -6.00533e+04 10336 0 1.6060e+00
+1.63943e+03 -5.97000e+04 10335 0 1.6011e+00
+1.79966e+04 -5.46109e+04 10834 1 1.1300e+00
+2.50833e+03 -6.90349e+04 10300 0 1.8449e+00
+7.26834e+02 -7.31813e+04 10250 0 1.8615e+00
+7.94138e+02 -6.55413e+04 10291 0 1.7633e+00
+5.97428e+02 -6.53846e+04 10290 0 1.7596e+00
+2.07330e+03 -6.04549e+04 10337 0 1.6142e+00
+2.43514e+02 -5.85691e+04 10329 0 1.5695e+00
+5.41594e+03 -5.78664e+04 10429 0 1.3763e+00
+9.54771e+02 -5.89154e+04 10332 0 1.5741e+00
+3.68713e+03 -5.79057e+04 10383 0 1.5005e+00
+1.18687e+03 -5.91290e+04 10333 0 1.5960e+00
+2.81152e+03 -5.55754e+04 10379 0 1.4485e+00
+4.82389e+02 -5.86408e+04 10330 0 1.5696e+00
+3.48468e+03 -5.72430e+04 10382 0 1.5003e+00
+3.27126e+03 -5.66336e+04 10381 0 1.4582e+00
+3.04681e+03 -5.60796e+04 10380 0 1.4495e+00
+4.04850e+04 -5.65351e+04 2010807 1 5.8070e-01
+4.11003e+04 -5.71922e+04 2010808 1 5.8902e-01
+4.17286e+04 -5.78014e+04 2010809 1 5.8807e-01
+2.01678e+02 -6.52031e+04 10288 0 1.7561e+00
+7.19718e+02 -5.87550e+04 10331 0 1.5710e+00
+4.23713e+04 -5.83662e+04 2010810 1 6.0022e-01
+4.30298e+04 -5.88886e+04 2010811 1 6.0692e-01
+4.37070e+04 -5.93669e+04 2010812 1 6.0972e-01
+4.44030e+04 -5.98048e+04 2010813 1 6.2133e-01
+4.51185e+04 -6.02039e+04 2010814 1 6.2940e-01
+3.75201e+00 -5.85223e+04 10328 0 1.5705e+00
+4.73253e+00 -5.31602e+04 10369 0 1.3789e+00
+9.08894e+02 -7.33619e+04 10251 0 1.8683e+00
+4.68515e+04 -5.52440e+04 4010116 1 5.8051e-01
