+4.74729e+04 -2.28191e+04 6010079 1 1.4779e-01
+4.73650e+04 -2.15332e+04 6010120 1 1.5043e-01
+4.85860e+04 -2.28897e+04 6010080 1 1.4506e-01
+4.96935e+04 -2.29585e+04 6010081 1 1.4264e-01
+4.71163e+04 -1.89674e+04 6010202 1 1.5702e-01
+4.72462e+04 -2.02493e+04 6010161 1 1.5349e-01
+4.84799e+04 -2.15976e+04 6010121 1 1.4775e-01
+4.95894e+04 -2.16602e+04 6010122 1 1.4538e-01
+4.83630e+04 -2.03076e+04 6010162 1 1.5086e-01
+4.94743e+04 -2.03643e+04 6010163 1 1.4850e-01
+4.69749e+04 -1.76876e+04 6010243 1 1.6109e-01
+4.82348e+04 -1.90198e+04 6010203 1 1.5442e-01
+4.80950e+04 -1.77341e+04 6010244 1 1.5850e-01
+4.93480e+04 -1.90707e+04 6010204 1 1.5206e-01
+4.92101e+04 -1.77794e+04 6010245 1 1.5617e-01
+4.79433e+04 -1.64507e+04 6010285 1 1.6318e-01
+4.90602e+04 -1.64906e+04 6010286 1 1.6082e-01
+4.77791e+04 -1.51695e+04 6010326 1 1.6850e-01
+4.76020e+04 -1.38906e+04 6010367 1 1.7456e-01
+4.85336e+04 -1.26393e+04 6010409 1 1.7901e-01
+4.88978e+04 -1.52043e+04 6010327 1 1.6610e-01
+4.87225e+04 -1.39205e+04 6010368 1 1.7212e-01
+4.81124e+04 -1.00848e+04 6010491 1 1.9566e-01
+4.83305e+04 -1.13607e+04 6010450 1 1.8680e-01
+4.78787e+04 -8.81162e+03 6010532 1 2.0570e-01
+4.76285e+04 -7.54128e+03 6010573 1 2.1712e-01
+4.73608e+04 -6.27381e+03 6010614 1 2.3031e-01
+5.07955e+04 -2.30252e+04 7010039 1 1.4055e-01
+5.18924e+04 -2.30899e+04 7010040 1 1.3866e-01
+5.29842e+04 -2.31525e+04 7010041 1 1.3691e-01
+5.40713e+04 -2.32129e+04 7010042 1 1.3525e-01
+5.51538e+04 -2.32712e+04 7010043 1 1.3370e-01
+5.62319e+04 -2.33274e+04 7010044 1 1.3222e-01
+5.73059e+04 -2.33814e+04 7010045 1 1.3085e-01
+5.83759e+04 -2.34333e+04 7010046 1 1.2954e-01
+5.94421e+04 -2.34830e+04 7010047 1 1.2831e-01
+6.05046e+04 -2.35306e+04 7010048 1 1.2713e-01
+6.15638e+04 -2.35760e+04 7010049 1 1.2605e-01
+6.26198e+04 -2.36194e+04 7010050 1 1.2503e-01
+6.36726e+04 -2.36608e+04 7010051 1 1.2409e-01
+6.47226e+04 -2.37001e+04 7010052 1 1.2323e-01
+6.57698e+04 -2.37374e+04 7010053 1 1.2241e-01
+4.74113e+04 -1.26141e+04 6010408 1 1.8149e-01
+4.72064e+04 -1.13398e+04 6010449 1 1.8934e-01
+4.69866e+04 -1.00679e+04 6010490 1 1.9829e-01
+4.70746e+04 -5.00928e+03 6010655 1 2.4583e-01
+5.06935e+04 -2.17210e+04 7010078 1 1.4329e-01
+5.17925e+04 -2.17800e+04 7010079 1 1.4137e-01
+5.28866e+04 -2.18371e+04 7010080 1 1.3961e-01
+5.39760e+04 -2.18922e+04 7010081 1 1.3791e-01
+5.50609e+04 -2.19454e+04 7010082 1 1.3628e-01
+5.61415e+04 -2.19967e+04 7010083 1 1.3472e-01
+5.72179e+04 -2.20460e+04 7010084 1 1.3324e-01
+5.82905e+04 -2.20933e+04 7010085 1 1.3182e-01
+5.93592e+04 -2.21387e+04 7010086 1 1.3043e-01
+6.04244e+04 -2.21822e+04 7010087 1 1.2910e-01
+6.14863e+04 -2.22237e+04 7010088 1 1.2783e-01
+6.25449e+04 -2.22633e+04 7010089 1 1.2664e-01
+6.36004e+04 -2.23011e+04 7010090 1 1.2550e-01
+6.46531e+04 -2.23370e+04 7010091 1 1.2444e-01
+6.57031e+04 -2.23711e+04 7010092 1 1.2344e-01
+6.67504e+04 -2.24034e+04 7010093 1 1.2250e-01
+6.77954e+04 -2.24340e+04 7010094 1 1.2160e-01
+6.88381e+04 -2.24629e+04 7010095 1 1.2077e-01
+6.98786e+04 -2.24902e+04 7010096 1 1.1999e-01
+7.09171e+04 -2.25158e+04 7010097 1 1.1926e-01
+7.19537e+04 -2.25398e+04 7010098 1 1.1857e-01
+7.29886e+04 -2.25623e+04 7010099 1 1.1793e-01
+7.40219e+04 -2.25834e+04 7010100 1 1.1734e-01
+7.50536e+04 -2.26029e+04 7010101 1 1.1680e-01
+7.60839e+04 -2.26211e+04 7010102 1 1.1631e-01
+7.71129e+04 -2.26379e+04 7010103 1 1.1587e-01
+7.81408e+04 -2.26533e+04 7010104 1 1.1547e-01
+7.91675e+04 -2.26674e+04 7010105 1 1.1510e-01
+8.01932e+04 -2.26803e+04 7010106 1 1.1478e-01
+8.12181e+04 -2.26919e+04 7010107 1 1.1449e-01
+8.22421e+04 -2.27024e+04 7010108 1 1.1423e-01
+8.32654e+04 -2.27116e+04 7010109 1 1.1401e-01
+8.42881e+04 -2.27197e+04 7010110 1 1.1381e-01
+8.53102e+04 -2.27267e+04 7010111 1 1.1364e-01
+8.63319e+04 -2.27326e+04 7010112 1 1.1350e-01
+8.73532e+04 -2.27374e+04 7010113 1 1.1338e-01
+8.83741e+04 -2.27411e+04 7010114 1 1.1329e-01
+8.93949e+04 -2.27437e+04 7010115 1 1.1323e-01
+9.04154e+04 -2.27453e+04 7010116 1 1.1319e-01
+5.05805e+04 -2.04193e+04 7010117 1 1.4640e-01
+5.16817e+04 -2.04727e+04 7010118 1 1.4448e-01
+5.27780e+04 -2.05244e+04 7010119 1 1.4267e-01
+5.38698e+04 -2.05744e+04 7010120 1 1.4092e-01
+5.49571e+04 -2.06226e+04 7010121 1 1.3922e-01
+5.60402e+04 -2.06690e+04 7010122 1 1.3757e-01
+5.71193e+04 -2.07137e+04 7010123 1 1.3595e-01
+5.81944e+04 -2.07565e+04 7010124 1 1.3437e-01
+5.92659e+04 -2.07977e+04 7010125 1 1.3283e-01
+6.03339e+04 -2.08371e+04 7010126 1 1.3133e-01
+6.13985e+04 -2.08747e+04 7010127 1 1.2989e-01
+6.24600e+04 -2.09106e+04 7010128 1 1.2851e-01
+6.35184e+04 -2.09449e+04 7010129 1 1.2716e-01
+6.45740e+04 -2.09774e+04 7010130 1 1.2588e-01
+6.56269e+04 -2.10084e+04 7010131 1 1.2463e-01
+6.66773e+04 -2.10377e+04 7010132 1 1.2346e-01
+6.77252e+04 -2.10655e+04 7010133 1 1.2234e-01
+6.87709e+04 -2.10917e+04 7010134 1 1.2127e-01
+6.98144e+04 -2.11164e+04 7010135 1 1.2024e-01
+7.08560e+04 -2.11396e+04 7010136 1 1.1927e-01
+7.18957e+04 -2.11614e+04 7010137 1 1.1835e-01
+7.29336e+04 -2.11818e+04 7010138 1 1.1748e-01
+7.39699e+04 -2.12009e+04 7010139 1 1.1666e-01
+7.50047e+04 -2.12186e+04 7010140 1 1.1590e-01
+7.60381e+04 -2.12351e+04 7010141 1 1.1518e-01
+7.70702e+04 -2.12503e+04 7010142 1 1.1451e-01
+7.81011e+04 -2.12643e+04 7010143 1 1.1390e-01
+7.91309e+04 -2.12772e+04 7010144 1 1.1334e-01
+8.01597e+04 -2.12888e+04 7010145 1 1.1283e-01
+8.11876e+04 -2.12994e+04 7010146 1 1.1236e-01
+8.22147e+04 -2.13089e+04 7010147 1 1.1195e-01
+8.32410e+04 -2.13173e+04 7010148 1 1.1158e-01
+8.42668e+04 -2.13246e+04 7010149 1 1.1126e-01
+8.52920e+04 -2.13309e+04 7010150 1 1.1098e-01
+8.63167e+04 -2.13363e+04 7010151 1 1.1074e-01
+8.73410e+04 -2.13406e+04 7010152 1 1.1055e-01
+8.83650e+04 -2.13440e+04 7010153 1 1.1040e-01
+8.93888e+04 -2.13464e+04 7010154 1 1.1029e-01
+9.04124e+04 -2.13478e+04 7010155 1 1.1023e-01
+5.04562e+04 -1.91201e+04 7010156 1 1.4997e-01
+5.15595e+04 -1.91681e+04 7010157 1 1.4801e-01
+5.26582e+04 -1.92145e+04 7010158 1 1.4614e-01
+5.37523e+04 -1.92594e+04 7010159 1 1.4433e-01
+5.48422e+04 -1.93027e+04 7010160 1 1.4252e-01
+5.59279e+04 -1.93444e+04 7010161 1 1.4075e-01
+5.70096e+04 -1.93846e+04 7010162 1 1.3899e-01
+5.80876e+04 -1.94231e+04 7010163 1 1.3728e-01
+5.91619e+04 -1.94601e+04 7010164 1 1.3558e-01
+6.02328e+04 -1.94955e+04 7010165 1 1.3390e-01
+6.13004e+04 -1.95294e+04 7010166 1 1.3226e-01
+6.23649e+04 -1.95617e+04 7010167 1 1.3065e-01
+6.34265e+04 -1.95925e+04 7010168 1 1.2909e-01
+6.44852e+04 -1.96217e+04 7010169 1 1.2756e-01
+6.55413e+04 -1.96495e+04 7010170 1 1.2608e-01
+6.65948e+04 -1.96759e+04 7010171 1 1.2465e-01
+6.76460e+04 -1.97009e+04 7010172 1 1.2325e-01
+6.86950e+04 -1.97244e+04 7010173 1 1.2191e-01
+6.97419e+04 -1.97466e+04 7010174 1 1.2063e-01
+7.07868e+04 -1.97675e+04 7010175 1 1.1938e-01
+7.18298e+04 -1.97871e+04 7010176 1 1.1818e-01
+7.28711e+04 -1.98055e+04 7010177 1 1.1704e-01
+7.39108e+04 -1.98226e+04 7010178 1 1.1595e-01
+7.49490e+04 -1.98386e+04 7010179 1 1.1493e-01
+7.59858e+04 -1.98534e+04 7010180 1 1.1396e-01
+7.70214e+04 -1.98671e+04 7010181 1 1.1305e-01
+7.80557e+04 -1.98797e+04 7010182 1 1.1220e-01
+7.90890e+04 -1.98912e+04 7010183 1 1.1141e-01
+8.01213e+04 -1.99017e+04 7010184 1 1.1068e-01
+8.11527e+04 -1.99112e+04 7010185 1 1.1002e-01
+8.21832e+04 -1.99197e+04 7010186 1 1.0941e-01
+8.32131e+04 -1.99273e+04 7010187 1 1.0887e-01
+8.42423e+04 -1.99339e+04 7010188 1 1.0839e-01
+8.52710e+04 -1.99396e+04 7010189 1 1.0798e-01
+8.62992e+04 -1.99444e+04 7010190 1 1.0762e-01
+8.73270e+04 -1.99483e+04 7010191 1 1.0733e-01
+8.83546e+04 -1.99513e+04 7010192 1 1.0711e-01
+8.93819e+04 -1.99534e+04 7010193 1 1.0694e-01
+9.04090e+04 -1.99547e+04 7010194 1 1.0685e-01
+5.03203e+04 -1.78235e+04 7010195 1 1.5402e-01
+5.14258e+04 -1.78662e+04 7010196 1 1.5204e-01
+5.25268e+04 -1.79075e+04 7010197 1 1.5008e-01
+5.36233e+04 -1.79475e+04 7010198 1 1.4817e-01
+5.47157e+04 -1.79860e+04 7010199 1 1.4629e-01
+5.58041e+04 -1.80232e+04 7010200 1 1.4438e-01
+5.68887e+04 -1.80590e+04 7010201 1 1.4249e-01
+5.79695e+04 -1.80933e+04 7010202 1 1.4060e-01
+5.90469e+04 -1.81262e+04 7010203 1 1.3873e-01
+6.01209e+04 -1.81578e+04 7010204 1 1.3686e-01
+6.11916e+04 -1.81879e+04 7010205 1 1.3501e-01
+6.22594e+04 -1.82167e+04 7010206 1 1.3319e-01
+6.33242e+04 -1.82441e+04 7010207 1 1.3137e-01
+6.43863e+04 -1.82702e+04 7010208 1 1.2958e-01
+6.54459e+04 -1.82950e+04 7010209 1 1.2783e-01
+6.65029e+04 -1.83184e+04 7010210 1 1.2611e-01
+6.75576e+04 -1.83407e+04 7010211 1 1.2443e-01
+6.86102e+04 -1.83616e+04 7010212 1 1.2280e-01
+6.96607e+04 -1.83814e+04 7010213 1 1.2120e-01
+7.07092e+04 -1.84000e+04 7010214 1 1.1964e-01
+7.17560e+04 -1.84175e+04 7010215 1 1.1814e-01
+7.28010e+04 -1.84338e+04 7010216 1 1.1669e-01
+7.38445e+04 -1.84491e+04 7010217 1 1.1531e-01
+7.48865e+04 -1.84633e+04 7010218 1 1.1398e-01
+7.59271e+04 -1.84765e+04 7010219 1 1.1272e-01
+7.69665e+04 -1.84886e+04 7010220 1 1.1153e-01
+7.80047e+04 -1.84998e+04 7010221 1 1.1040e-01
+7.90418e+04 -1.85101e+04 7010222 1 1.0935e-01
+8.00780e+04 -1.85194e+04 7010223 1 1.0838e-01
+8.11133e+04 -1.85279e+04 7010224 1 1.0748e-01
+8.21478e+04 -1.85355e+04 7010225 1 1.0666e-01
+8.31815e+04 -1.85422e+04 7010226 1 1.0592e-01
+8.42147e+04 -1.85481e+04 7010227 1 1.0526e-01
+8.52473e+04 -1.85531e+04 7010228 1 1.0469e-01
+8.62795e+04 -1.85574e+04 7010229 1 1.0420e-01
+8.73113e+04 -1.85608e+04 7010230 1 1.0380e-01
+8.83427e+04 -1.85635e+04 7010231 1 1.0349e-01
+8.93740e+04 -1.85654e+04 7010232 1 1.0326e-01
+9.04051e+04 -1.85666e+04 7010233 1 1.0312e-01
+5.01724e+04 -1.65294e+04 7010234 1 1.5862e-01
+5.12801e+04 -1.65671e+04 7010235 1 1.5657e-01
+5.23834e+04 -1.66035e+04 7010236 1 1.5456e-01
+5.34825e+04 -1.66387e+04 7010237 1 1.5255e-01
+5.45775e+04 -1.66727e+04 7010238 1 1.5054e-01
+5.56687e+04 -1.67055e+04 7010239 1 1.4852e-01
+5.67561e+04 -1.67370e+04 7010240 1 1.4649e-01
+5.78400e+04 -1.67673e+04 7010241 1 1.4443e-01
+5.89205e+04 -1.67963e+04 7010242 1 1.4237e-01
+5.99978e+04 -1.68241e+04 7010243 1 1.4030e-01
+6.10719e+04 -1.68506e+04 7010244 1 1.3822e-01
+6.21431e+04 -1.68760e+04 7010245 1 1.3614e-01
+6.32115e+04 -1.69001e+04 7010246 1 1.3406e-01
+6.42772e+04 -1.69231e+04 7010247 1 1.3199e-01
+6.53404e+04 -1.69449e+04 7010248 1 1.2995e-01
+6.64012e+04 -1.69656e+04 7010249 1 1.2792e-01
+6.74598e+04 -1.69852e+04 7010250 1 1.2593e-01
+6.85162e+04 -1.70037e+04 7010251 1 1.2397e-01
+6.95706e+04 -1.70211e+04 7010252 1 1.2202e-01
+7.06232e+04 -1.70375e+04 7010253 1 1.2013e-01
+7.16740e+04 -1.70528e+04 7010254 1 1.1829e-01
+7.27231e+04 -1.70672e+04 7010255 1 1.1651e-01
+7.37707e+04 -1.70807e+04 7010256 1 1.1477e-01
+7.48169e+04 -1.70932e+04 7010257 1 1.1311e-01
+7.58617e+04 -1.71048e+04 7010258 1 1.1152e-01
+7.69053e+04 -1.71155e+04 7010259 1 1.1000e-01
+7.79478e+04 -1.71253e+04 7010260 1 1.0856e-01
+7.89892e+04 -1.71344e+04 7010261 1 1.0721e-01
+8.00297e+04 -1.71426e+04 7010262 1 1.0594e-01
+8.10693e+04 -1.71500e+04 7010263 1 1.0477e-01
+8.21081e+04 -1.71566e+04 7010264 1 1.0369e-01
+8.31463e+04 -1.71626e+04 7010265 1 1.0271e-01
+8.41838e+04 -1.71677e+04 7010266 1 1.0184e-01
+8.52209e+04 -1.71722e+04 7010267 1 1.0108e-01
+8.62574e+04 -1.71759e+04 7010268 1 1.0043e-01
+8.72936e+04 -1.71790e+04 7010269 1 9.9895e-02
+8.83295e+04 -1.71813e+04 7010270 1 9.9475e-02
+8.93652e+04 -1.71830e+04 7010271 1 9.9174e-02
+9.04007e+04 -1.71840e+04 7010272 1 9.8992e-02
+5.00120e+04 -1.52381e+04 7010273 1 1.6385e-01
+5.11219e+04 -1.52709e+04 7010274 1 1.6173e-01
+5.22276e+04 -1.53026e+04 7010275 1 1.5963e-01
+5.33293e+04 -1.53333e+04 7010276 1 1.5754e-01
+5.44270e+04 -1.53629e+04 7010277 1 1.5540e-01
+5.55211e+04 -1.53914e+04 7010278 1 1.5325e-01
+5.66116e+04 -1.54189e+04 7010279 1 1.5104e-01
+5.76987e+04 -1.54452e+04 7010280 1 1.4880e-01
+5.87825e+04 -1.54705e+04 7010281 1 1.4655e-01
+5.98632e+04 -1.54947e+04 7010282 1 1.4424e-01
+6.09409e+04 -1.55178e+04 7010283 1 1.4192e-01
+6.20157e+04 -1.55399e+04 7010284 1 1.3958e-01
+6.30879e+04 -1.55609e+04 7010285 1 1.3724e-01
+6.41575e+04 -1.55809e+04 7010286 1 1.3488e-01
+6.52246e+04 -1.55999e+04 7010287 1 1.3251e-01
+6.62895e+04 -1.56179e+04 7010288 1 1.3017e-01
+6.73522e+04 -1.56349e+04 7010289 1 1.2781e-01
+6.84128e+04 -1.56510e+04 7010290 1 1.2549e-01
+6.94715e+04 -1.56661e+04 7010291 1 1.2318e-01
+7.05284e+04 -1.56803e+04 7010292 1 1.2093e-01
+7.15836e+04 -1.56937e+04 7010293 1 1.1871e-01
+7.26372e+04 -1.57062e+04 7010294 1 1.1655e-01
+7.36893e+04 -1.57179e+04 7010295 1 1.1443e-01
+7.47401e+04 -1.57287e+04 7010296 1 1.1239e-01
+7.57895e+04 -1.57388e+04 7010297 1 1.1042e-01
+7.68377e+04 -1.57481e+04 7010298 1 1.0853e-01
+7.78849e+04 -1.57567e+04 7010299 1 1.0673e-01
+7.89310e+04 -1.57645e+04 7010300 1 1.0502e-01
+7.99763e+04 -1.57716e+04 7010301 1 1.0341e-01
+8.10206e+04 -1.57781e+04 7010302 1 1.0192e-01
+8.20643e+04 -1.57838e+04 7010303 1 1.0053e-01
+8.31073e+04 -1.57890e+04 7010304 1 9.9278e-02
+8.41497e+04 -1.57934e+04 7010305 1 9.8151e-02
+8.51915e+04 -1.57973e+04 7010306 1 9.7162e-02
+8.62330e+04 -1.58006e+04 7010307 1 9.6314e-02
+8.72741e+04 -1.58032e+04 7010308 1 9.5613e-02
+8.83149e+04 -1.58052e+04 7010309 1 9.5063e-02
+8.93555e+04 -1.58067e+04 7010310 1 9.4668e-02
+9.03959e+04 -1.58076e+04 7010311 1 9.4429e-02
+4.98387e+04 -1.39495e+04 7010312 1 1.6984e-01
+5.09508e+04 -1.39777e+04 7010313 1 1.6761e-01
+5.20590e+04 -1.40049e+04 7010314 1 1.6544e-01
+5.31633e+04 -1.40313e+04 7010315 1 1.6322e-01
+5.42639e+04 -1.40567e+04 7010316 1 1.6094e-01
+5.53609e+04 -1.40812e+04 7010317 1 1.5865e-01
+5.64546e+04 -1.41048e+04 7010318 1 1.5627e-01
+5.75450e+04 -1.41274e+04 7010319 1 1.5383e-01
+5.86323e+04 -1.41491e+04 7010320 1 1.5134e-01
+5.97166e+04 -1.41699e+04 7010321 1 1.4882e-01
+6.07981e+04 -1.41897e+04 7010322 1 1.4622e-01
+6.18769e+04 -1.42086e+04 7010323 1 1.4360e-01
+6.29530e+04 -1.42267e+04 7010324 1 1.4095e-01
+6.40268e+04 -1.42438e+04 7010325 1 1.3830e-01
+6.50982e+04 -1.42601e+04 7010326 1 1.3559e-01
+6.61674e+04 -1.42755e+04 7010327 1 1.3287e-01
+6.72345e+04 -1.42901e+04 7010328 1 1.3017e-01
+6.82997e+04 -1.43039e+04 7010329 1 1.2746e-01
+6.93631e+04 -1.43169e+04 7010330 1 1.2478e-01
+7.04247e+04 -1.43291e+04 7010331 1 1.2211e-01
+7.14846e+04 -1.43405e+04 7010332 1 1.1948e-01
+7.25431e+04 -1.43512e+04 7010333 1 1.1691e-01
+7.36001e+04 -1.43612e+04 7010334 1 1.1438e-01
+7.46558e+04 -1.43705e+04 7010335 1 1.1190e-01
+7.57102e+04 -1.43791e+04 7010336 1 1.0951e-01
+7.67635e+04 -1.43870e+04 7010337 1 1.0720e-01
+7.78158e+04 -1.43944e+04 7010338 1 1.0498e-01
+7.88671e+04 -1.44011e+04 7010339 1 1.0287e-01
+7.99175e+04 -1.44071e+04 7010340 1 1.0086e-01
+8.09672e+04 -1.44127e+04 7010341 1 9.8985e-02
+8.20161e+04 -1.44176e+04 7010342 1 9.7245e-02
+8.30644e+04 -1.44220e+04 7010343 1 9.5654e-02
+8.41121e+04 -1.44258e+04 7010344 1 9.4221e-02
+8.51593e+04 -1.44291e+04 7010345 1 9.2956e-02
+8.62061e+04 -1.44319e+04 7010346 1 9.1868e-02
+8.72526e+04 -1.44341e+04 7010347 1 9.0966e-02
+8.82987e+04 -1.44359e+04 7010348 1 9.0256e-02
+8.93447e+04 -1.44371e+04 7010349 1 8.9744e-02
+9.03906e+04 -1.44379e+04 7010350 1 8.9436e-02
+4.96518e+04 -1.26638e+04 7010351 1 1.7662e-01
+5.07662e+04 -1.26876e+04 7010352 1 1.7430e-01
+5.18769e+04 -1.27106e+04 7010353 1 1.7199e-01
+5.29839e+04 -1.27329e+04 7010354 1 1.6967e-01
+5.40875e+04 -1.27544e+04 7010355 1 1.6725e-01
+5.51877e+04 -1.27750e+04 7010356 1 1.6475e-01
+5.62847e+04 -1.27949e+04 7010357 1 1.6220e-01
+5.73786e+04 -1.28140e+04 7010358 1 1.5956e-01
+5.84696e+04 -1.28323e+04 7010359 1 1.5685e-01
+5.95577e+04 -1.28499e+04 7010360 1 1.5406e-01
+6.06432e+04 -1.28666e+04 7010361 1 1.5119e-01
+6.17261e+04 -1.28826e+04 7010362 1 1.4829e-01
+6.28066e+04 -1.28978e+04 7010363 1 1.4532e-01
+6.38847e+04 -1.29122e+04 7010364 1 1.4230e-01
+6.49607e+04 -1.29260e+04 7010365 1 1.3925e-01
+6.60346e+04 -1.29390e+04 7010366 1 1.3616e-01
+6.71065e+04 -1.29513e+04 7010367 1 1.3308e-01
+6.81766e+04 -1.29629e+04 7010368 1 1.2997e-01
+6.92449e+04 -1.29738e+04 7010369 1 1.2687e-01
+7.03116e+04 -1.29841e+04 7010370 1 1.2377e-01
+7.13767e+04 -1.29937e+04 7010371 1 1.2071e-01
+7.24404e+04 -1.30027e+04 7010372 1 1.1766e-01
+7.35027e+04 -1.30111e+04 7010373 1 1.1468e-01
+7.45638e+04 -1.30189e+04 7010374 1 1.1174e-01
+7.56237e+04 -1.30261e+04 7010375 1 1.0888e-01
+7.66825e+04 -1.30328e+04 7010376 1 1.0609e-01
+7.77404e+04 -1.30390e+04 7010377 1 1.0340e-01
+7.87973e+04 -1.30446e+04 7010378 1 1.0082e-01
+7.98534e+04 -1.30497e+04 7010379 1 9.8362e-02
+8.09087e+04 -1.30543e+04 7010380 1 9.6044e-02
+8.19634e+04 -1.30584e+04 7010381 1 9.3884e-02
+8.30174e+04 -1.30621e+04 7010382 1 9.1895e-02
+8.40710e+04 -1.30653e+04 7010383 1 9.0094e-02
+8.51240e+04 -1.30681e+04 7010384 1 8.8495e-02
+8.61767e+04 -1.30704e+04 7010385 1 8.7114e-02
+8.72290e+04 -1.30723e+04 7010386 1 8.5964e-02
+8.82811e+04 -1.30738e+04 7010387 1 8.5056e-02
+8.93330e+04 -1.30748e+04 7010388 1 8.4401e-02
+9.03847e+04 -1.30754e+04 7010389 1 8.4005e-02
+4.94508e+04 -1.13810e+04 7010390 1 1.8435e-01
+5.05675e+04 -1.14007e+04 7010391 1 1.8192e-01
+5.16808e+04 -1.14198e+04 7010392 1 1.7945e-01
+5.27906e+04 -1.14382e+04 7010393 1 1.7695e-01
+5.38972e+04 -1.14560e+04 7010394 1 1.7439e-01
+5.50007e+04 -1.14731e+04 7010395 1 1.7170e-01
+5.61012e+04 -1.14896e+04 7010396 1 1.6894e-01
+5.71988e+04 -1.15054e+04 7010397 1 1.6608e-01
+5.82937e+04 -1.15205e+04 7010398 1 1.6311e-01
+5.93859e+04 -1.15350e+04 7010399 1 1.6006e-01
+6.04757e+04 -1.15488e+04 7010400 1 1.5690e-01
+6.15630e+04 -1.15620e+04 7010401 1 1.5369e-01
+6.26480e+04 -1.15746e+04 7010402 1 1.5037e-01
+6.37309e+04 -1.15865e+04 7010403 1 1.4701e-01
+6.48118e+04 -1.15979e+04 7010404 1 1.4359e-01
+6.58906e+04 -1.16086e+04 7010405 1 1.4012e-01
+6.69677e+04 -1.16188e+04 7010406 1 1.3662e-01
+6.80430e+04 -1.16283e+04 7010407 1 1.3311e-01
+6.91167e+04 -1.16373e+04 7010408 1 1.2956e-01
+7.01888e+04 -1.16458e+04 7010409 1 1.2600e-01
+7.12595e+04 -1.16537e+04 7010410 1 1.2247e-01
+7.23289e+04 -1.16611e+04 7010411 1 1.1895e-01
+7.33969e+04 -1.16680e+04 7010412 1 1.1545e-01
+7.44638e+04 -1.16745e+04 7010413 1 1.1201e-01
+7.55297e+04 -1.16804e+04 7010414 1 1.0863e-01
+7.65945e+04 -1.16859e+04 7010415 1 1.0532e-01
+7.76583e+04 -1.16910e+04 7010416 1 1.0210e-01
+7.87214e+04 -1.16956e+04 7010417 1 9.8991e-02
+7.97836e+04 -1.16998e+04 7010418 1 9.6013e-02
+8.08452e+04 -1.17036e+04 7010419 1 9.3184e-02
+8.19061e+04 -1.17070e+04 7010420 1 9.0529e-02
+8.29664e+04 -1.17100e+04 7010421 1 8.8068e-02
+8.40262e+04 -1.17126e+04 7010422 1 8.5824e-02
+8.50857e+04 -1.17149e+04 7010423 1 8.3820e-02
+8.61447e+04 -1.17168e+04 7010424 1 8.2078e-02
+8.72034e+04 -1.17183e+04 7010425 1 8.0619e-02
+8.82619e+04 -1.17195e+04 7010426 1 7.9463e-02
+8.93202e+04 -1.17204e+04 7010427 1 7.8625e-02
+9.03784e+04 -1.17209e+04 7010428 1 7.8119e-02
+4.92349e+04 -1.01012e+04 7010429 1 1.9307e-01
+5.03540e+04 -1.01171e+04 7010430 1 1.9052e-01
+5.14699e+04 -1.01325e+04 7010431 1 1.8790e-01
+5.25827e+04 -1.01474e+04 7010432 1 1.8524e-01
+5.36925e+04 -1.01618e+04 7010433 1 1.8247e-01
+5.47995e+04 -1.01756e+04 7010434 1 1.7959e-01
+5.59036e+04 -1.01889e+04 7010435 1 1.7659e-01
+5.70052e+04 -1.02016e+04 7010436 1 1.7347e-01
+5.81041e+04 -1.02139e+04 7010437 1 1.7025e-01
+5.92007e+04 -1.02255e+04 7010438 1 1.6689e-01
+6.02949e+04 -1.02367e+04 7010439 1 1.6345e-01
+6.13870e+04 -1.02473e+04 7010440 1 1.5990e-01
+6.24769e+04 -1.02575e+04 7010441 1 1.5625e-01
+6.35648e+04 -1.02671e+04 7010442 1 1.5251e-01
+6.46509e+04 -1.02762e+04 7010443 1 1.4871e-01
+6.57351e+04 -1.02848e+04 7010444 1 1.4485e-01
+6.68177e+04 -1.02930e+04 7010445 1 1.4092e-01
+6.78986e+04 -1.03007e+04 7010446 1 1.3695e-01
+6.89781e+04 -1.03079e+04 7010447 1 1.3294e-01
+7.00561e+04 -1.03147e+04 7010448 1 1.2892e-01
+7.11328e+04 -1.03211e+04 7010449 1 1.2488e-01
+7.22082e+04 -1.03270e+04 7010450 1 1.2085e-01
+7.32825e+04 -1.03326e+04 7010451 1 1.1682e-01
+7.43557e+04 -1.03377e+04 7010452 1 1.1283e-01
+7.54278e+04 -1.03425e+04 7010453 1 1.0888e-01
+7.64991e+04 -1.03469e+04 7010454 1 1.0499e-01
+7.75695e+04 -1.03509e+04 7010455 1 1.0119e-01
+7.86391e+04 -1.03546e+04 7010456 1 9.7494e-02
+7.97080e+04 -1.03580e+04 7010457 1 9.3929e-02
+8.07763e+04 -1.03610e+04 7010458 1 9.0518e-02
+8.18439e+04 -1.03637e+04 7010459 1 8.7288e-02
+8.29111e+04 -1.03661e+04 7010460 1 8.4269e-02
+8.39778e+04 -1.03682e+04 7010461 1 8.1498e-02
+8.50441e+04 -1.03701e+04 7010462 1 7.9001e-02
+8.61100e+04 -1.03716e+04 7010463 1 7.6814e-02
+8.71757e+04 -1.03728e+04 7010464 1 7.4969e-02
+8.82411e+04 -1.03738e+04 7010465 1 7.3499e-02
+8.93064e+04 -1.03745e+04 7010466 1 7.2428e-02
+9.03715e+04 -1.03749e+04 7010467 1 7.1779e-02
+4.90033e+04 -8.82449e+03 7010468 1 2.0299e-01
+5.01250e+04 -8.83696e+03 7010469 1 2.0026e-01
+5.12436e+04 -8.84903e+03 7010470 1 1.9745e-01
+5.23595e+04 -8.86068e+03 7010471 1 1.9457e-01
+5.34727e+04 -8.87192e+03 7010472 1 1.9159e-01
+5.45832e+04 -8.88274e+03 7010473 1 1.8846e-01
+5.56913e+04 -8.89313e+03 7010474 1 1.8521e-01
+5.67969e+04 -8.90310e+03 7010475 1 1.8186e-01
+5.79003e+04 -8.91265e+03 7010476 1 1.7835e-01
+5.90014e+04 -8.92178e+03 7010477 1 1.7469e-01
+6.01005e+04 -8.93050e+03 7010478 1 1.7092e-01
+6.11975e+04 -8.93880e+03 7010479 1 1.6704e-01
+6.22927e+04 -8.94670e+03 7010480 1 1.6304e-01
+6.33860e+04 -8.95420e+03 7010481 1 1.5893e-01
+6.44776e+04 -8.96131e+03 7010482 1 1.5472e-01
+6.55676e+04 -8.96804e+03 7010483 1 1.5044e-01
+6.66560e+04 -8.97439e+03 7010484 1 1.4608e-01
+6.77430e+04 -8.98037e+03 7010485 1 1.4163e-01
+6.88286e+04 -8.98600e+03 7010486 1 1.3716e-01
+6.99129e+04 -8.99128e+03 7010487 1 1.3263e-01
+7.09960e+04 -8.99623e+03 7010488 1 1.2806e-01
+7.20780e+04 -9.00085e+03 7010489 1 1.2347e-01
+7.31590e+04 -9.00515e+03 7010490 1 1.1888e-01
+7.42389e+04 -9.00914e+03 7010491 1 1.1431e-01
+7.53180e+04 -9.01284e+03 7010492 1 1.0976e-01
+7.63962e+04 -9.01625e+03 7010493 1 1.0526e-01
+7.74736e+04 -9.01938e+03 7010494 1 1.0083e-01
+7.85503e+04 -9.02224e+03 7010495 1 9.6482e-02
+7.96264e+04 -9.02484e+03 7010496 1 9.2262e-02
+8.07019e+04 -9.02719e+03 7010497 1 8.8189e-02
+8.17769e+04 -9.02928e+03 7010498 1 8.4297e-02
+8.28513e+04 -9.03114e+03 7010499 1 8.0628e-02
+8.39254e+04 -9.03277e+03 7010500 1 7.7221e-02
+8.49991e+04 -9.03417e+03 7010501 1 7.4122e-02
+8.60725e+04 -9.03534e+03 7010502 1 7.1381e-02
+8.71457e+04 -9.03629e+03 7010503 1 6.9056e-02
+8.82186e+04 -9.03703e+03 7010504 1 6.7181e-02
+8.92914e+04 -9.03756e+03 7010505 1 6.5806e-02
+9.03641e+04 -9.03787e+03 7010506 1 6.4969e-02
+4.87553e+04 -7.55096e+03 7010507 1 2.1427e-01
+4.98795e+04 -7.56034e+03 7010508 1 2.1131e-01
+5.10011e+04 -7.56941e+03 7010509 1 2.0833e-01
+5.21202e+04 -7.57817e+03 7010510 1 2.0521e-01
+5.32369e+04 -7.58661e+03 7010511 1 2.0198e-01
+5.43513e+04 -7.59474e+03 7010512 1 1.9861e-01
+5.54635e+04 -7.60254e+03 7010513 1 1.9507e-01
+5.65735e+04 -7.61002e+03 7010514 1 1.9140e-01
+5.76815e+04 -7.61718e+03 7010515 1 1.8758e-01
+5.87875e+04 -7.62403e+03 7010516 1 1.8362e-01
+5.98916e+04 -7.63056e+03 7010517 1 1.7950e-01
+6.09940e+04 -7.63678e+03 7010518 1 1.7525e-01
+6.20947e+04 -7.64269e+03 7010519 1 1.7086e-01
+6.31938e+04 -7.64830e+03 7010520 1 1.6637e-01
+6.42913e+04 -7.65361e+03 7010521 1 1.6175e-01
+6.53874e+04 -7.65864e+03 7010522 1 1.5701e-01
+6.64821e+04 -7.66338e+03 7010523 1 1.5218e-01
+6.75756e+04 -7.66784e+03 7010524 1 1.4728e-01
+6.86678e+04 -7.67204e+03 7010525 1 1.4227e-01
+6.97589e+04 -7.67597e+03 7010526 1 1.3722e-01
+7.08490e+04 -7.67966e+03 7010527 1 1.3212e-01
+7.19380e+04 -7.68309e+03 7010528 1 1.2696e-01
+7.30261e+04 -7.68629e+03 7010529 1 1.2179e-01
+7.41133e+04 -7.68926e+03 7010530 1 1.1661e-01
+7.51997e+04 -7.69200e+03 7010531 1 1.1142e-01
+7.62854e+04 -7.69453e+03 7010532 1 1.0626e-01
+7.73704e+04 -7.69686e+03 7010533 1 1.0116e-01
+7.84548e+04 -7.69898e+03 7010534 1 9.6115e-02
+7.95385e+04 -7.70090e+03 7010535 1 9.1179e-02
+8.06218e+04 -7.70264e+03 7010536 1 8.6368e-02
+8.17046e+04 -7.70419e+03 7010537 1 8.1732e-02
+8.27870e+04 -7.70557e+03 7010538 1 7.7310e-02
+8.38690e+04 -7.70677e+03 7010539 1 7.3154e-02
+8.49507e+04 -7.70780e+03 7010540 1 6.9330e-02
+8.60322e+04 -7.70866e+03 7010541 1 6.5901e-02
+8.71134e+04 -7.70937e+03 7010542 1 6.2943e-02
+8.81944e+04 -7.70991e+03 7010543 1 6.0535e-02
+8.92753e+04 -7.71030e+03 7010544 1 5.8752e-02
+9.03561e+04 -7.71053e+03 7010545 1 5.7658e-02
+4.84900e+04 -6.28070e+03 7010546 1 2.2722e-01
+4.96169e+04 -6.28737e+03 7010547 1 2.2408e-01
+5.07415e+04 -6.29382e+03 7010548 1 2.2082e-01
+5.18640e+04 -6.30005e+03 7010549 1 2.1745e-01
+5.29844e+04 -6.30605e+03 7010550 1 2.1391e-01
+5.41028e+04 -6.31182e+03 7010551 1 2.1023e-01
+5.52193e+04 -6.31735e+03 7010552 1 2.0641e-01
+5.63340e+04 -6.32266e+03 7010553 1 2.0240e-01
+5.74469e+04 -6.32774e+03 7010554 1 1.9821e-01
+5.85581e+04 -6.33259e+03 7010555 1 1.9387e-01
+5.96677e+04 -6.33721e+03 7010556 1 1.8937e-01
+6.07757e+04 -6.34161e+03 7010557 1 1.8474e-01
+6.18823e+04 -6.34579e+03 7010558 1 1.7993e-01
+6.29876e+04 -6.34975e+03 7010559 1 1.7500e-01
+6.40915e+04 -6.35351e+03 7010560 1 1.6993e-01
+6.51941e+04 -6.35705e+03 7010561 1 1.6475e-01
+6.62956e+04 -6.36039e+03 7010562 1 1.5942e-01
+6.73960e+04 -6.36354e+03 7010563 1 1.5400e-01
+6.84953e+04 -6.36649e+03 7010564 1 1.4851e-01
+6.95936e+04 -6.36926e+03 7010565 1 1.4290e-01
+7.06911e+04 -6.37184e+03 7010566 1 1.3723e-01
+7.17876e+04 -6.37426e+03 7010567 1 1.3148e-01
+7.28834e+04 -6.37650e+03 7010568 1 1.2570e-01
+7.39784e+04 -6.37858e+03 7010569 1 1.1988e-01
+7.50728e+04 -6.38050e+03 7010570 1 1.1404e-01
+7.61664e+04 -6.38227e+03 7010571 1 1.0820e-01
+7.72596e+04 -6.38390e+03 7010572 1 1.0237e-01
+7.83521e+04 -6.38538e+03 7010573 1 9.6602e-02
+7.94442e+04 -6.38672e+03 7010574 1 9.0887e-02
+8.05358e+04 -6.38793e+03 7010575 1 8.5283e-02
+8.16271e+04 -6.38902e+03 7010576 1 7.9813e-02
+8.27179e+04 -6.38997e+03 7010577 1 7.4538e-02
+8.38085e+04 -6.39081e+03 7010578 1 6.9512e-02
+8.48988e+04 -6.39153e+03 7010579 1 6.4811e-02
+8.59888e+04 -6.39213e+03 7010580 1 6.0525e-02
+8.70787e+04 -6.39262e+03 7010581 1 5.6768e-02
+8.81684e+04 -6.39300e+03 7010582 1 5.3648e-02
+8.92580e+04 -6.39327e+03 7010583 1 5.1301e-02
+9.03475e+04 -6.39343e+03 7010584 1 4.9841e-02
+4.82062e+04 -5.01380e+03 7010585 1 2.4249e-01
+4.93359e+04 -5.01818e+03 7010586 1 2.3905e-01
+5.04638e+04 -5.02241e+03 7010587 1 2.3546e-01
+5.15899e+04 -5.02650e+03 7010588 1 2.3177e-01
+5.27142e+04 -5.03043e+03 7010589 1 2.2788e-01
+5.38369e+04 -5.03420e+03 7010590 1 2.2384e-01
+5.49580e+04 -5.03783e+03 7010591 1 2.1962e-01
+5.60776e+04 -5.04130e+03 7010592 1 2.1520e-01
+5.71958e+04 -5.04462e+03 7010593 1 2.1062e-01
+5.83125e+04 -5.04778e+03 7010594 1 2.0590e-01
+5.94279e+04 -5.05080e+03 7010595 1 2.0097e-01
+6.05420e+04 -5.05366e+03 7010596 1 1.9587e-01
+6.16549e+04 -5.05639e+03 7010597 1 1.9062e-01
+6.27667e+04 -5.05896e+03 7010598 1 1.8519e-01
+6.38774e+04 -5.06140e+03 7010599 1 1.7963e-01
+6.49871e+04 -5.06371e+03 7010600 1 1.7392e-01
+6.60958e+04 -5.06587e+03 7010601 1 1.6809e-01
+6.72035e+04 -5.06791e+03 7010602 1 1.6214e-01
+6.83105e+04 -5.06982e+03 7010603 1 1.5606e-01
+6.94166e+04 -5.07161e+03 7010604 1 1.4989e-01
+7.05219e+04 -5.07329e+03 7010605 1 1.4363e-01
+7.16266e+04 -5.07484e+03 7010606 1 1.3728e-01
+7.27305e+04 -5.07629e+03 7010607 1 1.3085e-01
+7.38339e+04 -5.07763e+03 7010608 1 1.2436e-01
+7.49367e+04 -5.07887e+03 7010609 1 1.1785e-01
+7.60390e+04 -5.08000e+03 7010610 1 1.1130e-01
+7.71408e+04 -5.08105e+03 7010611 1 1.0472e-01
+7.82421e+04 -5.08200e+03 7010612 1 9.8170e-02
+7.93431e+04 -5.08286e+03 7010613 1 9.1647e-02
+8.04437e+04 -5.08363e+03 7010614 1 8.5193e-02
+8.15439e+04 -5.08432e+03 7010615 1 7.8826e-02
+8.26439e+04 -5.08494e+03 7010616 1 7.2605e-02
+8.37436e+04 -5.08547e+03 7010617 1 6.6592e-02
+8.48431e+04 -5.08593e+03 7010618 1 6.0862e-02
+8.59424e+04 -5.08631e+03 7010619 1 5.5524e-02
+8.70415e+04 -5.08662e+03 7010620 1 5.0722e-02
+8.81406e+04 -5.08686e+03 7010621 1 4.6629e-02
+8.92395e+04 -5.08704e+03 7010622 1 4.3462e-02
+9.03383e+04 -5.08714e+03 7010623 1 4.1449e-02
+4.79030e+04 -3.75036e+03 7010624 1 2.6120e-01
+4.90357e+04 -3.75289e+03 7010625 1 2.5740e-01
+5.01670e+04 -3.75534e+03 7010626 1 2.5340e-01
+5.12968e+04 -3.75769e+03 7010627 1 2.4929e-01
+5.24254e+04 -3.75996e+03 7010628 1 2.4495e-01
+5.35526e+04 -3.76214e+03 7010629 1 2.4046e-01
+5.46787e+04 -3.76422e+03 7010630 1 2.3575e-01
+5.58035e+04 -3.76622e+03 7010631 1 2.3086e-01
+5.69272e+04 -3.76813e+03 7010632 1 2.2579e-01
+5.80498e+04 -3.76994e+03 7010633 1 2.2053e-01
+5.91714e+04 -3.77167e+03 7010634 1 2.1508e-01
+6.02921e+04 -3.77331e+03 7010635 1 2.0944e-01
+6.14117e+04 -3.77487e+03 7010636 1 2.0364e-01
+6.25305e+04 -3.77634e+03 7010637 1 1.9767e-01
+6.36485e+04 -3.77773e+03 7010638 1 1.9155e-01
+6.47656e+04 -3.77904e+03 7010639 1 1.8526e-01
+6.58820e+04 -3.78028e+03 7010640 1 1.7884e-01
+6.69977e+04 -3.78144e+03 7010641 1 1.7227e-01
+6.81128e+04 -3.78252e+03 7010642 1 1.6559e-01
+6.92272e+04 -3.78354e+03 7010643 1 1.5877e-01
+7.03410e+04 -3.78448e+03 7010644 1 1.5184e-01
+7.14543e+04 -3.78536e+03 7010645 1 1.4483e-01
+7.25671e+04 -3.78618e+03 7010646 1 1.3772e-01
+7.36794e+04 -3.78693e+03 7010647 1 1.3055e-01
+7.47912e+04 -3.78763e+03 7010648 1 1.2329e-01
+7.59027e+04 -3.78826e+03 7010649 1 1.1598e-01
+7.70138e+04 -3.78885e+03 7010650 1 1.0863e-01
+7.81245e+04 -3.78938e+03 7010651 1 1.0127e-01
+7.92350e+04 -3.78986e+03 7010652 1 9.3879e-02
+8.03451e+04 -3.79029e+03 7010653 1 8.6516e-02
+8.14551e+04 -3.79068e+03 7010654 1 7.9185e-02
+8.25647e+04 -3.79102e+03 7010655 1 7.1943e-02
+8.36742e+04 -3.79132e+03 7010656 1 6.4831e-02
+8.47836e+04 -3.79157e+03 7010657 1 5.7921e-02
+8.58927e+04 -3.79179e+03 7010658 1 5.1314e-02
+8.70018e+04 -3.79196e+03 7010659 1 4.5169e-02
+8.81108e+04 -3.79209e+03 7010660 1 3.9711e-02
+8.92197e+04 -3.79219e+03 7010661 1 3.5285e-02
+9.03285e+04 -3.79224e+03 7010662 1 3.2352e-02
+4.75792e+04 -2.49047e+03 7010663 1 2.7728e-01
+4.87151e+04 -2.49164e+03 7010664 1 2.7454e-01
+4.98499e+04 -2.49276e+03 7010665 1 2.7143e-01
+5.09838e+04 -2.49384e+03 7010666 1 2.6794e-01
+5.21168e+04 -2.49488e+03 7010667 1 2.6411e-01
+5.32489e+04 -2.49587e+03 7010668 1 2.5993e-01
+5.43802e+04 -2.49683e+03 7010669 1 2.5543e-01
+5.55107e+04 -2.49773e+03 7010670 1 2.5061e-01
+5.66403e+04 -2.49860e+03 7010671 1 2.4549e-01
+5.77693e+04 -2.49942e+03 7010672 1 2.4009e-01
+5.88975e+04 -2.50021e+03 7010673 1 2.3430e-01
+6.00250e+04 -2.50095e+03 7010674 1 2.2796e-01
+6.11519e+04 -2.50165e+03 7010675 1 2.2145e-01
+6.22782e+04 -2.50231e+03 7010676 1 2.1477e-01
+6.34039e+04 -2.50294e+03 7010677 1 2.0792e-01
+6.45291e+04 -2.50353e+03 7010678 1 2.0089e-01
+6.56537e+04 -2.50408e+03 7010679 1 1.9371e-01
+6.67779e+04 -2.50459e+03 7010680 1 1.8639e-01
+6.79016e+04 -2.50508e+03 7010681 1 1.7892e-01
+6.90249e+04 -2.50553e+03 7010682 1 1.7135e-01
+7.01478e+04 -2.50595e+03 7010683 1 1.6363e-01
+7.12703e+04 -2.50633e+03 7010684 1 1.5580e-01
+7.23925e+04 -2.50669e+03 7010685 1 1.4787e-01
+7.35143e+04 -2.50703e+03 7010686 1 1.3985e-01
+7.46359e+04 -2.50733e+03 7010687 1 1.3174e-01
+7.57572e+04 -2.50761e+03 7010688 1 1.2354e-01
+7.68782e+04 -2.50787e+03 7010689 1 1.1529e-01
+7.79990e+04 -2.50810e+03 7010690 1 1.0697e-01
+7.91196e+04 -2.50831e+03 7010691 1 9.8620e-02
+8.02399e+04 -2.50849e+03 7010692 1 9.0232e-02
+8.13602e+04 -2.50866e+03 7010693 1 8.1829e-02
+8.24802e+04 -2.50881e+03 7010694 1 7.3438e-02
+8.36002e+04 -2.50894e+03 7010695 1 6.5082e-02
+8.47200e+04 -2.50905e+03 7010696 1 5.6803e-02
+8.58397e+04 -2.50914e+03 7010697 1 4.8670e-02
+8.69594e+04 -2.50921e+03 7010698 1 4.0794e-02
+8.80790e+04 -2.50927e+03 7010699 1 3.3380e-02
+8.91985e+04 -2.50931e+03 7010700 1 2.6830e-02
+9.03180e+04 -2.50933e+03 7010701 1 2.1971e-02
+4.72336e+04 -1.23421e+03 7010702 1 2.9475e-01
+4.83728e+04 -1.23452e+03 7010703 1 2.9183e-01
+4.95115e+04 -1.23482e+03 7010704 1 2.8851e-01
+5.06497e+04 -1.23510e+03 7010705 1 2.8479e-01
+5.17875e+04 -1.23538e+03 7010706 1 2.8069e-01
+5.29248e+04 -1.23564e+03 7010707 1 2.7623e-01
+5.40616e+04 -1.23589e+03 7010708 1 2.7141e-01
+5.51981e+04 -1.23612e+03 7010709 1 2.6626e-01
+5.63341e+04 -1.23635e+03 7010710 1 2.6079e-01
+5.74698e+04 -1.23656e+03 7010711 1 2.5501e-01
+5.86050e+04 -1.23676e+03 7010712 1 2.4894e-01
+5.97400e+04 -1.23695e+03 7010713 1 2.4260e-01
+6.08746e+04 -1.23713e+03 7010714 1 2.3598e-01
+6.20089e+04 -1.23730e+03 7010715 1 2.2912e-01
+6.31429e+04 -1.23746e+03 7010716 1 2.2203e-01
+6.42767e+04 -1.23761e+03 7010717 1 2.1471e-01
+6.54101e+04 -1.23775e+03 7010718 1 2.0718e-01
+6.65434e+04 -1.23787e+03 7010719 1 1.9945e-01
+6.76763e+04 -1.23799e+03 7010720 1 1.9154e-01
+6.88091e+04 -1.23810e+03 7010721 1 1.8346e-01
+6.99417e+04 -1.23821e+03 7010722 1 1.7521e-01
+7.10741e+04 -1.23830e+03 7010723 1 1.6681e-01
+7.22063e+04 -1.23839e+03 7010724 1 1.5828e-01
+7.33383e+04 -1.23847e+03 7010725 1 1.4961e-01
+7.44702e+04 -1.23854e+03 7010726 1 1.4083e-01
+7.56020e+04 -1.23861e+03 7010727 1 1.3194e-01
+7.67336e+04 -1.23867e+03 7010728 1 1.2294e-01
+7.78651e+04 -1.23872e+03 7010729 1 1.1386e-01
+7.89965e+04 -1.23877e+03 7010730 1 1.0470e-01
+8.01278e+04 -1.23881e+03 7010731 1 9.5465e-02
+8.12590e+04 -1.23885e+03 7010732 1 8.6171e-02
+8.23902e+04 -1.23889e+03 7010733 1 7.6826e-02
+8.35213e+04 -1.23892e+03 7010734 1 6.7442e-02
+8.46523e+04 -1.23894e+03 7010735 1 5.8034e-02
+8.57833e+04 -1.23896e+03 7010736 1 4.8620e-02
+8.69142e+04 -1.23898e+03 7010737 1 3.9233e-02
+8.80451e+04 -1.23899e+03 7010738 1 2.9935e-02
+8.91760e+04 -1.23900e+03 7010739 1 2.0885e-02
+9.03068e+04 -1.23900e+03 7010740 1 1.2666e-02
