+4.55710e+04 -6.55579e+04 2010613 1 5.3983e-01
+4.45953e+04 -7.15768e+04 3010391 1 6.5057e-01
+4.43453e+04 -5.08242e+04 4010113 1 3.9167e-01
+4.46077e+04 -7.29853e+04 3010353 1 6.8162e-01
+4.55671e+04 -6.71876e+04 2010573 1 5.6365e-01
+4.63583e+04 -6.24287e+04 2010694 1 4.9740e-01
+4.64092e+04 -6.41367e+04 2010654 1 5.1932e-01
+4.64427e+04 -6.57911e+04 2010614 1 5.4851e-01
+4.68157e+04 -5.73804e+04 2010815 1 4.3814e-01
+1.45132e+04 -4.91272e+04 2010008 1 9.7356e-01
+1.55389e+04 -5.05693e+04 2010009 1 9.4839e-01
+1.63978e+04 -5.20334e+04 2010010 1 9.1166e-01
+1.71064e+04 -5.34998e+04 2010011 1 8.7064e-01
+1.76834e+04 -5.49548e+04 2010012 1 8.1830e-01
+1.81466e+04 -5.63872e+04 2010013 1 7.7045e-01
+1.85144e+04 -5.77921e+04 2010014 1 7.1666e-01
+1.88028e+04 -5.91619e+04 2010015 1 6.6119e-01
+1.90276e+04 -6.04953e+04 2010016 1 6.1859e-01
+1.92037e+04 -6.17987e+04 2010017 1 5.9803e-01
+1.93432e+04 -6.30613e+04 2010018 1 5.1185e-01
+1.94573e+04 -6.42942e+04 2010019 1 5.1001e-01
+1.95605e+04 -6.54888e+04 2010020 1 4.6501e-01
+1.96593e+04 -6.66569e+04 2010021 1 4.4827e-01
+1.97642e+04 -6.77958e+04 2010022 1 4.4397e-01
+1.98845e+04 -6.89080e+04 2010023 1 4.5572e-01
+2.00269e+04 -6.99902e+04 2010024 1 4.6130e-01
+2.02010e+04 -7.10507e+04 2010025 1 4.9743e-01
+2.04119e+04 -7.20778e+04 2010026 1 4.9966e-01
+2.06704e+04 -7.30829e+04 2010027 1 5.1802e-01
+4.14506e+04 -5.06662e+04 4010069 1 4.0428e-01
+4.36817e+04 -6.99110e+04 2010491 1 6.1333e-01
+4.46471e+04 -6.85613e+04 2010532 1 5.8871e-01
+4.46864e+04 -6.69585e+04 2010572 1 5.5435e-01
+4.56623e+04 -7.30788e+04 3010354 1 6.8339e-01
+4.41917e+04 -5.42603e+04 4010032 1 4.0872e-01
+4.33967e+04 -5.37730e+04 4010031 1 4.0471e-01
+4.49897e+04 -5.47147e+04 4010033 1 4.1262e-01
+4.57927e+04 -5.51367e+04 4010034 1 4.1560e-01
+4.66020e+04 -5.55264e+04 4010035 1 4.1943e-01
+3.85736e+04 -5.01196e+04 4010025 1 4.3886e-01
+3.93980e+04 -5.08165e+04 4010026 1 4.2729e-01
+4.46117e+04 -7.01026e+04 3010429 1 6.2234e-01
+3.32570e+04 -4.99444e+04 2010717 1 5.4582e-01
+1.49678e+04 -7.04839e+04 10724 1 1.1190e+00
+4.55629e+04 -6.87564e+04 3010468 1 5.9859e-01
+2.99332e+04 -4.92732e+04 2010632 1 6.4863e-01
+4.55690e+04 -7.02630e+04 3010430 1 6.2789e-01
+4.55991e+04 -7.17032e+04 3010392 1 6.5566e-01
+4.65526e+04 -7.03940e+04 3010431 1 6.2856e-01
+1.52140e+04 -4.87588e+04 2010049 1 9.9061e-01
+4.67435e+04 -7.31454e+04 3010355 1 6.8281e-01
+1.62975e+04 -5.02448e+04 2010050 1 9.6005e-01
+1.72095e+04 -5.17516e+04 2010051 1 9.1875e-01
+1.79677e+04 -5.32595e+04 2010052 1 8.6595e-01
+1.85910e+04 -5.47546e+04 2010053 1 8.0875e-01
+1.90977e+04 -5.62242e+04 2010054 1 7.4804e-01
+1.95067e+04 -5.76635e+04 2010055 1 6.9129e-01
+1.98346e+04 -5.90654e+04 2010056 1 6.2424e-01
+2.00973e+04 -6.04266e+04 2010057 1 5.6874e-01
+2.03100e+04 -6.17514e+04 2010058 1 5.3237e-01
+2.04855e+04 -6.30354e+04 2010059 1 4.4904e-01
+2.06365e+04 -6.42764e+04 2010060 1 4.2597e-01
+2.07740e+04 -6.54825e+04 2010061 1 3.7570e-01
+2.09069e+04 -6.66547e+04 2010062 1 3.5909e-01
+2.10454e+04 -6.77880e+04 2010063 1 3.4955e-01
+2.11996e+04 -6.88870e+04 2010064 1 3.5079e-01
+2.13766e+04 -6.99557e+04 2010065 1 3.6386e-01
+2.15833e+04 -7.09863e+04 2010066 1 3.9579e-01
+2.18274e+04 -7.19852e+04 2010067 1 4.1378e-01
+2.21156e+04 -7.29522e+04 2010068 1 4.4842e-01
+4.35165e+04 -5.03235e+04 4010112 1 3.9273e-01
+4.66295e+04 -7.18015e+04 3010393 1 6.5836e-01
+4.36194e+04 -7.14205e+04 3010390 1 6.4277e-01
+4.25851e+04 -7.27093e+04 3010351 1 6.7068e-01
+4.47046e+04 -5.27794e+04 4010073 1 3.9970e-01
+4.26032e+04 -5.32517e+04 4010030 1 4.0566e-01
+1.24759e+04 -6.86620e+04 10642 0 8.4689e-01
+4.63316e+04 -5.36422e+04 4010075 1 4.0526e-01
+4.10122e+04 -5.21044e+04 4010028 1 4.0691e-01
+3.97485e+04 -5.28998e+04 2010806 1 4.1649e-01
+4.18092e+04 -5.26955e+04 4010029 1 4.0572e-01
+4.06251e+04 -5.00544e+04 4010068 1 4.0909e-01
+4.55167e+04 -5.32262e+04 4010074 1 4.0163e-01
+1.74240e+04 -7.02918e+04 10804 1 7.7865e-01
+1.58596e+04 -6.58959e+04 10760 1 1.0063e+00
+1.73116e+04 -6.91731e+04 10803 1 7.7882e-01
+4.22691e+04 -5.12441e+04 4010070 1 3.9950e-01
+4.51718e+04 -5.12941e+04 4010114 1 3.9183e-01
+3.53126e+04 -5.04709e+04 2010760 1 4.9261e-01
+3.73538e+04 -5.07570e+04 2010803 1 4.5173e-01
+1.36797e+04 -6.92937e+04 10683 0 1.0201e+00
+1.63402e+04 -7.16781e+04 10765 1 9.7734e-01
+3.77334e+04 -4.93879e+04 4010024 1 4.5250e-01
+4.26834e+04 -4.97910e+04 4010111 1 3.9619e-01
+3.97884e+04 -4.94090e+04 4010067 1 4.2516e-01
+4.64712e+04 -6.73860e+04 3010507 1 5.7373e-01
+4.65039e+04 -6.89214e+04 3010469 1 6.0578e-01
+1.69459e+04 -4.98014e+04 2010091 1 9.7261e-01
+1.79157e+04 -5.13333e+04 2010092 1 9.2444e-01
+1.87296e+04 -5.28669e+04 2010093 1 8.6861e-01
+1.94063e+04 -5.43863e+04 2010094 1 8.0963e-01
+1.99648e+04 -5.58808e+04 2010095 1 7.3998e-01
+2.04230e+04 -5.73418e+04 2010096 1 6.7631e-01
+2.07987e+04 -5.87663e+04 2010097 1 6.0600e-01
+2.11072e+04 -6.01468e+04 2010098 1 5.3925e-01
+2.13641e+04 -6.14855e+04 2010099 1 4.8997e-01
+2.15822e+04 -6.27853e+04 2010100 1 4.1511e-01
+2.17747e+04 -6.40329e+04 2010101 1 3.7093e-01
+2.19508e+04 -6.52462e+04 2010102 1 3.2371e-01
+2.21237e+04 -6.64146e+04 2010103 1 2.9777e-01
+2.23030e+04 -6.75442e+04 2010104 1 2.8455e-01
+2.24917e+04 -6.86308e+04 2010105 1 2.8518e-01
+2.27051e+04 -6.96847e+04 2010106 1 3.0105e-01
+2.29439e+04 -7.06934e+04 2010107 1 3.3514e-01
+2.32194e+04 -7.16662e+04 2010108 1 3.6295e-01
+2.35372e+04 -7.26006e+04 2010109 1 3.9662e-01
+2.39011e+04 -7.34911e+04 2010110 1 4.4571e-01
+3.65257e+04 -4.99693e+04 2010802 1 4.6743e-01
+1.77644e+04 -7.24992e+04 10806 1 7.8605e-01
+4.64347e+04 -5.02377e+04 4010156 1 3.8394e-01
+4.35814e+04 -7.28628e+04 3010352 1 6.7734e-01
+4.02100e+04 -5.14783e+04 4010027 1 4.1325e-01
+4.38939e+04 -5.23002e+04 4010072 1 3.9927e-01
+3.61321e+04 -5.13162e+04 2010761 1 4.6738e-01
+1.59740e+04 -6.82027e+04 10762 1 9.9516e-01
+1.59094e+04 -6.70483e+04 10761 1 1.0019e+00
+4.59978e+04 -5.17336e+04 4010115 1 3.9298e-01
+1.23388e+04 -6.74123e+04 10641 0 8.4774e-01
+9.75208e+03 -6.59853e+04 10557 0 7.9892e-01
+1.11843e+04 -6.75050e+04 10600 0 7.7174e-01
+9.93382e+03 -6.71323e+04 10558 0 7.8792e-01
+8.53378e+03 -6.64789e+04 10515 0 8.8479e-01
+1.13533e+04 -6.87457e+04 10601 0 7.6540e-01
+1.38361e+04 -7.05674e+04 10684 0 1.0190e+00
+1.75025e+04 -4.92641e+04 2010132 1 9.8481e-01
+1.85328e+04 -5.08065e+04 2010133 1 9.3687e-01
+1.94059e+04 -5.23513e+04 2010134 1 8.7983e-01
+2.01404e+04 -5.38832e+04 2010135 1 8.1336e-01
+2.07555e+04 -5.53910e+04 2010136 1 7.4700e-01
+2.12687e+04 -5.68647e+04 2010137 1 6.7549e-01
+2.16977e+04 -5.83008e+04 2010138 1 6.1183e-01
+2.20579e+04 -5.96942e+04 2010139 1 5.3247e-01
+2.23642e+04 -6.10407e+04 2010140 1 4.7012e-01
+2.26302e+04 -6.23481e+04 2010141 1 4.1962e-01
+2.28689e+04 -6.36019e+04 2010142 1 3.4535e-01
+2.30886e+04 -6.48160e+04 2010143 1 3.1361e-01
+2.33032e+04 -6.59774e+04 2010144 1 2.6828e-01
+2.35221e+04 -6.71045e+04 2010145 1 2.4871e-01
+2.37482e+04 -6.81825e+04 2010146 1 2.4986e-01
+2.39988e+04 -6.92181e+04 2010147 1 2.6312e-01
+2.42719e+04 -7.02069e+04 2010148 1 2.9518e-01
+2.45796e+04 -7.11567e+04 2010149 1 3.2682e-01
+2.49260e+04 -7.20636e+04 2010150 1 3.6887e-01
+2.53144e+04 -7.29237e+04 2010151 1 4.2432e-01
+2.57512e+04 -7.37385e+04 2010152 1 4.5868e-01
+4.18440e+04 -4.92267e+04 4010110 1 4.0078e-01
+1.26411e+04 -6.99434e+04 10643 0 8.4359e-01
+4.55945e+04 -4.98068e+04 4010155 1 3.8341e-01
+1.35581e+04 -6.80446e+04 10682 0 1.0130e+00
+1.10323e+04 -6.63007e+04 10599 0 7.7937e-01
+4.30828e+04 -5.17886e+04 4010071 1 3.9922e-01
+4.68249e+04 -5.21430e+04 4010116 1 3.9361e-01
+3.44665e+04 -4.95891e+04 2010759 1 5.1605e-01
+3.81649e+04 -5.15084e+04 2010804 1 4.3931e-01
+1.75721e+04 -7.14021e+04 10805 1 7.9174e-01
+1.60617e+04 -6.93595e+04 10763 1 9.9063e-01
+1.46653e+04 -6.68662e+04 10721 1 1.1394e+00
+3.89620e+04 -5.22227e+04 2010805 1 4.2760e-01
+1.33084e+04 -6.44569e+04 10679 0 1.0012e+00
+1.46074e+04 -6.56904e+04 10720 1 1.1409e+00
+1.61809e+04 -7.05188e+04 10764 1 9.8360e-01
+1.48366e+04 -6.92635e+04 10723 1 1.1277e+00
+1.08900e+04 -6.51337e+04 10598 0 7.8747e-01
+1.22210e+04 -6.61959e+04 10640 0 8.4893e-01
+9.57504e+03 -6.48775e+04 10556 0 8.1120e-01
+8.10942e+03 -6.44382e+04 10513 0 9.1018e-01
+8.32223e+03 -6.54386e+04 10514 0 8.9676e-01
+6.94524e+03 -6.58978e+04 10471 0 1.0317e+00
+1.01263e+04 -6.83179e+04 10559 0 7.7710e-01
+8.74852e+03 -6.75588e+04 10516 0 8.7408e-01
+1.90712e+04 -5.01923e+04 2010174 1 9.4344e-01
+2.00056e+04 -5.17376e+04 2010175 1 8.8596e-01
+2.08012e+04 -5.32718e+04 2010176 1 8.2214e-01
+2.14758e+04 -5.47819e+04 2010177 1 7.5247e-01
+2.20474e+04 -5.62608e+04 2010178 1 6.7864e-01
+2.25327e+04 -5.76998e+04 2010179 1 6.0859e-01
+2.29479e+04 -5.90983e+04 2010180 1 5.3983e-01
+2.33070e+04 -6.04485e+04 2010181 1 4.6744e-01
+2.36238e+04 -6.17527e+04 2010182 1 4.1229e-01
+2.39107e+04 -6.30120e+04 2010183 1 3.3946e-01
+2.41809e+04 -6.42204e+04 2010184 1 3.0057e-01
+2.44377e+04 -6.53819e+04 2010185 1 2.6720e-01
+2.46970e+04 -6.64988e+04 2010186 1 2.4135e-01
+2.49662e+04 -6.75634e+04 2010187 1 2.4207e-01
+2.52524e+04 -6.85866e+04 2010188 1 2.5873e-01
+2.55582e+04 -6.95609e+04 2010189 1 2.8737e-01
+2.58960e+04 -7.04914e+04 2010190 1 3.1973e-01
+2.62706e+04 -7.13740e+04 2010191 1 3.5311e-01
+2.66845e+04 -7.22076e+04 2010192 1 4.0611e-01
+2.71420e+04 -7.29947e+04 2010193 1 4.4704e-01
+2.76486e+04 -7.37343e+04 2010194 1 4.8844e-01
+4.47522e+04 -4.93470e+04 4010154 1 3.8500e-01
+1.51422e+04 -7.17157e+04 10725 1 1.1073e+00
+7.18603e+03 -6.68228e+04 10472 0 1.0223e+00
+5.16422e+03 -6.58954e+04 10426 0 1.1797e+00
+6.70180e+03 -6.50129e+04 10470 0 1.0345e+00
+6.45329e+03 -6.41709e+04 10469 0 1.0350e+00
+1.33810e+04 -6.56262e+04 10680 0 1.0050e+00
+1.47387e+04 -6.80573e+04 10722 1 1.1348e+00
+1.34614e+04 -6.68220e+04 10681 0 1.0112e+00
+1.07507e+04 -6.40042e+04 10597 0 7.9645e-01
+9.21380e+03 -6.27798e+04 10554 0 8.4074e-01
+9.39725e+03 -6.38093e+04 10555 0 8.2465e-01
+7.89147e+03 -6.34778e+04 10512 0 9.1644e-01
+7.66520e+03 -6.25604e+04 10511 0 9.1703e-01
+6.19732e+03 -6.33715e+04 10468 0 1.0399e+00
+4.33473e+03 -6.39791e+04 10423 0 1.1803e+00
+3.56733e+04 -4.91465e+04 2010801 1 4.9647e-01
+1.95407e+04 -4.95091e+04 2010215 1 9.5513e-01
+2.05365e+04 -5.10452e+04 2010216 1 8.9773e-01
+2.13933e+04 -5.25721e+04 2010217 1 8.3148e-01
+2.21292e+04 -5.40779e+04 2010218 1 7.6325e-01
+2.27613e+04 -5.55523e+04 2010219 1 6.9498e-01
+2.33061e+04 -5.69899e+04 2010220 1 6.2085e-01
+2.37788e+04 -5.83843e+04 2010221 1 5.5320e-01
+2.41935e+04 -5.97352e+04 2010222 1 4.8229e-01
+2.45631e+04 -6.10347e+04 2010223 1 4.1984e-01
+2.48998e+04 -6.22907e+04 2010224 1 3.6855e-01
+2.52180e+04 -6.34925e+04 2010225 1 3.0346e-01
+2.55218e+04 -6.46503e+04 2010226 1 2.8207e-01
+2.58251e+04 -6.57525e+04 2010227 1 2.5557e-01
+2.61337e+04 -6.68111e+04 2010228 1 2.6001e-01
+2.64562e+04 -6.78213e+04 2010229 1 2.6608e-01
+2.67986e+04 -6.87770e+04 2010230 1 2.8628e-01
+2.71688e+04 -6.96884e+04 2010231 1 3.2269e-01
+2.75702e+04 -7.05522e+04 2010232 1 3.6440e-01
+2.80063e+04 -7.13661e+04 2010233 1 4.1209e-01
+2.84833e+04 -7.21310e+04 2010234 1 4.4990e-01
+2.90050e+04 -7.28472e+04 2010235 1 4.8561e-01
+2.95745e+04 -7.35140e+04 2010236 1 5.2156e-01
+1.40371e+04 -7.18614e+04 10685 0 1.0222e+00
+1.65488e+04 -7.28367e+04 10766 1 9.6301e-01
+1.15473e+04 -7.00207e+04 10602 0 7.5719e-01
+3.11608e+04 -4.91682e+04 2010674 1 6.1724e-01
+1.03362e+04 -6.95404e+04 10560 0 7.6508e-01
+7.42726e+03 -6.77869e+04 10473 0 1.0137e+00
+4.61782e+03 -6.45764e+04 10424 0 1.1880e+00
+4.89404e+03 -6.52159e+04 10425 0 1.1831e+00
+4.04430e+03 -6.34267e+04 10422 0 1.1799e+00
+5.93176e+03 -6.26138e+04 10467 0 1.0481e+00
+5.65492e+03 -6.18963e+04 10466 0 1.0488e+00
+1.21144e+04 -6.50131e+04 10639 0 8.5043e-01
+1.06083e+04 -6.29116e+04 10596 0 8.0714e-01
+9.02030e+03 -6.17889e+04 10553 0 8.4310e-01
+7.42758e+03 -6.16857e+04 10510 0 9.2310e-01
+7.17584e+03 -6.08522e+04 10509 0 9.3457e-01
+3.74584e+03 -6.29169e+04 10421 0 1.1829e+00
+5.42975e+03 -6.66162e+04 10427 0 1.1781e+00
+4.39061e+04 -4.88574e+04 4010153 1 3.8759e-01
+1.99471e+04 -4.87708e+04 2010256 1 9.6227e-01
+2.10036e+04 -5.02901e+04 2010257 1 9.0806e-01
+2.19225e+04 -5.18028e+04 2010258 1 8.4648e-01
+2.27203e+04 -5.32958e+04 2010259 1 7.7978e-01
+2.34138e+04 -5.47604e+04 2010260 1 7.0749e-01
+2.40187e+04 -5.61891e+04 2010261 1 6.3774e-01
+2.45498e+04 -5.75762e+04 2010262 1 5.5866e-01
+2.50219e+04 -5.89188e+04 2010263 1 5.0093e-01
+2.54459e+04 -6.02141e+04 2010264 1 4.4020e-01
+2.58343e+04 -6.14580e+04 2010265 1 3.8610e-01
+2.62000e+04 -6.26567e+04 2010266 1 3.3721e-01
+2.65531e+04 -6.38006e+04 2010267 1 3.0847e-01
+2.68984e+04 -6.48968e+04 2010268 1 2.8797e-01
+2.72484e+04 -6.59438e+04 2010269 1 2.7895e-01
+2.76102e+04 -6.69367e+04 2010270 1 2.8366e-01
+2.79856e+04 -6.78819e+04 2010271 1 3.0626e-01
+2.83856e+04 -6.87790e+04 2010272 1 3.3409e-01
+2.88154e+04 -6.96240e+04 2010273 1 3.5697e-01
+2.92764e+04 -7.04181e+04 2010274 1 3.9862e-01
+2.97737e+04 -7.11634e+04 2010275 1 4.3848e-01
+3.03111e+04 -7.18602e+04 2010276 1 4.7482e-01
+3.08913e+04 -7.25077e+04 2010277 1 5.1280e-01
+3.15165e+04 -7.31059e+04 2010278 1 5.4610e-01
+3.21879e+04 -7.36547e+04 2010279 1 5.7950e-01
+3.23785e+04 -4.89667e+04 2010716 1 5.7898e-01
+1.28438e+04 -7.12527e+04 10644 0 8.4361e-01
+8.97143e+03 -6.86776e+04 10517 0 8.6322e-01
+1.17750e+04 -7.13260e+04 10603 0 7.4957e-01
+7.67259e+03 -6.87897e+04 10474 0 1.0064e+00
+2.40615e+03 -6.58866e+04 10377 0 1.3276e+00
+1.82085e+03 -6.52986e+04 10375 0 1.3229e+00
+1.20115e+04 -6.38636e+04 10638 0 8.5316e-01
+1.04572e+04 -6.18548e+04 10595 0 8.2091e-01
+8.81303e+03 -6.08396e+04 10552 0 8.4244e-01
+6.90756e+03 -6.00576e+04 10508 0 9.5032e-01
+5.06375e+03 -6.05984e+04 10464 0 1.0446e+00
+5.36594e+03 -6.12250e+04 10465 0 1.0395e+00
+3.43897e+03 -6.24472e+04 10420 0 1.1876e+00
+3.12395e+03 -6.20231e+04 10419 0 1.1723e+00
+9.20670e+02 -6.47280e+04 10372 0 1.3208e+00
+5.69232e+03 -6.73785e+04 10428 0 1.1797e+00
+1.30945e+04 -7.25852e+04 10645 0 8.4541e-01
+2.14129e+04 -4.94849e+04 2010298 1 9.1961e-01
+2.23925e+04 -5.09768e+04 2010299 1 8.5838e-01
+2.32514e+04 -5.24520e+04 2010300 1 7.9065e-01
+2.40050e+04 -5.39003e+04 2010301 1 7.2368e-01
+2.46694e+04 -5.53144e+04 2010302 1 6.5280e-01
+2.52592e+04 -5.66894e+04 2010303 1 5.8532e-01
+2.57881e+04 -5.80196e+04 2010304 1 5.1599e-01
+2.62695e+04 -5.93054e+04 2010305 1 4.6390e-01
+2.67105e+04 -6.05393e+04 2010306 1 4.1406e-01
+2.71256e+04 -6.17254e+04 2010307 1 3.6369e-01
+2.75265e+04 -6.28607e+04 2010308 1 3.4437e-01
+2.79155e+04 -6.39459e+04 2010309 1 3.1080e-01
+2.83083e+04 -6.49776e+04 2010310 1 3.1233e-01
+2.87063e+04 -6.59613e+04 2010311 1 3.0997e-01
+2.91168e+04 -6.68924e+04 2010312 1 3.1267e-01
+2.95496e+04 -6.77721e+04 2010313 1 3.3922e-01
+3.00061e+04 -6.86031e+04 2010314 1 3.6781e-01
+3.04892e+04 -6.93838e+04 2010315 1 3.9756e-01
+3.10054e+04 -7.01140e+04 2010316 1 4.2824e-01
+3.15595e+04 -7.07934e+04 2010317 1 4.5509e-01
+3.21521e+04 -7.14238e+04 2010318 1 4.9224e-01
+3.27851e+04 -7.20059e+04 2010319 1 5.2639e-01
+3.34598e+04 -7.25398e+04 2010320 1 5.5981e-01
+3.41774e+04 -7.30261e+04 2010321 1 5.8998e-01
+3.49385e+04 -7.34655e+04 2010322 1 6.1756e-01
+1.80073e+04 -7.35909e+04 10807 1 7.8564e-01
+1.53691e+04 -7.29545e+04 10726 1 1.0961e+00
+1.42934e+04 -7.31701e+04 10686 0 1.0136e+00
+1.05708e+04 -7.07961e+04 10561 0 7.4975e-01
+1.19056e+04 -6.27465e+04 10637 0 8.5694e-01
+1.02922e+04 -6.08319e+04 10594 0 8.3784e-01
+8.58832e+03 -5.99308e+04 10551 0 8.5084e-01
+8.34282e+03 -5.90599e+04 10550 0 8.6641e-01
+6.31535e+03 -5.86022e+04 10506 0 9.3404e-01
+6.62119e+03 -5.93069e+04 10507 0 9.2720e-01
+4.74745e+03 -6.00130e+04 10463 0 1.0541e+00
+2.47041e+03 -6.13090e+04 10417 0 1.1775e+00
+2.80106e+03 -6.16454e+04 10418 0 1.1739e+00
+1.22325e+03 -6.48776e+04 10373 0 1.3243e+00
+2.11510e+03 -6.55700e+04 10376 0 1.3238e+00
+9.20809e+03 -6.98334e+04 10518 0 8.5096e-01
+2.28063e+04 -5.01066e+04 2010340 1 8.6956e-01
+2.37248e+04 -5.15582e+04 2010341 1 8.0679e-01
+2.45389e+04 -5.29858e+04 2010342 1 7.4112e-01
+2.52630e+04 -5.43815e+04 2010343 1 6.7598e-01
+2.59110e+04 -5.57387e+04 2010344 1 6.0848e-01
+2.64963e+04 -5.70547e+04 2010345 1 5.4391e-01
+2.70326e+04 -5.83242e+04 2010346 1 4.8076e-01
+2.75278e+04 -5.95480e+04 2010347 1 4.4507e-01
+2.79928e+04 -6.07184e+04 2010348 1 3.9805e-01
+2.84410e+04 -6.18446e+04 2010349 1 3.7466e-01
+2.88754e+04 -6.29124e+04 2010350 1 3.4706e-01
+2.93085e+04 -6.39360e+04 2010351 1 3.4437e-01
+2.97452e+04 -6.49040e+04 2010352 1 3.2581e-01
+3.01912e+04 -6.58212e+04 2010353 1 3.3919e-01
+3.06537e+04 -6.66907e+04 2010354 1 3.5614e-01
+3.11375e+04 -6.75079e+04 2010355 1 3.6177e-01
+3.16461e+04 -6.82723e+04 2010356 1 3.8761e-01
+3.21828e+04 -6.89883e+04 2010357 1 4.2002e-01
+3.27516e+04 -6.96560e+04 2010358 1 4.5155e-01
+3.33550e+04 -7.02748e+04 2010359 1 4.8248e-01
+3.39954e+04 -7.08449e+04 2010360 1 5.0971e-01
+3.46747e+04 -7.13663e+04 2010361 1 5.3394e-01
+3.53930e+04 -7.18411e+04 2010362 1 5.6462e-01
+3.61506e+04 -7.22706e+04 2010363 1 5.9221e-01
+3.69476e+04 -7.26557e+04 2010364 1 6.1774e-01
+3.77842e+04 -7.29977e+04 2010365 1 6.4030e-01
+3.86596e+04 -7.32982e+04 2010366 1 6.5958e-01
+3.95730e+04 -7.35586e+04 2010367 1 6.7559e-01
+1.45050e+04 -6.33804e+04 10718 0 1.1366e+00
+1.30616e+04 -6.10948e+04 10676 0 9.8139e-01
+1.17900e+04 -6.16604e+04 10636 0 8.6169e-01
+9.90251e+03 -5.88961e+04 10592 0 8.2100e-01
+1.01088e+04 -5.98450e+04 10593 0 8.1928e-01
+7.77862e+03 -5.74318e+04 10548 0 8.5117e-01
+8.07356e+03 -5.82229e+04 10549 0 8.8919e-01
+5.98851e+03 -5.79371e+04 10505 0 9.5001e-01
+5.63989e+03 -5.73118e+04 10504 0 9.2103e-01
+4.07193e+03 -5.89774e+04 10461 0 1.0348e+00
+3.71295e+03 -5.85271e+04 10460 0 1.0443e+00
+4.41671e+03 -5.94697e+04 10462 0 1.0328e+00
+2.13253e+03 -6.10139e+04 10416 0 1.1633e+00
+1.78852e+03 -6.07702e+04 10415 0 1.1634e+00
+1.43895e+03 -6.05688e+04 10414 0 1.1661e+00
+2.31684e+04 -4.92018e+04 2010381 1 8.7997e-01
+2.41454e+04 -5.06258e+04 2010382 1 8.2101e-01
+2.50183e+04 -5.20280e+04 2010383 1 7.5870e-01
+2.58009e+04 -5.34009e+04 2010384 1 6.9415e-01
+2.65063e+04 -5.47383e+04 2010385 1 6.3135e-01
+2.71474e+04 -5.60343e+04 2010386 1 5.6863e-01
+2.77372e+04 -5.72878e+04 2010387 1 5.0934e-01
+2.82863e+04 -5.84936e+04 2010388 1 4.6924e-01
+2.88006e+04 -5.96520e+04 2010389 1 4.3127e-01
+2.92968e+04 -6.07597e+04 2010390 1 3.9842e-01
+2.97749e+04 -6.18182e+04 2010391 1 3.8273e-01
+3.02502e+04 -6.28252e+04 2010392 1 3.6240e-01
+3.07246e+04 -6.37812e+04 2010393 1 3.5766e-01
+3.12046e+04 -6.46877e+04 2010394 1 3.6228e-01
+3.16997e+04 -6.55412e+04 2010395 1 3.6512e-01
+3.22116e+04 -6.63453e+04 2010396 1 3.8171e-01
+3.27426e+04 -6.71003e+04 2010397 1 3.9527e-01
+3.32990e+04 -6.78051e+04 2010398 1 4.1362e-01
+3.38855e+04 -6.84592e+04 2010399 1 4.3554e-01
+3.45024e+04 -6.90660e+04 2010400 1 4.6584e-01
+3.51516e+04 -6.96261e+04 2010401 1 4.9521e-01
+3.58348e+04 -7.01396e+04 2010402 1 5.2323e-01
+3.65533e+04 -7.06074e+04 2010403 1 5.4926e-01
+3.73080e+04 -7.10302e+04 2010404 1 5.7164e-01
+3.80993e+04 -7.14092e+04 2010405 1 5.8870e-01
+3.89270e+04 -7.17461e+04 2010406 1 6.1166e-01
+3.97902e+04 -7.20429e+04 2010407 1 6.3148e-01
+4.06883e+04 -7.23012e+04 2010408 1 6.4807e-01
+4.16203e+04 -7.25227e+04 2010409 1 6.6116e-01
+1.32360e+04 -6.33129e+04 10678 0 9.9398e-01
+1.16586e+04 -6.06033e+04 10635 0 8.7066e-01
+1.15057e+04 -5.95717e+04 10634 0 8.8739e-01
+9.66919e+03 -5.79807e+04 10591 0 8.3614e-01
+7.45578e+03 -5.66821e+04 10547 0 8.6767e-01
+5.26966e+03 -5.67401e+04 10503 0 9.2803e-01
+3.34012e+03 -5.81176e+04 10459 0 1.0187e+00
+2.95477e+03 -5.77637e+04 10458 0 1.0219e+00
+2.69355e+03 -6.62432e+04 10378 0 1.3266e+00
+1.08382e+04 -7.20811e+04 10562 0 7.3507e-01
+2.45154e+04 -4.96626e+04 2010423 1 8.3020e-01
+2.54453e+04 -5.10365e+04 2010424 1 7.7076e-01
+2.62848e+04 -5.23832e+04 2010425 1 7.1145e-01
+2.70465e+04 -5.36964e+04 2010426 1 6.5035e-01
+2.77423e+04 -5.49717e+04 2010427 1 5.9111e-01
+2.83849e+04 -5.62040e+04 2010428 1 5.3275e-01
+2.89861e+04 -5.73926e+04 2010429 1 4.9373e-01
+2.95499e+04 -5.85327e+04 2010430 1 4.5210e-01
+3.00927e+04 -5.96256e+04 2010431 1 4.2678e-01
+3.06151e+04 -6.06685e+04 2010432 1 3.9738e-01
+3.11316e+04 -6.16610e+04 2010433 1 3.9407e-01
+3.16432e+04 -6.26057e+04 2010434 1 3.7657e-01
+3.21595e+04 -6.34953e+04 2010435 1 3.7889e-01
+3.26850e+04 -6.43389e+04 2010436 1 3.8863e-01
+3.32239e+04 -6.51324e+04 2010437 1 3.9401e-01
+3.37806e+04 -6.58732e+04 2010438 1 3.9718e-01
+3.43582e+04 -6.65667e+04 2010439 1 4.2021e-01
+3.49603e+04 -6.72132e+04 2010440 1 4.4092e-01
+3.55896e+04 -6.78119e+04 2010441 1 4.6017e-01
+3.62491e+04 -6.83624e+04 2010442 1 4.7576e-01
+3.69391e+04 -6.88673e+04 2010443 1 5.0212e-01
+3.76605e+04 -6.93282e+04 2010444 1 5.2793e-01
+3.84141e+04 -6.97460e+04 2010445 1 5.5120e-01
+3.92004e+04 -7.01217e+04 2010446 1 5.7336e-01
+4.00197e+04 -7.04567e+04 2010447 1 5.9313e-01
+4.08719e+04 -7.07524e+04 2010448 1 6.0961e-01
+4.17565e+04 -7.10104e+04 2010449 1 6.2213e-01
+4.26728e+04 -7.12323e+04 2010450 1 6.3227e-01
+1.92133e+04 -7.29497e+04 10847 1 6.2847e-01
+1.45568e+04 -6.45290e+04 10719 0 1.1404e+00
+1.31561e+04 -6.21928e+04 10677 0 9.8699e-01
+1.13258e+04 -5.85690e+04 10633 0 8.4616e-01
+9.40491e+03 -5.70931e+04 10590 0 8.6246e-01
+9.10659e+03 -5.62436e+04 10589 0 8.1304e-01
+7.10306e+03 -5.59646e+04 10546 0 8.9389e-01
+6.71978e+03 -5.52966e+04 10545 0 8.4558e-01
+6.30513e+03 -5.46722e+04 10544 0 8.7015e-01
+4.46314e+03 -5.57191e+04 10501 0 9.0646e-01
+4.87727e+03 -5.62075e+04 10502 0 9.4597e-01
+4.02848e+03 -5.52864e+04 10500 0 9.2137e-01
+2.58218e+04 -5.00184e+04 2010465 1 7.7323e-01
+2.67166e+04 -5.13363e+04 2010466 1 7.1810e-01
+2.75332e+04 -5.26232e+04 2010467 1 6.6550e-01
+2.82824e+04 -5.38736e+04 2010468 1 6.0946e-01
+2.89766e+04 -5.50843e+04 2010469 1 5.5470e-01
+2.96287e+04 -5.62517e+04 2010470 1 5.1002e-01
+3.02410e+04 -5.73735e+04 2010471 1 4.7735e-01
+3.08297e+04 -5.84491e+04 2010472 1 4.3964e-01
+3.13960e+04 -5.94747e+04 2010473 1 4.2525e-01
+3.19529e+04 -6.04546e+04 2010474 1 4.1336e-01
+3.25030e+04 -6.13808e+04 2010475 1 3.9385e-01
+3.30529e+04 -6.22613e+04 2010476 1 4.0084e-01
+3.36102e+04 -6.30908e+04 2010477 1 3.9289e-01
+3.41780e+04 -6.38708e+04 2010478 1 4.0500e-01
+3.47580e+04 -6.46035e+04 2010479 1 4.1133e-01
+3.53561e+04 -6.52882e+04 2010480 1 4.2250e-01
+3.59770e+04 -6.59231e+04 2010481 1 4.3648e-01
+3.66209e+04 -6.65130e+04 2010482 1 4.5896e-01
+3.72900e+04 -6.70579e+04 2010483 1 4.7823e-01
+3.79861e+04 -6.75581e+04 2010484 1 4.9713e-01
+3.87110e+04 -6.80141e+04 2010485 1 5.0819e-01
+3.94658e+04 -6.84267e+04 2010486 1 5.3004e-01
+4.02499e+04 -6.87990e+04 2010487 1 5.5097e-01
+4.10636e+04 -6.91323e+04 2010488 1 5.6989e-01
+4.19070e+04 -6.94276e+04 2010489 1 5.8657e-01
+4.27799e+04 -6.96866e+04 2010490 1 6.0127e-01
+1.89887e+04 -7.19002e+04 10846 1 6.2719e-01
+1.29454e+04 -6.00167e+04 10675 0 9.7963e-01
+1.28006e+04 -5.89532e+04 10674 0 9.9474e-01
+1.08640e+04 -5.66520e+04 10631 0 8.7286e-01
+1.11136e+04 -5.75996e+04 10632 0 8.4933e-01
+1.05724e+04 -5.57241e+04 10630 0 8.4075e-01
+8.77134e+03 -5.54352e+04 10588 0 8.3547e-01
+7.97993e+03 -5.39180e+04 10586 0 8.1064e-01
+8.39630e+03 -5.46500e+04 10587 0 8.3921e-01
+5.85863e+03 -5.40829e+04 10543 0 8.3856e-01
+5.38122e+03 -5.35555e+04 10542 0 8.4729e-01
+3.10127e+03 -5.45550e+04 10498 0 8.9807e-01
+1.73250e+03 -5.69707e+04 10455 0 1.0084e+00
+2.55749e+03 -5.74516e+04 10457 0 1.0313e+00
+1.08465e+03 -6.04051e+04 10413 0 1.1564e+00
+6.16430e+02 -6.46260e+04 10371 0 1.3205e+00
+7.26982e+02 -6.02967e+04 10412 0 1.1553e+00
+2.61500e+04 -4.89808e+04 2010506 1 7.8475e-01
+2.70972e+04 -5.02670e+04 2010507 1 7.2591e-01
+2.79678e+04 -5.15250e+04 2010508 1 6.7321e-01
+2.87693e+04 -5.27492e+04 2010509 1 6.2522e-01
+2.95140e+04 -5.39350e+04 2010510 1 5.7196e-01
+3.02150e+04 -5.50802e+04 2010511 1 5.2133e-01
+3.08753e+04 -5.61818e+04 2010512 1 4.9288e-01
+3.15089e+04 -5.72373e+04 2010513 1 4.5675e-01
+3.21182e+04 -5.82475e+04 2010514 1 4.4251e-01
+3.27158e+04 -5.92082e+04 2010515 1 4.2588e-01
+3.33025e+04 -6.01228e+04 2010516 1 4.1339e-01
+3.38874e+04 -6.09875e+04 2010517 1 4.0448e-01
+3.44760e+04 -6.18045e+04 2010518 1 4.1258e-01
+3.50708e+04 -6.25755e+04 2010519 1 4.1384e-01
+3.56765e+04 -6.32953e+04 2010520 1 4.1038e-01
+3.62967e+04 -6.39698e+04 2010521 1 4.2778e-01
+3.69344e+04 -6.45986e+04 2010522 1 4.4273e-01
+3.75925e+04 -6.51819e+04 2010523 1 4.5411e-01
+3.82741e+04 -6.57185e+04 2010524 1 4.6799e-01
+3.89789e+04 -6.62127e+04 2010525 1 4.8812e-01
+3.97084e+04 -6.66652e+04 2010526 1 5.0590e-01
+4.04639e+04 -6.70763e+04 2010527 1 5.2245e-01
+4.12462e+04 -6.74475e+04 2010528 1 5.3669e-01
+4.20561e+04 -6.77795e+04 2010529 1 5.4669e-01
+4.28932e+04 -6.80745e+04 2010530 1 5.6226e-01
+4.37570e+04 -6.83345e+04 2010531 1 5.7638e-01
+3.57385e+03 -5.48895e+04 10499 0 9.4016e-01
+1.44435e+04 -6.22427e+04 10717 0 1.1302e+00
+1.43645e+04 -6.11144e+04 10716 0 1.1208e+00
+1.23979e+04 -5.68876e+04 10672 0 9.3353e-01
+1.26204e+04 -5.79055e+04 10673 0 9.3298e-01
+1.02343e+04 -5.48392e+04 10629 0 8.3755e-01
+9.84584e+03 -5.39702e+04 10628 0 8.3855e-01
+7.52059e+03 -5.32179e+04 10585 0 8.4758e-01
+5.88215e+03 -5.14024e+04 10582 0 7.8191e-01
+7.01770e+03 -5.25653e+04 10584 0 7.9866e-01
+4.87325e+03 -5.30604e+04 10541 0 8.4407e-01
+3.77326e+03 -5.22436e+04 10539 0 8.5270e-01
+2.61235e+03 -5.42643e+04 10497 0 9.1452e-01
+2.10921e+03 -5.40233e+04 10496 0 8.7881e-01
+2.74316e+04 -4.91817e+04 2010548 1 7.3755e-01
+3.10972e+02 -6.45647e+04 10370 0 1.3207e+00
+2.83522e+04 -5.04083e+04 2010549 1 6.7943e-01
+2.92053e+04 -5.16039e+04 2010550 1 6.3692e-01
+2.99989e+04 -5.27641e+04 2010551 1 5.8768e-01
+3.07471e+04 -5.38846e+04 2010552 1 5.3638e-01
+3.14544e+04 -5.49640e+04 2010553 1 5.0966e-01
+3.21315e+04 -5.60000e+04 2010554 1 4.7130e-01
+3.27834e+04 -5.69901e+04 2010555 1 4.5511e-01
+3.34202e+04 -5.79355e+04 2010556 1 4.4091e-01
+3.40440e+04 -5.88330e+04 2010557 1 4.1872e-01
+3.46630e+04 -5.96842e+04 2010558 1 4.2081e-01
+3.52821e+04 -6.04901e+04 2010559 1 4.1685e-01
+3.59061e+04 -6.12457e+04 2010560 1 4.1606e-01
+3.65359e+04 -6.19576e+04 2010561 1 4.2182e-01
+3.71773e+04 -6.26237e+04 2010562 1 4.2652e-01
+3.78347e+04 -6.32421e+04 2010563 1 4.3739e-01
+3.85085e+04 -6.38180e+04 2010564 1 4.5318e-01
+3.92011e+04 -6.43509e+04 2010565 1 4.6782e-01
+3.99145e+04 -6.48412e+04 2010566 1 4.7910e-01
+4.06510e+04 -6.52886e+04 2010567 1 4.9034e-01
+4.14101e+04 -6.56966e+04 2010568 1 5.0754e-01
+4.21927e+04 -6.60666e+04 2010569 1 5.2343e-01
+4.29993e+04 -6.63994e+04 2010570 1 5.3628e-01
+4.38305e+04 -6.66963e+04 2010571 1 5.4704e-01
+1.57701e+04 -6.35907e+04 10758 1 1.0164e+00
+1.72269e+04 -6.80458e+04 10802 1 7.7201e-01
+3.66972e+02 -6.02324e+04 10411 0 1.1566e+00
+1.88094e+04 -7.08360e+04 10845 1 6.0676e-01
+1.58160e+04 -6.47440e+04 10759 1 1.0100e+00
+1.42590e+04 -5.99926e+04 10715 0 1.1140e+00
+1.41193e+04 -5.88725e+04 10714 0 1.1110e+00
+1.21271e+04 -5.58713e+04 10671 0 9.7398e-01
+1.18008e+04 -5.48852e+04 10670 0 9.0511e-01
+1.09595e+04 -5.29721e+04 10668 0 8.8287e-01
+1.14138e+04 -5.39105e+04 10669 0 8.9718e-01
+9.40360e+03 -5.31466e+04 10627 0 8.2353e-01
+8.90512e+03 -5.23493e+04 10626 0 8.0592e-01
+8.34830e+03 -5.16029e+04 10625 0 8.0649e-01
+7.73264e+03 -5.08940e+04 10624 0 7.7621e-01
+6.47127e+03 -5.19578e+04 10583 0 8.2710e-01
+4.58349e+03 -5.04570e+04 10580 0 7.6138e-01
+5.25205e+03 -5.08968e+04 10581 0 8.0987e-01
+4.33669e+03 -5.26330e+04 10540 0 8.2630e-01
+3.18576e+03 -5.19227e+04 10538 0 8.0834e-01
+2.14945e+03 -5.71822e+04 10456 0 1.0020e+00
+2.86904e+04 -4.92787e+04 2010590 1 6.9046e-01
+4.43165e+02 -5.66088e+04 10452 0 9.9634e-01
+2.95925e+04 -5.04437e+04 2010591 1 6.4541e-01
+3.04335e+04 -5.15759e+04 2010592 1 5.9954e-01
+3.12272e+04 -5.26712e+04 2010593 1 5.5084e-01
+3.19800e+04 -5.37269e+04 2010594 1 5.2071e-01
+3.26997e+04 -5.47407e+04 2010595 1 4.8460e-01
+3.33929e+04 -5.57122e+04 2010596 1 4.6747e-01
+3.40685e+04 -5.66384e+04 2010597 1 4.4738e-01
+3.47282e+04 -5.75204e+04 2010598 1 4.3180e-01
+3.53808e+04 -5.83573e+04 2010599 1 4.2147e-01
+3.60314e+04 -5.91473e+04 2010600 1 4.2340e-01
+3.66824e+04 -5.98938e+04 2010601 1 4.2417e-01
+3.73376e+04 -6.05939e+04 2010602 1 4.1478e-01
+3.80018e+04 -6.12490e+04 2010603 1 4.2807e-01
+3.86771e+04 -6.18622e+04 2010604 1 4.3987e-01
+3.93668e+04 -6.24312e+04 2010605 1 4.4058e-01
+4.00733e+04 -6.29566e+04 2010606 1 4.5784e-01
+4.07970e+04 -6.34423e+04 2010607 1 4.7241e-01
+4.15395e+04 -6.38882e+04 2010608 1 4.8519e-01
+4.23024e+04 -6.42950e+04 2010609 1 4.9560e-01
+4.30872e+04 -6.46629e+04 2010610 1 5.0393e-01
+4.38934e+04 -6.49951e+04 2010611 1 5.1766e-01
+4.47212e+04 -6.52930e+04 2010612 1 5.2965e-01
+2.57723e+03 -5.16452e+04 10537 0 8.3134e-01
+1.59460e+03 -5.38417e+04 10495 0 8.9128e-01
+1.56354e+04 -6.12711e+04 10756 1 1.0295e+00
+1.57129e+04 -6.24337e+04 10757 1 1.0177e+00
+1.39375e+04 -5.77600e+04 10713 0 1.0640e+00
+1.37010e+04 -5.66540e+04 10712 0 1.0711e+00
+1.34056e+04 -5.55505e+04 10711 0 1.0317e+00
+1.04344e+04 -5.20522e+04 10667 0 8.4475e-01
+9.83359e+03 -5.11749e+04 10666 0 8.5460e-01
+9.15484e+03 -5.03401e+04 10665 0 8.1010e-01
+8.39745e+03 -4.95513e+04 10664 0 7.8602e-01
+7.05815e+03 -5.02418e+04 10623 0 7.8681e-01
+6.32647e+03 -4.96461e+04 10622 0 7.5336e-01
+5.54067e+03 -4.91092e+04 10621 0 7.3526e-01
+3.87999e+03 -5.00668e+04 10579 0 7.5193e-01
+1.95129e+03 -5.14401e+04 10536 0 7.9362e-01
+3.14573e+03 -4.97571e+04 10578 0 7.5051e-01
+1.31194e+03 -5.12780e+04 10535 0 8.1111e-01
+1.30789e+03 -5.67981e+04 10454 0 1.0169e+00
+8.34234e+00 -5.35819e+04 10492 0 8.8248e-01
+3.08200e+04 -5.03760e+04 2010633 1 6.0933e-01
+3.16577e+04 -5.14441e+04 2010634 1 5.6171e-01
+3.24542e+04 -5.24752e+04 2010635 1 5.3191e-01
+3.32151e+04 -5.34665e+04 2010636 1 4.9404e-01
+3.39486e+04 -5.44165e+04 2010637 1 4.7564e-01
+3.46618e+04 -5.53245e+04 2010638 1 4.5659e-01
+3.53570e+04 -5.61890e+04 2010639 1 4.3533e-01
+3.60428e+04 -5.70096e+04 2010640 1 4.3211e-01
+3.67235e+04 -5.77874e+04 2010641 1 4.2810e-01
+3.74027e+04 -5.85196e+04 2010642 1 4.2029e-01
+3.80828e+04 -5.92092e+04 2010643 1 4.2147e-01
+3.87686e+04 -5.98568e+04 2010644 1 4.2711e-01
+3.94642e+04 -6.04592e+04 2010645 1 4.3050e-01
+4.01705e+04 -6.10212e+04 2010646 1 4.4393e-01
+4.08896e+04 -6.15434e+04 2010647 1 4.5364e-01
+4.16243e+04 -6.20240e+04 2010648 1 4.5637e-01
+4.23758e+04 -6.24654e+04 2010649 1 4.7175e-01
+4.31443e+04 -6.28701e+04 2010650 1 4.8410e-01
+4.39311e+04 -6.32385e+04 2010651 1 4.9486e-01
+4.47371e+04 -6.35717e+04 2010652 1 5.0344e-01
+4.55633e+04 -6.38703e+04 2010653 1 5.0886e-01
+1.71619e+04 -6.69096e+04 10801 1 7.7477e-01
+1.71080e+04 -6.57631e+04 10800 1 7.7111e-01
+1.86672e+04 -6.97486e+04 10844 1 5.9992e-01
+1.55266e+04 -6.00932e+04 10755 1 1.0294e+00
+1.53794e+04 -5.89165e+04 10754 1 9.9477e-01
+1.51794e+04 -5.77239e+04 10753 1 1.0180e+00
+1.49184e+04 -5.65236e+04 10752 1 1.0155e+00
+1.45824e+04 -5.53130e+04 10751 1 1.0035e+00
+1.25938e+04 -5.33742e+04 10709 0 9.8927e-01
+1.30398e+04 -5.44522e+04 10710 0 1.0303e+00
+1.20623e+04 -5.23088e+04 10708 0 9.5714e-01
+1.14369e+04 -5.12688e+04 10707 0 9.2516e-01
+1.07103e+04 -5.02696e+04 10706 0 8.9720e-01
+7.56140e+03 -4.88284e+04 10663 0 7.8236e-01
+9.88008e+03 -4.93185e+04 10705 0 8.5969e-01
+1.11477e+04 -7.33910e+04 10563 0 7.2344e-01
+1.00645e+04 -7.34870e+04 10521 0 8.0685e-01
+8.78437e+03 -7.31476e+04 10478 0 9.6484e-01
+1.60616e+03 -4.93222e+04 10576 0 7.4085e-01
+1.20462e+04 -7.26572e+04 10604 0 7.3971e-01
+2.38588e+03 -4.94982e+04 10577 0 7.2622e-01
+3.20407e+04 -5.02083e+04 2010675 1 5.7097e-01
+1.07086e+03 -5.36988e+04 10494 0 8.6953e-01
+3.28791e+04 -5.12129e+04 2010676 1 5.3945e-01
+3.36800e+04 -5.21806e+04 2010677 1 5.0353e-01
+3.44523e+04 -5.31092e+04 2010678 1 4.8265e-01
+3.52022e+04 -5.39966e+04 2010679 1 4.6085e-01
+3.59320e+04 -5.48434e+04 2010680 1 4.4343e-01
+3.66503e+04 -5.56483e+04 2010681 1 4.3412e-01
+3.73612e+04 -5.64101e+04 2010682 1 4.2809e-01
+3.80675e+04 -5.71306e+04 2010683 1 4.2383e-01
+3.87726e+04 -5.78090e+04 2010684 1 4.1477e-01
+3.94813e+04 -5.84446e+04 2010685 1 4.2280e-01
+4.01958e+04 -5.90405e+04 2010686 1 4.3101e-01
+4.09189e+04 -5.95958e+04 2010687 1 4.3020e-01
+4.16532e+04 -6.01099e+04 2010688 1 4.4235e-01
+4.23993e+04 -6.05868e+04 2010689 1 4.5432e-01
+4.31589e+04 -6.10266e+04 2010690 1 4.6270e-01
+4.39342e+04 -6.14284e+04 2010691 1 4.6589e-01
+4.47257e+04 -6.17948e+04 2010692 1 4.7852e-01
+4.55335e+04 -6.21280e+04 2010693 1 4.8905e-01
+1.85555e+04 -6.86447e+04 10843 1 5.8720e-01
+1.70568e+04 -6.46045e+04 10799 1 7.8190e-01
+1.69991e+04 -6.34318e+04 10798 1 7.8993e-01
+1.69255e+04 -6.22427e+04 10797 1 7.9493e-01
+1.68249e+04 -6.10322e+04 10796 1 8.4722e-01
+1.66871e+04 -5.98001e+04 10795 1 8.2060e-01
+1.41580e+04 -5.41009e+04 10750 1 9.9622e-01
+1.65000e+04 -5.85509e+04 10794 1 8.4667e-01
+1.36353e+04 -5.28922e+04 10749 1 9.8505e-01
+1.30036e+04 -5.16957e+04 10748 1 9.6694e-01
+1.22509e+04 -5.05232e+04 10747 1 9.4919e-01
+6.03560e+03 -7.35725e+04 10390 0 1.3116e+00
+1.13691e+04 -4.93907e+04 10746 1 9.2682e-01
+5.73904e+03 -7.27646e+04 10389 0 1.3157e+00
+3.77678e+03 -7.32764e+04 10342 0 1.4487e+00
+8.47666e+03 -7.20123e+04 10477 0 9.7610e-01
+9.74732e+03 -7.22420e+04 10520 0 8.2046e-01
+7.33149e+03 -7.27382e+04 10434 0 1.1462e+00
+5.45192e+03 -7.19878e+04 10388 0 1.3180e+00
+9.46444e+03 -7.10228e+04 10519 0 8.3524e-01
+7.03579e+03 -7.17595e+04 10433 0 1.1535e+00
+3.50255e+03 -7.27733e+04 10341 0 1.4491e+00
+3.40964e+04 -5.08870e+04 2010718 1 5.1022e-01
+3.49063e+04 -5.17927e+04 2010719 1 4.8883e-01
+3.56916e+04 -5.26598e+04 2010720 1 4.6500e-01
+3.64552e+04 -5.34874e+04 2010721 1 4.4569e-01
+3.72053e+04 -5.42750e+04 2010722 1 4.3763e-01
+3.79454e+04 -5.50224e+04 2010723 1 4.2936e-01
+3.86791e+04 -5.57285e+04 2010724 1 4.1999e-01
+3.94089e+04 -5.63947e+04 2010725 1 4.1748e-01
+4.01396e+04 -5.70212e+04 2010726 1 4.2023e-01
+4.08743e+04 -5.76070e+04 2010727 1 4.2140e-01
+4.16149e+04 -5.81542e+04 2010728 1 4.2953e-01
+4.23632e+04 -5.86640e+04 2010729 1 4.3744e-01
+4.31219e+04 -5.91354e+04 2010730 1 4.3848e-01
+4.38919e+04 -5.95701e+04 2010731 1 4.4941e-01
+4.46742e+04 -5.99705e+04 2010732 1 4.5975e-01
+4.54700e+04 -6.03371e+04 2010733 1 4.6654e-01
+5.65362e+00 -6.01911e+04 10410 0 1.1590e+00
+4.62809e+04 -6.06694e+04 2010734 1 4.6922e-01
+6.82965e+00 -5.65648e+04 10451 0 1.0021e+00
+8.77425e+02 -5.66756e+04 10453 0 9.9235e-01
+1.62509e+04 -5.72791e+04 10793 1 8.7115e-01
+1.84659e+04 -6.75219e+04 10842 1 5.8758e-01
+1.81573e+04 -6.28160e+04 10838 1 6.2268e-01
+1.83902e+04 -6.63794e+04 10841 1 5.8573e-01
+1.80439e+04 -6.15795e+04 10837 1 6.9892e-01
+1.82450e+04 -6.40303e+04 10839 1 6.1151e-01
+1.83196e+04 -6.52158e+04 10840 1 5.9881e-01
+1.78946e+04 -6.03071e+04 10836 1 6.9728e-01
+1.76972e+04 -5.90106e+04 10835 1 7.2626e-01
+1.55100e+04 -5.46765e+04 10791 1 9.0808e-01
+1.59255e+04 -5.59854e+04 10792 1 8.9399e-01
+1.49888e+04 -5.33583e+04 10790 1 9.2667e-01
+1.43457e+04 -5.20399e+04 10789 1 9.3370e-01
+1.35676e+04 -5.07357e+04 10788 1 9.3991e-01
+3.23104e+03 -7.23039e+04 10340 0 1.4488e+00
+1.26425e+04 -4.94625e+04 10787 1 9.3683e-01
+5.17195e+03 -7.12451e+04 10387 0 1.3205e+00
+8.19256e+03 -7.09054e+04 10476 0 9.8793e-01
+6.75363e+03 -7.08116e+04 10432 0 1.1602e+00
+6.48146e+03 -6.98981e+04 10431 0 1.1644e+00
+7.92617e+03 -6.98300e+04 10475 0 9.9897e-01
+4.89673e+03 -7.05373e+04 10386 0 1.3229e+00
+2.69334e+03 -7.14740e+04 10338 0 1.4482e+00
+4.62425e+03 -6.98647e+04 10385 0 1.3260e+00
+4.35298e+03 -6.92290e+04 10384 0 1.3258e+00
+3.69284e+04 -5.21246e+04 2010762 1 4.4977e-01
+2.96158e+03 -7.18709e+04 10339 0 1.4482e+00
+3.77095e+04 -5.28943e+04 2010763 1 4.3722e-01
+3.84785e+04 -5.36251e+04 2010764 1 4.2886e-01
+3.92387e+04 -5.43176e+04 2010765 1 4.2004e-01
+3.99931e+04 -5.49712e+04 2010766 1 4.1170e-01
+4.07462e+04 -5.55859e+04 2010767 1 4.1498e-01
+4.15005e+04 -5.61630e+04 2010768 1 4.1855e-01
+4.22586e+04 -5.67026e+04 2010769 1 4.1799e-01
+4.30226e+04 -5.72044e+04 2010770 1 4.2567e-01
+4.37938e+04 -5.76711e+04 2010771 1 4.3333e-01
+4.45738e+04 -5.81031e+04 2010772 1 4.4006e-01
+4.53648e+04 -5.84996e+04 2010773 1 4.4248e-01
+4.61671e+04 -5.88636e+04 2010774 1 4.5174e-01
+1.52348e+03 -6.50688e+04 10374 0 1.3234e+00
+5.41158e+02 -5.36288e+04 10493 0 8.7419e-01
+1.02292e+01 -5.11460e+04 10533 0 7.9415e-01
+8.12733e+02 -4.92148e+04 10575 0 7.1997e-01
+1.25362e+01 -4.91599e+04 10574 0 7.3168e-01
+1.62228e+03 -7.02529e+04 10334 0 1.4463e+00
+6.21584e+03 -6.90209e+04 10430 0 1.1689e+00
+1.70982e+04 -5.63261e+04 10833 1 8.1371e-01
+1.66666e+04 -5.49461e+04 10832 1 8.4639e-01
+1.61251e+04 -5.35490e+04 10831 1 8.8501e-01
+2.15797e+03 -7.07873e+04 10336 0 1.4474e+00
+1.89028e+03 -7.05009e+04 10335 0 1.4466e+00
+1.74368e+04 -5.76832e+04 10834 1 7.6940e-01
+1.46432e+04 -5.07454e+04 10829 1 9.3955e-01
+6.63363e+02 -5.11964e+04 10534 0 7.8390e-01
+1.54561e+04 -5.21439e+04 10830 1 9.1437e-01
+1.36712e+04 -4.93718e+04 10828 1 9.5443e-01
+2.42562e+03 -7.11128e+04 10337 0 1.4483e+00
+2.74751e+02 -6.95809e+04 10329 0 1.4447e+00
+5.95368e+03 -6.81809e+04 10429 0 1.1741e+00
+1.08456e+03 -6.98664e+04 10332 0 1.4458e+00
+4.08177e+03 -6.86325e+04 10383 0 1.3261e+00
+1.35374e+03 -7.00419e+04 10333 0 1.4463e+00
+2.97727e+03 -6.66392e+04 10379 0 1.3259e+00
+5.45013e+02 -6.96375e+04 10330 0 1.4447e+00
+3.80941e+03 -6.80752e+04 10382 0 1.3273e+00
+3.53490e+03 -6.75564e+04 10381 0 1.3293e+00
+3.25758e+03 -6.70765e+04 10380 0 1.3270e+00
+4.05269e+04 -5.35402e+04 2010807 1 4.1128e-01
+4.13021e+04 -5.41438e+04 2010808 1 4.1032e-01
+4.20764e+04 -5.47101e+04 2010809 1 4.1055e-01
+8.14971e+02 -6.97317e+04 10331 0 1.4450e+00
+4.28522e+04 -5.52409e+04 2010810 1 4.1447e-01
+4.36313e+04 -5.57366e+04 2010811 1 4.1821e-01
+4.44159e+04 -5.61969e+04 2010812 1 4.1988e-01
+4.52075e+04 -5.66235e+04 2010813 1 4.2716e-01
+4.60069e+04 -5.70178e+04 2010814 1 4.3385e-01
+4.22964e+00 -6.95463e+04 10328 0 1.4450e+00
+4.78916e+00 -6.45262e+04 10369 0 1.3214e+00
+7.64517e+03 -7.37452e+04 10435 0 1.1393e+00
