+4.65706e+04 -6.36075e+04 2010613 1 4.1057e-01
+4.62869e+04 -6.97271e+04 3010391 1 5.2555e-01
+4.36220e+04 -4.91936e+04 4010113 1 3.0627e-01
+4.64384e+04 -7.11862e+04 3010353 1 5.6059e-01
+4.67567e+04 -6.52535e+04 2010573 1 4.3429e-01
+4.66112e+04 -7.25862e+04 3010315 1 5.8995e-01
+8.75377e+03 -4.93561e+04 2010005 1 6.9973e-01
+1.02333e+04 -5.02382e+04 2010006 1 7.1825e-01
+1.15928e+04 -5.12225e+04 2010007 1 7.2674e-01
+1.28286e+04 -5.22884e+04 2010008 1 7.2464e-01
+1.39418e+04 -5.34162e+04 2010009 1 7.1222e-01
+1.49368e+04 -5.45883e+04 2010010 1 6.9042e-01
+1.58206e+04 -5.57891e+04 2010011 1 6.6114e-01
+1.66027e+04 -5.70062e+04 2010012 1 6.2479e-01
+1.72927e+04 -5.82285e+04 2010013 1 5.8722e-01
+1.79011e+04 -5.94463e+04 2010014 1 5.4438e-01
+1.84400e+04 -6.06550e+04 2010015 1 5.0410e-01
+1.89191e+04 -6.18460e+04 2010016 1 4.5905e-01
+1.93506e+04 -6.30196e+04 2010017 1 4.3566e-01
+1.97436e+04 -6.41682e+04 2010018 1 3.7558e-01
+2.01087e+04 -6.52982e+04 2010019 1 3.7725e-01
+2.04562e+04 -6.63942e+04 2010020 1 3.3014e-01
+2.07939e+04 -6.74666e+04 2010021 1 3.1885e-01
+2.11305e+04 -6.85119e+04 2010022 1 3.2031e-01
+2.14750e+04 -6.95289e+04 2010023 1 3.3556e-01
+2.18328e+04 -7.05127e+04 2010024 1 3.4562e-01
+2.22142e+04 -7.14706e+04 2010025 1 3.9061e-01
+2.26210e+04 -7.23913e+04 2010026 1 4.0204e-01
+2.30656e+04 -7.32835e+04 2010027 1 4.2728e-01
+4.05878e+04 -4.91333e+04 4010069 1 3.2720e-01
+4.52152e+04 -6.80016e+04 2010491 1 4.8505e-01
+4.60075e+04 -6.66363e+04 2010532 1 4.5924e-01
+4.58587e+04 -6.50106e+04 2010572 1 4.2481e-01
+4.38226e+04 -5.25001e+04 4010032 1 3.0961e-01
+4.25993e+04 -7.34238e+04 3010273 1 6.0556e-01
+4.29454e+04 -5.20468e+04 4010031 1 3.1132e-01
+4.46977e+04 -5.29264e+04 4010033 1 3.0933e-01
+4.35495e+04 -7.21592e+04 3010312 1 5.7802e-01
+4.36147e+04 -7.35908e+04 3010274 1 6.1102e-01
+4.55720e+04 -5.33259e+04 4010034 1 3.1032e-01
+4.46568e+04 -7.37288e+04 3010275 1 6.1408e-01
+4.64471e+04 -5.36994e+04 4010035 1 3.1288e-01
+3.75225e+04 -4.87566e+04 4010025 1 3.7324e-01
+3.84579e+04 -4.93717e+04 4010026 1 3.5614e-01
+4.61461e+04 -6.82105e+04 3010429 1 4.9433e-01
+3.19328e+04 -4.90233e+04 2010717 1 4.9296e-01
+1.69609e+04 -7.29447e+04 10724 1 8.4701e-01
+2.83860e+04 -4.87934e+04 2010632 1 5.8583e-01
+4.66485e+04 -4.89677e+04 4010157 1 2.9418e-01
+1.07257e+04 -4.95745e+04 2010047 1 7.4639e-01
+1.21540e+04 -5.05847e+04 2010048 1 7.5472e-01
+1.34551e+04 -5.16774e+04 2010049 1 7.5047e-01
+1.46299e+04 -5.28324e+04 2010050 1 7.3462e-01
+1.56832e+04 -5.40316e+04 2010051 1 7.0864e-01
+1.66224e+04 -5.52592e+04 2010052 1 6.7391e-01
+1.74565e+04 -5.65016e+04 2010053 1 6.3365e-01
+1.81958e+04 -5.77469e+04 2010054 1 5.8987e-01
+1.88516e+04 -5.89871e+04 2010055 1 5.3943e-01
+1.94351e+04 -6.02143e+04 2010056 1 4.9578e-01
+1.99575e+04 -6.14227e+04 2010057 1 4.3974e-01
+2.04298e+04 -6.26081e+04 2010058 1 4.0207e-01
+2.08626e+04 -6.37683e+04 2010059 1 3.4288e-01
+2.12661e+04 -6.48987e+04 2010060 1 3.2410e-01
+2.16501e+04 -6.59997e+04 2010061 1 2.7293e-01
+2.20224e+04 -6.70720e+04 2010062 1 2.6450e-01
+2.23913e+04 -6.81094e+04 2010063 1 2.6058e-01
+2.27668e+04 -6.91126e+04 2010064 1 2.6495e-01
+2.31560e+04 -7.00843e+04 2010065 1 2.8567e-01
+2.35631e+04 -7.10177e+04 2010066 1 3.2747e-01
+2.39965e+04 -7.19167e+04 2010067 1 3.4963e-01
+2.44628e+04 -7.27806e+04 2010068 1 3.9110e-01
+2.49645e+04 -7.36030e+04 2010069 1 4.4775e-01
+4.55664e+04 -7.24708e+04 3010314 1 5.8830e-01
+4.53225e+04 -6.95501e+04 3010390 1 5.1706e-01
+4.44572e+04 -7.08670e+04 3010351 1 5.4833e-01
+4.41941e+04 -5.10633e+04 4010073 1 3.0581e-01
+4.20642e+04 -5.15663e+04 4010030 1 3.1386e-01
+1.41191e+04 -7.23648e+04 10642 0 6.1565e-01
+4.59681e+04 -5.18740e+04 4010075 1 3.0474e-01
+4.02819e+04 -5.05235e+04 4010028 1 3.2600e-01
+3.90531e+04 -5.13378e+04 2010806 1 3.3567e-01
+4.11769e+04 -5.10586e+04 4010029 1 3.1830e-01
+4.50822e+04 -5.14814e+04 4010074 1 3.0483e-01
+1.93361e+04 -7.17102e+04 10804 1 5.8171e-01
+1.69388e+04 -6.82563e+04 10760 1 7.3875e-01
+1.90047e+04 -7.07031e+04 10803 1 5.7762e-01
+4.15011e+04 -4.96548e+04 4010070 1 3.1894e-01
+4.45279e+04 -4.96269e+04 4010114 1 3.0205e-01
+3.41425e+04 -4.93253e+04 2010760 1 4.3619e-01
+3.63119e+04 -4.94393e+04 2010803 1 3.8793e-01
+1.54563e+04 -7.24367e+04 10683 0 7.5450e-01
+1.85400e+04 -7.34490e+04 10765 1 7.4794e-01
+1.11250e+04 -4.88874e+04 2010088 1 7.6763e-01
+1.26156e+04 -4.99082e+04 2010089 1 7.7611e-01
+1.39773e+04 -5.10125e+04 2010090 1 7.7161e-01
+1.52111e+04 -5.21797e+04 2010091 1 7.5514e-01
+1.63218e+04 -5.33915e+04 2010092 1 7.2723e-01
+1.73167e+04 -5.46316e+04 2010093 1 6.9089e-01
+1.82048e+04 -5.58860e+04 2010094 1 6.4789e-01
+1.89967e+04 -5.71435e+04 2010095 1 5.9726e-01
+1.97035e+04 -5.83949e+04 2010096 1 5.4575e-01
+2.03359e+04 -5.96311e+04 2010097 1 4.9313e-01
+2.09057e+04 -6.08487e+04 2010098 1 4.3732e-01
+2.14233e+04 -6.20394e+04 2010099 1 3.8844e-01
+2.18999e+04 -6.32052e+04 2010100 1 3.3292e-01
+2.23448e+04 -6.43350e+04 2010101 1 2.9680e-01
+2.27676e+04 -6.54377e+04 2010102 1 2.4930e-01
+2.31781e+04 -6.65016e+04 2010103 1 2.3168e-01
+2.35862e+04 -6.75317e+04 2010104 1 2.2450e-01
+2.39929e+04 -6.85227e+04 2010105 1 2.3036e-01
+2.44144e+04 -6.94818e+04 2010106 1 2.5559e-01
+2.48486e+04 -7.03977e+04 2010107 1 2.9578e-01
+2.53081e+04 -7.12762e+04 2010108 1 3.2670e-01
+2.57972e+04 -7.21160e+04 2010109 1 3.6816e-01
+2.63175e+04 -7.29123e+04 2010110 1 4.2625e-01
+2.68751e+04 -7.36662e+04 2010111 1 4.5877e-01
+2.00972e+04 -7.36615e+04 10806 1 6.0830e-01
+4.54362e+04 -7.10402e+04 3010352 1 5.5546e-01
+3.93768e+04 -4.99609e+04 4010027 1 3.3691e-01
+4.45454e+04 -7.23291e+04 3010313 1 5.8441e-01
+4.33025e+04 -5.06197e+04 4010072 1 3.0818e-01
+3.50935e+04 -5.00580e+04 2010761 1 4.0592e-01
+1.75063e+04 -7.03632e+04 10762 1 7.4170e-01
+1.72155e+04 -6.93132e+04 10761 1 7.3894e-01
+4.54289e+04 -5.00359e+04 4010115 1 2.9995e-01
+1.37603e+04 -7.12840e+04 10641 0 6.1821e-01
+1.08440e+04 -7.08824e+04 10557 0 6.2672e-01
+1.25839e+04 -7.17957e+04 10600 0 5.7345e-01
+1.12058e+04 -7.18622e+04 10558 0 6.1235e-01
+9.61179e+03 -7.16612e+04 10515 0 7.2857e-01
+1.29633e+04 -7.28517e+04 10601 0 5.6230e-01
+1.58467e+04 -7.35300e+04 10684 0 7.6192e-01
+1.29954e+04 -4.92009e+04 2010130 1 7.9376e-01
+1.44125e+04 -5.03048e+04 2010131 1 7.9013e-01
+1.57020e+04 -5.14723e+04 2010132 1 7.7363e-01
+1.68684e+04 -5.26849e+04 2010133 1 7.4612e-01
+1.79186e+04 -5.39265e+04 2010134 1 7.0900e-01
+1.88615e+04 -5.51831e+04 2010135 1 6.6415e-01
+1.97072e+04 -5.64429e+04 2010136 1 6.1468e-01
+2.04663e+04 -5.76956e+04 2010137 1 5.6218e-01
+2.11502e+04 -5.89343e+04 2010138 1 5.0411e-01
+2.17697e+04 -6.01525e+04 2010139 1 4.5090e-01
+2.23356e+04 -6.13439e+04 2010140 1 3.9077e-01
+2.28588e+04 -6.25079e+04 2010141 1 3.4392e-01
+2.33489e+04 -6.36364e+04 2010142 1 2.9125e-01
+2.38137e+04 -6.47351e+04 2010143 1 2.6123e-01
+2.42630e+04 -6.57882e+04 2010144 1 2.2308e-01
+2.47087e+04 -6.68137e+04 2010145 1 2.1129e-01
+2.51498e+04 -6.77957e+04 2010146 1 2.1795e-01
+2.56043e+04 -6.87377e+04 2010147 1 2.3732e-01
+2.60684e+04 -6.96366e+04 2010148 1 2.7263e-01
+2.65546e+04 -7.04976e+04 2010149 1 3.0869e-01
+2.70663e+04 -7.13176e+04 2010150 1 3.5221e-01
+2.76059e+04 -7.20923e+04 2010151 1 4.0539e-01
+2.81788e+04 -7.28242e+04 2010152 1 4.3807e-01
+2.87901e+04 -7.35122e+04 2010153 1 4.7230e-01
+1.45123e+04 -7.34553e+04 10643 0 6.1489e-01
+1.51043e+04 -7.13473e+04 10682 0 7.4433e-01
+1.22301e+04 -7.07560e+04 10599 0 5.8084e-01
+4.24054e+04 -5.01503e+04 4010071 1 3.1236e-01
+4.63265e+04 -5.04208e+04 4010116 1 2.9940e-01
+3.72425e+04 -5.00994e+04 2010804 1 3.6970e-01
+1.96981e+04 -7.26979e+04 10805 1 6.0398e-01
+1.78190e+04 -7.14044e+04 10763 1 7.4453e-01
+1.59718e+04 -6.97357e+04 10721 1 8.4457e-01
+3.81553e+04 -5.07325e+04 2010805 1 3.5334e-01
+1.41962e+04 -6.81337e+04 10679 0 7.2384e-01
+1.56893e+04 -6.86670e+04 10720 1 8.4058e-01
+1.81610e+04 -7.24342e+04 10764 1 7.4375e-01
+1.65996e+04 -7.18776e+04 10723 1 8.4732e-01
+1.18956e+04 -6.97365e+04 10598 0 5.8989e-01
+1.34281e+04 -7.02165e+04 10640 0 6.1673e-01
+1.04970e+04 -6.99253e+04 10556 0 6.4269e-01
+8.89666e+03 -6.99209e+04 10513 0 7.5929e-01
+9.24981e+03 -7.07782e+04 10514 0 7.4569e-01
+7.81321e+03 -7.15000e+04 10471 0 8.8679e-01
+1.15882e+04 -7.28626e+04 10559 0 5.9644e-01
+9.98682e+03 -7.25677e+04 10516 0 7.1210e-01
+1.47754e+04 -4.95638e+04 2010172 1 8.0105e-01
+1.61175e+04 -5.07223e+04 2010173 1 7.8579e-01
+1.73371e+04 -5.19267e+04 2010174 1 7.5981e-01
+1.84412e+04 -5.31609e+04 2010175 1 7.2414e-01
+1.94380e+04 -5.44107e+04 2010176 1 6.8147e-01
+2.03374e+04 -5.56643e+04 2010177 1 6.3094e-01
+2.11499e+04 -5.69122e+04 2010178 1 5.7640e-01
+2.18860e+04 -5.81461e+04 2010179 1 5.2139e-01
+2.25563e+04 -5.93584e+04 2010180 1 4.6407e-01
+2.31716e+04 -6.05460e+04 2010181 1 4.0687e-01
+2.37417e+04 -6.17017e+04 2010182 1 3.5447e-01
+2.42772e+04 -6.28264e+04 2010183 1 2.9870e-01
+2.47886e+04 -6.39143e+04 2010184 1 2.6540e-01
+2.52778e+04 -6.49635e+04 2010185 1 2.3470e-01
+2.57602e+04 -6.59769e+04 2010186 1 2.1358e-01
+2.62405e+04 -6.69443e+04 2010187 1 2.2012e-01
+2.67269e+04 -6.78756e+04 2010188 1 2.3770e-01
+2.72198e+04 -6.87629e+04 2010189 1 2.6653e-01
+2.77322e+04 -6.96086e+04 2010190 1 2.9627e-01
+2.82675e+04 -7.04107e+04 2010191 1 3.2746e-01
+2.88272e+04 -7.11664e+04 2010192 1 3.7745e-01
+2.94165e+04 -7.18791e+04 2010193 1 4.1191e-01
+3.00397e+04 -7.25478e+04 2010194 1 4.4673e-01
+3.06993e+04 -7.31724e+04 2010195 1 4.7985e-01
+8.17964e+03 -7.22729e+04 10472 0 8.7357e-01
+5.84404e+03 -7.18058e+04 10426 0 1.0473e+00
+7.45375e+03 -7.07555e+04 10470 0 8.9922e-01
+7.09838e+03 -7.00406e+04 10469 0 9.1121e-01
+1.44819e+04 -6.91926e+04 10680 0 7.2947e-01
+1.62726e+04 -7.08067e+04 10722 1 8.4691e-01
+1.47821e+04 -7.02646e+04 10681 0 7.4103e-01
+1.15738e+04 -6.87387e+04 10597 0 6.0129e-01
+9.82698e+03 -6.80871e+04 10554 0 6.6631e-01
+1.01594e+04 -6.89924e+04 10555 0 6.5624e-01
+8.54900e+03 -6.90928e+04 10512 0 7.7180e-01
+8.20311e+03 -6.82943e+04 10511 0 7.8521e-01
+6.74439e+03 -6.93556e+04 10468 0 9.2151e-01
+4.78383e+03 -7.02025e+04 10423 0 1.0709e+00
+1.50765e+04 -4.87969e+04 2010213 1 8.1143e-01
+1.64672e+04 -4.99389e+04 2010214 1 7.9746e-01
+1.77374e+04 -5.11276e+04 2010215 1 7.7261e-01
+1.88933e+04 -5.23471e+04 2010216 1 7.3780e-01
+1.99429e+04 -5.35835e+04 2010217 1 6.9524e-01
+2.08953e+04 -5.48249e+04 2010218 1 6.4664e-01
+2.17605e+04 -5.60611e+04 2010219 1 5.9502e-01
+2.25489e+04 -5.72838e+04 2010220 1 5.3836e-01
+2.32708e+04 -5.84871e+04 2010221 1 4.8147e-01
+2.39360e+04 -5.96641e+04 2010222 1 4.2944e-01
+2.45541e+04 -6.08112e+04 2010223 1 3.7297e-01
+2.51350e+04 -6.19255e+04 2010224 1 3.2528e-01
+2.56900e+04 -6.30025e+04 2010225 1 2.7288e-01
+2.62230e+04 -6.40450e+04 2010226 1 2.5469e-01
+2.67441e+04 -6.50408e+04 2010227 1 2.2677e-01
+2.72608e+04 -6.60015e+04 2010228 1 2.3236e-01
+2.77799e+04 -6.69201e+04 2010229 1 2.3578e-01
+2.83049e+04 -6.77907e+04 2010230 1 2.5272e-01
+2.88454e+04 -6.86208e+04 2010231 1 2.8479e-01
+2.94039e+04 -6.94090e+04 2010232 1 3.2151e-01
+2.99827e+04 -7.01512e+04 2010233 1 3.6445e-01
+3.05878e+04 -7.08491e+04 2010234 1 3.9624e-01
+3.12233e+04 -7.15025e+04 2010235 1 4.2721e-01
+3.18916e+04 -7.21112e+04 2010236 1 4.5767e-01
+3.25942e+04 -7.26753e+04 2010237 1 4.8495e-01
+3.33327e+04 -7.31949e+04 2010238 1 5.1198e-01
+3.41080e+04 -7.36710e+04 2010239 1 5.4038e-01
+8.55574e+03 -7.30710e+04 10473 0 8.5806e-01
+5.13651e+03 -7.07042e+04 10424 0 1.0632e+00
+5.48943e+03 -7.12387e+04 10425 0 1.0558e+00
+4.43014e+03 -6.97332e+04 10422 0 1.0770e+00
+6.39017e+03 -6.87038e+04 10467 0 9.2966e-01
+6.03382e+03 -6.80860e+04 10466 0 9.3843e-01
+1.31154e+04 -6.91663e+04 10639 0 6.1665e-01
+1.12587e+04 -6.77638e+04 10596 0 6.0934e-01
+9.49539e+03 -6.72108e+04 10553 0 6.7870e-01
+7.85576e+03 -6.75261e+04 10510 0 7.9566e-01
+7.50490e+03 -6.67919e+04 10509 0 8.0250e-01
+4.07511e+03 -6.92998e+04 10421 0 1.0818e+00
+6.20144e+03 -7.24026e+04 10427 0 1.0374e+00
+1.67598e+04 -4.91299e+04 2010255 1 8.0853e-01
+1.80775e+04 -5.02972e+04 2010256 1 7.8552e-01
+1.92827e+04 -5.14962e+04 2010257 1 7.5287e-01
+2.03828e+04 -5.27133e+04 2010258 1 7.1189e-01
+2.13866e+04 -5.39367e+04 2010259 1 6.6452e-01
+2.23035e+04 -5.51564e+04 2010260 1 6.1233e-01
+2.31433e+04 -5.63640e+04 2010261 1 5.5743e-01
+2.39160e+04 -5.75521e+04 2010262 1 5.0104e-01
+2.46319e+04 -5.87159e+04 2010263 1 4.4666e-01
+2.52985e+04 -5.98508e+04 2010264 1 3.9954e-01
+2.59249e+04 -6.09508e+04 2010265 1 3.4869e-01
+2.65230e+04 -6.20173e+04 2010266 1 3.0209e-01
+2.70999e+04 -6.30440e+04 2010267 1 2.7529e-01
+2.76595e+04 -6.40312e+04 2010268 1 2.5212e-01
+2.82133e+04 -6.49794e+04 2010269 1 2.3887e-01
+2.87669e+04 -6.58807e+04 2010270 1 2.4044e-01
+2.93220e+04 -6.67421e+04 2010271 1 2.5839e-01
+2.98892e+04 -6.75608e+04 2010272 1 2.8070e-01
+3.04722e+04 -6.83338e+04 2010273 1 2.9856e-01
+3.10727e+04 -6.90607e+04 2010274 1 3.3591e-01
+3.16954e+04 -6.97447e+04 2010275 1 3.6931e-01
+3.23443e+04 -7.03851e+04 2010276 1 4.0195e-01
+3.30219e+04 -7.09816e+04 2010277 1 4.3426e-01
+3.37300e+04 -7.15341e+04 2010278 1 4.6373e-01
+3.44703e+04 -7.20429e+04 2010279 1 4.9230e-01
+3.52438e+04 -7.25090e+04 2010280 1 5.1906e-01
+3.60513e+04 -7.29328e+04 2010281 1 5.4236e-01
+3.68933e+04 -7.33152e+04 2010282 1 5.6428e-01
+3.77695e+04 -7.36578e+04 2010283 1 5.8439e-01
+1.03799e+04 -7.34962e+04 10517 0 6.9373e-01
+2.73813e+03 -7.20876e+04 10377 0 1.1942e+00
+2.05628e+03 -7.16023e+04 10375 0 1.2005e+00
+1.28152e+04 -6.81349e+04 10638 0 6.2065e-01
+1.09456e+04 -6.68155e+04 10595 0 6.1509e-01
+9.16042e+03 -6.63637e+04 10552 0 6.9358e-01
+7.14801e+03 -6.60920e+04 10508 0 8.1288e-01
+5.30845e+03 -6.69535e+04 10464 0 9.5013e-01
+5.67351e+03 -6.75015e+04 10465 0 9.4707e-01
+3.71794e+03 -6.89020e+04 10420 0 1.0874e+00
+3.35792e+03 -6.85383e+04 10419 0 1.0917e+00
+1.03201e+03 -7.11311e+04 10372 0 1.2066e+00
+6.56347e+03 -7.30285e+04 10428 0 1.0272e+00
+1.83649e+04 -4.94427e+04 2010297 1 7.9579e-01
+1.96167e+04 -5.06168e+04 2010298 1 7.6534e-01
+2.07651e+04 -5.18102e+04 2010299 1 7.2717e-01
+2.18184e+04 -5.30112e+04 2010300 1 6.8294e-01
+2.27851e+04 -5.42098e+04 2010301 1 6.3361e-01
+2.36748e+04 -5.53976e+04 2010302 1 5.7995e-01
+2.44969e+04 -5.65680e+04 2010303 1 5.2425e-01
+2.52611e+04 -5.77147e+04 2010304 1 4.6824e-01
+2.59773e+04 -5.88328e+04 2010305 1 4.2010e-01
+2.66496e+04 -5.99192e+04 2010306 1 3.7530e-01
+2.72906e+04 -6.09694e+04 2010307 1 3.2722e-01
+2.79100e+04 -6.19833e+04 2010308 1 3.0129e-01
+2.85086e+04 -6.29582e+04 2010309 1 2.6905e-01
+2.91002e+04 -6.38891e+04 2010310 1 2.6096e-01
+2.96863e+04 -6.47816e+04 2010311 1 2.5633e-01
+3.02727e+04 -6.56293e+04 2010312 1 2.5229e-01
+3.08689e+04 -6.64324e+04 2010313 1 2.7462e-01
+3.14759e+04 -6.71940e+04 2010314 1 2.9654e-01
+3.20964e+04 -6.79114e+04 2010315 1 3.2281e-01
+3.27362e+04 -6.85845e+04 2010316 1 3.4708e-01
+3.34000e+04 -6.92122e+04 2010317 1 3.7030e-01
+3.40888e+04 -6.97970e+04 2010318 1 4.0271e-01
+3.48043e+04 -7.03392e+04 2010319 1 4.3288e-01
+3.55482e+04 -7.08389e+04 2010320 1 4.6251e-01
+3.63218e+04 -7.12971e+04 2010321 1 4.8945e-01
+3.71259e+04 -7.17142e+04 2010322 1 5.1363e-01
+3.79612e+04 -7.20912e+04 2010323 1 5.3634e-01
+3.88277e+04 -7.24295e+04 2010324 1 5.5699e-01
+3.97252e+04 -7.27305e+04 2010325 1 5.7357e-01
+4.06535e+04 -7.29954e+04 2010326 1 5.8719e-01
+4.16119e+04 -7.32259e+04 2010327 1 5.9764e-01
+1.25203e+04 -6.71229e+04 10637 0 6.2679e-01
+1.06293e+04 -6.58946e+04 10594 0 6.2383e-01
+8.81890e+03 -6.55479e+04 10551 0 6.9605e-01
+8.46819e+03 -6.47664e+04 10550 0 7.0401e-01
+6.40818e+03 -6.47967e+04 10506 0 8.2194e-01
+6.78273e+03 -6.54253e+04 10507 0 8.2117e-01
+4.93775e+03 -6.64433e+04 10463 0 9.5668e-01
+2.62973e+03 -6.79254e+04 10417 0 1.0979e+00
+2.99525e+03 -6.82129e+04 10418 0 1.0943e+00
+1.37387e+03 -7.12557e+04 10373 0 1.2051e+00
+2.39728e+03 -7.18286e+04 10376 0 1.1978e+00
+1.99005e+04 -4.97154e+04 2010339 1 7.7387e-01
+2.10947e+04 -5.08813e+04 2010340 1 7.3839e-01
+2.21952e+04 -5.20564e+04 2010341 1 6.9656e-01
+2.32102e+04 -5.32307e+04 2010342 1 6.5007e-01
+2.41483e+04 -5.43958e+04 2010343 1 6.0080e-01
+2.50183e+04 -5.55444e+04 2010344 1 5.4823e-01
+2.58295e+04 -5.66710e+04 2010345 1 4.9262e-01
+2.65922e+04 -5.77711e+04 2010346 1 4.3695e-01
+2.73112e+04 -5.88395e+04 2010347 1 4.0105e-01
+2.79948e+04 -5.98737e+04 2010348 1 3.5457e-01
+2.86558e+04 -6.08727e+04 2010349 1 3.2535e-01
+2.92936e+04 -6.18300e+04 2010350 1 2.9442e-01
+2.99215e+04 -6.27503e+04 2010351 1 2.8601e-01
+3.05414e+04 -6.36272e+04 2010352 1 2.6022e-01
+3.11596e+04 -6.44609e+04 2010353 1 2.6957e-01
+3.17826e+04 -6.52553e+04 2010354 1 2.8093e-01
+3.24143e+04 -6.60046e+04 2010355 1 2.8056e-01
+3.30575e+04 -6.67083e+04 2010356 1 3.0311e-01
+3.37161e+04 -6.73702e+04 2010357 1 3.2928e-01
+3.43939e+04 -6.79901e+04 2010358 1 3.5763e-01
+3.50932e+04 -6.85674e+04 2010359 1 3.8379e-01
+3.58165e+04 -6.91018e+04 2010360 1 4.0727e-01
+3.65657e+04 -6.95936e+04 2010361 1 4.2891e-01
+3.73413e+04 -7.00448e+04 2010362 1 4.5574e-01
+3.81441e+04 -7.04562e+04 2010363 1 4.8076e-01
+3.89749e+04 -7.08291e+04 2010364 1 5.0434e-01
+3.98339e+04 -7.11646e+04 2010365 1 5.2526e-01
+4.07211e+04 -7.14639e+04 2010366 1 5.4286e-01
+4.16365e+04 -7.17284e+04 2010367 1 5.5759e-01
+4.25796e+04 -7.19596e+04 2010368 1 5.6904e-01
+1.51480e+04 -6.65426e+04 10718 0 8.3124e-01
+1.33519e+04 -6.50455e+04 10676 0 7.0163e-01
+1.22254e+04 -6.61332e+04 10636 0 6.2293e-01
+9.96903e+03 -6.41360e+04 10592 0 6.3390e-01
+1.03050e+04 -6.50006e+04 10593 0 6.3867e-01
+7.72723e+03 -6.33026e+04 10548 0 7.1314e-01
+8.10501e+03 -6.40175e+04 10549 0 7.1867e-01
+6.02289e+03 -6.42061e+04 10505 0 8.3089e-01
+5.62536e+03 -6.36506e+04 10504 0 8.3287e-01
+4.17599e+03 -6.55330e+04 10461 0 9.6242e-01
+3.78480e+03 -6.51381e+04 10460 0 9.6755e-01
+4.56025e+03 -6.59683e+04 10462 0 9.6380e-01
+2.26110e+03 -6.76729e+04 10416 0 1.1011e+00
+1.88989e+03 -6.74601e+04 10415 0 1.1020e+00
+1.51634e+03 -6.72870e+04 10414 0 1.1040e+00
+2.01390e+04 -4.87979e+04 2010380 1 7.7907e-01
+2.13762e+04 -4.99334e+04 2010381 1 7.4617e-01
+2.25216e+04 -5.10795e+04 2010382 1 7.0726e-01
+2.35826e+04 -5.22264e+04 2010383 1 6.6364e-01
+2.45672e+04 -5.33659e+04 2010384 1 6.1687e-01
+2.54838e+04 -5.44909e+04 2010385 1 5.6777e-01
+2.63407e+04 -5.55951e+04 2010386 1 5.1678e-01
+2.71478e+04 -5.66735e+04 2010387 1 4.6195e-01
+2.79125e+04 -5.77232e+04 2010388 1 4.2456e-01
+2.86382e+04 -5.87394e+04 2010389 1 3.8024e-01
+2.93399e+04 -5.97199e+04 2010390 1 3.4782e-01
+3.00160e+04 -6.06634e+04 2010391 1 3.2066e-01
+3.06804e+04 -6.15672e+04 2010392 1 3.0041e-01
+3.13337e+04 -6.24299e+04 2010393 1 2.8446e-01
+3.19823e+04 -6.32535e+04 2010394 1 2.8806e-01
+3.26343e+04 -6.40321e+04 2010395 1 2.8193e-01
+3.32912e+04 -6.47693e+04 2010396 1 2.9401e-01
+3.39553e+04 -6.54656e+04 2010397 1 3.0250e-01
+3.46323e+04 -6.61183e+04 2010398 1 3.1565e-01
+3.53266e+04 -6.67273e+04 2010399 1 3.3452e-01
+3.60391e+04 -6.72954e+04 2010400 1 3.5986e-01
+3.67717e+04 -6.78229e+04 2010401 1 3.8624e-01
+3.75261e+04 -6.83102e+04 2010402 1 4.1128e-01
+3.83039e+04 -6.87575e+04 2010403 1 4.3395e-01
+3.91064e+04 -6.91657e+04 2010404 1 4.5450e-01
+3.99344e+04 -6.95357e+04 2010405 1 4.7000e-01
+4.07881e+04 -6.98689e+04 2010406 1 4.9108e-01
+4.16674e+04 -7.01673e+04 2010407 1 5.0990e-01
+4.25723e+04 -7.04320e+04 2010408 1 5.2575e-01
+4.35024e+04 -7.06648e+04 2010409 1 5.3850e-01
+1.39173e+04 -6.70890e+04 10678 0 7.1901e-01
+1.19246e+04 -6.51678e+04 10635 0 6.2342e-01
+1.16124e+04 -6.42259e+04 10634 0 6.3177e-01
+9.61816e+03 -6.33043e+04 10591 0 6.4029e-01
+7.33372e+03 -6.26276e+04 10547 0 7.2077e-01
+5.21596e+03 -6.31384e+04 10503 0 8.3209e-01
+3.38619e+03 -6.47795e+04 10459 0 9.7036e-01
+2.98102e+03 -6.44646e+04 10458 0 9.6886e-01
+3.07913e+03 -7.23791e+04 10378 0 1.1904e+00
+2.16143e+04 -4.89716e+04 2010422 1 7.5295e-01
+2.28016e+04 -5.00865e+04 2010423 1 7.1567e-01
+2.39062e+04 -5.12038e+04 2010424 1 6.7359e-01
+2.49355e+04 -5.23152e+04 2010425 1 6.3023e-01
+2.58968e+04 -5.34138e+04 2010426 1 5.8453e-01
+2.67980e+04 -5.44937e+04 2010427 1 5.3561e-01
+2.76482e+04 -5.55497e+04 2010428 1 4.8424e-01
+2.84564e+04 -5.65774e+04 2010429 1 4.4474e-01
+2.92235e+04 -5.75739e+04 2010430 1 4.0302e-01
+2.99647e+04 -5.85369e+04 2010431 1 3.6873e-01
+3.06787e+04 -5.94623e+04 2010432 1 3.3920e-01
+3.13788e+04 -6.03507e+04 2010433 1 3.2382e-01
+3.20650e+04 -6.12002e+04 2010434 1 3.0228e-01
+3.27450e+04 -6.20072e+04 2010435 1 2.9643e-01
+3.34245e+04 -6.27753e+04 2010436 1 3.0088e-01
+3.41060e+04 -6.35031e+04 2010437 1 3.0085e-01
+3.47933e+04 -6.41857e+04 2010438 1 2.9874e-01
+3.54900e+04 -6.48286e+04 2010439 1 3.1775e-01
+3.61996e+04 -6.54317e+04 2010440 1 3.3401e-01
+3.69247e+04 -6.59935e+04 2010441 1 3.4909e-01
+3.76680e+04 -6.65139e+04 2010442 1 3.6252e-01
+3.84303e+04 -6.69947e+04 2010443 1 3.8494e-01
+3.92129e+04 -6.74374e+04 2010444 1 4.0814e-01
+4.00168e+04 -6.78429e+04 2010445 1 4.3037e-01
+4.08431e+04 -6.82118e+04 2010446 1 4.5008e-01
+4.16923e+04 -6.85451e+04 2010447 1 4.6843e-01
+4.25648e+04 -6.88443e+04 2010448 1 4.8462e-01
+4.34608e+04 -6.91106e+04 2010449 1 4.9686e-01
+4.43803e+04 -6.93451e+04 2010450 1 5.0633e-01
+2.16076e+04 -7.35919e+04 10847 1 4.9676e-01
+1.54174e+04 -6.76023e+04 10719 0 8.3654e-01
+1.36380e+04 -6.60585e+04 10677 0 7.1518e-01
+1.12834e+04 -6.33064e+04 10633 0 6.2770e-01
+9.24825e+03 -6.25020e+04 10590 0 6.5759e-01
+8.85696e+03 -6.17329e+04 10589 0 6.4106e-01
+6.92193e+03 -6.19864e+04 10546 0 7.3796e-01
+6.49160e+03 -6.13865e+04 10545 0 7.1952e-01
+6.04200e+03 -6.08282e+04 10544 0 7.3443e-01
+4.35866e+03 -6.22317e+04 10501 0 8.3118e-01
+4.79380e+03 -6.26658e+04 10502 0 8.4203e-01
+3.91172e+03 -6.18454e+04 10500 0 8.3768e-01
+2.30398e+04 -4.90820e+04 2010464 1 7.2237e-01
+2.41850e+04 -5.01678e+04 2010465 1 6.8244e-01
+2.52565e+04 -5.12494e+04 2010466 1 6.3764e-01
+2.62609e+04 -5.23198e+04 2010467 1 5.9833e-01
+2.72045e+04 -5.33733e+04 2010468 1 5.5260e-01
+2.80962e+04 -5.44048e+04 2010469 1 5.0299e-01
+2.89460e+04 -5.54100e+04 2010470 1 4.6118e-01
+2.97535e+04 -5.63854e+04 2010471 1 4.2325e-01
+3.05330e+04 -5.73279e+04 2010472 1 3.8480e-01
+3.12841e+04 -5.82363e+04 2010473 1 3.6040e-01
+3.20192e+04 -5.91080e+04 2010474 1 3.3834e-01
+3.27381e+04 -5.99406e+04 2010475 1 3.1646e-01
+3.34483e+04 -6.07357e+04 2010476 1 3.1363e-01
+3.41557e+04 -6.14907e+04 2010477 1 3.0431e-01
+3.48630e+04 -6.22043e+04 2010478 1 3.0706e-01
+3.55720e+04 -6.28793e+04 2010479 1 3.1062e-01
+3.62880e+04 -6.35143e+04 2010480 1 3.1574e-01
+3.70154e+04 -6.41066e+04 2010481 1 3.2597e-01
+3.77549e+04 -6.46608e+04 2010482 1 3.4520e-01
+3.85086e+04 -6.51770e+04 2010483 1 3.6098e-01
+3.92785e+04 -6.56544e+04 2010484 1 3.7659e-01
+4.00666e+04 -6.60937e+04 2010485 1 3.8608e-01
+4.08740e+04 -6.64956e+04 2010486 1 4.0587e-01
+4.17010e+04 -6.68624e+04 2010487 1 4.2459e-01
+4.25483e+04 -6.71952e+04 2010488 1 4.4269e-01
+4.34162e+04 -6.74953e+04 2010489 1 4.5966e-01
+4.43051e+04 -6.77637e+04 2010490 1 4.7344e-01
+2.11868e+04 -7.26652e+04 10846 1 4.8715e-01
+1.30529e+04 -6.40517e+04 10675 0 6.9243e-01
+1.27343e+04 -6.30748e+04 10674 0 7.0039e-01
+1.05605e+04 -6.15557e+04 10631 0 6.3646e-01
+1.09345e+04 -6.24178e+04 10632 0 6.2198e-01
+1.01572e+04 -6.07184e+04 10630 0 6.1322e-01
+8.44250e+03 -6.10022e+04 10588 0 6.5363e-01
+7.53437e+03 -5.96471e+04 10586 0 6.4815e-01
+8.00131e+03 -6.03002e+04 10587 0 6.4738e-01
+5.57209e+03 -6.03068e+04 10543 0 7.1645e-01
+5.08342e+03 -5.98364e+04 10542 0 7.2850e-01
+2.98277e+03 -6.11972e+04 10498 0 8.3132e-01
+1.72936e+03 -6.37655e+04 10455 0 9.7184e-01
+2.56947e+03 -6.41909e+04 10457 0 9.7293e-01
+1.14056e+03 -6.71484e+04 10413 0 1.1059e+00
+6.89990e+02 -7.10446e+04 10371 0 1.2075e+00
+7.63254e+02 -6.70514e+04 10412 0 1.1056e+00
+2.44232e+04 -4.91224e+04 2010506 1 6.8905e-01
+2.55338e+04 -5.01728e+04 2010507 1 6.4729e-01
+2.65791e+04 -5.12136e+04 2010508 1 6.0619e-01
+2.75635e+04 -5.22395e+04 2010509 1 5.6630e-01
+2.84951e+04 -5.32449e+04 2010510 1 5.1961e-01
+2.93843e+04 -5.42256e+04 2010511 1 4.6949e-01
+3.02311e+04 -5.51789e+04 2010512 1 4.4047e-01
+3.10475e+04 -5.61011e+04 2010513 1 3.9695e-01
+3.18350e+04 -5.69897e+04 2010514 1 3.7520e-01
+3.26041e+04 -5.78438e+04 2010515 1 3.5471e-01
+3.33549e+04 -5.86615e+04 2010516 1 3.3079e-01
+3.40954e+04 -5.94408e+04 2010517 1 3.2168e-01
+3.48304e+04 -6.01824e+04 2010518 1 3.1880e-01
+3.55623e+04 -6.08861e+04 2010519 1 3.1626e-01
+3.62943e+04 -6.15491e+04 2010520 1 3.0744e-01
+3.70308e+04 -6.21732e+04 2010521 1 3.1910e-01
+3.77746e+04 -6.27602e+04 2010522 1 3.3169e-01
+3.85283e+04 -6.33085e+04 2010523 1 3.3777e-01
+3.92948e+04 -6.38168e+04 2010524 1 3.4875e-01
+4.00746e+04 -6.42891e+04 2010525 1 3.6641e-01
+4.08690e+04 -6.47258e+04 2010526 1 3.8183e-01
+4.16798e+04 -6.51269e+04 2010527 1 3.9636e-01
+4.25081e+04 -6.54933e+04 2010528 1 4.0886e-01
+4.33549e+04 -6.58256e+04 2010529 1 4.1858e-01
+4.42204e+04 -6.61259e+04 2010530 1 4.3343e-01
+4.51045e+04 -6.63957e+04 2010531 1 4.4706e-01
+3.45252e+03 -6.14966e+04 10499 0 8.4801e-01
+1.48734e+04 -6.54887e+04 10717 0 8.2495e-01
+1.45865e+04 -6.44431e+04 10716 0 8.1142e-01
+1.20169e+04 -6.11839e+04 10672 0 6.6815e-01
+1.23902e+04 -6.21146e+04 10673 0 6.7033e-01
+9.72342e+03 -5.99213e+04 10629 0 6.2458e-01
+9.25355e+03 -5.91455e+04 10628 0 6.1518e-01
+7.03840e+03 -5.90255e+04 10585 0 6.7430e-01
+5.38286e+03 -5.74418e+04 10582 0 6.3676e-01
+6.51478e+03 -5.84539e+04 10584 0 6.4224e-01
+4.57487e+03 -5.94013e+04 10541 0 7.1541e-01
+3.50589e+03 -5.86837e+04 10539 0 7.3788e-01
+2.50310e+03 -6.09412e+04 10497 0 8.3986e-01
+2.01471e+03 -6.07282e+04 10496 0 8.2439e-01
+2.57714e+04 -4.90889e+04 2010548 1 6.5441e-01
+3.47786e+02 -7.09945e+04 10370 0 1.2080e+00
+2.68544e+04 -5.00991e+04 2010549 1 6.1111e-01
+2.78782e+04 -5.10959e+04 2010550 1 5.7623e-01
+2.88479e+04 -5.20745e+04 2010551 1 5.3259e-01
+2.97743e+04 -5.30299e+04 2010552 1 4.8492e-01
+3.06592e+04 -5.39594e+04 2010553 1 4.5501e-01
+3.15112e+04 -5.48597e+04 2010554 1 4.1216e-01
+3.23339e+04 -5.57290e+04 2010555 1 3.9023e-01
+3.31362e+04 -5.65644e+04 2010556 1 3.6562e-01
+3.39183e+04 -5.73647e+04 2010557 1 3.4220e-01
+3.46882e+04 -5.81298e+04 2010558 1 3.3386e-01
+3.54503e+04 -5.88579e+04 2010559 1 3.2372e-01
+3.62075e+04 -5.95477e+04 2010560 1 3.1895e-01
+3.69618e+04 -6.02009e+04 2010561 1 3.1587e-01
+3.77181e+04 -6.08170e+04 2010562 1 3.2089e-01
+3.84803e+04 -6.13937e+04 2010563 1 3.2412e-01
+3.92495e+04 -6.19342e+04 2010564 1 3.3641e-01
+4.00277e+04 -6.24392e+04 2010565 1 3.4937e-01
+4.08171e+04 -6.29079e+04 2010566 1 3.5616e-01
+4.16201e+04 -6.33395e+04 2010567 1 3.6554e-01
+4.24366e+04 -6.37377e+04 2010568 1 3.8131e-01
+4.32679e+04 -6.41033e+04 2010569 1 3.9541e-01
+4.41148e+04 -6.44366e+04 2010570 1 4.0724e-01
+4.49782e+04 -6.47387e+04 2010571 1 4.1759e-01
+1.63954e+04 -6.61229e+04 10758 1 7.4257e-01
+1.86966e+04 -6.96775e+04 10802 1 5.6581e-01
+3.84929e+02 -6.69964e+04 10411 0 1.1062e+00
+2.08033e+04 -7.17153e+04 10845 1 4.5772e-01
+1.66681e+04 -6.71925e+04 10759 1 7.4005e-01
+1.42796e+04 -6.34073e+04 10715 0 8.0194e-01
+1.39453e+04 -6.23785e+04 10714 0 7.9860e-01
+1.16066e+04 -6.02644e+04 10671 0 6.9982e-01
+1.11582e+04 -5.93850e+04 10670 0 6.4289e-01
+1.01244e+04 -5.77018e+04 10668 0 6.3052e-01
+1.06642e+04 -5.85193e+04 10669 0 6.4639e-01
+8.74879e+03 -5.84210e+04 10627 0 6.1613e-01
+8.20429e+03 -5.77208e+04 10626 0 6.0027e-01
+7.62223e+03 -5.70782e+04 10625 0 6.1104e-01
+6.99995e+03 -5.64687e+04 10624 0 5.8378e-01
+5.96230e+03 -5.79204e+04 10583 0 6.6866e-01
+4.14636e+03 -5.66297e+04 10580 0 6.3189e-01
+4.77646e+03 -5.70030e+04 10581 0 6.6274e-01
+4.04913e+03 -5.90241e+04 10540 0 7.2086e-01
+2.94812e+03 -5.84032e+04 10538 0 7.1238e-01
+2.15178e+03 -6.39542e+04 10456 0 9.7041e-01
+2.70905e+04 -4.89795e+04 2010590 1 6.1875e-01
+4.40223e+02 -6.34470e+04 10452 0 9.7218e-01
+2.81514e+04 -4.99462e+04 2010591 1 5.8363e-01
+2.91575e+04 -5.08968e+04 2010592 1 5.4308e-01
+3.01195e+04 -5.18262e+04 2010593 1 4.9733e-01
+3.10407e+04 -5.27313e+04 2010594 1 4.6776e-01
+3.19270e+04 -5.36088e+04 2010595 1 4.2537e-01
+3.27837e+04 -5.44570e+04 2010596 1 4.0236e-01
+3.36180e+04 -5.52734e+04 2010597 1 3.7769e-01
+3.44305e+04 -5.60567e+04 2010598 1 3.5220e-01
+3.52294e+04 -5.68052e+04 2010599 1 3.4080e-01
+3.60182e+04 -5.75189e+04 2010600 1 3.3253e-01
+3.67998e+04 -5.81970e+04 2010601 1 3.2446e-01
+3.75768e+04 -5.88383e+04 2010602 1 3.1486e-01
+3.83537e+04 -5.94435e+04 2010603 1 3.2030e-01
+3.91332e+04 -6.00134e+04 2010604 1 3.2676e-01
+3.99178e+04 -6.05474e+04 2010605 1 3.2677e-01
+4.07099e+04 -6.10446e+04 2010606 1 3.3804e-01
+4.15106e+04 -6.15081e+04 2010607 1 3.5026e-01
+4.23212e+04 -6.19382e+04 2010608 1 3.6213e-01
+4.31436e+04 -6.23351e+04 2010609 1 3.6919e-01
+4.39795e+04 -6.26982e+04 2010610 1 3.7628e-01
+4.48290e+04 -6.30305e+04 2010611 1 3.8928e-01
+4.56924e+04 -6.33334e+04 2010612 1 4.0115e-01
+2.37676e+03 -5.81625e+04 10537 0 7.2763e-01
+1.51954e+03 -6.05674e+04 10495 0 8.3072e-01
+1.58124e+04 -6.39751e+04 10756 1 7.3805e-01
+1.61126e+04 -6.50492e+04 10757 1 7.3306e-01
+1.35779e+04 -6.13633e+04 10713 0 7.6150e-01
+1.31684e+04 -6.03625e+04 10712 0 7.7452e-01
+1.27134e+04 -5.93766e+04 10711 0 7.3204e-01
+9.53343e+03 -5.69071e+04 10667 0 6.0612e-01
+8.89157e+03 -5.61621e+04 10666 0 6.2065e-01
+8.19698e+03 -5.54620e+04 10665 0 5.8861e-01
+7.45006e+03 -5.48096e+04 10664 0 5.7308e-01
+6.33996e+03 -5.59182e+04 10623 0 6.0824e-01
+5.64275e+03 -5.54189e+04 10622 0 5.7443e-01
+4.91059e+03 -5.49700e+04 10621 0 5.7027e-01
+3.49336e+03 -5.62958e+04 10579 0 6.1340e-01
+1.79489e+03 -5.79840e+04 10536 0 7.0384e-01
+2.82173e+03 -5.60346e+04 10578 0 6.2655e-01
+1.20438e+03 -5.78452e+04 10535 0 7.1610e-01
+1.30257e+03 -6.36157e+04 10454 0 9.7467e-01
+7.92296e+00 -6.03406e+04 10492 0 8.2734e-01
+2.94268e+04 -4.97152e+04 2010633 1 5.5166e-01
+3.04226e+04 -5.06176e+04 2010634 1 5.0776e-01
+3.13784e+04 -5.14974e+04 2010635 1 4.7795e-01
+3.22975e+04 -5.23518e+04 2010636 1 4.3714e-01
+3.31868e+04 -5.31782e+04 2010637 1 4.1264e-01
+3.40522e+04 -5.39744e+04 2010638 1 3.8634e-01
+3.48942e+04 -5.47396e+04 2010639 1 3.6186e-01
+3.57211e+04 -5.54721e+04 2010640 1 3.4904e-01
+3.65361e+04 -5.61706e+04 2010641 1 3.3602e-01
+3.73422e+04 -5.68348e+04 2010642 1 3.2739e-01
+3.81413e+04 -5.74650e+04 2010643 1 3.1975e-01
+3.89384e+04 -5.80604e+04 2010644 1 3.1986e-01
+3.97363e+04 -5.86203e+04 2010645 1 3.2188e-01
+4.05369e+04 -5.91464e+04 2010646 1 3.2895e-01
+4.13422e+04 -5.96390e+04 2010647 1 3.3597e-01
+4.21542e+04 -6.00977e+04 2010648 1 3.3737e-01
+4.29748e+04 -6.05226e+04 2010649 1 3.4843e-01
+4.38047e+04 -6.09164e+04 2010650 1 3.5922e-01
+4.46450e+04 -6.12795e+04 2010651 1 3.6962e-01
+4.54969e+04 -6.16125e+04 2010652 1 3.7645e-01
+4.63619e+04 -6.19152e+04 2010653 1 3.8073e-01
+1.84043e+04 -6.86356e+04 10801 1 5.6205e-01
+1.81199e+04 -6.75790e+04 10800 1 5.5469e-01
+2.04481e+04 -7.07354e+04 10844 1 4.4334e-01
+1.54832e+04 -6.28919e+04 10755 1 7.4356e-01
+1.51222e+04 -6.18159e+04 10754 1 7.1664e-01
+1.47137e+04 -6.07352e+04 10753 1 7.3934e-01
+1.42571e+04 -5.96642e+04 10752 1 7.2667e-01
+1.37394e+04 -5.86000e+04 10751 1 7.2240e-01
+1.16363e+04 -5.74750e+04 10709 0 7.0651e-01
+1.22039e+04 -5.84096e+04 10710 0 7.4067e-01
+1.10059e+04 -5.65662e+04 10708 0 6.8225e-01
+1.03094e+04 -5.56930e+04 10707 0 6.5854e-01
+9.54375e+03 -5.48704e+04 10706 0 6.4163e-01
+7.80529e+03 -5.33907e+04 10704 0 5.9290e-01
+6.65253e+03 -5.42204e+04 10663 0 5.7693e-01
+8.70870e+03 -5.41011e+04 10705 0 6.1552e-01
+4.91663e+03 -5.32360e+04 10661 0 5.3632e-01
+5.80673e+03 -5.36959e+04 10662 0 5.4879e-01
+3.35612e+03 -5.42777e+04 10619 0 5.5037e-01
+1.43323e+03 -5.56690e+04 10576 0 6.2048e-01
+2.54162e+03 -5.40223e+04 10618 0 5.5874e-01
+4.14744e+03 -5.45967e+04 10620 0 5.7461e-01
+2.13356e+03 -5.58189e+04 10577 0 6.0574e-01
+3.06863e+04 -4.94069e+04 2010675 1 5.1645e-01
+1.01862e+03 -6.04433e+04 10494 0 8.1971e-01
+8.64390e+02 -5.37420e+04 10616 0 5.4105e-01
+3.16749e+04 -5.02606e+04 2010676 1 4.8621e-01
+3.26254e+04 -5.10909e+04 2010677 1 4.4680e-01
+3.35460e+04 -5.18951e+04 2010678 1 4.2198e-01
+3.44412e+04 -5.26708e+04 2010679 1 3.9431e-01
+3.53119e+04 -5.34170e+04 2010680 1 3.6907e-01
+3.61661e+04 -5.41322e+04 2010681 1 3.5506e-01
+3.70066e+04 -5.48155e+04 2010682 1 3.4249e-01
+3.78364e+04 -5.54661e+04 2010683 1 3.2973e-01
+3.86576e+04 -5.60833e+04 2010684 1 3.2012e-01
+3.94750e+04 -5.66678e+04 2010685 1 3.2065e-01
+4.02907e+04 -5.72191e+04 2010686 1 3.2195e-01
+4.11075e+04 -5.77372e+04 2010687 1 3.2175e-01
+4.19271e+04 -5.82221e+04 2010688 1 3.2834e-01
+4.27511e+04 -5.86755e+04 2010689 1 3.3518e-01
+4.35812e+04 -5.90977e+04 2010690 1 3.4237e-01
+4.44191e+04 -5.94883e+04 2010691 1 3.4475e-01
+4.52659e+04 -5.98485e+04 2010692 1 3.5425e-01
+4.61222e+04 -6.01803e+04 2010693 1 3.6352e-01
+2.01168e+04 -6.97315e+04 10843 1 4.2708e-01
+1.78353e+04 -6.65068e+04 10799 1 5.6503e-01
+1.75420e+04 -6.54199e+04 10798 1 5.6993e-01
+1.72317e+04 -6.43202e+04 10797 1 5.6055e-01
+1.68951e+04 -6.32103e+04 10796 1 6.0457e-01
+1.65229e+04 -6.20879e+04 10795 1 5.8454e-01
+1.31517e+04 -5.75521e+04 10750 1 7.1496e-01
+1.61057e+04 -6.09589e+04 10794 1 6.1789e-01
+1.24905e+04 -5.65269e+04 10749 1 7.0538e-01
+1.17497e+04 -5.55311e+04 10748 1 6.9171e-01
+1.09233e+04 -5.45748e+04 10747 1 6.7879e-01
+1.00086e+04 -5.36700e+04 10746 1 6.6284e-01
+9.00453e+03 -5.28304e+04 10745 1 6.3246e-01
+7.91368e+03 -5.20686e+04 10744 1 6.0796e-01
+6.83594e+03 -5.27499e+04 10703 0 5.7458e-01
+3.98758e+03 -5.28516e+04 10660 0 5.3432e-01
+5.80514e+03 -5.21914e+04 10702 0 5.5037e-01
+3.58744e+03 -5.13539e+04 10700 0 5.1448e-01
+4.71965e+03 -5.17255e+04 10701 0 5.3014e-01
+1.70929e+03 -5.38528e+04 10617 0 5.5095e-01
+3.29133e+04 -4.98290e+04 2010718 1 4.5518e-01
+3.38638e+04 -5.06101e+04 2010719 1 4.2964e-01
+3.47875e+04 -5.13646e+04 2010720 1 4.0083e-01
+3.56858e+04 -5.20916e+04 2010721 1 3.7642e-01
+3.65664e+04 -5.27889e+04 2010722 1 3.5982e-01
+3.74318e+04 -5.34558e+04 2010723 1 3.4621e-01
+3.82850e+04 -5.40919e+04 2010724 1 3.3271e-01
+3.91277e+04 -5.46968e+04 2010725 1 3.2256e-01
+3.99650e+04 -5.52696e+04 2010726 1 3.1845e-01
+4.07990e+04 -5.58106e+04 2010727 1 3.1940e-01
+4.16319e+04 -5.63203e+04 2010728 1 3.2101e-01
+4.24656e+04 -5.67988e+04 2010729 1 3.2386e-01
+4.33022e+04 -5.72459e+04 2010730 1 3.2588e-01
+4.41431e+04 -5.76628e+04 2010731 1 3.3241e-01
+4.49894e+04 -5.80503e+04 2010732 1 3.3934e-01
+4.58425e+04 -5.84092e+04 2010733 1 3.4560e-01
+5.92689e+00 -6.69631e+04 10410 0 1.1070e+00
+4.67038e+04 -5.87394e+04 2010734 1 3.4794e-01
+6.78027e+00 -6.34107e+04 10451 0 9.7369e-01
+8.72417e+02 -6.35062e+04 10453 0 9.7148e-01
+3.02538e+03 -5.25571e+04 10659 0 5.2445e-01
+1.03097e+03 -5.22039e+04 10657 0 5.0569e-01
+1.56335e+04 -5.98242e+04 10793 1 6.2862e-01
+1.98011e+04 -6.87031e+04 10842 1 4.2291e-01
+1.85365e+04 -6.43669e+04 10838 1 4.4595e-01
+1.94935e+04 -6.76521e+04 10841 1 4.1446e-01
+1.81769e+04 -6.32365e+04 10837 1 4.9885e-01
+1.88701e+04 -6.54858e+04 10839 1 4.4069e-01
+1.91860e+04 -6.65797e+04 10840 1 4.2732e-01
+1.77802e+04 -6.20835e+04 10836 1 5.0173e-01
+1.73379e+04 -6.09182e+04 10835 1 5.3531e-01
+1.44880e+04 -5.75618e+04 10791 1 6.5784e-01
+1.50981e+04 -5.86909e+04 10792 1 6.4426e-01
+1.37956e+04 -5.64472e+04 10790 1 6.7103e-01
+1.30114e+04 -5.53560e+04 10789 1 6.7433e-01
+1.21292e+04 -5.42999e+04 10788 1 6.7642e-01
+1.00559e+04 -5.23455e+04 10786 1 6.6191e-01
+1.11450e+04 -5.32915e+04 10787 1 6.7241e-01
+7.56882e+03 -5.07061e+04 10784 1 6.2611e-01
+8.86234e+03 -5.14781e+04 10785 1 6.4635e-01
+5.49474e+03 -5.08244e+04 10742 1 5.6240e-01
+6.74101e+03 -5.13958e+04 10743 1 5.8334e-01
+4.71686e+03 -4.95145e+04 10782 1 5.7774e-01
+2.41867e+03 -5.10822e+04 10699 0 5.0482e-01
+4.18435e+03 -5.03671e+04 10741 1 5.4467e-01
+1.22508e+03 -5.09141e+04 10698 0 5.0137e-01
+1.43182e+03 -4.98274e+04 10739 1 5.2147e-01
+3.60184e+04 -5.07650e+04 2010762 1 3.8264e-01
+1.33274e+01 -5.36920e+04 10615 0 5.5081e-01
+3.69245e+04 -5.14441e+04 2010763 1 3.6546e-01
+3.78140e+04 -5.20944e+04 2010764 1 3.4958e-01
+3.86898e+04 -5.27152e+04 2010765 1 3.3400e-01
+3.95539e+04 -5.33064e+04 2010766 1 3.2384e-01
+4.04108e+04 -5.38676e+04 2010767 1 3.1957e-01
+4.12627e+04 -5.43982e+04 2010768 1 3.1712e-01
+4.21118e+04 -5.48984e+04 2010769 1 3.1638e-01
+4.29602e+04 -5.53690e+04 2010770 1 3.1876e-01
+4.38092e+04 -5.58101e+04 2010771 1 3.2176e-01
+4.46608e+04 -5.62221e+04 2010772 1 3.2415e-01
+4.55166e+04 -5.66052e+04 2010773 1 3.2816e-01
+4.63773e+04 -5.69607e+04 2010774 1 3.3442e-01
+1.71524e+03 -7.14120e+04 10374 0 1.2030e+00
+5.14270e+02 -6.03798e+04 10493 0 8.2212e-01
+9.37491e+00 -5.77311e+04 10533 0 7.0510e-01
+7.24307e+02 -5.55798e+04 10575 0 6.0472e-01
+1.11647e+01 -5.55340e+04 10574 0 6.1448e-01
+1.62696e+04 -5.85557e+04 10833 1 5.9880e-01
+1.56232e+04 -5.73714e+04 10832 1 6.2735e-01
+1.48893e+04 -5.61960e+04 10831 1 6.5514e-01
+1.68372e+04 -5.97390e+04 10834 1 5.6735e-01
+1.31202e+04 -5.39126e+04 10829 1 6.8937e-01
+1.40577e+04 -5.50389e+04 10830 1 6.7440e-01
+1.09057e+04 -5.18125e+04 10827 1 6.9552e-01
+1.20708e+04 -5.28316e+04 10828 1 6.9666e-01
+9.62437e+03 -5.08735e+04 10826 1 6.8434e-01
+6.93236e+03 -7.36826e+04 10429 0 1.0164e+00
+6.73093e+03 -4.93137e+04 10824 1 6.3910e-01
+8.23006e+03 -5.00338e+04 10825 1 6.6444e-01
+6.18287e+03 -5.00460e+04 10783 1 6.0240e-01
+2.49380e+01 -4.87997e+04 10779 1 5.3798e-01
+3.42088e+03 -7.27044e+04 10379 0 1.1863e+00
+3.18798e+03 -4.91265e+04 10781 1 5.5830e-01
+2.82465e+03 -5.00331e+04 10740 1 5.3063e-01
+4.10829e+03 -7.34497e+04 10381 0 1.1754e+00
+3.76378e+03 -7.30618e+04 10380 0 1.1810e+00
+2.03706e+03 -5.23409e+04 10658 0 5.0895e-01
+2.20831e+01 -4.97537e+04 10738 1 5.1649e-01
+3.99379e+04 -5.19148e+04 2010807 1 3.2423e-01
+4.08141e+04 -5.24632e+04 2010808 1 3.1894e-01
+1.58998e+01 -5.21492e+04 10656 0 5.1345e-01
+4.16838e+04 -5.29828e+04 2010809 1 3.1595e-01
+1.61724e+03 -4.88868e+04 10780 1 5.4621e-01
+4.25490e+04 -5.34737e+04 2010810 1 3.1404e-01
+4.34119e+04 -5.39358e+04 2010811 1 3.1264e-01
+1.88969e+01 -5.08529e+04 10697 0 5.0336e-01
+4.42740e+04 -5.43695e+04 2010812 1 3.1503e-01
+4.51368e+04 -5.47757e+04 2010813 1 3.1792e-01
+4.60019e+04 -5.51547e+04 2010814 1 3.2099e-01
+5.35335e+00 -7.09648e+04 10369 0 1.2086e+00
+6.08351e+02 -5.77735e+04 10534 0 6.9702e-01
+3.53614e+04 -4.87529e+04 2010802 1 4.0935e-01
