+4.99411e+04 -5.03080e+04 3010000 1 7.8035e-02
+5.42108e+04 -5.09019e+04 3010004 1 7.9178e-02
+4.79911e+04 -9.99814e+04 1010001 0 1.2449e+00
+4.91343e+04 -9.99814e+04 1010002 0 1.2217e+00
+5.02775e+04 -9.99814e+04 1010003 0 1.1972e+00
+5.14208e+04 -9.99814e+04 1010004 0 1.1715e+00
+5.25640e+04 -9.99814e+04 1010005 0 1.1445e+00
+5.37073e+04 -9.99814e+04 1010006 0 1.1166e+00
+5.48506e+04 -9.99815e+04 1010007 0 1.0877e+00
+5.59939e+04 -9.99815e+04 1010008 0 1.0579e+00
+5.71373e+04 -9.99815e+04 1010009 0 1.0274e+00
+5.82806e+04 -9.99815e+04 1010010 0 9.9627e-01
+5.94240e+04 -9.99815e+04 1010011 0 9.6452e-01
+6.05673e+04 -9.99815e+04 1010012 0 9.3225e-01
+6.17107e+04 -9.99815e+04 1010013 0 8.9953e-01
+6.28541e+04 -9.99815e+04 1010014 0 8.6642e-01
+6.39974e+04 -9.99815e+04 1010015 0 8.3298e-01
+6.51408e+04 -9.99815e+04 1010016 0 7.9925e-01
+6.62842e+04 -9.99815e+04 1010017 0 7.6528e-01
+6.74276e+04 -9.99815e+04 1010018 0 7.3111e-01
+6.85710e+04 -9.99815e+04 1010019 0 6.9678e-01
+6.97144e+04 -9.99815e+04 1010020 0 6.6231e-01
+7.08578e+04 -9.99815e+04 1010021 0 6.2774e-01
+7.20012e+04 -9.99815e+04 1010022 0 5.9308e-01
+7.31446e+04 -9.99815e+04 1010023 0 5.5836e-01
+7.42880e+04 -9.99815e+04 1010024 0 5.2359e-01
+7.54314e+04 -9.99815e+04 1010025 0 4.8879e-01
+7.65748e+04 -9.99815e+04 1010026 0 4.5395e-01
+7.77182e+04 -9.99815e+04 1010027 0 4.1911e-01
+7.88616e+04 -9.99815e+04 1010028 0 3.8425e-01
+8.00050e+04 -9.99815e+04 1010029 0 3.4938e-01
+8.11484e+04 -9.99815e+04 1010030 0 3.1450e-01
+8.22918e+04 -9.99815e+04 1010031 0 2.7961e-01
+8.34352e+04 -9.99815e+04 1010032 0 2.4473e-01
+8.45786e+04 -9.99815e+04 1010033 0 2.0984e-01
+8.57220e+04 -9.99815e+04 1010034 0 1.7495e-01
+8.68654e+04 -9.99815e+04 1010035 0 1.4008e-01
+8.80088e+04 -9.99815e+04 1010036 0 1.0528e-01
+8.91522e+04 -9.99815e+04 1010037 0 7.0644e-02
+9.02957e+04 -9.99815e+04 1010038 0 3.6734e-02
+5.20799e+04 -5.06177e+04 3010002 1 7.7980e-02
+5.31462e+04 -5.07630e+04 3010003 1 7.8477e-02
+5.10116e+04 -5.04661e+04 3010001 1 7.7793e-02
+4.75938e+04 -9.87534e+04 1010041 0 1.1203e+00
+4.87675e+04 -9.87544e+04 1010042 0 1.1025e+00
+4.99429e+04 -9.87554e+04 1010043 0 1.0826e+00
+5.11199e+04 -9.87562e+04 1010044 0 1.0611e+00
+5.22983e+04 -9.87570e+04 1010045 0 1.0381e+00
+5.34779e+04 -9.87576e+04 1010046 0 1.0137e+00
+5.46587e+04 -9.87582e+04 1010047 0 9.8775e-01
+5.58405e+04 -9.87587e+04 1010048 0 9.6124e-01
+5.70231e+04 -9.87590e+04 1010049 0 9.3338e-01
+5.82066e+04 -9.87594e+04 1010050 0 9.0513e-01
+5.93908e+04 -9.87596e+04 1010051 0 8.7574e-01
+6.05755e+04 -9.87598e+04 1010052 0 8.4585e-01
+6.17607e+04 -9.87599e+04 1010053 0 8.1560e-01
+6.29464e+04 -9.87600e+04 1010054 0 7.8471e-01
+6.41325e+04 -9.87601e+04 1010055 0 7.5350e-01
+6.53188e+04 -9.87601e+04 1010056 0 7.2201e-01
+6.65054e+04 -9.87600e+04 1010057 0 6.9008e-01
+6.76923e+04 -9.87600e+04 1010058 0 6.5817e-01
+6.88792e+04 -9.87599e+04 1010059 0 6.2591e-01
+7.00664e+04 -9.87598e+04 1010060 0 5.9335e-01
+7.12536e+04 -9.87597e+04 1010061 0 5.6091e-01
+7.24408e+04 -9.87596e+04 1010062 0 5.2823e-01
+7.36282e+04 -9.87594e+04 1010063 0 4.9553e-01
+7.48155e+04 -9.87593e+04 1010064 0 4.6296e-01
+7.60029e+04 -9.87592e+04 1010065 0 4.3011e-01
+7.71903e+04 -9.87591e+04 1010066 0 3.9742e-01
+7.83777e+04 -9.87589e+04 1010067 0 3.6476e-01
+7.95651e+04 -9.87588e+04 1010068 0 3.3214e-01
+8.07525e+04 -9.87587e+04 1010069 0 2.9948e-01
+8.19400e+04 -9.87586e+04 1010070 0 2.6699e-01
+8.31274e+04 -9.87585e+04 1010071 0 2.3453e-01
+8.43148e+04 -9.87585e+04 1010072 0 2.0229e-01
+8.55023e+04 -9.87584e+04 1010073 0 1.7025e-01
+8.66897e+04 -9.87584e+04 1010074 0 1.3865e-01
+8.78772e+04 -9.87583e+04 1010075 0 1.0787e-01
+8.90647e+04 -9.87583e+04 1010076 0 7.8791e-02
+9.02523e+04 -9.87583e+04 1010077 0 5.4176e-02
+5.73971e+04 -5.12810e+04 3010007 1 8.2203e-02
+4.76626e+04 -5.12787e+04 11679 1 7.6934e-02
+4.75184e+04 -5.25846e+04 11638 1 7.3499e-02
+4.73894e+04 -9.75555e+04 1010081 0 1.0532e+00
+4.85930e+04 -9.75593e+04 1010082 0 1.0361e+00
+4.97999e+04 -9.75628e+04 1010083 0 1.0163e+00
+5.10095e+04 -9.75659e+04 1010084 0 9.9531e-01
+5.22217e+04 -9.75686e+04 1010085 0 9.7281e-01
+5.34363e+04 -9.75709e+04 1010086 0 9.4936e-01
+5.46528e+04 -9.75730e+04 1010087 0 9.2414e-01
+5.58712e+04 -9.75748e+04 1010088 0 8.9816e-01
+5.70912e+04 -9.75763e+04 1010089 0 8.7149e-01
+5.83125e+04 -9.75776e+04 1010090 0 8.4380e-01
+5.95351e+04 -9.75786e+04 1010091 0 8.1559e-01
+6.07587e+04 -9.75794e+04 1010092 0 7.8653e-01
+6.19831e+04 -9.75801e+04 1010093 0 7.5746e-01
+6.32083e+04 -9.75806e+04 1010094 0 7.2768e-01
+6.44342e+04 -9.75809e+04 1010095 0 6.9725e-01
+6.56605e+04 -9.75811e+04 1010096 0 6.6696e-01
+6.68872e+04 -9.75812e+04 1010097 0 6.3614e-01
+6.81143e+04 -9.75813e+04 1010098 0 6.0551e-01
+6.93416e+04 -9.75812e+04 1010099 0 5.7445e-01
+7.05690e+04 -9.75811e+04 1010100 0 5.4331e-01
+7.17966e+04 -9.75809e+04 1010101 0 5.1213e-01
+7.30243e+04 -9.75807e+04 1010102 0 4.8093e-01
+7.42520e+04 -9.75805e+04 1010103 0 4.4973e-01
+7.54797e+04 -9.75802e+04 1010104 0 4.1832e-01
+7.67075e+04 -9.75800e+04 1010105 0 3.8718e-01
+7.79352e+04 -9.75797e+04 1010106 0 3.5610e-01
+7.91629e+04 -9.75795e+04 1010107 0 3.2493e-01
+8.03906e+04 -9.75793e+04 1010108 0 2.9406e-01
+8.16184e+04 -9.75791e+04 1010109 0 2.6322e-01
+8.28461e+04 -9.75789e+04 1010110 0 2.3265e-01
+8.40738e+04 -9.75788e+04 1010111 0 2.0255e-01
+8.53015e+04 -9.75787e+04 1010112 0 1.7292e-01
+8.65292e+04 -9.75786e+04 1010113 0 1.4421e-01
+8.77570e+04 -9.75786e+04 1010114 0 1.1710e-01
+8.89848e+04 -9.75785e+04 1010115 0 9.2959e-02
+9.02126e+04 -9.75785e+04 1010116 0 7.4775e-02
+5.84574e+04 -5.13951e+04 3010008 1 8.3495e-02
+6.37538e+04 -5.18803e+04 3010013 1 8.8819e-02
+5.52740e+04 -5.10344e+04 3010005 1 8.0093e-02
+4.73583e+04 -5.38900e+04 11597 1 7.0407e-02
+4.73778e+04 -9.63863e+04 1010121 0 9.4729e-01
+4.86105e+04 -9.63941e+04 1010122 0 9.2985e-01
+4.98475e+04 -9.64011e+04 1010123 0 9.1036e-01
+5.10884e+04 -9.64073e+04 1010124 0 8.9031e-01
+5.23327e+04 -9.64128e+04 1010125 0 8.6843e-01
+5.35802e+04 -9.64176e+04 1010126 0 8.4572e-01
+5.48304e+04 -9.64218e+04 1010127 0 8.2183e-01
+5.60831e+04 -9.64254e+04 1010128 0 7.9732e-01
+5.73378e+04 -9.64285e+04 1010129 0 7.7225e-01
+5.85944e+04 -9.64311e+04 1010130 0 7.4667e-01
+5.98526e+04 -9.64332e+04 1010131 0 7.2024e-01
+6.11120e+04 -9.64349e+04 1010132 0 6.9346e-01
+6.23726e+04 -9.64363e+04 1010133 0 6.6675e-01
+6.36342e+04 -9.64373e+04 1010134 0 6.3940e-01
+6.48964e+04 -9.64380e+04 1010135 0 6.1149e-01
+6.61593e+04 -9.64385e+04 1010136 0 5.8379e-01
+6.74226e+04 -9.64388e+04 1010137 0 5.5597e-01
+6.86863e+04 -9.64389e+04 1010138 0 5.2777e-01
+6.99502e+04 -9.64389e+04 1010139 0 4.9984e-01
+7.12143e+04 -9.64387e+04 1010140 0 4.7188e-01
+7.24786e+04 -9.64385e+04 1010141 0 4.4366e-01
+7.37429e+04 -9.64382e+04 1010142 0 4.1551e-01
+7.50071e+04 -9.64378e+04 1010143 0 3.8768e-01
+7.62714e+04 -9.64374e+04 1010144 0 3.5975e-01
+7.75357e+04 -9.64371e+04 1010145 0 3.3199e-01
+7.87999e+04 -9.64367e+04 1010146 0 3.0463e-01
+8.00640e+04 -9.64363e+04 1010147 0 2.7738e-01
+8.13281e+04 -9.64360e+04 1010148 0 2.5051e-01
+8.25922e+04 -9.64358e+04 1010149 0 2.2415e-01
+8.38563e+04 -9.64356e+04 1010150 0 1.9850e-01
+8.51204e+04 -9.64354e+04 1010151 0 1.7389e-01
+8.63845e+04 -9.64353e+04 1010152 0 1.5073e-01
+8.76486e+04 -9.64353e+04 1010153 0 1.2986e-01
+8.89127e+04 -9.64352e+04 1010154 0 1.1260e-01
+9.01769e+04 -9.64352e+04 1010155 0 1.0085e-01
+6.48130e+04 -5.19614e+04 3010014 1 8.9470e-02
+5.63360e+04 -5.11608e+04 3010006 1 8.1122e-02
+5.22021e+04 -4.92970e+04 3010041 1 7.9987e-02
+4.75565e+04 -9.52444e+04 1010161 0 8.3090e-01
+4.88169e+04 -9.52569e+04 1010162 0 8.1368e-01
+5.00825e+04 -9.52681e+04 1010163 0 7.9553e-01
+5.13527e+04 -9.52781e+04 1010164 0 7.7655e-01
+5.26271e+04 -9.52868e+04 1010165 0 7.5639e-01
+5.39052e+04 -9.52944e+04 1010166 0 7.3515e-01
+5.51866e+04 -9.53010e+04 1010167 0 7.1378e-01
+5.64708e+04 -9.53067e+04 1010168 0 6.9145e-01
+5.77574e+04 -9.53115e+04 1010169 0 6.6868e-01
+5.90462e+04 -9.53155e+04 1010170 0 6.4554e-01
+6.03367e+04 -9.53187e+04 1010171 0 6.2169e-01
+6.16287e+04 -9.53214e+04 1010172 0 5.9797e-01
+6.29220e+04 -9.53234e+04 1010173 0 5.7406e-01
+6.42162e+04 -9.53250e+04 1010174 0 5.4963e-01
+6.55113e+04 -9.53261e+04 1010175 0 5.2544e-01
+6.68069e+04 -9.53268e+04 1010176 0 5.0084e-01
+6.81031e+04 -9.53272e+04 1010177 0 4.7623e-01
+6.93995e+04 -9.53273e+04 1010178 0 4.5192e-01
+7.06962e+04 -9.53273e+04 1010179 0 4.2736e-01
+7.19930e+04 -9.53270e+04 1010180 0 4.0291e-01
+7.32898e+04 -9.53266e+04 1010181 0 3.7860e-01
+7.45867e+04 -9.53262e+04 1010182 0 3.5468e-01
+7.58835e+04 -9.53257e+04 1010183 0 3.3075e-01
+7.71803e+04 -9.53251e+04 1010184 0 3.0710e-01
+7.84770e+04 -9.53246e+04 1010185 0 2.8382e-01
+7.97736e+04 -9.53241e+04 1010186 0 2.6098e-01
+8.10701e+04 -9.53236e+04 1010187 0 2.3882e-01
+8.23665e+04 -9.53233e+04 1010188 0 2.1728e-01
+8.36629e+04 -9.53230e+04 1010189 0 1.9672e-01
+8.49593e+04 -9.53228e+04 1010190 0 1.7747e-01
+8.62557e+04 -9.53226e+04 1010191 0 1.5998e-01
+8.75522e+04 -9.53225e+04 1010192 0 1.4492e-01
+8.88486e+04 -9.53225e+04 1010193 0 1.3312e-01
+9.01451e+04 -9.53225e+04 1010194 0 1.2552e-01
+5.95172e+04 -5.15034e+04 3010009 1 8.4713e-02
+4.87365e+04 -5.14535e+04 11680 1 7.5716e-02
+4.85901e+04 -5.27630e+04 11639 1 7.2893e-02
+5.85810e+04 -5.00606e+04 3010047 1 8.3723e-02
+5.64604e+04 -4.98298e+04 3010045 1 8.1903e-02
+5.53983e+04 -4.97056e+04 3010044 1 8.1135e-02
+5.43347e+04 -4.95755e+04 3010043 1 8.0564e-02
+5.32694e+04 -4.94393e+04 3010042 1 8.0141e-02
+5.11325e+04 -4.91486e+04 3010040 1 8.0204e-02
+4.71816e+04 -5.51946e+04 11556 1 6.7813e-02
+5.00603e+04 -4.89941e+04 3010039 1 8.0903e-02
+4.89851e+04 -4.88335e+04 2010081 1 8.2153e-02
+4.79215e+04 -9.41291e+04 1010201 0 7.1285e-01
+4.92079e+04 -9.41465e+04 1010202 0 6.9695e-01
+5.05000e+04 -9.41621e+04 1010203 0 6.8037e-01
+5.17974e+04 -9.41758e+04 1010204 0 6.6273e-01
+5.30993e+04 -9.41878e+04 1010205 0 6.4497e-01
+5.44053e+04 -9.41983e+04 1010206 0 6.2586e-01
+5.57149e+04 -9.42072e+04 1010207 0 6.0676e-01
+5.70275e+04 -9.42149e+04 1010208 0 5.8731e-01
+5.83427e+04 -9.42213e+04 1010209 0 5.6718e-01
+5.96602e+04 -9.42265e+04 1010210 0 5.4723e-01
+6.09795e+04 -9.42308e+04 1010211 0 5.2671e-01
+6.23004e+04 -9.42342e+04 1010212 0 5.0641e-01
+6.36226e+04 -9.42368e+04 1010213 0 4.8565e-01
+6.49457e+04 -9.42388e+04 1010214 0 4.6516e-01
+6.62696e+04 -9.42401e+04 1010215 0 4.4435e-01
+6.75940e+04 -9.42409e+04 1010216 0 4.2360e-01
+6.89188e+04 -9.42413e+04 1010217 0 4.0294e-01
+7.02440e+04 -9.42414e+04 1010218 0 3.8264e-01
+7.15693e+04 -9.42412e+04 1010219 0 3.6224e-01
+7.28946e+04 -9.42407e+04 1010220 0 3.4204e-01
+7.42199e+04 -9.42402e+04 1010221 0 3.2211e-01
+7.55451e+04 -9.42395e+04 1010222 0 3.0251e-01
+7.68703e+04 -9.42388e+04 1010223 0 2.8330e-01
+7.81953e+04 -9.42381e+04 1010224 0 2.6456e-01
+7.95202e+04 -9.42374e+04 1010225 0 2.4650e-01
+8.08450e+04 -9.42368e+04 1010226 0 2.2903e-01
+8.21697e+04 -9.42362e+04 1010227 0 2.1244e-01
+8.34943e+04 -9.42358e+04 1010228 0 1.9695e-01
+8.48189e+04 -9.42356e+04 1010229 0 1.8281e-01
+8.61435e+04 -9.42354e+04 1010230 0 1.7037e-01
+8.74681e+04 -9.42353e+04 1010231 0 1.6001e-01
+8.87927e+04 -9.42352e+04 1010232 0 1.5218e-01
+9.01174e+04 -9.42352e+04 1010233 0 1.4729e-01
+6.58725e+04 -5.20375e+04 3010015 1 8.9927e-02
+6.05766e+04 -5.16059e+04 3010010 1 8.5811e-02
+6.17559e+04 -5.03646e+04 3010050 1 8.6729e-02
+6.06982e+04 -5.02687e+04 3010049 1 8.5826e-02
+5.96400e+04 -5.01675e+04 3010048 1 8.4809e-02
+5.75212e+04 -4.99481e+04 3010046 1 8.2723e-02
+4.71642e+04 -9.30142e+04 1010240 0 6.1060e-01
+4.84675e+04 -9.30391e+04 1010241 0 5.9726e-01
+4.97777e+04 -9.30612e+04 1010242 0 5.8295e-01
+5.10940e+04 -9.30809e+04 1010243 0 5.6817e-01
+5.24157e+04 -9.30981e+04 1010244 0 5.5297e-01
+5.37423e+04 -9.31131e+04 1010245 0 5.3744e-01
+5.50730e+04 -9.31260e+04 1010246 0 5.2126e-01
+5.64074e+04 -9.31370e+04 1010247 0 5.0524e-01
+5.77450e+04 -9.31463e+04 1010248 0 4.8862e-01
+5.90852e+04 -9.31540e+04 1010249 0 4.7224e-01
+6.04276e+04 -9.31602e+04 1010250 0 4.5537e-01
+6.17718e+04 -9.31653e+04 1010251 0 4.3846e-01
+6.31176e+04 -9.31692e+04 1010252 0 4.2191e-01
+6.44645e+04 -9.31721e+04 1010253 0 4.0504e-01
+6.58124e+04 -9.31742e+04 1010254 0 3.8823e-01
+6.71609e+04 -9.31755e+04 1010255 0 3.7152e-01
+6.85099e+04 -9.31763e+04 1010256 0 3.5495e-01
+6.98592e+04 -9.31765e+04 1010257 0 3.3884e-01
+7.12087e+04 -9.31764e+04 1010258 0 3.2271e-01
+7.25583e+04 -9.31759e+04 1010259 0 3.0686e-01
+7.39078e+04 -9.31752e+04 1010260 0 2.9134e-01
+7.52573e+04 -9.31744e+04 1010261 0 2.7620e-01
+7.66066e+04 -9.31735e+04 1010262 0 2.6153e-01
+7.79557e+04 -9.31726e+04 1010263 0 2.4741e-01
+7.93047e+04 -9.31717e+04 1010264 0 2.3393e-01
+8.06536e+04 -9.31709e+04 1010265 0 2.2119e-01
+8.20023e+04 -9.31702e+04 1010266 0 2.0932e-01
+8.33509e+04 -9.31696e+04 1010267 0 1.9846e-01
+8.46995e+04 -9.31693e+04 1010268 0 1.8880e-01
+8.60480e+04 -9.31690e+04 1010269 0 1.8052e-01
+8.73965e+04 -9.31689e+04 1010270 0 1.7380e-01
+8.87451e+04 -9.31689e+04 1010271 0 1.6884e-01
+9.00938e+04 -9.31689e+04 1010272 0 1.6580e-01
+6.16357e+04 -5.17028e+04 3010011 1 8.6963e-02
+6.49273e+04 -5.06210e+04 3010053 1 8.9110e-02
+6.38703e+04 -5.05406e+04 3010052 1 8.8420e-02
+6.28132e+04 -5.04551e+04 3010051 1 8.7607e-02
+4.78637e+04 -9.19430e+04 1010280 0 4.9755e-01
+4.91880e+04 -9.19726e+04 1010281 0 4.8596e-01
+5.05193e+04 -9.19989e+04 1010282 0 4.7414e-01
+5.18568e+04 -9.20219e+04 1010283 0 4.6166e-01
+5.31998e+04 -9.20420e+04 1010284 0 4.4939e-01
+5.45475e+04 -9.20594e+04 1010285 0 4.3656e-01
+5.58995e+04 -9.20742e+04 1010286 0 4.2400e-01
+5.72551e+04 -9.20867e+04 1010287 0 4.1104e-01
+5.86137e+04 -9.20971e+04 1010288 0 3.9807e-01
+5.99749e+04 -9.21057e+04 1010289 0 3.8542e-01
+6.13382e+04 -9.21125e+04 1010290 0 3.7245e-01
+6.27032e+04 -9.21179e+04 1010291 0 3.5953e-01
+6.40696e+04 -9.21220e+04 1010292 0 3.4673e-01
+6.54370e+04 -9.21249e+04 1010293 0 3.3411e-01
+6.68053e+04 -9.21269e+04 1010294 0 3.2165e-01
+6.81741e+04 -9.21281e+04 1010295 0 3.0938e-01
+6.95433e+04 -9.21285e+04 1010296 0 2.9754e-01
+7.09126e+04 -9.21285e+04 1010297 0 2.8577e-01
+7.22820e+04 -9.21280e+04 1010298 0 2.7435e-01
+7.36515e+04 -9.21272e+04 1010299 0 2.6329e-01
+7.50208e+04 -9.21262e+04 1010300 0 2.5263e-01
+7.63900e+04 -9.21251e+04 1010301 0 2.4241e-01
+7.77589e+04 -9.21240e+04 1010302 0 2.3272e-01
+7.91277e+04 -9.21228e+04 1010303 0 2.2365e-01
+8.04963e+04 -9.21218e+04 1010304 0 2.1522e-01
+8.18648e+04 -9.21209e+04 1010305 0 2.0751e-01
+8.32331e+04 -9.21202e+04 1010306 0 2.0059e-01
+8.46013e+04 -9.21197e+04 1010307 0 1.9457e-01
+8.59695e+04 -9.21195e+04 1010308 0 1.8953e-01
+8.73377e+04 -9.21194e+04 1010309 0 1.8552e-01
+8.87060e+04 -9.21194e+04 1010310 0 1.8262e-01
+9.00744e+04 -9.21194e+04 1010311 0 1.8086e-01
+6.26948e+04 -5.17942e+04 3010012 1 8.7994e-02
+6.80983e+04 -5.08343e+04 3010056 1 9.0135e-02
+6.70412e+04 -5.07677e+04 3010055 1 8.9973e-02
+6.59842e+04 -5.06967e+04 3010054 1 8.9617e-02
+5.97508e+04 -4.88291e+04 3010087 1 8.5238e-02
+4.73979e+04 -9.08565e+04 1010319 0 3.9963e-01
+4.87326e+04 -9.08941e+04 1010320 0 3.9095e-01
+5.00749e+04 -9.09274e+04 1010321 0 3.8176e-01
+5.14242e+04 -9.09567e+04 1010322 0 3.7292e-01
+5.27795e+04 -9.09823e+04 1010323 0 3.6377e-01
+5.41401e+04 -9.10044e+04 1010324 0 3.5498e-01
+5.55054e+04 -9.10233e+04 1010325 0 3.4582e-01
+5.68747e+04 -9.10393e+04 1010326 0 3.3669e-01
+5.82474e+04 -9.10527e+04 1010327 0 3.2762e-01
+5.96229e+04 -9.10636e+04 1010328 0 3.1872e-01
+6.10009e+04 -9.10725e+04 1010329 0 3.1020e-01
+6.23807e+04 -9.10795e+04 1010330 0 3.0149e-01
+6.37622e+04 -9.10848e+04 1010331 0 2.9291e-01
+6.51448e+04 -9.10887e+04 1010332 0 2.8449e-01
+6.65283e+04 -9.10913e+04 1010333 0 2.7634e-01
+6.79125e+04 -9.10929e+04 1010334 0 2.6840e-01
+6.92970e+04 -9.10937e+04 1010335 0 2.6069e-01
+7.06819e+04 -9.10937e+04 1010336 0 2.5323e-01
+7.20668e+04 -9.10932e+04 1010337 0 2.4607e-01
+7.34517e+04 -9.10923e+04 1010338 0 2.3927e-01
+7.48365e+04 -9.10912e+04 1010339 0 2.3289e-01
+7.62211e+04 -9.10898e+04 1010340 0 2.2676e-01
+7.76056e+04 -9.10885e+04 1010341 0 2.2101e-01
+7.89898e+04 -9.10871e+04 1010342 0 2.1572e-01
+8.03738e+04 -9.10858e+04 1010343 0 2.1091e-01
+8.17576e+04 -9.10847e+04 1010344 0 2.0658e-01
+8.31412e+04 -9.10839e+04 1010345 0 2.0277e-01
+8.45247e+04 -9.10833e+04 1010346 0 1.9949e-01
+8.59082e+04 -9.10830e+04 1010347 0 1.9684e-01
+8.72917e+04 -9.10829e+04 1010348 0 1.9479e-01
+8.86754e+04 -9.10830e+04 1010349 0 1.9333e-01
+9.00592e+04 -9.10831e+04 1010350 0 1.9248e-01
+6.69322e+04 -5.21088e+04 3010016 1 9.0190e-02
+7.23294e+04 -5.10589e+04 3010060 1 8.9061e-02
+7.12711e+04 -5.10086e+04 3010059 1 8.9589e-02
+7.02132e+04 -5.09546e+04 3010058 1 8.9947e-02
+6.91556e+04 -5.08965e+04 3010057 1 9.0130e-02
+6.39761e+04 -4.91973e+04 3010091 1 8.8462e-02
+6.29207e+04 -4.91128e+04 3010090 1 8.7760e-02
+6.18648e+04 -4.90234e+04 3010089 1 8.7005e-02
+6.08082e+04 -4.89288e+04 3010088 1 8.6144e-02
+4.70712e+04 -8.97781e+04 1010358 0 3.0576e-01
+4.84126e+04 -8.98238e+04 1010359 0 3.0051e-01
+4.97622e+04 -8.98644e+04 1010360 0 2.9499e-01
+5.11192e+04 -8.99002e+04 1010361 0 2.8993e-01
+5.24828e+04 -8.99314e+04 1010362 0 2.8462e-01
+5.38521e+04 -8.99583e+04 1010363 0 2.7949e-01
+5.52264e+04 -8.99815e+04 1010364 0 2.7479e-01
+5.66051e+04 -9.00010e+04 1010365 0 2.6989e-01
+5.79875e+04 -9.00174e+04 1010366 0 2.6563e-01
+5.93730e+04 -9.00309e+04 1010367 0 2.6138e-01
+6.07611e+04 -9.00418e+04 1010368 0 2.5714e-01
+6.21514e+04 -9.00505e+04 1010369 0 2.5286e-01
+6.35434e+04 -9.00571e+04 1010370 0 2.4863e-01
+6.49367e+04 -9.00619e+04 1010371 0 2.4456e-01
+6.63310e+04 -9.00653e+04 1010372 0 2.4044e-01
+6.77260e+04 -9.00674e+04 1010373 0 2.3651e-01
+6.91215e+04 -9.00684e+04 1010374 0 2.3265e-01
+7.05173e+04 -9.00686e+04 1010375 0 2.2893e-01
+7.19132e+04 -9.00681e+04 1010376 0 2.2536e-01
+7.33091e+04 -9.00671e+04 1010377 0 2.2200e-01
+7.47049e+04 -9.00658e+04 1010378 0 2.1887e-01
+7.61006e+04 -9.00642e+04 1010379 0 2.1590e-01
+7.74961e+04 -9.00626e+04 1010380 0 2.1313e-01
+7.88913e+04 -9.00610e+04 1010381 0 2.1059e-01
+8.02863e+04 -9.00595e+04 1010382 0 2.0836e-01
+8.16810e+04 -9.00581e+04 1010383 0 2.0636e-01
+8.30756e+04 -9.00571e+04 1010384 0 2.0461e-01
+8.44700e+04 -9.00563e+04 1010385 0 2.0312e-01
+8.58644e+04 -9.00560e+04 1010386 0 2.0198e-01
+8.72588e+04 -9.00560e+04 1010387 0 2.0118e-01
+8.86535e+04 -9.00562e+04 1010388 0 2.0066e-01
+9.00483e+04 -9.00564e+04 1010389 0 2.0038e-01
+6.79924e+04 -5.21756e+04 3010017 1 9.0244e-02
+7.55065e+04 -5.11880e+04 3010063 1 8.6626e-02
+7.33880e+04 -5.11054e+04 3010061 1 8.8384e-02
+6.81949e+04 -4.94885e+04 3010095 1 9.0364e-02
+6.60859e+04 -4.93519e+04 3010093 1 8.9695e-02
+6.50311e+04 -4.92769e+04 3010092 1 8.9136e-02
+4.68843e+04 -8.87069e+04 1010397 0 2.2272e-01
+4.82288e+04 -8.87606e+04 1010398 0 2.2223e-01
+4.95820e+04 -8.88084e+04 1010399 0 2.2302e-01
+5.09430e+04 -8.88504e+04 1010400 0 2.2359e-01
+5.23110e+04 -8.88871e+04 1010401 0 2.2395e-01
+5.36851e+04 -8.89189e+04 1010402 0 2.2399e-01
+5.50645e+04 -8.89462e+04 1010403 0 2.2381e-01
+5.64484e+04 -8.89693e+04 1010404 0 2.2356e-01
+5.78363e+04 -8.89886e+04 1010405 0 2.2308e-01
+5.92275e+04 -8.90046e+04 1010406 0 2.2257e-01
+6.06214e+04 -8.90176e+04 1010407 0 2.2182e-01
+6.20176e+04 -8.90279e+04 1010408 0 2.2100e-01
+6.34156e+04 -8.90358e+04 1010409 0 2.2007e-01
+6.48151e+04 -8.90416e+04 1010410 0 2.1906e-01
+6.62156e+04 -8.90456e+04 1010411 0 2.1793e-01
+6.76169e+04 -8.90482e+04 1010412 0 2.1684e-01
+6.90187e+04 -8.90495e+04 1010413 0 2.1570e-01
+7.04209e+04 -8.90498e+04 1010414 0 2.1454e-01
+7.18232e+04 -8.90493e+04 1010415 0 2.1336e-01
+7.32255e+04 -8.90482e+04 1010416 0 2.1221e-01
+7.46278e+04 -8.90468e+04 1010417 0 2.1114e-01
+7.60299e+04 -8.90450e+04 1010418 0 2.1007e-01
+7.74319e+04 -8.90431e+04 1010419 0 2.0903e-01
+7.88335e+04 -8.90412e+04 1010420 0 2.0805e-01
+8.02349e+04 -8.90395e+04 1010421 0 2.0720e-01
+8.16361e+04 -8.90379e+04 1010422 0 2.0643e-01
+8.30371e+04 -8.90367e+04 1010423 0 2.0573e-01
+8.44379e+04 -8.90358e+04 1010424 0 2.0513e-01
+8.58386e+04 -8.90354e+04 1010425 0 2.0473e-01
+8.72394e+04 -8.90355e+04 1010426 0 2.0456e-01
+8.86404e+04 -8.90359e+04 1010427 0 2.0454e-01
+9.00418e+04 -8.90362e+04 1010428 0 2.0460e-01
+7.86872e+04 -5.12879e+04 3010066 1 8.3375e-02
+7.76266e+04 -5.12576e+04 3010065 1 8.4539e-02
+7.65663e+04 -5.12244e+04 3010064 1 8.5624e-02
+7.44470e+04 -5.11484e+04 3010062 1 8.7557e-02
+4.69873e+04 -5.64980e+04 11515 1 6.5930e-02
+4.81827e+04 -8.77032e+04 1010437 0 1.7655e-01
+4.95361e+04 -8.77576e+04 1010438 0 1.8150e-01
+5.08976e+04 -8.78056e+04 1010439 0 1.8586e-01
+5.22662e+04 -8.78475e+04 1010440 0 1.8976e-01
+5.36409e+04 -8.78837e+04 1010441 0 1.9314e-01
+5.50211e+04 -8.79148e+04 1010442 0 1.9618e-01
+5.64060e+04 -8.79412e+04 1010443 0 1.9875e-01
+5.77949e+04 -8.79633e+04 1010444 0 2.0102e-01
+5.91872e+04 -8.79816e+04 1010445 0 2.0286e-01
+6.05824e+04 -8.79965e+04 1010446 0 2.0437e-01
+6.19799e+04 -8.80083e+04 1010447 0 2.0568e-01
+6.33794e+04 -8.80174e+04 1010448 0 2.0666e-01
+6.47804e+04 -8.80241e+04 1010449 0 2.0737e-01
+6.61825e+04 -8.80288e+04 1010450 0 2.0780e-01
+6.75855e+04 -8.80318e+04 1010451 0 2.0813e-01
+6.89890e+04 -8.80334e+04 1010452 0 2.0830e-01
+7.03929e+04 -8.80338e+04 1010453 0 2.0832e-01
+7.17970e+04 -8.80334e+04 1010454 0 2.0819e-01
+7.32012e+04 -8.80322e+04 1010455 0 2.0797e-01
+7.46053e+04 -8.80306e+04 1010456 0 2.0777e-01
+7.60093e+04 -8.80287e+04 1010457 0 2.0749e-01
+7.74132e+04 -8.80265e+04 1010458 0 2.0714e-01
+7.88167e+04 -8.80244e+04 1010459 0 2.0675e-01
+8.02200e+04 -8.80224e+04 1010460 0 2.0645e-01
+8.16231e+04 -8.80207e+04 1010461 0 2.0615e-01
+8.30260e+04 -8.80192e+04 1010462 0 2.0585e-01
+8.44286e+04 -8.80181e+04 1010463 0 2.0554e-01
+8.58311e+04 -8.80177e+04 1010464 0 2.0535e-01
+8.72336e+04 -8.80179e+04 1010465 0 2.0544e-01
+8.86364e+04 -8.80185e+04 1010466 0 2.0572e-01
+9.00398e+04 -8.80191e+04 1010467 0 2.0600e-01
+7.97483e+04 -5.13153e+04 3010067 1 8.2126e-02
+7.55788e+04 -4.98416e+04 3010102 1 8.8111e-02
+7.34682e+04 -4.97589e+04 3010100 1 8.9434e-02
+7.24133e+04 -4.97123e+04 3010099 1 8.9905e-02
+7.13585e+04 -4.96622e+04 3010098 1 9.0246e-02
+7.03039e+04 -4.96083e+04 3010097 1 9.0437e-02
+6.92494e+04 -4.95504e+04 3010096 1 9.0476e-02
+6.71404e+04 -4.94224e+04 3010094 1 9.0101e-02
+4.69338e+04 -8.65821e+04 1010475 0 1.7289e-01
+4.82749e+04 -8.66501e+04 1010476 0 1.7970e-01
+4.96248e+04 -8.67105e+04 1010477 0 1.8599e-01
+5.09828e+04 -8.67637e+04 1010478 0 1.9150e-01
+5.23479e+04 -8.68101e+04 1010479 0 1.9613e-01
+5.37191e+04 -8.68502e+04 1010480 0 1.9993e-01
+5.50958e+04 -8.68847e+04 1010481 0 2.0331e-01
+5.64772e+04 -8.69139e+04 1010482 0 2.0607e-01
+5.78627e+04 -8.69385e+04 1010483 0 2.0832e-01
+5.92517e+04 -8.69589e+04 1010484 0 2.1006e-01
+6.06436e+04 -8.69754e+04 1010485 0 2.1135e-01
+6.20380e+04 -8.69886e+04 1010486 0 2.1235e-01
+6.34344e+04 -8.69988e+04 1010487 0 2.1300e-01
+6.48323e+04 -8.70063e+04 1010488 0 2.1321e-01
+6.62315e+04 -8.70115e+04 1010489 0 2.1304e-01
+6.76315e+04 -8.70149e+04 1010490 0 2.1289e-01
+6.90321e+04 -8.70167e+04 1010491 0 2.1249e-01
+7.04332e+04 -8.70173e+04 1010492 0 2.1195e-01
+7.18345e+04 -8.70168e+04 1010493 0 2.1124e-01
+7.32359e+04 -8.70156e+04 1010494 0 2.1047e-01
+7.46373e+04 -8.70139e+04 1010495 0 2.0972e-01
+7.60386e+04 -8.70117e+04 1010496 0 2.0890e-01
+7.74398e+04 -8.70094e+04 1010497 0 2.0804e-01
+7.88407e+04 -8.70071e+04 1010498 0 2.0714e-01
+8.02414e+04 -8.70049e+04 1010499 0 2.0642e-01
+8.16419e+04 -8.70029e+04 1010500 0 2.0571e-01
+8.30422e+04 -8.70012e+04 1010501 0 2.0506e-01
+8.44422e+04 -8.70000e+04 1010502 0 2.0442e-01
+8.58419e+04 -8.69993e+04 1010503 0 2.0379e-01
+8.72415e+04 -8.69996e+04 1010504 0 2.0362e-01
+8.86415e+04 -8.70007e+04 1010505 0 2.0398e-01
+9.00423e+04 -8.70017e+04 1010506 0 2.0430e-01
+8.39958e+04 -5.13983e+04 3010071 1 7.6780e-02
+8.18714e+04 -5.13619e+04 3010069 1 7.9472e-02
+7.45234e+04 -4.98019e+04 3010101 1 8.8828e-02
+4.71707e+04 -8.55263e+04 1010514 0 2.2613e-01
+4.85046e+04 -8.55998e+04 1010515 0 2.3091e-01
+4.98473e+04 -8.56650e+04 1010516 0 2.3490e-01
+5.11978e+04 -8.57225e+04 1010517 0 2.3775e-01
+5.25552e+04 -8.57725e+04 1010518 0 2.4031e-01
+5.39189e+04 -8.58159e+04 1010519 0 2.4187e-01
+5.52878e+04 -8.58531e+04 1010520 0 2.4283e-01
+5.66615e+04 -8.58847e+04 1010521 0 2.4327e-01
+5.80392e+04 -8.59113e+04 1010522 0 2.4310e-01
+5.94204e+04 -8.59333e+04 1010523 0 2.4237e-01
+6.08046e+04 -8.59513e+04 1010524 0 2.4133e-01
+6.21913e+04 -8.59656e+04 1010525 0 2.3961e-01
+6.35800e+04 -8.59766e+04 1010526 0 2.3793e-01
+6.49703e+04 -8.59847e+04 1010527 0 2.3584e-01
+6.63619e+04 -8.59904e+04 1010528 0 2.3345e-01
+6.77543e+04 -8.59941e+04 1010529 0 2.3092e-01
+6.91475e+04 -8.59961e+04 1010530 0 2.2830e-01
+7.05412e+04 -8.59967e+04 1010531 0 2.2546e-01
+7.19351e+04 -8.59963e+04 1010532 0 2.2261e-01
+7.33292e+04 -8.59951e+04 1010533 0 2.1986e-01
+7.47234e+04 -8.59932e+04 1010534 0 2.1721e-01
+7.61175e+04 -8.59909e+04 1010535 0 2.1452e-01
+7.75115e+04 -8.59884e+04 1010536 0 2.1191e-01
+7.89053e+04 -8.59859e+04 1010537 0 2.0944e-01
+8.02988e+04 -8.59835e+04 1010538 0 2.0727e-01
+8.16922e+04 -8.59813e+04 1010539 0 2.0525e-01
+8.30854e+04 -8.59794e+04 1010540 0 2.0335e-01
+8.44784e+04 -8.59781e+04 1010541 0 2.0182e-01
+8.58710e+04 -8.59770e+04 1010542 0 2.0021e-01
+8.72632e+04 -8.59774e+04 1010543 0 1.9914e-01
+8.86560e+04 -8.59792e+04 1010544 0 1.9920e-01
+9.00496e+04 -8.59804e+04 1010545 0 1.9923e-01
+6.90530e+04 -5.22379e+04 3010018 1 9.0094e-02
+8.29335e+04 -5.13813e+04 3010070 1 7.8118e-02
+8.50585e+04 -5.14128e+04 3010072 1 7.5497e-02
+8.08097e+04 -5.13399e+04 3010068 1 8.0818e-02
+7.98032e+04 -4.99695e+04 3010106 1 8.4585e-02
+7.66345e+04 -4.98781e+04 3010103 1 8.7313e-02
+4.75474e+04 -8.44724e+04 1010553 0 3.0486e-01
+4.88703e+04 -8.45500e+04 1010554 0 3.0612e-01
+5.02016e+04 -8.46188e+04 1010555 0 3.0644e-01
+5.15405e+04 -8.46793e+04 1010556 0 3.0597e-01
+5.28861e+04 -8.47321e+04 1010557 0 3.0505e-01
+5.42377e+04 -8.47778e+04 1010558 0 3.0294e-01
+5.55945e+04 -8.48170e+04 1010559 0 3.0044e-01
+5.69558e+04 -8.48503e+04 1010560 0 2.9698e-01
+5.83212e+04 -8.48784e+04 1010561 0 2.9330e-01
+5.96901e+04 -8.49017e+04 1010562 0 2.8861e-01
+6.10619e+04 -8.49207e+04 1010563 0 2.8388e-01
+6.24362e+04 -8.49359e+04 1010564 0 2.7895e-01
+6.38126e+04 -8.49476e+04 1010565 0 2.7353e-01
+6.51907e+04 -8.49562e+04 1010566 0 2.6793e-01
+6.65700e+04 -8.49623e+04 1010567 0 2.6226e-01
+6.79504e+04 -8.49662e+04 1010568 0 2.5632e-01
+6.93315e+04 -8.49684e+04 1010569 0 2.5042e-01
+7.07132e+04 -8.49691e+04 1010570 0 2.4448e-01
+7.20953e+04 -8.49687e+04 1010571 0 2.3863e-01
+7.34776e+04 -8.49675e+04 1010572 0 2.3296e-01
+7.48601e+04 -8.49656e+04 1010573 0 2.2753e-01
+7.62426e+04 -8.49632e+04 1010574 0 2.2220e-01
+7.76251e+04 -8.49606e+04 1010575 0 2.1708e-01
+7.90074e+04 -8.49580e+04 1010576 0 2.1238e-01
+8.03896e+04 -8.49554e+04 1010577 0 2.0812e-01
+8.17717e+04 -8.49531e+04 1010578 0 2.0421e-01
+8.31536e+04 -8.49510e+04 1010579 0 2.0058e-01
+8.45353e+04 -8.49498e+04 1010580 0 1.9756e-01
+8.59169e+04 -8.49483e+04 1010581 0 1.9505e-01
+8.72982e+04 -8.49487e+04 1010582 0 1.9286e-01
+8.86796e+04 -8.49511e+04 1010583 0 1.9178e-01
+9.00614e+04 -8.49524e+04 1010584 0 1.9117e-01
+7.01140e+04 -5.22960e+04 3010019 1 8.9745e-02
+7.54276e+04 -5.25287e+04 3010024 1 8.5370e-02
+8.61213e+04 -5.14250e+04 3010073 1 7.4308e-02
+8.08599e+04 -4.99943e+04 3010107 1 8.3554e-02
+7.87467e+04 -4.99419e+04 3010105 1 8.5563e-02
+7.76905e+04 -4.99115e+04 3010104 1 8.6475e-02
+4.80529e+04 -8.34169e+04 1010592 0 3.8304e-01
+4.93601e+04 -8.34970e+04 1010593 0 3.7931e-01
+5.06752e+04 -8.35681e+04 1010594 0 3.7497e-01
+5.19975e+04 -8.36306e+04 1010595 0 3.6979e-01
+5.33262e+04 -8.36851e+04 1010596 0 3.6391e-01
+5.46608e+04 -8.37323e+04 1010597 0 3.5730e-01
+5.60004e+04 -8.37728e+04 1010598 0 3.4990e-01
+5.73445e+04 -8.38074e+04 1010599 0 3.4158e-01
+5.86926e+04 -8.38366e+04 1010600 0 3.3332e-01
+6.00442e+04 -8.38609e+04 1010601 1 3.2480e-01
+6.13988e+04 -8.38807e+04 1010602 1 3.1605e-01
+6.27559e+04 -8.38966e+04 1010603 1 3.0727e-01
+6.41152e+04 -8.39088e+04 1010604 1 2.9832e-01
+6.54763e+04 -8.39179e+04 1010605 1 2.8959e-01
+6.68390e+04 -8.39244e+04 1010606 1 2.8070e-01
+6.82030e+04 -8.39287e+04 1010607 1 2.7193e-01
+6.95679e+04 -8.39312e+04 1010608 1 2.6330e-01
+7.09336e+04 -8.39322e+04 1010609 1 2.5485e-01
+7.22999e+04 -8.39320e+04 1010610 1 2.4669e-01
+7.36667e+04 -8.39309e+04 1010611 1 2.3877e-01
+7.50338e+04 -8.39290e+04 1010612 1 2.3119e-01
+7.64012e+04 -8.39267e+04 1010613 1 2.2393e-01
+7.77687e+04 -8.39242e+04 1010614 1 2.1707e-01
+7.91362e+04 -8.39216e+04 1010615 1 2.1070e-01
+8.05039e+04 -8.39190e+04 1010616 1 2.0495e-01
+8.18715e+04 -8.39167e+04 1010617 1 1.9960e-01
+8.32391e+04 -8.39147e+04 1010618 1 1.9480e-01
+8.46066e+04 -8.39134e+04 1010619 1 1.9062e-01
+8.59742e+04 -8.39120e+04 1010620 1 1.8764e-01
+8.73420e+04 -8.39123e+04 1010621 1 1.8477e-01
+8.87093e+04 -8.39146e+04 1010622 1 1.8235e-01
+9.00760e+04 -8.39158e+04 1010623 1 1.8124e-01
+7.11756e+04 -5.23500e+04 3010020 1 8.9197e-02
+7.22378e+04 -5.24001e+04 3010021 1 8.8461e-02
+8.71843e+04 -5.14348e+04 3010074 1 7.3251e-02
+4.82494e+04 -5.53795e+04 11557 1 6.8624e-02
+8.29742e+04 -5.00360e+04 3010109 1 8.1445e-02
+8.19169e+04 -5.00164e+04 3010108 1 8.2501e-02
+8.40316e+04 -5.00531e+04 3010110 1 8.0408e-02
+8.50892e+04 -5.00678e+04 3010111 1 7.9415e-02
+4.73648e+04 -8.22618e+04 1010630 1 4.2812e-01
+4.86427e+04 -8.23529e+04 1010631 1 4.2063e-01
+4.99289e+04 -8.24344e+04 1010632 1 4.1281e-01
+5.12226e+04 -8.25067e+04 1010633 1 4.0432e-01
+5.25234e+04 -8.25704e+04 1010634 1 3.9479e-01
+5.38305e+04 -8.26260e+04 1010635 1 3.8495e-01
+5.51435e+04 -8.26742e+04 1010636 1 3.7480e-01
+5.64617e+04 -8.27159e+04 1010637 1 3.6439e-01
+5.77845e+04 -8.27515e+04 1010638 1 3.5388e-01
+5.91115e+04 -8.27817e+04 1010639 1 3.4324e-01
+6.04421e+04 -8.28068e+04 1010640 1 3.3259e-01
+6.17759e+04 -8.28275e+04 1010641 1 3.2191e-01
+6.31125e+04 -8.28442e+04 1010642 1 3.1134e-01
+6.44517e+04 -8.28572e+04 1010643 1 3.0091e-01
+6.57931e+04 -8.28670e+04 1010644 1 2.9063e-01
+6.71364e+04 -8.28742e+04 1010645 1 2.8045e-01
+6.84814e+04 -8.28791e+04 1010646 1 2.7045e-01
+6.98277e+04 -8.28821e+04 1010647 1 2.6074e-01
+7.11753e+04 -8.28836e+04 1010648 1 2.5136e-01
+7.25238e+04 -8.28838e+04 1010649 1 2.4229e-01
+7.38731e+04 -8.28831e+04 1010650 1 2.3353e-01
+7.52231e+04 -8.28816e+04 1010651 1 2.2518e-01
+7.65736e+04 -8.28796e+04 1010652 1 2.1722e-01
+7.79246e+04 -8.28774e+04 1010653 1 2.0983e-01
+7.92759e+04 -8.28750e+04 1010654 1 2.0291e-01
+8.06275e+04 -8.28726e+04 1010655 1 1.9657e-01
+8.19794e+04 -8.28704e+04 1010656 1 1.9075e-01
+8.33314e+04 -8.28686e+04 1010657 1 1.8551e-01
+8.46835e+04 -8.28673e+04 1010658 1 1.8109e-01
+8.60358e+04 -8.28662e+04 1010659 1 1.7775e-01
+8.73884e+04 -8.28666e+04 1010660 1 1.7457e-01
+8.87403e+04 -8.28681e+04 1010661 1 1.7183e-01
+9.00915e+04 -8.28691e+04 1010662 1 1.7043e-01
+4.80534e+04 -5.66857e+04 11516 1 6.7397e-02
+8.61470e+04 -5.00801e+04 3010112 1 7.8500e-02
+8.82630e+04 -5.00978e+04 3010114 1 7.7025e-02
+4.79974e+04 -8.11803e+04 1010669 1 4.2205e-01
+4.92518e+04 -8.12724e+04 1010670 1 4.1296e-01
+5.05143e+04 -8.13548e+04 1010671 1 4.0333e-01
+5.17844e+04 -8.14282e+04 1010672 1 3.9349e-01
+5.30616e+04 -8.14930e+04 1010673 1 3.8354e-01
+5.43454e+04 -8.15498e+04 1010674 1 3.7343e-01
+5.56352e+04 -8.15994e+04 1010675 1 3.6324e-01
+5.69305e+04 -8.16423e+04 1010676 1 3.5279e-01
+5.82308e+04 -8.16791e+04 1010677 1 3.4226e-01
+5.95355e+04 -8.17105e+04 1010678 1 3.3170e-01
+6.08443e+04 -8.17368e+04 1010679 1 3.2113e-01
+6.21568e+04 -8.17586e+04 1010680 1 3.1067e-01
+6.34725e+04 -8.17764e+04 1010681 1 3.0033e-01
+6.47911e+04 -8.17905e+04 1010682 1 2.9009e-01
+6.61125e+04 -8.18014e+04 1010683 1 2.7998e-01
+6.74361e+04 -8.18095e+04 1010684 1 2.6992e-01
+6.87619e+04 -8.18154e+04 1010685 1 2.6012e-01
+7.00895e+04 -8.18193e+04 1010686 1 2.5052e-01
+7.14187e+04 -8.18215e+04 1010687 1 2.4117e-01
+7.27492e+04 -8.18225e+04 1010688 1 2.3207e-01
+7.40809e+04 -8.18224e+04 1010689 1 2.2331e-01
+7.54136e+04 -8.18215e+04 1010690 1 2.1485e-01
+7.67471e+04 -8.18200e+04 1010691 1 2.0692e-01
+7.80814e+04 -8.18182e+04 1010692 1 1.9943e-01
+7.94164e+04 -8.18162e+04 1010693 1 1.9241e-01
+8.07519e+04 -8.18142e+04 1010694 1 1.8589e-01
+8.20878e+04 -8.18123e+04 1010695 1 1.7992e-01
+8.34240e+04 -8.18107e+04 1010696 1 1.7451e-01
+8.47606e+04 -8.18096e+04 1010697 1 1.7008e-01
+8.60974e+04 -8.18089e+04 1010698 1 1.6632e-01
+8.74343e+04 -8.18091e+04 1010699 1 1.6310e-01
+8.87707e+04 -8.18099e+04 1010700 1 1.6053e-01
+9.01066e+04 -8.18106e+04 1010701 1 1.5901e-01
+7.64920e+04 -5.25648e+04 3010025 1 8.4151e-02
+8.82476e+04 -5.14425e+04 3010075 1 7.2364e-02
+4.84280e+04 -5.40718e+04 11598 1 7.0462e-02
+8.72050e+04 -5.00901e+04 3010113 1 7.7692e-02
+4.73872e+04 -7.99743e+04 1010707 1 4.0548e-01
+4.86102e+04 -8.00777e+04 1010708 1 3.9784e-01
+4.98419e+04 -8.01711e+04 1010709 1 3.8967e-01
+5.10818e+04 -8.02549e+04 1010710 1 3.8136e-01
+5.23294e+04 -8.03296e+04 1010711 1 3.7276e-01
+5.35842e+04 -8.03960e+04 1010712 1 3.6386e-01
+5.48457e+04 -8.04544e+04 1010713 1 3.5485e-01
+5.61135e+04 -8.05056e+04 1010714 1 3.4541e-01
+5.73871e+04 -8.05502e+04 1010715 1 3.3581e-01
+5.86659e+04 -8.05887e+04 1010716 1 3.2608e-01
+5.99495e+04 -8.06217e+04 1010717 1 3.1632e-01
+6.12375e+04 -8.06496e+04 1010718 1 3.0650e-01
+6.25295e+04 -8.06730e+04 1010719 1 2.9670e-01
+6.38252e+04 -8.06922e+04 1010720 1 2.8695e-01
+6.51242e+04 -8.07078e+04 1010721 1 2.7723e-01
+6.64262e+04 -8.07201e+04 1010722 1 2.6754e-01
+6.77309e+04 -8.07296e+04 1010723 1 2.5798e-01
+6.90381e+04 -8.07367e+04 1010724 1 2.4850e-01
+7.03474e+04 -8.07417e+04 1010725 1 2.3917e-01
+7.16587e+04 -8.07450e+04 1010726 1 2.3002e-01
+7.29717e+04 -8.07470e+04 1010727 1 2.2106e-01
+7.42861e+04 -8.07478e+04 1010728 1 2.1238e-01
+7.56019e+04 -8.07477e+04 1010729 1 2.0411e-01
+7.69188e+04 -8.07470e+04 1010730 1 1.9619e-01
+7.82367e+04 -8.07458e+04 1010731 1 1.8868e-01
+7.95555e+04 -8.07444e+04 1010732 1 1.8158e-01
+8.08750e+04 -8.07429e+04 1010733 1 1.7495e-01
+8.21951e+04 -8.07415e+04 1010734 1 1.6882e-01
+8.35157e+04 -8.07403e+04 1010735 1 1.6343e-01
+8.48368e+04 -8.07394e+04 1010736 1 1.5881e-01
+8.61581e+04 -8.07390e+04 1010737 1 1.5484e-01
+8.74794e+04 -8.07391e+04 1010738 1 1.5157e-01
+8.88006e+04 -8.07395e+04 1010739 1 1.4916e-01
+9.01214e+04 -8.07399e+04 1010740 1 1.4765e-01
+7.75570e+04 -5.25978e+04 3010026 1 8.2804e-02
+8.93212e+04 -5.01033e+04 3010115 1 7.6530e-02
+4.79925e+04 -7.88488e+04 1010746 1 3.7887e-01
+4.91952e+04 -7.89539e+04 1010747 1 3.7269e-01
+5.04064e+04 -7.90490e+04 1010748 1 3.6594e-01
+5.16257e+04 -7.91346e+04 1010749 1 3.5879e-01
+5.28527e+04 -7.92113e+04 1010750 1 3.5136e-01
+5.40869e+04 -7.92797e+04 1010751 1 3.4356e-01
+5.53280e+04 -7.93402e+04 1010752 1 3.3562e-01
+5.65753e+04 -7.93935e+04 1010753 1 3.2726e-01
+5.78286e+04 -7.94402e+04 1010754 1 3.1866e-01
+5.90874e+04 -7.94807e+04 1010755 1 3.0984e-01
+6.03512e+04 -7.95157e+04 1010756 1 3.0093e-01
+6.16196e+04 -7.95456e+04 1010757 1 2.9187e-01
+6.28924e+04 -7.95708e+04 1010758 1 2.8272e-01
+6.41690e+04 -7.95919e+04 1010759 1 2.7353e-01
+6.54493e+04 -7.96092e+04 1010760 1 2.6430e-01
+6.67329e+04 -7.96232e+04 1010761 1 2.5514e-01
+6.80195e+04 -7.96344e+04 1010762 1 2.4594e-01
+6.93088e+04 -7.96430e+04 1010763 1 2.3680e-01
+7.06005e+04 -7.96495e+04 1010764 1 2.2775e-01
+7.18945e+04 -7.96542e+04 1010765 1 2.1878e-01
+7.31904e+04 -7.96573e+04 1010766 1 2.1004e-01
+7.44881e+04 -7.96593e+04 1010767 1 2.0156e-01
+7.57874e+04 -7.96602e+04 1010768 1 1.9337e-01
+7.70880e+04 -7.96604e+04 1010769 1 1.8546e-01
+7.83898e+04 -7.96601e+04 1010770 1 1.7789e-01
+7.96927e+04 -7.96594e+04 1010771 1 1.7072e-01
+8.09965e+04 -7.96586e+04 1010772 1 1.6398e-01
+8.23010e+04 -7.96578e+04 1010773 1 1.5774e-01
+8.36062e+04 -7.96571e+04 1010774 1 1.5232e-01
+8.49119e+04 -7.96566e+04 1010775 1 1.4751e-01
+8.62179e+04 -7.96563e+04 1010776 1 1.4346e-01
+8.75240e+04 -7.96564e+04 1010777 1 1.4016e-01
+8.88300e+04 -7.96567e+04 1010778 1 1.3774e-01
+9.01359e+04 -7.96569e+04 1010779 1 1.3626e-01
+4.88679e+04 -5.01436e+04 2010040 1 7.8856e-02
+4.78391e+04 -5.79898e+04 11475 1 6.8111e-02
+4.73926e+04 -7.75857e+04 1010784 1 3.5693e-01
+4.85683e+04 -7.77032e+04 1010785 1 3.5258e-01
+4.97527e+04 -7.78104e+04 1010786 1 3.4782e-01
+5.09454e+04 -7.79076e+04 1010787 1 3.4246e-01
+5.21461e+04 -7.79955e+04 1010788 1 3.3660e-01
+5.33543e+04 -7.80745e+04 1010789 1 3.3034e-01
+5.45697e+04 -7.81452e+04 1010790 1 3.2380e-01
+5.57919e+04 -7.82081e+04 1010791 1 3.1675e-01
+5.70204e+04 -7.82639e+04 1010792 1 3.0941e-01
+5.82549e+04 -7.83129e+04 1010793 1 3.0172e-01
+5.94950e+04 -7.83558e+04 1010794 1 2.9372e-01
+6.07403e+04 -7.83931e+04 1010795 1 2.8553e-01
+6.19904e+04 -7.84252e+04 1010796 1 2.7716e-01
+6.32449e+04 -7.84526e+04 1010797 1 2.6868e-01
+6.45036e+04 -7.84758e+04 1010798 1 2.6007e-01
+6.57661e+04 -7.84952e+04 1010799 1 2.5138e-01
+6.70320e+04 -7.85112e+04 1010800 1 2.4260e-01
+6.83013e+04 -7.85242e+04 1010801 1 2.3380e-01
+6.95734e+04 -7.85346e+04 1010802 1 2.2499e-01
+7.08483e+04 -7.85428e+04 1010803 1 2.1621e-01
+7.21255e+04 -7.85491e+04 1010804 1 2.0755e-01
+7.34050e+04 -7.85537e+04 1010805 1 1.9908e-01
+7.46864e+04 -7.85569e+04 1010806 1 1.9072e-01
+7.59695e+04 -7.85591e+04 1010807 1 1.8258e-01
+7.72543e+04 -7.85604e+04 1010808 1 1.7469e-01
+7.85404e+04 -7.85611e+04 1010809 1 1.6710e-01
+7.98277e+04 -7.85613e+04 1010810 1 1.5985e-01
+8.11160e+04 -7.85613e+04 1010811 1 1.5301e-01
+8.24053e+04 -7.85611e+04 1010812 1 1.4681e-01
+8.36952e+04 -7.85610e+04 1010813 1 1.4125e-01
+8.49858e+04 -7.85609e+04 1010814 1 1.3636e-01
+8.62767e+04 -7.85609e+04 1010815 1 1.3221e-01
+8.75679e+04 -7.85610e+04 1010816 1 1.2885e-01
+8.88591e+04 -7.85612e+04 1010817 1 1.2641e-01
+9.01503e+04 -7.85614e+04 1010818 1 1.2491e-01
+7.33005e+04 -5.24465e+04 3010022 1 8.7555e-02
+8.93109e+04 -5.14479e+04 3010076 1 7.1705e-02
+4.73518e+04 -6.05905e+04 11393 1 7.7766e-02
+4.79556e+04 -7.64193e+04 1010823 1 3.3099e-01
+4.91154e+04 -7.65391e+04 1010824 1 3.2794e-01
+5.02835e+04 -7.66486e+04 1010825 1 3.2429e-01
+5.14596e+04 -7.67482e+04 1010826 1 3.2002e-01
+5.26434e+04 -7.68386e+04 1010827 1 3.1514e-01
+5.38346e+04 -7.69202e+04 1010828 1 3.0988e-01
+5.50327e+04 -7.69935e+04 1010829 1 3.0422e-01
+5.62376e+04 -7.70591e+04 1010830 1 2.9812e-01
+5.74487e+04 -7.71175e+04 1010831 1 2.9157e-01
+5.86658e+04 -7.71692e+04 1010832 1 2.8468e-01
+5.98885e+04 -7.72147e+04 1010833 1 2.7752e-01
+6.11165e+04 -7.72545e+04 1010834 1 2.7011e-01
+6.23493e+04 -7.72891e+04 1010835 1 2.6245e-01
+6.35867e+04 -7.73190e+04 1010836 1 2.5459e-01
+6.48284e+04 -7.73445e+04 1010837 1 2.4656e-01
+6.60740e+04 -7.73662e+04 1010838 1 2.3836e-01
+6.73232e+04 -7.73844e+04 1010839 1 2.3003e-01
+6.85758e+04 -7.73995e+04 1010840 1 2.2164e-01
+6.98316e+04 -7.74119e+04 1010841 1 2.1322e-01
+7.10901e+04 -7.74219e+04 1010842 1 2.0480e-01
+7.23513e+04 -7.74299e+04 1010843 1 1.9639e-01
+7.36148e+04 -7.74361e+04 1010844 1 1.8809e-01
+7.48804e+04 -7.74409e+04 1010845 1 1.7990e-01
+7.61480e+04 -7.74444e+04 1010846 1 1.7184e-01
+7.74172e+04 -7.74470e+04 1010847 1 1.6397e-01
+7.86880e+04 -7.74488e+04 1010848 1 1.5637e-01
+7.99601e+04 -7.74501e+04 1010849 1 1.4905e-01
+8.12334e+04 -7.74509e+04 1010850 1 1.4228e-01
+8.25076e+04 -7.74515e+04 1010851 1 1.3604e-01
+8.37827e+04 -7.74519e+04 1010852 1 1.3033e-01
+8.50584e+04 -7.74523e+04 1010853 1 1.2531e-01
+8.63346e+04 -7.74526e+04 1010854 1 1.2103e-01
+8.76111e+04 -7.74529e+04 1010855 1 1.1761e-01
+8.88877e+04 -7.74532e+04 1010856 1 1.1511e-01
+9.01645e+04 -7.74534e+04 1010857 1 1.1358e-01
+7.43638e+04 -5.24893e+04 3010023 1 8.6505e-02
+9.03743e+04 -5.14511e+04 3010077 1 7.1283e-02
+4.76056e+04 -5.92916e+04 11434 1 7.1288e-02
+9.03794e+04 -5.01066e+04 3010116 1 7.6224e-02
+4.73515e+04 -7.51029e+04 1010861 1 3.0668e-01
+4.84891e+04 -7.52357e+04 1010862 1 3.0532e-01
+4.96347e+04 -7.53578e+04 1010863 1 3.0340e-01
+5.07883e+04 -7.54698e+04 1010864 1 3.0076e-01
+5.19495e+04 -7.55721e+04 1010865 1 2.9755e-01
+5.31180e+04 -7.56652e+04 1010866 1 2.9379e-01
+5.42937e+04 -7.57495e+04 1010867 1 2.8954e-01
+5.54761e+04 -7.58256e+04 1010868 1 2.8485e-01
+5.66651e+04 -7.58941e+04 1010869 1 2.7962e-01
+5.78602e+04 -7.59553e+04 1010870 1 2.7399e-01
+5.90612e+04 -7.60098e+04 1010871 1 2.6794e-01
+6.02677e+04 -7.60581e+04 1010872 1 2.6155e-01
+6.14795e+04 -7.61006e+04 1010873 1 2.5483e-01
+6.26961e+04 -7.61379e+04 1010874 1 2.4781e-01
+6.39174e+04 -7.61703e+04 1010875 1 2.4054e-01
+6.51430e+04 -7.61984e+04 1010876 1 2.3305e-01
+6.63726e+04 -7.62225e+04 1010877 1 2.2533e-01
+6.76060e+04 -7.62430e+04 1010878 1 2.1746e-01
+6.88428e+04 -7.62604e+04 1010879 1 2.0949e-01
+7.00828e+04 -7.62749e+04 1010880 1 2.0145e-01
+7.13258e+04 -7.62869e+04 1010881 1 1.9334e-01
+7.25715e+04 -7.62968e+04 1010882 1 1.8519e-01
+7.38196e+04 -7.63047e+04 1010883 1 1.7710e-01
+7.50700e+04 -7.63111e+04 1010884 1 1.6905e-01
+7.63224e+04 -7.63162e+04 1010885 1 1.6110e-01
+7.75766e+04 -7.63202e+04 1010886 1 1.5330e-01
+7.88325e+04 -7.63232e+04 1010887 1 1.4569e-01
+8.00898e+04 -7.63256e+04 1010888 1 1.3856e-01
+8.13483e+04 -7.63274e+04 1010889 1 1.3174e-01
+8.26079e+04 -7.63288e+04 1010890 1 1.2541e-01
+8.38684e+04 -7.63299e+04 1010891 1 1.1960e-01
+8.51296e+04 -7.63307e+04 1010892 1 1.1449e-01
+8.63913e+04 -7.63315e+04 1010893 1 1.1008e-01
+8.76535e+04 -7.63320e+04 1010894 1 1.0654e-01
+8.89159e+04 -7.63324e+04 1010895 1 1.0397e-01
+9.01784e+04 -7.63327e+04 1010896 1 1.0238e-01
+7.86225e+04 -5.26277e+04 3010027 1 8.1335e-02
+4.78684e+04 -7.39011e+04 1010900 1 2.8159e-01
+4.89940e+04 -7.40363e+04 1010901 1 2.8116e-01
+5.01272e+04 -7.41609e+04 1010902 1 2.8028e-01
+5.12678e+04 -7.42755e+04 1010903 1 2.7853e-01
+5.24156e+04 -7.43805e+04 1010904 1 2.7629e-01
+5.35704e+04 -7.44763e+04 1010905 1 2.7336e-01
+5.47320e+04 -7.45635e+04 1010906 1 2.7000e-01
+5.59001e+04 -7.46425e+04 1010907 1 2.6613e-01
+5.70745e+04 -7.47138e+04 1010908 1 2.6170e-01
+5.82548e+04 -7.47780e+04 1010909 1 2.5683e-01
+5.94409e+04 -7.48354e+04 1010910 1 2.5149e-01
+6.06325e+04 -7.48865e+04 1010911 1 2.4573e-01
+6.18291e+04 -7.49319e+04 1010912 1 2.3964e-01
+6.30307e+04 -7.49720e+04 1010913 1 2.3322e-01
+6.42368e+04 -7.50072e+04 1010914 1 2.2652e-01
+6.54473e+04 -7.50379e+04 1010915 1 2.1956e-01
+6.66617e+04 -7.50645e+04 1010916 1 2.1234e-01
+6.78800e+04 -7.50875e+04 1010917 1 2.0493e-01
+6.91017e+04 -7.51072e+04 1010918 1 1.9740e-01
+7.03268e+04 -7.51239e+04 1010919 1 1.8972e-01
+7.15548e+04 -7.51381e+04 1010920 1 1.8190e-01
+7.27856e+04 -7.51499e+04 1010921 1 1.7408e-01
+7.40190e+04 -7.51598e+04 1010922 1 1.6618e-01
+7.52546e+04 -7.51679e+04 1010923 1 1.5830e-01
+7.64924e+04 -7.51746e+04 1010924 1 1.5049e-01
+7.77321e+04 -7.51800e+04 1010925 1 1.4280e-01
+7.89735e+04 -7.51844e+04 1010926 1 1.3543e-01
+8.02164e+04 -7.51879e+04 1010927 1 1.2828e-01
+8.14605e+04 -7.51907e+04 1010928 1 1.2146e-01
+8.27059e+04 -7.51930e+04 1010929 1 1.1505e-01
+8.39521e+04 -7.51948e+04 1010930 1 1.0918e-01
+8.51992e+04 -7.51963e+04 1010931 1 1.0389e-01
+8.64469e+04 -7.51974e+04 1010932 1 9.9380e-02
+8.76950e+04 -7.51983e+04 1010933 1 9.5721e-02
+8.89434e+04 -7.51989e+04 1010934 1 9.3007e-02
+9.01921e+04 -7.51993e+04 1010935 1 9.1331e-02
+4.72482e+04 -7.25367e+04 1010938 1 2.5559e-01
+4.83563e+04 -7.26849e+04 1010939 1 2.5700e-01
+4.94715e+04 -7.28223e+04 1010940 1 2.5754e-01
+5.05937e+04 -7.29494e+04 1010941 1 2.5748e-01
+5.17227e+04 -7.30666e+04 1010942 1 2.5670e-01
+5.28585e+04 -7.31743e+04 1010943 1 2.5521e-01
+5.40009e+04 -7.32730e+04 1010944 1 2.5320e-01
+5.51498e+04 -7.33630e+04 1010945 1 2.5065e-01
+5.63048e+04 -7.34450e+04 1010946 1 2.4751e-01
+5.74659e+04 -7.35193e+04 1010947 1 2.4383e-01
+5.86327e+04 -7.35864e+04 1010948 1 2.3963e-01
+5.98050e+04 -7.36467e+04 1010949 1 2.3501e-01
+6.09826e+04 -7.37009e+04 1010950 1 2.2996e-01
+6.21653e+04 -7.37491e+04 1010951 1 2.2453e-01
+6.33527e+04 -7.37921e+04 1010952 1 2.1878e-01
+6.45446e+04 -7.38300e+04 1010953 1 2.1260e-01
+6.57408e+04 -7.38634e+04 1010954 1 2.0620e-01
+6.69410e+04 -7.38927e+04 1010955 1 1.9950e-01
+6.81449e+04 -7.39182e+04 1010956 1 1.9259e-01
+6.93524e+04 -7.39403e+04 1010957 1 1.8545e-01
+7.05631e+04 -7.39594e+04 1010958 1 1.7814e-01
+7.17769e+04 -7.39757e+04 1010959 1 1.7072e-01
+7.29934e+04 -7.39896e+04 1010960 1 1.6313e-01
+7.42126e+04 -7.40014e+04 1010961 1 1.5548e-01
+7.54341e+04 -7.40113e+04 1010962 1 1.4784e-01
+7.66578e+04 -7.40197e+04 1010963 1 1.4028e-01
+7.78834e+04 -7.40266e+04 1010964 1 1.3284e-01
+7.91108e+04 -7.40324e+04 1010965 1 1.2551e-01
+8.03397e+04 -7.40371e+04 1010966 1 1.1835e-01
+8.15700e+04 -7.40410e+04 1010967 1 1.1152e-01
+8.28014e+04 -7.40442e+04 1010968 1 1.0505e-01
+8.40339e+04 -7.40468e+04 1010969 1 9.9044e-02
+8.52672e+04 -7.40489e+04 1010970 1 9.3626e-02
+8.65011e+04 -7.40506e+04 1010971 1 8.8939e-02
+8.77356e+04 -7.40518e+04 1010972 1 8.5086e-02
+8.89704e+04 -7.40527e+04 1010973 1 8.2232e-02
+9.02054e+04 -7.40532e+04 1010974 1 8.0433e-02
+4.77166e+04 -7.13054e+04 1010977 1 2.3161e-01
+4.88163e+04 -7.14556e+04 1010978 1 2.3369e-01
+4.99223e+04 -7.15953e+04 1010979 1 2.3495e-01
+5.10348e+04 -7.17248e+04 1010980 1 2.3565e-01
+5.21537e+04 -7.18445e+04 1010981 1 2.3564e-01
+5.32788e+04 -7.19548e+04 1010982 1 2.3490e-01
+5.44101e+04 -7.20562e+04 1010983 1 2.3362e-01
+5.55474e+04 -7.21491e+04 1010984 1 2.3185e-01
+5.66906e+04 -7.22340e+04 1010985 1 2.2944e-01
+5.78395e+04 -7.23112e+04 1010986 1 2.2647e-01
+5.89938e+04 -7.23813e+04 1010987 1 2.2297e-01
+6.01535e+04 -7.24446e+04 1010988 1 2.1902e-01
+6.13182e+04 -7.25016e+04 1010989 1 2.1465e-01
+6.24878e+04 -7.25529e+04 1010990 1 2.0983e-01
+6.36620e+04 -7.25986e+04 1010991 1 2.0466e-01
+6.48406e+04 -7.26394e+04 1010992 1 1.9906e-01
+6.60234e+04 -7.26755e+04 1010993 1 1.9317e-01
+6.72101e+04 -7.27074e+04 1010994 1 1.8697e-01
+6.84005e+04 -7.27355e+04 1010995 1 1.8048e-01
+6.95944e+04 -7.27601e+04 1010996 1 1.7379e-01
+7.07916e+04 -7.27815e+04 1010997 1 1.6686e-01
+7.19917e+04 -7.28000e+04 1010998 1 1.5978e-01
+7.31947e+04 -7.28161e+04 1010999 1 1.5252e-01
+7.44002e+04 -7.28299e+04 1011000 1 1.4521e-01
+7.56081e+04 -7.28416e+04 1011001 1 1.3788e-01
+7.68182e+04 -7.28517e+04 1011002 1 1.3052e-01
+7.80303e+04 -7.28602e+04 1011003 1 1.2322e-01
+7.92441e+04 -7.28674e+04 1011004 1 1.1595e-01
+8.04595e+04 -7.28734e+04 1011005 1 1.0888e-01
+8.16763e+04 -7.28784e+04 1011006 1 1.0203e-01
+8.28944e+04 -7.28826e+04 1011007 1 9.5479e-02
+8.41134e+04 -7.28860e+04 1011008 1 8.9360e-02
+8.53333e+04 -7.28888e+04 1011009 1 8.3751e-02
+8.65539e+04 -7.28910e+04 1011010 1 7.8875e-02
+8.77751e+04 -7.28926e+04 1011011 1 7.4793e-02
+8.89966e+04 -7.28938e+04 1011012 1 7.1715e-02
+9.02184e+04 -7.28944e+04 1011013 1 6.9732e-02
+4.70703e+04 -6.98993e+04 1011015 1 2.0528e-01
+4.81570e+04 -7.00621e+04 1011016 1 2.0864e-01
+4.92494e+04 -7.02143e+04 1011017 1 2.1162e-01
+5.03475e+04 -7.03561e+04 1011018 1 2.1370e-01
+5.14515e+04 -7.04879e+04 1011019 1 2.1524e-01
+5.25614e+04 -7.06100e+04 1011020 1 2.1592e-01
+5.36770e+04 -7.07229e+04 1011021 1 2.1590e-01
+5.47983e+04 -7.08270e+04 1011022 1 2.1522e-01
+5.59252e+04 -7.09227e+04 1011023 1 2.1406e-01
+5.70576e+04 -7.10103e+04 1011024 1 2.1223e-01
+5.81954e+04 -7.10904e+04 1011025 1 2.0989e-01
+5.93384e+04 -7.11634e+04 1011026 1 2.0707e-01
+6.04864e+04 -7.12296e+04 1011027 1 2.0371e-01
+6.16392e+04 -7.12895e+04 1011028 1 1.9994e-01
+6.27967e+04 -7.13436e+04 1011029 1 1.9568e-01
+6.39586e+04 -7.13922e+04 1011030 1 1.9103e-01
+6.51248e+04 -7.14358e+04 1011031 1 1.8601e-01
+6.62950e+04 -7.14746e+04 1011032 1 1.8060e-01
+6.74690e+04 -7.15092e+04 1011033 1 1.7489e-01
+6.86466e+04 -7.15398e+04 1011034 1 1.6886e-01
+6.98277e+04 -7.15668e+04 1011035 1 1.6259e-01
+7.10119e+04 -7.15906e+04 1011036 1 1.5610e-01
+7.21991e+04 -7.16114e+04 1011037 1 1.4939e-01
+7.33891e+04 -7.16296e+04 1011038 1 1.4254e-01
+7.45816e+04 -7.16454e+04 1011039 1 1.3554e-01
+7.57765e+04 -7.16590e+04 1011040 1 1.2844e-01
+7.69735e+04 -7.16708e+04 1011041 1 1.2133e-01
+7.81725e+04 -7.16809e+04 1011042 1 1.1416e-01
+7.93733e+04 -7.16895e+04 1011043 1 1.0705e-01
+8.05757e+04 -7.16968e+04 1011044 1 1.0003e-01
+8.17795e+04 -7.17030e+04 1011045 1 9.3165e-02
+8.29845e+04 -7.17082e+04 1011046 1 8.6565e-02
+8.41906e+04 -7.17124e+04 1011047 1 8.0321e-02
+8.53976e+04 -7.17159e+04 1011048 1 7.4528e-02
+8.66052e+04 -7.17187e+04 1011049 1 6.9333e-02
+8.78135e+04 -7.17207e+04 1011050 1 6.4981e-02
+8.90222e+04 -7.17222e+04 1011051 1 6.1547e-02
+9.02311e+04 -7.17230e+04 1011052 1 5.9262e-02
+4.74891e+04 -6.86444e+04 1011054 1 1.8402e-01
+4.85703e+04 -6.88086e+04 1011055 1 1.8770e-01
+4.96565e+04 -6.89624e+04 1011056 1 1.9108e-01
+5.07479e+04 -6.91061e+04 1011057 1 1.9362e-01
+5.18445e+04 -6.92399e+04 1011058 1 1.9568e-01
+5.29465e+04 -6.93643e+04 1011059 1 1.9691e-01
+5.40536e+04 -6.94796e+04 1011060 1 1.9758e-01
+5.51661e+04 -6.95861e+04 1011061 1 1.9759e-01
+5.62837e+04 -6.96844e+04 1011062 1 1.9708e-01
+5.74063e+04 -6.97748e+04 1011063 1 1.9586e-01
+5.85340e+04 -6.98576e+04 1011064 1 1.9420e-01
+5.96666e+04 -6.99333e+04 1011065 1 1.9192e-01
+6.08038e+04 -7.00024e+04 1011066 1 1.8915e-01
+6.19457e+04 -7.00652e+04 1011067 1 1.8596e-01
+6.30919e+04 -7.01220e+04 1011068 1 1.8225e-01
+6.42424e+04 -7.01734e+04 1011069 1 1.7814e-01
+6.53970e+04 -7.02197e+04 1011070 1 1.7365e-01
+6.65554e+04 -7.02612e+04 1011071 1 1.6880e-01
+6.77175e+04 -7.02984e+04 1011072 1 1.6354e-01
+6.88831e+04 -7.03316e+04 1011073 1 1.5801e-01
+7.00519e+04 -7.03610e+04 1011074 1 1.5219e-01
+7.12239e+04 -7.03871e+04 1011075 1 1.4613e-01
+7.23988e+04 -7.04102e+04 1011076 1 1.3980e-01
+7.35764e+04 -7.04305e+04 1011077 1 1.3326e-01
+7.47565e+04 -7.04482e+04 1011078 1 1.2660e-01
+7.59389e+04 -7.04637e+04 1011079 1 1.1980e-01
+7.71235e+04 -7.04772e+04 1011080 1 1.1291e-01
+7.83100e+04 -7.04889e+04 1011081 1 1.0595e-01
+7.94982e+04 -7.04990e+04 1011082 1 9.8949e-02
+8.06881e+04 -7.05076e+04 1011083 1 9.2012e-02
+8.18794e+04 -7.05149e+04 1011084 1 8.5187e-02
+8.30718e+04 -7.05211e+04 1011085 1 7.8521e-02
+8.42654e+04 -7.05263e+04 1011086 1 7.2147e-02
+8.54598e+04 -7.05305e+04 1011087 1 6.6112e-02
+8.66550e+04 -7.05338e+04 1011088 1 6.0660e-02
+8.78507e+04 -7.05363e+04 1011089 1 5.5869e-02
+8.90469e+04 -7.05381e+04 1011090 1 5.1999e-02
+9.02434e+04 -7.05391e+04 1011091 1 4.9253e-02
+4.78812e+04 -6.73800e+04 1011093 1 1.6628e-01
+4.89578e+04 -6.75455e+04 1011094 1 1.6995e-01
+5.00388e+04 -6.77007e+04 1011095 1 1.7347e-01
+5.11244e+04 -6.78461e+04 1011096 1 1.7629e-01
+5.22146e+04 -6.79818e+04 1011097 1 1.7854e-01
+5.33096e+04 -6.81082e+04 1011098 1 1.8019e-01
+5.44093e+04 -6.82257e+04 1011099 1 1.8124e-01
+5.55138e+04 -6.83346e+04 1011100 1 1.8161e-01
+5.66230e+04 -6.84353e+04 1011101 1 1.8159e-01
+5.77369e+04 -6.85281e+04 1011102 1 1.8085e-01
+5.88555e+04 -6.86136e+04 1011103 1 1.7961e-01
+5.99785e+04 -6.86920e+04 1011104 1 1.7788e-01
+6.11059e+04 -6.87637e+04 1011105 1 1.7563e-01
+6.22376e+04 -6.88292e+04 1011106 1 1.7295e-01
+6.33735e+04 -6.88887e+04 1011107 1 1.6978e-01
+6.45134e+04 -6.89428e+04 1011108 1 1.6621e-01
+6.56571e+04 -6.89917e+04 1011109 1 1.6218e-01
+6.68045e+04 -6.90358e+04 1011110 1 1.5780e-01
+6.79554e+04 -6.90755e+04 1011111 1 1.5301e-01
+6.91096e+04 -6.91112e+04 1011112 1 1.4792e-01
+7.02671e+04 -6.91430e+04 1011113 1 1.4254e-01
+7.14275e+04 -6.91714e+04 1011114 1 1.3684e-01
+7.25907e+04 -6.91966e+04 1011115 1 1.3093e-01
+7.37565e+04 -6.92190e+04 1011116 1 1.2474e-01
+7.49248e+04 -6.92387e+04 1011117 1 1.1838e-01
+7.60953e+04 -6.92561e+04 1011118 1 1.1189e-01
+7.72679e+04 -6.92713e+04 1011119 1 1.0527e-01
+7.84425e+04 -6.92845e+04 1011120 1 9.8527e-02
+7.96187e+04 -6.92961e+04 1011121 1 9.1711e-02
+8.07965e+04 -6.93060e+04 1011122 1 8.4898e-02
+8.19757e+04 -6.93145e+04 1011123 1 7.8140e-02
+8.31561e+04 -6.93217e+04 1011124 1 7.1502e-02
+8.43376e+04 -6.93277e+04 1011125 1 6.5040e-02
+8.55200e+04 -6.93326e+04 1011126 1 5.8890e-02
+8.67031e+04 -6.93366e+04 1011127 1 5.3167e-02
+8.78867e+04 -6.93396e+04 1011128 1 4.8051e-02
+8.90708e+04 -6.93417e+04 1011129 1 4.3774e-02
+9.02552e+04 -6.93429e+04 1011130 1 4.0590e-02
+4.71785e+04 -6.59301e+04 1011131 1 1.4172e-01
+4.82478e+04 -6.61067e+04 1011132 1 1.4693e-01
+4.93207e+04 -6.62731e+04 1011133 1 1.5158e-01
+5.03974e+04 -6.64297e+04 1011134 1 1.5602e-01
+5.14780e+04 -6.65765e+04 1011135 1 1.5966e-01
+5.25627e+04 -6.67139e+04 1011136 1 1.6266e-01
+5.36516e+04 -6.68422e+04 1011137 1 1.6458e-01
+5.47447e+04 -6.69618e+04 1011138 1 1.6594e-01
+5.58422e+04 -6.70728e+04 1011139 1 1.6674e-01
+5.69439e+04 -6.71758e+04 1011140 1 1.6703e-01
+5.80499e+04 -6.72710e+04 1011141 1 1.6678e-01
+5.91601e+04 -6.73589e+04 1011142 1 1.6595e-01
+6.02744e+04 -6.74397e+04 1011143 1 1.6465e-01
+6.13929e+04 -6.75140e+04 1011144 1 1.6286e-01
+6.25153e+04 -6.75820e+04 1011145 1 1.6065e-01
+6.36416e+04 -6.76442e+04 1011146 1 1.5794e-01
+6.47716e+04 -6.77008e+04 1011147 1 1.5480e-01
+6.59052e+04 -6.77522e+04 1011148 1 1.5128e-01
+6.70423e+04 -6.77989e+04 1011149 1 1.4736e-01
+6.81828e+04 -6.78410e+04 1011150 1 1.4303e-01
+6.93264e+04 -6.78790e+04 1011151 1 1.3839e-01
+7.04730e+04 -6.79132e+04 1011152 1 1.3341e-01
+7.16225e+04 -6.79438e+04 1011153 1 1.2815e-01
+7.27746e+04 -6.79712e+04 1011154 1 1.2261e-01
+7.39293e+04 -6.79955e+04 1011155 1 1.1683e-01
+7.50863e+04 -6.80172e+04 1011156 1 1.1082e-01
+7.62455e+04 -6.80363e+04 1011157 1 1.0466e-01
+7.74068e+04 -6.80532e+04 1011158 1 9.8339e-02
+7.85699e+04 -6.80680e+04 1011159 1 9.1862e-02
+7.97346e+04 -6.80810e+04 1011160 1 8.5322e-02
+8.09009e+04 -6.80922e+04 1011161 1 7.8707e-02
+8.20685e+04 -6.81018e+04 1011162 1 7.2114e-02
+8.32374e+04 -6.81100e+04 1011163 1 6.5585e-02
+8.44072e+04 -6.81169e+04 1011164 1 5.9186e-02
+8.55780e+04 -6.81226e+04 1011165 1 5.3026e-02
+8.67494e+04 -6.81272e+04 1011166 1 4.7232e-02
+8.79215e+04 -6.81306e+04 1011167 1 4.1988e-02
+8.90939e+04 -6.81330e+04 1011168 1 3.7511e-02
+9.02667e+04 -6.81345e+04 1011169 1 3.4172e-02
+4.75226e+04 -6.46496e+04 1011170 1 1.2242e-01
+4.85896e+04 -6.48264e+04 1011171 1 1.2800e-01
+4.96597e+04 -6.49935e+04 1011172 1 1.3295e-01
+5.07329e+04 -6.51508e+04 1011173 1 1.3773e-01
+5.18094e+04 -6.52988e+04 1011174 1 1.4181e-01
+5.28895e+04 -6.54375e+04 1011175 1 1.4527e-01
+5.39731e+04 -6.55673e+04 1011176 1 1.4805e-01
+5.50605e+04 -6.56886e+04 1011177 1 1.5022e-01
+5.61517e+04 -6.58015e+04 1011178 1 1.5175e-01
+5.72468e+04 -6.59066e+04 1011179 1 1.5269e-01
+5.83456e+04 -6.60039e+04 1011180 1 1.5309e-01
+5.94483e+04 -6.60941e+04 1011181 1 1.5288e-01
+6.05548e+04 -6.61773e+04 1011182 1 1.5210e-01
+6.16650e+04 -6.62539e+04 1011183 1 1.5072e-01
+6.27788e+04 -6.63244e+04 1011184 1 1.4895e-01
+6.38963e+04 -6.63889e+04 1011185 1 1.4674e-01
+6.50172e+04 -6.64479e+04 1011186 1 1.4406e-01
+6.61414e+04 -6.65018e+04 1011187 1 1.4097e-01
+6.72690e+04 -6.65508e+04 1011188 1 1.3746e-01
+6.83996e+04 -6.65953e+04 1011189 1 1.3363e-01
+6.95332e+04 -6.66356e+04 1011190 1 1.2941e-01
+7.06697e+04 -6.66719e+04 1011191 1 1.2487e-01
+7.18089e+04 -6.67047e+04 1011192 1 1.2004e-01
+7.29506e+04 -6.67341e+04 1011193 1 1.1491e-01
+7.40947e+04 -6.67604e+04 1011194 1 1.0954e-01
+7.52411e+04 -6.67839e+04 1011195 1 1.0395e-01
+7.63895e+04 -6.68048e+04 1011196 1 9.8140e-02
+7.75399e+04 -6.68234e+04 1011197 1 9.2163e-02
+7.86921e+04 -6.68397e+04 1011198 1 8.6040e-02
+7.98459e+04 -6.68540e+04 1011199 1 7.9819e-02
+8.10011e+04 -6.68665e+04 1011200 1 7.3518e-02
+8.21577e+04 -6.68773e+04 1011201 1 6.7193e-02
+8.33154e+04 -6.68865e+04 1011202 1 6.0879e-02
+8.44741e+04 -6.68942e+04 1011203 1 5.4670e-02
+8.56337e+04 -6.69006e+04 1011204 1 4.8634e-02
+8.67940e+04 -6.69058e+04 1011205 1 4.2907e-02
+8.79549e+04 -6.69097e+04 1011206 1 3.7625e-02
+8.91161e+04 -6.69125e+04 1011207 1 3.3077e-02
+9.02777e+04 -6.69141e+04 1011208 1 2.9640e-02
+4.78425e+04 -6.33634e+04 1011209 1 1.0534e-01
+4.89080e+04 -6.35401e+04 1011210 1 1.1106e-01
+4.99758e+04 -6.37074e+04 1011211 1 1.1620e-01
+5.10461e+04 -6.38652e+04 1011212 1 1.2112e-01
+5.21193e+04 -6.40139e+04 1011213 1 1.2555e-01
+5.31954e+04 -6.41537e+04 1011214 1 1.2940e-01
+5.42746e+04 -6.42847e+04 1011215 1 1.3257e-01
+5.53570e+04 -6.44074e+04 1011216 1 1.3516e-01
+5.64428e+04 -6.45219e+04 1011217 1 1.3716e-01
+5.75319e+04 -6.46287e+04 1011218 1 1.3853e-01
+5.86244e+04 -6.47279e+04 1011219 1 1.3943e-01
+5.97203e+04 -6.48200e+04 1011220 1 1.3971e-01
+6.08197e+04 -6.49053e+04 1011221 1 1.3950e-01
+6.19224e+04 -6.49841e+04 1011222 1 1.3874e-01
+6.30285e+04 -6.50567e+04 1011223 1 1.3754e-01
+6.41378e+04 -6.51235e+04 1011224 1 1.3590e-01
+6.52503e+04 -6.51848e+04 1011225 1 1.3378e-01
+6.63659e+04 -6.52409e+04 1011226 1 1.3121e-01
+6.74845e+04 -6.52922e+04 1011227 1 1.2823e-01
+6.86060e+04 -6.53388e+04 1011228 1 1.2485e-01
+6.97302e+04 -6.53813e+04 1011229 1 1.2112e-01
+7.08572e+04 -6.54197e+04 1011230 1 1.1704e-01
+7.19867e+04 -6.54545e+04 1011231 1 1.1265e-01
+7.31186e+04 -6.54859e+04 1011232 1 1.0796e-01
+7.42527e+04 -6.55141e+04 1011233 1 1.0302e-01
+7.53890e+04 -6.55394e+04 1011234 1 9.7848e-02
+7.65272e+04 -6.55620e+04 1011235 1 9.2457e-02
+7.76673e+04 -6.55821e+04 1011236 1 8.6884e-02
+7.88091e+04 -6.55998e+04 1011237 1 8.1165e-02
+7.99524e+04 -6.56155e+04 1011238 1 7.5307e-02
+8.10972e+04 -6.56292e+04 1011239 1 6.9367e-02
+8.22432e+04 -6.56411e+04 1011240 1 6.3367e-02
+8.33903e+04 -6.56513e+04 1011241 1 5.7367e-02
+8.45383e+04 -6.56599e+04 1011242 1 5.1423e-02
+8.56872e+04 -6.56670e+04 1011243 1 4.5608e-02
+8.68368e+04 -6.56727e+04 1011244 1 4.0013e-02
+8.79869e+04 -6.56771e+04 1011245 1 3.4831e-02
+8.91375e+04 -6.56801e+04 1011246 1 3.0291e-02
+9.02882e+04 -6.56820e+04 1011247 1 2.6848e-02
+4.81395e+04 -6.20719e+04 1011248 1 9.3204e-02
+4.92038e+04 -6.22484e+04 1011249 1 9.8064e-02
+5.02699e+04 -6.24155e+04 1011250 1 1.0165e-01
+5.13381e+04 -6.25735e+04 1011251 1 1.0661e-01
+5.24085e+04 -6.27227e+04 1011252 1 1.1121e-01
+5.34813e+04 -6.28631e+04 1011253 1 1.1530e-01
+5.45567e+04 -6.29950e+04 1011254 1 1.1880e-01
+5.56349e+04 -6.31188e+04 1011255 1 1.2172e-01
+5.67158e+04 -6.32346e+04 1011256 1 1.2408e-01
+5.77997e+04 -6.33428e+04 1011257 1 1.2592e-01
+5.88866e+04 -6.34437e+04 1011258 1 1.2720e-01
+5.99765e+04 -6.35375e+04 1011259 1 1.2792e-01
+6.10694e+04 -6.36246e+04 1011260 1 1.2815e-01
+6.21653e+04 -6.37053e+04 1011261 1 1.2784e-01
+6.32643e+04 -6.37799e+04 1011262 1 1.2712e-01
+6.43661e+04 -6.38487e+04 1011263 1 1.2595e-01
+6.54709e+04 -6.39121e+04 1011264 1 1.2433e-01
+6.65785e+04 -6.39702e+04 1011265 1 1.2228e-01
+6.76888e+04 -6.40235e+04 1011266 1 1.1980e-01
+6.88018e+04 -6.40722e+04 1011267 1 1.1693e-01
+6.99174e+04 -6.41167e+04 1011268 1 1.1369e-01
+7.10355e+04 -6.41571e+04 1011269 1 1.1013e-01
+7.21559e+04 -6.41938e+04 1011270 1 1.0620e-01
+7.32785e+04 -6.42270e+04 1011271 1 1.0200e-01
+7.44032e+04 -6.42570e+04 1011272 1 9.7538e-02
+7.55300e+04 -6.42840e+04 1011273 1 9.2807e-02
+7.66586e+04 -6.43081e+04 1011274 1 8.7863e-02
+7.77889e+04 -6.43297e+04 1011275 1 8.2733e-02
+7.89208e+04 -6.43489e+04 1011276 1 7.7435e-02
+8.00542e+04 -6.43658e+04 1011277 1 7.1985e-02
+8.11889e+04 -6.43807e+04 1011278 1 6.6453e-02
+8.23249e+04 -6.43936e+04 1011279 1 6.0836e-02
+8.34618e+04 -6.44047e+04 1011280 1 5.5200e-02
+8.45997e+04 -6.44141e+04 1011281 1 4.9584e-02
+8.57384e+04 -6.44219e+04 1011282 1 4.4064e-02
+8.68777e+04 -6.44282e+04 1011283 1 3.8720e-02
+8.80176e+04 -6.44330e+04 1011284 1 3.3724e-02
+8.91579e+04 -6.44364e+04 1011285 1 2.9289e-02
+9.02984e+04 -6.44384e+04 1011286 1 2.5856e-02
+4.84146e+04 -6.07754e+04 1011287 1 8.3045e-02
+4.94784e+04 -6.09512e+04 1011288 1 8.8049e-02
+5.05433e+04 -6.11181e+04 1011289 1 9.2772e-02
+5.16098e+04 -6.12761e+04 1011290 1 9.7023e-02
+5.26780e+04 -6.14255e+04 1011291 1 1.0119e-01
+5.37480e+04 -6.15664e+04 1011292 1 1.0450e-01
+5.48202e+04 -6.16990e+04 1011293 1 1.0708e-01
+5.58947e+04 -6.18235e+04 1011294 1 1.1022e-01
+5.69715e+04 -6.19403e+04 1011295 1 1.1287e-01
+5.80508e+04 -6.20497e+04 1011296 1 1.1496e-01
+5.91327e+04 -6.21519e+04 1011297 1 1.1657e-01
+6.02171e+04 -6.22471e+04 1011298 1 1.1768e-01
+6.13043e+04 -6.23358e+04 1011299 1 1.1829e-01
+6.23941e+04 -6.24181e+04 1011300 1 1.1839e-01
+6.34865e+04 -6.24945e+04 1011301 1 1.1803e-01
+6.45816e+04 -6.25651e+04 1011302 1 1.1730e-01
+6.56792e+04 -6.26302e+04 1011303 1 1.1612e-01
+6.67794e+04 -6.26902e+04 1011304 1 1.1454e-01
+6.78821e+04 -6.27454e+04 1011305 1 1.1252e-01
+6.89873e+04 -6.27959e+04 1011306 1 1.1012e-01
+7.00948e+04 -6.28422e+04 1011307 1 1.0737e-01
+7.12045e+04 -6.28845e+04 1011308 1 1.0425e-01
+7.23164e+04 -6.29229e+04 1011309 1 1.0081e-01
+7.34303e+04 -6.29578e+04 1011310 1 9.7090e-02
+7.45463e+04 -6.29895e+04 1011311 1 9.3094e-02
+7.56640e+04 -6.30180e+04 1011312 1 8.8848e-02
+7.67835e+04 -6.30437e+04 1011313 1 8.4372e-02
+7.79046e+04 -6.30666e+04 1011314 1 7.9711e-02
+7.90272e+04 -6.30871e+04 1011315 1 7.4866e-02
+8.01512e+04 -6.31053e+04 1011316 1 6.9865e-02
+8.12764e+04 -6.31212e+04 1011317 1 6.4756e-02
+8.24028e+04 -6.31351e+04 1011318 1 5.9567e-02
+8.35301e+04 -6.31471e+04 1011319 1 5.4332e-02
+8.46583e+04 -6.31573e+04 1011320 1 4.9093e-02
+8.57873e+04 -6.31658e+04 1011321 1 4.3905e-02
+8.69168e+04 -6.31726e+04 1011322 1 3.8857e-02
+8.80469e+04 -6.31778e+04 1011323 1 3.4064e-02
+8.91773e+04 -6.31815e+04 1011324 1 2.9749e-02
+9.03080e+04 -6.31837e+04 1011325 1 2.6285e-02
+4.86689e+04 -5.94750e+04 1011326 1 7.5798e-02
+4.97325e+04 -5.96498e+04 1011327 1 8.0264e-02
+5.07968e+04 -5.98159e+04 1011328 1 8.4618e-02
+5.18621e+04 -5.99735e+04 1011329 1 8.8760e-02
+5.29285e+04 -6.01227e+04 1011330 1 9.2904e-02
+5.39964e+04 -6.02637e+04 1011331 1 9.6634e-02
+5.50659e+04 -6.03967e+04 1011332 1 9.9915e-02
+5.61371e+04 -6.05219e+04 1011333 1 1.0269e-01
+5.72103e+04 -6.06395e+04 1011334 1 1.0489e-01
+5.82856e+04 -6.07498e+04 1011335 1 1.0611e-01
+5.93630e+04 -6.08530e+04 1011336 1 1.0770e-01
+6.04427e+04 -6.09494e+04 1011337 1 1.0908e-01
+6.15246e+04 -6.10394e+04 1011338 1 1.0998e-01
+6.26089e+04 -6.11231e+04 1011339 1 1.1042e-01
+6.36954e+04 -6.12009e+04 1011340 1 1.1040e-01
+6.47843e+04 -6.12730e+04 1011341 1 1.0998e-01
+6.58755e+04 -6.13398e+04 1011342 1 1.0921e-01
+6.69689e+04 -6.14014e+04 1011343 1 1.0800e-01
+6.80646e+04 -6.14582e+04 1011344 1 1.0643e-01
+6.91624e+04 -6.15105e+04 1011345 1 1.0444e-01
+7.02624e+04 -6.15584e+04 1011346 1 1.0209e-01
+7.13644e+04 -6.16023e+04 1011347 1 9.9435e-02
+7.24683e+04 -6.16424e+04 1011348 1 9.6452e-02
+7.35742e+04 -6.16788e+04 1011349 1 9.3184e-02
+7.46818e+04 -6.17120e+04 1011350 1 8.9638e-02
+7.57911e+04 -6.17419e+04 1011351 1 8.5849e-02
+7.69021e+04 -6.17690e+04 1011352 1 8.1830e-02
+7.80145e+04 -6.17933e+04 1011353 1 7.7622e-02
+7.91283e+04 -6.18150e+04 1011354 1 7.3237e-02
+8.02433e+04 -6.18342e+04 1011355 1 6.8694e-02
+8.13596e+04 -6.18512e+04 1011356 1 6.4042e-02
+8.24768e+04 -6.18661e+04 1011357 1 5.9284e-02
+8.35950e+04 -6.18789e+04 1011358 1 5.4476e-02
+8.47140e+04 -6.18898e+04 1011359 1 4.9663e-02
+8.58337e+04 -6.18989e+04 1011360 1 4.4869e-02
+8.69540e+04 -6.19062e+04 1011361 1 4.0180e-02
+8.80748e+04 -6.19118e+04 1011362 1 3.5684e-02
+8.91959e+04 -6.19158e+04 1011363 1 3.1548e-02
+9.03172e+04 -6.19181e+04 1011364 1 2.8111e-02
+4.89032e+04 -5.81715e+04 1011365 1 7.1594e-02
+4.99670e+04 -5.83447e+04 1011366 1 7.5289e-02
+5.10311e+04 -5.85097e+04 1011367 1 7.9098e-02
+5.20956e+04 -5.86665e+04 1011368 1 8.2780e-02
+5.31608e+04 -5.88152e+04 1011369 1 8.6487e-02
+5.42270e+04 -5.89560e+04 1011370 1 9.0100e-02
+5.52943e+04 -5.90890e+04 1011371 1 9.3312e-02
+5.63629e+04 -5.92144e+04 1011372 1 9.6176e-02
+5.74330e+04 -5.93325e+04 1011373 1 9.8564e-02
+5.85048e+04 -5.94435e+04 1011374 1 1.0056e-01
+5.95783e+04 -5.95475e+04 1011375 1 1.0210e-01
+6.06536e+04 -5.96449e+04 1011376 1 1.0313e-01
+6.17309e+04 -5.97359e+04 1011377 1 1.0359e-01
+6.28102e+04 -5.98207e+04 1011378 1 1.0387e-01
+6.38914e+04 -5.98998e+04 1011379 1 1.0413e-01
+6.49746e+04 -5.99732e+04 1011380 1 1.0398e-01
+6.60599e+04 -6.00413e+04 1011381 1 1.0349e-01
+6.71471e+04 -6.01044e+04 1011382 1 1.0264e-01
+6.82363e+04 -6.01626e+04 1011383 1 1.0140e-01
+6.93274e+04 -6.02163e+04 1011384 1 9.9820e-02
+7.04204e+04 -6.02657e+04 1011385 1 9.7879e-02
+7.15152e+04 -6.03111e+04 1011386 1 9.5610e-02
+7.26118e+04 -6.03526e+04 1011387 1 9.3051e-02
+7.37100e+04 -6.03904e+04 1011388 1 9.0210e-02
+7.48099e+04 -6.04249e+04 1011389 1 8.7077e-02
+7.59114e+04 -6.04562e+04 1011390 1 8.3735e-02
+7.70142e+04 -6.04845e+04 1011391 1 8.0157e-02
+7.81185e+04 -6.05100e+04 1011392 1 7.6390e-02
+7.92240e+04 -6.05328e+04 1011393 1 7.2451e-02
+8.03306e+04 -6.05531e+04 1011394 1 6.8368e-02
+8.14384e+04 -6.05711e+04 1011395 1 6.4170e-02
+8.25471e+04 -6.05868e+04 1011396 1 5.9879e-02
+8.36566e+04 -6.06004e+04 1011397 1 5.5516e-02
+8.47669e+04 -6.06119e+04 1011398 1 5.1156e-02
+8.58779e+04 -6.06216e+04 1011399 1 4.6808e-02
+8.69894e+04 -6.06294e+04 1011400 1 4.2547e-02
+8.81013e+04 -6.06353e+04 1011401 1 3.8450e-02
+8.92135e+04 -6.06396e+04 1011402 1 3.4640e-02
+9.03260e+04 -6.06421e+04 1011403 1 3.1466e-02
+4.91185e+04 -5.68652e+04 1011404 1 6.9693e-02
+5.01829e+04 -5.70367e+04 1011405 1 7.2586e-02
+5.12470e+04 -5.72002e+04 1011406 1 7.5688e-02
+5.23112e+04 -5.73559e+04 1011407 1 7.8894e-02
+5.33756e+04 -5.75037e+04 1011408 1 8.1956e-02
+5.44405e+04 -5.76439e+04 1011409 1 8.5244e-02
+5.55060e+04 -5.77766e+04 1011410 1 8.8245e-02
+5.65725e+04 -5.79019e+04 1011411 1 9.1022e-02
+5.76400e+04 -5.80201e+04 1011412 1 9.3405e-02
+5.87088e+04 -5.81313e+04 1011413 1 9.5448e-02
+5.97789e+04 -5.82359e+04 1011414 1 9.7099e-02
+6.08505e+04 -5.83339e+04 1011415 1 9.8342e-02
+6.19236e+04 -5.84257e+04 1011416 1 9.9220e-02
+6.29983e+04 -5.85115e+04 1011417 1 9.9717e-02
+6.40747e+04 -5.85915e+04 1011418 1 9.9766e-02
+6.51528e+04 -5.86661e+04 1011419 1 9.9366e-02
+6.62326e+04 -5.87353e+04 1011420 1 9.8909e-02
+6.73142e+04 -5.87995e+04 1011421 1 9.8336e-02
+6.83974e+04 -5.88590e+04 1011422 1 9.7412e-02
+6.94823e+04 -5.89140e+04 1011423 1 9.6156e-02
+7.05689e+04 -5.89646e+04 1011424 1 9.4574e-02
+7.16571e+04 -5.90112e+04 1011425 1 9.2678e-02
+7.27468e+04 -5.90540e+04 1011426 1 9.0497e-02
+7.38380e+04 -5.90931e+04 1011427 1 8.8040e-02
+7.49307e+04 -5.91289e+04 1011428 1 8.5325e-02
+7.60247e+04 -5.91613e+04 1011429 1 8.2387e-02
+7.71201e+04 -5.91908e+04 1011430 1 7.9239e-02
+7.82167e+04 -5.92173e+04 1011431 1 7.5898e-02
+7.93144e+04 -5.92411e+04 1011432 1 7.2404e-02
+8.04131e+04 -5.92624e+04 1011433 1 6.8775e-02
+8.15129e+04 -5.92812e+04 1011434 1 6.5028e-02
+8.26135e+04 -5.92977e+04 1011435 1 6.1202e-02
+8.37149e+04 -5.93120e+04 1011436 1 5.7330e-02
+8.48170e+04 -5.93241e+04 1011437 1 5.3440e-02
+8.59196e+04 -5.93343e+04 1011438 1 4.9586e-02
+8.70228e+04 -5.93425e+04 1011439 1 4.5802e-02
+8.81263e+04 -5.93488e+04 1011440 1 4.2191e-02
+8.92302e+04 -5.93533e+04 1011441 1 3.8873e-02
+9.03342e+04 -5.93560e+04 1011442 1 3.6092e-02
+4.93158e+04 -5.55567e+04 1011443 1 7.0112e-02
+5.03810e+04 -5.57262e+04 1011444 1 7.1990e-02
+5.14455e+04 -5.58879e+04 1011445 1 7.4068e-02
+5.25096e+04 -5.60420e+04 1011446 1 7.6577e-02
+5.35735e+04 -5.61887e+04 1011447 1 7.9165e-02
+5.46375e+04 -5.63279e+04 1011448 1 8.1925e-02
+5.57017e+04 -5.64599e+04 1011449 1 8.4652e-02
+5.67664e+04 -5.65848e+04 1011450 1 8.7177e-02
+5.78318e+04 -5.67028e+04 1011451 1 8.9475e-02
+5.88980e+04 -5.68141e+04 1011452 1 9.1448e-02
+5.99652e+04 -5.69188e+04 1011453 1 9.3091e-02
+6.10335e+04 -5.70172e+04 1011454 1 9.4422e-02
+6.21029e+04 -5.71095e+04 1011455 1 9.5423e-02
+6.31737e+04 -5.71959e+04 1011456 1 9.6067e-02
+6.42458e+04 -5.72767e+04 1011457 1 9.6398e-02
+6.53192e+04 -5.73520e+04 1011458 1 9.6377e-02
+6.63941e+04 -5.74222e+04 1011459 1 9.5987e-02
+6.74705e+04 -5.74874e+04 1011460 1 9.5277e-02
+6.85482e+04 -5.75479e+04 1011461 1 9.4341e-02
+6.96275e+04 -5.76039e+04 1011462 1 9.3378e-02
+7.07081e+04 -5.76556e+04 1011463 1 9.2113e-02
+7.17901e+04 -5.77033e+04 1011464 1 9.0538e-02
+7.28735e+04 -5.77472e+04 1011465 1 8.8699e-02
+7.39582e+04 -5.77874e+04 1011466 1 8.6613e-02
+7.50442e+04 -5.78242e+04 1011467 1 8.4273e-02
+7.61314e+04 -5.78577e+04 1011468 1 8.1731e-02
+7.72197e+04 -5.78881e+04 1011469 1 7.8983e-02
+7.83091e+04 -5.79156e+04 1011470 1 7.6062e-02
+7.93995e+04 -5.79403e+04 1011471 1 7.2994e-02
+8.04909e+04 -5.79624e+04 1011472 1 6.9802e-02
+8.15831e+04 -5.79820e+04 1011473 1 6.6507e-02
+8.26761e+04 -5.79992e+04 1011474 1 6.3149e-02
+8.37698e+04 -5.80141e+04 1011475 1 5.9748e-02
+8.48642e+04 -5.80268e+04 1011476 1 5.6350e-02
+8.59590e+04 -5.80375e+04 1011477 1 5.3006e-02
+8.70543e+04 -5.80461e+04 1011478 1 4.9767e-02
+8.81500e+04 -5.80527e+04 1011479 1 4.6709e-02
+8.92459e+04 -5.80574e+04 1011480 1 4.3956e-02
+9.03421e+04 -5.80602e+04 1011481 1 4.1707e-02
+4.94959e+04 -5.42463e+04 1011482 1 7.1356e-02
+5.05622e+04 -5.44134e+04 1011483 1 7.2614e-02
+5.16273e+04 -5.45731e+04 1011484 1 7.4227e-02
+5.26916e+04 -5.47255e+04 1011485 1 7.5971e-02
+5.37553e+04 -5.48706e+04 1011486 1 7.7808e-02
+5.48187e+04 -5.50086e+04 1011487 1 7.9823e-02
+5.58819e+04 -5.51396e+04 1011488 1 8.2202e-02
+5.69453e+04 -5.52638e+04 1011489 1 8.4495e-02
+5.80089e+04 -5.53812e+04 1011490 1 8.6606e-02
+5.90730e+04 -5.54922e+04 1011491 1 8.8486e-02
+6.01377e+04 -5.55968e+04 1011492 1 9.0103e-02
+6.12031e+04 -5.56952e+04 1011493 1 9.1416e-02
+6.22693e+04 -5.57877e+04 1011494 1 9.2478e-02
+6.33366e+04 -5.58745e+04 1011495 1 9.3236e-02
+6.44048e+04 -5.59557e+04 1011496 1 9.3683e-02
+6.54741e+04 -5.60316e+04 1011497 1 9.3839e-02
+6.65446e+04 -5.61025e+04 1011498 1 9.3690e-02
+6.76162e+04 -5.61684e+04 1011499 1 9.3242e-02
+6.86890e+04 -5.62297e+04 1011500 1 9.2498e-02
+6.97630e+04 -5.62866e+04 1011501 1 9.1530e-02
+7.08382e+04 -5.63392e+04 1011502 1 9.0357e-02
+7.19146e+04 -5.63878e+04 1011503 1 8.9090e-02
+7.29921e+04 -5.64325e+04 1011504 1 8.7579e-02
+7.40708e+04 -5.64737e+04 1011505 1 8.5818e-02
+7.51505e+04 -5.65113e+04 1011506 1 8.3847e-02
+7.62313e+04 -5.65457e+04 1011507 1 8.1659e-02
+7.73131e+04 -5.65770e+04 1011508 1 7.9303e-02
+7.83958e+04 -5.66053e+04 1011509 1 7.6780e-02
+7.94794e+04 -5.66308e+04 1011510 1 7.4123e-02
+8.05639e+04 -5.66536e+04 1011511 1 7.1355e-02
+8.16491e+04 -5.66739e+04 1011512 1 6.8498e-02
+8.27350e+04 -5.66917e+04 1011513 1 6.5587e-02
+8.38215e+04 -5.67072e+04 1011514 1 6.2665e-02
+8.49085e+04 -5.67204e+04 1011515 1 5.9755e-02
+8.59961e+04 -5.67314e+04 1011516 1 5.6913e-02
+8.70840e+04 -5.67404e+04 1011517 1 5.4218e-02
+8.81723e+04 -5.67473e+04 1011518 1 5.1730e-02
+8.92608e+04 -5.67522e+04 1011519 1 4.9590e-02
+9.03494e+04 -5.67551e+04 1011520 1 4.7988e-02
+4.96596e+04 -5.29345e+04 1011521 1 7.3143e-02
+5.07272e+04 -5.30988e+04 1011522 1 7.3896e-02
+5.17932e+04 -5.32561e+04 1011523 1 7.4970e-02
+5.28579e+04 -5.34065e+04 1011524 1 7.6287e-02
+5.39217e+04 -5.35498e+04 1011525 1 7.7728e-02
+5.49847e+04 -5.36863e+04 1011526 1 7.9295e-02
+5.60473e+04 -5.38161e+04 1011527 1 8.0994e-02
+5.71096e+04 -5.39392e+04 1011528 1 8.2789e-02
+5.81719e+04 -5.40558e+04 1011529 1 8.4680e-02
+5.92342e+04 -5.41661e+04 1011530 1 8.6412e-02
+6.02967e+04 -5.42703e+04 1011531 1 8.7963e-02
+6.13597e+04 -5.43685e+04 1011532 1 8.9276e-02
+6.24232e+04 -5.44609e+04 1011533 1 9.0308e-02
+6.34873e+04 -5.45478e+04 1011534 1 9.1135e-02
+6.45521e+04 -5.46292e+04 1011535 1 9.1675e-02
+6.56178e+04 -5.47054e+04 1011536 1 9.1965e-02
+6.66842e+04 -5.47767e+04 1011537 1 9.1993e-02
+6.77516e+04 -5.48432e+04 1011538 1 9.1744e-02
+6.88199e+04 -5.49050e+04 1011539 1 9.1230e-02
+6.98891e+04 -5.49625e+04 1011540 1 9.0467e-02
+7.09594e+04 -5.50158e+04 1011541 1 8.9470e-02
+7.20305e+04 -5.50651e+04 1011542 1 8.8315e-02
+7.31027e+04 -5.51106e+04 1011543 1 8.7032e-02
+7.41758e+04 -5.51524e+04 1011544 1 8.5587e-02
+7.52498e+04 -5.51908e+04 1011545 1 8.3935e-02
+7.63246e+04 -5.52259e+04 1011546 1 8.2100e-02
+7.74004e+04 -5.52579e+04 1011547 1 8.0102e-02
+7.84769e+04 -5.52869e+04 1011548 1 7.7956e-02
+7.95542e+04 -5.53131e+04 1011549 1 7.5690e-02
+8.06322e+04 -5.53365e+04 1011550 1 7.3326e-02
+8.17108e+04 -5.53573e+04 1011551 1 7.0890e-02
+8.27901e+04 -5.53757e+04 1011552 1 6.8416e-02
+8.38699e+04 -5.53917e+04 1011553 1 6.5938e-02
+8.49501e+04 -5.54053e+04 1011554 1 6.3504e-02
+8.60308e+04 -5.54167e+04 1011555 1 6.1149e-02
+8.71118e+04 -5.54260e+04 1011556 1 5.8951e-02
+8.81931e+04 -5.54331e+04 1011557 1 5.6985e-02
+8.92746e+04 -5.54382e+04 1011558 1 5.5373e-02
+9.03563e+04 -5.54412e+04 1011559 1 5.4279e-02
+4.98078e+04 -5.16216e+04 1011560 1 7.5435e-02
+5.08768e+04 -5.17830e+04 1011561 1 7.5629e-02
+5.19438e+04 -5.19376e+04 1011562 1 7.6283e-02
+5.30092e+04 -5.20855e+04 1011563 1 7.7144e-02
+5.40733e+04 -5.22268e+04 1011564 1 7.8226e-02
+5.51363e+04 -5.23614e+04 1011565 1 7.9448e-02
+5.61985e+04 -5.24896e+04 1011566 1 8.0748e-02
+5.72601e+04 -5.26114e+04 1011567 1 8.2216e-02
+5.83212e+04 -5.27270e+04 1011568 1 8.3680e-02
+5.93821e+04 -5.28364e+04 1011569 1 8.5124e-02
+6.04429e+04 -5.29399e+04 1011570 1 8.6564e-02
+6.15038e+04 -5.30375e+04 1011571 1 8.7818e-02
+6.25649e+04 -5.31296e+04 1011572 1 8.8842e-02
+6.36263e+04 -5.32162e+04 1011573 1 8.9689e-02
+6.46881e+04 -5.32976e+04 1011574 1 9.0301e-02
+6.57504e+04 -5.33739e+04 1011575 1 9.0686e-02
+6.68134e+04 -5.34453e+04 1011576 1 9.0845e-02
+6.78769e+04 -5.35120e+04 1011577 1 9.0758e-02
+6.89411e+04 -5.35743e+04 1011578 1 9.0450e-02
+7.00061e+04 -5.36322e+04 1011579 1 8.9906e-02
+7.10718e+04 -5.36859e+04 1011580 1 8.9133e-02
+7.21382e+04 -5.37357e+04 1011581 1 8.8166e-02
+7.32054e+04 -5.37817e+04 1011582 1 8.7050e-02
+7.42734e+04 -5.38241e+04 1011583 1 8.5813e-02
+7.53421e+04 -5.38631e+04 1011584 1 8.4474e-02
+7.64115e+04 -5.38988e+04 1011585 1 8.2960e-02
+7.74816e+04 -5.39313e+04 1011586 1 8.1293e-02
+7.85524e+04 -5.39609e+04 1011587 1 7.9503e-02
+7.96238e+04 -5.39876e+04 1011588 1 7.7603e-02
+8.06959e+04 -5.40115e+04 1011589 1 7.5620e-02
+8.17684e+04 -5.40329e+04 1011590 1 7.3581e-02
+8.28415e+04 -5.40517e+04 1011591 1 7.1513e-02
+8.39150e+04 -5.40680e+04 1011592 1 6.9456e-02
+8.49889e+04 -5.40820e+04 1011593 1 6.7455e-02
+8.60632e+04 -5.40938e+04 1011594 1 6.5544e-02
+8.71378e+04 -5.41033e+04 1011595 1 6.3795e-02
+8.82126e+04 -5.41106e+04 1011596 1 6.2264e-02
+8.92876e+04 -5.41158e+04 1011597 1 6.1066e-02
+9.03627e+04 -5.41189e+04 1011598 1 6.0298e-02
+9.03687e+04 -5.27887e+04 3010038 1 6.5963e-02
+8.92997e+04 -5.27856e+04 3010037 1 6.6535e-02
+8.82308e+04 -5.27802e+04 3010036 1 6.7429e-02
+8.71620e+04 -5.27727e+04 3010035 1 6.8596e-02
+8.60934e+04 -5.27630e+04 3010034 1 6.9959e-02
+8.50250e+04 -5.27510e+04 3010033 1 7.1485e-02
+8.39570e+04 -5.27367e+04 3010032 1 7.3106e-02
+8.28893e+04 -5.27200e+04 3010031 1 7.4777e-02
+8.18219e+04 -5.27009e+04 3010030 1 7.6467e-02
+8.07550e+04 -5.26792e+04 3010029 1 7.8145e-02
+7.96885e+04 -5.26548e+04 3010028 1 7.9775e-02
+4.77918e+04 -4.99727e+04 2010039 1 8.0597e-02
+4.70766e+04 -6.18860e+04 11352 1 8.7621e-02
+9.03841e+04 -4.87555e+04 3010155 1 8.0795e-02
+8.93306e+04 -4.87522e+04 3010154 1 8.1012e-02
