+4.71806e+04 -4.72427e+04 4010238 1 3.6792e-01
+8.15808e+04 -2.78440e+04 7010028 1 2.4999e-01
+4.89082e+04 -4.79889e+04 4010240 1 3.6676e-01
+8.24765e+04 -2.78477e+04 7010029 1 2.4898e-01
+6.17122e+04 -2.71579e+04 7010006 1 2.8418e-01
+5.89215e+04 -2.68881e+04 7010003 1 2.9268e-01
+4.74924e+04 -4.57457e+04 4010279 1 3.6115e-01
+4.80454e+04 -4.76285e+04 4010239 1 3.6636e-01
+4.68691e+04 -4.38607e+04 4010319 1 3.5808e-01
+6.53806e+04 -2.74267e+04 7010010 1 2.7559e-01
+6.62908e+04 -2.74798e+04 7010011 1 2.7378e-01
+6.71987e+04 -2.75278e+04 7010012 1 2.7206e-01
+5.39368e+04 -4.63544e+04 4010327 1 3.5114e-01
+5.36023e+04 -4.78962e+04 4010286 1 3.6203e-01
+5.42343e+04 -4.48100e+04 4010368 1 3.4128e-01
+5.51899e+04 -3.70874e+04 4010573 1 3.0644e-01
+4.83697e+04 -4.61222e+04 4010280 1 3.5903e-01
+5.44955e+04 -4.32645e+04 4010409 1 3.3225e-01
+7.26133e+04 -2.77275e+04 7010018 1 2.6296e-01
+5.52787e+04 -3.55487e+04 4010614 1 3.0289e-01
+8.33722e+04 -2.78506e+04 7010030 1 2.4808e-01
+7.35120e+04 -2.77487e+04 7010019 1 2.6154e-01
+8.42678e+04 -2.78529e+04 7010031 1 2.4710e-01
+5.47211e+04 -4.17185e+04 4010450 1 3.2407e-01
+7.44099e+04 -2.77671e+04 7010020 1 2.6018e-01
+8.51635e+04 -2.78546e+04 7010032 1 2.4623e-01
+7.53074e+04 -2.77831e+04 7010021 1 2.5881e-01
+6.07864e+04 -2.70750e+04 7010005 1 2.8678e-01
+8.60592e+04 -2.78558e+04 7010033 1 2.4552e-01
+6.26341e+04 -2.72342e+04 7010007 1 2.8179e-01
+5.53345e+04 -3.40138e+04 4010655 1 3.0044e-01
+7.62044e+04 -2.77969e+04 7010022 1 2.5741e-01
+8.69549e+04 -2.78568e+04 7010034 1 2.4499e-01
+6.35526e+04 -2.73043e+04 7010008 1 2.7957e-01
+5.49116e+04 -4.01732e+04 4010491 1 3.1688e-01
+5.53059e+04 -2.94394e+04 4010778 1 3.0124e-01
+8.78507e+04 -2.78575e+04 7010035 1 2.4450e-01
+6.44680e+04 -2.73683e+04 7010009 1 2.7752e-01
+8.87465e+04 -2.78581e+04 7010036 1 2.4404e-01
+7.71010e+04 -2.78086e+04 7010023 1 2.5606e-01
+5.53574e+04 -3.24835e+04 4010696 1 2.9913e-01
+8.96423e+04 -2.78584e+04 7010037 1 2.4371e-01
+9.05382e+04 -2.78585e+04 7010038 1 2.4353e-01
+5.50677e+04 -3.86292e+04 4010532 1 3.1100e-01
+5.70357e+04 -2.66711e+04 7010001 1 2.9984e-01
+5.79815e+04 -2.67835e+04 7010002 1 2.9609e-01
+5.60837e+04 -2.65506e+04 7010000 1 3.0404e-01
+6.81047e+04 -2.75711e+04 7010013 1 2.7043e-01
+6.90090e+04 -2.76100e+04 7010014 1 2.6887e-01
+7.79973e+04 -2.78185e+04 7010024 1 2.5478e-01
+6.99119e+04 -2.76448e+04 7010015 1 2.6737e-01
+7.88933e+04 -2.78268e+04 7010025 1 2.5360e-01
+7.08134e+04 -2.76758e+04 7010016 1 2.6591e-01
+7.97893e+04 -2.78338e+04 7010026 1 2.5234e-01
+8.06851e+04 -2.78394e+04 7010027 1 2.5111e-01
+5.98563e+04 -2.69852e+04 7010004 1 2.8960e-01
+7.17138e+04 -2.77033e+04 7010017 1 2.6441e-01
+4.86548e+04 -4.46169e+04 4010321 1 3.5223e-01
+4.72745e+04 -4.09034e+04 4010401 1 3.5040e-01
+4.79995e+04 -4.27579e+04 4010361 1 3.4906e-01
+4.74234e+04 -3.94314e+04 4010442 1 3.4760e-01
+4.77650e+04 -4.42505e+04 4010320 1 3.5475e-01
+4.70901e+04 -4.23801e+04 4010360 1 3.5384e-01
+5.21801e+04 -4.58589e+04 4010325 1 3.4928e-01
+5.18572e+04 -4.73928e+04 4010284 1 3.5909e-01
+5.27290e+04 -4.76549e+04 4010285 1 3.6020e-01
+5.24653e+04 -4.43243e+04 4010366 1 3.4014e-01
+5.30582e+04 -4.61165e+04 4010326 1 3.4997e-01
+5.33520e+04 -3.66695e+04 4010571 1 3.1094e-01
+5.27135e+04 -4.27898e+04 4010407 1 3.3214e-01
+5.33501e+04 -4.45766e+04 4010367 1 3.4051e-01
+5.36053e+04 -4.30361e+04 4010408 1 3.3180e-01
+5.29255e+04 -4.12562e+04 4010448 1 3.2504e-01
+5.42734e+04 -3.68857e+04 4010572 1 3.0835e-01
+5.38246e+04 -4.14959e+04 4010449 1 3.2417e-01
+5.44040e+04 -3.38287e+04 4010654 1 3.0318e-01
+5.41580e+04 -3.84199e+04 4010531 1 3.1249e-01
+5.40086e+04 -3.99569e+04 4010490 1 3.1762e-01
+5.44030e+04 -3.07916e+04 4010736 1 3.0356e-01
+5.44198e+04 -3.23073e+04 4010695 1 3.0267e-01
+5.43539e+04 -2.92820e+04 4010777 1 3.0572e-01
+5.43553e+04 -3.53551e+04 4010613 1 3.0523e-01
+5.41580e+04 -2.62842e+04 6010039 1 3.1417e-01
+5.51246e+04 -2.64217e+04 6010040 1 3.0877e-01
+5.42723e+04 -2.77794e+04 4010818 1 3.0922e-01
+5.53478e+04 -3.09585e+04 4010737 1 2.9957e-01
+5.52315e+04 -2.79269e+04 4010819 1 3.0426e-01
+4.97700e+04 -4.83246e+04 4010241 1 3.6749e-01
+5.04220e+04 -4.52816e+04 4010323 1 3.4917e-01
+5.01156e+04 -4.68033e+04 4010282 1 3.5783e-01
+5.06322e+04 -4.86363e+04 4010242 1 3.6836e-01
+5.09864e+04 -4.71091e+04 4010283 1 3.5837e-01
+5.06902e+04 -4.37605e+04 4010364 1 3.4148e-01
+5.09213e+04 -4.22407e+04 4010405 1 3.3499e-01
+5.13017e+04 -4.55808e+04 4010324 1 3.4890e-01
+5.15789e+04 -4.40525e+04 4010365 1 3.4055e-01
+5.18191e+04 -4.25249e+04 4010406 1 3.3310e-01
+5.20229e+04 -4.09989e+04 4010447 1 3.2697e-01
+5.24246e+04 -3.64386e+04 4010570 1 3.1411e-01
+5.24905e+04 -3.49267e+04 4010611 1 3.1206e-01
+5.25233e+04 -3.34199e+04 4010652 1 3.1153e-01
+5.23251e+04 -3.79550e+04 4010529 1 3.1740e-01
+5.21914e+04 -3.94753e+04 4010488 1 3.2174e-01
+5.34671e+04 -3.36308e+04 4010653 1 3.0689e-01
+5.34753e+04 -3.21192e+04 4010694 1 3.0702e-01
+5.32441e+04 -3.81953e+04 4010530 1 3.1471e-01
+5.31021e+04 -3.97244e+04 4010489 1 3.1939e-01
+5.34262e+04 -3.51478e+04 4010612 1 3.0822e-01
+5.33943e+04 -2.91144e+04 4010776 1 3.1097e-01
+5.31831e+04 -2.61379e+04 6010038 1 3.2034e-01
+5.33050e+04 -2.76223e+04 4010817 1 3.1490e-01
+5.34510e+04 -3.06135e+04 4010735 1 3.0836e-01
+8.15619e+04 -2.62506e+04 7010067 1 2.4780e-01
+7.70710e+04 -2.62166e+04 7010062 1 2.5376e-01
+7.88681e+04 -2.62340e+04 7010064 1 2.5128e-01
+8.78443e+04 -2.62641e+04 7010074 1 2.4271e-01
+8.51520e+04 -2.62611e+04 7010071 1 2.4429e-01
+8.69469e+04 -2.62633e+04 7010073 1 2.4316e-01
+8.24595e+04 -2.62542e+04 7010068 1 2.4685e-01
+8.87418e+04 -2.62647e+04 7010075 1 2.4230e-01
+8.96392e+04 -2.62650e+04 7010076 1 2.4201e-01
+8.42546e+04 -2.62594e+04 7010070 1 2.4508e-01
+8.60495e+04 -2.62623e+04 7010072 1 2.4364e-01
+7.97663e+04 -2.62407e+04 7010065 1 2.5004e-01
+9.05366e+04 -2.62651e+04 7010077 1 2.4185e-01
+7.79697e+04 -2.62261e+04 7010063 1 2.5247e-01
+8.33571e+04 -2.62571e+04 7010069 1 2.4598e-01
+8.06642e+04 -2.62462e+04 7010066 1 2.4886e-01
+4.95400e+04 -4.49605e+04 4010322 1 3.5015e-01
+4.97982e+04 -4.34477e+04 4010363 1 3.4346e-01
+4.92437e+04 -4.64746e+04 4010281 1 3.5780e-01
+4.89017e+04 -4.31136e+04 4010362 1 3.4596e-01
+4.91115e+04 -4.16132e+04 4010403 1 3.4044e-01
+5.02039e+04 -4.04293e+04 4010445 1 3.3223e-01
+5.00191e+04 -4.19370e+04 4010404 1 3.3742e-01
+5.03532e+04 -3.89252e+04 4010486 1 3.2811e-01
+5.05486e+04 -3.59306e+04 4010568 1 3.2343e-01
+5.11161e+04 -4.07234e+04 4010446 1 3.2936e-01
+5.06108e+04 -3.29576e+04 4010650 1 3.2305e-01
+5.14904e+04 -3.61924e+04 4010569 1 3.1813e-01
+5.12754e+04 -3.92091e+04 4010487 1 3.2453e-01
+5.15715e+04 -3.31956e+04 4010651 1 3.1692e-01
+5.15474e+04 -3.46912e+04 4010610 1 3.1704e-01
+5.15629e+04 -3.17061e+04 4010692 1 3.1791e-01
+5.15220e+04 -3.02231e+04 4010733 1 3.2010e-01
+5.12057e+04 -2.58178e+04 6010036 1 3.3453e-01
+5.14000e+04 -3.76985e+04 4010528 1 3.2072e-01
+5.23289e+04 -2.74554e+04 4010816 1 3.2133e-01
+5.24910e+04 -3.04241e+04 4010734 1 3.1386e-01
+5.21993e+04 -2.59825e+04 6010037 1 3.2713e-01
+6.25448e+04 -2.56790e+04 7010046 1 2.8381e-01
+6.34685e+04 -2.57442e+04 7010047 1 2.8112e-01
+6.16175e+04 -2.56079e+04 7010045 1 2.8669e-01
+5.25233e+04 -3.19189e+04 4010693 1 3.1212e-01
+6.53062e+04 -2.58583e+04 7010049 1 2.7629e-01
+6.80432e+04 -2.59932e+04 7010052 1 2.6996e-01
+5.24262e+04 -2.89362e+04 4010775 1 3.1691e-01
+7.34712e+04 -2.61599e+04 7010058 1 2.5956e-01
+6.71331e+04 -2.59527e+04 7010051 1 2.7196e-01
+7.16669e+04 -2.61171e+04 7010056 1 2.6278e-01
+6.43889e+04 -2.58039e+04 7010048 1 2.7861e-01
+7.25695e+04 -2.61399e+04 7010057 1 2.6114e-01
+6.62209e+04 -2.59079e+04 7010050 1 2.7408e-01
+7.52723e+04 -2.61924e+04 7010060 1 2.5660e-01
+6.89514e+04 -2.60297e+04 7010053 1 2.6804e-01
+6.98580e+04 -2.60623e+04 7010054 1 2.6624e-01
+7.61719e+04 -2.62055e+04 7010061 1 2.5514e-01
+7.43721e+04 -2.61773e+04 7010059 1 2.5807e-01
+7.07631e+04 -2.60913e+04 7010055 1 2.6449e-01
+4.81971e+04 -4.12688e+04 4010402 1 3.4458e-01
+4.83587e+04 -3.97837e+04 4010443 1 3.4127e-01
+4.85782e+04 -3.68283e+04 4010525 1 3.3710e-01
+4.84855e+04 -3.83033e+04 4010484 1 3.3877e-01
+4.94236e+04 -3.86234e+04 4010485 1 3.3283e-01
+4.92852e+04 -4.01162e+04 4010444 1 3.3606e-01
+4.95276e+04 -3.71355e+04 4010526 1 3.3067e-01
+4.95980e+04 -3.56529e+04 4010567 1 3.2945e-01
+4.95534e+04 -2.97851e+04 4010731 1 3.3488e-01
+5.05930e+04 -3.14804e+04 4010691 1 3.2449e-01
+5.05961e+04 -3.44411e+04 4010609 1 3.2271e-01
+4.96401e+04 -3.27056e+04 4010649 1 3.2992e-01
+5.05431e+04 -3.00101e+04 4010732 1 3.2707e-01
+4.96127e+04 -3.12418e+04 4010690 1 3.3175e-01
+5.04611e+04 -2.85470e+04 4010773 1 3.3101e-01
+4.96353e+04 -3.41761e+04 4010608 1 3.2920e-01
+5.04678e+04 -3.74255e+04 4010527 1 3.2510e-01
+5.59511e+04 -2.50439e+04 7010039 1 3.0962e-01
+5.97500e+04 -2.54473e+04 7010043 1 2.9308e-01
+5.88090e+04 -2.53571e+04 7010042 1 2.9668e-01
+5.69101e+04 -2.51557e+04 7010040 1 3.0489e-01
+5.13433e+04 -2.72786e+04 4010815 1 3.2843e-01
+6.06860e+04 -2.55308e+04 7010044 1 2.8975e-01
+5.78626e+04 -2.52600e+04 7010041 1 3.0062e-01
+5.14487e+04 -2.87471e+04 4010774 1 3.2358e-01
+5.03473e+04 -2.70915e+04 4010814 1 3.3613e-01
+5.02014e+04 -2.56438e+04 6010035 1 3.4249e-01
+4.75377e+04 -3.79646e+04 4010483 1 3.4557e-01
+4.76182e+04 -3.65036e+04 4010524 1 3.4436e-01
+4.76657e+04 -3.50488e+04 4010565 1 3.4402e-01
+4.76643e+04 -3.21593e+04 4010647 1 3.4664e-01
+4.76809e+04 -3.36006e+04 4010606 1 3.4489e-01
+4.86640e+04 -3.38960e+04 4010607 1 3.3644e-01
+4.86583e+04 -3.24396e+04 4010648 1 3.3769e-01
+4.86208e+04 -3.09901e+04 4010689 1 3.4011e-01
+4.75376e+04 -2.92984e+04 4010729 1 3.5288e-01
+4.76164e+04 -3.07251e+04 4010688 1 3.4929e-01
+4.84517e+04 -2.81132e+04 4010771 1 3.4793e-01
+4.86375e+04 -3.53590e+04 4010566 1 3.3631e-01
+4.81574e+04 -2.52673e+04 6010033 1 3.6012e-01
+4.85519e+04 -2.95479e+04 4010730 1 3.4352e-01
+5.10356e+04 -2.43653e+04 6010077 1 3.4195e-01
+4.83203e+04 -2.66863e+04 4010812 1 3.5343e-01
+4.91857e+04 -2.54603e+04 6010034 1 3.5104e-01
+4.93399e+04 -2.68941e+04 4010813 1 3.4447e-01
+5.30286e+04 -2.46615e+04 6010079 1 3.2717e-01
+4.94624e+04 -2.83358e+04 4010772 1 3.3913e-01
+5.00234e+04 -2.42044e+04 6010076 1 3.5014e-01
+5.20371e+04 -2.45176e+04 6010078 1 3.3429e-01
+7.06884e+04 -2.45129e+04 7010094 1 2.6384e-01
+6.97789e+04 -2.44859e+04 7010093 1 2.6596e-01
+6.88678e+04 -2.44557e+04 7010092 1 2.6813e-01
+7.88271e+04 -2.46459e+04 7010103 1 2.4870e-01
+7.25031e+04 -2.45580e+04 7010096 1 2.5988e-01
+6.52029e+04 -2.42971e+04 7010088 1 2.7813e-01
+6.70400e+04 -2.43844e+04 7010090 1 2.7287e-01
+8.06296e+04 -2.46573e+04 7010105 1 2.4610e-01
+6.79550e+04 -2.44219e+04 7010091 1 2.7043e-01
+8.24311e+04 -2.46649e+04 7010107 1 2.4397e-01
+5.49849e+04 -2.49244e+04 6010081 1 3.1482e-01
+7.79254e+04 -2.46384e+04 7010102 1 2.5002e-01
+7.34088e+04 -2.45766e+04 7010097 1 2.5805e-01
+7.43135e+04 -2.45929e+04 7010098 1 2.5634e-01
+7.70233e+04 -2.46296e+04 7010101 1 2.5145e-01
+6.42802e+04 -2.42467e+04 7010087 1 2.8096e-01
+8.96337e+04 -2.46753e+04 7010115 1 2.3898e-01
+8.87335e+04 -2.46750e+04 7010114 1 2.3927e-01
+5.40109e+04 -2.47970e+04 6010080 1 3.2067e-01
+7.61207e+04 -2.46191e+04 7010100 1 2.5298e-01
+7.97285e+04 -2.46522e+04 7010104 1 2.4735e-01
+7.52174e+04 -2.46070e+04 7010099 1 2.5462e-01
+8.60328e+04 -2.46728e+04 7010111 1 2.4065e-01
+8.15304e+04 -2.46615e+04 7010106 1 2.4497e-01
+8.33317e+04 -2.46677e+04 7010108 1 2.4304e-01
+7.15964e+04 -2.45369e+04 7010095 1 2.6180e-01
+8.42321e+04 -2.46699e+04 7010109 1 2.4212e-01
+8.69330e+04 -2.46737e+04 7010112 1 2.4015e-01
+8.78333e+04 -2.46745e+04 7010113 1 2.3968e-01
+6.61228e+04 -2.43429e+04 7010089 1 2.7544e-01
+9.05339e+04 -2.46755e+04 7010116 1 2.3882e-01
+8.51325e+04 -2.46715e+04 7010110 1 2.4132e-01
+5.44779e+04 -4.81177e+04 5010234 1 3.6453e-01
+5.53563e+04 -4.83201e+04 5010235 1 3.6673e-01
+5.62379e+04 -4.85043e+04 5010236 1 3.6847e-01
+5.71232e+04 -4.86711e+04 5010237 1 3.6972e-01
+4.74278e+04 -2.78793e+04 4010770 1 3.5745e-01
+4.71155e+04 -2.50646e+04 6010032 1 3.6984e-01
+4.72871e+04 -2.64680e+04 4010811 1 3.6308e-01
+4.79628e+04 -2.38564e+04 6010074 1 3.6807e-01
+4.89994e+04 -2.40348e+04 6010075 1 3.5884e-01
+6.14916e+04 -2.40657e+04 7010084 1 2.9062e-01
+5.86641e+04 -2.38343e+04 7010081 1 3.0232e-01
+6.05540e+04 -2.39945e+04 7010083 1 2.9426e-01
+6.24249e+04 -2.41313e+04 7010085 1 2.8721e-01
+6.33543e+04 -2.41915e+04 7010086 1 2.8399e-01
+5.96116e+04 -2.39175e+04 7010082 1 2.9814e-01
+5.48166e+04 -4.65730e+04 5010273 1 3.5267e-01
+5.56979e+04 -4.67735e+04 5010274 1 3.5477e-01
+5.65815e+04 -4.69565e+04 5010275 1 3.5655e-01
+5.74675e+04 -4.71229e+04 5010276 1 3.5791e-01
+5.83566e+04 -4.72733e+04 5010277 1 3.5877e-01
+5.92489e+04 -4.74088e+04 5010278 1 3.5961e-01
+6.01445e+04 -4.75301e+04 5010279 1 3.6006e-01
+6.10438e+04 -4.76381e+04 5010280 1 3.6004e-01
+6.19467e+04 -4.77334e+04 5010281 1 3.5939e-01
+6.28535e+04 -4.78170e+04 5010282 1 3.5811e-01
+6.37641e+04 -4.78896e+04 5010283 1 3.5653e-01
+6.46785e+04 -4.79521e+04 5010284 1 3.5425e-01
+6.55968e+04 -4.80052e+04 5010285 1 3.5134e-01
+6.65188e+04 -4.80496e+04 5010286 1 3.4786e-01
+6.74446e+04 -4.80861e+04 5010287 1 3.4393e-01
+6.83742e+04 -4.81154e+04 5010288 1 3.3935e-01
+6.93072e+04 -4.81381e+04 5010289 1 3.3413e-01
+7.02437e+04 -4.81550e+04 5010290 1 3.2833e-01
+7.11836e+04 -4.81665e+04 5010291 1 3.2211e-01
+7.21266e+04 -4.81734e+04 5010292 1 3.1559e-01
+7.30729e+04 -4.81764e+04 5010293 1 3.0882e-01
+7.40220e+04 -4.81758e+04 5010294 1 3.0103e-01
+7.49739e+04 -4.81723e+04 5010295 1 2.9284e-01
+7.59285e+04 -4.81662e+04 5010296 1 2.8434e-01
+7.68855e+04 -4.81581e+04 5010297 1 2.7567e-01
+7.78449e+04 -4.81485e+04 5010298 1 2.6710e-01
+7.88066e+04 -4.81378e+04 5010299 1 2.5884e-01
+7.97703e+04 -4.81264e+04 5010300 1 2.4910e-01
+8.07358e+04 -4.81146e+04 5010301 1 2.3920e-01
+8.17030e+04 -4.81026e+04 5010302 1 2.2924e-01
+8.26718e+04 -4.80908e+04 5010303 1 2.1939e-01
+8.36419e+04 -4.80794e+04 5010304 1 2.0992e-01
+8.46134e+04 -4.80689e+04 5010305 1 2.0176e-01
+8.55860e+04 -4.80597e+04 5010306 1 1.9350e-01
+8.65595e+04 -4.80515e+04 5010307 1 1.8439e-01
+8.75337e+04 -4.80446e+04 5010308 1 1.7592e-01
+8.85085e+04 -4.80390e+04 5010309 1 1.6841e-01
+8.94838e+04 -4.80349e+04 5010310 1 1.6232e-01
+9.04595e+04 -4.80322e+04 5010311 1 1.5837e-01
+5.51186e+04 -4.50254e+04 5010312 1 3.4225e-01
+5.60035e+04 -4.52231e+04 5010313 1 3.4350e-01
+5.68896e+04 -4.54042e+04 5010314 1 3.4516e-01
+5.77772e+04 -4.55693e+04 5010315 1 3.4652e-01
+5.86667e+04 -4.57193e+04 5010316 1 3.4747e-01
+5.95586e+04 -4.58548e+04 5010317 1 3.4797e-01
+6.04530e+04 -4.59766e+04 5010318 1 3.4827e-01
+6.13502e+04 -4.60856e+04 5010319 1 3.4827e-01
+6.22503e+04 -4.61825e+04 5010320 1 3.4773e-01
+6.31533e+04 -4.62680e+04 5010321 1 3.4667e-01
+6.40596e+04 -4.63430e+04 5010322 1 3.4514e-01
+6.49690e+04 -4.64080e+04 5010323 1 3.4321e-01
+6.58816e+04 -4.64639e+04 5010324 1 3.4071e-01
+6.67973e+04 -4.65114e+04 5010325 1 3.3764e-01
+6.77162e+04 -4.65512e+04 5010326 1 3.3405e-01
+6.86383e+04 -4.65838e+04 5010327 1 3.3005e-01
+6.95635e+04 -4.66101e+04 5010328 1 3.2550e-01
+7.04917e+04 -4.66306e+04 5010329 1 3.2033e-01
+7.14228e+04 -4.66458e+04 5010330 1 3.1466e-01
+7.23566e+04 -4.66564e+04 5010331 1 3.0863e-01
+7.32933e+04 -4.66630e+04 5010332 1 3.0236e-01
+7.42325e+04 -4.66660e+04 5010333 1 2.9590e-01
+7.51743e+04 -4.66661e+04 5010334 1 2.8849e-01
+7.61184e+04 -4.66635e+04 5010335 1 2.8077e-01
+7.70647e+04 -4.66588e+04 5010336 1 2.7283e-01
+7.80131e+04 -4.66524e+04 5010337 1 2.6483e-01
+7.89635e+04 -4.66448e+04 5010338 1 2.5704e-01
+7.99158e+04 -4.66363e+04 5010339 1 2.4919e-01
+8.08698e+04 -4.66273e+04 5010340 1 2.4030e-01
+8.18253e+04 -4.66179e+04 5010341 1 2.3137e-01
+8.27822e+04 -4.66085e+04 5010342 1 2.2254e-01
+8.37404e+04 -4.65993e+04 5010343 1 2.1402e-01
+8.46997e+04 -4.65907e+04 5010344 1 2.0629e-01
+8.56601e+04 -4.65830e+04 5010345 1 1.9991e-01
+8.66213e+04 -4.65763e+04 5010346 1 1.9207e-01
+8.75832e+04 -4.65706e+04 5010347 1 1.8492e-01
+8.85457e+04 -4.65659e+04 5010348 1 1.7876e-01
+8.95086e+04 -4.65625e+04 5010349 1 1.7396e-01
+9.04717e+04 -4.65603e+04 5010350 1 1.7101e-01
+5.53847e+04 -4.34755e+04 5010351 1 3.3298e-01
+5.62736e+04 -4.36700e+04 5010352 1 3.3373e-01
+5.71627e+04 -4.38485e+04 5010353 1 3.3457e-01
+5.80525e+04 -4.40116e+04 5010354 1 3.3577e-01
+5.89433e+04 -4.41603e+04 5010355 1 3.3670e-01
+5.98355e+04 -4.42952e+04 5010356 1 3.3728e-01
+6.07293e+04 -4.44169e+04 5010357 1 3.3747e-01
+6.16252e+04 -4.45262e+04 5010358 1 3.3736e-01
+6.25232e+04 -4.46239e+04 5010359 1 3.3700e-01
+6.34235e+04 -4.47107e+04 5010360 1 3.3616e-01
+6.43262e+04 -4.47873e+04 5010361 1 3.3480e-01
+6.52314e+04 -4.48543e+04 5010362 1 3.3297e-01
+6.61393e+04 -4.49124e+04 5010363 1 3.3077e-01
+6.70497e+04 -4.49624e+04 5010364 1 3.2805e-01
+6.79627e+04 -4.50049e+04 5010365 1 3.2485e-01
+6.88784e+04 -4.50404e+04 5010366 1 3.2125e-01
+6.97966e+04 -4.50696e+04 5010367 1 3.1728e-01
+7.07175e+04 -4.50932e+04 5010368 1 3.1282e-01
+7.16408e+04 -4.51116e+04 5010369 1 3.0779e-01
+7.25665e+04 -4.51254e+04 5010370 1 3.0234e-01
+7.34946e+04 -4.51352e+04 5010371 1 2.9661e-01
+7.44249e+04 -4.51414e+04 5010372 1 2.9070e-01
+7.53575e+04 -4.51446e+04 5010373 1 2.8456e-01
+7.62922e+04 -4.51452e+04 5010374 1 2.7764e-01
+7.72288e+04 -4.51436e+04 5010375 1 2.7050e-01
+7.81672e+04 -4.51401e+04 5010376 1 2.6324e-01
+7.91074e+04 -4.51352e+04 5010377 1 2.5604e-01
+8.00493e+04 -4.51293e+04 5010378 1 2.4920e-01
+8.09927e+04 -4.51228e+04 5010379 1 2.4174e-01
+8.19375e+04 -4.51158e+04 5010380 1 2.3384e-01
+8.28836e+04 -4.51086e+04 5010381 1 2.2605e-01
+8.38308e+04 -4.51014e+04 5010382 1 2.1855e-01
+8.47790e+04 -4.50945e+04 5010383 1 2.1164e-01
+8.57282e+04 -4.50882e+04 5010384 1 2.0619e-01
+8.66782e+04 -4.50828e+04 5010385 1 1.9990e-01
+8.76288e+04 -4.50782e+04 5010386 1 1.9396e-01
+8.85798e+04 -4.50744e+04 5010387 1 1.8895e-01
+8.95313e+04 -4.50716e+04 5010388 1 1.8518e-01
+9.04830e+04 -4.50698e+04 5010389 1 1.8293e-01
+5.56156e+04 -4.19247e+04 5010390 1 3.2447e-01
+5.65089e+04 -4.21151e+04 5010391 1 3.2504e-01
+5.74015e+04 -4.22902e+04 5010392 1 3.2552e-01
+5.82939e+04 -4.24508e+04 5010393 1 3.2593e-01
+5.91865e+04 -4.25975e+04 5010394 1 3.2668e-01
+6.00797e+04 -4.27310e+04 5010395 1 3.2725e-01
+6.09738e+04 -4.28520e+04 5010396 1 3.2749e-01
+6.18690e+04 -4.29610e+04 5010397 1 3.2735e-01
+6.27657e+04 -4.30589e+04 5010398 1 3.2697e-01
+6.36640e+04 -4.31463e+04 5010399 1 3.2631e-01
+6.45641e+04 -4.32238e+04 5010400 1 3.2520e-01
+6.54660e+04 -4.32922e+04 5010401 1 3.2364e-01
+6.63699e+04 -4.33520e+04 5010402 1 3.2168e-01
+6.72759e+04 -4.34038e+04 5010403 1 3.1936e-01
+6.81840e+04 -4.34484e+04 5010404 1 3.1656e-01
+6.90942e+04 -4.34862e+04 5010405 1 3.1333e-01
+7.00065e+04 -4.35179e+04 5010406 1 3.0976e-01
+7.09209e+04 -4.35440e+04 5010407 1 3.0589e-01
+7.18375e+04 -4.35651e+04 5010408 1 3.0153e-01
+7.27560e+04 -4.35817e+04 5010409 1 2.9670e-01
+7.36766e+04 -4.35942e+04 5010410 1 2.9155e-01
+7.45990e+04 -4.36032e+04 5010411 1 2.8621e-01
+7.55234e+04 -4.36091e+04 5010412 1 2.8078e-01
+7.64496e+04 -4.36124e+04 5010413 1 2.7496e-01
+7.73776e+04 -4.36135e+04 5010414 1 2.6861e-01
+7.83071e+04 -4.36126e+04 5010415 1 2.6215e-01
+7.92381e+04 -4.36102e+04 5010416 1 2.5570e-01
+8.01706e+04 -4.36067e+04 5010417 1 2.4943e-01
+8.11045e+04 -4.36023e+04 5010418 1 2.4345e-01
+8.20396e+04 -4.35975e+04 5010419 1 2.3655e-01
+8.29759e+04 -4.35922e+04 5010420 1 2.2977e-01
+8.39131e+04 -4.35868e+04 5010421 1 2.2326e-01
+8.48513e+04 -4.35814e+04 5010422 1 2.1725e-01
+8.57903e+04 -4.35765e+04 5010423 1 2.1225e-01
+8.67300e+04 -4.35723e+04 5010424 1 2.0756e-01
+8.76702e+04 -4.35686e+04 5010425 1 2.0265e-01
+8.86110e+04 -4.35656e+04 5010426 1 1.9859e-01
+8.95520e+04 -4.35634e+04 5010427 1 1.9559e-01
+9.04933e+04 -4.35618e+04 5010428 1 1.9383e-01
+5.58118e+04 -4.03738e+04 5010429 1 3.1685e-01
+5.67099e+04 -4.05594e+04 5010430 1 3.1713e-01
+5.76064e+04 -4.07306e+04 5010431 1 3.1747e-01
+5.85019e+04 -4.08879e+04 5010432 1 3.1770e-01
+5.93968e+04 -4.10319e+04 5010433 1 3.1787e-01
+6.02916e+04 -4.11634e+04 5010434 1 3.1815e-01
+6.11865e+04 -4.12829e+04 5010435 1 3.1823e-01
+6.20819e+04 -4.13911e+04 5010436 1 3.1816e-01
+6.29780e+04 -4.14885e+04 5010437 1 3.1778e-01
+6.38751e+04 -4.15759e+04 5010438 1 3.1717e-01
+6.47733e+04 -4.16538e+04 5010439 1 3.1627e-01
+6.56728e+04 -4.17228e+04 5010440 1 3.1497e-01
+6.65737e+04 -4.17837e+04 5010441 1 3.1327e-01
+6.74761e+04 -4.18368e+04 5010442 1 3.1126e-01
+6.83801e+04 -4.18829e+04 5010443 1 3.0886e-01
+6.92857e+04 -4.19225e+04 5010444 1 3.0607e-01
+7.01930e+04 -4.19561e+04 5010445 1 3.0291e-01
+7.11020e+04 -4.19843e+04 5010446 1 2.9947e-01
+7.20127e+04 -4.20076e+04 5010447 1 2.9581e-01
+7.29251e+04 -4.20264e+04 5010448 1 2.9161e-01
+7.38391e+04 -4.20413e+04 5010449 1 2.8708e-01
+7.47547e+04 -4.20527e+04 5010450 1 2.8234e-01
+7.56719e+04 -4.20609e+04 5010451 1 2.7746e-01
+7.65907e+04 -4.20665e+04 5010452 1 2.7259e-01
+7.75109e+04 -4.20699e+04 5010453 1 2.6711e-01
+7.84325e+04 -4.20713e+04 5010454 1 2.6143e-01
+7.93555e+04 -4.20711e+04 5010455 1 2.5574e-01
+8.02796e+04 -4.20696e+04 5010456 1 2.5018e-01
+8.12050e+04 -4.20672e+04 5010457 1 2.4495e-01
+8.21315e+04 -4.20642e+04 5010458 1 2.3935e-01
+8.30589e+04 -4.20606e+04 5010459 1 2.3352e-01
+8.39872e+04 -4.20568e+04 5010460 1 2.2795e-01
+8.49163e+04 -4.20529e+04 5010461 1 2.2283e-01
+8.58461e+04 -4.20491e+04 5010462 1 2.1849e-01
+8.67766e+04 -4.20459e+04 5010463 1 2.1487e-01
+8.77076e+04 -4.20432e+04 5010464 1 2.1084e-01
+8.86390e+04 -4.20408e+04 5010465 1 2.0755e-01
+8.95707e+04 -4.20391e+04 5010466 1 2.0516e-01
+9.05026e+04 -4.20379e+04 5010467 1 2.0377e-01
+5.59738e+04 -3.88237e+04 5010468 1 3.1020e-01
+5.68770e+04 -3.90039e+04 5010469 1 3.1013e-01
+5.77779e+04 -3.91704e+04 5010470 1 3.1019e-01
+5.86769e+04 -3.93238e+04 5010471 1 3.1027e-01
+5.95747e+04 -3.94646e+04 5010472 1 3.1027e-01
+6.04715e+04 -3.95934e+04 5010473 1 3.1026e-01
+6.13679e+04 -3.97108e+04 5010474 1 3.1024e-01
+6.22640e+04 -3.98174e+04 5010475 1 3.1001e-01
+6.31602e+04 -3.99138e+04 5010476 1 3.0953e-01
+6.40568e+04 -4.00006e+04 5010477 1 3.0879e-01
+6.49540e+04 -4.00782e+04 5010478 1 3.0802e-01
+6.58518e+04 -4.01474e+04 5010479 1 3.0693e-01
+6.67505e+04 -4.02087e+04 5010480 1 3.0551e-01
+6.76502e+04 -4.02627e+04 5010481 1 3.0376e-01
+6.85510e+04 -4.03098e+04 5010482 1 3.0174e-01
+6.94530e+04 -4.03506e+04 5010483 1 2.9933e-01
+7.03562e+04 -4.03856e+04 5010484 1 2.9661e-01
+7.12607e+04 -4.04154e+04 5010485 1 2.9360e-01
+7.21665e+04 -4.04404e+04 5010486 1 2.9039e-01
+7.30737e+04 -4.04610e+04 5010487 1 2.8691e-01
+7.39821e+04 -4.04778e+04 5010488 1 2.8299e-01
+7.48919e+04 -4.04911e+04 5010489 1 2.7886e-01
+7.58029e+04 -4.05013e+04 5010490 1 2.7459e-01
+7.67152e+04 -4.05089e+04 5010491 1 2.7028e-01
+7.76288e+04 -4.05142e+04 5010492 1 2.6582e-01
+7.85435e+04 -4.05175e+04 5010493 1 2.6090e-01
+7.94593e+04 -4.05192e+04 5010494 1 2.5597e-01
+8.03761e+04 -4.05195e+04 5010495 1 2.5114e-01
+8.12940e+04 -4.05187e+04 5010496 1 2.4656e-01
+8.22128e+04 -4.05173e+04 5010497 1 2.4211e-01
+8.31325e+04 -4.05153e+04 5010498 1 2.3717e-01
+8.40529e+04 -4.05128e+04 5010499 1 2.3248e-01
+8.49740e+04 -4.05101e+04 5010500 1 2.2817e-01
+8.58958e+04 -4.05075e+04 5010501 1 2.2450e-01
+8.68181e+04 -4.05051e+04 5010502 1 2.2170e-01
+8.77408e+04 -4.05031e+04 5010503 1 2.1842e-01
+8.86639e+04 -4.05014e+04 5010504 1 2.1577e-01
+8.95873e+04 -4.05001e+04 5010505 1 2.1386e-01
+9.05108e+04 -4.04992e+04 5010506 1 2.1276e-01
+5.61021e+04 -3.72752e+04 5010507 1 3.0511e-01
+5.70107e+04 -3.74495e+04 5010508 1 3.0424e-01
+5.79162e+04 -3.76108e+04 5010509 1 3.0387e-01
+5.88193e+04 -3.77597e+04 5010510 1 3.0371e-01
+5.97204e+04 -3.78966e+04 5010511 1 3.0355e-01
+6.06199e+04 -3.80222e+04 5010512 1 3.0332e-01
+6.15182e+04 -3.81369e+04 5010513 1 3.0315e-01
+6.24157e+04 -3.82413e+04 5010514 1 3.0287e-01
+6.33127e+04 -3.83361e+04 5010515 1 3.0241e-01
+6.42094e+04 -3.84216e+04 5010516 1 3.0172e-01
+6.51062e+04 -3.84984e+04 5010517 1 3.0086e-01
+6.60031e+04 -3.85672e+04 5010518 1 2.9983e-01
+6.69004e+04 -3.86284e+04 5010519 1 2.9853e-01
+6.77982e+04 -3.86826e+04 5010520 1 2.9696e-01
+6.86967e+04 -3.87302e+04 5010521 1 2.9515e-01
+6.95959e+04 -3.87717e+04 5010522 1 2.9311e-01
+7.04959e+04 -3.88077e+04 5010523 1 2.9079e-01
+7.13968e+04 -3.88386e+04 5010524 1 2.8821e-01
+7.22987e+04 -3.88648e+04 5010525 1 2.8544e-01
+7.32015e+04 -3.88868e+04 5010526 1 2.8251e-01
+7.41054e+04 -3.89050e+04 5010527 1 2.7923e-01
+7.50103e+04 -3.89199e+04 5010528 1 2.7568e-01
+7.59161e+04 -3.89317e+04 5010529 1 2.7200e-01
+7.68230e+04 -3.89409e+04 5010530 1 2.6828e-01
+7.77309e+04 -3.89477e+04 5010531 1 2.6461e-01
+7.86397e+04 -3.89527e+04 5010532 1 2.6047e-01
+7.95494e+04 -3.89559e+04 5010533 1 2.5627e-01
+8.04600e+04 -3.89577e+04 5010534 1 2.5216e-01
+8.13715e+04 -3.89584e+04 5010535 1 2.4824e-01
+8.22837e+04 -3.89583e+04 5010536 1 2.4469e-01
+8.31966e+04 -3.89576e+04 5010537 1 2.4058e-01
+8.41102e+04 -3.89563e+04 5010538 1 2.3668e-01
+8.50244e+04 -3.89547e+04 5010539 1 2.3312e-01
+8.59391e+04 -3.89530e+04 5010540 1 2.3008e-01
+8.68543e+04 -3.89514e+04 5010541 1 2.2789e-01
+8.77698e+04 -3.89500e+04 5010542 1 2.2527e-01
+8.86857e+04 -3.89489e+04 5010543 1 2.2315e-01
+8.96018e+04 -3.89479e+04 5010544 1 2.2163e-01
+9.05180e+04 -3.89472e+04 5010545 1 2.2077e-01
+5.61972e+04 -3.57292e+04 5010546 1 3.0116e-01
+5.71113e+04 -3.58970e+04 5010547 1 2.9988e-01
+5.80219e+04 -3.60526e+04 5010548 1 2.9894e-01
+5.89293e+04 -3.61964e+04 5010549 1 2.9818e-01
+5.98341e+04 -3.63289e+04 5010550 1 2.9771e-01
+6.07368e+04 -3.64507e+04 5010551 1 2.9734e-01
+6.16376e+04 -3.65622e+04 5010552 1 2.9694e-01
+6.25371e+04 -3.66639e+04 5010553 1 2.9654e-01
+6.34355e+04 -3.67564e+04 5010554 1 2.9605e-01
+6.43330e+04 -3.68402e+04 5010555 1 2.9541e-01
+6.52301e+04 -3.69157e+04 5010556 1 2.9458e-01
+6.61269e+04 -3.69835e+04 5010557 1 2.9363e-01
+6.70235e+04 -3.70441e+04 5010558 1 2.9248e-01
+6.79202e+04 -3.70979e+04 5010559 1 2.9112e-01
+6.88171e+04 -3.71455e+04 5010560 1 2.8955e-01
+6.97144e+04 -3.71873e+04 5010561 1 2.8780e-01
+7.06121e+04 -3.72237e+04 5010562 1 2.8576e-01
+7.15104e+04 -3.72552e+04 5010563 1 2.8352e-01
+7.24092e+04 -3.72822e+04 5010564 1 2.8110e-01
+7.33087e+04 -3.73052e+04 5010565 1 2.7857e-01
+7.42089e+04 -3.73245e+04 5010566 1 2.7587e-01
+7.51099e+04 -3.73405e+04 5010567 1 2.7284e-01
+7.60115e+04 -3.73535e+04 5010568 1 2.6971e-01
+7.69140e+04 -3.73639e+04 5010569 1 2.6654e-01
+7.78172e+04 -3.73721e+04 5010570 1 2.6340e-01
+7.87211e+04 -3.73783e+04 5010571 1 2.6008e-01
+7.96258e+04 -3.73828e+04 5010572 1 2.5655e-01
+8.05312e+04 -3.73859e+04 5010573 1 2.5310e-01
+8.14372e+04 -3.73878e+04 5010574 1 2.4980e-01
+8.23439e+04 -3.73887e+04 5010575 1 2.4681e-01
+8.32512e+04 -3.73891e+04 5010576 1 2.4360e-01
+8.41590e+04 -3.73888e+04 5010577 1 2.4039e-01
+8.50672e+04 -3.73881e+04 5010578 1 2.3748e-01
+8.59760e+04 -3.73871e+04 5010579 1 2.3501e-01
+8.68851e+04 -3.73862e+04 5010580 1 2.3318e-01
+8.77946e+04 -3.73854e+04 5010581 1 2.3120e-01
+8.87042e+04 -3.73847e+04 5010582 1 2.2951e-01
+8.96141e+04 -3.73841e+04 5010583 1 2.2830e-01
+9.05241e+04 -3.73836e+04 5010584 1 2.2762e-01
+5.62594e+04 -3.41866e+04 5010585 1 2.9829e-01
+5.71794e+04 -3.43474e+04 5010586 1 2.9659e-01
+5.80952e+04 -3.44967e+04 5010587 1 2.9530e-01
+5.90073e+04 -3.46350e+04 5010588 1 2.9423e-01
+5.99162e+04 -3.47626e+04 5010589 1 2.9328e-01
+6.08224e+04 -3.48800e+04 5010590 1 2.9246e-01
+6.17263e+04 -3.49877e+04 5010591 1 2.9165e-01
+6.26283e+04 -3.50862e+04 5010592 1 2.9110e-01
+6.35287e+04 -3.51760e+04 5010593 1 2.9050e-01
+6.44277e+04 -3.52575e+04 5010594 1 2.8983e-01
+6.53258e+04 -3.53312e+04 5010595 1 2.8905e-01
+6.62231e+04 -3.53975e+04 5010596 1 2.8811e-01
+6.71199e+04 -3.54570e+04 5010597 1 2.8706e-01
+6.80163e+04 -3.55101e+04 5010598 1 2.8585e-01
+6.89124e+04 -3.55572e+04 5010599 1 2.8448e-01
+6.98086e+04 -3.55987e+04 5010600 1 2.8296e-01
+7.07049e+04 -3.56352e+04 5010601 1 2.8123e-01
+7.16013e+04 -3.56669e+04 5010602 1 2.7931e-01
+7.24980e+04 -3.56943e+04 5010603 1 2.7724e-01
+7.33951e+04 -3.57178e+04 5010604 1 2.7508e-01
+7.42926e+04 -3.57378e+04 5010605 1 2.7285e-01
+7.51906e+04 -3.57545e+04 5010606 1 2.7030e-01
+7.60891e+04 -3.57684e+04 5010607 1 2.6766e-01
+7.69881e+04 -3.57797e+04 5010608 1 2.6498e-01
+7.78876e+04 -3.57889e+04 5010609 1 2.6233e-01
+7.87877e+04 -3.57960e+04 5010610 1 2.5966e-01
+7.96883e+04 -3.58016e+04 5010611 1 2.5672e-01
+8.05895e+04 -3.58056e+04 5010612 1 2.5384e-01
+8.14912e+04 -3.58084e+04 5010613 1 2.5110e-01
+8.23933e+04 -3.58103e+04 5010614 1 2.4861e-01
+8.32960e+04 -3.58115e+04 5010615 1 2.4609e-01
+8.41991e+04 -3.58121e+04 5010616 1 2.4347e-01
+8.51026e+04 -3.58121e+04 5010617 1 2.4110e-01
+8.60064e+04 -3.58118e+04 5010618 1 2.3910e-01
+8.69105e+04 -3.58114e+04 5010619 1 2.3760e-01
+8.78150e+04 -3.58111e+04 5010620 1 2.3609e-01
+8.87196e+04 -3.58108e+04 5010621 1 2.3473e-01
+8.96243e+04 -3.58104e+04 5010622 1 2.3377e-01
+9.05292e+04 -3.58101e+04 5010623 1 2.3323e-01
+5.62890e+04 -3.26481e+04 5010624 1 2.9652e-01
+5.72151e+04 -3.28015e+04 5010625 1 2.9442e-01
+5.81365e+04 -3.29441e+04 5010626 1 2.9274e-01
+5.90535e+04 -3.30763e+04 5010627 1 2.9132e-01
+5.99669e+04 -3.31985e+04 5010628 1 2.9007e-01
+6.08771e+04 -3.33112e+04 5010629 1 2.8896e-01
+6.17844e+04 -3.34147e+04 5010630 1 2.8794e-01
+6.26894e+04 -3.35095e+04 5010631 1 2.8702e-01
+6.35923e+04 -3.35960e+04 5010632 1 2.8612e-01
+6.44935e+04 -3.36748e+04 5010633 1 2.8517e-01
+6.53932e+04 -3.37462e+04 5010634 1 2.8422e-01
+6.62918e+04 -3.38106e+04 5010635 1 2.8332e-01
+6.71894e+04 -3.38686e+04 5010636 1 2.8229e-01
+6.80863e+04 -3.39204e+04 5010637 1 2.8116e-01
+6.89825e+04 -3.39666e+04 5010638 1 2.7992e-01
+6.98784e+04 -3.40075e+04 5010639 1 2.7859e-01
+7.07741e+04 -3.40435e+04 5010640 1 2.7712e-01
+7.16696e+04 -3.40750e+04 5010641 1 2.7546e-01
+7.25651e+04 -3.41025e+04 5010642 1 2.7367e-01
+7.34607e+04 -3.41261e+04 5010643 1 2.7182e-01
+7.43564e+04 -3.41464e+04 5010644 1 2.6993e-01
+7.52524e+04 -3.41636e+04 5010645 1 2.6784e-01
+7.61486e+04 -3.41780e+04 5010646 1 2.6563e-01
+7.70452e+04 -3.41900e+04 5010647 1 2.6339e-01
+7.79420e+04 -3.41997e+04 5010648 1 2.6118e-01
+7.88393e+04 -3.42076e+04 5010649 1 2.5905e-01
+7.97369e+04 -3.42138e+04 5010650 1 2.5662e-01
+8.06349e+04 -3.42186e+04 5010651 1 2.5425e-01
+8.15333e+04 -3.42222e+04 5010652 1 2.5201e-01
+8.24320e+04 -3.42248e+04 5010653 1 2.4996e-01
+8.33311e+04 -3.42266e+04 5010654 1 2.4800e-01
+8.42306e+04 -3.42278e+04 5010655 1 2.4587e-01
+8.51303e+04 -3.42285e+04 5010656 1 2.4397e-01
+8.60303e+04 -3.42287e+04 5010657 1 2.4236e-01
+8.69305e+04 -3.42287e+04 5010658 1 2.4116e-01
+8.78310e+04 -3.42288e+04 5010659 1 2.4000e-01
+8.87316e+04 -3.42288e+04 5010660 1 2.3893e-01
+8.96324e+04 -3.42286e+04 5010661 1 2.3817e-01
+9.05332e+04 -3.42284e+04 5010662 1 2.3774e-01
+5.62861e+04 -3.11145e+04 5010663 1 2.9625e-01
+5.72185e+04 -3.12602e+04 5010664 1 2.9343e-01
+5.81456e+04 -3.13956e+04 5010665 1 2.9130e-01
+5.90681e+04 -3.15214e+04 5010666 1 2.8951e-01
+5.99863e+04 -3.16378e+04 5010667 1 2.8792e-01
+6.09009e+04 -3.17453e+04 5010668 1 2.8648e-01
+6.18122e+04 -3.18441e+04 5010669 1 2.8517e-01
+6.27207e+04 -3.19348e+04 5010670 1 2.8401e-01
+6.36266e+04 -3.20177e+04 5010671 1 2.8292e-01
+6.45305e+04 -3.20933e+04 5010672 1 2.8181e-01
+6.54325e+04 -3.21620e+04 5010673 1 2.8073e-01
+6.63329e+04 -3.22241e+04 5010674 1 2.7966e-01
+6.72321e+04 -3.22800e+04 5010675 1 2.7853e-01
+6.81301e+04 -3.23302e+04 5010676 1 2.7732e-01
+6.90273e+04 -3.23751e+04 5010677 1 2.7607e-01
+6.99237e+04 -3.24149e+04 5010678 1 2.7478e-01
+7.08196e+04 -3.24502e+04 5010679 1 2.7344e-01
+7.17151e+04 -3.24812e+04 5010680 1 2.7193e-01
+7.26103e+04 -3.25083e+04 5010681 1 2.7036e-01
+7.35052e+04 -3.25317e+04 5010682 1 2.6876e-01
+7.44002e+04 -3.25520e+04 5010683 1 2.6715e-01
+7.52951e+04 -3.25693e+04 5010684 1 2.6543e-01
+7.61900e+04 -3.25839e+04 5010685 1 2.6356e-01
+7.70851e+04 -3.25962e+04 5010686 1 2.6170e-01
+7.79803e+04 -3.26063e+04 5010687 1 2.5987e-01
+7.88757e+04 -3.26146e+04 5010688 1 2.5812e-01
+7.97714e+04 -3.26214e+04 5010689 1 2.5616e-01
+8.06673e+04 -3.26267e+04 5010690 1 2.5423e-01
+8.15634e+04 -3.26308e+04 5010691 1 2.5241e-01
+8.24597e+04 -3.26339e+04 5010692 1 2.5076e-01
+8.33564e+04 -3.26362e+04 5010693 1 2.4922e-01
+8.42532e+04 -3.26379e+04 5010694 1 2.4752e-01
+8.51503e+04 -3.26390e+04 5010695 1 2.4600e-01
+8.60475e+04 -3.26396e+04 5010696 1 2.4472e-01
+8.69450e+04 -3.26400e+04 5010697 1 2.4378e-01
+8.78426e+04 -3.26404e+04 5010698 1 2.4289e-01
+8.87404e+04 -3.26405e+04 5010699 1 2.4204e-01
+8.96382e+04 -3.26406e+04 5010700 1 2.4144e-01
+9.05361e+04 -3.26405e+04 5010701 1 2.4111e-01
+5.62509e+04 -2.95866e+04 5010702 1 2.9748e-01
+5.71897e+04 -2.97241e+04 5010703 1 2.9422e-01
+5.81228e+04 -2.98521e+04 5010704 1 2.9141e-01
+5.90509e+04 -2.99711e+04 5010705 1 2.8896e-01
+5.99744e+04 -3.00814e+04 5010706 1 2.8691e-01
+6.08937e+04 -3.01832e+04 5010707 1 2.8512e-01
+6.18095e+04 -3.02771e+04 5010708 1 2.8349e-01
+6.27220e+04 -3.03633e+04 5010709 1 2.8202e-01
+6.36316e+04 -3.04422e+04 5010710 1 2.8065e-01
+6.45387e+04 -3.05143e+04 5010711 1 2.7935e-01
+6.54436e+04 -3.05798e+04 5010712 1 2.7807e-01
+6.63466e+04 -3.06392e+04 5010713 1 2.7685e-01
+6.72480e+04 -3.06928e+04 5010714 1 2.7562e-01
+6.81479e+04 -3.07410e+04 5010715 1 2.7437e-01
+6.90467e+04 -3.07842e+04 5010716 1 2.7309e-01
+6.99444e+04 -3.08227e+04 5010717 1 2.7180e-01
+7.08414e+04 -3.08568e+04 5010718 1 2.7052e-01
+7.17377e+04 -3.08869e+04 5010719 1 2.6910e-01
+7.26334e+04 -3.09133e+04 5010720 1 2.6766e-01
+7.35287e+04 -3.09362e+04 5010721 1 2.6619e-01
+7.44237e+04 -3.09562e+04 5010722 1 2.6474e-01
+7.53185e+04 -3.09733e+04 5010723 1 2.6322e-01
+7.62132e+04 -3.09879e+04 5010724 1 2.6160e-01
+7.71077e+04 -3.10002e+04 5010725 1 2.6000e-01
+7.80023e+04 -3.10104e+04 5010726 1 2.5844e-01
+7.88969e+04 -3.10190e+04 5010727 1 2.5697e-01
+7.97917e+04 -3.10259e+04 5010728 1 2.5535e-01
+8.06865e+04 -3.10316e+04 5010729 1 2.5375e-01
+8.15814e+04 -3.10360e+04 5010730 1 2.5225e-01
+8.24764e+04 -3.10394e+04 5010731 1 2.5090e-01
+8.33717e+04 -3.10421e+04 5010732 1 2.4966e-01
+8.42670e+04 -3.10441e+04 5010733 1 2.4828e-01
+8.51625e+04 -3.10455e+04 5010734 1 2.4706e-01
+8.60582e+04 -3.10464e+04 5010735 1 2.4604e-01
+8.69539e+04 -3.10471e+04 5010736 1 2.4528e-01
+8.78498e+04 -3.10476e+04 5010737 1 2.4459e-01
+8.87458e+04 -3.10480e+04 5010738 1 2.4391e-01
+8.96418e+04 -3.10482e+04 5010739 1 2.4343e-01
+9.05379e+04 -3.10482e+04 5010740 1 2.4317e-01
+5.61835e+04 -2.80651e+04 5010741 1 3.0002e-01
+5.71288e+04 -2.81941e+04 5010742 1 2.9635e-01
+5.80681e+04 -2.83145e+04 5010743 1 2.9306e-01
+5.90020e+04 -2.84264e+04 5010744 1 2.9013e-01
+5.99310e+04 -2.85302e+04 5010745 1 2.8754e-01
+6.08555e+04 -2.86262e+04 5010746 1 2.8517e-01
+6.17761e+04 -2.87147e+04 5010747 1 2.8299e-01
+6.26932e+04 -2.87961e+04 5010748 1 2.8109e-01
+6.36070e+04 -2.88707e+04 5010749 1 2.7941e-01
+6.45179e+04 -2.89389e+04 5010750 1 2.7781e-01
+6.54264e+04 -2.90010e+04 5010751 1 2.7631e-01
+6.63326e+04 -2.90573e+04 5010752 1 2.7484e-01
+6.72370e+04 -2.91083e+04 5010753 1 2.7343e-01
+6.81396e+04 -2.91542e+04 5010754 1 2.7205e-01
+6.90407e+04 -2.91954e+04 5010755 1 2.7068e-01
+6.99406e+04 -2.92321e+04 5010756 1 2.6931e-01
+7.08394e+04 -2.92648e+04 5010757 1 2.6799e-01
+7.17373e+04 -2.92937e+04 5010758 1 2.6659e-01
+7.26345e+04 -2.93191e+04 5010759 1 2.6519e-01
+7.35310e+04 -2.93414e+04 5010760 1 2.6379e-01
+7.44270e+04 -2.93607e+04 5010761 1 2.6243e-01
+7.53227e+04 -2.93773e+04 5010762 1 2.6104e-01
+7.62180e+04 -2.93916e+04 5010763 1 2.5958e-01
+7.71131e+04 -2.94037e+04 5010764 1 2.5815e-01
+7.80080e+04 -2.94139e+04 5010765 1 2.5677e-01
+7.89029e+04 -2.94224e+04 5010766 1 2.5549e-01
+7.97977e+04 -2.94295e+04 5010767 1 2.5410e-01
+8.06924e+04 -2.94352e+04 5010768 1 2.5273e-01
+8.15872e+04 -2.94398e+04 5010769 1 2.5146e-01
+8.24821e+04 -2.94434e+04 5010770 1 2.5032e-01
+8.33770e+04 -2.94463e+04 5010771 1 2.4930e-01
+8.42719e+04 -2.94485e+04 5010772 1 2.4815e-01
+8.51670e+04 -2.94501e+04 5010773 1 2.4714e-01
+8.60621e+04 -2.94512e+04 5010774 1 2.4630e-01
+8.69573e+04 -2.94520e+04 5010775 1 2.4568e-01
+8.78525e+04 -2.94527e+04 5010776 1 2.4511e-01
+8.87479e+04 -2.94532e+04 5010777 1 2.4456e-01
+8.96432e+04 -2.94534e+04 5010778 1 2.4417e-01
+9.05386e+04 -2.94535e+04 5010779 1 2.4396e-01
