+1.98974e+01 -2.22572e+04 6010000 1 1.0788e-01
+1.29331e+03 -2.22590e+04 6010001 1 1.0793e-01
+2.56638e+03 -2.22642e+04 6010002 1 1.0805e-01
+3.83878e+03 -2.22728e+04 6010003 1 1.0824e-01
+5.11019e+03 -2.22848e+04 6010004 1 1.0849e-01
+6.38030e+03 -2.23000e+04 6010005 1 1.0880e-01
+7.64879e+03 -2.23185e+04 6010006 1 1.0916e-01
+8.91537e+03 -2.23401e+04 6010007 1 1.0955e-01
+1.01797e+04 -2.23648e+04 6010008 1 1.0997e-01
+1.14416e+04 -2.23925e+04 6010009 1 1.1041e-01
+1.27007e+04 -2.24231e+04 6010010 1 1.1086e-01
+1.39568e+04 -2.24565e+04 6010011 1 1.1130e-01
+1.52096e+04 -2.24926e+04 6010012 1 1.1169e-01
+1.64589e+04 -2.25311e+04 6010013 1 1.1207e-01
+1.77044e+04 -2.25721e+04 6010014 1 1.1241e-01
+1.89461e+04 -2.26153e+04 6010015 1 1.1271e-01
+2.01836e+04 -2.26606e+04 6010016 1 1.1296e-01
+2.14170e+04 -2.27078e+04 6010017 1 1.1316e-01
+2.26459e+04 -2.27568e+04 6010018 1 1.1330e-01
+2.38703e+04 -2.28075e+04 6010019 1 1.1337e-01
+2.50900e+04 -2.28596e+04 6010020 1 1.1338e-01
+2.63051e+04 -2.29130e+04 6010021 1 1.1331e-01
+2.75153e+04 -2.29676e+04 6010022 1 1.1315e-01
+2.87207e+04 -2.30232e+04 6010023 1 1.1292e-01
+2.99211e+04 -2.30796e+04 6010024 1 1.1261e-01
+3.11166e+04 -2.31367e+04 6010025 1 1.1223e-01
+3.23071e+04 -2.31943e+04 6010026 1 1.1178e-01
+3.34927e+04 -2.32523e+04 6010027 1 1.1126e-01
+3.46733e+04 -2.33105e+04 6010028 1 1.1067e-01
+3.58489e+04 -2.33688e+04 6010029 1 1.1003e-01
+3.70197e+04 -2.34271e+04 6010030 1 1.0932e-01
+3.81856e+04 -2.34853e+04 6010031 1 1.0856e-01
+3.93468e+04 -2.35431e+04 6010032 1 1.0775e-01
+4.05032e+04 -2.36006e+04 6010033 1 1.0690e-01
+4.16549e+04 -2.36576e+04 6010034 1 1.0602e-01
+4.28021e+04 -2.37139e+04 6010035 1 1.0509e-01
+1.99554e+01 -2.33780e+04 4010779 1 1.1073e-01
+5.12494e+03 -2.34082e+04 4010783 1 1.1130e-01
+1.98360e+01 -2.11330e+04 6010041 1 1.0486e-01
+1.28933e+03 -2.11347e+04 6010042 1 1.0492e-01
+2.55848e+03 -2.11394e+04 6010043 1 1.0505e-01
+3.82700e+03 -2.11473e+04 6010044 1 1.0526e-01
+5.09457e+03 -2.11581e+04 6010045 1 1.0555e-01
+6.36089e+03 -2.11720e+04 6010046 1 1.0590e-01
+7.62566e+03 -2.11888e+04 6010047 1 1.0631e-01
+8.88860e+03 -2.12085e+04 6010048 1 1.0677e-01
+1.01494e+04 -2.12310e+04 6010049 1 1.0725e-01
+1.14079e+04 -2.12563e+04 6010050 1 1.0776e-01
+1.26636e+04 -2.12841e+04 6010051 1 1.0829e-01
+1.39165e+04 -2.13146e+04 6010052 1 1.0882e-01
+1.51662e+04 -2.13474e+04 6010053 1 1.0934e-01
+1.64126e+04 -2.13826e+04 6010054 1 1.0985e-01
+1.76554e+04 -2.14199e+04 6010055 1 1.1032e-01
+1.88944e+04 -2.14593e+04 6010056 1 1.1077e-01
+2.01295e+04 -2.15006e+04 6010057 1 1.1117e-01
+2.13605e+04 -2.15437e+04 6010058 1 1.1153e-01
+2.25873e+04 -2.15884e+04 6010059 1 1.1182e-01
+2.38097e+04 -2.16346e+04 6010060 1 1.1206e-01
+2.50277e+04 -2.16822e+04 6010061 1 1.1224e-01
+2.62411e+04 -2.17309e+04 6010062 1 1.1234e-01
+2.74499e+04 -2.17807e+04 6010063 1 1.1237e-01
+2.86540e+04 -2.18315e+04 6010064 1 1.1231e-01
+2.98533e+04 -2.18830e+04 6010065 1 1.1217e-01
+3.10479e+04 -2.19351e+04 6010066 1 1.1196e-01
+3.22376e+04 -2.19877e+04 6010067 1 1.1168e-01
+3.34225e+04 -2.20407e+04 6010068 1 1.1132e-01
+3.46027e+04 -2.20939e+04 6010069 1 1.1090e-01
+3.57780e+04 -2.21472e+04 6010070 1 1.1040e-01
+3.69486e+04 -2.22005e+04 6010071 1 1.0985e-01
+3.81145e+04 -2.22536e+04 6010072 1 1.0923e-01
+3.92757e+04 -2.23065e+04 6010073 1 1.0856e-01
+4.04324e+04 -2.23591e+04 6010074 1 1.0783e-01
+4.15845e+04 -2.24112e+04 6010075 1 1.0706e-01
+4.27321e+04 -2.24627e+04 6010076 1 1.0625e-01
+4.38753e+04 -2.25136e+04 6010077 1 1.0506e-01
+4.50142e+04 -2.25638e+04 6010078 1 1.0295e-01
+4.61489e+04 -2.26133e+04 6010079 1 1.0095e-01
+1.97711e+01 -2.00052e+04 6010082 1 1.0168e-01
+1.28510e+03 -2.00068e+04 6010083 1 1.0173e-01
+2.55012e+03 -2.00111e+04 6010084 1 1.0188e-01
+3.81452e+03 -2.00182e+04 6010085 1 1.0211e-01
+5.07802e+03 -2.00280e+04 6010086 1 1.0243e-01
+6.34032e+03 -2.00406e+04 6010087 1 1.0282e-01
+7.60115e+03 -2.00558e+04 6010088 1 1.0328e-01
+8.86022e+03 -2.00737e+04 6010089 1 1.0381e-01
+1.01173e+04 -2.00941e+04 6010090 1 1.0438e-01
+1.13720e+04 -2.01169e+04 6010091 1 1.0499e-01
+1.26243e+04 -2.01422e+04 6010092 1 1.0564e-01
+1.38737e+04 -2.01698e+04 6010093 1 1.0630e-01
+1.51202e+04 -2.01995e+04 6010094 1 1.0697e-01
+1.63634e+04 -2.02314e+04 6010095 1 1.0763e-01
+1.76032e+04 -2.02652e+04 6010096 1 1.0827e-01
+1.88394e+04 -2.03009e+04 6010097 1 1.0888e-01
+2.00718e+04 -2.03384e+04 6010098 1 1.0945e-01
+2.13003e+04 -2.03775e+04 6010099 1 1.0998e-01
+2.25247e+04 -2.04180e+04 6010100 1 1.1046e-01
+2.37450e+04 -2.04599e+04 6010101 1 1.1088e-01
+2.49610e+04 -2.05031e+04 6010102 1 1.1124e-01
+2.61726e+04 -2.05473e+04 6010103 1 1.1153e-01
+2.73797e+04 -2.05925e+04 6010104 1 1.1175e-01
+2.85823e+04 -2.06385e+04 6010105 1 1.1189e-01
+2.97804e+04 -2.06853e+04 6010106 1 1.1194e-01
+3.09738e+04 -2.07326e+04 6010107 1 1.1191e-01
+3.21626e+04 -2.07804e+04 6010108 1 1.1180e-01
+3.33467e+04 -2.08285e+04 6010109 1 1.1162e-01
+3.45262e+04 -2.08768e+04 6010110 1 1.1136e-01
+3.57011e+04 -2.09252e+04 6010111 1 1.1103e-01
+3.68714e+04 -2.09737e+04 6010112 1 1.1063e-01
+3.80371e+04 -2.10220e+04 6010113 1 1.1015e-01
+3.91984e+04 -2.10700e+04 6010114 1 1.0961e-01
+4.03551e+04 -2.11178e+04 6010115 1 1.0902e-01
+4.15074e+04 -2.11652e+04 6010116 1 1.0836e-01
+4.26555e+04 -2.12120e+04 6010117 1 1.0765e-01
+4.37992e+04 -2.12584e+04 6010118 1 1.0667e-01
+4.49387e+04 -2.13040e+04 6010119 1 1.0458e-01
+4.60741e+04 -2.13490e+04 6010120 1 1.0262e-01
+7.67060e+03 -2.34450e+04 4010785 1 1.1189e-01
+1.29708e+03 -2.33800e+04 4010780 1 1.1079e-01
+3.84990e+03 -2.33952e+04 4010782 1 1.1107e-01
+1.97024e+01 -1.88737e+04 6010123 1 9.8126e-02
+1.28064e+03 -1.88751e+04 6010124 1 9.8188e-02
+2.54127e+03 -1.88790e+04 6010125 1 9.8360e-02
+3.80132e+03 -1.88854e+04 6010126 1 9.8639e-02
+5.06051e+03 -1.88942e+04 6010127 1 9.9018e-02
+6.31856e+03 -1.89055e+04 6010128 1 9.9492e-02
+7.57520e+03 -1.89193e+04 6010129 1 1.0005e-01
+8.83017e+03 -1.89353e+04 6010130 1 1.0069e-01
+1.00832e+04 -1.89537e+04 6010131 1 1.0139e-01
+1.13341e+04 -1.89743e+04 6010132 1 1.0214e-01
+1.25825e+04 -1.89970e+04 6010133 1 1.0294e-01
+1.38283e+04 -1.90218e+04 6010134 1 1.0376e-01
+1.50712e+04 -1.90487e+04 6010135 1 1.0460e-01
+1.63111e+04 -1.90773e+04 6010136 1 1.0543e-01
+1.75476e+04 -1.91078e+04 6010137 1 1.0626e-01
+1.87808e+04 -1.91400e+04 6010138 1 1.0706e-01
+2.00103e+04 -1.91737e+04 6010139 1 1.0783e-01
+2.12361e+04 -1.92089e+04 6010140 1 1.0856e-01
+2.24580e+04 -1.92455e+04 6010141 1 1.0924e-01
+2.36759e+04 -1.92833e+04 6010142 1 1.0986e-01
+2.48896e+04 -1.93221e+04 6010143 1 1.1043e-01
+2.60992e+04 -1.93620e+04 6010144 1 1.1092e-01
+2.73045e+04 -1.94028e+04 6010145 1 1.1134e-01
+2.85055e+04 -1.94443e+04 6010146 1 1.1168e-01
+2.97020e+04 -1.94864e+04 6010147 1 1.1194e-01
+3.08942e+04 -1.95291e+04 6010148 1 1.1211e-01
+3.20818e+04 -1.95722e+04 6010149 1 1.1219e-01
+3.32650e+04 -1.96156e+04 6010150 1 1.1219e-01
+3.44438e+04 -1.96592e+04 6010151 1 1.1211e-01
+3.56181e+04 -1.97029e+04 6010152 1 1.1194e-01
+3.67879e+04 -1.97466e+04 6010153 1 1.1169e-01
+3.79534e+04 -1.97902e+04 6010154 1 1.1137e-01
+3.91144e+04 -1.98336e+04 6010155 1 1.1097e-01
+4.02712e+04 -1.98768e+04 6010156 1 1.1050e-01
+4.14237e+04 -1.99195e+04 6010157 1 1.0996e-01
+4.25720e+04 -1.99619e+04 6010158 1 1.0936e-01
+4.37162e+04 -2.00037e+04 6010159 1 1.0857e-01
+4.48563e+04 -2.00450e+04 6010160 1 1.0652e-01
+4.59924e+04 -2.00856e+04 6010161 1 1.0458e-01
+1.02083e+04 -2.34956e+04 4010787 1 1.1259e-01
+1.96297e+01 -1.77382e+04 6010164 1 9.4354e-02
+1.27592e+03 -1.77394e+04 6010165 1 9.4426e-02
+2.53192e+03 -1.77429e+04 6010166 1 9.4632e-02
+3.78736e+03 -1.77486e+04 6010167 1 9.4966e-02
+5.04199e+03 -1.77565e+04 6010168 1 9.5424e-02
+6.29554e+03 -1.77667e+04 6010169 1 9.5996e-02
+7.54774e+03 -1.77789e+04 6010170 1 9.6673e-02
+8.79836e+03 -1.77933e+04 6010171 1 9.7444e-02
+1.00471e+04 -1.78097e+04 6010172 1 9.8296e-02
+1.12939e+04 -1.78281e+04 6010173 1 9.9216e-02
+1.25383e+04 -1.78484e+04 6010174 1 1.0019e-01
+1.37802e+04 -1.78706e+04 6010175 1 1.0120e-01
+1.50193e+04 -1.78946e+04 6010176 1 1.0224e-01
+1.62556e+04 -1.79202e+04 6010177 1 1.0328e-01
+1.74887e+04 -1.79475e+04 6010178 1 1.0432e-01
+1.87185e+04 -1.79763e+04 6010179 1 1.0534e-01
+1.99449e+04 -1.80064e+04 6010180 1 1.0633e-01
+2.11677e+04 -1.80379e+04 6010181 1 1.0728e-01
+2.23869e+04 -1.80706e+04 6010182 1 1.0819e-01
+2.36021e+04 -1.81044e+04 6010183 1 1.0904e-01
+2.48135e+04 -1.81392e+04 6010184 1 1.0982e-01
+2.60209e+04 -1.81749e+04 6010185 1 1.1054e-01
+2.72241e+04 -1.82114e+04 6010186 1 1.1118e-01
+2.84232e+04 -1.82485e+04 6010187 1 1.1173e-01
+2.96181e+04 -1.82862e+04 6010188 1 1.1220e-01
+3.08088e+04 -1.83245e+04 6010189 1 1.1258e-01
+3.19952e+04 -1.83631e+04 6010190 1 1.1288e-01
+3.31773e+04 -1.84019e+04 6010191 1 1.1307e-01
+3.43551e+04 -1.84410e+04 6010192 1 1.1316e-01
+3.55286e+04 -1.84801e+04 6010193 1 1.1317e-01
+3.66979e+04 -1.85193e+04 6010194 1 1.1309e-01
+3.78629e+04 -1.85583e+04 6010195 1 1.1291e-01
+3.90238e+04 -1.85972e+04 6010196 1 1.1266e-01
+4.01804e+04 -1.86359e+04 6010197 1 1.1231e-01
+4.13330e+04 -1.86742e+04 6010198 1 1.1189e-01
+4.24815e+04 -1.87122e+04 6010199 1 1.1139e-01
+4.36261e+04 -1.87496e+04 6010200 1 1.1082e-01
+4.47667e+04 -1.87866e+04 6010201 1 1.0881e-01
+4.59034e+04 -1.88231e+04 6010202 1 1.0687e-01
+1.14734e+04 -2.35259e+04 4010788 1 1.1297e-01
+1.95529e+01 -1.65985e+04 6010205 1 9.0349e-02
+1.27093e+03 -1.65995e+04 6010206 1 9.0434e-02
+2.52203e+03 -1.66026e+04 6010207 1 9.0681e-02
+3.77261e+03 -1.66077e+04 6010208 1 9.1084e-02
+5.02241e+03 -1.66147e+04 6010209 1 9.1636e-02
+6.27119e+03 -1.66237e+04 6010210 1 9.2328e-02
+7.51870e+03 -1.66345e+04 6010211 1 9.3147e-02
+8.76470e+03 -1.66473e+04 6010212 1 9.4081e-02
+1.00090e+04 -1.66618e+04 6010213 1 9.5114e-02
+1.12513e+04 -1.66781e+04 6010214 1 9.6230e-02
+1.24914e+04 -1.66961e+04 6010215 1 9.7414e-02
+1.37291e+04 -1.67158e+04 6010216 1 9.8649e-02
+1.49643e+04 -1.67371e+04 6010217 1 9.9913e-02
+1.61967e+04 -1.67598e+04 6010218 1 1.0119e-01
+1.74261e+04 -1.67840e+04 6010219 1 1.0248e-01
+1.86524e+04 -1.68095e+04 6010220 1 1.0374e-01
+1.98754e+04 -1.68363e+04 6010221 1 1.0499e-01
+2.10951e+04 -1.68642e+04 6010222 1 1.0619e-01
+2.23112e+04 -1.68932e+04 6010223 1 1.0735e-01
+2.35236e+04 -1.69232e+04 6010224 1 1.0845e-01
+2.47324e+04 -1.69540e+04 6010225 1 1.0948e-01
+2.59373e+04 -1.69857e+04 6010226 1 1.1043e-01
+2.71383e+04 -1.70181e+04 6010227 1 1.1131e-01
+2.83354e+04 -1.70510e+04 6010228 1 1.1209e-01
+2.95284e+04 -1.70845e+04 6010229 1 1.1279e-01
+3.07174e+04 -1.71185e+04 6010230 1 1.1338e-01
+3.19023e+04 -1.71527e+04 6010231 1 1.1388e-01
+3.30832e+04 -1.71872e+04 6010232 1 1.1428e-01
+3.42599e+04 -1.72219e+04 6010233 1 1.1457e-01
+3.54325e+04 -1.72567e+04 6010234 1 1.1477e-01
+3.66011e+04 -1.72914e+04 6010235 1 1.1485e-01
+3.77656e+04 -1.73261e+04 6010236 1 1.1483e-01
+3.89260e+04 -1.73607e+04 6010237 1 1.1472e-01
+4.00825e+04 -1.73950e+04 6010238 1 1.1450e-01
+4.12351e+04 -1.74291e+04 6010239 1 1.1420e-01
+4.23837e+04 -1.74628e+04 6010240 1 1.1380e-01
+4.35286e+04 -1.74961e+04 6010241 1 1.1331e-01
+4.46696e+04 -1.75290e+04 6010242 1 1.1147e-01
+4.58069e+04 -1.75614e+04 6010243 1 1.0955e-01
+1.39947e+04 -2.35958e+04 4010790 1 1.1373e-01
+1.27356e+04 -2.35593e+04 4010789 1 1.1337e-01
+6.39861e+03 -2.34249e+04 4010784 1 1.1157e-01
+2.57384e+03 -2.33858e+04 4010781 1 1.1090e-01
+1.94717e+01 -1.54541e+04 6010246 1 8.6095e-02
+1.26565e+03 -1.54551e+04 6010247 1 8.6197e-02
+2.51158e+03 -1.54578e+04 6010248 1 8.6495e-02
+3.75700e+03 -1.54622e+04 6010249 1 8.6982e-02
+5.00170e+03 -1.54684e+04 6010250 1 8.7650e-02
+6.24543e+03 -1.54763e+04 6010251 1 8.8487e-02
+7.48797e+03 -1.54858e+04 6010252 1 8.9477e-02
+8.72909e+03 -1.54970e+04 6010253 1 9.0605e-02
+9.96856e+03 -1.55098e+04 6010254 1 9.1853e-02
+1.12062e+04 -1.55241e+04 6010255 1 9.3202e-02
+1.24418e+04 -1.55399e+04 6010256 1 9.4633e-02
+1.36751e+04 -1.55572e+04 6010257 1 9.6126e-02
+1.49060e+04 -1.55758e+04 6010258 1 9.7660e-02
+1.61342e+04 -1.55958e+04 6010259 1 9.9214e-02
+1.73597e+04 -1.56170e+04 6010260 1 1.0077e-01
+1.85822e+04 -1.56395e+04 6010261 1 1.0232e-01
+1.98016e+04 -1.56630e+04 6010262 1 1.0385e-01
+2.10178e+04 -1.56875e+04 6010263 1 1.0533e-01
+2.22307e+04 -1.57130e+04 6010264 1 1.0676e-01
+2.34401e+04 -1.57393e+04 6010265 1 1.0813e-01
+2.46460e+04 -1.57664e+04 6010266 1 1.0943e-01
+2.58483e+04 -1.57943e+04 6010267 1 1.1065e-01
+2.70468e+04 -1.58227e+04 6010268 1 1.1177e-01
+2.82416e+04 -1.58517e+04 6010269 1 1.1281e-01
+2.94326e+04 -1.58812e+04 6010270 1 1.1374e-01
+3.06198e+04 -1.59110e+04 6010271 1 1.1456e-01
+3.18030e+04 -1.59411e+04 6010272 1 1.1528e-01
+3.29824e+04 -1.59714e+04 6010273 1 1.1588e-01
+3.41579e+04 -1.60019e+04 6010274 1 1.1637e-01
+3.53295e+04 -1.60325e+04 6010275 1 1.1674e-01
+3.64972e+04 -1.60631e+04 6010276 1 1.1700e-01
+3.76610e+04 -1.60936e+04 6010277 1 1.1715e-01
+3.88210e+04 -1.61240e+04 6010278 1 1.1718e-01
+3.99772e+04 -1.61542e+04 6010279 1 1.1710e-01
+4.11296e+04 -1.61841e+04 6010280 1 1.1691e-01
+4.22783e+04 -1.62138e+04 6010281 1 1.1661e-01
+4.34234e+04 -1.62431e+04 6010282 1 1.1621e-01
+4.45648e+04 -1.62721e+04 6010283 1 1.1458e-01
+4.57027e+04 -1.63005e+04 6010284 1 1.1265e-01
+4.68371e+04 -1.63285e+04 6010285 1 1.1087e-01
+1.52503e+04 -2.36351e+04 4010791 1 1.1405e-01
+8.94060e+03 -2.34687e+04 4010786 1 1.1223e-01
+1.93859e+01 -1.43050e+04 6010287 1 8.1576e-02
+1.26007e+03 -1.43058e+04 6010288 1 8.1700e-02
+2.50052e+03 -1.43081e+04 6010289 1 8.2060e-02
+3.74050e+03 -1.43120e+04 6010290 1 8.2651e-02
+4.97980e+03 -1.43173e+04 6010291 1 8.3460e-02
+6.21819e+03 -1.43242e+04 6010292 1 8.4472e-02
+7.45546e+03 -1.43325e+04 6010293 1 8.5669e-02
+8.69140e+03 -1.43422e+04 6010294 1 8.7030e-02
+9.92579e+03 -1.43533e+04 6010295 1 8.8534e-02
+1.11584e+04 -1.43657e+04 6010296 1 9.0157e-02
+1.23892e+04 -1.43794e+04 6010297 1 9.1876e-02
+1.36178e+04 -1.43944e+04 6010298 1 9.3668e-02
+1.48441e+04 -1.44106e+04 6010299 1 9.5512e-02
+1.60680e+04 -1.44280e+04 6010300 1 9.7379e-02
+1.72892e+04 -1.44464e+04 6010301 1 9.9253e-02
+1.85077e+04 -1.44659e+04 6010302 1 1.0112e-01
+1.97232e+04 -1.44863e+04 6010303 1 1.0295e-01
+2.09357e+04 -1.45076e+04 6010304 1 1.0475e-01
+2.21451e+04 -1.45298e+04 6010305 1 1.0648e-01
+2.33513e+04 -1.45526e+04 6010306 1 1.0815e-01
+2.45541e+04 -1.45762e+04 6010307 1 1.0974e-01
+2.57534e+04 -1.46004e+04 6010308 1 1.1123e-01
+2.69493e+04 -1.46251e+04 6010309 1 1.1263e-01
+2.81417e+04 -1.46503e+04 6010310 1 1.1392e-01
+2.93304e+04 -1.46759e+04 6010311 1 1.1510e-01
+3.05155e+04 -1.47018e+04 6010312 1 1.1616e-01
+3.16970e+04 -1.47280e+04 6010313 1 1.1710e-01
+3.28748e+04 -1.47544e+04 6010314 1 1.1792e-01
+3.40488e+04 -1.47809e+04 6010315 1 1.1861e-01
+3.52192e+04 -1.48074e+04 6010316 1 1.1917e-01
+3.63859e+04 -1.48340e+04 6010317 1 1.1960e-01
+3.75490e+04 -1.48606e+04 6010318 1 1.1991e-01
+3.87084e+04 -1.48870e+04 6010319 1 1.2008e-01
+3.98641e+04 -1.49133e+04 6010320 1 1.2013e-01
+4.10164e+04 -1.49393e+04 6010321 1 1.2006e-01
+4.21650e+04 -1.49651e+04 6010322 1 1.1986e-01
+4.33102e+04 -1.49906e+04 6010323 1 1.1954e-01
+4.44520e+04 -1.50157e+04 6010324 1 1.1811e-01
+4.55904e+04 -1.50405e+04 6010325 1 1.1618e-01
+4.67255e+04 -1.50649e+04 6010326 1 1.1441e-01
+1.92951e+01 -1.31506e+04 6010328 1 7.6773e-02
+1.25417e+03 -1.31513e+04 6010329 1 7.6923e-02
+2.48883e+03 -1.31533e+04 6010330 1 7.7362e-02
+3.72305e+03 -1.31566e+04 6010331 1 7.8081e-02
+4.95663e+03 -1.31612e+04 6010332 1 7.9063e-02
+6.18937e+03 -1.31671e+04 6010333 1 8.0289e-02
+7.42106e+03 -1.31742e+04 6010334 1 8.1735e-02
+8.65150e+03 -1.31825e+04 6010335 1 8.3376e-02
+9.88051e+03 -1.31920e+04 6010336 1 8.5183e-02
+1.11079e+04 -1.32027e+04 6010337 1 8.7128e-02
+1.23335e+04 -1.32144e+04 6010338 1 8.9183e-02
+1.35571e+04 -1.32273e+04 6010339 1 9.1321e-02
+1.47786e+04 -1.32412e+04 6010340 1 9.3515e-02
+1.59977e+04 -1.32560e+04 6010341 1 9.5741e-02
+1.72145e+04 -1.32718e+04 6010342 1 9.7968e-02
+1.84286e+04 -1.32885e+04 6010343 1 1.0018e-01
+1.96400e+04 -1.33060e+04 6010344 1 1.0236e-01
+2.08486e+04 -1.33243e+04 6010345 1 1.0449e-01
+2.20542e+04 -1.33433e+04 6010346 1 1.0656e-01
+2.32568e+04 -1.33629e+04 6010347 1 1.0855e-01
+2.44563e+04 -1.33831e+04 6010348 1 1.1044e-01
+2.56525e+04 -1.34038e+04 6010349 1 1.1224e-01
+2.68455e+04 -1.34250e+04 6010350 1 1.1392e-01
+2.80352e+04 -1.34466e+04 6010351 1 1.1549e-01
+2.92215e+04 -1.34686e+04 6010352 1 1.1693e-01
+3.04044e+04 -1.34908e+04 6010353 1 1.1824e-01
+3.15838e+04 -1.35132e+04 6010354 1 1.1941e-01
+3.27598e+04 -1.35359e+04 6010355 1 1.2045e-01
+3.39323e+04 -1.35586e+04 6010356 1 1.2134e-01
+3.51013e+04 -1.35814e+04 6010357 1 1.2210e-01
+3.62669e+04 -1.36042e+04 6010358 1 1.2271e-01
+3.74290e+04 -1.36270e+04 6010359 1 1.2317e-01
+3.85877e+04 -1.36496e+04 6010360 1 1.2349e-01
+3.97430e+04 -1.36722e+04 6010361 1 1.2367e-01
+4.08949e+04 -1.36945e+04 6010362 1 1.2371e-01
+4.20435e+04 -1.37166e+04 6010363 1 1.2361e-01
+4.31888e+04 -1.37385e+04 6010364 1 1.2337e-01
+4.43308e+04 -1.37601e+04 6010365 1 1.2224e-01
+4.54697e+04 -1.37813e+04 6010366 1 1.2030e-01
+4.66054e+04 -1.38022e+04 6010367 1 1.1848e-01
+1.65023e+04 -2.36772e+04 4010792 1 1.1432e-01
+1.91990e+01 -1.19907e+04 6010369 1 7.1665e-02
+1.24793e+03 -1.19913e+04 6010370 1 7.1849e-02
+2.47645e+03 -1.19930e+04 6010371 1 7.2386e-02
+3.70458e+03 -1.19958e+04 6010372 1 7.3264e-02
+4.93211e+03 -1.19997e+04 6010373 1 7.4460e-02
+6.15886e+03 -1.20046e+04 6010374 1 7.5949e-02
+7.38464e+03 -1.20106e+04 6010375 1 7.7698e-02
+8.60926e+03 -1.20176e+04 6010376 1 7.9674e-02
+9.83256e+03 -1.20256e+04 6010377 1 8.1841e-02
+1.10543e+04 -1.20346e+04 6010378 1 8.4164e-02
+1.22745e+04 -1.20446e+04 6010379 1 8.6609e-02
+1.34928e+04 -1.20554e+04 6010380 1 8.9142e-02
+1.47091e+04 -1.20671e+04 6010381 1 9.1734e-02
+1.59232e+04 -1.20797e+04 6010382 1 9.4355e-02
+1.71352e+04 -1.20930e+04 6010383 1 9.6982e-02
+1.83447e+04 -1.21071e+04 6010384 1 9.9581e-02
+1.95516e+04 -1.21218e+04 6010385 1 1.0214e-01
+2.07560e+04 -1.21372e+04 6010386 1 1.0464e-01
+2.19576e+04 -1.21532e+04 6010387 1 1.0706e-01
+2.31564e+04 -1.21698e+04 6010388 1 1.0939e-01
+2.43523e+04 -1.21868e+04 6010389 1 1.1162e-01
+2.55452e+04 -1.22043e+04 6010390 1 1.1373e-01
+2.67351e+04 -1.22222e+04 6010391 1 1.1571e-01
+2.79218e+04 -1.22405e+04 6010392 1 1.1757e-01
+2.91054e+04 -1.22590e+04 6010393 1 1.1928e-01
+3.02859e+04 -1.22777e+04 6010394 1 1.2085e-01
+3.14631e+04 -1.22967e+04 6010395 1 1.2226e-01
+3.26371e+04 -1.23158e+04 6010396 1 1.2353e-01
+3.38079e+04 -1.23350e+04 6010397 1 1.2463e-01
+3.49754e+04 -1.23542e+04 6010398 1 1.2558e-01
+3.61397e+04 -1.23734e+04 6010399 1 1.2636e-01
+3.73007e+04 -1.23927e+04 6010400 1 1.2699e-01
+3.84586e+04 -1.24118e+04 6010401 1 1.2745e-01
+3.96133e+04 -1.24308e+04 6010402 1 1.2776e-01
+4.07648e+04 -1.24497e+04 6010403 1 1.2791e-01
+4.19132e+04 -1.24683e+04 6010404 1 1.2790e-01
+4.30585e+04 -1.24868e+04 6010405 1 1.2774e-01
+4.42008e+04 -1.25050e+04 6010406 1 1.2696e-01
+4.53401e+04 -1.25229e+04 6010407 1 1.2500e-01
+4.64765e+04 -1.25406e+04 6010408 1 1.2316e-01
+1.90973e+01 -1.08249e+04 6010410 1 6.6230e-02
+1.24132e+03 -1.08254e+04 6010411 1 6.6457e-02
+2.46335e+03 -1.08268e+04 6010412 1 6.7119e-02
+3.68502e+03 -1.08291e+04 6010413 1 6.8197e-02
+4.90614e+03 -1.08323e+04 6010414 1 6.9661e-02
+6.12655e+03 -1.08364e+04 6010415 1 7.1474e-02
+7.34606e+03 -1.08413e+04 6010416 1 7.3592e-02
+8.56452e+03 -1.08472e+04 6010417 1 7.5971e-02
+9.78176e+03 -1.08538e+04 6010418 1 7.8564e-02
+1.09976e+04 -1.08612e+04 6010419 1 8.1329e-02
+1.22119e+04 -1.08695e+04 6010420 1 8.4222e-02
+1.34246e+04 -1.08784e+04 6010421 1 8.7205e-02
+1.46354e+04 -1.08881e+04 6010422 1 9.0244e-02
+1.58442e+04 -1.08985e+04 6010423 1 9.3306e-02
+1.70510e+04 -1.09095e+04 6010424 1 9.6363e-02
+1.82556e+04 -1.09212e+04 6010425 1 9.9389e-02
+1.94578e+04 -1.09334e+04 6010426 1 1.0236e-01
+2.06577e+04 -1.09461e+04 6010427 1 1.0525e-01
+2.18550e+04 -1.09594e+04 6010428 1 1.0805e-01
+2.30497e+04 -1.09731e+04 6010429 1 1.1075e-01
+2.42417e+04 -1.09872e+04 6010430 1 1.1332e-01
+2.54310e+04 -1.10017e+04 6010431 1 1.1576e-01
+2.66175e+04 -1.10165e+04 6010432 1 1.1806e-01
+2.78011e+04 -1.10316e+04 6010433 1 1.2022e-01
+2.89819e+04 -1.10469e+04 6010434 1 1.2221e-01
+3.01596e+04 -1.10624e+04 6010435 1 1.2404e-01
+3.13345e+04 -1.10781e+04 6010436 1 1.2571e-01
+3.25063e+04 -1.10939e+04 6010437 1 1.2720e-01
+3.36752e+04 -1.11098e+04 6010438 1 1.2852e-01
+3.48410e+04 -1.11257e+04 6010439 1 1.2966e-01
+3.60039e+04 -1.11416e+04 6010440 1 1.3062e-01
+3.71637e+04 -1.11575e+04 6010441 1 1.3141e-01
+3.83206e+04 -1.11734e+04 6010442 1 1.3202e-01
+3.94746e+04 -1.11891e+04 6010443 1 1.3245e-01
+4.06256e+04 -1.12047e+04 6010444 1 1.3271e-01
+4.17738e+04 -1.12202e+04 6010445 1 1.3279e-01
+4.29191e+04 -1.12355e+04 6010446 1 1.3271e-01
+4.40616e+04 -1.12505e+04 6010447 1 1.3240e-01
+4.52013e+04 -1.12654e+04 6010448 1 1.3038e-01
+4.63383e+04 -1.12800e+04 6010449 1 1.2850e-01
+1.89896e+01 -9.65277e+03 6010451 1 6.0441e-02
+1.23432e+03 -9.65316e+03 6010452 1 6.0725e-02
+2.44948e+03 -9.65429e+03 6010453 1 6.1549e-02
+3.66430e+03 -9.65615e+03 6010454 1 6.2884e-02
+4.87864e+03 -9.65873e+03 6010455 1 6.4687e-02
+6.09232e+03 -9.66203e+03 6010456 1 6.6903e-02
+7.30519e+03 -9.66603e+03 6010457 1 6.9472e-02
+8.51711e+03 -9.67072e+03 6010458 1 7.2334e-02
+9.72791e+03 -9.67608e+03 6010459 1 7.5430e-02
+1.09375e+04 -9.68210e+03 6010460 1 7.8706e-02
+1.21456e+04 -9.68874e+03 6010461 1 8.2111e-02
+1.33523e+04 -9.69599e+03 6010462 1 8.5602e-02
+1.45572e+04 -9.70382e+03 6010463 1 8.9137e-02
+1.57604e+04 -9.71220e+03 6010464 1 9.2683e-02
+1.69617e+04 -9.72111e+03 6010465 1 9.6208e-02
+1.81610e+04 -9.73052e+03 6010466 1 9.9686e-02
+1.93582e+04 -9.74039e+03 6010467 1 1.0309e-01
+2.05532e+04 -9.75070e+03 6010468 1 1.0641e-01
+2.17459e+04 -9.76140e+03 6010469 1 1.0961e-01
+2.29363e+04 -9.77247e+03 6010470 1 1.1269e-01
+2.41242e+04 -9.78387e+03 6010471 1 1.1562e-01
+2.53096e+04 -9.79557e+03 6010472 1 1.1841e-01
+2.64924e+04 -9.80753e+03 6010473 1 1.2104e-01
+2.76727e+04 -9.81972e+03 6010474 1 1.2350e-01
+2.88503e+04 -9.83211e+03 6010475 1 1.2578e-01
+3.00252e+04 -9.84465e+03 6010476 1 1.2788e-01
+3.11974e+04 -9.85733e+03 6010477 1 1.2980e-01
+3.23669e+04 -9.87009e+03 6010478 1 1.3152e-01
+3.35336e+04 -9.88293e+03 6010479 1 1.3306e-01
+3.46977e+04 -9.89579e+03 6010480 1 1.3439e-01
+3.58589e+04 -9.90866e+03 6010481 1 1.3554e-01
+3.70175e+04 -9.92151e+03 6010482 1 1.3648e-01
+3.81733e+04 -9.93430e+03 6010483 1 1.3724e-01
+3.93265e+04 -9.94701e+03 6010484 1 1.3779e-01
+4.04769e+04 -9.95962e+03 6010485 1 1.3816e-01
+4.16247e+04 -9.97210e+03 6010486 1 1.3833e-01
+4.27700e+04 -9.98444e+03 6010487 1 1.3832e-01
+4.39126e+04 -9.99660e+03 6010488 1 1.3812e-01
+4.50527e+04 -1.00086e+04 6010489 1 1.3656e-01
+4.61903e+04 -1.00204e+04 6010490 1 1.3463e-01
+1.88755e+01 -8.47381e+03 6010492 1 5.4273e-02
+1.22690e+03 -8.47412e+03 6010493 1 5.4632e-02
+2.43477e+03 -8.47500e+03 6010494 1 5.5670e-02
+3.64235e+03 -8.47645e+03 6010495 1 5.7342e-02
+4.84948e+03 -8.47848e+03 6010496 1 5.9578e-02
+6.05603e+03 -8.48106e+03 6010497 1 6.2299e-02
+7.26187e+03 -8.48420e+03 6010498 1 6.5420e-02
+8.46684e+03 -8.48787e+03 6010499 1 6.8860e-02
+9.67082e+03 -8.49208e+03 6010500 1 7.2544e-02
+1.08737e+04 -8.49679e+03 6010501 1 7.6407e-02
+1.20753e+04 -8.50199e+03 6010502 1 8.0389e-02
+1.32755e+04 -8.50768e+03 6010503 1 8.4441e-02
+1.44743e+04 -8.51381e+03 6010504 1 8.8520e-02
+1.56715e+04 -8.52039e+03 6010505 1 9.2589e-02
+1.68670e+04 -8.52737e+03 6010506 1 9.6616e-02
+1.80607e+04 -8.53474e+03 6010507 1 1.0057e-01
+1.92525e+04 -8.54248e+03 6010508 1 1.0444e-01
+2.04423e+04 -8.55055e+03 6010509 1 1.0819e-01
+2.16301e+04 -8.55894e+03 6010510 1 1.1181e-01
+2.28157e+04 -8.56762e+03 6010511 1 1.1529e-01
+2.39992e+04 -8.57655e+03 6010512 1 1.1860e-01
+2.51804e+04 -8.58572e+03 6010513 1 1.2174e-01
+2.63594e+04 -8.59510e+03 6010514 1 1.2470e-01
+2.75360e+04 -8.60465e+03 6010515 1 1.2748e-01
+2.87102e+04 -8.61435e+03 6010516 1 1.3005e-01
+2.98820e+04 -8.62419e+03 6010517 1 1.3243e-01
+3.10514e+04 -8.63412e+03 6010518 1 1.3460e-01
+3.22183e+04 -8.64412e+03 6010519 1 1.3656e-01
+3.33828e+04 -8.65418e+03 6010520 1 1.3831e-01
+3.45448e+04 -8.66426e+03 6010521 1 1.3984e-01
+3.57044e+04 -8.67434e+03 6010522 1 1.4116e-01
+3.68614e+04 -8.68440e+03 6010523 1 1.4227e-01
+3.80161e+04 -8.69442e+03 6010524 1 1.4316e-01
+3.91683e+04 -8.70438e+03 6010525 1 1.4384e-01
+4.03181e+04 -8.71425e+03 6010526 1 1.4431e-01
+4.14655e+04 -8.72403e+03 6010527 1 1.4457e-01
+4.26106e+04 -8.73369e+03 6010528 1 1.4462e-01
+4.37533e+04 -8.74321e+03 6010529 1 1.4447e-01
+4.48938e+04 -8.75258e+03 6010530 1 1.4366e-01
+4.60320e+04 -8.76180e+03 6010531 1 1.4167e-01
+1.87544e+01 -7.28754e+03 6010533 1 4.7695e-02
+1.21903e+03 -7.28777e+03 6010534 1 4.8157e-02
+2.41918e+03 -7.28843e+03 6010535 1 4.9489e-02
+3.61906e+03 -7.28953e+03 6010536 1 5.1609e-02
+4.81856e+03 -7.29106e+03 6010537 1 5.4409e-02
+6.01755e+03 -7.29300e+03 6010538 1 5.7765e-02
+7.21591e+03 -7.29536e+03 6010539 1 6.1559e-02
+8.41351e+03 -7.29813e+03 6010540 1 6.5683e-02
+9.61025e+03 -7.30130e+03 6010541 1 7.0045e-02
+1.08060e+04 -7.30484e+03 6010542 1 7.4569e-02
+1.20007e+04 -7.30877e+03 6010543 1 7.9189e-02
+1.31941e+04 -7.31304e+03 6010544 1 8.3852e-02
+1.43863e+04 -7.31767e+03 6010545 1 8.8514e-02
+1.55771e+04 -7.32262e+03 6010546 1 9.3138e-02
+1.67663e+04 -7.32788e+03 6010547 1 9.7693e-02
+1.79540e+04 -7.33343e+03 6010548 1 1.0215e-01
+1.91401e+04 -7.33925e+03 6010549 1 1.0649e-01
+2.03244e+04 -7.34534e+03 6010550 1 1.1069e-01
+2.15069e+04 -7.35165e+03 6010551 1 1.1474e-01
+2.26876e+04 -7.35819e+03 6010552 1 1.1862e-01
+2.38663e+04 -7.36491e+03 6010553 1 1.2232e-01
+2.50431e+04 -7.37182e+03 6010554 1 1.2582e-01
+2.62178e+04 -7.37888e+03 6010555 1 1.2912e-01
+2.73905e+04 -7.38607e+03 6010556 1 1.3221e-01
+2.85611e+04 -7.39337e+03 6010557 1 1.3509e-01
+2.97295e+04 -7.40078e+03 6010558 1 1.3774e-01
+3.08959e+04 -7.40825e+03 6010559 1 1.4017e-01
+3.20600e+04 -7.41578e+03 6010560 1 1.4237e-01
+3.32220e+04 -7.42335e+03 6010561 1 1.4433e-01
+3.43819e+04 -7.43094e+03 6010562 1 1.4606e-01
+3.55395e+04 -7.43852e+03 6010563 1 1.4756e-01
+3.66950e+04 -7.44609e+03 6010564 1 1.4882e-01
+3.78484e+04 -7.45363e+03 6010565 1 1.4985e-01
+3.89995e+04 -7.46112e+03 6010566 1 1.5065e-01
+4.01486e+04 -7.46855e+03 6010567 1 1.5122e-01
+4.12955e+04 -7.47590e+03 6010568 1 1.5156e-01
+4.24404e+04 -7.48316e+03 6010569 1 1.5167e-01
+4.35832e+04 -7.49032e+03 6010570 1 1.5157e-01
+4.47240e+04 -7.49736e+03 6010571 1 1.5124e-01
+4.58628e+04 -7.50429e+03 6010572 1 1.4977e-01
+1.86260e+01 -6.09342e+03 6010574 1 4.0674e-02
+1.21068e+03 -6.09358e+03 6010575 1 4.1287e-02
+2.40263e+03 -6.09405e+03 6010576 1 4.3035e-02
+3.59436e+03 -6.09483e+03 6010577 1 4.5771e-02
+4.78575e+03 -6.09592e+03 6010578 1 4.9310e-02
+5.97671e+03 -6.09731e+03 6010579 1 5.3463e-02
+7.16714e+03 -6.09899e+03 6010580 1 5.8066e-02
+8.35692e+03 -6.10097e+03 6010581 1 6.2984e-02
+9.54596e+03 -6.10322e+03 6010582 1 6.8110e-02
+1.07342e+04 -6.10575e+03 6010583 1 7.3359e-02
+1.19214e+04 -6.10855e+03 6010584 1 7.8665e-02
+1.31077e+04 -6.11160e+03 6010585 1 8.3977e-02
+1.42928e+04 -6.11490e+03 6010586 1 8.9250e-02
+1.54768e+04 -6.11843e+03 6010587 1 9.4452e-02
+1.66594e+04 -6.12218e+03 6010588 1 9.9551e-02
+1.78408e+04 -6.12614e+03 6010589 1 1.0452e-01
+1.90207e+04 -6.13029e+03 6010590 1 1.0935e-01
+2.01991e+04 -6.13463e+03 6010591 1 1.1401e-01
+2.13760e+04 -6.13914e+03 6010592 1 1.1849e-01
+2.25513e+04 -6.14379e+03 6010593 1 1.2278e-01
+2.37249e+04 -6.14859e+03 6010594 1 1.2686e-01
+2.48969e+04 -6.15351e+03 6010595 1 1.3073e-01
+2.60672e+04 -6.15854e+03 6010596 1 1.3437e-01
+2.72356e+04 -6.16367e+03 6010597 1 1.3778e-01
+2.84023e+04 -6.16888e+03 6010598 1 1.4095e-01
+2.95672e+04 -6.17415e+03 6010599 1 1.4388e-01
+3.07302e+04 -6.17948e+03 6010600 1 1.4656e-01
+3.18914e+04 -6.18484e+03 6010601 1 1.4900e-01
+3.30508e+04 -6.19023e+03 6010602 1 1.5118e-01
+3.42082e+04 -6.19564e+03 6010603 1 1.5310e-01
+3.53638e+04 -6.20104e+03 6010604 1 1.5478e-01
+3.65176e+04 -6.20643e+03 6010605 1 1.5620e-01
+3.76695e+04 -6.21180e+03 6010606 1 1.5736e-01
+3.88195e+04 -6.21713e+03 6010607 1 1.5828e-01
+3.99677e+04 -6.22241e+03 6010608 1 1.5894e-01
+4.11141e+04 -6.22764e+03 6010609 1 1.5936e-01
+4.22587e+04 -6.23281e+03 6010610 1 1.5953e-01
+4.34016e+04 -6.23790e+03 6010611 1 1.5946e-01
+4.45427e+04 -6.24291e+03 6010612 1 1.5915e-01
+4.56821e+04 -6.24783e+03 6010613 1 1.5861e-01
+4.68199e+04 -6.25265e+03 6010614 1 1.5710e-01
+1.77504e+04 -2.37219e+04 4010793 1 1.1452e-01
+1.84896e+01 -4.89083e+03 6010615 1 3.3175e-02
+1.20182e+03 -4.89094e+03 6010616 1 3.4023e-02
+2.38506e+03 -4.89125e+03 6010617 1 3.6393e-02
+3.56812e+03 -4.89176e+03 6010618 1 3.9996e-02
+4.75092e+03 -4.89248e+03 6010619 1 4.4506e-02
+5.93335e+03 -4.89340e+03 6010620 1 4.9642e-02
+7.11534e+03 -4.89451e+03 6010621 1 5.5190e-02
+8.29681e+03 -4.89581e+03 6010622 1 6.0997e-02
+9.47767e+03 -4.89729e+03 6010623 1 6.6949e-02
+1.06578e+04 -4.89896e+03 6010624 1 7.2967e-02
+1.18373e+04 -4.90081e+03 6010625 1 7.8989e-02
+1.30158e+04 -4.90282e+03 6010626 1 8.4968e-02
+1.41935e+04 -4.90499e+03 6010627 1 9.0866e-02
+1.53702e+04 -4.90732e+03 6010628 1 9.6652e-02
+1.65458e+04 -4.90979e+03 6010629 1 1.0230e-01
+1.77203e+04 -4.91240e+03 6010630 1 1.0779e-01
+1.88937e+04 -4.91514e+03 6010631 1 1.1311e-01
+2.00659e+04 -4.91799e+03 6010632 1 1.1823e-01
+2.12368e+04 -4.92096e+03 6010633 1 1.2315e-01
+2.24064e+04 -4.92403e+03 6010634 1 1.2784e-01
+2.35746e+04 -4.92719e+03 6010635 1 1.3231e-01
+2.47414e+04 -4.93043e+03 6010636 1 1.3654e-01
+2.59069e+04 -4.93374e+03 6010637 1 1.4052e-01
+2.70709e+04 -4.93712e+03 6010638 1 1.4425e-01
+2.82334e+04 -4.94055e+03 6010639 1 1.4772e-01
+2.93944e+04 -4.94402e+03 6010640 1 1.5092e-01
+3.05539e+04 -4.94753e+03 6010641 1 1.5386e-01
+3.17119e+04 -4.95106e+03 6010642 1 1.5652e-01
+3.28683e+04 -4.95460e+03 6010643 1 1.5892e-01
+3.40232e+04 -4.95816e+03 6010644 1 1.6103e-01
+3.51766e+04 -4.96171e+03 6010645 1 1.6288e-01
+3.63284e+04 -4.96525e+03 6010646 1 1.6445e-01
+3.74788e+04 -4.96878e+03 6010647 1 1.6574e-01
+3.86276e+04 -4.97229e+03 6010648 1 1.6677e-01
+3.97748e+04 -4.97576e+03 6010649 1 1.6752e-01
+4.09206e+04 -4.97919e+03 6010650 1 1.6801e-01
+4.20650e+04 -4.98258e+03 6010651 1 1.6823e-01
+4.32078e+04 -4.98593e+03 6010652 1 1.6819e-01
+4.43493e+04 -4.98921e+03 6010653 1 1.6790e-01
+4.54893e+04 -4.99244e+03 6010654 1 1.6735e-01
+4.66279e+04 -4.99560e+03 6010655 1 1.6656e-01
+1.83448e+01 -3.67912e+03 6010656 1 2.5160e-02
+1.19241e+03 -3.67918e+03 6010657 1 2.6411e-02
+2.36640e+03 -3.67936e+03 6010658 1 2.9774e-02
+3.54026e+03 -3.67966e+03 6010659 1 3.4613e-02
+4.71390e+03 -3.68008e+03 6010660 1 4.0367e-02
+5.88728e+03 -3.68061e+03 6010661 1 4.6657e-02
+7.06031e+03 -3.68126e+03 6010662 1 5.3250e-02
+8.23295e+03 -3.68202e+03 6010663 1 5.9997e-02
+9.40511e+03 -3.68288e+03 6010664 1 6.6801e-02
+1.05767e+04 -3.68386e+03 6010665 1 7.3597e-02
+1.17478e+04 -3.68493e+03 6010666 1 8.0334e-02
+1.29182e+04 -3.68610e+03 6010667 1 8.6976e-02
+1.40879e+04 -3.68736e+03 6010668 1 9.3493e-02
+1.52569e+04 -3.68872e+03 6010669 1 9.9860e-02
+1.64250e+04 -3.69016e+03 6010670 1 1.0606e-01
+1.75923e+04 -3.69168e+03 6010671 1 1.1206e-01
+1.87587e+04 -3.69327e+03 6010672 1 1.1786e-01
+1.99242e+04 -3.69493e+03 6010673 1 1.2344e-01
+2.10887e+04 -3.69666e+03 6010674 1 1.2879e-01
+2.22522e+04 -3.69844e+03 6010675 1 1.3390e-01
+2.34146e+04 -3.70028e+03 6010676 1 1.3875e-01
+2.45760e+04 -3.70217e+03 6010677 1 1.4334e-01
+2.57363e+04 -3.70409e+03 6010678 1 1.4766e-01
+2.68954e+04 -3.70605e+03 6010679 1 1.5170e-01
+2.80535e+04 -3.70805e+03 6010680 1 1.5547e-01
+2.92103e+04 -3.71006e+03 6010681 1 1.5894e-01
+3.03661e+04 -3.71210e+03 6010682 1 1.6213e-01
+3.15206e+04 -3.71415e+03 6010683 1 1.6503e-01
+3.26739e+04 -3.71621e+03 6010684 1 1.6763e-01
+3.38261e+04 -3.71827e+03 6010685 1 1.6994e-01
+3.49771e+04 -3.72033e+03 6010686 1 1.7195e-01
+3.61269e+04 -3.72239e+03 6010687 1 1.7366e-01
+3.72755e+04 -3.72443e+03 6010688 1 1.7508e-01
+3.84230e+04 -3.72646e+03 6010689 1 1.7621e-01
+3.95692e+04 -3.72847e+03 6010690 1 1.7705e-01
+4.07144e+04 -3.73046e+03 6010691 1 1.7760e-01
+4.18583e+04 -3.73243e+03 6010692 1 1.7786e-01
+4.30012e+04 -3.73436e+03 6010693 1 1.7785e-01
+4.41429e+04 -3.73626e+03 6010694 1 1.7756e-01
+4.52836e+04 -3.73812e+03 6010695 1 1.7700e-01
+4.64232e+04 -3.73995e+03 6010696 1 1.7617e-01
+1.81908e+01 -2.45755e+03 6010697 1 1.6594e-02
+1.18240e+03 -2.45758e+03 6010698 1 1.8667e-02
+2.34656e+03 -2.45767e+03 6010699 1 2.3713e-02
+3.51063e+03 -2.45781e+03 6010700 1 3.0248e-02
+4.67456e+03 -2.45800e+03 6010701 1 3.7460e-02
+5.83830e+03 -2.45825e+03 6010702 1 4.4976e-02
+7.00181e+03 -2.45855e+03 6010703 1 5.2617e-02
+8.16504e+03 -2.45890e+03 6010704 1 6.0279e-02
+9.32795e+03 -2.45931e+03 6010705 1 6.7902e-02
+1.04905e+04 -2.45976e+03 6010706 1 7.5441e-02
+1.16527e+04 -2.46026e+03 6010707 1 8.2863e-02
+1.28144e+04 -2.46080e+03 6010708 1 9.0142e-02
+1.39756e+04 -2.46139e+03 6010709 1 9.7256e-02
+1.51363e+04 -2.46202e+03 6010710 1 1.0418e-01
+1.62965e+04 -2.46269e+03 6010711 1 1.1091e-01
+1.74561e+04 -2.46340e+03 6010712 1 1.1742e-01
+1.86151e+04 -2.46414e+03 6010713 1 1.2370e-01
+1.97734e+04 -2.46491e+03 6010714 1 1.2973e-01
+2.09311e+04 -2.46571e+03 6010715 1 1.3550e-01
+2.20880e+04 -2.46654e+03 6010716 1 1.4101e-01
+2.32443e+04 -2.46740e+03 6010717 1 1.4625e-01
+2.43999e+04 -2.46827e+03 6010718 1 1.5120e-01
+2.55546e+04 -2.46916e+03 6010719 1 1.5585e-01
+2.67087e+04 -2.47007e+03 6010720 1 1.6021e-01
+2.78619e+04 -2.47100e+03 6010721 1 1.6427e-01
+2.90144e+04 -2.47193e+03 6010722 1 1.6802e-01
+3.01660e+04 -2.47288e+03 6010723 1 1.7146e-01
+3.13169e+04 -2.47383e+03 6010724 1 1.7458e-01
+3.24669e+04 -2.47478e+03 6010725 1 1.7739e-01
+3.36161e+04 -2.47573e+03 6010726 1 1.7988e-01
+3.47645e+04 -2.47669e+03 6010727 1 1.8205e-01
+3.59121e+04 -2.47764e+03 6010728 1 1.8391e-01
+3.70589e+04 -2.47858e+03 6010729 1 1.8545e-01
+3.82049e+04 -2.47952e+03 6010730 1 1.8668e-01
+3.93501e+04 -2.48044e+03 6010731 1 1.8759e-01
+4.04944e+04 -2.48136e+03 6010732 1 1.8820e-01
+4.16380e+04 -2.48226e+03 6010733 1 1.8850e-01
+4.27809e+04 -2.48315e+03 6010734 1 1.8851e-01
+4.39229e+04 -2.48403e+03 6010735 1 1.8821e-01
+4.50643e+04 -2.48488e+03 6010736 1 1.8763e-01
+4.62048e+04 -2.48572e+03 6010737 1 1.8676e-01
+1.80270e+01 -1.22532e+03 6010738 1 7.4767e-03
+1.17176e+03 -1.22533e+03 6010739 1 1.1783e-02
+2.32546e+03 -1.22535e+03 6010740 1 1.9517e-02
+3.47912e+03 -1.22539e+03 6010741 1 2.7928e-02
+4.63270e+03 -1.22544e+03 6010742 1 3.6505e-02
+5.78619e+03 -1.22551e+03 6010743 1 4.5101e-02
+6.93957e+03 -1.22560e+03 6010744 1 5.3650e-02
+8.09280e+03 -1.22569e+03 6010745 1 6.2112e-02
+9.24587e+03 -1.22580e+03 6010746 1 7.0459e-02
+1.03988e+04 -1.22593e+03 6010747 1 7.8667e-02
+1.15514e+04 -1.22606e+03 6010748 1 8.6716e-02
+1.27039e+04 -1.22621e+03 6010749 1 9.4586e-02
+1.38561e+04 -1.22637e+03 6010750 1 1.0226e-01
+1.50080e+04 -1.22655e+03 6010751 1 1.0972e-01
+1.61597e+04 -1.22673e+03 6010752 1 1.1696e-01
+1.73111e+04 -1.22692e+03 6010753 1 1.2395e-01
+1.84621e+04 -1.22712e+03 6010754 1 1.3069e-01
+1.96129e+04 -1.22734e+03 6010755 1 1.3717e-01
+2.07633e+04 -1.22755e+03 6010756 1 1.4337e-01
+2.19133e+04 -1.22778e+03 6010757 1 1.4927e-01
+2.30630e+04 -1.22801e+03 6010758 1 1.5489e-01
+2.42123e+04 -1.22825e+03 6010759 1 1.6019e-01
+2.53612e+04 -1.22849e+03 6010760 1 1.6519e-01
+2.65097e+04 -1.22874e+03 6010761 1 1.6986e-01
+2.76579e+04 -1.22899e+03 6010762 1 1.7421e-01
+2.88056e+04 -1.22925e+03 6010763 1 1.7823e-01
+2.99529e+04 -1.22950e+03 6010764 1 1.8191e-01
+3.10998e+04 -1.22976e+03 6010765 1 1.8526e-01
+3.22463e+04 -1.23001e+03 6010766 1 1.8827e-01
+3.33923e+04 -1.23027e+03 6010767 1 1.9095e-01
+3.45380e+04 -1.23053e+03 6010768 1 1.9328e-01
+3.56832e+04 -1.23078e+03 6010769 1 1.9527e-01
+3.68280e+04 -1.23104e+03 6010770 1 1.9693e-01
+3.79725e+04 -1.23129e+03 6010771 1 1.9825e-01
+3.91164e+04 -1.23154e+03 6010772 1 1.9923e-01
+4.02600e+04 -1.23178e+03 6010773 1 1.9989e-01
+4.14032e+04 -1.23202e+03 6010774 1 2.0022e-01
+4.25460e+04 -1.23226e+03 6010775 1 2.0023e-01
+4.36884e+04 -1.23249e+03 6010776 1 1.9992e-01
+4.48304e+04 -1.23272e+03 6010777 1 1.9930e-01
+4.59721e+04 -1.23294e+03 6010778 1 1.9838e-01
