+3.07850e+01 -1.72567e+04 6010000 1 5.4567e-01
+2.00018e+03 -1.72766e+04 6010001 1 5.4672e-01
+3.96317e+03 -1.73298e+04 6010002 1 5.4984e-01
+5.91333e+03 -1.74175e+04 6010003 1 5.5451e-01
+7.84464e+03 -1.75384e+04 6010004 1 5.6032e-01
+9.75198e+03 -1.76904e+04 6010005 1 5.6665e-01
+1.16305e+04 -1.78715e+04 6010006 1 5.7302e-01
+1.34760e+04 -1.80793e+04 6010007 1 5.7899e-01
+1.52855e+04 -1.83110e+04 6010008 1 5.8402e-01
+1.70560e+04 -1.85639e+04 6010009 1 5.8769e-01
+1.87858e+04 -1.88352e+04 6010010 1 5.8959e-01
+2.04737e+04 -1.91220e+04 6010011 1 5.9059e-01
+2.21193e+04 -1.94218e+04 6010012 1 5.8970e-01
+2.37222e+04 -1.97318e+04 6010013 1 5.8674e-01
+2.52827e+04 -2.00496e+04 6010014 1 5.8088e-01
+2.68014e+04 -2.03729e+04 6010015 1 5.7587e-01
+2.82799e+04 -2.06995e+04 6010016 1 5.6950e-01
+2.97194e+04 -2.10275e+04 6010017 1 5.6120e-01
+3.11204e+04 -2.13552e+04 6010018 1 5.4684e-01
+3.24847e+04 -2.16812e+04 6010019 1 5.3811e-01
+3.38148e+04 -2.20036e+04 6010020 1 5.2875e-01
+3.51125e+04 -2.23213e+04 6010021 1 5.1872e-01
+3.63793e+04 -2.26332e+04 6010022 1 5.0501e-01
+3.76152e+04 -2.29386e+04 6010023 1 4.8448e-01
+3.88229e+04 -2.32367e+04 6010024 1 4.7420e-01
+4.00052e+04 -2.35264e+04 6010025 1 4.6390e-01
+3.41963e+01 -2.20589e+04 4010533 1 6.5073e-01
+3.46693e+01 -2.27061e+04 4010492 1 6.6455e-01
+2.28251e+03 -2.33865e+04 4010452 1 6.7997e-01
+3.37211e+01 -2.14026e+04 4010574 1 6.3684e-01
+2.15958e+03 -2.07680e+04 4010616 1 6.2382e-01
+3.32432e+01 -2.07371e+04 4010615 1 6.2241e-01
+3.27617e+01 -2.00618e+04 4010656 1 6.0804e-01
+3.22761e+01 -1.93766e+04 4010697 1 5.9286e-01
+2.22135e+03 -2.20950e+04 4010534 1 6.5238e-01
+2.19055e+03 -2.14361e+04 4010575 1 6.3833e-01
+4.15331e+03 -1.94735e+04 4010699 1 5.9778e-01
+3.17854e+01 -1.86810e+04 4010738 1 5.7778e-01
+2.09688e+03 -1.94028e+04 4010698 1 5.9407e-01
+2.12837e+03 -2.00903e+04 4010657 1 6.0930e-01
+4.09079e+03 -1.87695e+04 4010740 1 5.8238e-01
+3.12886e+01 -1.79744e+04 4010779 1 5.6178e-01
+7.96862e+03 -1.82851e+04 4010783 1 5.7694e-01
+3.02731e+01 -1.65268e+04 6010041 1 5.2888e-01
+1.96698e+03 -1.65448e+04 6010042 1 5.2989e-01
+3.89779e+03 -1.65928e+04 6010043 1 5.3283e-01
+5.81674e+03 -1.66721e+04 6010044 1 5.3729e-01
+7.71831e+03 -1.67813e+04 6010045 1 5.4304e-01
+9.59776e+03 -1.69187e+04 6010046 1 5.4945e-01
+1.14504e+04 -1.70826e+04 6010047 1 5.5598e-01
+1.32725e+04 -1.72706e+04 6010048 1 5.6213e-01
+1.50609e+04 -1.74805e+04 6010049 1 5.6734e-01
+1.68129e+04 -1.77098e+04 6010050 1 5.7167e-01
+1.85270e+04 -1.79561e+04 6010051 1 5.7482e-01
+2.02018e+04 -1.82168e+04 6010052 1 5.7644e-01
+2.18366e+04 -1.84895e+04 6010053 1 5.7622e-01
+2.34309e+04 -1.87718e+04 6010054 1 5.7328e-01
+2.49850e+04 -1.90615e+04 6010055 1 5.7099e-01
+2.65000e+04 -1.93565e+04 6010056 1 5.6713e-01
+2.79764e+04 -1.96548e+04 6010057 1 5.6145e-01
+2.94152e+04 -1.99547e+04 6010058 1 5.5212e-01
+3.08169e+04 -2.02547e+04 6010059 1 5.4307e-01
+3.21839e+04 -2.05531e+04 6010060 1 5.3559e-01
+3.35180e+04 -2.08487e+04 6010061 1 5.2733e-01
+3.48205e+04 -2.11401e+04 6010062 1 5.1820e-01
+3.60928e+04 -2.14264e+04 6010063 1 5.0244e-01
+3.73347e+04 -2.17071e+04 6010064 1 4.8695e-01
+3.85497e+04 -2.19811e+04 6010065 1 4.7768e-01
+3.97397e+04 -2.22476e+04 6010066 1 4.6835e-01
+4.09061e+04 -2.25061e+04 6010067 1 4.5894e-01
+4.20500e+04 -2.27561e+04 6010068 1 4.4709e-01
+4.31725e+04 -2.29974e+04 6010069 1 4.3564e-01
+4.42752e+04 -2.32296e+04 6010070 1 4.2459e-01
+4.53596e+04 -2.34526e+04 6010071 1 4.1399e-01
+4.64268e+04 -2.36661e+04 6010072 1 4.0385e-01
+3.51405e+01 -2.33447e+04 4010451 1 6.7799e-01
+2.25199e+03 -2.27450e+04 4010493 1 6.6633e-01
+4.21513e+03 -2.01675e+04 4010658 1 6.1327e-01
+2.97521e+01 -1.57847e+04 6010082 1 5.1139e-01
+1.93318e+03 -1.58009e+04 6010083 1 5.1241e-01
+3.83121e+03 -1.58439e+04 6010084 1 5.1536e-01
+5.71826e+03 -1.59151e+04 6010085 1 5.1985e-01
+7.58937e+03 -1.60132e+04 6010086 1 5.2570e-01
+9.44003e+03 -1.61367e+04 6010087 1 5.3219e-01
+1.12658e+04 -1.62840e+04 6010088 1 5.3882e-01
+1.30634e+04 -1.64533e+04 6010089 1 5.4524e-01
+1.48296e+04 -1.66424e+04 6010090 1 5.5119e-01
+1.65621e+04 -1.68493e+04 6010091 1 5.5617e-01
+1.82591e+04 -1.70717e+04 6010092 1 5.6005e-01
+1.99193e+04 -1.73074e+04 6010093 1 5.6211e-01
+2.15416e+04 -1.75540e+04 6010094 1 5.6246e-01
+2.31261e+04 -1.78097e+04 6010095 1 5.6258e-01
+2.46728e+04 -1.80724e+04 6010096 1 5.6125e-01
+2.61823e+04 -1.83401e+04 6010097 1 5.5841e-01
+2.76550e+04 -1.86110e+04 6010098 1 5.5290e-01
+2.90913e+04 -1.88837e+04 6010099 1 5.4489e-01
+3.04928e+04 -1.91567e+04 6010100 1 5.3965e-01
+3.18612e+04 -1.94285e+04 6010101 1 5.3357e-01
+3.31978e+04 -1.96978e+04 6010102 1 5.2651e-01
+3.45039e+04 -1.99636e+04 6010103 1 5.1807e-01
+3.57799e+04 -2.02251e+04 6010104 1 4.9832e-01
+3.70272e+04 -2.04816e+04 6010105 1 4.9031e-01
+3.82484e+04 -2.07320e+04 6010106 1 4.8211e-01
+3.94451e+04 -2.09757e+04 6010107 1 4.7375e-01
+4.06187e+04 -2.12123e+04 6010108 1 4.6530e-01
+4.17702e+04 -2.14412e+04 6010109 1 4.5454e-01
+4.29007e+04 -2.16623e+04 6010110 1 4.4358e-01
+4.40116e+04 -2.18753e+04 6010111 1 4.3298e-01
+4.51042e+04 -2.20798e+04 6010112 1 4.2273e-01
+4.61799e+04 -2.22757e+04 6010113 1 4.1285e-01
+4.45734e+03 -2.28517e+04 4010494 1 6.7212e-01
+6.37443e+03 -2.09899e+04 4010618 1 6.3476e-01
+6.28452e+03 -2.02943e+04 4010659 1 6.1916e-01
+8.21041e+03 -1.97496e+04 4010701 1 6.1001e-01
+6.19362e+03 -1.95898e+04 4010700 1 6.0331e-01
+8.09046e+03 -1.90219e+04 4010742 1 5.9356e-01
+1.00513e+04 -1.92057e+04 4010743 1 6.0037e-01
+6.10156e+03 -1.88757e+04 4010741 1 5.8741e-01
+1.18066e+04 -1.86519e+04 4010785 1 5.9005e-01
+2.03285e+03 -1.79963e+04 4010780 1 5.6287e-01
+6.00820e+03 -1.81519e+04 4010782 1 5.7094e-01
+2.92205e+01 -1.50292e+04 6010123 1 4.9379e-01
+1.89869e+03 -1.50436e+04 6010124 1 4.9478e-01
+3.76321e+03 -1.50819e+04 6010125 1 4.9763e-01
+5.61759e+03 -1.51456e+04 6010126 1 5.0207e-01
+7.45742e+03 -1.52331e+04 6010127 1 5.0785e-01
+9.27835e+03 -1.53434e+04 6010128 1 5.1443e-01
+1.10764e+04 -1.54753e+04 6010129 1 5.2146e-01
+1.28484e+04 -1.56268e+04 6010130 1 5.2844e-01
+1.45913e+04 -1.57963e+04 6010131 1 5.3496e-01
+1.63030e+04 -1.59817e+04 6010132 1 5.4057e-01
+1.79814e+04 -1.61812e+04 6010133 1 5.4484e-01
+1.96255e+04 -1.63928e+04 6010134 1 5.4825e-01
+2.12342e+04 -1.66147e+04 6010135 1 5.5078e-01
+2.28075e+04 -1.68448e+04 6010136 1 5.5211e-01
+2.43453e+04 -1.70815e+04 6010137 1 5.5169e-01
+2.58476e+04 -1.73229e+04 6010138 1 5.4918e-01
+2.73147e+04 -1.75675e+04 6010139 1 5.4397e-01
+2.87476e+04 -1.78139e+04 6010140 1 5.4098e-01
+3.01477e+04 -1.80607e+04 6010141 1 5.3698e-01
+3.15159e+04 -1.83066e+04 6010142 1 5.3204e-01
+3.28536e+04 -1.85506e+04 6010143 1 5.2594e-01
+3.41619e+04 -1.87915e+04 6010144 1 5.1542e-01
+3.54403e+04 -1.90288e+04 6010145 1 5.0159e-01
+3.66919e+04 -1.92615e+04 6010146 1 4.9474e-01
+3.79183e+04 -1.94890e+04 6010147 1 4.8763e-01
+3.91207e+04 -1.97105e+04 6010148 1 4.8028e-01
+4.03005e+04 -1.99256e+04 6010149 1 4.7274e-01
+4.14589e+04 -2.01339e+04 6010150 1 4.6320e-01
+4.25965e+04 -2.03352e+04 6010151 1 4.5280e-01
+4.37149e+04 -2.05291e+04 6010152 1 4.4266e-01
+4.48152e+04 -2.07155e+04 6010153 1 4.3277e-01
+4.58986e+04 -2.08941e+04 6010154 1 4.2321e-01
+4.51700e+03 -2.35015e+04 4010453 1 6.8645e-01
+4.39738e+03 -2.21938e+04 4010535 1 6.5770e-01
+4.33708e+03 -2.15272e+04 4010576 1 6.4310e-01
+8.44532e+03 -2.11791e+04 4010619 1 6.4256e-01
+4.27635e+03 -2.08520e+04 4010617 1 6.2823e-01
+8.32862e+03 -2.04684e+04 4010660 1 6.2626e-01
+2.06506e+03 -1.87050e+04 4010739 1 5.7894e-01
+1.55038e+04 -1.91348e+04 4010787 1 6.0056e-01
+2.86770e+01 -1.42597e+04 6010164 1 4.7454e-01
+1.86342e+03 -1.42725e+04 6010165 1 4.7559e-01
+3.69366e+03 -1.43065e+04 6010166 1 4.7859e-01
+5.51458e+03 -1.43630e+04 6010167 1 4.8330e-01
+7.32225e+03 -1.44406e+04 6010168 1 4.8943e-01
+9.11246e+03 -1.45386e+04 6010169 1 4.9643e-01
+1.08818e+04 -1.46556e+04 6010170 1 5.0397e-01
+1.26270e+04 -1.47902e+04 6010171 1 5.1149e-01
+1.43453e+04 -1.49409e+04 6010172 1 5.1847e-01
+1.60347e+04 -1.51059e+04 6010173 1 5.2498e-01
+1.76933e+04 -1.52837e+04 6010174 1 5.3076e-01
+1.93199e+04 -1.54725e+04 6010175 1 5.3570e-01
+2.09138e+04 -1.56706e+04 6010176 1 5.3932e-01
+2.24743e+04 -1.58763e+04 6010177 1 5.4152e-01
+2.40013e+04 -1.60880e+04 6010178 1 5.4186e-01
+2.54948e+04 -1.63041e+04 6010179 1 5.3974e-01
+2.69551e+04 -1.65234e+04 6010180 1 5.3920e-01
+2.83834e+04 -1.67444e+04 6010181 1 5.3771e-01
+2.97805e+04 -1.69660e+04 6010182 1 5.3512e-01
+3.11473e+04 -1.71870e+04 6010183 1 5.3119e-01
+3.24846e+04 -1.74063e+04 6010184 1 5.2549e-01
+3.37929e+04 -1.76232e+04 6010185 1 5.1081e-01
+3.50734e+04 -1.78369e+04 6010186 1 5.0571e-01
+3.63282e+04 -1.80466e+04 6010187 1 5.0018e-01
+3.75586e+04 -1.82517e+04 6010188 1 4.9426e-01
+3.87657e+04 -1.84516e+04 6010189 1 4.8801e-01
+3.99508e+04 -1.86458e+04 6010190 1 4.8147e-01
+4.11150e+04 -1.88340e+04 6010191 1 4.7327e-01
+4.22591e+04 -1.90158e+04 6010192 1 4.6342e-01
+4.33842e+04 -1.91911e+04 6010193 1 4.5374e-01
+4.44916e+04 -1.93597e+04 6010194 1 4.4423e-01
+4.55824e+04 -1.95213e+04 6010195 1 4.3493e-01
+4.66576e+04 -1.96760e+04 6010196 1 4.2582e-01
+6.63940e+03 -2.30263e+04 4010495 1 6.8071e-01
+6.55176e+03 -2.23555e+04 4010536 1 6.6559e-01
+8.56066e+03 -2.18818e+04 4010578 1 6.5858e-01
+1.03403e+04 -2.06870e+04 4010661 1 6.3378e-01
+1.01970e+04 -1.99503e+04 4010702 1 6.1716e-01
+1.38685e+04 -1.96742e+04 4010745 1 6.1280e-01
+1.57165e+04 -1.99526e+04 4010746 1 6.1717e-01
+1.72916e+04 -1.94123e+04 4010788 1 6.0397e-01
+2.81205e+01 -1.34755e+04 6010205 1 4.5508e-01
+1.82730e+03 -1.34868e+04 6010206 1 4.5619e-01
+3.62238e+03 -1.35167e+04 6010207 1 4.5934e-01
+5.40894e+03 -1.35664e+04 6010208 1 4.6434e-01
+7.18342e+03 -1.36346e+04 6010209 1 4.7080e-01
+8.94185e+03 -1.37208e+04 6010210 1 4.7823e-01
+1.06812e+04 -1.38238e+04 6010211 1 4.8618e-01
+1.23983e+04 -1.39424e+04 6010212 1 4.9439e-01
+1.40910e+04 -1.40754e+04 6010213 1 5.0249e-01
+1.57568e+04 -1.42212e+04 6010214 1 5.1020e-01
+1.73943e+04 -1.43784e+04 6010215 1 5.1719e-01
+1.90021e+04 -1.45455e+04 6010216 1 5.2314e-01
+2.05794e+04 -1.47209e+04 6010217 1 5.2786e-01
+2.21255e+04 -1.49032e+04 6010218 1 5.3055e-01
+2.36399e+04 -1.50910e+04 6010219 1 5.3228e-01
+2.51232e+04 -1.52830e+04 6010220 1 5.3443e-01
+2.65757e+04 -1.54780e+04 6010221 1 5.3531e-01
+2.79979e+04 -1.56747e+04 6010222 1 5.3512e-01
+2.93904e+04 -1.58720e+04 6010223 1 5.3370e-01
+3.07541e+04 -1.60689e+04 6010224 1 5.3064e-01
+3.20895e+04 -1.62645e+04 6010225 1 5.1824e-01
+3.33968e+04 -1.64582e+04 6010226 1 5.1501e-01
+3.46783e+04 -1.66491e+04 6010227 1 5.1122e-01
+3.59351e+04 -1.68365e+04 6010228 1 5.0693e-01
+3.71683e+04 -1.70199e+04 6010229 1 5.0217e-01
+3.83791e+04 -1.71988e+04 6010230 1 4.9698e-01
+3.95686e+04 -1.73727e+04 6010231 1 4.9143e-01
+4.07378e+04 -1.75412e+04 6010232 1 4.8472e-01
+4.18875e+04 -1.77041e+04 6010233 1 4.7542e-01
+4.30187e+04 -1.78613e+04 6010234 1 4.6621e-01
+4.41325e+04 -1.80125e+04 6010235 1 4.5712e-01
+4.52301e+04 -1.81575e+04 6010236 1 4.4815e-01
+4.63124e+04 -1.82963e+04 6010237 1 4.3930e-01
+8.67479e+03 -2.25771e+04 4010537 1 6.7478e-01
+6.46347e+03 -2.16767e+04 4010577 1 6.5017e-01
+1.24763e+04 -2.16979e+04 4010621 1 6.5808e-01
+1.04814e+04 -2.14163e+04 4010620 1 6.5054e-01
+1.23135e+04 -2.09466e+04 4010662 1 6.4098e-01
+2.07359e+04 -2.00238e+04 4010790 1 6.0465e-01
+1.90360e+04 -1.97097e+04 4010789 1 6.0546e-01
+9.90309e+03 -1.84526e+04 4010784 1 5.8358e-01
+4.02745e+03 -1.80551e+04 4010781 1 5.6610e-01
+2.75487e+01 -1.26752e+04 6010246 1 4.3469e-01
+1.79019e+03 -1.26851e+04 6010247 1 4.3582e-01
+3.54910e+03 -1.27111e+04 6010248 1 4.3909e-01
+5.30029e+03 -1.27544e+04 6010249 1 4.4435e-01
+7.04050e+03 -1.28138e+04 6010250 1 4.5117e-01
+8.76610e+03 -1.28891e+04 6010251 1 4.5925e-01
+1.04744e+04 -1.29790e+04 6010252 1 4.6813e-01
+1.21623e+04 -1.30827e+04 6010253 1 4.7737e-01
+1.38278e+04 -1.31990e+04 6010254 1 4.8662e-01
+1.54687e+04 -1.33266e+04 6010255 1 4.9541e-01
+1.70835e+04 -1.34643e+04 6010256 1 5.0353e-01
+1.86709e+04 -1.36107e+04 6010257 1 5.1035e-01
+2.02297e+04 -1.37645e+04 6010258 1 5.1572e-01
+2.17597e+04 -1.39246e+04 6010259 1 5.2147e-01
+2.32606e+04 -1.40897e+04 6010260 1 5.2609e-01
+2.47324e+04 -1.42587e+04 6010261 1 5.2971e-01
+2.61753e+04 -1.44304e+04 6010262 1 5.3220e-01
+2.75898e+04 -1.46038e+04 6010263 1 5.3327e-01
+2.89762e+04 -1.47779e+04 6010264 1 5.3264e-01
+3.03351e+04 -1.49517e+04 6010265 1 5.2872e-01
+3.16667e+04 -1.51246e+04 6010266 1 5.2228e-01
+3.29725e+04 -1.52958e+04 6010267 1 5.2062e-01
+3.42537e+04 -1.54647e+04 6010268 1 5.1830e-01
+3.55113e+04 -1.56307e+04 6010269 1 5.1530e-01
+3.67464e+04 -1.57931e+04 6010270 1 5.1173e-01
+3.79598e+04 -1.59517e+04 6010271 1 5.0765e-01
+3.91527e+04 -1.61059e+04 6010272 1 5.0308e-01
+4.03260e+04 -1.62554e+04 6010273 1 4.9798e-01
+4.14806e+04 -1.64000e+04 6010274 1 4.8922e-01
+4.26172e+04 -1.65396e+04 6010275 1 4.8049e-01
+4.37369e+04 -1.66739e+04 6010276 1 4.7180e-01
+4.48407e+04 -1.68028e+04 6010277 1 4.6317e-01
+4.59296e+04 -1.69261e+04 6010278 1 4.5458e-01
+1.26364e+04 -2.24433e+04 4010580 1 6.7530e-01
+1.06206e+04 -2.21388e+04 4010579 1 6.6730e-01
+1.42433e+04 -2.12431e+04 4010663 1 6.4691e-01
+1.40579e+04 -2.04615e+04 4010704 1 6.2983e-01
+1.92779e+04 -2.05804e+04 4010748 1 6.2137e-01
+2.23906e+04 -2.03517e+04 4010791 1 6.0304e-01
+1.36746e+04 -1.88803e+04 4010786 1 5.9581e-01
+2.69607e+01 -1.18582e+04 6010287 1 4.1265e-01
+1.75202e+03 -1.18667e+04 6010288 1 4.1392e-01
+3.47370e+03 -1.18892e+04 6010289 1 4.1755e-01
+5.18845e+03 -1.19265e+04 6010290 1 4.2339e-01
+6.89321e+03 -1.19778e+04 6010291 1 4.3098e-01
+8.58484e+03 -1.20427e+04 6010292 1 4.3998e-01
+1.02606e+04 -1.21204e+04 6010293 1 4.4987e-01
+1.19181e+04 -1.22100e+04 6010294 1 4.6017e-01
+1.35549e+04 -1.23105e+04 6010295 1 4.7049e-01
+1.51693e+04 -1.24208e+04 6010296 1 4.8032e-01
+1.67597e+04 -1.25399e+04 6010297 1 4.8953e-01
+1.83249e+04 -1.26668e+04 6010298 1 4.9867e-01
+1.98642e+04 -1.28004e+04 6010299 1 5.0692e-01
+2.13767e+04 -1.29395e+04 6010300 1 5.1433e-01
+2.28625e+04 -1.30831e+04 6010301 1 5.2076e-01
+2.43211e+04 -1.32302e+04 6010302 1 5.2580e-01
+2.57528e+04 -1.33798e+04 6010303 1 5.2954e-01
+2.71578e+04 -1.35309e+04 6010304 1 5.3158e-01
+2.85364e+04 -1.36827e+04 6010305 1 5.3067e-01
+2.98886e+04 -1.38345e+04 6010306 1 5.2740e-01
+3.12158e+04 -1.39856e+04 6010307 1 5.2798e-01
+3.25188e+04 -1.41354e+04 6010308 1 5.2778e-01
+3.37984e+04 -1.42832e+04 6010309 1 5.2687e-01
+3.50556e+04 -1.44285e+04 6010310 1 5.2524e-01
+3.62913e+04 -1.45709e+04 6010311 1 5.2296e-01
+3.75063e+04 -1.47099e+04 6010312 1 5.2005e-01
+3.87017e+04 -1.48451e+04 6010313 1 5.1655e-01
+3.98783e+04 -1.49763e+04 6010314 1 5.1252e-01
+4.10369e+04 -1.51033e+04 6010315 1 5.0501e-01
+4.21782e+04 -1.52258e+04 6010316 1 4.9674e-01
+4.33032e+04 -1.53438e+04 6010317 1 4.8841e-01
+4.44128e+04 -1.54570e+04 6010318 1 4.8008e-01
+4.55079e+04 -1.55654e+04 6010319 1 4.7171e-01
+4.65895e+04 -1.56689e+04 6010320 1 4.6333e-01
+6.72647e+03 -2.36896e+04 4010454 1 6.9599e-01
+8.78782e+03 -2.32654e+04 4010496 1 6.9082e-01
+1.07579e+04 -2.28546e+04 4010538 1 6.8413e-01
+1.77424e+04 -2.10950e+04 4010706 1 6.3665e-01
+1.59237e+04 -2.07649e+04 4010705 1 6.3431e-01
+1.21477e+04 -2.01888e+04 4010703 1 6.2395e-01
+2.09884e+04 -2.09229e+04 4010749 1 6.2028e-01
+1.19789e+04 -1.94241e+04 4010744 1 6.0699e-01
+2.63546e+01 -1.10231e+04 6010328 1 3.9022e-01
+1.71267e+03 -1.10303e+04 6010329 1 3.9162e-01
+3.39592e+03 -1.10495e+04 6010330 1 3.9564e-01
+5.07303e+03 -1.10811e+04 6010331 1 4.0207e-01
+6.74103e+03 -1.11248e+04 6010332 1 4.1046e-01
+8.39733e+03 -1.11800e+04 6010333 1 4.2036e-01
+1.00392e+04 -1.12461e+04 6010334 1 4.3121e-01
+1.16646e+04 -1.13224e+04 6010335 1 4.4267e-01
+1.32712e+04 -1.14081e+04 6010336 1 4.5447e-01
+1.48576e+04 -1.15024e+04 6010337 1 4.6634e-01
+1.64223e+04 -1.16043e+04 6010338 1 4.7778e-01
+1.79639e+04 -1.17130e+04 6010339 1 4.8871e-01
+1.94819e+04 -1.18275e+04 6010340 1 4.9888e-01
+2.09754e+04 -1.19468e+04 6010341 1 5.0794e-01
+2.24441e+04 -1.20701e+04 6010342 1 5.1585e-01
+2.38878e+04 -1.21965e+04 6010343 1 5.2238e-01
+2.53065e+04 -1.23251e+04 6010344 1 5.2700e-01
+2.67002e+04 -1.24551e+04 6010345 1 5.2855e-01
+2.80690e+04 -1.25858e+04 6010346 1 5.3002e-01
+2.94138e+04 -1.27166e+04 6010347 1 5.3323e-01
+3.07353e+04 -1.28470e+04 6010348 1 5.3555e-01
+3.20341e+04 -1.29763e+04 6010349 1 5.3698e-01
+3.33109e+04 -1.31041e+04 6010350 1 5.3750e-01
+3.45665e+04 -1.32297e+04 6010351 1 5.3722e-01
+3.58017e+04 -1.33528e+04 6010352 1 5.3618e-01
+3.70173e+04 -1.34731e+04 6010353 1 5.3440e-01
+3.82142e+04 -1.35902e+04 6010354 1 5.3195e-01
+3.93931e+04 -1.37038e+04 6010355 1 5.2886e-01
+4.05550e+04 -1.38138e+04 6010356 1 5.2289e-01
+4.17003e+04 -1.39199e+04 6010357 1 5.1502e-01
+4.28299e+04 -1.40222e+04 6010358 1 5.0709e-01
+4.39448e+04 -1.41204e+04 6010359 1 4.9904e-01
+4.50457e+04 -1.42144e+04 6010360 1 4.9090e-01
+4.61336e+04 -1.43042e+04 6010361 1 4.8269e-01
+1.47769e+04 -2.35576e+04 4010540 1 6.9954e-01
+1.08935e+04 -2.35645e+04 4010497 1 7.0109e-01
+1.44248e+04 -2.20192e+04 4010622 1 6.6434e-01
+1.61258e+04 -2.15724e+04 4010664 1 6.5132e-01
+2.12315e+04 -2.18199e+04 4010708 1 6.3564e-01
+3.00046e+04 -2.21028e+04 4010796 1 5.6850e-01
+2.85662e+04 -2.17458e+04 4010795 1 5.7762e-01
+2.40005e+04 -2.06905e+04 4010792 1 5.9970e-01
+2.57277e+01 -1.01677e+04 6010369 1 3.6629e-01
+1.67198e+03 -1.01737e+04 6010370 1 3.6782e-01
+3.31546e+03 -1.01899e+04 6010371 1 3.7225e-01
+4.95354e+03 -1.02163e+04 6010372 1 3.7933e-01
+6.58341e+03 -1.02530e+04 6010373 1 3.8868e-01
+8.20293e+03 -1.02993e+04 6010374 1 3.9983e-01
+9.80950e+03 -1.03549e+04 6010375 1 4.1228e-01
+1.14013e+04 -1.04190e+04 6010376 1 4.2564e-01
+1.29764e+04 -1.04911e+04 6010377 1 4.3935e-01
+1.45331e+04 -1.05705e+04 6010378 1 4.5313e-01
+1.60704e+04 -1.06564e+04 6010379 1 4.6659e-01
+1.75868e+04 -1.07480e+04 6010380 1 4.7935e-01
+1.90816e+04 -1.08446e+04 6010381 1 4.9124e-01
+2.05542e+04 -1.09453e+04 6010382 1 5.0200e-01
+2.20041e+04 -1.10494e+04 6010383 1 5.1116e-01
+2.34309e+04 -1.11562e+04 6010384 1 5.1833e-01
+2.48346e+04 -1.12650e+04 6010385 1 5.2302e-01
+2.62152e+04 -1.13751e+04 6010386 1 5.3012e-01
+2.75734e+04 -1.14860e+04 6010387 1 5.3613e-01
+2.89094e+04 -1.15972e+04 6010388 1 5.4111e-01
+3.02236e+04 -1.17079e+04 6010389 1 5.4511e-01
+3.15167e+04 -1.18179e+04 6010390 1 5.4814e-01
+3.27893e+04 -1.19265e+04 6010391 1 5.5022e-01
+3.40420e+04 -1.20334e+04 6010392 1 5.5138e-01
+3.52756e+04 -1.21383e+04 6010393 1 5.5166e-01
+3.64907e+04 -1.22407e+04 6010394 1 5.5110e-01
+3.76881e+04 -1.23405e+04 6010395 1 5.4973e-01
+3.88687e+04 -1.24374e+04 6010396 1 5.4760e-01
+4.00330e+04 -1.25312e+04 6010397 1 5.4333e-01
+4.11816e+04 -1.26218e+04 6010398 1 5.3588e-01
+4.23153e+04 -1.27091e+04 6010399 1 5.2824e-01
+4.34350e+04 -1.27929e+04 6010400 1 5.2048e-01
+4.45413e+04 -1.28731e+04 6010401 1 5.1252e-01
+4.56352e+04 -1.29498e+04 6010402 1 5.0443e-01
+4.67172e+04 -1.30228e+04 6010403 1 4.9617e-01
+1.27939e+04 -2.31833e+04 4010539 1 6.9271e-01
+1.46026e+04 -2.27906e+04 4010581 1 6.8182e-01
+1.63229e+04 -2.23758e+04 4010623 1 6.6855e-01
+1.95119e+04 -2.14479e+04 4010707 1 6.3713e-01
+2.42663e+04 -2.16485e+04 4010751 1 6.1216e-01
+2.26511e+04 -2.12800e+04 4010750 1 6.1643e-01
+1.75203e+04 -2.02558e+04 4010747 1 6.2011e-01
+2.50792e+01 -9.29135e+03 6010410 1 3.3992e-01
+1.62987e+03 -9.29632e+03 6010411 1 3.4173e-01
+3.23219e+03 -9.30965e+03 6010412 1 3.4691e-01
+4.82981e+03 -9.33135e+03 6010413 1 3.5517e-01
+6.42014e+03 -9.36158e+03 6010414 1 3.6604e-01
+8.00128e+03 -9.39973e+03 6010415 1 3.7896e-01
+9.57108e+03 -9.44550e+03 6010416 1 3.9334e-01
+1.11276e+04 -9.49842e+03 6010417 1 4.0870e-01
+1.26694e+04 -9.55790e+03 6010418 1 4.2450e-01
+1.41948e+04 -9.62342e+03 6010419 1 4.4024e-01
+1.57026e+04 -9.69435e+03 6010420 1 4.5560e-01
+1.71919e+04 -9.77006e+03 6010421 1 4.7020e-01
+1.86617e+04 -9.84991e+03 6010422 1 4.8357e-01
+2.01113e+04 -9.93326e+03 6010423 1 4.9540e-01
+2.15402e+04 -1.00195e+04 6010424 1 5.0575e-01
+2.29484e+04 -1.01081e+04 6010425 1 5.1705e-01
+2.43356e+04 -1.01985e+04 6010426 1 5.2724e-01
+2.57021e+04 -1.02901e+04 6010427 1 5.3636e-01
+2.70479e+04 -1.03825e+04 6010428 1 5.4440e-01
+2.83734e+04 -1.04750e+04 6010429 1 5.5133e-01
+2.96789e+04 -1.05674e+04 6010430 1 5.5716e-01
+3.09649e+04 -1.06591e+04 6010431 1 5.6184e-01
+3.22319e+04 -1.07498e+04 6010432 1 5.6543e-01
+3.34804e+04 -1.08391e+04 6010433 1 5.6800e-01
+3.47112e+04 -1.09267e+04 6010434 1 5.6956e-01
+3.59247e+04 -1.10124e+04 6010435 1 5.7018e-01
+3.71217e+04 -1.10959e+04 6010436 1 5.6988e-01
+3.83028e+04 -1.11769e+04 6010437 1 5.6871e-01
+3.94688e+04 -1.12554e+04 6010438 1 5.6642e-01
+4.06201e+04 -1.13312e+04 6010439 1 5.5930e-01
+4.17573e+04 -1.14043e+04 6010440 1 5.5195e-01
+4.28813e+04 -1.14745e+04 6010441 1 5.4438e-01
+4.39926e+04 -1.15417e+04 6010442 1 5.3660e-01
+4.50922e+04 -1.16059e+04 6010443 1 5.2861e-01
+4.61806e+04 -1.16671e+04 6010444 1 5.2043e-01
+1.83713e+04 -2.35929e+04 4010583 1 6.8793e-01
+2.14656e+04 -2.27154e+04 4010667 1 6.5089e-01
+2.44067e+01 -8.39198e+03 6010451 1 3.1272e-01
+1.58620e+03 -8.39596e+03 6010452 1 3.1483e-01
+3.14582e+03 -8.40669e+03 6010453 1 3.2088e-01
+4.70137e+03 -8.42411e+03 6010454 1 3.3050e-01
+6.25057e+03 -8.44836e+03 6010455 1 3.4305e-01
+7.79162e+03 -8.47905e+03 6010456 1 3.5788e-01
+9.32288e+03 -8.51579e+03 6010457 1 3.7433e-01
+1.08424e+04 -8.55834e+03 6010458 1 3.9173e-01
+1.23489e+04 -8.60621e+03 6010459 1 4.0952e-01
+1.38411e+04 -8.65893e+03 6010460 1 4.2717e-01
+1.53176e+04 -8.71605e+03 6010461 1 4.4414e-01
+1.67775e+04 -8.77707e+03 6010462 1 4.6068e-01
+1.82201e+04 -8.84154e+03 6010463 1 4.7725e-01
+1.96450e+04 -8.90898e+03 6010464 1 4.9294e-01
+2.10514e+04 -8.97889e+03 6010465 1 5.0766e-01
+2.24393e+04 -9.05079e+03 6010466 1 5.2134e-01
+2.38084e+04 -9.12421e+03 6010467 1 5.3389e-01
+2.51589e+04 -9.19870e+03 6010468 1 5.4525e-01
+2.64906e+04 -9.27382e+03 6010469 1 5.5531e-01
+2.78039e+04 -9.34919e+03 6010470 1 5.6414e-01
+2.90991e+04 -9.42441e+03 6010471 1 5.7175e-01
+3.03764e+04 -9.49915e+03 6010472 1 5.7815e-01
+3.16363e+04 -9.57309e+03 6010473 1 5.8335e-01
+3.28794e+04 -9.64595e+03 6010474 1 5.8740e-01
+3.41060e+04 -9.71747e+03 6010475 1 5.9032e-01
+3.53168e+04 -9.78743e+03 6010476 1 5.9217e-01
+3.65124e+04 -9.85562e+03 6010477 1 5.9297e-01
+3.76933e+04 -9.92188e+03 6010478 1 5.9277e-01
+3.88601e+04 -9.98605e+03 6010479 1 5.9163e-01
+4.00133e+04 -1.00480e+04 6010480 1 5.8591e-01
+4.11535e+04 -1.01078e+04 6010481 1 5.7877e-01
+4.22813e+04 -1.01652e+04 6010482 1 5.7136e-01
+4.33974e+04 -1.02201e+04 6010483 1 5.6368e-01
+4.45024e+04 -1.02727e+04 6010484 1 5.5576e-01
+4.55969e+04 -1.03227e+04 6010485 1 5.4756e-01
+4.66816e+04 -1.03703e+04 6010486 1 5.3912e-01
+1.99573e+04 -2.31759e+04 4010625 1 6.7023e-01
+2.58348e+04 -2.20255e+04 4010752 1 6.0577e-01
+2.37070e+01 -7.46654e+03 6010492 1 2.8508e-01
+1.54076e+03 -7.46962e+03 6010493 1 2.8752e-01
+3.05593e+03 -7.47798e+03 6010494 1 2.9449e-01
+4.56756e+03 -7.49154e+03 6010495 1 3.0549e-01
+6.07381e+03 -7.51034e+03 6010496 1 3.1966e-01
+7.57295e+03 -7.53422e+03 6010497 1 3.3638e-01
+9.06358e+03 -7.56286e+03 6010498 1 3.5503e-01
+1.05442e+04 -7.59601e+03 6010499 1 3.7490e-01
+1.20135e+04 -7.63340e+03 6010500 1 3.9545e-01
+1.34702e+04 -7.67467e+03 6010501 1 4.1625e-01
+1.49136e+04 -7.71944e+03 6010502 1 4.3690e-01
+1.63425e+04 -7.76736e+03 6010503 1 4.5699e-01
+1.77562e+04 -7.81804e+03 6010504 1 4.7637e-01
+1.91543e+04 -7.87109e+03 6010505 1 4.9484e-01
+2.05364e+04 -7.92613e+03 6010506 1 5.1225e-01
+2.19021e+04 -7.98277e+03 6010507 1 5.2841e-01
+2.32511e+04 -8.04065e+03 6010508 1 5.4329e-01
+2.45835e+04 -8.09941e+03 6010509 1 5.5686e-01
+2.58993e+04 -8.15872e+03 6010510 1 5.6909e-01
+2.71987e+04 -8.21825e+03 6010511 1 5.7996e-01
+2.84818e+04 -8.27772e+03 6010512 1 5.8947e-01
+2.97489e+04 -8.33684e+03 6010513 1 5.9761e-01
+3.10003e+04 -8.39537e+03 6010514 1 6.0440e-01
+3.22365e+04 -8.45306e+03 6010515 1 6.0990e-01
+3.34578e+04 -8.50973e+03 6010516 1 6.1414e-01
+3.46647e+04 -8.56517e+03 6010517 1 6.1719e-01
+3.58578e+04 -8.61924e+03 6010518 1 6.1906e-01
+3.70374e+04 -8.67179e+03 6010519 1 6.1983e-01
+3.82043e+04 -8.72270e+03 6010520 1 6.1953e-01
+3.93588e+04 -8.77188e+03 6010521 1 6.1590e-01
+4.05013e+04 -8.81927e+03 6010522 1 6.0889e-01
+4.16325e+04 -8.86483e+03 6010523 1 6.0157e-01
+4.27529e+04 -8.90848e+03 6010524 1 5.9393e-01
+4.38632e+04 -8.95019e+03 6010525 1 5.8600e-01
+4.49638e+04 -8.98994e+03 6010526 1 5.7781e-01
+4.60553e+04 -9.02771e+03 6010527 1 5.6930e-01
+1.65152e+04 -2.31755e+04 4010582 1 6.8623e-01
+1.81675e+04 -2.27629e+04 4010624 1 6.7063e-01
+1.79580e+04 -2.19305e+04 4010665 1 6.5368e-01
+2.88358e+04 -2.27942e+04 4010754 1 5.8557e-01
+3.14038e+04 -2.24590e+04 4010797 1 5.5633e-01
+2.29775e+01 -6.51234e+03 6010533 1 2.5215e-01
+1.49339e+03 -6.51465e+03 6010534 1 2.5514e-01
+2.96219e+03 -6.52094e+03 6010535 1 2.6367e-01
+4.42799e+03 -6.53117e+03 6010536 1 2.7705e-01
+5.88937e+03 -6.54528e+03 6010537 1 2.9434e-01
+7.34472e+03 -6.56324e+03 6010538 1 3.1456e-01
+8.79281e+03 -6.58483e+03 6010539 1 3.3682e-01
+1.02325e+04 -6.60981e+03 6010540 1 3.6036e-01
+1.16627e+04 -6.63797e+03 6010541 1 3.8448e-01
+1.30821e+04 -6.66910e+03 6010542 1 4.0869e-01
+1.44900e+04 -6.70289e+03 6010543 1 4.3262e-01
+1.58857e+04 -6.73908e+03 6010544 1 4.5594e-01
+1.72686e+04 -6.77738e+03 6010545 1 4.7835e-01
+1.86379e+04 -6.81750e+03 6010546 1 4.9967e-01
+1.99933e+04 -6.85916e+03 6010547 1 5.1977e-01
+2.13345e+04 -6.90206e+03 6010548 1 5.3855e-01
+2.26614e+04 -6.94593e+03 6010549 1 5.5592e-01
+2.39738e+04 -6.99050e+03 6010550 1 5.7185e-01
+2.52718e+04 -7.03552e+03 6010551 1 5.8623e-01
+2.65553e+04 -7.08074e+03 6010552 1 5.9911e-01
+2.78245e+04 -7.12593e+03 6010553 1 6.1048e-01
+2.90797e+04 -7.17089e+03 6010554 1 6.2038e-01
+3.03210e+04 -7.21542e+03 6010555 1 6.2881e-01
+3.15488e+04 -7.25934e+03 6010556 1 6.3582e-01
+3.27634e+04 -7.30250e+03 6010557 1 6.4144e-01
+3.39653e+04 -7.34475e+03 6010558 1 6.4571e-01
+3.51548e+04 -7.38597e+03 6010559 1 6.4869e-01
+3.63324e+04 -7.42604e+03 6010560 1 6.5042e-01
+3.74984e+04 -7.46488e+03 6010561 1 6.5097e-01
+3.86535e+04 -7.50240e+03 6010562 1 6.5002e-01
+3.97978e+04 -7.53856e+03 6010563 1 6.4301e-01
+4.09320e+04 -7.57331e+03 6010564 1 6.3567e-01
+4.20564e+04 -7.60662e+03 6010565 1 6.2799e-01
+4.31716e+04 -7.63845e+03 6010566 1 6.1999e-01
+4.42782e+04 -7.66879e+03 6010567 1 6.1167e-01
+4.53766e+04 -7.69761e+03 6010568 1 6.0303e-01
+4.64672e+04 -7.72492e+03 6010569 1 5.9402e-01
+2.70872e+04 -2.13899e+04 4010794 1 5.8488e-01
+2.22174e+01 -5.52759e+03 6010574 1 2.1628e-01
+1.44402e+03 -5.52923e+03 6010575 1 2.2015e-01
+2.86450e+03 -5.53372e+03 6010576 1 2.3109e-01
+4.28250e+03 -5.54103e+03 6010577 1 2.4795e-01
+5.69688e+03 -5.55109e+03 6010578 1 2.6932e-01
+7.10641e+03 -5.56387e+03 6010579 1 2.9382e-01
+8.50993e+03 -5.57927e+03 6010580 1 3.2033e-01
+9.90648e+03 -5.59711e+03 6010581 1 3.4797e-01
+1.12952e+04 -5.61723e+03 6010582 1 3.7604e-01
+1.26751e+04 -5.63945e+03 6010583 1 4.0401e-01
+1.40455e+04 -5.66361e+03 6010584 1 4.3144e-01
+1.54057e+04 -5.68951e+03 6010585 1 4.5805e-01
+1.67551e+04 -5.71693e+03 6010586 1 4.8361e-01
+1.80933e+04 -5.74568e+03 6010587 1 5.0794e-01
+1.94199e+04 -5.77555e+03 6010588 1 5.3089e-01
+2.07345e+04 -5.80633e+03 6010589 1 5.5231e-01
+2.20370e+04 -5.83784e+03 6010590 1 5.7216e-01
+2.33273e+04 -5.86987e+03 6010591 1 5.9041e-01
+2.46052e+04 -5.90224e+03 6010592 1 6.0703e-01
+2.58709e+04 -5.93478e+03 6010593 1 6.2200e-01
+2.71244e+04 -5.96732e+03 6010594 1 6.3532e-01
+2.83658e+04 -5.99972e+03 6010595 1 6.4702e-01
+2.95954e+04 -6.03183e+03 6010596 1 6.5711e-01
+3.08134e+04 -6.06352e+03 6010597 1 6.6563e-01
+3.20200e+04 -6.09467e+03 6010598 1 6.7262e-01
+3.32156e+04 -6.12518e+03 6010599 1 6.7811e-01
+3.44004e+04 -6.15495e+03 6010600 1 6.8217e-01
+3.55748e+04 -6.18391e+03 6010601 1 6.8485e-01
+3.67393e+04 -6.21198e+03 6010602 1 6.8622e-01
+3.78941e+04 -6.23911e+03 6010603 1 6.8632e-01
+3.90397e+04 -6.26524e+03 6010604 1 6.8178e-01
+4.01763e+04 -6.29036e+03 6010605 1 6.7429e-01
+4.13045e+04 -6.31445e+03 6010606 1 6.6644e-01
+4.24246e+04 -6.33746e+03 6010607 1 6.5829e-01
+4.35371e+04 -6.35939e+03 6010608 1 6.4979e-01
+4.46424e+04 -6.38023e+03 6010609 1 6.4094e-01
+4.57408e+04 -6.39997e+03 6010610 1 6.3171e-01
+4.68329e+04 -6.41861e+03 6010611 1 6.2210e-01
+2.29009e+04 -2.22072e+04 4010709 1 6.3176e-01
+3.53803e+04 -2.35078e+04 4010800 1 5.1967e-01
+3.27640e+04 -2.28131e+04 4010798 1 5.4122e-01
+2.55659e+04 -2.10373e+04 4010793 1 5.9352e-01
+2.14237e+01 -4.50853e+03 6010615 1 1.7767e-01
+1.39246e+03 -4.50959e+03 6010616 1 1.8290e-01
+2.76246e+03 -4.51255e+03 6010617 1 1.9737e-01
+4.13049e+03 -4.51738e+03 6010618 1 2.1899e-01
+5.49564e+03 -4.52403e+03 6010619 1 2.4555e-01
+6.85704e+03 -4.53244e+03 6010620 1 2.7522e-01
+8.21374e+03 -4.54258e+03 6010621 1 3.0661e-01
+9.56488e+03 -4.55434e+03 6010622 1 3.3879e-01
+1.09097e+04 -4.56763e+03 6010623 1 3.7105e-01
+1.22477e+04 -4.58232e+03 6010624 1 4.0293e-01
+1.35780e+04 -4.59829e+03 6010625 1 4.3403e-01
+1.49003e+04 -4.61541e+03 6010626 1 4.6409e-01
+1.62139e+04 -4.63356e+03 6010627 1 4.9286e-01
+1.75185e+04 -4.65260e+03 6010628 1 5.2019e-01
+1.88137e+04 -4.67240e+03 6010629 1 5.4596e-01
+2.00993e+04 -4.69282e+03 6010630 1 5.7009e-01
+2.13751e+04 -4.71374e+03 6010631 1 5.9251e-01
+2.26409e+04 -4.73502e+03 6010632 1 6.1316e-01
+2.38967e+04 -4.75655e+03 6010633 1 6.3204e-01
+2.51425e+04 -4.77820e+03 6010634 1 6.4912e-01
+2.63783e+04 -4.79987e+03 6010635 1 6.6438e-01
+2.76042e+04 -4.82146e+03 6010636 1 6.7787e-01
+2.88203e+04 -4.84287e+03 6010637 1 6.8961e-01
+3.00268e+04 -4.86400e+03 6010638 1 6.9964e-01
+3.12239e+04 -4.88479e+03 6010639 1 7.0799e-01
+3.24118e+04 -4.90516e+03 6010640 1 7.1472e-01
+3.35907e+04 -4.92505e+03 6010641 1 7.1988e-01
+3.47611e+04 -4.94440e+03 6010642 1 7.2351e-01
+3.59230e+04 -4.96316e+03 6010643 1 7.2569e-01
+3.70770e+04 -4.98130e+03 6010644 1 7.2647e-01
+3.82232e+04 -4.99877e+03 6010645 1 7.2591e-01
+3.93619e+04 -5.01556e+03 6010646 1 7.1856e-01
+4.04935e+04 -5.03165e+03 6010647 1 7.1043e-01
+4.16183e+04 -5.04704e+03 6010648 1 7.0194e-01
+4.27367e+04 -5.06170e+03 6010649 1 6.9312e-01
+4.38491e+04 -5.07563e+03 6010650 1 6.8392e-01
+4.49557e+04 -5.08882e+03 6010651 1 6.7435e-01
+4.60569e+04 -5.10127e+03 6010652 1 6.6433e-01
+3.16667e+04 -2.35667e+04 4010756 1 5.6393e-01
+2.73578e+04 -2.24081e+04 4010753 1 5.9614e-01
+2.05931e+01 -3.45057e+03 6010656 1 1.3597e-01
+1.33850e+03 -3.45118e+03 6010657 1 1.4349e-01
+2.65564e+03 -3.45290e+03 6010658 1 1.6344e-01
+3.97132e+03 -3.45571e+03 6010659 1 1.9170e-01
+5.28486e+03 -3.45959e+03 6010660 1 2.2476e-01
+6.59559e+03 -3.46450e+03 6010661 1 2.6035e-01
+7.90289e+03 -3.47040e+03 6010662 1 2.9707e-01
+9.20614e+03 -3.47724e+03 6010663 1 3.3403e-01
+1.05047e+04 -3.48498e+03 6010664 1 3.7062e-01
+1.17981e+04 -3.49355e+03 6010665 1 4.0645e-01
+1.30858e+04 -3.50287e+03 6010666 1 4.4121e-01
+1.43674e+04 -3.51288e+03 6010667 1 4.7466e-01
+1.56425e+04 -3.52349e+03 6010668 1 5.0665e-01
+1.69109e+04 -3.53463e+03 6010669 1 5.3702e-01
+1.81722e+04 -3.54622e+03 6010670 1 5.6567e-01
+1.94262e+04 -3.55819e+03 6010671 1 5.9252e-01
+2.06728e+04 -3.57045e+03 6010672 1 6.1748e-01
+2.19118e+04 -3.58295e+03 6010673 1 6.4054e-01
+2.31431e+04 -3.59559e+03 6010674 1 6.6166e-01
+2.43668e+04 -3.60832e+03 6010675 1 6.8083e-01
+2.55827e+04 -3.62107e+03 6010676 1 6.9808e-01
+2.67910e+04 -3.63377e+03 6010677 1 7.1340e-01
+2.79918e+04 -3.64638e+03 6010678 1 7.2682e-01
+2.91851e+04 -3.65884e+03 6010679 1 7.3839e-01
+3.03711e+04 -3.67110e+03 6010680 1 7.4813e-01
+3.15500e+04 -3.68312e+03 6010681 1 7.5610e-01
+3.27219e+04 -3.69486e+03 6010682 1 7.6234e-01
+3.38870e+04 -3.70628e+03 6010683 1 7.6693e-01
+3.50456e+04 -3.71736e+03 6010684 1 7.6990e-01
+3.61979e+04 -3.72808e+03 6010685 1 7.7134e-01
+3.73441e+04 -3.73840e+03 6010686 1 7.7130e-01
+3.84845e+04 -3.74832e+03 6010687 1 7.6985e-01
+3.96193e+04 -3.75782e+03 6010688 1 7.6225e-01
+4.07488e+04 -3.76690e+03 6010689 1 7.5323e-01
+4.18731e+04 -3.77556e+03 6010690 1 7.4383e-01
+4.29927e+04 -3.78378e+03 6010691 1 7.3408e-01
+4.41077e+04 -3.79156e+03 6010692 1 7.2391e-01
+4.52184e+04 -3.79891e+03 6010693 1 7.1325e-01
+4.63252e+04 -3.80583e+03 6010694 1 7.0216e-01
+2.16911e+04 -2.36101e+04 4010626 1 6.6685e-01
+1.97217e+01 -2.34816e+03 6010697 1 9.0761e-02
+1.28189e+03 -2.34844e+03 6010698 1 1.0283e-01
+2.54355e+03 -2.34924e+03 6010699 1 1.3189e-01
+3.80426e+03 -2.35055e+03 6010700 1 1.6905e-01
+5.06355e+03 -2.35235e+03 6010701 1 2.0962e-01
+6.32099e+03 -2.35463e+03 6010702 1 2.5145e-01
+7.57616e+03 -2.35738e+03 6010703 1 2.9348e-01
+8.82864e+03 -2.36056e+03 6010704 1 3.3508e-01
+1.00781e+04 -2.36416e+03 6010705 1 3.7585e-01
+1.13241e+04 -2.36815e+03 6010706 1 4.1550e-01
+1.25663e+04 -2.37249e+03 6010707 1 4.5382e-01
+1.38046e+04 -2.37715e+03 6010708 1 4.9061e-01
+1.50385e+04 -2.38210e+03 6010709 1 5.2573e-01
+1.62678e+04 -2.38730e+03 6010710 1 5.5907e-01
+1.74924e+04 -2.39272e+03 6010711 1 5.9053e-01
+1.87121e+04 -2.39832e+03 6010712 1 6.2004e-01
+1.99268e+04 -2.40407e+03 6010713 1 6.4755e-01
+2.11363e+04 -2.40992e+03 6010714 1 6.7301e-01
+2.23407e+04 -2.41585e+03 6010715 1 6.9641e-01
+2.35398e+04 -2.42182e+03 6010716 1 7.1772e-01
+2.47337e+04 -2.42781e+03 6010717 1 7.3696e-01
+2.59223e+04 -2.43379e+03 6010718 1 7.5413e-01
+2.71058e+04 -2.43972e+03 6010719 1 7.6926e-01
+2.82841e+04 -2.44558e+03 6010720 1 7.8238e-01
+2.94574e+04 -2.45136e+03 6010721 1 7.9353e-01
+3.06258e+04 -2.45702e+03 6010722 1 8.0274e-01
+3.17893e+04 -2.46256e+03 6010723 1 8.1008e-01
+3.29482e+04 -2.46795e+03 6010724 1 8.1560e-01
+3.41025e+04 -2.47318e+03 6010725 1 8.1937e-01
+3.52524e+04 -2.47824e+03 6010726 1 8.2144e-01
+3.63980e+04 -2.48311e+03 6010727 1 8.2189e-01
+3.75396e+04 -2.48780e+03 6010728 1 8.2078e-01
+3.86773e+04 -2.49228e+03 6010729 1 8.1819e-01
+3.98112e+04 -2.49657e+03 6010730 1 8.1418e-01
+4.09416e+04 -2.50064e+03 6010731 1 8.0810e-01
+4.20687e+04 -2.50451e+03 6010732 1 7.9723e-01
+4.31925e+04 -2.50817e+03 6010733 1 7.8590e-01
+4.43133e+04 -2.51163e+03 6010734 1 7.7409e-01
+4.54313e+04 -2.51489e+03 6010735 1 7.6179e-01
+4.65467e+04 -2.51794e+03 6010736 1 7.4895e-01
+2.45201e+04 -2.26066e+04 4010710 1 6.2464e-01
+2.60902e+04 -2.30147e+04 4010711 1 6.1766e-01
+1.97384e+04 -2.23128e+04 4010666 1 6.5346e-01
+2.31401e+04 -2.31342e+04 4010668 1 6.4652e-01
+1.88056e+01 -1.19451e+03 6010738 1 4.1708e-02
+1.22235e+03 -1.19458e+03 6010739 1 6.5883e-02
+2.42566e+03 -1.19480e+03 6010740 1 1.0924e-01
+3.62850e+03 -1.19515e+03 6010741 1 1.5620e-01
+4.83065e+03 -1.19564e+03 6010742 1 2.0381e-01
+6.03188e+03 -1.19626e+03 6010743 1 2.5116e-01
+7.23199e+03 -1.19700e+03 6010744 1 2.9782e-01
+8.43078e+03 -1.19787e+03 6010745 1 3.4351e-01
+9.62805e+03 -1.19885e+03 6010746 1 3.8800e-01
+1.08236e+04 -1.19993e+03 6010747 1 4.3111e-01
+1.20173e+04 -1.20111e+03 6010748 1 4.7268e-01
+1.32091e+04 -1.20238e+03 6010749 1 5.1258e-01
+1.43986e+04 -1.20373e+03 6010750 1 5.5068e-01
+1.55859e+04 -1.20515e+03 6010751 1 5.8688e-01
+1.67709e+04 -1.20663e+03 6010752 1 6.2109e-01
+1.79533e+04 -1.20816e+03 6010753 1 6.5324e-01
+1.91333e+04 -1.20973e+03 6010754 1 6.8328e-01
+2.03106e+04 -1.21133e+03 6010755 1 7.1115e-01
+2.14854e+04 -1.21295e+03 6010756 1 7.3683e-01
+2.26574e+04 -1.21459e+03 6010757 1 7.6031e-01
+2.38268e+04 -1.21624e+03 6010758 1 7.8157e-01
+2.49936e+04 -1.21788e+03 6010759 1 8.0062e-01
+2.61576e+04 -1.21951e+03 6010760 1 8.1748e-01
+2.73191e+04 -1.22113e+03 6010761 1 8.3218e-01
+2.84779e+04 -1.22272e+03 6010762 1 8.4474e-01
+2.96342e+04 -1.22428e+03 6010763 1 8.5523e-01
+3.07880e+04 -1.22581e+03 6010764 1 8.6367e-01
+3.19394e+04 -1.22730e+03 6010765 1 8.7013e-01
+3.30884e+04 -1.22875e+03 6010766 1 8.7468e-01
+3.42351e+04 -1.23015e+03 6010767 1 8.7737e-01
+3.53796e+04 -1.23149e+03 6010768 1 8.7827e-01
+3.65220e+04 -1.23279e+03 6010769 1 8.7747e-01
+3.76623e+04 -1.23403e+03 6010770 1 8.7502e-01
+3.88007e+04 -1.23522e+03 6010771 1 8.7102e-01
+3.99372e+04 -1.23635e+03 6010772 1 8.6553e-01
+4.10720e+04 -1.23742e+03 6010773 1 8.5863e-01
+4.22051e+04 -1.23843e+03 6010774 1 8.5041e-01
+4.33366e+04 -1.23938e+03 6010775 1 8.4093e-01
+4.44666e+04 -1.24028e+03 6010776 1 8.3028e-01
+4.55953e+04 -1.24112e+03 6010777 1 8.1854e-01
+4.67226e+04 -1.24190e+03 6010778 1 8.0576e-01
+3.40888e+04 -2.31632e+04 4010799 1 5.3072e-01
+3.02714e+04 -2.31811e+04 4010755 1 5.7562e-01
+2.76129e+04 -2.34285e+04 4010712 1 6.0815e-01
+2.47621e+04 -2.35653e+04 4010669 1 6.3894e-01
