+1.44497e+04 -4.65556e+04 10673 0 1.8514e+00
+3.22125e+03 -4.73065e+04 10380 0 1.5537e+00
+2.99060e+03 -4.68025e+04 10379 0 1.5577e+00
+1.19330e+04 -2.43116e+04 4010003 1 1.4059e+00
+1.53227e+04 -2.56179e+04 4010004 1 1.4373e+00
+1.83427e+04 -2.71332e+04 4010005 1 1.4449e+00
+2.09967e+04 -2.87852e+04 4010006 1 1.4255e+00
+2.33098e+04 -3.05152e+04 4010007 1 1.3890e+00
+2.53180e+04 -3.22786e+04 4010008 1 1.3358e+00
+2.70568e+04 -3.40434e+04 4010009 1 1.2657e+00
+2.85646e+04 -3.57869e+04 4010010 1 1.1997e+00
+2.98760e+04 -3.74935e+04 4010011 1 1.1311e+00
+3.10197e+04 -3.91527e+04 4010012 1 1.0635e+00
+3.20214e+04 -4.07573e+04 4010013 1 1.0017e+00
+3.29049e+04 -4.23031e+04 4010014 1 9.4666e-01
+3.36912e+04 -4.37874e+04 4010015 1 8.9684e-01
+3.43967e+04 -4.52087e+04 4010016 1 8.6388e-01
+3.50343e+04 -4.65662e+04 4010017 1 8.2929e-01
+3.56220e+04 -4.78603e+04 4010018 1 7.9606e-01
+5.98041e+02 -3.78636e+04 10452 0 1.2984e+00
+1.47746e+04 -4.35972e+04 10670 0 1.7717e+00
+1.43071e+04 -4.03457e+04 10667 0 1.6557e+00
+2.29911e+03 -3.60015e+04 10495 0 1.2717e+00
+2.06297e+03 -3.11421e+04 10657 0 1.2106e+00
+3.79130e+03 -3.33231e+04 10577 0 1.2237e+00
+2.28892e+04 -4.24671e+04 2010254 1 1.4697e+00
+2.40439e+04 -4.43138e+04 2010296 1 1.3627e+00
+2.15294e+04 -4.04286e+04 2010212 1 1.5744e+00
+2.11845e+04 -3.59571e+04 2010375 1 1.6167e+00
+2.45976e+04 -3.94227e+04 2010459 1 1.4338e+00
+2.33357e+04 -3.64181e+04 2010499 1 1.5073e+00
+2.49972e+04 -3.79269e+04 2010541 1 1.4162e+00
+2.64709e+04 -3.92685e+04 2010583 1 1.3196e+00
+2.78141e+04 -4.04370e+04 2010625 1 1.2204e+00
+3.10538e+04 -4.39887e+04 2010710 1 9.9224e-01
+2.90672e+04 -4.14331e+04 2010667 1 1.1453e+00
+3.28207e+04 -4.60996e+04 2010753 1 9.0062e-01
+3.44969e+04 -4.77918e+04 2010796 1 8.2580e-01
+3.35910e+02 -4.44383e+04 10370 0 1.4672e+00
+6.64442e+02 -4.45106e+04 10371 0 1.4624e+00
+1.57847e+04 -4.70546e+04 10712 0 2.0256e+00
+1.69917e+04 -4.72746e+04 10751 1 1.8754e+00
+1.55470e+04 -4.81007e+04 10713 0 2.0315e+00
+1.17717e+04 -2.38586e+04 4010044 1 1.3816e+00
+3.63220e+03 -4.84736e+04 10382 0 1.6409e+00
+1.51446e+04 -2.50955e+04 4010045 1 1.4117e+00
+1.81681e+04 -2.65353e+04 4010046 1 1.4203e+00
+2.08440e+04 -2.81107e+04 4010047 1 1.4057e+00
+2.31934e+04 -2.97661e+04 4010048 1 1.3702e+00
+2.52468e+04 -3.14592e+04 4010049 1 1.3175e+00
+2.70402e+04 -3.31584e+04 4010050 1 1.2592e+00
+2.86085e+04 -3.48415e+04 4010051 1 1.1955e+00
+2.99827e+04 -3.64929e+04 4010052 1 1.1262e+00
+3.11901e+04 -3.81017e+04 4010053 1 1.0601e+00
+3.22565e+04 -3.96606e+04 4010054 1 1.0006e+00
+3.32042e+04 -4.11649e+04 4010055 1 9.4646e-01
+3.40533e+04 -4.26113e+04 4010056 1 8.9774e-01
+3.48216e+04 -4.39981e+04 4010057 1 8.6204e-01
+3.55194e+04 -4.53247e+04 4010058 1 8.2921e-01
+3.61643e+04 -4.65899e+04 4010059 1 7.9517e-01
+3.67649e+04 -4.77953e+04 4010060 1 7.7751e-01
+1.79648e+04 -4.79233e+04 10791 1 1.6551e+00
+1.47364e+04 -4.46092e+04 10671 0 1.8547e+00
+1.32308e+03 -4.08584e+04 10413 0 1.3700e+00
+1.51928e+04 -3.96045e+04 10706 0 1.7236e+00
+2.00985e+03 -3.42397e+04 10535 0 1.2511e+00
+2.56938e+03 -3.30404e+04 10576 0 1.2238e+00
+3.04886e+03 -3.00977e+04 10739 1 1.2971e+00
+2.19193e+04 -4.00181e+04 2010253 1 1.5635e+00
+9.68957e+03 -3.18357e+04 10782 1 1.4828e+00
+2.50721e+04 -4.59634e+04 2010338 1 1.2542e+00
+2.02275e+04 -3.78949e+04 2010211 1 1.6524e+00
+1.86498e+04 -3.49456e+04 2010251 1 1.6953e+00
+1.88344e+04 -3.45080e+04 2010292 1 1.6887e+00
+2.05382e+04 -3.74907e+04 2010252 1 1.6443e+00
+2.13162e+04 -3.53711e+04 2010416 1 1.6048e+00
+1.89732e+04 -3.40317e+04 2010333 1 1.6780e+00
+2.14729e+04 -3.41289e+04 2010498 1 1.5771e+00
+2.75482e+04 -4.13292e+04 2010584 1 1.2347e+00
+2.34371e+04 -3.57106e+04 2010540 1 1.4980e+00
+2.15030e+04 -3.34828e+04 2010539 1 1.5613e+00
+2.80394e+04 -3.95269e+04 2010666 1 1.2223e+00
+3.02629e+04 -4.22606e+04 2010709 1 1.0600e+00
+3.39209e+04 -4.64048e+04 2010795 1 8.6382e-01
+1.30927e+04 -4.55402e+04 10633 0 1.6690e+00
+1.46207e+04 -4.55987e+04 10672 0 1.8320e+00
+1.29223e+04 -4.64589e+04 10634 0 1.7275e+00
+1.49591e+04 -2.45728e+04 4010086 1 1.3870e+00
+1.79827e+04 -2.59386e+04 4010087 1 1.3958e+00
+2.06758e+04 -2.74383e+04 4010088 1 1.3821e+00
+2.30560e+04 -2.90197e+04 4010089 1 1.3504e+00
+2.51520e+04 -3.06419e+04 4010090 1 1.3055e+00
+2.69963e+04 -3.22747e+04 4010091 1 1.2491e+00
+2.86202e+04 -3.38962e+04 4010092 1 1.1818e+00
+3.00518e+04 -3.54910e+04 4010093 1 1.1078e+00
+3.13204e+04 -3.70477e+04 4010094 1 1.0478e+00
+3.24490e+04 -3.85591e+04 4010095 1 9.9572e-01
+3.34585e+04 -4.00200e+04 4010096 1 9.4510e-01
+3.43681e+04 -4.14268e+04 4010097 1 8.9728e-01
+3.51959e+04 -4.27771e+04 4010098 1 8.5291e-01
+3.59528e+04 -4.40704e+04 4010099 1 8.2880e-01
+3.66532e+04 -4.53057e+04 4010100 1 7.9406e-01
+3.73084e+04 -4.64827e+04 4010101 1 7.7647e-01
+3.79276e+04 -4.76023e+04 4010102 1 7.4994e-01
+3.85186e+04 -4.86645e+04 4010103 1 7.3893e-01
+2.20668e+03 -4.55724e+04 10376 0 1.4930e+00
+4.50045e+02 -4.06771e+04 10411 0 1.3685e+00
+1.32132e+04 -4.46322e+04 10632 0 1.6566e+00
+8.89746e+02 -4.07478e+04 10412 0 1.3620e+00
+1.28025e+04 -3.99746e+04 10627 0 1.5631e+00
+1.45220e+04 -3.81831e+04 10705 0 1.6551e+00
+2.97302e+03 -3.44556e+04 10536 0 1.2369e+00
+7.50483e+03 -3.37206e+04 10620 0 1.3100e+00
+2.60287e+04 -4.74190e+04 2010380 1 1.1487e+00
+1.84138e+04 -3.53349e+04 2010210 1 1.7027e+00
+1.61594e+04 -3.24819e+04 2010250 1 1.7036e+00
+1.30002e+04 -3.02468e+04 2010249 1 1.6591e+00
+2.66578e+04 -3.84217e+04 2010624 1 1.3166e+00
+3.21685e+04 -4.45470e+04 2010752 1 9.4016e-01
+3.14208e+04 -4.29248e+04 2010751 1 9.9826e-01
+3.32810e+04 -4.49515e+04 2010794 1 8.9572e-01
+1.30739e+03 -4.47834e+04 10373 0 1.5154e+00
+1.47669e+04 -2.40498e+04 4010127 1 1.3616e+00
+1.77867e+04 -2.53433e+04 4010128 1 1.3710e+00
+2.04929e+04 -2.67685e+04 4010129 1 1.3609e+00
+2.29007e+04 -2.82762e+04 4010130 1 1.3324e+00
+2.50349e+04 -2.98276e+04 4010131 1 1.2883e+00
+2.69239e+04 -3.13938e+04 4010132 1 1.2286e+00
+2.85976e+04 -3.29531e+04 4010133 1 1.1698e+00
+3.00846e+04 -3.44900e+04 4010134 1 1.1065e+00
+3.14107e+04 -3.59933e+04 4010135 1 1.0432e+00
+3.25991e+04 -3.74554e+04 4010136 1 9.8249e-01
+3.36687e+04 -3.88710e+04 4010137 1 9.4112e-01
+3.46365e+04 -4.02365e+04 4010138 1 8.9607e-01
+3.55209e+04 -4.15488e+04 4010139 1 8.5171e-01
+3.63351e+04 -4.28068e+04 4010140 1 8.2510e-01
+3.70894e+04 -4.40102e+04 4010141 1 7.9311e-01
+3.77974e+04 -4.51579e+04 4010142 1 7.7243e-01
+3.84661e+04 -4.62502e+04 4010143 1 7.4771e-01
+3.91049e+04 -4.72882e+04 4010144 1 7.3571e-01
+3.97224e+04 -4.82711e+04 4010145 1 7.2228e-01
+4.21800e+04 -2.41345e+04 6010022 1 6.6713e-01
+2.31141e+03 -3.82705e+04 10455 0 1.3164e+00
+1.45768e+04 -4.14648e+04 10668 0 1.7126e+00
+3.71497e+03 -3.65170e+04 10497 0 1.3140e+00
+1.38958e+04 -3.92033e+04 10666 0 1.6369e+00
+4.76644e+03 -3.25327e+04 10618 0 1.2436e+00
+4.95166e+03 -3.37160e+04 10578 0 1.2578e+00
+1.09686e+04 -3.40214e+04 10702 0 1.4491e+00
+7.62583e+03 -3.27734e+04 10660 0 1.3116e+00
+1.24321e+04 -3.53492e+04 10703 0 1.5234e+00
+9.21915e+03 -3.28244e+04 10701 0 1.3783e+00
+1.08192e+04 -3.31309e+04 10742 1 1.4766e+00
+1.98616e+04 -3.82245e+04 2010170 1 1.6606e+00
+1.62789e+04 -3.20790e+04 2010291 1 1.6975e+00
+1.90718e+04 -3.35245e+04 2010374 1 1.6655e+00
+1.91330e+04 -3.29928e+04 2010415 1 1.6517e+00
+2.14120e+04 -3.47598e+04 2010457 1 1.5912e+00
+2.51419e+04 -3.71475e+04 2010582 1 1.4096e+00
+2.35051e+04 -3.49880e+04 2010581 1 1.4809e+00
+2.52503e+04 -3.63534e+04 2010623 1 1.3930e+00
+2.68080e+04 -3.75608e+04 2010665 1 1.3039e+00
+2.93313e+04 -4.04638e+04 2010708 1 1.1412e+00
+1.32798e+04 -4.37194e+04 10631 0 1.6690e+00
+1.16751e+04 -4.34535e+04 10591 0 1.5430e+00
+1.15563e+04 -4.52288e+04 10593 0 1.5388e+00
+9.88992e+02 -4.46209e+04 10372 0 1.4587e+00
+1.14299e+04 -4.61526e+04 10594 0 1.5844e+00
+2.74419e+03 -4.63437e+04 10378 0 1.5643e+00
+1.42240e+04 -4.75050e+04 10674 0 1.9192e+00
+1.75818e+04 -2.47494e+04 4010169 1 1.3460e+00
+2.02972e+04 -2.61013e+04 4010170 1 1.3368e+00
+2.27275e+04 -2.75362e+04 4010171 1 1.3092e+00
+2.48946e+04 -2.90174e+04 4010172 1 1.2696e+00
+2.68253e+04 -3.05167e+04 4010173 1 1.2200e+00
+2.85469e+04 -3.20130e+04 4010174 1 1.1643e+00
+3.00856e+04 -3.34912e+04 4010175 1 1.1038e+00
+3.14655e+04 -3.49400e+04 4010176 1 1.0424e+00
+3.27088e+04 -3.63517e+04 4010177 1 9.8235e-01
+3.38356e+04 -3.77204e+04 4010178 1 9.3232e-01
+3.48595e+04 -3.90428e+04 4010179 1 8.9292e-01
+3.57984e+04 -4.03157e+04 4010180 1 8.5022e-01
+3.66671e+04 -4.15371e+04 4010181 1 8.2003e-01
+3.74735e+04 -4.27068e+04 4010182 1 7.8952e-01
+3.82324e+04 -4.38234e+04 4010183 1 7.6824e-01
+3.89491e+04 -4.48877e+04 4010184 1 7.4316e-01
+3.96346e+04 -4.58991e+04 4010185 1 7.3074e-01
+4.02956e+04 -4.68585e+04 4010186 1 7.1644e-01
+4.09364e+04 -4.77666e+04 4010187 1 7.0197e-01
+4.15648e+04 -4.86242e+04 4010188 1 6.9724e-01
+1.67611e+04 -4.85019e+04 10752 1 1.8913e+00
+1.74576e+03 -4.10446e+04 10414 0 1.4020e+00
+2.55080e+03 -4.15226e+04 10416 0 1.3935e+00
+3.36049e+03 -3.88091e+04 10457 0 1.3636e+00
+1.32111e+04 -4.18685e+04 10629 0 1.6155e+00
+1.30569e+04 -4.09224e+04 10628 0 1.5947e+00
+4.77383e+03 -3.51117e+04 10538 0 1.2726e+00
+1.24440e+04 -3.90133e+04 10626 0 1.5254e+00
+6.03749e+03 -3.41935e+04 10579 0 1.2743e+00
+1.59904e+04 -3.28499e+04 2010209 1 1.7084e+00
+1.63553e+04 -3.16481e+04 2010332 1 1.6871e+00
+1.91593e+04 -3.18762e+04 2010497 1 1.6183e+00
+2.82273e+04 -3.86036e+04 2010707 1 1.2219e+00
+2.95518e+04 -3.94816e+04 2010749 1 1.1295e+00
+3.25600e+04 -4.34316e+04 2010793 1 9.4494e-01
+1.32846e+04 -4.27947e+04 10630 0 1.6283e+00
+1.16580e+04 -4.25832e+04 10590 0 1.5651e+00
+2.92667e+03 -4.18472e+04 10417 0 1.4495e+00
+1.16396e+04 -4.43323e+04 10592 0 1.5331e+00
+1.00221e+04 -4.39471e+04 10551 0 1.4677e+00
+1.91757e+03 -4.52698e+04 10375 0 1.4989e+00
+1.73681e+04 -2.41569e+04 4010210 1 1.3213e+00
+2.00887e+04 -2.54371e+04 4010211 1 1.3141e+00
+2.25379e+04 -2.68002e+04 4010212 1 1.2910e+00
+2.47348e+04 -2.82114e+04 4010213 1 1.2546e+00
+2.67036e+04 -2.96438e+04 4010214 1 1.2084e+00
+2.84691e+04 -3.10768e+04 4010215 1 1.1560e+00
+3.00558e+04 -3.24957e+04 4010216 1 1.0992e+00
+3.14859e+04 -3.38892e+04 4010217 1 1.0394e+00
+3.27806e+04 -3.52494e+04 4010218 1 9.8115e-01
+3.39594e+04 -3.65704e+04 4010219 1 9.2560e-01
+3.50381e+04 -3.78481e+04 4010220 1 8.8820e-01
+3.60292e+04 -3.90801e+04 4010221 1 8.4746e-01
+3.69499e+04 -4.02634e+04 4010222 1 8.1357e-01
+3.78065e+04 -4.13983e+04 4010223 1 7.8511e-01
+3.86143e+04 -4.24822e+04 4010224 1 7.6154e-01
+3.93776e+04 -4.35169e+04 4010225 1 7.3899e-01
+4.01081e+04 -4.45010e+04 4010226 1 7.2414e-01
+4.08115e+04 -4.54348e+04 4010227 1 7.0843e-01
+4.14922e+04 -4.63203e+04 4010228 1 6.9570e-01
+4.21582e+04 -4.71564e+04 4010229 1 6.8829e-01
+4.28140e+04 -4.79448e+04 4010230 1 6.8327e-01
+4.34631e+04 -4.86862e+04 4010231 1 6.7537e-01
+3.43546e+03 -4.78597e+04 10381 0 1.5583e+00
+1.89129e+04 -4.77733e+04 10831 1 1.5242e+00
+1.39584e+04 -4.84469e+04 10675 0 1.9075e+00
+3.61648e+03 -4.26177e+04 10419 0 1.4287e+00
+2.15589e+03 -4.12637e+04 10415 0 1.3883e+00
+1.00073e+04 -4.48322e+04 10552 0 1.4614e+00
+1.14299e+04 -4.08797e+04 10588 0 1.5100e+00
+3.02321e+03 -3.62244e+04 10496 0 1.2704e+00
+3.89839e+03 -3.47437e+04 10537 0 1.2860e+00
+6.19429e+03 -3.30674e+04 10619 0 1.2629e+00
+1.41618e+04 -3.53380e+04 10784 1 1.6286e+00
+1.64012e+04 -3.07241e+04 2010414 1 1.6585e+00
+1.91613e+04 -3.24419e+04 2010456 1 1.6343e+00
+3.05567e+04 -4.12351e+04 2010750 1 1.0607e+00
+3.17431e+04 -4.18464e+04 2010792 1 1.0012e+00
+3.08087e+04 -4.01981e+04 2010791 1 1.0630e+00
+1.71340e+04 -4.59621e+04 10750 1 1.8615e+00
+1.27114e+04 -4.73917e+04 10635 0 1.7117e+00
+1.98694e+04 -2.47757e+04 4010252 1 1.2903e+00
+2.23335e+04 -2.60681e+04 4010253 1 1.2691e+00
+2.45560e+04 -2.74102e+04 4010254 1 1.2343e+00
+2.65583e+04 -2.87759e+04 4010255 1 1.1862e+00
+2.83635e+04 -3.01456e+04 4010256 1 1.1338e+00
+2.99949e+04 -3.15047e+04 4010257 1 1.0831e+00
+3.14723e+04 -3.28422e+04 4010258 1 1.0324e+00
+3.28155e+04 -3.41501e+04 4010259 1 9.7816e-01
+3.40434e+04 -3.54223e+04 4010260 1 9.2431e-01
+3.51734e+04 -3.66543e+04 4010261 1 8.8084e-01
+3.62145e+04 -3.78441e+04 4010262 1 8.4375e-01
+3.71839e+04 -3.89884e+04 4010263 1 8.0319e-01
+3.80895e+04 -4.00867e+04 4010264 1 7.8070e-01
+3.89440e+04 -4.11372e+04 4010265 1 7.5357e-01
+3.97524e+04 -4.21407e+04 4010266 1 7.3304e-01
+4.05262e+04 -4.30960e+04 4010267 1 7.1785e-01
+4.12705e+04 -4.40037e+04 4010268 1 6.9827e-01
+4.19901e+04 -4.48646e+04 4010269 1 6.8769e-01
+4.26928e+04 -4.56787e+04 4010270 1 6.8048e-01
+4.33826e+04 -4.64466e+04 4010271 1 6.7221e-01
+4.40631e+04 -4.71695e+04 4010272 1 6.6614e-01
+4.47376e+04 -4.78488e+04 4010273 1 6.5914e-01
+4.54102e+04 -4.84843e+04 4010274 1 6.5843e-01
+3.28234e+03 -4.22136e+04 10418 0 1.4328e+00
+5.44767e+03 -4.09919e+04 10462 0 1.4056e+00
+6.34450e+03 -3.60394e+04 10540 0 1.3187e+00
+1.33260e+04 -3.80456e+04 10665 0 1.5698e+00
+1.05855e+04 -3.18358e+04 10823 1 1.5464e+00
+2.33155e+04 -4.19747e+04 2010295 1 1.4623e+00
+1.63947e+04 -3.11948e+04 2010373 1 1.6731e+00
+1.63788e+04 -3.02396e+04 2010455 1 1.6407e+00
+2.35408e+04 -3.42544e+04 2010622 1 1.4707e+00
+2.53244e+04 -3.55485e+04 2010664 1 1.3868e+00
+2.69191e+04 -3.66894e+04 2010706 1 1.2961e+00
+2.69977e+04 -3.58110e+04 2010747 1 1.2917e+00
+4.29812e+03 -3.95388e+04 10459 0 1.3690e+00
+6.52036e+03 -3.87564e+04 10502 0 1.4006e+00
+1.15790e+04 -4.17247e+04 10589 0 1.5098e+00
+6.94313e+00 -4.06251e+04 10410 0 1.3760e+00
+1.60602e+04 -4.48110e+04 10710 0 1.9486e+00
+2.48285e+03 -4.59267e+04 10377 0 1.5727e+00
+9.95289e+03 -4.57538e+04 10553 0 1.4665e+00
+1.96389e+04 -2.41171e+04 4010293 1 1.2670e+00
+2.21139e+04 -2.53403e+04 4010294 1 1.2480e+00
+2.43576e+04 -2.66141e+04 4010295 1 1.2168e+00
+2.63894e+04 -2.79138e+04 4010296 1 1.1759e+00
+2.82302e+04 -2.92203e+04 4010297 1 1.1269e+00
+2.99017e+04 -3.05196e+04 4010298 1 1.0727e+00
+3.14242e+04 -3.18003e+04 4010299 1 1.0149e+00
+3.28144e+04 -3.30549e+04 4010300 1 9.7284e-01
+3.40888e+04 -3.42776e+04 4010301 1 9.2204e-01
+3.52655e+04 -3.54633e+04 4010302 1 8.7123e-01
+3.63554e+04 -3.66095e+04 4010303 1 8.3948e-01
+3.73709e+04 -3.77137e+04 4010304 1 7.9969e-01
+3.83234e+04 -3.87743e+04 4010305 1 7.7539e-01
+3.92222e+04 -3.97902e+04 4010306 1 7.4339e-01
+4.00743e+04 -4.07615e+04 4010307 1 7.2670e-01
+4.08899e+04 -4.16867e+04 4010308 1 7.0998e-01
+4.16734e+04 -4.25670e+04 4010309 1 6.8888e-01
+4.24309e+04 -4.34026e+04 4010310 1 6.7931e-01
+4.31692e+04 -4.41932e+04 4010311 1 6.7089e-01
+4.38921e+04 -4.49399e+04 4010312 1 6.6299e-01
+4.46035e+04 -4.56434e+04 4010313 1 6.5360e-01
+4.53063e+04 -4.63048e+04 4010314 1 6.4807e-01
+4.60049e+04 -4.69248e+04 4010315 1 6.4655e-01
+4.67019e+04 -4.75039e+04 4010316 1 6.4484e-01
+9.42488e+03 -3.68205e+04 10583 0 1.4236e+00
+7.20142e+03 -3.18130e+04 10700 0 1.3192e+00
+7.43407e+03 -3.03459e+04 10822 1 1.4555e+00
+1.91298e+04 -3.12992e+04 2010538 1 1.5980e+00
+2.15026e+04 -3.28254e+04 2010580 1 1.5446e+00
+2.83779e+04 -3.76704e+04 2010748 1 1.2144e+00
+2.97325e+04 -3.84906e+04 2010790 1 1.1312e+00
+4.98090e+03 -3.72605e+04 10499 0 1.3655e+00
+1.12083e+04 -4.00351e+04 10587 0 1.5029e+00
+9.34330e+03 -3.99212e+04 10546 0 1.4704e+00
+2.18814e+04 -2.46162e+04 4010335 1 1.2272e+00
+2.41430e+04 -2.58227e+04 4010336 1 1.1996e+00
+2.62007e+04 -2.70569e+04 4010337 1 1.1627e+00
+2.80737e+04 -2.83007e+04 4010338 1 1.1179e+00
+2.97815e+04 -2.95401e+04 4010339 1 1.0677e+00
+3.13433e+04 -3.07643e+04 4010340 1 1.0126e+00
+3.27778e+04 -3.19651e+04 4010341 1 9.6126e-01
+3.40966e+04 -3.31374e+04 4010342 1 9.1876e-01
+3.53170e+04 -3.42762e+04 4010343 1 8.6956e-01
+3.64528e+04 -3.53779e+04 4010344 1 8.3465e-01
+3.75123e+04 -3.64411e+04 4010345 1 7.9618e-01
+3.85092e+04 -3.74629e+04 4010346 1 7.6971e-01
+3.94502e+04 -3.84432e+04 4010347 1 7.3864e-01
+4.03444e+04 -3.93810e+04 4010348 1 7.2074e-01
+4.12000e+04 -4.02754e+04 4010349 1 7.0179e-01
+4.20214e+04 -4.11271e+04 4010350 1 6.8131e-01
+4.28155e+04 -4.19363e+04 4010351 1 6.7133e-01
+4.35882e+04 -4.27027e+04 4010352 1 6.6119e-01
+4.43433e+04 -4.34268e+04 4010353 1 6.5222e-01
+4.50846e+04 -4.41100e+04 4010354 1 6.4214e-01
+4.58152e+04 -4.47529e+04 4010355 1 6.3609e-01
+4.65394e+04 -4.53558e+04 4010356 1 6.3387e-01
+4.71665e+03 -3.99840e+04 10460 0 1.4048e+00
+3.84475e+03 -3.91509e+04 10458 0 1.3544e+00
+4.36925e+03 -3.68632e+04 10498 0 1.3035e+00
+1.05060e+04 -3.46663e+04 10662 0 1.4088e+00
+1.65128e+03 -3.18950e+04 10616 0 1.1954e+00
+9.16455e+03 -3.36616e+04 10661 0 1.3510e+00
+1.42370e+04 -3.63624e+04 10744 1 1.6213e+00
+1.77577e+04 -3.59203e+04 2010128 1 1.7135e+00
+1.54686e+04 -3.34453e+04 2010127 1 1.7097e+00
+1.81196e+04 -3.56644e+04 2010169 1 1.7078e+00
+1.30686e+04 -2.98813e+04 2010290 1 1.6541e+00
+1.30998e+04 -2.94982e+04 2010331 1 1.6457e+00
+1.30993e+04 -2.91009e+04 2010372 1 1.6337e+00
+1.63312e+04 -2.97444e+04 2010496 1 1.6218e+00
+2.14759e+04 -3.21598e+04 2010621 1 1.5273e+00
+2.35255e+04 -3.27661e+04 2010704 1 1.4390e+00
+2.70443e+04 -3.49281e+04 2010788 1 1.2827e+00
+1.19632e+04 -3.80586e+04 10625 0 1.5051e+00
+1.05063e+04 -3.83898e+04 10585 0 1.4790e+00
+1.00152e+04 -3.75936e+04 10584 0 1.4171e+00
+1.09010e+04 -3.92084e+04 10586 0 1.4669e+00
+5.54433e+03 -3.77171e+04 10500 0 1.3471e+00
+9.59473e+03 -4.06796e+04 10547 0 1.4512e+00
+5.10033e+03 -4.04674e+04 10461 0 1.3961e+00
+3.92678e+03 -4.30734e+04 10420 0 1.4771e+00
+2.16354e+04 -2.38961e+04 4010376 1 1.2041e+00
+2.39113e+04 -2.50364e+04 4010377 1 1.1769e+00
+2.59919e+04 -2.62058e+04 4010378 1 1.1430e+00
+2.78940e+04 -2.73871e+04 4010379 1 1.1053e+00
+2.96351e+04 -2.85668e+04 4010380 1 1.0606e+00
+3.12330e+04 -2.97344e+04 4010381 1 1.0093e+00
+3.27056e+04 -3.08816e+04 4010382 1 9.5449e-01
+3.40675e+04 -3.20028e+04 4010383 1 9.1371e-01
+3.53292e+04 -3.30940e+04 4010384 1 8.6766e-01
+3.65078e+04 -3.41506e+04 4010385 1 8.2841e-01
+3.76092e+04 -3.51718e+04 4010386 1 7.9285e-01
+3.86480e+04 -3.61541e+04 4010387 1 7.6386e-01
+3.96293e+04 -3.70978e+04 4010388 1 7.3389e-01
+4.05636e+04 -3.80012e+04 4010389 1 7.1466e-01
+4.14575e+04 -3.88637e+04 4010390 1 6.9397e-01
+4.23152e+04 -3.96860e+04 4010391 1 6.7383e-01
+4.31447e+04 -4.04676e+04 4010392 1 6.6273e-01
+4.39506e+04 -4.12086e+04 4010393 1 6.5195e-01
+4.47369e+04 -4.19097e+04 4010394 1 6.4168e-01
+4.55073e+04 -4.25715e+04 4010395 1 6.2887e-01
+4.62651e+04 -4.31948e+04 4010396 1 6.2507e-01
+4.91349e+03 -4.53857e+04 10424 0 1.5053e+00
+6.26294e+03 -4.28420e+04 10465 0 1.4359e+00
+9.91674e+03 -4.22582e+04 10549 0 1.5070e+00
+8.68399e+03 -3.44677e+04 10621 0 1.3386e+00
+1.28881e+04 -3.05905e+04 2010208 1 1.6599e+00
+1.90756e+04 -3.07139e+04 2010579 1 1.5797e+00
+2.35477e+04 -3.35127e+04 2010663 1 1.4557e+00
+2.14230e+04 -3.14887e+04 2010662 1 1.5079e+00
+1.89013e+04 -2.95276e+04 2010661 1 1.5372e+00
+2.53790e+04 -3.39188e+04 2010746 1 1.3587e+00
+2.34780e+04 -3.20164e+04 2010745 1 1.4246e+00
+1.06088e+04 -3.61845e+04 10623 0 1.4395e+00
+7.93366e+03 -3.53921e+04 10581 0 1.3669e+00
+9.71853e+03 -3.52988e+04 10622 0 1.3791e+00
+5.59214e+03 -3.55424e+04 10539 0 1.3295e+00
+1.13559e+04 -3.71083e+04 10624 0 1.4508e+00
+7.02843e+03 -3.65830e+04 10541 0 1.3500e+00
+9.02419e+03 -3.91920e+04 10545 0 1.4096e+00
+6.05914e+03 -3.82096e+04 10501 0 1.3517e+00
+9.99318e+03 -4.30914e+04 10550 0 1.4830e+00
+2.36635e+04 -2.42549e+04 4010418 1 1.1602e+00
+2.57621e+04 -2.53608e+04 4010419 1 1.1271e+00
+2.76894e+04 -2.64803e+04 4010420 1 1.0858e+00
+2.94625e+04 -2.76001e+04 4010421 1 1.0448e+00
+3.10940e+04 -2.87111e+04 4010422 1 1.0046e+00
+3.26015e+04 -2.98047e+04 4010423 1 9.5273e-01
+3.40020e+04 -3.08745e+04 4010424 1 9.0316e-01
+3.53030e+04 -3.19175e+04 4010425 1 8.6545e-01
+3.65207e+04 -3.29288e+04 4010426 1 8.1838e-01
+3.76625e+04 -3.39071e+04 4010427 1 7.8975e-01
+3.87407e+04 -3.48493e+04 4010428 1 7.5741e-01
+3.97604e+04 -3.57555e+04 4010429 1 7.2956e-01
+4.07329e+04 -3.66236e+04 4010430 1 7.0864e-01
+4.16631e+04 -3.74534e+04 4010431 1 6.8570e-01
+4.25560e+04 -3.82454e+04 4010432 1 6.6734e-01
+4.34193e+04 -3.89986e+04 4010433 1 6.5426e-01
+4.42571e+04 -3.97133e+04 4010434 1 6.4288e-01
+4.50737e+04 -4.03902e+04 4010435 1 6.3165e-01
+4.58721e+04 -4.10299e+04 4010436 1 6.1860e-01
+4.66565e+04 -4.16327e+04 4010437 1 6.1348e-01
+4.21131e+03 -4.35881e+04 10421 0 1.4924e+00
+8.17418e+03 -3.78149e+04 10543 0 1.3769e+00
+8.53499e+03 -3.17917e+04 10741 1 1.4029e+00
+2.69527e+04 -4.86865e+04 2010422 1 1.0464e+00
+1.27237e+04 -3.09073e+04 2010167 1 1.6575e+00
+9.10552e+03 -2.87499e+04 2010207 1 1.5670e+00
+1.30720e+04 -2.86923e+04 2010413 1 1.6186e+00
+1.30214e+04 -2.82747e+04 2010454 1 1.6026e+00
+1.62608e+04 -2.92412e+04 2010537 1 1.6018e+00
+1.61706e+04 -2.87319e+04 2010578 1 1.5795e+00
+1.89985e+04 -3.01227e+04 2010620 1 1.5578e+00
+1.16451e+04 -3.57505e+04 10663 0 1.4767e+00
+1.36107e+04 -3.67522e+04 10704 0 1.5880e+00
+7.03312e+03 -3.47614e+04 10580 0 1.3064e+00
+8.73062e+03 -3.60855e+04 10582 0 1.3630e+00
+7.63738e+03 -3.71835e+04 10542 0 1.3670e+00
+8.63459e+03 -3.84917e+04 10544 0 1.4172e+00
+5.75644e+03 -4.15689e+04 10463 0 1.4510e+00
+1.12664e+04 -4.71109e+04 10595 0 1.5814e+00
+2.55149e+04 -2.45211e+04 4010460 1 1.1125e+00
+2.74630e+04 -2.55797e+04 4010461 1 1.0760e+00
+2.92614e+04 -2.66408e+04 4010462 1 1.0314e+00
+3.09261e+04 -2.76947e+04 4010463 1 9.9208e-01
+3.24663e+04 -2.87346e+04 4010464 1 9.5025e-01
+3.39002e+04 -2.97536e+04 4010465 1 8.9811e-01
+3.52394e+04 -3.07475e+04 4010466 1 8.6241e-01
+3.64931e+04 -3.17134e+04 4010467 1 8.1766e-01
+3.76732e+04 -3.26480e+04 4010468 1 7.8693e-01
+3.87879e+04 -3.35497e+04 4010469 1 7.4792e-01
+3.98446e+04 -3.44176e+04 4010470 1 7.2589e-01
+4.08531e+04 -3.52497e+04 4010471 1 7.0309e-01
+4.18177e+04 -3.60460e+04 4010472 1 6.7545e-01
+4.27444e+04 -3.68068e+04 4010473 1 6.6115e-01
+4.36400e+04 -3.75308e+04 4010474 1 6.4690e-01
+4.45087e+04 -3.82184e+04 4010475 1 6.3420e-01
+4.53543e+04 -3.88702e+04 4010476 1 6.2147e-01
+4.61800e+04 -3.94869e+04 4010477 1 6.0919e-01
+5.49380e+03 -4.85297e+04 10428 0 1.5375e+00
+8.42281e+03 -4.62685e+04 10512 0 1.4418e+00
+5.09502e+03 -4.60943e+04 10425 0 1.5543e+00
+8.38667e+03 -4.44536e+04 10510 0 1.4491e+00
+6.92934e+03 -3.93384e+04 10503 0 1.3858e+00
+1.25820e+04 -3.68857e+04 10664 0 1.5106e+00
+1.32036e+04 -3.37044e+04 10824 1 1.6240e+00
+2.22615e+04 -3.95345e+04 2010294 1 1.5571e+00
+2.07986e+04 -3.70258e+04 2010293 1 1.6376e+00
+9.17245e+03 -2.84286e+04 2010248 1 1.5700e+00
+9.20574e+03 -2.80972e+04 2010289 1 1.5683e+00
+9.19330e+03 -2.74102e+04 2010371 1 1.5534e+00
+2.34055e+04 -3.12656e+04 2010786 1 1.4034e+00
+1.20893e+04 -2.47627e+04 2010782 1 1.4296e+00
+2.45168e+04 -4.65368e+04 2010297 1 1.2567e+00
+2.54280e+04 -4.80706e+04 2010339 1 1.1499e+00
+5.90561e+03 -3.20404e+04 10659 0 1.2685e+00
+1.53856e+04 -3.80911e+04 10745 1 1.6823e+00
+3.24181e+03 -3.21430e+04 10617 0 1.2147e+00
+1.56522e+04 -4.09911e+04 10707 0 1.7820e+00
+1.21302e+01 -3.56801e+04 10492 0 1.2603e+00
+7.28599e+03 -3.99551e+04 10504 0 1.4025e+00
+2.72160e+04 -2.46850e+04 4010502 1 1.0633e+00
+2.90368e+04 -2.56881e+04 4010503 1 1.0241e+00
+3.07274e+04 -2.66860e+04 4010504 1 9.7777e-01
+3.23004e+04 -2.76717e+04 4010505 1 9.4389e-01
+3.37651e+04 -2.86398e+04 4010506 1 8.9742e-01
+3.51388e+04 -2.95847e+04 4010507 1 8.5786e-01
+3.64263e+04 -3.05046e+04 4010508 1 8.1700e-01
+3.76419e+04 -3.13954e+04 4010509 1 7.8424e-01
+3.87907e+04 -3.22562e+04 4010510 1 7.4659e-01
+3.98826e+04 -3.30850e+04 4010511 1 7.2296e-01
+4.09251e+04 -3.38806e+04 4010512 1 6.9814e-01
+4.19222e+04 -3.46430e+04 4010513 1 6.7135e-01
+4.28813e+04 -3.53715e+04 4010514 1 6.5567e-01
+4.38077e+04 -3.60656e+04 4010515 1 6.4064e-01
+4.47059e+04 -3.67255e+04 4010516 1 6.2650e-01
+4.55793e+04 -3.73514e+04 4010517 1 6.1194e-01
+4.64315e+04 -3.79442e+04 4010518 1 6.0027e-01
+8.20206e+03 -4.28034e+04 10508 0 1.4823e+00
+2.84870e+03 -3.85066e+04 10456 0 1.3238e+00
+1.27217e+04 -3.46837e+04 10743 1 1.5513e+00
+5.43898e+01 -2.94175e+04 10779 1 1.3221e+00
+3.86362e+03 -2.93788e+04 10821 1 1.3820e+00
+1.50902e+04 -3.36499e+04 2010086 1 1.7032e+00
+1.57638e+04 -3.31744e+04 2010168 1 1.7095e+00
+4.75474e+03 -2.75320e+04 2010206 1 1.4708e+00
+1.29507e+04 -2.78499e+04 2010495 1 1.5842e+00
+1.28631e+04 -2.74194e+04 2010536 1 1.5641e+00
+2.13474e+04 -3.08141e+04 2010703 1 1.4896e+00
+1.22396e+04 -2.52117e+04 2010741 1 1.4532e+00
+2.24189e+04 -4.28755e+04 2010213 1 1.4799e+00
+2.10893e+04 -4.07509e+04 2010171 1 1.5844e+00
+2.35340e+04 -4.48063e+04 2010255 1 1.3682e+00
+4.95513e+03 -3.10418e+04 10699 0 1.2738e+00
+6.76574e+03 -3.05466e+04 10781 1 1.4024e+00
+2.54186e+03 -3.05554e+04 10698 0 1.2470e+00
+1.56789e+04 -3.73087e+04 10785 1 1.6730e+00
+1.67669e+04 -3.92951e+04 10786 1 1.6957e+00
+1.67417e+04 -4.14761e+04 10747 1 1.7771e+00
+1.47297e+04 -4.25451e+04 10669 0 1.7517e+00
+9.78528e+03 -4.14554e+04 10548 0 1.4479e+00
+1.55130e+03 -3.58254e+04 10494 0 1.2525e+00
+2.69475e+04 -2.37966e+04 4010543 1 1.0416e+00
+1.70457e+04 -4.30636e+04 10748 1 1.8093e+00
+6.62374e+03 -4.42970e+04 10467 0 1.4943e+00
+6.02798e+03 -4.21859e+04 10464 0 1.4391e+00
+1.81001e+04 -4.64255e+04 10790 1 1.6721e+00
+2.87889e+04 -2.47419e+04 4010544 1 1.0148e+00
+3.05021e+04 -2.56845e+04 4010545 1 9.7297e-01
+3.21032e+04 -2.66164e+04 4010546 1 9.2890e-01
+3.35974e+04 -2.75335e+04 4010547 1 8.9611e-01
+3.50013e+04 -2.84298e+04 4010548 1 8.4610e-01
+3.63211e+04 -2.93033e+04 4010549 1 8.1648e-01
+3.75695e+04 -3.01500e+04 4010550 1 7.8107e-01
+3.87502e+04 -3.09694e+04 4010551 1 7.4607e-01
+3.98752e+04 -3.17588e+04 4010552 1 7.2091e-01
+4.09495e+04 -3.25174e+04 4010553 1 6.9368e-01
+4.19776e+04 -3.32452e+04 4010554 1 6.6835e-01
+4.29674e+04 -3.39410e+04 4010555 1 6.5126e-01
+4.39232e+04 -3.46044e+04 4010556 1 6.3538e-01
+4.48496e+04 -3.52358e+04 4010557 1 6.1980e-01
+4.57496e+04 -3.58353e+04 4010558 1 6.0266e-01
+4.66272e+04 -3.64034e+04 4010559 1 5.9222e-01
+8.04526e+03 -4.20372e+04 10507 0 1.4238e+00
+7.84089e+03 -4.13125e+04 10506 0 1.4232e+00
+1.75444e+03 -3.80779e+04 10454 0 1.3345e+00
+1.62052e+04 -3.98102e+04 10746 1 1.7406e+00
+4.72946e+01 -2.98575e+04 10738 1 1.2819e+00
+7.44374e+01 -2.67895e+04 2010246 1 1.4339e+00
+4.78037e+03 -2.62979e+04 2010370 1 1.4683e+00
+1.59392e+04 -2.77012e+04 2010660 1 1.5345e+00
+2.53678e+04 -3.47360e+04 2010705 1 1.3762e+00
+1.58020e+04 -2.71821e+04 2010701 1 1.5110e+00
+1.73149e+04 -3.60852e+04 2010087 1 1.7146e+00
+1.24960e+04 -3.11911e+04 2010126 1 1.6519e+00
+1.21913e+04 -3.14344e+04 2010085 1 1.6418e+00
+1.94329e+04 -3.84618e+04 2010129 1 1.6737e+00
+1.46081e+04 -3.37733e+04 2010045 1 1.6891e+00
+1.17909e+04 -3.16290e+04 2010044 1 1.6222e+00
+1.89311e+04 -3.85860e+04 2010088 1 1.6805e+00
+2.19045e+04 -4.31832e+04 2010172 1 1.4949e+00
+1.21694e+04 -3.34753e+04 10783 1 1.5630e+00
+2.23977e+04 -4.54901e+04 2010173 1 1.3979e+00
+2.85170e+04 -2.38023e+04 4010585 1 9.9317e-01
+1.60545e+04 -4.36017e+04 10709 0 1.8911e+00
+3.02509e+04 -2.46899e+04 4010586 1 9.6702e-01
+3.18740e+04 -2.55692e+04 4010587 1 9.2258e-01
+3.33971e+04 -2.64349e+04 4010588 1 8.9221e-01
+3.48274e+04 -2.72830e+04 4010589 1 8.4688e-01
+3.61780e+04 -2.81097e+04 4010590 1 8.1581e-01
+3.74559e+04 -2.89125e+04 4010591 1 7.7234e-01
+3.86672e+04 -2.96901e+04 4010592 1 7.4642e-01
+3.98228e+04 -3.04397e+04 4010593 1 7.1974e-01
+4.09269e+04 -3.11610e+04 4010594 1 6.8905e-01
+4.19845e+04 -3.18536e+04 4010595 1 6.6666e-01
+4.30031e+04 -3.25161e+04 4010596 1 6.4813e-01
+4.39870e+04 -3.31485e+04 4010597 1 6.3135e-01
+4.49401e+04 -3.37507e+04 4010598 1 6.1406e-01
+4.58657e+04 -3.43232e+04 4010599 1 5.9602e-01
+4.67677e+04 -3.48658e+04 4010600 1 5.8581e-01
+1.24680e+04 -4.83441e+04 10636 0 1.7071e+00
+1.10730e+04 -4.81056e+04 10596 0 1.5746e+00
+5.38418e+03 -4.76637e+04 10427 0 1.5385e+00
+1.74890e+04 -4.12320e+04 10787 1 1.7006e+00
+2.29846e+04 -4.52048e+04 2010214 1 1.3825e+00
+1.52565e+04 -3.57965e+04 10825 1 1.6740e+00
+5.91633e+03 -3.07555e+04 10740 1 1.3392e+00
+2.45143e+04 -4.37424e+04 2010337 1 1.3496e+00
+9.21112e+03 -2.77573e+04 2010330 1 1.5625e+00
+9.15585e+03 -2.70569e+04 2010412 1 1.5420e+00
+8.95508e+03 -2.59676e+04 2010535 1 1.4967e+00
+4.58022e+03 -2.46943e+04 2010575 1 1.4128e+00
+1.23833e+04 -2.56587e+04 2010700 1 1.4767e+00
+1.86526e+04 -2.83311e+04 2010743 1 1.4919e+00
+2.84884e+04 -3.67306e+04 2010789 1 1.2015e+00
+2.53617e+04 -3.30990e+04 2010787 1 1.3496e+00
+4.78574e+03 -2.72265e+04 2010247 1 1.4756e+00
+4.70132e+03 -2.78361e+04 2010165 1 1.4646e+00
+8.99814e+03 -2.90592e+04 2010166 1 1.5626e+00
+8.84164e+03 -2.93542e+04 2010125 1 1.5539e+00
+2.36986e+04 -4.14126e+04 2010336 1 1.4530e+00
+7.39764e+01 -2.70890e+04 2010205 1 1.4288e+00
+2.65898e+04 -4.66983e+04 2010421 1 1.1357e+00
+7.19066e+01 -2.76975e+04 2010123 1 1.4143e+00
+2.55875e+04 -4.53157e+04 2010379 1 1.2422e+00
+2.75576e+04 -4.78955e+04 2010463 1 1.0512e+00
+8.62467e+03 -2.96324e+04 2010084 1 1.5427e+00
+2.00367e+04 -4.10469e+04 2010089 1 1.6169e+00
+3.16163e+04 -2.45293e+04 4010628 1 9.1966e-01
+4.64648e+04 -2.57767e+04 6010026 1 5.9332e-01
+3.31643e+04 -2.53442e+04 4010629 1 8.8479e-01
+3.46192e+04 -2.61442e+04 4010630 1 8.4775e-01
+3.59973e+04 -2.69244e+04 4010631 1 8.1443e-01
+3.73018e+04 -2.76834e+04 4010632 1 7.7448e-01
+3.85420e+04 -2.84187e+04 4010633 1 7.4754e-01
+3.97261e+04 -2.91285e+04 4010634 1 7.1938e-01
+4.08575e+04 -2.98123e+04 4010635 1 6.8609e-01
+4.19433e+04 -3.04692e+04 4010636 1 6.6649e-01
+4.29892e+04 -3.10980e+04 4010637 1 6.4703e-01
+4.39996e+04 -3.16988e+04 4010638 1 6.2883e-01
+4.49779e+04 -3.22714e+04 4010639 1 6.1028e-01
+4.59279e+04 -3.28162e+04 4010640 1 5.9231e-01
+9.86307e+03 -4.67189e+04 10554 0 1.4844e+00
+6.85039e+03 -4.59405e+04 10469 0 1.4653e+00
+4.70528e+03 -4.47379e+04 10423 0 1.4766e+00
+7.58841e+03 -4.06188e+04 10505 0 1.4395e+00
+2.47926e+04 -4.86397e+04 2010298 1 1.1579e+00
+1.71632e+04 -4.45600e+04 10749 1 1.8373e+00
+1.18171e+03 -3.79350e+04 10453 0 1.2917e+00
+1.59284e+04 -4.23272e+04 10708 0 1.8349e+00
+1.59621e+04 -4.59619e+04 10711 0 1.9670e+00
+1.79114e+04 -4.30773e+04 10788 1 1.6951e+00
+2.11132e+04 -4.56294e+04 2010091 1 1.4539e+00
+2.55330e+01 -3.17977e+04 10615 0 1.2044e+00
+2.13437e+04 -4.33680e+04 2010131 1 1.5157e+00
+1.83408e+04 -3.85706e+04 2010047 1 1.6897e+00
+8.33225e+03 -2.98913e+04 2010043 1 1.5229e+00
+4.50587e+03 -2.84435e+04 2010083 1 1.4446e+00
+4.67928e+03 -2.53454e+04 2010493 1 1.4394e+00
+1.27605e+04 -2.69842e+04 2010577 1 1.5438e+00
+2.11325e+04 -2.94612e+04 2010785 1 1.4488e+00
+7.38429e+01 -2.55946e+04 2010410 1 1.4246e+00
+2.30251e+04 -3.77688e+04 2010417 1 1.5303e+00
+4.79826e+03 -2.69192e+04 2010288 1 1.4765e+00
+2.10125e+04 -3.65113e+04 2010334 1 1.6271e+00
+2.31995e+04 -3.71060e+04 2010458 1 1.5210e+00
+4.79557e+03 -2.66098e+04 2010329 1 1.4739e+00
+7.46072e+01 -2.64914e+04 2010287 1 1.4358e+00
+7.45385e+01 -2.61934e+04 2010328 1 1.4346e+00
+2.25581e+04 -3.89913e+04 2010335 1 1.5482e+00
+2.53314e+04 -4.24129e+04 2010419 1 1.3433e+00
+2.28126e+04 -3.83997e+04 2010376 1 1.5416e+00
+7.31595e+01 -2.73911e+04 2010164 1 1.4224e+00
+2.40399e+04 -4.07937e+04 2010377 1 1.4498e+00
+2.43390e+04 -4.01274e+04 2010418 1 1.4375e+00
+4.34920e+03 -2.87492e+04 2010042 1 1.4305e+00
+6.00426e+01 -2.90279e+04 10820 1 1.3525e+00
+1.67745e+04 -3.79779e+04 10826 1 1.6904e+00
+1.78256e+04 -4.01482e+04 10827 1 1.6787e+00
+3.28975e+04 -2.42617e+04 4010670 1 8.7244e-01
+2.00664e+04 -4.32604e+04 2010049 1 1.5675e+00
+2.05940e+04 -4.09650e+04 2010130 1 1.6032e+00
+9.74230e+03 -4.77346e+04 10555 0 1.5110e+00
+2.39258e+04 -4.70222e+04 2010256 1 1.2711e+00
+3.43767e+04 -2.50133e+04 4010671 1 8.4850e-01
+3.57791e+04 -2.57474e+04 4010672 1 8.1107e-01
+3.71082e+04 -2.64626e+04 4010673 1 7.7708e-01
+3.83749e+04 -2.71557e+04 4010674 1 7.4940e-01
+3.95853e+04 -2.78256e+04 4010675 1 7.1925e-01
+4.07422e+04 -2.84717e+04 4010676 1 6.8851e-01
+4.18544e+04 -2.90926e+04 4010677 1 6.6794e-01
+4.29259e+04 -2.96875e+04 4010678 1 6.4759e-01
+4.39612e+04 -3.02563e+04 4010679 1 6.2785e-01
+4.49636e+04 -3.07989e+04 4010680 1 6.0736e-01
+4.59367e+04 -3.13156e+04 4010681 1 5.9031e-01
+6.75271e+03 -4.50957e+04 10468 0 1.4773e+00
+9.22950e+00 -3.78091e+04 10451 0 1.3079e+00
+1.01932e+03 -3.41162e+04 10534 0 1.2141e+00
+2.17739e+04 -4.56410e+04 2010132 1 1.4275e+00
+4.62051e+03 -2.81396e+04 2010124 1 1.4556e+00
+9.10190e+03 -2.66983e+04 2010453 1 1.5286e+00
+2.87610e+04 -4.23853e+04 2010626 1 1.1427e+00
+1.87852e+04 -2.89300e+04 2010702 1 1.5141e+00
+3.33941e+04 -4.75831e+04 2010754 1 8.5996e-01
+4.47100e+03 -4.41415e+04 10422 0 1.4779e+00
+7.26080e+01 -2.49878e+04 2010492 1 1.4074e+00
+2.84134e+04 -4.33157e+04 2010585 1 1.1374e+00
+2.72385e+04 -4.21979e+04 2010543 1 1.2357e+00
+4.72059e+03 -2.56660e+04 2010452 1 1.4508e+00
+7.18460e+01 -2.46801e+04 2010533 1 1.3966e+00
+9.03424e+03 -2.63351e+04 2010494 1 1.5131e+00
+2.48175e+04 -3.86871e+04 2010500 1 1.4233e+00
+4.75480e+03 -2.59834e+04 2010411 1 1.4606e+00
+7.32800e+01 -2.52925e+04 2010451 1 1.4168e+00
+2.59820e+04 -4.09008e+04 2010501 1 1.3344e+00
+4.63215e+03 -2.50216e+04 2010534 1 1.4266e+00
+3.07034e+04 -4.77688e+04 2010629 1 9.3282e-01
+3.01774e+04 -4.60542e+04 2010628 1 9.9733e-01
+7.42723e+01 -2.58947e+04 2010369 1 1.4307e+00
+2.62475e+04 -4.00967e+04 2010542 1 1.3197e+00
+2.56764e+04 -4.16751e+04 2010460 1 1.3353e+00
+2.49427e+04 -4.31045e+04 2010378 1 1.3488e+00
+6.46154e+03 -4.35424e+04 10466 0 1.4582e+00
+2.68886e+04 -4.30384e+04 2010502 1 1.2324e+00
+3.55227e+04 -2.45792e+04 4010713 1 8.0410e-01
+2.05220e+04 -4.74366e+04 2010051 1 1.4239e+00
+3.93852e+01 -3.03770e+04 10697 0 1.2409e+00
+3.68754e+04 -2.52504e+04 4010714 1 7.8012e-01
+3.81662e+04 -2.59015e+04 4010715 1 7.5168e-01
+3.94003e+04 -2.65316e+04 4010716 1 7.1621e-01
+4.05813e+04 -2.71398e+04 4010717 1 6.9247e-01
+4.17180e+04 -2.77245e+04 4010718 1 6.7112e-01
+4.28134e+04 -2.82853e+04 4010719 1 6.4988e-01
+4.38721e+04 -2.88219e+04 4010720 1 6.2857e-01
+4.48970e+04 -2.93342e+04 4010721 1 6.0496e-01
+4.58921e+04 -2.98222e+04 4010722 1 5.9091e-01
+1.61730e+03 -4.50080e+04 10374 0 1.5066e+00
+2.12531e+04 -4.77094e+04 2010092 1 1.3705e+00
+1.89690e+04 -4.60620e+04 10830 1 1.5661e+00
+7.85709e+02 -3.57389e+04 10493 0 1.2484e+00
+8.42184e+03 -4.53375e+04 10511 0 1.4420e+00
+2.33004e+04 -4.74037e+04 2010215 1 1.2818e+00
+2.01736e+01 -3.27885e+04 10574 0 1.2098e+00
+2.07334e+04 -4.34053e+04 2010090 1 1.5394e+00
+2.04129e+04 -4.54207e+04 2010050 1 1.4950e+00
+2.60628e+04 -4.46054e+04 2010420 1 1.2440e+00
+2.71089e+04 -4.59177e+04 2010462 1 1.1409e+00
+3.50291e+03 -2.97180e+04 10780 1 1.3438e+00
+2.75878e+04 -4.50894e+04 2010503 1 1.1457e+00
+2.91096e+04 -4.52224e+04 2010586 1 1.0607e+00
+1.60628e+04 -2.82181e+04 2010619 1 1.5581e+00
+1.26451e+04 -2.65453e+04 2010618 1 1.5219e+00
+1.25189e+04 -2.61033e+04 2010659 1 1.4994e+00
+2.12497e+04 -3.01378e+04 2010744 1 1.4680e+00
+1.85043e+04 -2.77320e+04 2010784 1 1.4682e+00
+4.46524e+03 -2.40282e+04 2010657 1 1.3828e+00
+7.01149e+01 -2.40539e+04 2010615 1 1.3719e+00
+7.10101e+01 -2.43689e+04 2010574 1 1.3847e+00
+8.86614e+03 -2.55963e+04 2010576 1 1.4791e+00
+8.76912e+03 -2.52213e+04 2010617 1 1.4604e+00
+6.76668e+01 -2.83332e+04 2010041 1 1.3916e+00
+8.66546e+03 -2.48429e+04 2010658 1 1.4410e+00
+4.52432e+03 -2.43633e+04 2010616 1 1.3981e+00
+3.17292e+04 -4.56446e+04 2010711 1 9.4428e-01
+2.99236e+04 -4.32702e+04 2010668 1 1.0689e+00
+3.06393e+04 -4.50332e+04 2010669 1 1.0002e+00
+2.95389e+04 -4.42590e+04 2010627 1 1.0665e+00
+1.80972e+04 -4.48109e+04 10789 1 1.6843e+00
+5.18058e+00 -4.43872e+04 10369 0 1.4726e+00
+3.12406e+04 -4.67207e+04 2010670 1 9.4251e-01
+2.81200e+04 -4.70481e+04 2010504 1 1.0491e+00
+3.28160e+04 -4.87379e+04 2010713 1 8.5261e-01
+6.91854e+03 -4.68370e+04 10470 0 1.4634e+00
+2.64984e+04 -4.38442e+04 2010461 1 1.2400e+00
+3.91708e+04 -2.52468e+04 4010757 1 7.1987e-01
+4.03747e+04 -2.58169e+04 4010758 1 6.9792e-01
+4.15340e+04 -2.63655e+04 4010759 1 6.7607e-01
+4.26518e+04 -2.68920e+04 4010760 1 6.5401e-01
+4.37321e+04 -2.73962e+04 4010761 1 6.3115e-01
+4.47783e+04 -2.78781e+04 4010762 1 6.0863e-01
+4.57943e+04 -2.83372e+04 4010763 1 5.9404e-01
+4.67839e+04 -2.87734e+04 4010764 1 5.8016e-01
+6.95923e+03 -4.77905e+04 10471 0 1.4672e+00
+8.39281e+03 -4.72525e+04 10513 0 1.4480e+00
+5.25157e+03 -4.68534e+04 10426 0 1.5447e+00
+8.31432e+03 -4.36107e+04 10509 0 1.4628e+00
+1.97649e+04 -4.69088e+04 2010010 1 1.4819e+00
+2.19610e+04 -4.77731e+04 2010133 1 1.3360e+00
+4.43837e+04 -2.49944e+04 6010024 1 6.2383e-01
+1.88478e+04 -4.42175e+04 10829 1 1.6088e+00
+1.57431e+01 -3.40510e+04 10533 0 1.2281e+00
+4.24408e+04 -2.55083e+04 4010801 1 6.5981e-01
+1.94059e+04 -4.09662e+04 2010048 1 1.6385e+00
+3.19289e+01 -3.10106e+04 10656 0 1.2136e+00
+1.67721e+04 -3.61376e+04 2010046 1 1.7101e+00
+2.26444e+04 -4.76609e+04 2010174 1 1.3056e+00
+1.76364e+04 -3.83820e+04 2010006 1 1.6932e+00
+4.54382e+04 -2.53952e+04 6010025 1 6.0826e-01
+2.86364e+04 -4.61543e+04 2010545 1 1.0509e+00
+2.80238e+04 -4.42197e+04 2010544 1 1.1421e+00
+7.94428e+03 -3.01294e+04 2010002 1 1.4940e+00
+1.84903e+04 -4.22409e+04 10828 1 1.6501e+00
+4.32988e+04 -2.45740e+04 6010023 1 6.4002e-01
+1.56525e+04 -2.66615e+04 2010742 1 1.4867e+00
+8.55612e+03 -2.44611e+04 2010699 1 1.4212e+00
+1.54924e+04 -2.61400e+04 2010783 1 1.4616e+00
+8.33528e+03 -4.82958e+04 10514 0 1.4602e+00
+1.39941e+04 -3.37980e+04 2010004 1 1.6646e+00
+4.51788e+04 -2.39400e+04 6010066 1 6.1969e-01
+6.43807e+01 -2.86700e+04 2010000 1 1.3748e+00
+8.44215e+03 -2.40758e+04 2010740 1 1.4008e+00
+7.01191e+01 -2.80105e+04 2010082 1 1.4043e+00
+3.66034e+04 -2.40468e+04 4010755 1 7.8345e-01
+3.79158e+04 -2.46563e+04 4010756 1 7.5388e-01
+1.86815e+04 -4.06839e+04 2010007 1 1.6578e+00
+1.96895e+04 -4.87064e+04 2010011 1 1.4250e+00
+3.23102e+04 -4.72281e+04 2010712 1 8.9771e-01
+4.13023e+04 -2.50159e+04 4010800 1 6.8288e-01
+2.91152e+04 -4.80007e+04 2010546 1 9.7636e-01
+3.41001e+04 -2.38906e+04 4010712 1 8.4685e-01
+4.46074e+04 -2.64312e+04 4010803 1 6.1483e-01
+4.56432e+04 -2.68612e+04 4010804 1 5.9977e-01
+4.13983e+03 -2.90593e+04 2010001 1 1.4099e+00
+4.66518e+04 -2.72701e+04 4010805 1 5.8535e-01
+4.62224e+04 -2.42939e+04 6010067 1 6.0429e-01
+3.17499e+04 -4.83308e+04 2010671 1 8.8930e-01
+4.01224e+04 -2.45034e+04 4010799 1 7.0482e-01
+3.88976e+04 -2.39712e+04 4010798 1 7.2688e-01
+1.93285e+04 -4.28913e+04 2010008 1 1.6063e+00
+4.03740e+03 -3.14885e+04 10658 0 1.2291e+00
+1.61014e+04 -3.60519e+04 2010005 1 1.6992e+00
+1.12679e+04 -3.17659e+04 2010003 1 1.5917e+00
+4.35412e+04 -2.59801e+04 4010802 1 6.3425e-01
+1.30557e+03 -3.28638e+04 10575 0 1.1964e+00
+2.96691e+04 -4.70453e+04 2010587 1 9.8652e-01
+1.96649e+04 -4.49710e+04 2010009 1 1.5444e+00
