+4.79690e+04 -9.99827e+04 1010001 0 2.4642e+00
+4.91134e+04 -9.99826e+04 1010002 0 2.3748e+00
+5.02577e+04 -9.99826e+04 1010003 0 2.2861e+00
+5.14021e+04 -9.99826e+04 1010004 0 2.1983e+00
+5.25464e+04 -9.99826e+04 1010005 0 2.1117e+00
+5.36906e+04 -9.99826e+04 1010006 0 2.0264e+00
+5.48349e+04 -9.99826e+04 1010007 0 1.9426e+00
+5.59791e+04 -9.99826e+04 1010008 0 1.8604e+00
+5.71233e+04 -9.99825e+04 1010009 0 1.7798e+00
+5.82675e+04 -9.99825e+04 1010010 0 1.7010e+00
+5.94116e+04 -9.99825e+04 1010011 0 1.6238e+00
+6.05557e+04 -9.99825e+04 1010012 0 1.5484e+00
+6.16998e+04 -9.99825e+04 1010013 0 1.4748e+00
+6.28438e+04 -9.99824e+04 1010014 0 1.4029e+00
+6.39878e+04 -9.99824e+04 1010015 0 1.3326e+00
+6.51318e+04 -9.99824e+04 1010016 0 1.2640e+00
+6.62758e+04 -9.99824e+04 1010017 0 1.1970e+00
+6.74197e+04 -9.99824e+04 1010018 0 1.1315e+00
+6.85636e+04 -9.99823e+04 1010019 0 1.0676e+00
+6.97075e+04 -9.99823e+04 1010020 0 1.0050e+00
+7.08513e+04 -9.99823e+04 1010021 0 9.4385e-01
+7.19951e+04 -9.99823e+04 1010022 0 8.8397e-01
+7.31389e+04 -9.99823e+04 1010023 0 8.2532e-01
+7.42827e+04 -9.99823e+04 1010024 0 7.6783e-01
+7.54265e+04 -9.99823e+04 1010025 0 7.1143e-01
+7.65702e+04 -9.99822e+04 1010026 0 6.5606e-01
+7.77140e+04 -9.99822e+04 1010027 0 6.0165e-01
+7.88577e+04 -9.99822e+04 1010028 0 5.4813e-01
+8.00014e+04 -9.99822e+04 1010029 0 4.9545e-01
+8.11451e+04 -9.99822e+04 1010030 0 4.4355e-01
+8.22888e+04 -9.99822e+04 1010031 0 3.9235e-01
+8.34324e+04 -9.99822e+04 1010032 0 3.4181e-01
+8.45761e+04 -9.99822e+04 1010033 0 2.9187e-01
+8.57197e+04 -9.99822e+04 1010034 0 2.4247e-01
+8.68634e+04 -9.99822e+04 1010035 0 1.9356e-01
+8.80070e+04 -9.99822e+04 1010036 0 1.4512e-01
+8.91506e+04 -9.99822e+04 1010037 0 9.7215e-02
+9.02942e+04 -9.99822e+04 1010038 0 5.0506e-02
+4.72759e+04 -9.88051e+04 1010042 0 2.3253e+00
+4.85383e+04 -9.88045e+04 1010043 0 2.2343e+00
+4.97991e+04 -9.88036e+04 1010044 0 2.1441e+00
+5.10580e+04 -9.88025e+04 1010045 0 2.0550e+00
+5.23147e+04 -9.88013e+04 1010046 0 1.9670e+00
+5.35690e+04 -9.88000e+04 1010047 0 1.8808e+00
+5.48209e+04 -9.87985e+04 1010048 0 1.7963e+00
+5.60701e+04 -9.87970e+04 1010049 0 1.7138e+00
+5.73168e+04 -9.87955e+04 1010050 0 1.6332e+00
+5.85610e+04 -9.87939e+04 1010051 0 1.5546e+00
+5.98025e+04 -9.87924e+04 1010052 0 1.4783e+00
+6.10415e+04 -9.87908e+04 1010053 0 1.4035e+00
+6.22779e+04 -9.87893e+04 1010054 0 1.3310e+00
+6.35120e+04 -9.87877e+04 1010055 0 1.2603e+00
+6.47436e+04 -9.87863e+04 1010056 0 1.1916e+00
+6.59730e+04 -9.87848e+04 1010057 0 1.1248e+00
+6.72002e+04 -9.87834e+04 1010058 0 1.0595e+00
+6.84253e+04 -9.87821e+04 1010059 0 9.9596e-01
+6.96484e+04 -9.87808e+04 1010060 0 9.3411e-01
+7.08696e+04 -9.87796e+04 1010061 0 8.7365e-01
+7.20890e+04 -9.87784e+04 1010062 0 8.1486e-01
+7.33067e+04 -9.87773e+04 1010063 0 7.5729e-01
+7.45229e+04 -9.87763e+04 1010064 0 7.0104e-01
+7.57376e+04 -9.87753e+04 1010065 0 6.4603e-01
+7.69509e+04 -9.87744e+04 1010066 0 5.9218e-01
+7.81630e+04 -9.87736e+04 1010067 0 5.3941e-01
+7.93739e+04 -9.87728e+04 1010068 0 4.8755e-01
+8.05837e+04 -9.87721e+04 1010069 0 4.3667e-01
+8.17925e+04 -9.87714e+04 1010070 0 3.8678e-01
+8.30004e+04 -9.87709e+04 1010071 0 3.3769e-01
+8.42075e+04 -9.87703e+04 1010072 0 2.8946e-01
+8.54139e+04 -9.87699e+04 1010073 0 2.4212e-01
+8.66197e+04 -9.87695e+04 1010074 0 1.9581e-01
+8.78249e+04 -9.87692e+04 1010075 0 1.5086e-01
+8.90298e+04 -9.87690e+04 1010076 0 1.0830e-01
+9.02344e+04 -9.87688e+04 1010077 0 7.1509e-02
+7.65881e+04 -7.99796e+04 3010029 1 3.3935e-01
+7.80820e+04 -7.99015e+04 3010030 1 3.2576e-01
+4.69995e+04 -7.80847e+04 3010163 1 6.9101e-01
+4.70888e+04 -9.77348e+04 1010083 0 2.1171e+00
+4.84644e+04 -9.77319e+04 1010084 0 2.0304e+00
+4.98358e+04 -9.77282e+04 1010085 0 1.9445e+00
+5.12026e+04 -9.77240e+04 1010086 0 1.8597e+00
+5.25644e+04 -9.77193e+04 1010087 0 1.7762e+00
+5.39209e+04 -9.77142e+04 1010088 0 1.6946e+00
+5.52720e+04 -9.77089e+04 1010089 0 1.6150e+00
+5.66177e+04 -9.77035e+04 1010090 0 1.5371e+00
+5.79579e+04 -9.76980e+04 1010091 0 1.4612e+00
+5.92926e+04 -9.76925e+04 1010092 0 1.3870e+00
+6.06220e+04 -9.76870e+04 1010093 0 1.3150e+00
+6.19461e+04 -9.76817e+04 1010094 0 1.2450e+00
+6.32653e+04 -9.76764e+04 1010095 0 1.1770e+00
+6.45797e+04 -9.76713e+04 1010096 0 1.1108e+00
+6.58894e+04 -9.76664e+04 1010097 0 1.0462e+00
+6.71946e+04 -9.76616e+04 1010098 0 9.8345e-01
+6.84956e+04 -9.76571e+04 1010099 0 9.2238e-01
+6.97925e+04 -9.76528e+04 1010100 0 8.6295e-01
+7.10857e+04 -9.76487e+04 1010101 0 8.0506e-01
+7.23754e+04 -9.76448e+04 1010102 0 7.4862e-01
+7.36617e+04 -9.76412e+04 1010103 0 6.9353e-01
+7.49450e+04 -9.76378e+04 1010104 0 6.3974e-01
+7.62254e+04 -9.76346e+04 1010105 0 5.8697e-01
+7.75031e+04 -9.76316e+04 1010106 0 5.3558e-01
+7.87783e+04 -9.76289e+04 1010107 0 4.8513e-01
+8.00513e+04 -9.76264e+04 1010108 0 4.3594e-01
+8.13221e+04 -9.76242e+04 1010109 0 3.8766e-01
+8.25911e+04 -9.76221e+04 1010110 0 3.4047e-01
+8.38585e+04 -9.76203e+04 1010111 0 2.9452e-01
+8.51244e+04 -9.76187e+04 1010112 0 2.4982e-01
+8.63890e+04 -9.76173e+04 1010113 0 2.0686e-01
+8.76527e+04 -9.76163e+04 1010114 0 1.6648e-01
+8.89155e+04 -9.76155e+04 1010115 0 1.3052e-01
+9.01777e+04 -9.76150e+04 1010116 0 1.0324e-01
+4.76900e+04 -8.21443e+04 3010010 1 7.0446e-01
+4.82958e+04 -7.80577e+04 3010164 1 6.7932e-01
+4.74365e+04 -9.67451e+04 1010124 0 1.8547e+00
+4.89151e+04 -9.67377e+04 1010125 0 1.7737e+00
+5.03863e+04 -9.67289e+04 1010126 0 1.6941e+00
+5.18496e+04 -9.67192e+04 1010127 0 1.6158e+00
+5.33047e+04 -9.67087e+04 1010128 0 1.5392e+00
+5.47513e+04 -9.66978e+04 1010129 0 1.4646e+00
+5.61893e+04 -9.66865e+04 1010130 0 1.3919e+00
+5.76189e+04 -9.66751e+04 1010131 0 1.3209e+00
+5.90401e+04 -9.66637e+04 1010132 0 1.2519e+00
+6.04530e+04 -9.66525e+04 1010133 0 1.1849e+00
+6.18580e+04 -9.66414e+04 1010134 0 1.1199e+00
+6.32554e+04 -9.66306e+04 1010135 0 1.0568e+00
+6.46455e+04 -9.66202e+04 1010136 0 9.9557e-01
+6.60286e+04 -9.66101e+04 1010137 0 9.3612e-01
+6.74049e+04 -9.66005e+04 1010138 0 8.7809e-01
+6.87749e+04 -9.65914e+04 1010139 0 8.2205e-01
+7.01391e+04 -9.65827e+04 1010140 0 7.6727e-01
+7.14978e+04 -9.65744e+04 1010141 0 7.1425e-01
+7.28512e+04 -9.65667e+04 1010142 0 6.6242e-01
+7.41997e+04 -9.65595e+04 1010143 0 6.1198e-01
+7.55437e+04 -9.65528e+04 1010144 0 5.6309e-01
+7.68836e+04 -9.65465e+04 1010145 0 5.1526e-01
+7.82197e+04 -9.65408e+04 1010146 0 4.6868e-01
+7.95523e+04 -9.65355e+04 1010147 0 4.2336e-01
+8.08817e+04 -9.65307e+04 1010148 0 3.7946e-01
+8.22082e+04 -9.65263e+04 1010149 0 3.3683e-01
+8.35321e+04 -9.65225e+04 1010150 0 2.9582e-01
+8.48537e+04 -9.65192e+04 1010151 0 2.5677e-01
+8.61735e+04 -9.65164e+04 1010152 0 2.2030e-01
+8.74917e+04 -9.65141e+04 1010153 0 1.8750e-01
+8.88087e+04 -9.65124e+04 1010154 0 1.6026e-01
+9.01248e+04 -9.65114e+04 1010155 0 1.4155e-01
+4.92051e+04 -8.20561e+04 3010011 1 6.8535e-01
+5.22830e+04 -7.78799e+04 3010167 1 6.3637e-01
+4.83192e+04 -9.58121e+04 1010165 0 1.5802e+00
+4.98863e+04 -9.57976e+04 1010166 0 1.5078e+00
+5.14423e+04 -9.57814e+04 1010167 0 1.4365e+00
+5.29870e+04 -9.57639e+04 1010168 0 1.3670e+00
+5.45201e+04 -9.57457e+04 1010169 0 1.2992e+00
+5.60415e+04 -9.57270e+04 1010170 0 1.2333e+00
+5.75515e+04 -9.57082e+04 1010171 0 1.1694e+00
+5.90502e+04 -9.56894e+04 1010172 0 1.1072e+00
+6.05378e+04 -9.56708e+04 1010173 0 1.0466e+00
+6.20149e+04 -9.56527e+04 1010174 0 9.8826e-01
+6.34820e+04 -9.56350e+04 1010175 0 9.3133e-01
+6.49393e+04 -9.56180e+04 1010176 0 8.7616e-01
+6.63874e+04 -9.56017e+04 1010177 0 8.2302e-01
+6.78268e+04 -9.55861e+04 1010178 0 7.7120e-01
+6.92582e+04 -9.55713e+04 1010179 0 7.2096e-01
+7.06818e+04 -9.55573e+04 1010180 0 6.7249e-01
+7.20982e+04 -9.55442e+04 1010181 0 6.2525e-01
+7.35081e+04 -9.55319e+04 1010182 0 5.7943e-01
+7.49118e+04 -9.55204e+04 1010183 0 5.3500e-01
+7.63099e+04 -9.55098e+04 1010184 0 4.9195e-01
+7.77026e+04 -9.55000e+04 1010185 0 4.5043e-01
+7.90906e+04 -9.54911e+04 1010186 0 4.1021e-01
+8.04743e+04 -9.54829e+04 1010187 0 3.7149e-01
+8.18542e+04 -9.54756e+04 1010188 0 3.3445e-01
+8.32306e+04 -9.54691e+04 1010189 0 2.9937e-01
+8.46039e+04 -9.54634e+04 1010190 0 2.6671e-01
+8.59746e+04 -9.54587e+04 1010191 0 2.3713e-01
+8.73432e+04 -9.54548e+04 1010192 0 2.1158e-01
+8.87102e+04 -9.54520e+04 1010193 0 1.9141e-01
+9.00760e+04 -9.54503e+04 1010194 0 1.7830e-01
+5.07278e+04 -8.19556e+04 3010012 1 6.6543e-01
+4.70599e+04 -8.12129e+04 3010048 1 7.0962e-01
+4.85169e+04 -8.11412e+04 3010049 1 6.9222e-01
+4.79232e+04 -8.01766e+04 3010087 1 6.9584e-01
+4.74195e+04 -7.91588e+04 3010125 1 6.9537e-01
+5.36383e+04 -7.77956e+04 3010168 1 6.1999e-01
+4.96098e+04 -7.80130e+04 3010165 1 6.6627e-01
+5.09396e+04 -7.79531e+04 3010166 1 6.5186e-01
+4.80594e+04 -9.49355e+04 1010205 0 1.3781e+00
+4.97112e+04 -9.49138e+04 1010206 0 1.3141e+00
+5.13489e+04 -9.48896e+04 1010207 0 1.2516e+00
+5.29721e+04 -9.48638e+04 1010208 0 1.1902e+00
+5.45807e+04 -9.48370e+04 1010209 0 1.1309e+00
+5.61746e+04 -9.48096e+04 1010210 0 1.0728e+00
+5.77543e+04 -9.47820e+04 1010211 0 1.0169e+00
+5.93199e+04 -9.47547e+04 1010212 0 9.6233e-01
+6.08720e+04 -9.47278e+04 1010213 0 9.0982e-01
+6.24112e+04 -9.47015e+04 1010214 0 8.5863e-01
+6.39381e+04 -9.46762e+04 1010215 0 8.0908e-01
+6.54531e+04 -9.46518e+04 1010216 0 7.6149e-01
+6.69572e+04 -9.46285e+04 1010217 0 7.1514e-01
+6.84509e+04 -9.46063e+04 1010218 0 6.7030e-01
+6.99348e+04 -9.45853e+04 1010219 0 6.2700e-01
+7.14096e+04 -9.45656e+04 1010220 0 5.8515e-01
+7.28761e+04 -9.45471e+04 1010221 0 5.4472e-01
+7.43346e+04 -9.45300e+04 1010222 0 5.0574e-01
+7.57860e+04 -9.45140e+04 1010223 0 4.6837e-01
+7.72309e+04 -9.44994e+04 1010224 0 4.3228e-01
+7.86698e+04 -9.44859e+04 1010225 0 3.9773e-01
+8.01031e+04 -9.44738e+04 1010226 0 3.6487e-01
+8.15317e+04 -9.44628e+04 1010227 0 3.3387e-01
+8.29560e+04 -9.44531e+04 1010228 0 3.0499e-01
+8.43765e+04 -9.44446e+04 1010229 0 2.7862e-01
+8.57937e+04 -9.44375e+04 1010230 0 2.5535e-01
+8.72081e+04 -9.44318e+04 1010231 0 2.3589e-01
+8.86206e+04 -9.44275e+04 1010232 0 2.2103e-01
+9.00317e+04 -9.44249e+04 1010233 0 2.1167e-01
+7.95731e+04 -7.98307e+04 3010031 1 3.1310e-01
+5.29467e+04 -8.08493e+04 3010052 1 6.3499e-01
+4.99851e+04 -8.10550e+04 3010050 1 6.7389e-01
+5.14624e+04 -8.09570e+04 3010051 1 6.5474e-01
+4.93349e+04 -8.01077e+04 3010088 1 6.7966e-01
+5.01430e+04 -7.90447e+04 3010127 1 6.6613e-01
+4.87736e+04 -7.91096e+04 3010126 1 6.8136e-01
+5.15255e+04 -7.89662e+04 3010128 1 6.4980e-01
+8.05512e+04 -7.37966e+04 3010265 1 2.5424e-01
+4.81416e+04 -9.40961e+04 1010245 0 1.2014e+00
+4.98637e+04 -9.40653e+04 1010246 0 1.1431e+00
+5.15690e+04 -9.40314e+04 1010247 0 1.0858e+00
+5.32570e+04 -9.39956e+04 1010248 0 1.0308e+00
+5.49278e+04 -9.39587e+04 1010249 0 9.7707e-01
+5.65815e+04 -9.39213e+04 1010250 0 9.2536e-01
+5.82185e+04 -9.38840e+04 1010251 0 8.7582e-01
+5.98393e+04 -9.38472e+04 1010252 0 8.2792e-01
+6.14446e+04 -9.38112e+04 1010253 0 7.8191e-01
+6.30350e+04 -9.37763e+04 1010254 0 7.3784e-01
+6.46113e+04 -9.37427e+04 1010255 0 6.9577e-01
+6.61743e+04 -9.37106e+04 1010256 0 6.5592e-01
+6.77246e+04 -9.36800e+04 1010257 0 6.1727e-01
+6.92633e+04 -9.36511e+04 1010258 0 5.8004e-01
+7.07910e+04 -9.36238e+04 1010259 0 5.4418e-01
+7.23085e+04 -9.35983e+04 1010260 0 5.0978e-01
+7.38168e+04 -9.35745e+04 1010261 0 4.7677e-01
+7.53164e+04 -9.35525e+04 1010262 0 4.4518e-01
+7.68080e+04 -9.35323e+04 1010263 0 4.1512e-01
+7.82926e+04 -9.35137e+04 1010264 0 3.8661e-01
+7.97708e+04 -9.34969e+04 1010265 0 3.5975e-01
+8.12430e+04 -9.34818e+04 1010266 0 3.3475e-01
+8.27102e+04 -9.34684e+04 1010267 0 3.1184e-01
+8.41730e+04 -9.34567e+04 1010268 0 2.9125e-01
+8.56319e+04 -9.34468e+04 1010269 0 2.7338e-01
+8.70875e+04 -9.34390e+04 1010270 0 2.5880e-01
+8.85406e+04 -9.34331e+04 1010271 0 2.4791e-01
+8.99921e+04 -9.34294e+04 1010272 0 2.4117e-01
+8.10616e+04 -7.97673e+04 3010032 1 3.0150e-01
+5.22560e+04 -8.18451e+04 3010013 1 6.4502e-01
+5.74258e+04 -8.04881e+04 3010055 1 5.7380e-01
+5.44364e+04 -8.07340e+04 3010053 1 6.1482e-01
+5.59298e+04 -8.06131e+04 3010054 1 5.9432e-01
+5.21934e+04 -7.99304e+04 3010090 1 6.4419e-01
+5.07590e+04 -8.00248e+04 3010089 1 6.6247e-01
+5.36361e+04 -7.98265e+04 3010091 1 6.2507e-01
+7.64713e+04 -7.40059e+04 3010262 1 3.0380e-01
+4.85631e+04 -9.32815e+04 1010285 0 1.0280e+00
+5.03399e+04 -9.32401e+04 1010286 0 9.7833e-01
+5.20974e+04 -9.31954e+04 1010287 0 9.3033e-01
+5.38352e+04 -9.31487e+04 1010288 0 8.8400e-01
+5.55537e+04 -9.31009e+04 1010289 0 8.3900e-01
+5.72529e+04 -9.30529e+04 1010290 0 7.9551e-01
+5.89337e+04 -9.30052e+04 1010291 0 7.5374e-01
+6.05967e+04 -9.29584e+04 1010292 0 7.1352e-01
+6.22426e+04 -9.29129e+04 1010293 0 6.7499e-01
+6.38724e+04 -9.28689e+04 1010294 0 6.3806e-01
+6.54869e+04 -9.28268e+04 1010295 0 6.0300e-01
+6.70871e+04 -9.27867e+04 1010296 0 5.6926e-01
+6.86737e+04 -9.27487e+04 1010297 0 5.3707e-01
+7.02479e+04 -9.27130e+04 1010298 0 5.0648e-01
+7.18104e+04 -9.26795e+04 1010299 0 4.7744e-01
+7.33621e+04 -9.26484e+04 1010300 0 4.4995e-01
+7.49041e+04 -9.26195e+04 1010301 0 4.2401e-01
+7.64371e+04 -9.25930e+04 1010302 0 3.9965e-01
+7.79617e+04 -9.25688e+04 1010303 0 3.7693e-01
+7.94792e+04 -9.25469e+04 1010304 0 3.5587e-01
+8.09900e+04 -9.25272e+04 1010305 0 3.3653e-01
+8.24948e+04 -9.25098e+04 1010306 0 3.1913e-01
+8.39947e+04 -9.24945e+04 1010307 0 3.0367e-01
+8.54902e+04 -9.24816e+04 1010308 0 2.9023e-01
+8.69818e+04 -9.24713e+04 1010309 0 2.7938e-01
+8.84706e+04 -9.24636e+04 1010310 0 2.7141e-01
+8.99575e+04 -9.24588e+04 1010311 0 2.6652e-01
+8.25479e+04 -7.97116e+04 3010033 1 2.9138e-01
+5.37878e+04 -8.17269e+04 3010014 1 6.2425e-01
+6.04209e+04 -8.02321e+04 3010057 1 5.3261e-01
+5.89231e+04 -8.03606e+04 3010056 1 5.5320e-01
+5.65401e+04 -7.95980e+04 3010093 1 5.8557e-01
+5.50855e+04 -7.97151e+04 3010092 1 6.0551e-01
+5.43224e+04 -7.87773e+04 3010130 1 6.1473e-01
+5.29192e+04 -7.88764e+04 3010129 1 6.3257e-01
+7.91908e+04 -7.38602e+04 3010264 1 2.7010e-01
+4.74637e+04 -9.25252e+04 1010324 0 9.0377e-01
+4.93007e+04 -9.24768e+04 1010325 0 8.6228e-01
+5.11167e+04 -9.24236e+04 1010326 0 8.2307e-01
+5.29112e+04 -9.23673e+04 1010327 0 7.8513e-01
+5.46844e+04 -9.23092e+04 1010328 0 7.4857e-01
+5.64364e+04 -9.22504e+04 1010329 0 7.1301e-01
+5.81679e+04 -9.21917e+04 1010330 0 6.7873e-01
+5.98796e+04 -9.21339e+04 1010331 0 6.4577e-01
+6.15724e+04 -9.20775e+04 1010332 0 6.1414e-01
+6.32473e+04 -9.20229e+04 1010333 0 5.8387e-01
+6.49053e+04 -9.19705e+04 1010334 0 5.5494e-01
+6.65472e+04 -9.19205e+04 1010335 0 5.2732e-01
+6.81744e+04 -9.18730e+04 1010336 0 5.0105e-01
+6.97876e+04 -9.18283e+04 1010337 0 4.7610e-01
+7.13880e+04 -9.17864e+04 1010338 0 4.5256e-01
+7.29766e+04 -9.17474e+04 1010339 0 4.3023e-01
+7.45542e+04 -9.17113e+04 1010340 0 4.0923e-01
+7.61219e+04 -9.16780e+04 1010341 0 3.8958e-01
+7.76806e+04 -9.16477e+04 1010342 0 3.7125e-01
+7.92312e+04 -9.16202e+04 1010343 0 3.5438e-01
+8.07746e+04 -9.15955e+04 1010344 0 3.3895e-01
+8.23116e+04 -9.15737e+04 1010345 0 3.2505e-01
+8.38430e+04 -9.15547e+04 1010346 0 3.1284e-01
+8.53696e+04 -9.15384e+04 1010347 0 3.0234e-01
+8.68920e+04 -9.15253e+04 1010348 0 2.9388e-01
+8.84111e+04 -9.15156e+04 1010349 0 2.8773e-01
+8.99280e+04 -9.15095e+04 1010350 0 2.8395e-01
+8.40325e+04 -7.96636e+04 3010034 1 2.8262e-01
+5.53218e+04 -8.16030e+04 3010015 1 6.0327e-01
+6.34149e+04 -7.99764e+04 3010059 1 4.9204e-01
+6.19184e+04 -8.01037e+04 3010058 1 5.1223e-01
+6.09231e+04 -7.92277e+04 3010096 1 5.2501e-01
+5.94600e+04 -7.93529e+04 3010095 1 5.4517e-01
+5.79987e+04 -7.94767e+04 3010094 1 5.6542e-01
+5.85733e+04 -7.84414e+04 3010133 1 5.5684e-01
+5.71508e+04 -7.85581e+04 3010132 1 5.7646e-01
+5.57334e+04 -7.86706e+04 3010131 1 5.9585e-01
+5.50039e+04 -7.77020e+04 3010169 1 6.0285e-01
+4.78948e+04 -7.69491e+04 3010202 1 6.7316e-01
+4.84688e+04 -9.17334e+04 1010364 0 7.6240e-01
+5.03297e+04 -9.16717e+04 1010365 0 7.2946e-01
+5.21681e+04 -9.16057e+04 1010366 0 6.9761e-01
+5.39839e+04 -9.15371e+04 1010367 0 6.6700e-01
+5.57775e+04 -9.14673e+04 1010368 0 6.3751e-01
+5.75492e+04 -9.13975e+04 1010369 0 6.0939e-01
+5.92999e+04 -9.13285e+04 1010370 0 5.8268e-01
+6.10303e+04 -9.12611e+04 1010371 0 5.5713e-01
+6.27415e+04 -9.11958e+04 1010372 0 5.3353e-01
+6.44344e+04 -9.11330e+04 1010373 0 5.1115e-01
+6.61102e+04 -9.10730e+04 1010374 0 4.8970e-01
+6.77699e+04 -9.10160e+04 1010375 0 4.6931e-01
+6.94147e+04 -9.09622e+04 1010376 0 4.4989e-01
+7.10456e+04 -9.09118e+04 1010377 0 4.3146e-01
+7.26638e+04 -9.08648e+04 1010378 0 4.1407e-01
+7.42703e+04 -9.08212e+04 1010379 0 3.9767e-01
+7.58660e+04 -9.07812e+04 1010380 0 3.8237e-01
+7.74523e+04 -9.07446e+04 1010381 0 3.6808e-01
+7.90297e+04 -9.07115e+04 1010382 0 3.5492e-01
+8.05995e+04 -9.06818e+04 1010383 0 3.4288e-01
+8.21625e+04 -9.06555e+04 1010384 0 3.3200e-01
+8.37195e+04 -9.06326e+04 1010385 0 3.2244e-01
+8.52715e+04 -9.06130e+04 1010386 0 3.1421e-01
+8.68191e+04 -9.05971e+04 1010387 0 3.0742e-01
+8.83629e+04 -9.05852e+04 1010388 0 3.0250e-01
+8.99042e+04 -9.05776e+04 1010389 0 2.9945e-01
+8.55158e+04 -7.96237e+04 3010035 1 2.7521e-01
+5.68567e+04 -8.14752e+04 3010016 1 5.8218e-01
+6.78933e+04 -7.96109e+04 3010062 1 4.3283e-01
+6.64027e+04 -7.97292e+04 3010061 1 4.5199e-01
+6.38518e+04 -7.89779e+04 3010098 1 4.8481e-01
+6.23873e+04 -7.91023e+04 3010097 1 5.0486e-01
+7.78308e+04 -7.39300e+04 3010263 1 2.8658e-01
+4.78590e+04 -9.10012e+04 1010403 0 6.6858e-01
+4.97508e+04 -9.09315e+04 1010404 0 6.4491e-01
+5.16196e+04 -9.08562e+04 1010405 0 6.2185e-01
+5.34653e+04 -9.07775e+04 1010406 0 5.9935e-01
+5.52878e+04 -9.06971e+04 1010407 0 5.7738e-01
+5.70878e+04 -9.06163e+04 1010408 0 5.5595e-01
+5.88660e+04 -9.05362e+04 1010409 0 5.3539e-01
+6.06232e+04 -9.04577e+04 1010410 0 5.1552e-01
+6.23604e+04 -9.03815e+04 1010411 0 4.9665e-01
+6.40787e+04 -9.03081e+04 1010412 0 4.7847e-01
+6.57792e+04 -9.02379e+04 1010413 0 4.6133e-01
+6.74630e+04 -9.01713e+04 1010414 0 4.4505e-01
+6.91313e+04 -9.01084e+04 1010415 0 4.2973e-01
+7.07851e+04 -9.00495e+04 1010416 0 4.1527e-01
+7.24256e+04 -8.99945e+04 1010417 0 4.0179e-01
+7.40539e+04 -8.99436e+04 1010418 0 3.8910e-01
+7.56708e+04 -8.98967e+04 1010419 0 3.7722e-01
+7.72778e+04 -8.98540e+04 1010420 0 3.6615e-01
+7.88756e+04 -8.98153e+04 1010421 0 3.5587e-01
+8.04655e+04 -8.97806e+04 1010422 0 3.4653e-01
+8.20484e+04 -8.97499e+04 1010423 0 3.3804e-01
+8.36250e+04 -8.97232e+04 1010424 0 3.3060e-01
+8.51964e+04 -8.97004e+04 1010425 0 3.2415e-01
+8.67633e+04 -8.96815e+04 1010426 0 3.1865e-01
+8.83261e+04 -8.96674e+04 1010427 0 3.1459e-01
+8.98860e+04 -8.96583e+04 1010428 0 3.1203e-01
+8.69981e+04 -7.95923e+04 3010036 1 2.6950e-01
+5.83913e+04 -8.13451e+04 3010017 1 5.6106e-01
+7.23496e+04 -7.92844e+04 3010065 1 3.7857e-01
+7.08669e+04 -7.93879e+04 3010064 1 3.9589e-01
+6.93814e+04 -7.94969e+04 3010063 1 4.1410e-01
+6.49098e+04 -7.98513e+04 3010060 1 4.7177e-01
+6.67797e+04 -7.87356e+04 3010100 1 4.4573e-01
+6.57284e+04 -7.78391e+04 3010138 1 4.5773e-01
+6.28611e+04 -7.80792e+04 3010136 1 4.9707e-01
+6.14294e+04 -7.82007e+04 3010135 1 5.1706e-01
+5.99998e+04 -7.83218e+04 3010134 1 5.3698e-01
+5.63782e+04 -7.76009e+04 3010170 1 5.8509e-01
+4.91538e+04 -7.69270e+04 3010203 1 6.6245e-01
+4.74767e+04 -9.02714e+04 1010442 0 6.0575e-01
+4.93847e+04 -9.01937e+04 1010443 0 5.8794e-01
+5.12701e+04 -9.01095e+04 1010444 0 5.7020e-01
+5.31325e+04 -9.00211e+04 1010445 0 5.5260e-01
+5.49719e+04 -8.99306e+04 1010446 0 5.3632e-01
+5.67885e+04 -8.98394e+04 1010447 0 5.2054e-01
+5.85830e+04 -8.97489e+04 1010448 0 5.0493e-01
+6.03563e+04 -8.96600e+04 1010449 0 4.8955e-01
+6.21093e+04 -8.95736e+04 1010450 0 4.7460e-01
+6.38432e+04 -8.94902e+04 1010451 0 4.6004e-01
+6.55589e+04 -8.94103e+04 1010452 0 4.4602e-01
+6.72578e+04 -8.93344e+04 1010453 0 4.3256e-01
+6.89408e+04 -8.92627e+04 1010454 0 4.1971e-01
+7.06093e+04 -8.91953e+04 1010455 0 4.0745e-01
+7.22641e+04 -8.91324e+04 1010456 0 3.9585e-01
+7.39065e+04 -8.90741e+04 1010457 0 3.8499e-01
+7.55374e+04 -8.90205e+04 1010458 0 3.7485e-01
+7.71582e+04 -8.89716e+04 1010459 0 3.6551e-01
+7.87698e+04 -8.89273e+04 1010460 0 3.5695e-01
+8.03732e+04 -8.88878e+04 1010461 0 3.4925e-01
+8.19695e+04 -8.88528e+04 1010462 0 3.4234e-01
+8.35595e+04 -8.88224e+04 1010463 0 3.3642e-01
+8.51444e+04 -8.87963e+04 1010464 0 3.3138e-01
+8.67247e+04 -8.87747e+04 1010465 0 3.2686e-01
+8.83007e+04 -8.87582e+04 1010466 0 3.2340e-01
+8.98735e+04 -8.87474e+04 1010467 0 3.2113e-01
+8.84799e+04 -7.95695e+04 3010037 1 2.6553e-01
+5.99248e+04 -8.12140e+04 3010018 1 5.4013e-01
+7.53071e+04 -7.90955e+04 3010067 1 3.4593e-01
+7.38297e+04 -7.91868e+04 3010066 1 3.6188e-01
+7.11627e+04 -7.83997e+04 3010103 1 3.8893e-01
+6.82423e+04 -7.86192e+04 3010101 1 4.2624e-01
+6.53161e+04 -7.88554e+04 3010099 1 4.6511e-01
+6.42943e+04 -7.79584e+04 3010137 1 4.7734e-01
+7.51123e+04 -7.40873e+04 3010261 1 3.2164e-01
+4.73294e+04 -8.95369e+04 1010481 0 5.8619e-01
+4.92382e+04 -8.94514e+04 1010482 0 5.7246e-01
+5.11253e+04 -8.93584e+04 1010483 0 5.5819e-01
+5.29901e+04 -8.92607e+04 1010484 0 5.4344e-01
+5.48326e+04 -8.91605e+04 1010485 0 5.2846e-01
+5.66532e+04 -8.90595e+04 1010486 0 5.1355e-01
+5.84523e+04 -8.89592e+04 1010487 0 4.9863e-01
+6.02308e+04 -8.88606e+04 1010488 0 4.8394e-01
+6.19894e+04 -8.87646e+04 1010489 0 4.6976e-01
+6.37292e+04 -8.86720e+04 1010490 0 4.5650e-01
+6.54509e+04 -8.85832e+04 1010491 0 4.4365e-01
+6.71559e+04 -8.84987e+04 1010492 0 4.3121e-01
+6.88452e+04 -8.84189e+04 1010493 0 4.1920e-01
+7.05201e+04 -8.83437e+04 1010494 0 4.0769e-01
+7.21813e+04 -8.82736e+04 1010495 0 3.9668e-01
+7.38302e+04 -8.82084e+04 1010496 0 3.8629e-01
+7.54678e+04 -8.81485e+04 1010497 0 3.7651e-01
+7.70952e+04 -8.80939e+04 1010498 0 3.6753e-01
+7.87134e+04 -8.80445e+04 1010499 0 3.5923e-01
+8.03236e+04 -8.80003e+04 1010500 0 3.5175e-01
+8.19267e+04 -8.79611e+04 1010501 0 3.4504e-01
+8.35236e+04 -8.79272e+04 1010502 0 3.3929e-01
+8.51157e+04 -8.78983e+04 1010503 0 3.3459e-01
+8.67035e+04 -8.78739e+04 1010504 0 3.3014e-01
+8.82867e+04 -8.78549e+04 1010505 0 3.2653e-01
+8.98666e+04 -8.78424e+04 1010506 0 3.2417e-01
+8.99616e+04 -7.95553e+04 3010038 1 2.6310e-01
+7.67820e+04 -7.90108e+04 3010068 1 3.3094e-01
+7.40763e+04 -7.82011e+04 3010105 1 3.5413e-01
+7.55304e+04 -7.81109e+04 3010106 1 3.3770e-01
+6.97033e+04 -7.85071e+04 3010102 1 4.0718e-01
+6.85974e+04 -7.76087e+04 3010140 1 4.1913e-01
+7.00315e+04 -7.74990e+04 3010141 1 4.0050e-01
+7.31796e+04 -7.62719e+04 3010182 1 3.5601e-01
+5.91479e+04 -7.73823e+04 3010172 1 5.4765e-01
+5.04305e+04 -7.68878e+04 3010204 1 6.5030e-01
+4.87679e+04 -7.57843e+04 3010241 1 6.5489e-01
+4.74138e+04 -8.87896e+04 1010520 0 6.0488e-01
+4.93092e+04 -8.86962e+04 1010521 0 5.9082e-01
+5.11844e+04 -8.85950e+04 1010522 0 5.7660e-01
+5.30386e+04 -8.84888e+04 1010523 0 5.6176e-01
+5.48718e+04 -8.83799e+04 1010524 0 5.4614e-01
+5.66842e+04 -8.82701e+04 1010525 0 5.3064e-01
+5.84762e+04 -8.81609e+04 1010526 0 5.1491e-01
+6.02485e+04 -8.80536e+04 1010527 0 4.9945e-01
+6.20019e+04 -8.79490e+04 1010528 0 4.8417e-01
+6.37373e+04 -8.78478e+04 1010529 0 4.6918e-01
+6.54554e+04 -8.77509e+04 1010530 0 4.5472e-01
+6.71576e+04 -8.76586e+04 1010531 0 4.4080e-01
+6.88446e+04 -8.75714e+04 1010532 0 4.2754e-01
+7.05177e+04 -8.74893e+04 1010533 0 4.1493e-01
+7.21776e+04 -8.74125e+04 1010534 0 4.0301e-01
+7.38255e+04 -8.73412e+04 1010535 0 3.9180e-01
+7.54623e+04 -8.72757e+04 1010536 0 3.8122e-01
+7.70892e+04 -8.72159e+04 1010537 0 3.7145e-01
+7.87072e+04 -8.71618e+04 1010538 0 3.6244e-01
+8.03173e+04 -8.71135e+04 1010539 0 3.5436e-01
+8.19206e+04 -8.70707e+04 1010540 0 3.4715e-01
+8.35177e+04 -8.70336e+04 1010541 0 3.4079e-01
+8.51104e+04 -8.70024e+04 1010542 0 3.3602e-01
+8.66992e+04 -8.69754e+04 1010543 0 3.3144e-01
+8.82837e+04 -8.69541e+04 1010544 0 3.2767e-01
+8.98650e+04 -8.69401e+04 1010545 0 3.2523e-01
+6.14563e+04 -8.10833e+04 3010019 1 5.1907e-01
+7.82545e+04 -7.89331e+04 3010069 1 3.1689e-01
+7.69827e+04 -7.80271e+04 3010107 1 3.2230e-01
+7.84333e+04 -7.79501e+04 3010108 1 3.0763e-01
+7.26204e+04 -7.82976e+04 3010104 1 3.7123e-01
+7.71890e+04 -7.70277e+04 3010146 1 3.1352e-01
+7.14650e+04 -7.73937e+04 3010142 1 3.8188e-01
+6.71630e+04 -7.77223e+04 3010139 1 4.3832e-01
+7.28976e+04 -7.72935e+04 3010143 1 3.6381e-01
+5.77600e+04 -7.74938e+04 3010171 1 5.6681e-01
+4.77237e+04 -8.80221e+04 1010559 0 6.5337e-01
+4.95907e+04 -8.79209e+04 1010560 0 6.3616e-01
+5.14397e+04 -8.78120e+04 1010561 0 6.1755e-01
+5.32702e+04 -8.76980e+04 1010562 0 5.9898e-01
+5.50817e+04 -8.75815e+04 1010563 0 5.7990e-01
+5.68746e+04 -8.74641e+04 1010564 0 5.6121e-01
+5.86485e+04 -8.73474e+04 1010565 0 5.4325e-01
+6.04043e+04 -8.72326e+04 1010566 0 5.2530e-01
+6.21425e+04 -8.71208e+04 1010567 0 5.0768e-01
+6.38638e+04 -8.70125e+04 1010568 0 4.9036e-01
+6.55692e+04 -8.69087e+04 1010569 0 4.7346e-01
+6.72595e+04 -8.68098e+04 1010570 0 4.5710e-01
+6.89357e+04 -8.67161e+04 1010571 0 4.4156e-01
+7.05988e+04 -8.66278e+04 1010572 0 4.2661e-01
+7.22494e+04 -8.65452e+04 1010573 0 4.1243e-01
+7.38888e+04 -8.64685e+04 1010574 0 3.9912e-01
+7.55178e+04 -8.63980e+04 1010575 0 3.8674e-01
+7.71374e+04 -8.63336e+04 1010576 0 3.7538e-01
+7.87485e+04 -8.62755e+04 1010577 0 3.6503e-01
+8.03521e+04 -8.62234e+04 1010578 0 3.5578e-01
+8.19492e+04 -8.61775e+04 1010579 0 3.4763e-01
+8.35405e+04 -8.61375e+04 1010580 0 3.4038e-01
+8.51273e+04 -8.61046e+04 1010581 0 3.3474e-01
+8.67105e+04 -8.60755e+04 1010582 0 3.3002e-01
+8.82903e+04 -8.60523e+04 1010583 0 3.2646e-01
+8.98680e+04 -8.60372e+04 1010584 0 3.2422e-01
+6.29851e+04 -8.09540e+04 3010020 1 4.9839e-01
+8.41255e+04 -7.86961e+04 3010073 1 2.7175e-01
+8.11933e+04 -7.87993e+04 3010071 1 2.9167e-01
+7.97249e+04 -7.88625e+04 3010070 1 3.0372e-01
+7.98824e+04 -7.78802e+04 3010109 1 2.9386e-01
+8.27765e+04 -7.77628e+04 3010111 1 2.7018e-01
+7.57596e+04 -7.71101e+04 3010145 1 3.2953e-01
+6.05407e+04 -7.72677e+04 3010173 1 5.2817e-01
+5.30299e+04 -7.67667e+04 3010206 1 6.2223e-01
+5.32455e+04 -7.45157e+04 3010283 1 6.0567e-01
+4.72922e+04 -7.45542e+04 3010278 1 6.4914e-01
+4.82284e+04 -8.72276e+04 1010598 0 6.9655e-01
+5.00539e+04 -8.71195e+04 1010599 0 6.7509e-01
+5.18643e+04 -8.70039e+04 1010600 0 6.5327e-01
+5.36586e+04 -8.68836e+04 1010601 1 6.3105e-01
+5.54367e+04 -8.67608e+04 1010602 1 6.0896e-01
+5.71983e+04 -8.66373e+04 1010603 1 5.8685e-01
+5.89436e+04 -8.65145e+04 1010604 1 5.6505e-01
+6.06731e+04 -8.63939e+04 1010605 1 5.4360e-01
+6.23871e+04 -8.62762e+04 1010606 1 5.2282e-01
+6.40862e+04 -8.61623e+04 1010607 1 5.0302e-01
+6.57709e+04 -8.60530e+04 1010608 1 4.8421e-01
+6.74420e+04 -8.59488e+04 1010609 1 4.6591e-01
+6.91002e+04 -8.58499e+04 1010610 1 4.4858e-01
+7.07464e+04 -8.57567e+04 1010611 1 4.3195e-01
+7.23813e+04 -8.56695e+04 1010612 1 4.1633e-01
+7.40061e+04 -8.55883e+04 1010613 1 4.0154e-01
+7.56213e+04 -8.55136e+04 1010614 1 3.8777e-01
+7.72279e+04 -8.54454e+04 1010615 1 3.7518e-01
+7.88267e+04 -8.53837e+04 1010616 1 3.6353e-01
+8.04185e+04 -8.53285e+04 1010617 1 3.5325e-01
+8.20044e+04 -8.52798e+04 1010618 1 3.4422e-01
+8.35851e+04 -8.52375e+04 1010619 1 3.3646e-01
+8.51613e+04 -8.52025e+04 1010620 1 3.2976e-01
+8.67340e+04 -8.51719e+04 1010621 1 3.2517e-01
+8.83049e+04 -8.51478e+04 1010622 1 3.2225e-01
+8.98749e+04 -8.51321e+04 1010623 1 3.2045e-01
+6.45109e+04 -8.08271e+04 3010021 1 4.7825e-01
+8.85945e+04 -7.66313e+04 3010154 1 2.2687e-01
+8.14710e+04 -7.68216e+04 3010149 1 2.7087e-01
+7.43291e+04 -7.71989e+04 3010144 1 3.4620e-01
+8.02107e+04 -7.58706e+04 3010187 1 2.7392e-01
+6.75509e+04 -7.66891e+04 3010178 1 4.3060e-01
+8.44239e+04 -7.57121e+04 3010190 1 2.3612e-01
+6.93212e+04 -7.55294e+04 3010218 1 4.0365e-01
+5.12343e+04 -7.57352e+04 3010243 1 6.3402e-01
+5.89668e+04 -7.52929e+04 3010249 1 5.4435e-01
+7.37541e+04 -7.41740e+04 3010260 1 3.3982e-01
+4.84447e+04 -7.45830e+04 3010279 1 6.4364e-01
+4.70659e+04 -8.65068e+04 1010636 1 7.3348e-01
+4.88513e+04 -8.64031e+04 1010637 1 7.0911e-01
+5.06264e+04 -8.62893e+04 1010638 1 6.8433e-01
+5.23900e+04 -8.61687e+04 1010639 1 6.5997e-01
+5.41407e+04 -8.60436e+04 1010640 1 6.3596e-01
+5.58781e+04 -8.59164e+04 1010641 1 6.1213e-01
+5.76019e+04 -8.57884e+04 1010642 1 5.8890e-01
+5.93123e+04 -8.56613e+04 1010643 1 5.6589e-01
+6.10092e+04 -8.55363e+04 1010644 1 5.4364e-01
+6.26930e+04 -8.54142e+04 1010645 1 5.2197e-01
+6.43642e+04 -8.52961e+04 1010646 1 5.0105e-01
+6.60232e+04 -8.51825e+04 1010647 1 4.8086e-01
+6.76704e+04 -8.50741e+04 1010648 1 4.6158e-01
+6.93066e+04 -8.49713e+04 1010649 1 4.4342e-01
+7.09321e+04 -8.48742e+04 1010650 1 4.2643e-01
+7.25478e+04 -8.47832e+04 1010651 1 4.1054e-01
+7.41544e+04 -8.46986e+04 1010652 1 3.9550e-01
+7.57525e+04 -8.46206e+04 1010653 1 3.8161e-01
+7.73430e+04 -8.45493e+04 1010654 1 3.6877e-01
+7.89265e+04 -8.44848e+04 1010655 1 3.5699e-01
+8.05037e+04 -8.44270e+04 1010656 1 3.4654e-01
+8.20756e+04 -8.43760e+04 1010657 1 3.3742e-01
+8.36429e+04 -8.43319e+04 1010658 1 3.2951e-01
+8.52061e+04 -8.42948e+04 1010659 1 3.2271e-01
+8.67664e+04 -8.42635e+04 1010660 1 3.1827e-01
+8.83257e+04 -8.42393e+04 1010661 1 3.1563e-01
+8.98850e+04 -8.42236e+04 1010662 1 3.1405e-01
+6.60334e+04 -8.07035e+04 3010022 1 4.5854e-01
+8.55899e+04 -7.86566e+04 3010074 1 2.6377e-01
+8.99799e+04 -7.85893e+04 3010077 1 2.5056e-01
+8.26601e+04 -7.87439e+04 3010072 1 2.8111e-01
+8.56668e+04 -7.76767e+04 3010113 1 2.5165e-01
+8.42220e+04 -7.77156e+04 3010112 1 2.6018e-01
+8.13300e+04 -7.78177e+04 3010110 1 2.8136e-01
+7.86173e+04 -7.69519e+04 3010147 1 2.9821e-01
+8.71704e+04 -7.66531e+04 3010153 1 2.3213e-01
+6.19377e+04 -7.71514e+04 3010174 1 5.0871e-01
+6.33379e+04 -7.70344e+04 3010175 1 4.8914e-01
+9.00384e+04 -7.56114e+04 3010194 1 2.0925e-01
+8.86349e+04 -7.56244e+04 3010193 1 2.1299e-01
+5.56789e+04 -7.66013e+04 3010208 1 5.9035e-01
+5.17232e+04 -7.68338e+04 3010205 1 6.3680e-01
+5.43490e+04 -7.66886e+04 3010207 1 6.0672e-01
+4.99923e+04 -7.57681e+04 3010242 1 6.4514e-01
+4.96180e+04 -7.45916e+04 3010280 1 6.3639e-01
+5.57381e+04 -7.43987e+04 3010285 1 5.7907e-01
+5.44854e+04 -7.44627e+04 3010284 1 5.9294e-01
+5.70025e+04 -7.43255e+04 3010286 1 5.6430e-01
+6.08529e+04 -7.40646e+04 3010289 1 5.1574e-01
+4.77889e+04 -8.56573e+04 1010675 1 7.2070e-01
+4.95176e+04 -8.55490e+04 1010676 1 6.9660e-01
+5.12396e+04 -8.54314e+04 1010677 1 6.7230e-01
+5.29535e+04 -8.53073e+04 1010678 1 6.4802e-01
+5.46584e+04 -8.51792e+04 1010679 1 6.2369e-01
+5.63533e+04 -8.50488e+04 1010680 1 5.9980e-01
+5.80379e+04 -8.49178e+04 1010681 1 5.7663e-01
+5.97117e+04 -8.47878e+04 1010682 1 5.5418e-01
+6.13747e+04 -8.46597e+04 1010683 1 5.3241e-01
+6.30268e+04 -8.45346e+04 1010684 1 5.1129e-01
+6.46685e+04 -8.44134e+04 1010685 1 4.9092e-01
+6.63000e+04 -8.42967e+04 1010686 1 4.7117e-01
+6.79215e+04 -8.41852e+04 1010687 1 4.5243e-01
+6.95337e+04 -8.40792e+04 1010688 1 4.3447e-01
+7.11368e+04 -8.39791e+04 1010689 1 4.1756e-01
+7.27316e+04 -8.38851e+04 1010690 1 4.0158e-01
+7.43186e+04 -8.37977e+04 1010691 1 3.8654e-01
+7.58983e+04 -8.37171e+04 1010692 1 3.7273e-01
+7.74713e+04 -8.36433e+04 1010693 1 3.5993e-01
+7.90380e+04 -8.35765e+04 1010694 1 3.4834e-01
+8.05994e+04 -8.35166e+04 1010695 1 3.3803e-01
+8.21561e+04 -8.34638e+04 1010696 1 3.2888e-01
+8.37087e+04 -8.34183e+04 1010697 1 3.2109e-01
+8.52579e+04 -8.33797e+04 1010698 1 3.1466e-01
+8.68049e+04 -8.33479e+04 1010699 1 3.1015e-01
+8.83512e+04 -8.33240e+04 1010700 1 3.0745e-01
+8.98976e+04 -8.33086e+04 1010701 1 3.0590e-01
+8.70535e+04 -7.86256e+04 3010075 1 2.5764e-01
+8.85550e+04 -7.76240e+04 3010115 1 2.4034e-01
+9.00184e+04 -7.66181e+04 3010155 1 2.2351e-01
+8.72314e+04 -7.56456e+04 3010192 1 2.1881e-01
+7.59935e+04 -7.60927e+04 3010184 1 3.2118e-01
+8.30199e+04 -7.57574e+04 3010189 1 2.4752e-01
+6.24463e+04 -7.60797e+04 3010213 1 4.9991e-01
+6.51886e+04 -7.58558e+04 3010215 1 4.6121e-01
+6.38158e+04 -7.59677e+04 3010214 1 4.8058e-01
+5.97204e+04 -7.62997e+04 3010211 1 5.3763e-01
+7.20833e+04 -7.53270e+04 3010220 1 3.6602e-01
+8.45282e+04 -7.46877e+04 3010229 1 2.2392e-01
+8.59108e+04 -7.46514e+04 3010230 1 2.1371e-01
+8.72935e+04 -7.46229e+04 3010231 1 2.0525e-01
+5.50494e+04 -7.55561e+04 3010246 1 5.9309e-01
+4.75630e+04 -7.57819e+04 3010240 1 6.6300e-01
+6.29534e+04 -7.49857e+04 3010252 1 4.9066e-01
+6.56369e+04 -7.47727e+04 3010254 1 4.5290e-01
+5.20200e+04 -7.45560e+04 3010282 1 6.1732e-01
+6.34574e+04 -7.38696e+04 3010291 1 4.8070e-01
+4.85208e+04 -8.47769e+04 1010714 1 7.0349e-01
+5.01954e+04 -8.46657e+04 1010715 1 6.8039e-01
+5.18664e+04 -8.45459e+04 1010716 1 6.5719e-01
+5.35325e+04 -8.44200e+04 1010717 1 6.3394e-01
+5.51924e+04 -8.42900e+04 1010718 1 6.1086e-01
+5.68453e+04 -8.41579e+04 1010719 1 5.8796e-01
+5.84906e+04 -8.40253e+04 1010720 1 5.6543e-01
+6.01279e+04 -8.38934e+04 1010721 1 5.4335e-01
+6.17570e+04 -8.37635e+04 1010722 1 5.2170e-01
+6.33776e+04 -8.36365e+04 1010723 1 5.0103e-01
+6.49897e+04 -8.35132e+04 1010724 1 4.8091e-01
+6.65933e+04 -8.33945e+04 1010725 1 4.6165e-01
+6.81888e+04 -8.32808e+04 1010726 1 4.4314e-01
+6.97763e+04 -8.31726e+04 1010727 1 4.2542e-01
+7.13563e+04 -8.30702e+04 1010728 1 4.0877e-01
+7.29293e+04 -8.29742e+04 1010729 1 3.9288e-01
+7.44955e+04 -8.28847e+04 1010730 1 3.7799e-01
+7.60556e+04 -8.28019e+04 1010731 1 3.6414e-01
+7.76099e+04 -8.27262e+04 1010732 1 3.5129e-01
+7.91590e+04 -8.26576e+04 1010733 1 3.3975e-01
+8.07036e+04 -8.25961e+04 1010734 1 3.2933e-01
+8.22440e+04 -8.25419e+04 1010735 1 3.2010e-01
+8.37810e+04 -8.24952e+04 1010736 1 3.1242e-01
+8.53154e+04 -8.24557e+04 1010737 1 3.0612e-01
+8.68480e+04 -8.24238e+04 1010738 1 3.0136e-01
+8.83799e+04 -8.24002e+04 1010739 1 2.9844e-01
+8.99119e+04 -8.23852e+04 1010740 1 2.9671e-01
+8.85168e+04 -7.86031e+04 3010076 1 2.5327e-01
+8.71110e+04 -7.76461e+04 3010114 1 2.4513e-01
+8.43217e+04 -7.67212e+04 3010151 1 2.4825e-01
+8.28967e+04 -7.67675e+04 3010150 1 2.5893e-01
+8.00446e+04 -7.68831e+04 3010148 1 2.8384e-01
+6.61450e+04 -7.68023e+04 3010177 1 4.4994e-01
+7.88055e+04 -7.59379e+04 3010186 1 2.8864e-01
+6.89576e+04 -7.65788e+04 3010179 1 4.1159e-01
+7.45867e+04 -7.61795e+04 3010183 1 3.3838e-01
+7.48481e+04 -7.51425e+04 3010222 1 3.3004e-01
+7.34655e+04 -7.52322e+04 3010221 1 3.4789e-01
+8.31455e+04 -7.47317e+04 3010228 1 2.3611e-01
+5.76518e+04 -7.53874e+04 3010248 1 5.6125e-01
+5.37645e+04 -7.56274e+04 3010245 1 6.0784e-01
+5.24923e+04 -7.56877e+04 3010244 1 6.2151e-01
+6.16185e+04 -7.50909e+04 3010251 1 5.0891e-01
+6.83342e+04 -7.45623e+04 3010256 1 4.1470e-01
+7.10410e+04 -7.43610e+04 3010258 1 3.7682e-01
+5.95610e+04 -7.41571e+04 3010288 1 5.3254e-01
+4.76332e+04 -8.39677e+04 1010752 1 7.1109e-01
+4.92552e+04 -8.38661e+04 1010753 1 6.8928e-01
+5.08785e+04 -8.37537e+04 1010754 1 6.6708e-01
+5.25012e+04 -8.36331e+04 1010755 1 6.4460e-01
+5.41215e+04 -8.35067e+04 1010756 1 6.2215e-01
+5.57383e+04 -8.33763e+04 1010757 1 5.9972e-01
+5.73506e+04 -8.32437e+04 1010758 1 5.7750e-01
+5.89577e+04 -8.31106e+04 1010759 1 5.5569e-01
+6.05589e+04 -8.29780e+04 1010760 1 5.3412e-01
+6.21540e+04 -8.28473e+04 1010761 1 5.1320e-01
+6.37428e+04 -8.27194e+04 1010762 1 4.9270e-01
+6.53249e+04 -8.25951e+04 1010763 1 4.7283e-01
+6.69006e+04 -8.24752e+04 1010764 1 4.5367e-01
+6.84697e+04 -8.23602e+04 1010765 1 4.3505e-01
+7.00323e+04 -8.22507e+04 1010766 1 4.1747e-01
+7.15888e+04 -8.21469e+04 1010767 1 4.0063e-01
+7.31392e+04 -8.20495e+04 1010768 1 3.8457e-01
+7.46841e+04 -8.19586e+04 1010769 1 3.6970e-01
+7.62239e+04 -8.18745e+04 1010770 1 3.5569e-01
+7.77587e+04 -8.17974e+04 1010771 1 3.4264e-01
+7.92892e+04 -8.17275e+04 1010772 1 3.3091e-01
+8.08159e+04 -8.16649e+04 1010773 1 3.2020e-01
+8.23391e+04 -8.16098e+04 1010774 1 3.1079e-01
+8.38595e+04 -8.15623e+04 1010775 1 3.0295e-01
+8.53779e+04 -8.15223e+04 1010776 1 2.9642e-01
+8.68948e+04 -8.14904e+04 1010777 1 2.9143e-01
+8.84112e+04 -8.14670e+04 1010778 1 2.8818e-01
+8.99274e+04 -8.14524e+04 1010779 1 2.8623e-01
+8.57462e+04 -7.66830e+04 3010152 1 2.3916e-01
+7.17722e+04 -7.63696e+04 3010181 1 3.7413e-01
+6.47405e+04 -7.69177e+04 3010176 1 4.6952e-01
+7.03648e+04 -7.64721e+04 3010180 1 3.9271e-01
+7.73997e+04 -7.60121e+04 3010185 1 3.0454e-01
+6.65641e+04 -7.57449e+04 3010216 1 4.4199e-01
+5.70183e+04 -7.65063e+04 3010209 1 5.7332e-01
+6.10809e+04 -7.61907e+04 3010212 1 5.1900e-01
+6.79418e+04 -7.56359e+04 3010217 1 4.2277e-01
+5.83659e+04 -7.64053e+04 3010210 1 5.5567e-01
+7.07018e+04 -7.54262e+04 3010219 1 3.8468e-01
+7.62310e+04 -7.50581e+04 3010223 1 3.1258e-01
+7.76140e+04 -7.49797e+04 3010224 1 2.9556e-01
+8.03798e+04 -7.48420e+04 3010226 1 2.6400e-01
+7.89969e+04 -7.49076e+04 3010225 1 2.7932e-01
+8.17627e+04 -7.47833e+04 3010227 1 2.4953e-01
+8.86762e+04 -7.46023e+04 3010232 1 1.9881e-01
+9.00589e+04 -7.45897e+04 3010233 1 1.9453e-01
+6.02893e+04 -7.51937e+04 3010250 1 5.2686e-01
+5.63456e+04 -7.54756e+04 3010247 1 5.7756e-01
+6.69841e+04 -7.46667e+04 3010255 1 4.3381e-01
+7.23969e+04 -7.42654e+04 3010259 1 3.5818e-01
+6.96866e+04 -7.44601e+04 3010257 1 3.9558e-01
+5.08103e+04 -7.45820e+04 3010281 1 6.2754e-01
+5.82771e+04 -7.42445e+04 3010287 1 5.4873e-01
+6.21520e+04 -7.39684e+04 3010290 1 4.9839e-01
+6.47683e+04 -7.37692e+04 3010292 1 4.6263e-01
+4.68555e+04 -8.31161e+04 1010790 1 7.1752e-01
+4.84206e+04 -8.30273e+04 1010791 1 6.9751e-01
+4.99915e+04 -8.29255e+04 1010792 1 6.7684e-01
+5.15659e+04 -8.28134e+04 1010793 1 6.5562e-01
+5.31420e+04 -8.26934e+04 1010794 1 6.3415e-01
+5.47184e+04 -8.25676e+04 1010795 1 6.1242e-01
+5.62937e+04 -8.24380e+04 1010796 1 5.9060e-01
+5.78667e+04 -8.23061e+04 1010797 1 5.6884e-01
+5.94365e+04 -8.21735e+04 1010798 1 5.4724e-01
+6.10025e+04 -8.20414e+04 1010799 1 5.2613e-01
+6.25642e+04 -8.19109e+04 1010800 1 5.0543e-01
+6.41212e+04 -8.17831e+04 1010801 1 4.8512e-01
+6.56735e+04 -8.16587e+04 1010802 1 4.6546e-01
+6.72207e+04 -8.15384e+04 1010803 1 4.4634e-01
+6.87629e+04 -8.14230e+04 1010804 1 4.2796e-01
+7.03001e+04 -8.13129e+04 1010805 1 4.1029e-01
+7.18325e+04 -8.12086e+04 1010806 1 3.9326e-01
+7.33600e+04 -8.11104e+04 1010807 1 3.7707e-01
+7.48830e+04 -8.10188e+04 1010808 1 3.6183e-01
+7.64018e+04 -8.09339e+04 1010809 1 3.4742e-01
+7.79165e+04 -8.08561e+04 1010810 1 3.3413e-01
+7.94276e+04 -8.07855e+04 1010811 1 3.2207e-01
+8.09355e+04 -8.07222e+04 1010812 1 3.1098e-01
+8.24407e+04 -8.06667e+04 1010813 1 3.0127e-01
+8.39436e+04 -8.06187e+04 1010814 1 2.9301e-01
+8.54449e+04 -8.05786e+04 1010815 1 2.8609e-01
+8.69450e+04 -8.05470e+04 1010816 1 2.8077e-01
+8.84446e+04 -8.05238e+04 1010817 1 2.7716e-01
+8.99440e+04 -8.05094e+04 1010818 1 2.7496e-01
+7.50910e+04 -8.00646e+04 3010028 1 3.5409e-01
+7.35904e+04 -8.01564e+04 3010027 1 3.6966e-01
+7.20864e+04 -8.02546e+04 3010026 1 3.8590e-01
+7.05788e+04 -8.03588e+04 3010025 1 4.0309e-01
+6.90674e+04 -8.04688e+04 3010024 1 4.2094e-01
+6.75522e+04 -8.05838e+04 3010023 1 4.3939e-01
+8.99988e+04 -7.76104e+04 3010116 1 2.3731e-01
+8.16155e+04 -7.58104e+04 3010188 1 2.6019e-01
+8.58277e+04 -7.56749e+04 3010191 1 2.2649e-01
+6.42931e+04 -7.48793e+04 3010253 1 4.7187e-01
