+4.81121e+04 -4.83914e+04 4010199 1 3.1550e-01
+4.72178e+04 -4.80367e+04 4010198 1 3.1679e-01
+8.13685e+04 -2.74084e+04 7010028 1 2.2722e-01
+4.84108e+04 -4.69133e+04 4010240 1 3.0984e-01
+8.22841e+04 -2.74150e+04 7010029 1 2.2654e-01
+6.09978e+04 -2.66533e+04 7010006 1 2.5571e-01
+4.90046e+04 -4.87233e+04 4010200 1 3.1521e-01
+5.81266e+04 -2.63863e+04 7010003 1 2.6396e-01
+4.75057e+04 -4.65666e+04 4010239 1 3.1145e-01
+6.47689e+04 -2.69271e+04 7010010 1 2.4773e-01
+6.57038e+04 -2.69826e+04 7010011 1 2.4609e-01
+5.29100e+04 -4.83315e+04 4010245 1 3.1236e-01
+6.66362e+04 -2.70334e+04 7010012 1 2.4458e-01
+5.34787e+04 -4.53190e+04 4010327 1 2.9567e-01
+5.32110e+04 -4.68259e+04 4010286 1 3.0370e-01
+5.37139e+04 -4.38117e+04 4010368 1 2.8832e-01
+5.44275e+04 -3.62941e+04 4010573 1 2.6761e-01
+4.77583e+04 -4.50985e+04 4010280 1 3.0659e-01
+5.39173e+04 -4.23047e+04 4010409 1 2.8258e-01
+7.21905e+04 -2.72547e+04 7010018 1 2.3695e-01
+5.44817e+04 -3.47990e+04 4010614 1 2.6640e-01
+8.31995e+04 -2.74206e+04 7010030 1 2.2577e-01
+7.31114e+04 -2.72799e+04 7010019 1 2.3587e-01
+8.41147e+04 -2.74253e+04 7010031 1 2.2507e-01
+5.40898e+04 -4.07988e+04 4010450 1 2.7766e-01
+7.40313e+04 -2.73024e+04 7010020 1 2.3475e-01
+8.50298e+04 -2.74292e+04 7010032 1 2.2447e-01
+7.49504e+04 -2.73224e+04 7010021 1 2.3368e-01
+6.00455e+04 -2.65706e+04 7010005 1 2.5821e-01
+8.59449e+04 -2.74324e+04 7010033 1 2.2398e-01
+6.19459e+04 -2.67301e+04 7010007 1 2.5345e-01
+5.45077e+04 -3.33082e+04 4010655 1 2.6618e-01
+7.58687e+04 -2.73401e+04 7010022 1 2.3265e-01
+8.68599e+04 -2.74350e+04 7010034 1 2.2364e-01
+6.28902e+04 -2.68011e+04 7010008 1 2.5137e-01
+5.42320e+04 -3.92945e+04 4010491 1 2.7351e-01
+5.44177e+04 -2.88665e+04 4010778 1 2.7116e-01
+8.77748e+04 -2.74370e+04 7010035 1 2.2323e-01
+6.38311e+04 -2.68667e+04 7010009 1 2.4949e-01
+8.86897e+04 -2.74386e+04 7010036 1 2.2290e-01
+7.67864e+04 -2.73557e+04 7010023 1 2.3168e-01
+5.45056e+04 -3.18222e+04 4010696 1 2.6687e-01
+8.96046e+04 -2.74397e+04 7010037 1 2.2266e-01
+9.05194e+04 -2.74402e+04 7010038 1 2.2254e-01
+5.43444e+04 -3.77928e+04 4010532 1 2.7013e-01
+5.61856e+04 -2.61753e+04 7010001 1 2.7105e-01
+5.71591e+04 -2.62842e+04 7010002 1 2.6732e-01
+5.52056e+04 -2.60592e+04 7010000 1 2.7520e-01
+6.75663e+04 -2.70798e+04 7010013 1 2.4315e-01
+6.84944e+04 -2.71221e+04 7010014 1 2.4181e-01
+7.77036e+04 -2.73694e+04 7010024 1 2.3078e-01
+6.94207e+04 -2.71605e+04 7010015 1 2.4051e-01
+7.86204e+04 -2.73813e+04 7010025 1 2.2980e-01
+7.03453e+04 -2.71952e+04 7010016 1 2.3927e-01
+7.95367e+04 -2.73917e+04 7010026 1 2.2887e-01
+8.04527e+04 -2.74007e+04 7010027 1 2.2800e-01
+5.90885e+04 -2.64816e+04 7010004 1 2.6094e-01
+7.12686e+04 -2.72265e+04 7010017 1 2.3807e-01
+4.79769e+04 -4.36329e+04 4010321 1 3.0265e-01
+4.72184e+04 -4.18336e+04 4010361 1 3.0527e-01
+4.70439e+04 -4.32848e+04 4010320 1 3.0747e-01
+5.11118e+04 -4.78248e+04 4010243 1 3.0924e-01
+5.16562e+04 -4.48310e+04 4010325 1 2.9487e-01
+5.14009e+04 -4.63279e+04 4010284 1 3.0120e-01
+5.20105e+04 -4.80879e+04 4010244 1 3.1059e-01
+5.23062e+04 -4.65861e+04 4010285 1 3.0224e-01
+5.18786e+04 -4.33349e+04 4010366 1 2.8933e-01
+5.25682e+04 -4.50839e+04 4010326 1 2.9450e-01
+5.25246e+04 -3.58906e+04 4010571 1 2.7357e-01
+5.20690e+04 -4.18403e+04 4010407 1 2.8445e-01
+5.27974e+04 -4.35817e+04 4010367 1 2.8844e-01
+5.29948e+04 -4.20805e+04 4010408 1 2.8318e-01
+5.22281e+04 -4.03480e+04 4010448 1 2.8028e-01
+5.34790e+04 -3.60986e+04 4010572 1 2.7011e-01
+5.31610e+04 -4.05809e+04 4010449 1 2.7862e-01
+5.35460e+04 -3.31299e+04 4010654 1 2.6959e-01
+5.34025e+04 -3.75894e+04 4010531 1 2.7188e-01
+5.32967e+04 -3.90837e+04 4010490 1 2.7483e-01
+5.35006e+04 -3.01815e+04 4010736 1 2.7269e-01
+5.35373e+04 -3.16529e+04 4010695 1 2.7064e-01
+5.34361e+04 -2.87161e+04 4010777 1 2.7578e-01
+5.35267e+04 -3.46120e+04 4010613 1 2.6944e-01
+5.32239e+04 -2.58049e+04 6010039 1 2.8515e-01
+5.42186e+04 -2.59358e+04 6010040 1 2.7984e-01
+5.33439e+04 -2.72571e+04 4010818 1 2.7996e-01
+5.44756e+04 -3.03415e+04 4010737 1 2.6852e-01
+5.43320e+04 -2.73978e+04 4010819 1 2.7495e-01
+4.93127e+04 -4.72382e+04 4010241 1 3.0861e-01
+4.98249e+04 -4.42702e+04 4010323 1 2.9749e-01
+4.95858e+04 -4.57535e+04 4010282 1 3.0285e-01
+5.02128e+04 -4.75418e+04 4010242 1 3.0815e-01
+5.04944e+04 -4.60506e+04 4010283 1 3.0167e-01
+5.00309e+04 -4.27890e+04 4010364 1 2.9280e-01
+5.02046e+04 -4.13105e+04 4010405 1 2.8879e-01
+5.07421e+04 -4.45600e+04 4010324 1 2.9597e-01
+5.09568e+04 -4.30708e+04 4010365 1 2.9079e-01
+5.11393e+04 -4.15838e+04 4010406 1 2.8632e-01
+5.12905e+04 -4.00996e+04 4010447 1 2.8264e-01
+5.15636e+04 -3.56696e+04 4010570 1 2.7788e-01
+5.15966e+04 -3.42020e+04 4010611 1 2.7798e-01
+5.16013e+04 -3.27398e+04 4010652 1 2.7893e-01
+5.15019e+04 -3.71420e+04 4010529 1 2.7857e-01
+5.14111e+04 -3.86189e+04 4010488 1 2.8006e-01
+5.25775e+04 -3.29405e+04 4010653 1 2.7381e-01
+5.25617e+04 -3.14733e+04 4010694 1 2.7528e-01
+5.24553e+04 -3.73726e+04 4010530 1 2.7474e-01
+5.23567e+04 -3.88586e+04 4010489 1 2.7693e-01
+5.25652e+04 -3.44131e+04 4010612 1 2.7324e-01
+5.24466e+04 -2.85568e+04 4010776 1 2.8126e-01
+5.22209e+04 -2.56663e+04 6010038 1 2.9116e-01
+5.23476e+04 -2.71081e+04 4010817 1 2.8570e-01
+5.25180e+04 -3.00120e+04 4010735 1 2.7772e-01
+8.13464e+04 -2.58500e+04 7010067 1 2.2514e-01
+7.67521e+04 -2.58002e+04 7010062 1 2.2985e-01
+7.85912e+04 -2.58243e+04 7010064 1 2.2780e-01
+8.77673e+04 -2.58773e+04 7010074 1 2.2116e-01
+8.50163e+04 -2.58697e+04 7010071 1 2.2238e-01
+8.68504e+04 -2.58753e+04 7010073 1 2.2156e-01
+8.22642e+04 -2.58562e+04 7010068 1 2.2443e-01
+8.86841e+04 -2.58788e+04 7010075 1 2.2085e-01
+8.96008e+04 -2.58798e+04 7010076 1 2.2063e-01
+8.40991e+04 -2.58660e+04 7010070 1 2.2297e-01
+8.59334e+04 -2.58728e+04 7010072 1 2.2190e-01
+7.95100e+04 -2.58342e+04 7010065 1 2.2683e-01
+9.05176e+04 -2.58803e+04 7010077 1 2.2051e-01
+7.76719e+04 -2.58131e+04 7010063 1 2.2884e-01
+8.31818e+04 -2.58616e+04 7010069 1 2.2366e-01
+8.04284e+04 -2.58427e+04 7010066 1 2.2594e-01
+4.89036e+04 -4.39613e+04 4010322 1 2.9954e-01
+4.90998e+04 -4.24891e+04 4010363 1 2.9542e-01
+4.86742e+04 -4.54363e+04 4010281 1 3.0438e-01
+4.81627e+04 -4.21707e+04 4010362 1 2.9990e-01
+4.83167e+04 -4.07123e+04 4010403 1 2.9773e-01
+4.93973e+04 -3.95550e+04 4010445 1 2.9071e-01
+4.92641e+04 -4.10201e+04 4010404 1 2.9272e-01
+4.95002e+04 -3.80943e+04 4010486 1 2.8939e-01
+4.96181e+04 -3.51877e+04 4010568 1 2.8880e-01
+5.03471e+04 -3.98354e+04 4010446 1 2.8611e-01
+4.96224e+04 -3.23034e+04 4010650 1 2.9151e-01
+5.05951e+04 -3.54354e+04 4010569 1 2.8295e-01
+5.04593e+04 -3.83642e+04 4010487 1 2.8431e-01
+5.06165e+04 -3.25274e+04 4010651 1 2.8473e-01
+5.06199e+04 -3.39786e+04 4010610 1 2.8346e-01
+5.05854e+04 -3.10822e+04 4010692 1 2.8705e-01
+5.05268e+04 -2.96431e+04 4010733 1 2.9020e-01
+5.01872e+04 -2.53659e+04 6010036 1 3.0494e-01
+5.05417e+04 -3.68974e+04 4010528 1 2.8326e-01
+5.13425e+04 -2.69507e+04 4010816 1 2.9211e-01
+5.15269e+04 -2.98326e+04 4010734 1 2.8362e-01
+5.12089e+04 -2.55201e+04 6010037 1 2.9776e-01
+6.18511e+04 -2.52169e+04 7010046 1 2.5609e-01
+6.28005e+04 -2.52829e+04 7010047 1 2.5357e-01
+6.08978e+04 -2.51456e+04 7010045 1 2.5881e-01
+5.15780e+04 -3.12831e+04 4010693 1 2.8076e-01
+6.46886e+04 -2.54000e+04 7010049 1 2.4907e-01
+6.74990e+04 -2.55422e+04 7010052 1 2.4340e-01
+5.14484e+04 -2.83883e+04 4010775 1 2.8741e-01
+7.30655e+04 -2.57290e+04 7010058 1 2.3455e-01
+6.65647e+04 -2.54990e+04 7010051 1 2.4515e-01
+7.12161e+04 -2.56791e+04 7010056 1 2.3719e-01
+6.37462e+04 -2.53438e+04 7010048 1 2.5122e-01
+7.21414e+04 -2.57054e+04 7010057 1 2.3585e-01
+6.56280e+04 -2.54516e+04 7010050 1 2.4704e-01
+7.49105e+04 -2.57689e+04 7010060 1 2.3206e-01
+6.84310e+04 -2.55816e+04 7010053 1 2.4171e-01
+6.93611e+04 -2.56174e+04 7010054 1 2.4012e-01
+7.58317e+04 -2.57855e+04 7010061 1 2.3091e-01
+7.39885e+04 -2.57501e+04 7010059 1 2.3327e-01
+7.02894e+04 -2.56498e+04 7010055 1 2.3861e-01
+4.73612e+04 -4.03867e+04 4010402 1 3.0358e-01
+4.74734e+04 -3.89447e+04 4010443 1 3.0246e-01
+4.76092e+04 -3.60768e+04 4010525 1 3.0244e-01
+4.75558e+04 -3.75079e+04 4010484 1 3.0198e-01
+4.85327e+04 -3.78089e+04 4010485 1 2.9523e-01
+4.84397e+04 -3.92582e+04 4010444 1 2.9615e-01
+4.85964e+04 -3.63649e+04 4010526 1 2.9496e-01
+4.86315e+04 -3.49265e+04 4010567 1 2.9556e-01
+4.84959e+04 -2.92338e+04 4010731 1 3.0533e-01
+4.95832e+04 -3.08703e+04 4010691 1 2.9409e-01
+4.96341e+04 -3.37426e+04 4010609 1 2.8963e-01
+4.86180e+04 -3.20674e+04 4010649 1 2.9906e-01
+4.95168e+04 -2.94436e+04 4010732 1 2.9745e-01
+4.85704e+04 -3.06473e+04 4010690 1 3.0185e-01
+4.94233e+04 -2.80235e+04 4010773 1 3.0160e-01
+4.86385e+04 -3.34939e+04 4010608 1 2.9699e-01
+4.95736e+04 -3.66384e+04 4010527 1 2.8872e-01
+5.50706e+04 -2.45950e+04 7010039 1 2.8086e-01
+5.89775e+04 -2.49864e+04 7010043 1 2.6495e-01
+5.80097e+04 -2.48980e+04 7010042 1 2.6843e-01
+5.60568e+04 -2.47025e+04 7010040 1 2.7636e-01
+5.03278e+04 -2.67848e+04 4010815 1 2.9910e-01
+5.99400e+04 -2.50689e+04 7010044 1 2.6174e-01
+5.70363e+04 -2.48034e+04 7010041 1 2.7225e-01
+5.04409e+04 -2.82106e+04 4010774 1 2.9421e-01
+4.93027e+04 -2.66102e+04 4010814 1 3.0662e-01
+4.91549e+04 -2.52039e+04 6010035 1 3.1262e-01
+5.38108e+04 -4.85563e+04 5010195 1 3.1424e-01
+4.76320e+04 -3.32324e+04 4010607 1 3.0516e-01
+4.76025e+04 -3.18196e+04 4010648 1 3.0745e-01
+4.75461e+04 -3.04134e+04 4010689 1 3.1036e-01
+4.73537e+04 -2.76209e+04 4010771 1 3.1828e-01
+4.76344e+04 -3.46515e+04 4010566 1 3.0351e-01
+4.70554e+04 -2.48559e+04 6010033 1 3.2889e-01
+4.74631e+04 -2.90138e+04 4010730 1 3.1397e-01
+5.00189e+04 -2.39543e+04 6010077 1 3.1180e-01
+4.72178e+04 -2.62349e+04 4010812 1 3.2337e-01
+4.81113e+04 -2.50339e+04 6010034 1 3.2080e-01
+4.82663e+04 -2.64269e+04 4010813 1 3.1474e-01
+5.20663e+04 -2.42318e+04 6010079 1 2.9767e-01
+4.83945e+04 -2.78269e+04 4010772 1 3.0963e-01
+4.89796e+04 -2.38047e+04 6010076 1 3.1960e-01
+5.10475e+04 -2.40966e+04 6010078 1 3.0448e-01
+7.02121e+04 -2.41103e+04 7010094 1 2.3844e-01
+6.92794e+04 -2.40804e+04 7010093 1 2.4032e-01
+6.83449e+04 -2.40473e+04 7010092 1 2.4230e-01
+7.85482e+04 -2.42721e+04 7010103 1 2.2544e-01
+7.20724e+04 -2.41618e+04 7010096 1 2.3503e-01
+6.45832e+04 -2.38796e+04 7010088 1 2.5139e-01
+6.64692e+04 -2.39709e+04 7010090 1 2.4659e-01
+8.03921e+04 -2.42892e+04 7010105 1 2.2334e-01
+6.74082e+04 -2.40109e+04 7010091 1 2.4439e-01
+8.22343e+04 -2.43018e+04 7010107 1 2.2162e-01
+5.40772e+04 -2.44809e+04 6010081 1 2.8583e-01
+7.76255e+04 -2.42616e+04 7010102 1 2.2662e-01
+7.30005e+04 -2.41836e+04 7010097 1 2.3344e-01
+7.39274e+04 -2.42032e+04 7010098 1 2.3190e-01
+7.67021e+04 -2.42496e+04 7010101 1 2.2783e-01
+6.36356e+04 -2.38278e+04 7010087 1 2.5405e-01
+8.95951e+04 -2.43239e+04 7010115 1 2.1752e-01
+8.86754e+04 -2.43229e+04 7010114 1 2.1775e-01
+5.30759e+04 -2.43598e+04 6010080 1 2.9143e-01
+7.57781e+04 -2.42360e+04 7010100 1 2.2909e-01
+7.94704e+04 -2.42813e+04 7010104 1 2.2435e-01
+7.48532e+04 -2.42206e+04 7010099 1 2.3045e-01
+8.59158e+04 -2.43173e+04 7010111 1 2.1889e-01
+8.13134e+04 -2.42960e+04 7010106 1 2.2244e-01
+8.31550e+04 -2.43068e+04 7010108 1 2.2079e-01
+7.11430e+04 -2.41374e+04 7010095 1 2.3668e-01
+8.40755e+04 -2.43110e+04 7010109 1 2.2005e-01
+8.68357e+04 -2.43196e+04 7010112 1 2.1850e-01
+8.77556e+04 -2.43215e+04 7010113 1 2.1808e-01
+6.55276e+04 -2.39273e+04 7010089 1 2.4892e-01
+9.05147e+04 -2.43244e+04 7010116 1 2.1739e-01
+8.49957e+04 -2.43144e+04 7010110 1 2.1941e-01
+5.41161e+04 -4.70478e+04 5010234 1 3.0544e-01
+5.50221e+04 -4.72524e+04 5010235 1 3.0711e-01
+5.59296e+04 -4.74405e+04 5010236 1 3.0879e-01
+5.68389e+04 -4.76128e+04 5010237 1 3.1088e-01
+5.77505e+04 -4.77700e+04 5010238 1 3.1265e-01
+5.86646e+04 -4.79129e+04 5010239 1 3.1401e-01
+5.95815e+04 -4.80421e+04 5010240 1 3.1485e-01
+6.05015e+04 -4.81584e+04 5010241 1 3.1534e-01
+6.14247e+04 -4.82625e+04 5010242 1 3.1558e-01
+6.23512e+04 -4.83553e+04 5010243 1 3.1518e-01
+6.32811e+04 -4.84374e+04 5010244 1 3.1420e-01
+6.42144e+04 -4.85096e+04 5010245 1 3.1266e-01
+6.51513e+04 -4.85724e+04 5010246 1 3.1062e-01
+6.60917e+04 -4.86267e+04 5010247 1 3.0814e-01
+6.70355e+04 -4.86731e+04 5010248 1 3.0503e-01
+6.79826e+04 -4.87123e+04 5010249 1 3.0136e-01
+6.89331e+04 -4.87449e+04 5010250 1 2.9713e-01
+6.26845e+04 -2.37716e+04 7010086 1 2.5689e-01
+5.43885e+04 -4.55372e+04 5010273 1 2.9707e-01
+5.52983e+04 -4.57390e+04 5010274 1 2.9857e-01
+5.62085e+04 -4.59249e+04 5010275 1 2.9999e-01
+5.71197e+04 -4.60956e+04 5010276 1 3.0123e-01
+5.80323e+04 -4.62519e+04 5010277 1 3.0268e-01
+5.89466e+04 -4.63944e+04 5010278 1 3.0406e-01
+5.98628e+04 -4.65238e+04 5010279 1 3.0497e-01
+6.07813e+04 -4.66408e+04 5010280 1 3.0546e-01
+6.17023e+04 -4.67461e+04 5010281 1 3.0550e-01
+6.26259e+04 -4.68403e+04 5010282 1 3.0534e-01
+6.35521e+04 -4.69242e+04 5010283 1 3.0462e-01
+6.44812e+04 -4.69985e+04 5010284 1 3.0336e-01
+6.54131e+04 -4.70637e+04 5010285 1 3.0159e-01
+6.63479e+04 -4.71206e+04 5010286 1 2.9936e-01
+6.72857e+04 -4.71698e+04 5010287 1 2.9671e-01
+6.82264e+04 -4.72120e+04 5010288 1 2.9349e-01
+6.91698e+04 -4.72476e+04 5010289 1 2.8976e-01
+7.01161e+04 -4.72773e+04 5010290 1 2.8554e-01
+7.10651e+04 -4.73017e+04 5010291 1 2.8098e-01
+7.20168e+04 -4.73212e+04 5010292 1 2.7620e-01
+7.29711e+04 -4.73365e+04 5010293 1 2.7072e-01
+7.39279e+04 -4.73480e+04 5010294 1 2.6475e-01
+7.48870e+04 -4.73562e+04 5010295 1 2.5842e-01
+7.58483e+04 -4.73614e+04 5010296 1 2.5184e-01
+7.68118e+04 -4.73642e+04 5010297 1 2.4513e-01
+7.77774e+04 -4.73650e+04 5010298 1 2.3857e-01
+7.87450e+04 -4.73642e+04 5010299 1 2.3159e-01
+7.97142e+04 -4.73620e+04 5010300 1 2.2388e-01
+8.06851e+04 -4.73588e+04 5010301 1 2.1605e-01
+8.16575e+04 -4.73548e+04 5010302 1 2.0817e-01
+8.26313e+04 -4.73503e+04 5010303 1 2.0042e-01
+8.36064e+04 -4.73456e+04 5010304 1 1.9305e-01
+8.45826e+04 -4.73410e+04 5010305 1 1.8700e-01
+8.55598e+04 -4.73369e+04 5010306 1 1.7995e-01
+8.65378e+04 -4.73330e+04 5010307 1 1.7290e-01
+8.75164e+04 -4.73297e+04 5010308 1 1.6645e-01
+8.84957e+04 -4.73269e+04 5010309 1 1.6084e-01
+8.94753e+04 -4.73248e+04 5010310 1 1.5644e-01
+9.04552e+04 -4.73234e+04 5010311 1 1.5371e-01
+5.46288e+04 -4.40255e+04 5010312 1 2.8942e-01
+5.55427e+04 -4.42236e+04 5010313 1 2.9064e-01
+5.64561e+04 -4.44067e+04 5010314 1 2.9188e-01
+5.73697e+04 -4.45752e+04 5010315 1 2.9299e-01
+5.82838e+04 -4.47299e+04 5010316 1 2.9390e-01
+5.91989e+04 -4.48714e+04 5010317 1 2.9494e-01
+6.01151e+04 -4.50003e+04 5010318 1 2.9570e-01
+6.10328e+04 -4.51174e+04 5010319 1 2.9626e-01
+6.19523e+04 -4.52231e+04 5010320 1 2.9641e-01
+6.28736e+04 -4.53182e+04 5010321 1 2.9616e-01
+6.37971e+04 -4.54033e+04 5010322 1 2.9564e-01
+6.47227e+04 -4.54791e+04 5010323 1 2.9465e-01
+6.56505e+04 -4.55462e+04 5010324 1 2.9318e-01
+6.65807e+04 -4.56052e+04 5010325 1 2.9125e-01
+6.75132e+04 -4.56566e+04 5010326 1 2.8892e-01
+6.84482e+04 -4.57012e+04 5010327 1 2.8617e-01
+6.93856e+04 -4.57394e+04 5010328 1 2.8291e-01
+7.03252e+04 -4.57717e+04 5010329 1 2.7920e-01
+7.12672e+04 -4.57988e+04 5010330 1 2.7508e-01
+7.22115e+04 -4.58212e+04 5010331 1 2.7067e-01
+7.31580e+04 -4.58393e+04 5010332 1 2.6609e-01
+7.41067e+04 -4.58536e+04 5010333 1 2.6084e-01
+7.50574e+04 -4.58646e+04 5010334 1 2.5518e-01
+7.60101e+04 -4.58726e+04 5010335 1 2.4926e-01
+7.69647e+04 -4.58781e+04 5010336 1 2.4317e-01
+7.79210e+04 -4.58814e+04 5010337 1 2.3705e-01
+7.88791e+04 -4.58830e+04 5010338 1 2.3118e-01
+7.98388e+04 -4.58832e+04 5010339 1 2.2453e-01
+8.07999e+04 -4.58822e+04 5010340 1 2.1757e-01
+8.17624e+04 -4.58803e+04 5010341 1 2.1059e-01
+8.27261e+04 -4.58778e+04 5010342 1 2.0371e-01
+8.36909e+04 -4.58748e+04 5010343 1 1.9714e-01
+8.46567e+04 -4.58718e+04 5010344 1 1.9134e-01
+8.56235e+04 -4.58689e+04 5010345 1 1.8605e-01
+8.65910e+04 -4.58663e+04 5010346 1 1.8006e-01
+8.75591e+04 -4.58639e+04 5010347 1 1.7466e-01
+8.85276e+04 -4.58619e+04 5010348 1 1.7010e-01
+8.94966e+04 -4.58604e+04 5010349 1 1.6661e-01
+9.04658e+04 -4.58593e+04 5010350 1 1.6452e-01
+5.48376e+04 -4.25135e+04 5010351 1 2.8252e-01
+5.57560e+04 -4.27074e+04 5010352 1 2.8346e-01
+5.66731e+04 -4.28869e+04 5010353 1 2.8445e-01
+5.75895e+04 -4.30526e+04 5010354 1 2.8538e-01
+5.85057e+04 -4.32051e+04 5010355 1 2.8619e-01
+5.94220e+04 -4.33449e+04 5010356 1 2.8683e-01
+6.03388e+04 -4.34727e+04 5010357 1 2.8753e-01
+6.12564e+04 -4.35891e+04 5010358 1 2.8793e-01
+6.21750e+04 -4.36947e+04 5010359 1 2.8801e-01
+6.30948e+04 -4.37901e+04 5010360 1 2.8783e-01
+6.40161e+04 -4.38758e+04 5010361 1 2.8733e-01
+6.49390e+04 -4.39525e+04 5010362 1 2.8654e-01
+6.58636e+04 -4.40209e+04 5010363 1 2.8535e-01
+6.67899e+04 -4.40813e+04 5010364 1 2.8372e-01
+6.77181e+04 -4.41345e+04 5010365 1 2.8170e-01
+6.86482e+04 -4.41809e+04 5010366 1 2.7935e-01
+6.95803e+04 -4.42212e+04 5010367 1 2.7658e-01
+7.05143e+04 -4.42557e+04 5010368 1 2.7335e-01
+7.14501e+04 -4.42851e+04 5010369 1 2.6974e-01
+7.23879e+04 -4.43098e+04 5010370 1 2.6580e-01
+7.33275e+04 -4.43303e+04 5010371 1 2.6163e-01
+7.42690e+04 -4.43470e+04 5010372 1 2.5732e-01
+7.52123e+04 -4.43604e+04 5010373 1 2.5234e-01
+7.61572e+04 -4.43708e+04 5010374 1 2.4708e-01
+7.71037e+04 -4.43786e+04 5010375 1 2.4166e-01
+7.80518e+04 -4.43842e+04 5010376 1 2.3616e-01
+7.90014e+04 -4.43880e+04 5010377 1 2.3074e-01
+7.99524e+04 -4.43903e+04 5010378 1 2.2543e-01
+8.09047e+04 -4.43913e+04 5010379 1 2.1932e-01
+8.18581e+04 -4.43913e+04 5010380 1 2.1322e-01
+8.28126e+04 -4.43905e+04 5010381 1 2.0722e-01
+8.37681e+04 -4.43891e+04 5010382 1 2.0148e-01
+8.47245e+04 -4.43874e+04 5010383 1 1.9631e-01
+8.56817e+04 -4.43857e+04 5010384 1 1.9218e-01
+8.66396e+04 -4.43841e+04 5010385 1 1.8714e-01
+8.75980e+04 -4.43826e+04 5010386 1 1.8269e-01
+8.85569e+04 -4.43813e+04 5010387 1 1.7898e-01
+8.95160e+04 -4.43803e+04 5010388 1 1.7622e-01
+9.04755e+04 -4.43795e+04 5010389 1 1.7460e-01
+5.50155e+04 -4.10019e+04 5010390 1 2.7721e-01
+5.59387e+04 -4.11909e+04 5010391 1 2.7719e-01
+5.68599e+04 -4.13663e+04 5010392 1 2.7777e-01
+5.77796e+04 -4.15285e+04 5010393 1 2.7849e-01
+5.86982e+04 -4.16782e+04 5010394 1 2.7916e-01
+5.96163e+04 -4.18158e+04 5010395 1 2.7970e-01
+6.05342e+04 -4.19418e+04 5010396 1 2.8011e-01
+6.14522e+04 -4.20570e+04 5010397 1 2.8049e-01
+6.23706e+04 -4.21618e+04 5010398 1 2.8062e-01
+6.32896e+04 -4.22568e+04 5010399 1 2.8045e-01
+6.42095e+04 -4.23426e+04 5010400 1 2.7997e-01
+6.51304e+04 -4.24197e+04 5010401 1 2.7917e-01
+6.60525e+04 -4.24887e+04 5010402 1 2.7812e-01
+6.69758e+04 -4.25501e+04 5010403 1 2.7678e-01
+6.79004e+04 -4.26045e+04 5010404 1 2.7507e-01
+6.88265e+04 -4.26523e+04 5010405 1 2.7302e-01
+6.97541e+04 -4.26941e+04 5010406 1 2.7070e-01
+7.06832e+04 -4.27304e+04 5010407 1 2.6796e-01
+7.16138e+04 -4.27616e+04 5010408 1 2.6484e-01
+7.25459e+04 -4.27882e+04 5010409 1 2.6142e-01
+7.34796e+04 -4.28107e+04 5010410 1 2.5772e-01
+7.44148e+04 -4.28294e+04 5010411 1 2.5389e-01
+7.53514e+04 -4.28448e+04 5010412 1 2.4982e-01
+7.62895e+04 -4.28572e+04 5010413 1 2.4523e-01
+7.72289e+04 -4.28671e+04 5010414 1 2.4047e-01
+7.81697e+04 -4.28746e+04 5010415 1 2.3563e-01
+7.91116e+04 -4.28803e+04 5010416 1 2.3082e-01
+8.00548e+04 -4.28843e+04 5010417 1 2.2621e-01
+8.09992e+04 -4.28870e+04 5010418 1 2.2122e-01
+8.19445e+04 -4.28887e+04 5010419 1 2.1595e-01
+8.28908e+04 -4.28894e+04 5010420 1 2.1080e-01
+8.38379e+04 -4.28894e+04 5010421 1 2.0588e-01
+8.47858e+04 -4.28889e+04 5010422 1 2.0142e-01
+8.57344e+04 -4.28883e+04 5010423 1 1.9789e-01
+8.66836e+04 -4.28876e+04 5010424 1 1.9397e-01
+8.76333e+04 -4.28869e+04 5010425 1 1.9033e-01
+8.85833e+04 -4.28862e+04 5010426 1 1.8734e-01
+8.95337e+04 -4.28856e+04 5010427 1 1.8515e-01
+9.04842e+04 -4.28851e+04 5010428 1 1.8388e-01
+5.51634e+04 -3.94916e+04 5010429 1 2.7270e-01
+5.60915e+04 -3.96751e+04 5010430 1 2.7227e-01
+5.70170e+04 -3.98457e+04 5010431 1 2.7225e-01
+5.79403e+04 -4.00039e+04 5010432 1 2.7239e-01
+5.88619e+04 -4.01501e+04 5010433 1 2.7286e-01
+5.97823e+04 -4.02849e+04 5010434 1 2.7328e-01
+6.07018e+04 -4.04087e+04 5010435 1 2.7359e-01
+6.16208e+04 -4.05220e+04 5010436 1 2.7380e-01
+6.25396e+04 -4.06254e+04 5010437 1 2.7391e-01
+6.34584e+04 -4.07195e+04 5010438 1 2.7379e-01
+6.43775e+04 -4.08048e+04 5010439 1 2.7342e-01
+6.52971e+04 -4.08817e+04 5010440 1 2.7277e-01
+6.62173e+04 -4.09508e+04 5010441 1 2.7187e-01
+6.71383e+04 -4.10126e+04 5010442 1 2.7069e-01
+6.80602e+04 -4.10676e+04 5010443 1 2.6919e-01
+6.89830e+04 -4.11164e+04 5010444 1 2.6741e-01
+6.99069e+04 -4.11593e+04 5010445 1 2.6535e-01
+7.08320e+04 -4.11968e+04 5010446 1 2.6307e-01
+7.17582e+04 -4.12294e+04 5010447 1 2.6038e-01
+7.26856e+04 -4.12575e+04 5010448 1 2.5742e-01
+7.36141e+04 -4.12815e+04 5010449 1 2.5424e-01
+7.45439e+04 -4.13018e+04 5010450 1 2.5090e-01
+7.54748e+04 -4.13188e+04 5010451 1 2.4746e-01
+7.64069e+04 -4.13330e+04 5010452 1 2.4362e-01
+7.73401e+04 -4.13445e+04 5010453 1 2.3952e-01
+7.82744e+04 -4.13537e+04 5010454 1 2.3534e-01
+7.92098e+04 -4.13609e+04 5010455 1 2.3116e-01
+8.01461e+04 -4.13665e+04 5010456 1 2.2711e-01
+8.10834e+04 -4.13707e+04 5010457 1 2.2315e-01
+8.20216e+04 -4.13737e+04 5010458 1 2.1868e-01
+8.29605e+04 -4.13757e+04 5010459 1 2.1431e-01
+8.39002e+04 -4.13769e+04 5010460 1 2.1017e-01
+8.48405e+04 -4.13776e+04 5010461 1 2.0642e-01
+8.57814e+04 -4.13778e+04 5010462 1 2.0336e-01
+8.67229e+04 -4.13779e+04 5010463 1 2.0041e-01
+8.76648e+04 -4.13779e+04 5010464 1 1.9745e-01
+8.86070e+04 -4.13777e+04 5010465 1 1.9505e-01
+8.95494e+04 -4.13775e+04 5010466 1 1.9332e-01
+9.04920e+04 -4.13773e+04 5010467 1 1.9232e-01
+5.52816e+04 -3.79831e+04 5010468 1 2.6901e-01
+5.62150e+04 -3.81607e+04 5010469 1 2.6822e-01
+5.71450e+04 -3.83260e+04 5010470 1 2.6773e-01
+5.80722e+04 -3.84796e+04 5010471 1 2.6764e-01
+5.89971e+04 -3.86218e+04 5010472 1 2.6760e-01
+5.99202e+04 -3.87531e+04 5010473 1 2.6758e-01
+6.08418e+04 -3.88740e+04 5010474 1 2.6777e-01
+6.17624e+04 -3.89850e+04 5010475 1 2.6787e-01
+6.26821e+04 -3.90865e+04 5010476 1 2.6793e-01
+6.36013e+04 -3.91792e+04 5010477 1 2.6781e-01
+6.45203e+04 -3.92633e+04 5010478 1 2.6750e-01
+6.54392e+04 -3.93396e+04 5010479 1 2.6697e-01
+6.63583e+04 -3.94083e+04 5010480 1 2.6621e-01
+6.72777e+04 -3.94700e+04 5010481 1 2.6523e-01
+6.81975e+04 -3.95252e+04 5010482 1 2.6397e-01
+6.91179e+04 -3.95743e+04 5010483 1 2.6246e-01
+7.00389e+04 -3.96178e+04 5010484 1 2.6071e-01
+7.09607e+04 -3.96561e+04 5010485 1 2.5876e-01
+7.18833e+04 -3.96896e+04 5010486 1 2.5656e-01
+7.28068e+04 -3.97188e+04 5010487 1 2.5403e-01
+7.37311e+04 -3.97440e+04 5010488 1 2.5130e-01
+7.46563e+04 -3.97655e+04 5010489 1 2.4841e-01
+7.55824e+04 -3.97839e+04 5010490 1 2.4543e-01
+7.65094e+04 -3.97993e+04 5010491 1 2.4232e-01
+7.74373e+04 -3.98122e+04 5010492 1 2.3881e-01
+7.83661e+04 -3.98227e+04 5010493 1 2.3524e-01
+7.92957e+04 -3.98313e+04 5010494 1 2.3166e-01
+8.02261e+04 -3.98381e+04 5010495 1 2.2819e-01
+8.11573e+04 -3.98435e+04 5010496 1 2.2496e-01
+8.20892e+04 -3.98477e+04 5010497 1 2.2127e-01
+8.30217e+04 -3.98508e+04 5010498 1 2.1763e-01
+8.39549e+04 -3.98530e+04 5010499 1 2.1418e-01
+8.48886e+04 -3.98546e+04 5010500 1 2.1106e-01
+8.58228e+04 -3.98556e+04 5010501 1 2.0848e-01
+8.67575e+04 -3.98564e+04 5010502 1 2.0623e-01
+8.76925e+04 -3.98569e+04 5010503 1 2.0384e-01
+8.86278e+04 -3.98572e+04 5010504 1 2.0192e-01
+8.95633e+04 -3.98573e+04 5010505 1 2.0055e-01
+9.04989e+04 -3.98573e+04 5010506 1 1.9975e-01
+5.53708e+04 -3.64772e+04 5010507 1 2.6610e-01
+5.63095e+04 -3.66484e+04 5010508 1 2.6501e-01
+5.72443e+04 -3.68079e+04 5010509 1 2.6419e-01
+5.81757e+04 -3.69563e+04 5010510 1 2.6370e-01
+5.91043e+04 -3.70940e+04 5010511 1 2.6343e-01
+6.00304e+04 -3.72214e+04 5010512 1 2.6320e-01
+6.09546e+04 -3.73389e+04 5010513 1 2.6300e-01
+6.18771e+04 -3.74470e+04 5010514 1 2.6278e-01
+6.27983e+04 -3.75461e+04 5010515 1 2.6263e-01
+6.37185e+04 -3.76368e+04 5010516 1 2.6249e-01
+6.46380e+04 -3.77194e+04 5010517 1 2.6220e-01
+6.55569e+04 -3.77944e+04 5010518 1 2.6175e-01
+6.64755e+04 -3.78622e+04 5010519 1 2.6112e-01
+6.73940e+04 -3.79234e+04 5010520 1 2.6030e-01
+6.83125e+04 -3.79783e+04 5010521 1 2.5925e-01
+6.92311e+04 -3.80273e+04 5010522 1 2.5798e-01
+7.01501e+04 -3.80710e+04 5010523 1 2.5651e-01
+7.10694e+04 -3.81097e+04 5010524 1 2.5486e-01
+7.19892e+04 -3.81437e+04 5010525 1 2.5307e-01
+7.29096e+04 -3.81735e+04 5010526 1 2.5095e-01
+7.38305e+04 -3.81995e+04 5010527 1 2.4865e-01
+7.47520e+04 -3.82219e+04 5010528 1 2.4620e-01
+7.56741e+04 -3.82411e+04 5010529 1 2.4367e-01
+7.65970e+04 -3.82575e+04 5010530 1 2.4112e-01
+7.75205e+04 -3.82714e+04 5010531 1 2.3823e-01
+7.84446e+04 -3.82830e+04 5010532 1 2.3521e-01
+7.93693e+04 -3.82926e+04 5010533 1 2.3220e-01
+8.02947e+04 -3.83005e+04 5010534 1 2.2927e-01
+8.12207e+04 -3.83068e+04 5010535 1 2.2652e-01
+8.21473e+04 -3.83120e+04 5010536 1 2.2364e-01
+8.30744e+04 -3.83160e+04 5010537 1 2.2061e-01
+8.40020e+04 -3.83191e+04 5010538 1 2.1777e-01
+8.49301e+04 -3.83213e+04 5010539 1 2.1521e-01
+8.58585e+04 -3.83230e+04 5010540 1 2.1307e-01
+8.67873e+04 -3.83244e+04 5010541 1 2.1135e-01
+8.77164e+04 -3.83254e+04 5010542 1 2.0942e-01
+8.86457e+04 -3.83261e+04 5010543 1 2.0788e-01
+8.95752e+04 -3.83265e+04 5010544 1 2.0679e-01
+9.05048e+04 -3.83266e+04 5010545 1 2.0616e-01
+5.54311e+04 -3.49745e+04 5010546 1 2.6410e-01
+5.63755e+04 -3.51388e+04 5010547 1 2.6263e-01
+5.73153e+04 -3.52921e+04 5010548 1 2.6147e-01
+5.82513e+04 -3.54349e+04 5010549 1 2.6060e-01
+5.91838e+04 -3.55676e+04 5010550 1 2.6007e-01
+6.01134e+04 -3.56906e+04 5010551 1 2.5964e-01
+6.10404e+04 -3.58042e+04 5010552 1 2.5924e-01
+6.19654e+04 -3.59089e+04 5010553 1 2.5885e-01
+6.28885e+04 -3.60051e+04 5010554 1 2.5848e-01
+6.38102e+04 -3.60933e+04 5010555 1 2.5814e-01
+6.47307e+04 -3.61738e+04 5010556 1 2.5768e-01
+6.56502e+04 -3.62472e+04 5010557 1 2.5713e-01
+6.65690e+04 -3.63137e+04 5010558 1 2.5657e-01
+6.74872e+04 -3.63738e+04 5010559 1 2.5587e-01
+6.84052e+04 -3.64280e+04 5010560 1 2.5501e-01
+6.93229e+04 -3.64766e+04 5010561 1 2.5394e-01
+7.02405e+04 -3.65200e+04 5010562 1 2.5270e-01
+7.11581e+04 -3.65586e+04 5010563 1 2.5133e-01
+7.20759e+04 -3.65927e+04 5010564 1 2.4982e-01
+7.29940e+04 -3.66228e+04 5010565 1 2.4812e-01
+7.39123e+04 -3.66492e+04 5010566 1 2.4620e-01
+7.48310e+04 -3.66721e+04 5010567 1 2.4416e-01
+7.57500e+04 -3.66920e+04 5010568 1 2.4204e-01
+7.66695e+04 -3.67091e+04 5010569 1 2.3991e-01
+7.75895e+04 -3.67237e+04 5010570 1 2.3761e-01
+7.85099e+04 -3.67360e+04 5010571 1 2.3511e-01
+7.94307e+04 -3.67464e+04 5010572 1 2.3262e-01
+8.03520e+04 -3.67550e+04 5010573 1 2.3019e-01
+8.12737e+04 -3.67621e+04 5010574 1 2.2791e-01
+8.21959e+04 -3.67680e+04 5010575 1 2.2566e-01
+8.31185e+04 -3.67727e+04 5010576 1 2.2319e-01
+8.40415e+04 -3.67765e+04 5010577 1 2.2088e-01
+8.49648e+04 -3.67794e+04 5010578 1 2.1880e-01
+8.58884e+04 -3.67816e+04 5010579 1 2.1708e-01
+8.68123e+04 -3.67834e+04 5010580 1 2.1576e-01
+8.77365e+04 -3.67848e+04 5010581 1 2.1422e-01
+8.86608e+04 -3.67858e+04 5010582 1 2.1300e-01
+8.95853e+04 -3.67864e+04 5010583 1 2.1213e-01
+9.05098e+04 -3.67866e+04 5010584 1 2.1163e-01
+5.54632e+04 -3.34757e+04 5010585 1 2.6349e-01
+5.64132e+04 -3.36326e+04 5010586 1 2.6134e-01
+5.73583e+04 -3.37793e+04 5010587 1 2.5963e-01
+5.82990e+04 -3.39161e+04 5010588 1 2.5843e-01
+5.92358e+04 -3.40434e+04 5010589 1 2.5754e-01
+6.01692e+04 -3.41615e+04 5010590 1 2.5685e-01
+6.10996e+04 -3.42708e+04 5010591 1 2.5623e-01
+6.20274e+04 -3.43717e+04 5010592 1 2.5568e-01
+6.29529e+04 -3.44646e+04 5010593 1 2.5515e-01
+6.38766e+04 -3.45498e+04 5010594 1 2.5468e-01
+6.47987e+04 -3.46278e+04 5010595 1 2.5418e-01
+6.57193e+04 -3.46990e+04 5010596 1 2.5358e-01
+6.66389e+04 -3.47638e+04 5010597 1 2.5294e-01
+6.75576e+04 -3.48225e+04 5010598 1 2.5221e-01
+6.84756e+04 -3.48755e+04 5010599 1 2.5138e-01
+6.93930e+04 -3.49232e+04 5010600 1 2.5042e-01
+7.03100e+04 -3.49659e+04 5010601 1 2.4930e-01
+7.12267e+04 -3.50041e+04 5010602 1 2.4810e-01
+7.21433e+04 -3.50380e+04 5010603 1 2.4685e-01
+7.30599e+04 -3.50680e+04 5010604 1 2.4548e-01
+7.39765e+04 -3.50944e+04 5010605 1 2.4389e-01
+7.48931e+04 -3.51176e+04 5010606 1 2.4221e-01
+7.58100e+04 -3.51377e+04 5010607 1 2.4048e-01
+7.67270e+04 -3.51552e+04 5010608 1 2.3871e-01
+7.76443e+04 -3.51702e+04 5010609 1 2.3690e-01
+7.85618e+04 -3.51831e+04 5010610 1 2.3486e-01
+7.94797e+04 -3.51940e+04 5010611 1 2.3283e-01
+8.03978e+04 -3.52031e+04 5010612 1 2.3085e-01
+8.13162e+04 -3.52108e+04 5010613 1 2.2900e-01
+8.22350e+04 -3.52172e+04 5010614 1 2.2726e-01
+8.31540e+04 -3.52224e+04 5010615 1 2.2527e-01
+8.40733e+04 -3.52267e+04 5010616 1 2.2342e-01
+8.49928e+04 -3.52300e+04 5010617 1 2.2176e-01
+8.59126e+04 -3.52327e+04 5010618 1 2.2039e-01
+8.68325e+04 -3.52348e+04 5010619 1 2.1939e-01
+8.77527e+04 -3.52365e+04 5010620 1 2.1817e-01
+8.86730e+04 -3.52377e+04 5010621 1 2.1721e-01
+8.95934e+04 -3.52385e+04 5010622 1 2.1653e-01
+9.05139e+04 -3.52389e+04 5010623 1 2.1614e-01
+5.54673e+04 -3.19813e+04 5010624 1 2.6377e-01
+5.64230e+04 -3.21306e+04 5010625 1 2.6125e-01
+5.73735e+04 -3.22702e+04 5010626 1 2.5915e-01
+5.83191e+04 -3.24006e+04 5010627 1 2.5736e-01
+5.92605e+04 -3.25221e+04 5010628 1 2.5593e-01
+6.01980e+04 -3.26349e+04 5010629 1 2.5492e-01
+6.11321e+04 -3.27395e+04 5010630 1 2.5406e-01
+6.20632e+04 -3.28362e+04 5010631 1 2.5328e-01
+6.29917e+04 -3.29254e+04 5010632 1 2.5257e-01
+6.39179e+04 -3.30073e+04 5010633 1 2.5191e-01
+6.48420e+04 -3.30824e+04 5010634 1 2.5130e-01
+6.57644e+04 -3.31511e+04 5010635 1 2.5067e-01
+6.66854e+04 -3.32137e+04 5010636 1 2.4996e-01
+6.76051e+04 -3.32705e+04 5010637 1 2.4923e-01
+6.85238e+04 -3.33220e+04 5010638 1 2.4845e-01
+6.94416e+04 -3.33684e+04 5010639 1 2.4757e-01
+7.03588e+04 -3.34102e+04 5010640 1 2.4659e-01
+7.12753e+04 -3.34475e+04 5010641 1 2.4554e-01
+7.21915e+04 -3.34808e+04 5010642 1 2.4441e-01
+7.31073e+04 -3.35104e+04 5010643 1 2.4323e-01
+7.40230e+04 -3.35366e+04 5010644 1 2.4188e-01
+7.49385e+04 -3.35596e+04 5010645 1 2.4046e-01
+7.58539e+04 -3.35798e+04 5010646 1 2.3901e-01
+7.67693e+04 -3.35973e+04 5010647 1 2.3756e-01
+7.76849e+04 -3.36125e+04 5010648 1 2.3611e-01
+7.86005e+04 -3.36256e+04 5010649 1 2.3444e-01
+7.95162e+04 -3.36368e+04 5010650 1 2.3279e-01
+8.04320e+04 -3.36463e+04 5010651 1 2.3119e-01
+8.13481e+04 -3.36543e+04 5010652 1 2.2970e-01
+8.22643e+04 -3.36610e+04 5010653 1 2.2834e-01
+8.31807e+04 -3.36666e+04 5010654 1 2.2676e-01
+8.40972e+04 -3.36712e+04 5010655 1 2.2529e-01
+8.50140e+04 -3.36749e+04 5010656 1 2.2398e-01
+8.59308e+04 -3.36779e+04 5010657 1 2.2290e-01
+8.68479e+04 -3.36803e+04 5010658 1 2.2215e-01
+8.77650e+04 -3.36822e+04 5010659 1 2.2119e-01
+8.86823e+04 -3.36836e+04 5010660 1 2.2044e-01
+8.95996e+04 -3.36845e+04 5010661 1 2.1991e-01
+9.05169e+04 -3.36849e+04 5010662 1 2.1961e-01
+5.54436e+04 -3.04919e+04 5010663 1 2.6505e-01
+5.64052e+04 -3.06332e+04 5010664 1 2.6211e-01
+5.73611e+04 -3.07656e+04 5010665 1 2.5962e-01
+5.83119e+04 -3.08892e+04 5010666 1 2.5749e-01
+5.92580e+04 -3.10045e+04 5010667 1 2.5569e-01
+6.02000e+04 -3.11118e+04 5010668 1 2.5412e-01
+6.11381e+04 -3.12113e+04 5010669 1 2.5277e-01
+6.20730e+04 -3.13034e+04 5010670 1 2.5166e-01
+6.30048e+04 -3.13885e+04 5010671 1 2.5074e-01
+6.39339e+04 -3.14667e+04 5010672 1 2.4987e-01
+6.48608e+04 -3.15386e+04 5010673 1 2.4908e-01
+6.57855e+04 -3.16044e+04 5010674 1 2.4832e-01
+6.67085e+04 -3.16645e+04 5010675 1 2.4755e-01
+6.76299e+04 -3.17192e+04 5010676 1 2.4675e-01
+6.85499e+04 -3.17687e+04 5010677 1 2.4595e-01
+6.94689e+04 -3.18136e+04 5010678 1 2.4509e-01
+7.03868e+04 -3.18540e+04 5010679 1 2.4418e-01
+7.13039e+04 -3.18902e+04 5010680 1 2.4321e-01
+7.22204e+04 -3.19226e+04 5010681 1 2.4221e-01
+7.31363e+04 -3.19515e+04 5010682 1 2.4119e-01
+7.40518e+04 -3.19771e+04 5010683 1 2.4002e-01
+7.49670e+04 -3.19997e+04 5010684 1 2.3881e-01
+7.58818e+04 -3.20196e+04 5010685 1 2.3758e-01
+7.67966e+04 -3.20369e+04 5010686 1 2.3636e-01
+7.77112e+04 -3.20521e+04 5010687 1 2.3518e-01
+7.86257e+04 -3.20652e+04 5010688 1 2.3380e-01
+7.95402e+04 -3.20764e+04 5010689 1 2.3245e-01
+8.04547e+04 -3.20860e+04 5010690 1 2.3114e-01
+8.13693e+04 -3.20942e+04 5010691 1 2.2993e-01
+8.22839e+04 -3.21011e+04 5010692 1 2.2885e-01
+8.31987e+04 -3.21069e+04 5010693 1 2.2758e-01
+8.41134e+04 -3.21117e+04 5010694 1 2.2640e-01
+8.50283e+04 -3.21156e+04 5010695 1 2.2535e-01
+8.59433e+04 -3.21188e+04 5010696 1 2.2449e-01
+8.68583e+04 -3.21213e+04 5010697 1 2.2390e-01
+8.77734e+04 -3.21234e+04 5010698 1 2.2316e-01
+8.86886e+04 -3.21249e+04 5010699 1 2.2256e-01
+8.96038e+04 -3.21259e+04 5010700 1 2.2214e-01
+9.05190e+04 -3.21264e+04 5010701 1 2.2191e-01
+5.53921e+04 -2.90081e+04 5010702 1 2.6731e-01
+5.63597e+04 -2.91412e+04 5010703 1 2.6397e-01
+5.73214e+04 -2.92659e+04 5010704 1 2.6108e-01
+5.82775e+04 -2.93826e+04 5010705 1 2.5858e-01
+5.92286e+04 -2.94914e+04 5010706 1 2.5641e-01
+6.01752e+04 -2.95928e+04 5010707 1 2.5449e-01
+6.11178e+04 -2.96870e+04 5010708 1 2.5279e-01
+6.20566e+04 -2.97742e+04 5010709 1 2.5129e-01
+6.29922e+04 -2.98548e+04 5010710 1 2.4993e-01
+6.39248e+04 -2.99291e+04 5010711 1 2.4872e-01
+6.48548e+04 -2.99974e+04 5010712 1 2.4758e-01
+6.57824e+04 -3.00601e+04 5010713 1 2.4662e-01
+6.67080e+04 -3.01173e+04 5010714 1 2.4570e-01
+6.76317e+04 -3.01695e+04 5010715 1 2.4481e-01
+6.85538e+04 -3.02169e+04 5010716 1 2.4392e-01
+6.94745e+04 -3.02598e+04 5010717 1 2.4300e-01
+7.03940e+04 -3.02985e+04 5010718 1 2.4208e-01
+7.13124e+04 -3.03334e+04 5010719 1 2.4114e-01
+7.22300e+04 -3.03646e+04 5010720 1 2.4019e-01
+7.31468e+04 -3.03925e+04 5010721 1 2.3925e-01
+7.40629e+04 -3.04173e+04 5010722 1 2.3819e-01
+7.49785e+04 -3.04392e+04 5010723 1 2.3711e-01
+7.58937e+04 -3.04586e+04 5010724 1 2.3604e-01
+7.68086e+04 -3.04756e+04 5010725 1 2.3499e-01
+7.77232e+04 -3.04904e+04 5010726 1 2.3398e-01
+7.86375e+04 -3.05033e+04 5010727 1 2.3283e-01
+7.95518e+04 -3.05144e+04 5010728 1 2.3170e-01
+8.04658e+04 -3.05240e+04 5010729 1 2.3062e-01
+8.13799e+04 -3.05322e+04 5010730 1 2.2962e-01
+8.22939e+04 -3.05391e+04 5010731 1 2.2874e-01
+8.32079e+04 -3.05450e+04 5010732 1 2.2772e-01
+8.41218e+04 -3.05498e+04 5010733 1 2.2676e-01
+8.50358e+04 -3.05538e+04 5010734 1 2.2592e-01
+8.59498e+04 -3.05571e+04 5010735 1 2.2524e-01
+8.68638e+04 -3.05597e+04 5010736 1 2.2477e-01
+8.77779e+04 -3.05618e+04 5010737 1 2.2418e-01
+8.86920e+04 -3.05634e+04 5010738 1 2.2370e-01
+8.96061e+04 -3.05644e+04 5010739 1 2.2337e-01
+9.05202e+04 -3.05650e+04 5010740 1 2.2318e-01
+5.53128e+04 -2.75303e+04 5010741 1 2.7064e-01
+5.62866e+04 -2.76550e+04 5010742 1 2.6694e-01
+5.72541e+04 -2.77719e+04 5010743 1 2.6362e-01
+5.82158e+04 -2.78814e+04 5010744 1 2.6069e-01
+5.91722e+04 -2.79836e+04 5010745 1 2.5814e-01
+6.01238e+04 -2.80788e+04 5010746 1 2.5583e-01
+6.10710e+04 -2.81674e+04 5010747 1 2.5374e-01
+6.20143e+04 -2.82495e+04 5010748 1 2.5187e-01
+6.29540e+04 -2.83254e+04 5010749 1 2.5021e-01
+6.38906e+04 -2.83955e+04 5010750 1 2.4867e-01
+6.48242e+04 -2.84599e+04 5010751 1 2.4727e-01
+6.57552e+04 -2.85191e+04 5010752 1 2.4594e-01
+6.66839e+04 -2.85733e+04 5010753 1 2.4472e-01
+6.76105e+04 -2.86227e+04 5010754 1 2.4357e-01
+6.85353e+04 -2.86676e+04 5010755 1 2.4248e-01
+6.94585e+04 -2.87083e+04 5010756 1 2.4137e-01
+7.03802e+04 -2.87452e+04 5010757 1 2.4032e-01
+7.13007e+04 -2.87784e+04 5010758 1 2.3932e-01
+7.22200e+04 -2.88082e+04 5010759 1 2.3834e-01
+7.31385e+04 -2.88348e+04 5010760 1 2.3740e-01
+7.40561e+04 -2.88586e+04 5010761 1 2.3637e-01
+7.49731e+04 -2.88796e+04 5010762 1 2.3536e-01
+7.58894e+04 -2.88983e+04 5010763 1 2.3436e-01
+7.68052e+04 -2.89146e+04 5010764 1 2.3340e-01
+7.77207e+04 -2.89290e+04 5010765 1 2.3250e-01
+7.86358e+04 -2.89415e+04 5010766 1 2.3148e-01
+7.95506e+04 -2.89524e+04 5010767 1 2.3050e-01
+8.04652e+04 -2.89617e+04 5010768 1 2.2957e-01
+8.13796e+04 -2.89697e+04 5010769 1 2.2872e-01
+8.22940e+04 -2.89765e+04 5010770 1 2.2798e-01
+8.32082e+04 -2.89823e+04 5010771 1 2.2713e-01
+8.41223e+04 -2.89871e+04 5010772 1 2.2633e-01
+8.50363e+04 -2.89911e+04 5010773 1 2.2564e-01
+8.59503e+04 -2.89944e+04 5010774 1 2.2508e-01
+8.68644e+04 -2.89970e+04 5010775 1 2.2470e-01
+8.77784e+04 -2.89991e+04 5010776 1 2.2422e-01
+8.86924e+04 -2.90007e+04 5010777 1 2.2383e-01
+8.96063e+04 -2.90018e+04 5010778 1 2.2356e-01
+9.05203e+04 -2.90024e+04 5010779 1 2.2341e-01
