+4.72794e+04 -2.26618e+04 6010080 1 9.9126e-02
+4.84059e+04 -2.27095e+04 6010081 1 9.7596e-02
+4.72055e+04 -2.13932e+04 6010121 1 1.0082e-01
+4.83329e+04 -2.14365e+04 6010122 1 9.9317e-02
+4.71245e+04 -2.01255e+04 6010162 1 1.0281e-01
+4.82529e+04 -2.01647e+04 6010163 1 1.0130e-01
+4.70363e+04 -1.88589e+04 6010203 1 1.0511e-01
+4.69406e+04 -1.75932e+04 6010244 1 1.0777e-01
+4.81656e+04 -1.88940e+04 6010204 1 1.0358e-01
+4.80707e+04 -1.76244e+04 6010245 1 1.0626e-01
+4.79681e+04 -1.63560e+04 6010286 1 1.0932e-01
+4.76100e+04 -1.25579e+04 6010409 1 1.2148e-01
+4.78573e+04 -1.50888e+04 6010327 1 1.1282e-01
+4.77381e+04 -1.38227e+04 6010368 1 1.1684e-01
+4.73254e+04 -1.00319e+04 6010491 1 1.3280e-01
+4.74726e+04 -1.12943e+04 6010450 1 1.2675e-01
+4.71680e+04 -8.77084e+03 6010532 1 1.3974e-01
+4.69997e+04 -7.51108e+03 6010573 1 1.4774e-01
+4.95285e+04 -2.27562e+04 7010039 1 9.6353e-02
+5.06473e+04 -2.28018e+04 7010040 1 9.5259e-02
+5.17625e+04 -2.28463e+04 7010041 1 9.4275e-02
+5.28740e+04 -2.28898e+04 7010042 1 9.3338e-02
+5.39821e+04 -2.29320e+04 7010043 1 9.2469e-02
+5.50869e+04 -2.29731e+04 7010044 1 9.1630e-02
+5.61885e+04 -2.30130e+04 7010045 1 9.0842e-02
+5.72869e+04 -2.30516e+04 7010046 1 9.0086e-02
+5.83824e+04 -2.30889e+04 7010047 1 8.9364e-02
+5.94750e+04 -2.31250e+04 7010048 1 8.8679e-02
+6.05648e+04 -2.31598e+04 7010049 1 8.8048e-02
+6.16520e+04 -2.31933e+04 7010050 1 8.7423e-02
+6.27367e+04 -2.32255e+04 7010051 1 8.6854e-02
+6.38189e+04 -2.32564e+04 7010052 1 8.6324e-02
+6.48989e+04 -2.32859e+04 7010053 1 8.5814e-02
+6.59766e+04 -2.33142e+04 7010054 1 8.5356e-02
+6.70523e+04 -2.33412e+04 7010055 1 8.4934e-02
+6.81260e+04 -2.33669e+04 7010056 1 8.4546e-02
+6.91978e+04 -2.33914e+04 7010057 1 8.4190e-02
+7.02678e+04 -2.34146e+04 7010058 1 8.3856e-02
+7.13362e+04 -2.34365e+04 7010059 1 8.3562e-02
+7.24029e+04 -2.34572e+04 7010060 1 8.3295e-02
+7.34682e+04 -2.34766e+04 7010061 1 8.3054e-02
+7.45321e+04 -2.34949e+04 7010062 1 8.2838e-02
+7.55947e+04 -2.35119e+04 7010063 1 8.2644e-02
+7.66561e+04 -2.35278e+04 7010064 1 8.2470e-02
+7.77164e+04 -2.35425e+04 7010065 1 8.2317e-02
+7.87756e+04 -2.35560e+04 7010066 1 8.2181e-02
+7.98340e+04 -2.35684e+04 7010067 1 8.2062e-02
+8.08914e+04 -2.35797e+04 7010068 1 8.1959e-02
+8.19481e+04 -2.35898e+04 7010069 1 8.1870e-02
+8.30041e+04 -2.35989e+04 7010070 1 8.1794e-02
+8.40595e+04 -2.36069e+04 7010071 1 8.1729e-02
+8.51143e+04 -2.36137e+04 7010072 1 8.1674e-02
+8.61687e+04 -2.36196e+04 7010073 1 8.1629e-02
+8.72227e+04 -2.36243e+04 7010074 1 8.1597e-02
+8.82764e+04 -2.36280e+04 7010075 1 8.1569e-02
+8.93299e+04 -2.36306e+04 7010076 1 8.1549e-02
+9.03832e+04 -2.36322e+04 7010077 1 8.1536e-02
+4.94566e+04 -2.14790e+04 7010078 1 9.8062e-02
+5.05765e+04 -2.15206e+04 7010079 1 9.6948e-02
+5.16929e+04 -2.15611e+04 7010080 1 9.5961e-02
+5.28057e+04 -2.16007e+04 7010081 1 9.5004e-02
+5.39152e+04 -2.16392e+04 7010082 1 9.4080e-02
+5.50214e+04 -2.16766e+04 7010083 1 9.3194e-02
+5.61244e+04 -2.17129e+04 7010084 1 9.2348e-02
+5.72244e+04 -2.17481e+04 7010085 1 9.1521e-02
+5.83215e+04 -2.17821e+04 7010086 1 9.0718e-02
+5.94157e+04 -2.18150e+04 7010087 1 8.9936e-02
+6.05073e+04 -2.18467e+04 7010088 1 8.9172e-02
+6.15962e+04 -2.18772e+04 7010089 1 8.8456e-02
+6.26826e+04 -2.19065e+04 7010090 1 8.7750e-02
+6.37667e+04 -2.19347e+04 7010091 1 8.7092e-02
+6.48485e+04 -2.19617e+04 7010092 1 8.6465e-02
+6.59281e+04 -2.19875e+04 7010093 1 8.5868e-02
+6.70056e+04 -2.20121e+04 7010094 1 8.5290e-02
+6.80812e+04 -2.20355e+04 7010095 1 8.4757e-02
+6.91550e+04 -2.20578e+04 7010096 1 8.4254e-02
+7.02270e+04 -2.20790e+04 7010097 1 8.3782e-02
+7.12973e+04 -2.20990e+04 7010098 1 8.3339e-02
+7.23660e+04 -2.21178e+04 7010099 1 8.2925e-02
+7.34333e+04 -2.21356e+04 7010100 1 8.2534e-02
+7.44992e+04 -2.21522e+04 7010101 1 8.2177e-02
+7.55638e+04 -2.21678e+04 7010102 1 8.1847e-02
+7.66273e+04 -2.21823e+04 7010103 1 8.1543e-02
+7.76896e+04 -2.21957e+04 7010104 1 8.1264e-02
+7.87509e+04 -2.22080e+04 7010105 1 8.1010e-02
+7.98112e+04 -2.22193e+04 7010106 1 8.0780e-02
+8.08708e+04 -2.22296e+04 7010107 1 8.0573e-02
+8.19295e+04 -2.22389e+04 7010108 1 8.0389e-02
+8.29876e+04 -2.22472e+04 7010109 1 8.0226e-02
+8.40450e+04 -2.22544e+04 7010110 1 8.0084e-02
+8.51019e+04 -2.22607e+04 7010111 1 7.9962e-02
+8.61584e+04 -2.22660e+04 7010112 1 7.9859e-02
+8.72144e+04 -2.22704e+04 7010113 1 7.9775e-02
+8.82702e+04 -2.22737e+04 7010114 1 7.9709e-02
+8.93258e+04 -2.22761e+04 7010115 1 7.9662e-02
+9.03812e+04 -2.22776e+04 7010116 1 7.9633e-02
+4.93776e+04 -2.02031e+04 7010117 1 1.0003e-01
+5.04986e+04 -2.02407e+04 7010118 1 9.8914e-02
+5.16162e+04 -2.02773e+04 7010119 1 9.7887e-02
+5.27303e+04 -2.03131e+04 7010120 1 9.6903e-02
+5.38412e+04 -2.03479e+04 7010121 1 9.5938e-02
+5.49489e+04 -2.03817e+04 7010122 1 9.5000e-02
+5.60535e+04 -2.04146e+04 7010123 1 9.4065e-02
+5.71551e+04 -2.04464e+04 7010124 1 9.3159e-02
+5.82538e+04 -2.04772e+04 7010125 1 9.2257e-02
+5.93498e+04 -2.05069e+04 7010126 1 9.1363e-02
+6.04431e+04 -2.05356e+04 7010127 1 9.0487e-02
+6.15339e+04 -2.05632e+04 7010128 1 8.9646e-02
+6.26222e+04 -2.05898e+04 7010129 1 8.8809e-02
+6.37082e+04 -2.06153e+04 7010130 1 8.8010e-02
+6.47920e+04 -2.06397e+04 7010131 1 8.7219e-02
+6.58736e+04 -2.06630e+04 7010132 1 8.6470e-02
+6.69533e+04 -2.06853e+04 7010133 1 8.5746e-02
+6.80309e+04 -2.07065e+04 7010134 1 8.5050e-02
+6.91068e+04 -2.07267e+04 7010135 1 8.4370e-02
+7.01809e+04 -2.07459e+04 7010136 1 8.3732e-02
+7.12534e+04 -2.07640e+04 7010137 1 8.3123e-02
+7.23244e+04 -2.07811e+04 7010138 1 8.2544e-02
+7.33939e+04 -2.07971e+04 7010139 1 8.1995e-02
+7.44620e+04 -2.08122e+04 7010140 1 8.1476e-02
+7.55289e+04 -2.08263e+04 7010141 1 8.0989e-02
+7.65946e+04 -2.08394e+04 7010142 1 8.0530e-02
+7.76592e+04 -2.08515e+04 7010143 1 8.0106e-02
+7.87228e+04 -2.08627e+04 7010144 1 7.9713e-02
+7.97855e+04 -2.08730e+04 7010145 1 7.9353e-02
+8.08473e+04 -2.08823e+04 7010146 1 7.9025e-02
+8.19084e+04 -2.08907e+04 7010147 1 7.8728e-02
+8.29687e+04 -2.08982e+04 7010148 1 7.8463e-02
+8.40285e+04 -2.09048e+04 7010149 1 7.8229e-02
+8.50878e+04 -2.09105e+04 7010150 1 7.8026e-02
+8.61466e+04 -2.09153e+04 7010151 1 7.7854e-02
+8.72050e+04 -2.09192e+04 7010152 1 7.7714e-02
+8.82632e+04 -2.09222e+04 7010153 1 7.7604e-02
+8.93211e+04 -2.09244e+04 7010154 1 7.7524e-02
+9.03788e+04 -2.09257e+04 7010155 1 7.7476e-02
+4.92913e+04 -1.89284e+04 7010156 1 1.0231e-01
+5.04134e+04 -1.89621e+04 7010157 1 1.0116e-01
+5.15322e+04 -1.89950e+04 7010158 1 1.0009e-01
+5.26477e+04 -1.90271e+04 7010159 1 9.9074e-02
+5.37600e+04 -1.90583e+04 7010160 1 9.8039e-02
+5.48692e+04 -1.90887e+04 7010161 1 9.7040e-02
+5.59754e+04 -1.91182e+04 7010162 1 9.6024e-02
+5.70787e+04 -1.91467e+04 7010163 1 9.5023e-02
+5.81792e+04 -1.91743e+04 7010164 1 9.4017e-02
+5.92770e+04 -1.92010e+04 7010165 1 9.3011e-02
+6.03722e+04 -1.92268e+04 7010166 1 9.2011e-02
+6.14650e+04 -1.92516e+04 7010167 1 9.1018e-02
+6.25553e+04 -1.92754e+04 7010168 1 9.0053e-02
+6.36434e+04 -1.92983e+04 7010169 1 8.9084e-02
+6.47293e+04 -1.93202e+04 7010170 1 8.8148e-02
+6.58132e+04 -1.93412e+04 7010171 1 8.7228e-02
+6.68950e+04 -1.93612e+04 7010172 1 8.6315e-02
+6.79750e+04 -1.93802e+04 7010173 1 8.5439e-02
+6.90531e+04 -1.93983e+04 7010174 1 8.4588e-02
+7.01296e+04 -1.94155e+04 7010175 1 8.3762e-02
+7.12045e+04 -1.94318e+04 7010176 1 8.2965e-02
+7.22779e+04 -1.94471e+04 7010177 1 8.2190e-02
+7.33498e+04 -1.94616e+04 7010178 1 8.1455e-02
+7.44204e+04 -1.94751e+04 7010179 1 8.0755e-02
+7.54898e+04 -1.94877e+04 7010180 1 8.0088e-02
+7.65580e+04 -1.94995e+04 7010181 1 7.9458e-02
+7.76251e+04 -1.95104e+04 7010182 1 7.8865e-02
+7.86913e+04 -1.95205e+04 7010183 1 7.8311e-02
+7.97565e+04 -1.95297e+04 7010184 1 7.7797e-02
+8.08210e+04 -1.95380e+04 7010185 1 7.7325e-02
+8.18846e+04 -1.95456e+04 7010186 1 7.6896e-02
+8.29476e+04 -1.95523e+04 7010187 1 7.6512e-02
+8.40100e+04 -1.95582e+04 7010188 1 7.6169e-02
+8.50719e+04 -1.95633e+04 7010189 1 7.5871e-02
+8.61334e+04 -1.95676e+04 7010190 1 7.5617e-02
+8.71944e+04 -1.95711e+04 7010191 1 7.5408e-02
+8.82552e+04 -1.95739e+04 7010192 1 7.5245e-02
+8.93158e+04 -1.95758e+04 7010193 1 7.5127e-02
+9.03762e+04 -1.95770e+04 7010194 1 7.5056e-02
+4.91974e+04 -1.76551e+04 7010195 1 1.0493e-01
+5.03207e+04 -1.76850e+04 7010196 1 1.0377e-01
+5.14408e+04 -1.77142e+04 7010197 1 1.0265e-01
+5.25576e+04 -1.77428e+04 7010198 1 1.0156e-01
+5.36714e+04 -1.77705e+04 7010199 1 1.0049e-01
+5.47821e+04 -1.77975e+04 7010200 1 9.9385e-02
+5.58900e+04 -1.78237e+04 7010201 1 9.8285e-02
+5.69950e+04 -1.78491e+04 7010202 1 9.7164e-02
+5.80974e+04 -1.78737e+04 7010203 1 9.6050e-02
+5.91971e+04 -1.78974e+04 7010204 1 9.4923e-02
+6.02944e+04 -1.79203e+04 7010205 1 9.3788e-02
+6.13892e+04 -1.79424e+04 7010206 1 9.2669e-02
+6.24818e+04 -1.79636e+04 7010207 1 9.1528e-02
+6.35721e+04 -1.79839e+04 7010208 1 9.0390e-02
+6.46603e+04 -1.80034e+04 7010209 1 8.9277e-02
+6.57465e+04 -1.80221e+04 7010210 1 8.8156e-02
+6.68307e+04 -1.80399e+04 7010211 1 8.7066e-02
+6.79131e+04 -1.80568e+04 7010212 1 8.5992e-02
+6.89938e+04 -1.80729e+04 7010213 1 8.4936e-02
+7.00729e+04 -1.80882e+04 7010214 1 8.3892e-02
+7.11503e+04 -1.81027e+04 7010215 1 8.2887e-02
+7.22263e+04 -1.81163e+04 7010216 1 8.1911e-02
+7.33010e+04 -1.81291e+04 7010217 1 8.0966e-02
+7.43743e+04 -1.81412e+04 7010218 1 8.0057e-02
+7.54464e+04 -1.81524e+04 7010219 1 7.9186e-02
+7.65174e+04 -1.81629e+04 7010220 1 7.8350e-02
+7.75873e+04 -1.81726e+04 7010221 1 7.7564e-02
+7.86563e+04 -1.81815e+04 7010222 1 7.6824e-02
+7.97244e+04 -1.81897e+04 7010223 1 7.6134e-02
+8.07917e+04 -1.81971e+04 7010224 1 7.5495e-02
+8.18582e+04 -1.82038e+04 7010225 1 7.4910e-02
+8.29241e+04 -1.82098e+04 7010226 1 7.4380e-02
+8.39894e+04 -1.82151e+04 7010227 1 7.3908e-02
+8.50543e+04 -1.82196e+04 7010228 1 7.3496e-02
+8.61186e+04 -1.82234e+04 7010229 1 7.3143e-02
+8.71827e+04 -1.82266e+04 7010230 1 7.2853e-02
+8.82464e+04 -1.82290e+04 7010231 1 7.2625e-02
+8.93099e+04 -1.82307e+04 7010232 1 7.2461e-02
+9.03733e+04 -1.82318e+04 7010233 1 7.2362e-02
+4.90958e+04 -1.63830e+04 7010234 1 1.0795e-01
+5.02202e+04 -1.64093e+04 7010235 1 1.0673e-01
+5.13415e+04 -1.64351e+04 7010236 1 1.0557e-01
+5.24597e+04 -1.64601e+04 7010237 1 1.0440e-01
+5.35750e+04 -1.64846e+04 7010238 1 1.0324e-01
+5.46874e+04 -1.65083e+04 7010239 1 1.0207e-01
+5.57970e+04 -1.65314e+04 7010240 1 1.0088e-01
+5.69039e+04 -1.65538e+04 7010241 1 9.9655e-02
+5.80082e+04 -1.65754e+04 7010242 1 9.8423e-02
+5.91100e+04 -1.65963e+04 7010243 1 9.7165e-02
+6.02094e+04 -1.66164e+04 7010244 1 9.5884e-02
+6.13065e+04 -1.66358e+04 7010245 1 9.4586e-02
+6.24013e+04 -1.66545e+04 7010246 1 9.3275e-02
+6.34940e+04 -1.66724e+04 7010247 1 9.1956e-02
+6.45847e+04 -1.66895e+04 7010248 1 9.0653e-02
+6.56734e+04 -1.67060e+04 7010249 1 8.9331e-02
+6.67603e+04 -1.67216e+04 7010250 1 8.8032e-02
+6.78453e+04 -1.67365e+04 7010251 1 8.6741e-02
+6.89287e+04 -1.67507e+04 7010252 1 8.5449e-02
+7.00105e+04 -1.67642e+04 7010253 1 8.4190e-02
+7.10908e+04 -1.67769e+04 7010254 1 8.2953e-02
+7.21697e+04 -1.67889e+04 7010255 1 8.1742e-02
+7.32473e+04 -1.68002e+04 7010256 1 8.0554e-02
+7.43235e+04 -1.68107e+04 7010257 1 7.9412e-02
+7.53986e+04 -1.68206e+04 7010258 1 7.8309e-02
+7.64727e+04 -1.68298e+04 7010259 1 7.7249e-02
+7.75457e+04 -1.68384e+04 7010260 1 7.6240e-02
+7.86177e+04 -1.68462e+04 7010261 1 7.5285e-02
+7.96890e+04 -1.68534e+04 7010262 1 7.4388e-02
+8.07594e+04 -1.68600e+04 7010263 1 7.3553e-02
+8.18291e+04 -1.68659e+04 7010264 1 7.2785e-02
+8.28982e+04 -1.68711e+04 7010265 1 7.2086e-02
+8.39667e+04 -1.68757e+04 7010266 1 7.1464e-02
+8.50348e+04 -1.68797e+04 7010267 1 7.0916e-02
+8.61024e+04 -1.68831e+04 7010268 1 7.0446e-02
+8.71697e+04 -1.68859e+04 7010269 1 7.0058e-02
+8.82367e+04 -1.68880e+04 7010270 1 6.9754e-02
+8.93034e+04 -1.68895e+04 7010271 1 6.9534e-02
+9.03701e+04 -1.68904e+04 7010272 1 6.9402e-02
+4.89860e+04 -1.51122e+04 7010273 1 1.1140e-01
+5.01116e+04 -1.51351e+04 7010274 1 1.1013e-01
+5.12342e+04 -1.51575e+04 7010275 1 1.0890e-01
+5.23538e+04 -1.51793e+04 7010276 1 1.0768e-01
+5.34707e+04 -1.52006e+04 7010277 1 1.0643e-01
+5.45848e+04 -1.52213e+04 7010278 1 1.0517e-01
+5.56962e+04 -1.52413e+04 7010279 1 1.0385e-01
+5.68051e+04 -1.52607e+04 7010280 1 1.0252e-01
+5.79114e+04 -1.52795e+04 7010281 1 1.0116e-01
+5.90154e+04 -1.52977e+04 7010282 1 9.9736e-02
+6.01170e+04 -1.53152e+04 7010283 1 9.8302e-02
+6.12165e+04 -1.53321e+04 7010284 1 9.6836e-02
+6.23138e+04 -1.53483e+04 7010285 1 9.5366e-02
+6.34090e+04 -1.53639e+04 7010286 1 9.3853e-02
+6.45023e+04 -1.53788e+04 7010287 1 9.2324e-02
+6.55937e+04 -1.53931e+04 7010288 1 9.0805e-02
+6.66834e+04 -1.54067e+04 7010289 1 8.9262e-02
+6.77713e+04 -1.54196e+04 7010290 1 8.7737e-02
+6.88577e+04 -1.54320e+04 7010291 1 8.6202e-02
+6.99425e+04 -1.54436e+04 7010292 1 8.4694e-02
+7.10258e+04 -1.54547e+04 7010293 1 8.3203e-02
+7.21078e+04 -1.54651e+04 7010294 1 8.1734e-02
+7.31885e+04 -1.54749e+04 7010295 1 8.0284e-02
+7.42680e+04 -1.54841e+04 7010296 1 7.8879e-02
+7.53464e+04 -1.54927e+04 7010297 1 7.7513e-02
+7.64237e+04 -1.55007e+04 7010298 1 7.6195e-02
+7.75000e+04 -1.55081e+04 7010299 1 7.4932e-02
+7.85755e+04 -1.55149e+04 7010300 1 7.3729e-02
+7.96501e+04 -1.55212e+04 7010301 1 7.2592e-02
+8.07240e+04 -1.55269e+04 7010302 1 7.1531e-02
+8.17972e+04 -1.55320e+04 7010303 1 7.0548e-02
+8.28698e+04 -1.55366e+04 7010304 1 6.9651e-02
+8.39418e+04 -1.55406e+04 7010305 1 6.8843e-02
+8.50134e+04 -1.55440e+04 7010306 1 6.8132e-02
+8.60846e+04 -1.55470e+04 7010307 1 6.7521e-02
+8.71554e+04 -1.55494e+04 7010308 1 6.7014e-02
+8.82260e+04 -1.55512e+04 7010309 1 6.6616e-02
+8.92963e+04 -1.55525e+04 7010310 1 6.6329e-02
+9.03666e+04 -1.55533e+04 7010311 1 6.6156e-02
+4.88678e+04 -1.38428e+04 7010312 1 1.1539e-01
+4.99945e+04 -1.38625e+04 7010313 1 1.1402e-01
+5.11184e+04 -1.38817e+04 7010314 1 1.1274e-01
+5.22396e+04 -1.39004e+04 7010315 1 1.1143e-01
+5.33581e+04 -1.39186e+04 7010316 1 1.1008e-01
+5.44739e+04 -1.39363e+04 7010317 1 1.0873e-01
+5.55872e+04 -1.39535e+04 7010318 1 1.0731e-01
+5.66981e+04 -1.39702e+04 7010319 1 1.0583e-01
+5.78067e+04 -1.39863e+04 7010320 1 1.0431e-01
+5.89129e+04 -1.40019e+04 7010321 1 1.0276e-01
+6.00170e+04 -1.40169e+04 7010322 1 1.0113e-01
+6.11189e+04 -1.40314e+04 7010323 1 9.9490e-02
+6.22188e+04 -1.40453e+04 7010324 1 9.7806e-02
+6.33168e+04 -1.40586e+04 7010325 1 9.6110e-02
+6.44129e+04 -1.40714e+04 7010326 1 9.4363e-02
+6.55072e+04 -1.40836e+04 7010327 1 9.2594e-02
+6.65999e+04 -1.40953e+04 7010328 1 9.0828e-02
+6.76909e+04 -1.41064e+04 7010329 1 8.9034e-02
+6.87804e+04 -1.41170e+04 7010330 1 8.7254e-02
+6.98684e+04 -1.41270e+04 7010331 1 8.5461e-02
+7.09551e+04 -1.41364e+04 7010332 1 8.3693e-02
+7.20404e+04 -1.41454e+04 7010333 1 8.1941e-02
+7.31245e+04 -1.41538e+04 7010334 1 8.0213e-02
+7.42075e+04 -1.41616e+04 7010335 1 7.8505e-02
+7.52894e+04 -1.41690e+04 7010336 1 7.6848e-02
+7.63703e+04 -1.41758e+04 7010337 1 7.5239e-02
+7.74503e+04 -1.41822e+04 7010338 1 7.3688e-02
+7.85294e+04 -1.41880e+04 7010339 1 7.2202e-02
+7.96078e+04 -1.41934e+04 7010340 1 7.0789e-02
+8.06854e+04 -1.41982e+04 7010341 1 6.9462e-02
+8.17624e+04 -1.42026e+04 7010342 1 6.8227e-02
+8.28387e+04 -1.42065e+04 7010343 1 6.7093e-02
+8.39146e+04 -1.42099e+04 7010344 1 6.6069e-02
+8.49900e+04 -1.42129e+04 7010345 1 6.5162e-02
+8.60651e+04 -1.42154e+04 7010346 1 6.4380e-02
+8.71398e+04 -1.42174e+04 7010347 1 6.3729e-02
+8.82143e+04 -1.42190e+04 7010348 1 6.3217e-02
+8.92886e+04 -1.42202e+04 7010349 1 6.2847e-02
+9.03627e+04 -1.42208e+04 7010350 1 6.2624e-02
+4.87407e+04 -1.25748e+04 7010351 1 1.1993e-01
+4.98686e+04 -1.25914e+04 7010352 1 1.1849e-01
+5.09939e+04 -1.26076e+04 7010353 1 1.1709e-01
+5.21166e+04 -1.26234e+04 7010354 1 1.1572e-01
+5.32367e+04 -1.26388e+04 7010355 1 1.1427e-01
+5.43545e+04 -1.26537e+04 7010356 1 1.1277e-01
+5.54698e+04 -1.26682e+04 7010357 1 1.1124e-01
+5.65828e+04 -1.26823e+04 7010358 1 1.0963e-01
+5.76936e+04 -1.26959e+04 7010359 1 1.0797e-01
+5.88023e+04 -1.27090e+04 7010360 1 1.0623e-01
+5.99089e+04 -1.27217e+04 7010361 1 1.0443e-01
+6.10135e+04 -1.27339e+04 7010362 1 1.0260e-01
+6.21162e+04 -1.27456e+04 7010363 1 1.0072e-01
+6.32171e+04 -1.27568e+04 7010364 1 9.8780e-02
+6.43162e+04 -1.27676e+04 7010365 1 9.6802e-02
+6.54137e+04 -1.27779e+04 7010366 1 9.4790e-02
+6.65095e+04 -1.27877e+04 7010367 1 9.2770e-02
+6.76038e+04 -1.27971e+04 7010368 1 9.0707e-02
+6.86967e+04 -1.28060e+04 7010369 1 8.8648e-02
+6.97882e+04 -1.28144e+04 7010370 1 8.6564e-02
+7.08784e+04 -1.28224e+04 7010371 1 8.4498e-02
+7.19674e+04 -1.28299e+04 7010372 1 8.2424e-02
+7.30552e+04 -1.28369e+04 7010373 1 8.0381e-02
+7.41419e+04 -1.28436e+04 7010374 1 7.8364e-02
+7.52276e+04 -1.28497e+04 7010375 1 7.6383e-02
+7.63124e+04 -1.28555e+04 7010376 1 7.4442e-02
+7.73963e+04 -1.28608e+04 7010377 1 7.2566e-02
+7.84794e+04 -1.28657e+04 7010378 1 7.0759e-02
+7.95618e+04 -1.28702e+04 7010379 1 6.9031e-02
+8.06435e+04 -1.28743e+04 7010380 1 6.7396e-02
+8.17245e+04 -1.28780e+04 7010381 1 6.5866e-02
+8.28051e+04 -1.28813e+04 7010382 1 6.4453e-02
+8.38851e+04 -1.28842e+04 7010383 1 6.3169e-02
+8.49647e+04 -1.28867e+04 7010384 1 6.2026e-02
+8.60439e+04 -1.28888e+04 7010385 1 6.1037e-02
+8.71229e+04 -1.28905e+04 7010386 1 6.0211e-02
+8.82016e+04 -1.28918e+04 7010387 1 5.9557e-02
+8.92801e+04 -1.28928e+04 7010388 1 5.9085e-02
+9.03585e+04 -1.28933e+04 7010389 1 5.8800e-02
+4.86043e+04 -1.13083e+04 7010390 1 1.2516e-01
+4.97335e+04 -1.13220e+04 7010391 1 1.2362e-01
+5.08602e+04 -1.13354e+04 7010392 1 1.2210e-01
+5.19844e+04 -1.13485e+04 7010393 1 1.2058e-01
+5.31064e+04 -1.13612e+04 7010394 1 1.1905e-01
+5.42260e+04 -1.13735e+04 7010395 1 1.1741e-01
+5.53434e+04 -1.13855e+04 7010396 1 1.1573e-01
+5.64587e+04 -1.13971e+04 7010397 1 1.1398e-01
+5.75720e+04 -1.14084e+04 7010398 1 1.1214e-01
+5.86832e+04 -1.14192e+04 7010399 1 1.1024e-01
+5.97925e+04 -1.14297e+04 7010400 1 1.0826e-01
+6.08999e+04 -1.14398e+04 7010401 1 1.0623e-01
+6.20056e+04 -1.14494e+04 7010402 1 1.0410e-01
+6.31096e+04 -1.14587e+04 7010403 1 1.0194e-01
+6.42119e+04 -1.14676e+04 7010404 1 9.9722e-02
+6.53127e+04 -1.14761e+04 7010405 1 9.7454e-02
+6.64119e+04 -1.14842e+04 7010406 1 9.5143e-02
+6.75098e+04 -1.14919e+04 7010407 1 9.2819e-02
+6.86063e+04 -1.14992e+04 7010408 1 9.0445e-02
+6.97015e+04 -1.15062e+04 7010409 1 8.8054e-02
+7.07955e+04 -1.15128e+04 7010410 1 8.5666e-02
+7.18884e+04 -1.15190e+04 7010411 1 8.3276e-02
+7.29802e+04 -1.15248e+04 7010412 1 8.0880e-02
+7.40710e+04 -1.15302e+04 7010413 1 7.8516e-02
+7.51608e+04 -1.15353e+04 7010414 1 7.6182e-02
+7.62498e+04 -1.15401e+04 7010415 1 7.3880e-02
+7.73380e+04 -1.15445e+04 7010416 1 7.1642e-02
+7.84253e+04 -1.15485e+04 7010417 1 6.9472e-02
+7.95120e+04 -1.15522e+04 7010418 1 6.7383e-02
+8.05981e+04 -1.15556e+04 7010419 1 6.5392e-02
+8.16836e+04 -1.15586e+04 7010420 1 6.3517e-02
+8.27686e+04 -1.15613e+04 7010421 1 6.1773e-02
+8.38531e+04 -1.15637e+04 7010422 1 6.0179e-02
+8.49372e+04 -1.15657e+04 7010423 1 5.8750e-02
+8.60210e+04 -1.15675e+04 7010424 1 5.7505e-02
+8.71046e+04 -1.15689e+04 7010425 1 5.6461e-02
+8.81878e+04 -1.15700e+04 7010426 1 5.5632e-02
+8.92710e+04 -1.15708e+04 7010427 1 5.5030e-02
+9.03540e+04 -1.15712e+04 7010428 1 5.4666e-02
+4.84582e+04 -1.00432e+04 7010429 1 1.3108e-01
+4.95886e+04 -1.00543e+04 7010430 1 1.2945e-01
+5.07168e+04 -1.00651e+04 7010431 1 1.2782e-01
+5.18427e+04 -1.00756e+04 7010432 1 1.2619e-01
+5.29665e+04 -1.00859e+04 7010433 1 1.2449e-01
+5.40881e+04 -1.00959e+04 7010434 1 1.2273e-01
+5.52078e+04 -1.01055e+04 7010435 1 1.2089e-01
+5.63255e+04 -1.01149e+04 7010436 1 1.1896e-01
+5.74412e+04 -1.01239e+04 7010437 1 1.1696e-01
+5.85552e+04 -1.01327e+04 7010438 1 1.1486e-01
+5.96673e+04 -1.01411e+04 7010439 1 1.1269e-01
+6.07778e+04 -1.01492e+04 7010440 1 1.1042e-01
+6.18866e+04 -1.01570e+04 7010441 1 1.0808e-01
+6.29939e+04 -1.01645e+04 7010442 1 1.0565e-01
+6.40997e+04 -1.01717e+04 7010443 1 1.0318e-01
+6.52040e+04 -1.01785e+04 7010444 1 1.0065e-01
+6.63069e+04 -1.01850e+04 7010445 1 9.8054e-02
+6.74086e+04 -1.01912e+04 7010446 1 9.5411e-02
+6.85090e+04 -1.01971e+04 7010447 1 9.2725e-02
+6.96082e+04 -1.02027e+04 7010448 1 9.0027e-02
+7.07063e+04 -1.02080e+04 7010449 1 8.7285e-02
+7.18034e+04 -1.02130e+04 7010450 1 8.4547e-02
+7.28994e+04 -1.02176e+04 7010451 1 8.1788e-02
+7.39946e+04 -1.02220e+04 7010452 1 7.9052e-02
+7.50888e+04 -1.02261e+04 7010453 1 7.6323e-02
+7.61823e+04 -1.02299e+04 7010454 1 7.3639e-02
+7.72750e+04 -1.02334e+04 7010455 1 7.1001e-02
+7.83670e+04 -1.02367e+04 7010456 1 6.8419e-02
+7.94584e+04 -1.02397e+04 7010457 1 6.5925e-02
+8.05492e+04 -1.02424e+04 7010458 1 6.3529e-02
+8.16394e+04 -1.02448e+04 7010459 1 6.1254e-02
+8.27292e+04 -1.02470e+04 7010460 1 5.9120e-02
+8.38186e+04 -1.02489e+04 7010461 1 5.7156e-02
+8.49076e+04 -1.02505e+04 7010462 1 5.5382e-02
+8.59963e+04 -1.02519e+04 7010463 1 5.3824e-02
+8.70848e+04 -1.02530e+04 7010464 1 5.2507e-02
+8.81730e+04 -1.02539e+04 7010465 1 5.1455e-02
+8.92611e+04 -1.02545e+04 7010466 1 5.0689e-02
+9.03491e+04 -1.02549e+04 7010467 1 5.0223e-02
+4.83018e+04 -8.77969e+03 7010468 1 1.3793e-01
+4.94335e+04 -8.78835e+03 7010469 1 1.3615e-01
+5.05632e+04 -8.79680e+03 7010470 1 1.3436e-01
+5.16908e+04 -8.80504e+03 7010471 1 1.3256e-01
+5.28166e+04 -8.81305e+03 7010472 1 1.3072e-01
+5.39404e+04 -8.82084e+03 7010473 1 1.2877e-01
+5.50623e+04 -8.82839e+03 7010474 1 1.2676e-01
+5.61825e+04 -8.83571e+03 7010475 1 1.2468e-01
+5.73010e+04 -8.84278e+03 7010476 1 1.2248e-01
+5.84178e+04 -8.84961e+03 7010477 1 1.2015e-01
+5.95331e+04 -8.85619e+03 7010478 1 1.1775e-01
+6.06467e+04 -8.86251e+03 7010479 1 1.1527e-01
+6.17589e+04 -8.86859e+03 7010480 1 1.1270e-01
+6.28697e+04 -8.87442e+03 7010481 1 1.1002e-01
+6.39791e+04 -8.88000e+03 7010482 1 1.0726e-01
+6.50872e+04 -8.88533e+03 7010483 1 1.0445e-01
+6.61941e+04 -8.89041e+03 7010484 1 1.0156e-01
+6.72998e+04 -8.89524e+03 7010485 1 9.8585e-02
+6.84044e+04 -8.89983e+03 7010486 1 9.5600e-02
+6.95079e+04 -8.90418e+03 7010487 1 9.2544e-02
+7.06104e+04 -8.90829e+03 7010488 1 8.9450e-02
+7.17119e+04 -8.91217e+03 7010489 1 8.6327e-02
+7.28125e+04 -8.91581e+03 7010490 1 8.3187e-02
+7.39123e+04 -8.91922e+03 7010491 1 8.0057e-02
+7.50114e+04 -8.92240e+03 7010492 1 7.6917e-02
+7.61097e+04 -8.92536e+03 7010493 1 7.3811e-02
+7.72073e+04 -8.92810e+03 7010494 1 7.0738e-02
+7.83042e+04 -8.93062e+03 7010495 1 6.7710e-02
+7.94006e+04 -8.93293e+03 7010496 1 6.4762e-02
+8.04965e+04 -8.93502e+03 7010497 1 6.1907e-02
+8.15919e+04 -8.93691e+03 7010498 1 5.9170e-02
+8.26869e+04 -8.93859e+03 7010499 1 5.6582e-02
+8.37815e+04 -8.94007e+03 7010500 1 5.4173e-02
+8.48757e+04 -8.94134e+03 7010501 1 5.1975e-02
+8.59697e+04 -8.94242e+03 7010502 1 5.0027e-02
+8.70635e+04 -8.94330e+03 7010503 1 4.8373e-02
+8.81570e+04 -8.94398e+03 7010504 1 4.7035e-02
+8.92505e+04 -8.94446e+03 7010505 1 4.6054e-02
+9.03438e+04 -8.94475e+03 7010506 1 4.5455e-02
+4.81346e+04 -7.51772e+03 7010507 1 1.4581e-01
+4.92677e+04 -7.52423e+03 7010508 1 1.4384e-01
+5.03989e+04 -7.53057e+03 7010509 1 1.4191e-01
+5.15284e+04 -7.53675e+03 7010510 1 1.3993e-01
+5.26561e+04 -7.54276e+03 7010511 1 1.3789e-01
+5.37822e+04 -7.54861e+03 7010512 1 1.3577e-01
+5.49066e+04 -7.55427e+03 7010513 1 1.3354e-01
+5.60295e+04 -7.55975e+03 7010514 1 1.3122e-01
+5.71508e+04 -7.56505e+03 7010515 1 1.2881e-01
+5.82707e+04 -7.57016e+03 7010516 1 1.2629e-01
+5.93892e+04 -7.57509e+03 7010517 1 1.2364e-01
+6.05063e+04 -7.57983e+03 7010518 1 1.2090e-01
+6.16220e+04 -7.58438e+03 7010519 1 1.1805e-01
+6.27366e+04 -7.58874e+03 7010520 1 1.1512e-01
+6.38499e+04 -7.59291e+03 7010521 1 1.1208e-01
+6.49620e+04 -7.59689e+03 7010522 1 1.0895e-01
+6.60731e+04 -7.60069e+03 7010523 1 1.0574e-01
+6.71831e+04 -7.60430e+03 7010524 1 1.0247e-01
+6.82921e+04 -7.60773e+03 7010525 1 9.9103e-02
+6.94002e+04 -7.61097e+03 7010526 1 9.5698e-02
+7.05074e+04 -7.61404e+03 7010527 1 9.2239e-02
+7.16138e+04 -7.61693e+03 7010528 1 8.8734e-02
+7.27193e+04 -7.61965e+03 7010529 1 8.5195e-02
+7.38241e+04 -7.62219e+03 7010530 1 8.1650e-02
+7.49282e+04 -7.62456e+03 7010531 1 7.8077e-02
+7.60317e+04 -7.62676e+03 7010532 1 7.4508e-02
+7.71346e+04 -7.62880e+03 7010533 1 7.0971e-02
+7.82369e+04 -7.63068e+03 7010534 1 6.7459e-02
+7.93386e+04 -7.63240e+03 7010535 1 6.4014e-02
+8.04400e+04 -7.63396e+03 7010536 1 6.0644e-02
+8.15409e+04 -7.63536e+03 7010537 1 5.7388e-02
+8.26414e+04 -7.63661e+03 7010538 1 5.4274e-02
+8.37416e+04 -7.63771e+03 7010539 1 5.1340e-02
+8.48415e+04 -7.63865e+03 7010540 1 4.8634e-02
+8.59412e+04 -7.63945e+03 7010541 1 4.6200e-02
+8.70406e+04 -7.64011e+03 7010542 1 4.4097e-02
+8.81399e+04 -7.64061e+03 7010543 1 4.2381e-02
+8.92391e+04 -7.64097e+03 7010544 1 4.1109e-02
+9.03381e+04 -7.64119e+03 7010545 1 4.0327e-02
+4.79559e+04 -6.25738e+03 7010546 1 1.5496e-01
+4.90904e+04 -6.26199e+03 7010547 1 1.5286e-01
+5.02233e+04 -6.26649e+03 7010548 1 1.5071e-01
+5.13547e+04 -6.27088e+03 7010549 1 1.4853e-01
+5.24846e+04 -6.27515e+03 7010550 1 1.4624e-01
+5.36131e+04 -6.27929e+03 7010551 1 1.4389e-01
+5.47401e+04 -6.28330e+03 7010552 1 1.4145e-01
+5.58658e+04 -6.28719e+03 7010553 1 1.3888e-01
+5.69902e+04 -6.29094e+03 7010554 1 1.3620e-01
+5.81133e+04 -6.29456e+03 7010555 1 1.3340e-01
+5.92352e+04 -6.29805e+03 7010556 1 1.3049e-01
+6.03560e+04 -6.30140e+03 7010557 1 1.2748e-01
+6.14755e+04 -6.30461e+03 7010558 1 1.2434e-01
+6.25941e+04 -6.30769e+03 7010559 1 1.2111e-01
+6.37115e+04 -6.31064e+03 7010560 1 1.1776e-01
+6.48280e+04 -6.31345e+03 7010561 1 1.1433e-01
+6.59436e+04 -6.31613e+03 7010562 1 1.1077e-01
+6.70582e+04 -6.31868e+03 7010563 1 1.0714e-01
+6.81720e+04 -6.32110e+03 7010564 1 1.0346e-01
+6.92850e+04 -6.32339e+03 7010565 1 9.9661e-02
+7.03972e+04 -6.32555e+03 7010566 1 9.5822e-02
+7.15086e+04 -6.32758e+03 7010567 1 9.1897e-02
+7.26194e+04 -6.32949e+03 7010568 1 8.7944e-02
+7.37296e+04 -6.33128e+03 7010569 1 8.3948e-02
+7.48392e+04 -6.33295e+03 7010570 1 7.9924e-02
+7.59482e+04 -6.33450e+03 7010571 1 7.5882e-02
+7.70566e+04 -6.33593e+03 7010572 1 7.1840e-02
+7.81647e+04 -6.33725e+03 7010573 1 6.7825e-02
+7.92722e+04 -6.33846e+03 7010574 1 6.3834e-02
+8.03794e+04 -6.33955e+03 7010575 1 5.9911e-02
+8.14862e+04 -6.34053e+03 7010576 1 5.6070e-02
+8.25927e+04 -6.34141e+03 7010577 1 5.2357e-02
+8.36989e+04 -6.34218e+03 7010578 1 4.8810e-02
+8.48048e+04 -6.34284e+03 7010579 1 4.5484e-02
+8.59106e+04 -6.34340e+03 7010580 1 4.2443e-02
+8.70161e+04 -6.34386e+03 7010581 1 3.9774e-02
+8.81215e+04 -6.34422e+03 7010582 1 3.7552e-02
+8.92268e+04 -6.34447e+03 7010583 1 3.5876e-02
+9.03321e+04 -6.34462e+03 7010584 1 3.4833e-02
+4.77652e+04 -4.99870e+03 7010585 1 1.6552e-01
+4.89012e+04 -5.00172e+03 7010586 1 1.6367e-01
+5.00358e+04 -5.00467e+03 7010587 1 1.6125e-01
+5.11692e+04 -5.00754e+03 7010588 1 1.5881e-01
+5.23014e+04 -5.01033e+03 7010589 1 1.5625e-01
+5.34324e+04 -5.01303e+03 7010590 1 1.5362e-01
+5.45622e+04 -5.01566e+03 7010591 1 1.5088e-01
+5.56909e+04 -5.01819e+03 7010592 1 1.4800e-01
+5.68185e+04 -5.02064e+03 7010593 1 1.4502e-01
+5.79451e+04 -5.02300e+03 7010594 1 1.4195e-01
+5.90707e+04 -5.02528e+03 7010595 1 1.3873e-01
+6.01953e+04 -5.02746e+03 7010596 1 1.3538e-01
+6.13190e+04 -5.02955e+03 7010597 1 1.3193e-01
+6.24417e+04 -5.03156e+03 7010598 1 1.2834e-01
+6.35636e+04 -5.03348e+03 7010599 1 1.2465e-01
+6.46847e+04 -5.03531e+03 7010600 1 1.2084e-01
+6.58051e+04 -5.03705e+03 7010601 1 1.1695e-01
+6.69246e+04 -5.03870e+03 7010602 1 1.1294e-01
+6.80435e+04 -5.04027e+03 7010603 1 1.0883e-01
+6.91617e+04 -5.04175e+03 7010604 1 1.0465e-01
+7.02793e+04 -5.04315e+03 7010605 1 1.0039e-01
+7.13962e+04 -5.04447e+03 7010606 1 9.6048e-02
+7.25126e+04 -5.04571e+03 7010607 1 9.1638e-02
+7.36285e+04 -5.04686e+03 7010608 1 8.7169e-02
+7.47439e+04 -5.04794e+03 7010609 1 8.2672e-02
+7.58588e+04 -5.04894e+03 7010610 1 7.8137e-02
+7.69733e+04 -5.04987e+03 7010611 1 7.3560e-02
+7.80874e+04 -5.05072e+03 7010612 1 6.8991e-02
+7.92012e+04 -5.05150e+03 7010613 1 6.4430e-02
+8.03146e+04 -5.05220e+03 7010614 1 5.9908e-02
+8.14277e+04 -5.05284e+03 7010615 1 5.5432e-02
+8.25405e+04 -5.05340e+03 7010616 1 5.1047e-02
+8.36532e+04 -5.05390e+03 7010617 1 4.6799e-02
+8.47656e+04 -5.05433e+03 7010618 1 4.2741e-02
+8.58778e+04 -5.05469e+03 7010619 1 3.8949e-02
+8.69899e+04 -5.05498e+03 7010620 1 3.5531e-02
+8.81019e+04 -5.05521e+03 7010621 1 3.2607e-02
+8.92137e+04 -5.05537e+03 7010622 1 3.0340e-02
+9.03256e+04 -5.05547e+03 7010623 1 2.8894e-02
+4.75617e+04 -3.74174e+03 7010624 1 1.7509e-01
+4.86992e+04 -3.74348e+03 7010625 1 1.7374e-01
+4.98357e+04 -3.74518e+03 7010626 1 1.7215e-01
+5.09713e+04 -3.74683e+03 7010627 1 1.7032e-01
+5.21059e+04 -3.74844e+03 7010628 1 1.6826e-01
+5.32395e+04 -3.74999e+03 7010629 1 1.6596e-01
+5.43723e+04 -3.75150e+03 7010630 1 1.6286e-01
+5.55042e+04 -3.75295e+03 7010631 1 1.5962e-01
+5.66353e+04 -3.75436e+03 7010632 1 1.5626e-01
+5.77655e+04 -3.75571e+03 7010633 1 1.5278e-01
+5.88950e+04 -3.75701e+03 7010634 1 1.4916e-01
+6.00237e+04 -3.75826e+03 7010635 1 1.4541e-01
+6.11517e+04 -3.75946e+03 7010636 1 1.4154e-01
+6.22790e+04 -3.76061e+03 7010637 1 1.3755e-01
+6.34057e+04 -3.76170e+03 7010638 1 1.3345e-01
+6.45317e+04 -3.76274e+03 7010639 1 1.2921e-01
+6.56571e+04 -3.76373e+03 7010640 1 1.2487e-01
+6.67820e+04 -3.76468e+03 7010641 1 1.2041e-01
+6.79063e+04 -3.76557e+03 7010642 1 1.1587e-01
+6.90300e+04 -3.76641e+03 7010643 1 1.1122e-01
+7.01533e+04 -3.76721e+03 7010644 1 1.0646e-01
+7.12761e+04 -3.76795e+03 7010645 1 1.0164e-01
+7.23985e+04 -3.76865e+03 7010646 1 9.6740e-02
+7.35205e+04 -3.76931e+03 7010647 1 9.1781e-02
+7.46421e+04 -3.76992e+03 7010648 1 8.6734e-02
+7.57634e+04 -3.77049e+03 7010649 1 8.1649e-02
+7.68843e+04 -3.77101e+03 7010650 1 7.6517e-02
+7.80049e+04 -3.77149e+03 7010651 1 7.1364e-02
+7.91253e+04 -3.77193e+03 7010652 1 6.6176e-02
+8.02453e+04 -3.77232e+03 7010653 1 6.0995e-02
+8.13652e+04 -3.77268e+03 7010654 1 5.5820e-02
+8.24849e+04 -3.77300e+03 7010655 1 5.0697e-02
+8.36043e+04 -3.77328e+03 7010656 1 4.5653e-02
+8.47236e+04 -3.77352e+03 7010657 1 4.0738e-02
+8.58428e+04 -3.77372e+03 7010658 1 3.6024e-02
+8.69619e+04 -3.77389e+03 7010659 1 3.1623e-02
+8.80809e+04 -3.77401e+03 7010660 1 2.7696e-02
+8.91998e+04 -3.77411e+03 7010661 1 2.4495e-02
+9.03186e+04 -3.77416e+03 7010662 1 2.2365e-02
+4.73447e+04 -2.48654e+03 7010663 1 1.8561e-01
+4.84839e+04 -2.48734e+03 7010664 1 1.8418e-01
+4.96223e+04 -2.48812e+03 7010665 1 1.8250e-01
+5.07601e+04 -2.48887e+03 7010666 1 1.8055e-01
+5.18973e+04 -2.48960e+03 7010667 1 1.7835e-01
+5.30338e+04 -2.49031e+03 7010668 1 1.7590e-01
+5.41697e+04 -2.49100e+03 7010669 1 1.7322e-01
+5.53050e+04 -2.49166e+03 7010670 1 1.7030e-01
+5.64397e+04 -2.49230e+03 7010671 1 1.6717e-01
+5.75739e+04 -2.49291e+03 7010672 1 1.6382e-01
+5.87075e+04 -2.49350e+03 7010673 1 1.6026e-01
+5.98407e+04 -2.49407e+03 7010674 1 1.5651e-01
+6.09733e+04 -2.49461e+03 7010675 1 1.5256e-01
+6.21054e+04 -2.49512e+03 7010676 1 1.4843e-01
+6.32371e+04 -2.49561e+03 7010677 1 1.4413e-01
+6.43684e+04 -2.49608e+03 7010678 1 1.3966e-01
+6.54993e+04 -2.49653e+03 7010679 1 1.3504e-01
+6.66297e+04 -2.49695e+03 7010680 1 1.3026e-01
+6.77598e+04 -2.49735e+03 7010681 1 1.2534e-01
+6.88895e+04 -2.49772e+03 7010682 1 1.2029e-01
+7.00189e+04 -2.49808e+03 7010683 1 1.1511e-01
+7.11480e+04 -2.49841e+03 7010684 1 1.0981e-01
+7.22768e+04 -2.49872e+03 7010685 1 1.0440e-01
+7.34053e+04 -2.49901e+03 7010686 1 9.8889e-02
+7.45336e+04 -2.49928e+03 7010687 1 9.3283e-02
+7.56616e+04 -2.49953e+03 7010688 1 8.7592e-02
+7.67893e+04 -2.49976e+03 7010689 1 8.1823e-02
+7.79169e+04 -2.49997e+03 7010690 1 7.5986e-02
+7.90443e+04 -2.50017e+03 7010691 1 7.0071e-02
+8.01715e+04 -2.50034e+03 7010692 1 6.4105e-02
+8.12985e+04 -2.50050e+03 7010693 1 5.8112e-02
+8.24255e+04 -2.50064e+03 7010694 1 5.2114e-02
+8.35522e+04 -2.50076e+03 7010695 1 4.6123e-02
+8.46789e+04 -2.50086e+03 7010696 1 4.0167e-02
+8.58055e+04 -2.50095e+03 7010697 1 3.4292e-02
+8.69320e+04 -2.50103e+03 7010698 1 2.8572e-02
+8.80585e+04 -2.50108e+03 7010699 1 2.3144e-02
+8.91849e+04 -2.50112e+03 7010700 1 1.8287e-02
+9.03112e+04 -2.50115e+03 7010701 1 1.4625e-02
+4.71133e+04 -1.23315e+03 7010702 1 1.9715e-01
+4.82542e+04 -1.23336e+03 7010703 1 1.9564e-01
+4.93948e+04 -1.23357e+03 7010704 1 1.9384e-01
+5.05350e+04 -1.23377e+03 7010705 1 1.9176e-01
+5.16749e+04 -1.23396e+03 7010706 1 1.8941e-01
+5.28144e+04 -1.23414e+03 7010707 1 1.8680e-01
+5.39537e+04 -1.23432e+03 7010708 1 1.8393e-01
+5.50926e+04 -1.23449e+03 7010709 1 1.8082e-01
+5.62313e+04 -1.23466e+03 7010710 1 1.7747e-01
+5.73696e+04 -1.23481e+03 7010711 1 1.7389e-01
+5.85077e+04 -1.23496e+03 7010712 1 1.7009e-01
+5.96455e+04 -1.23511e+03 7010713 1 1.6608e-01
+6.07831e+04 -1.23525e+03 7010714 1 1.6187e-01
+6.19204e+04 -1.23538e+03 7010715 1 1.5745e-01
+6.30575e+04 -1.23550e+03 7010716 1 1.5286e-01
+6.41943e+04 -1.23562e+03 7010717 1 1.4808e-01
+6.53310e+04 -1.23573e+03 7010718 1 1.4313e-01
+6.64675e+04 -1.23583e+03 7010719 1 1.3803e-01
+6.76037e+04 -1.23593e+03 7010720 1 1.3276e-01
+6.87398e+04 -1.23603e+03 7010721 1 1.2736e-01
+6.98757e+04 -1.23611e+03 7010722 1 1.2182e-01
+7.10115e+04 -1.23620e+03 7010723 1 1.1614e-01
+7.21471e+04 -1.23627e+03 7010724 1 1.1035e-01
+7.32825e+04 -1.23634e+03 7010725 1 1.0444e-01
+7.44178e+04 -1.23641e+03 7010726 1 9.8433e-02
+7.55530e+04 -1.23647e+03 7010727 1 9.2324e-02
+7.66881e+04 -1.23653e+03 7010728 1 8.6125e-02
+7.78231e+04 -1.23658e+03 7010729 1 7.9843e-02
+7.89580e+04 -1.23662e+03 7010730 1 7.3487e-02
+8.00928e+04 -1.23667e+03 7010731 1 6.7064e-02
+8.12275e+04 -1.23670e+03 7010732 1 6.0583e-02
+8.23622e+04 -1.23674e+03 7010733 1 5.4052e-02
+8.34967e+04 -1.23676e+03 7010734 1 4.7480e-02
+8.46313e+04 -1.23679e+03 7010735 1 4.0880e-02
+8.57657e+04 -1.23681e+03 7010736 1 3.4267e-02
+8.69002e+04 -1.23683e+03 7010737 1 2.7664e-02
+8.80346e+04 -1.23684e+03 7010738 1 2.1118e-02
+8.91690e+04 -1.23685e+03 7010739 1 1.4742e-02
+9.03034e+04 -1.23686e+03 7010740 1 8.9490e-03
