+1.94493e+01 -4.57515e+04 4010000 1 8.4678e-02
+1.26419e+03 -4.57553e+04 4010001 1 8.4801e-02
+2.50859e+03 -4.57659e+04 4010002 1 8.4965e-02
+3.75232e+03 -4.57834e+04 4010003 1 8.5159e-02
+4.99507e+03 -4.58077e+04 4010004 1 8.5373e-02
+6.23653e+03 -4.58387e+04 4010005 1 8.5607e-02
+7.47640e+03 -4.58762e+04 4010006 1 8.5832e-02
+8.71438e+03 -4.59202e+04 4010007 1 8.6044e-02
+9.95018e+03 -4.59705e+04 4010008 1 8.6229e-02
+1.11836e+04 -4.60268e+04 4010009 1 8.6366e-02
+1.24142e+04 -4.60889e+04 4010010 1 8.6424e-02
+1.36420e+04 -4.61567e+04 4010011 1 8.6407e-02
+1.48666e+04 -4.62298e+04 4010012 1 8.6315e-02
+1.60878e+04 -4.63080e+04 4010013 1 8.6264e-02
+1.73055e+04 -4.63911e+04 4010014 1 8.6092e-02
+1.85195e+04 -4.64786e+04 4010015 1 8.5782e-02
+1.97296e+04 -4.65703e+04 4010016 1 8.5331e-02
+2.09358e+04 -4.66659e+04 4010017 1 8.4715e-02
+2.21379e+04 -4.67650e+04 4010018 1 8.3958e-02
+2.33359e+04 -4.68674e+04 4010019 1 8.3029e-02
+2.45297e+04 -4.69726e+04 4010020 1 8.1925e-02
+2.57193e+04 -4.70803e+04 4010021 1 8.0651e-02
+2.69045e+04 -4.71903e+04 4010022 1 7.9206e-02
+2.80855e+04 -4.73022e+04 4010023 1 7.7533e-02
+2.92623e+04 -4.74156e+04 4010024 1 7.5663e-02
+3.04347e+04 -4.75303e+04 4010025 1 7.3670e-02
+3.16030e+04 -4.76459e+04 4010026 1 7.2015e-02
+3.27672e+04 -4.77621e+04 4010027 1 7.0282e-02
+3.39273e+04 -4.78787e+04 4010028 1 6.8490e-02
+3.50835e+04 -4.79954e+04 4010029 1 6.6649e-02
+3.62359e+04 -4.81118e+04 4010030 1 6.4773e-02
+3.73845e+04 -4.82277e+04 4010031 1 6.2876e-02
+3.85294e+04 -4.83430e+04 4010032 1 6.0982e-02
+3.96709e+04 -4.84572e+04 4010033 1 5.9102e-02
+4.08089e+04 -4.85704e+04 4010034 1 5.7244e-02
+4.19437e+04 -4.86821e+04 4010035 1 5.5443e-02
+2.21093e+04 -4.79556e+04 2010797 1 8.2539e-02
+2.09090e+04 -4.78526e+04 2010796 1 8.3364e-02
+1.94660e+01 -4.46024e+04 4010041 1 8.5565e-02
+1.26527e+03 -4.46060e+04 4010042 1 8.5680e-02
+2.51074e+03 -4.46162e+04 4010043 1 8.5831e-02
+3.75555e+03 -4.46330e+04 4010044 1 8.6010e-02
+4.99941e+03 -4.46563e+04 4010045 1 8.6216e-02
+6.24199e+03 -4.46860e+04 4010046 1 8.6428e-02
+7.48301e+03 -4.47220e+04 4010047 1 8.6641e-02
+8.72218e+03 -4.47643e+04 4010048 1 8.6848e-02
+9.95921e+03 -4.48125e+04 4010049 1 8.7018e-02
+1.11938e+04 -4.48665e+04 4010050 1 8.7149e-02
+1.24258e+04 -4.49262e+04 4010051 1 8.7219e-02
+1.36549e+04 -4.49912e+04 4010052 1 8.7210e-02
+1.48809e+04 -4.50614e+04 4010053 1 8.7203e-02
+1.61036e+04 -4.51366e+04 4010054 1 8.7178e-02
+1.73228e+04 -4.52163e+04 4010055 1 8.7011e-02
+1.85383e+04 -4.53004e+04 4010056 1 8.6729e-02
+1.97501e+04 -4.53886e+04 4010057 1 8.6314e-02
+2.09579e+04 -4.54805e+04 4010058 1 8.5745e-02
+2.21617e+04 -4.55758e+04 4010059 1 8.5042e-02
+2.33614e+04 -4.56743e+04 4010060 1 8.4153e-02
+2.45569e+04 -4.57756e+04 4010061 1 8.3121e-02
+2.57482e+04 -4.58793e+04 4010062 1 8.1926e-02
+2.69352e+04 -4.59852e+04 4010063 1 8.0543e-02
+2.81180e+04 -4.60930e+04 4010064 1 7.8971e-02
+2.92965e+04 -4.62024e+04 4010065 1 7.7181e-02
+3.04708e+04 -4.63130e+04 4010066 1 7.5488e-02
+3.16408e+04 -4.64245e+04 4010067 1 7.3922e-02
+3.28068e+04 -4.65367e+04 4010068 1 7.2282e-02
+3.39687e+04 -4.66493e+04 4010069 1 7.0581e-02
+3.51266e+04 -4.67619e+04 4010070 1 6.8831e-02
+3.62806e+04 -4.68745e+04 4010071 1 6.7044e-02
+3.74308e+04 -4.69866e+04 4010072 1 6.5234e-02
+3.85773e+04 -4.70981e+04 4010073 1 6.3423e-02
+3.97202e+04 -4.72087e+04 4010074 1 6.1612e-02
+4.08596e+04 -4.73183e+04 4010075 1 5.9832e-02
+4.19957e+04 -4.74266e+04 4010076 1 5.8093e-02
+4.31286e+04 -4.75334e+04 4010077 1 5.5969e-02
+4.42583e+04 -4.76387e+04 4010078 1 5.2993e-02
+4.53849e+04 -4.77422e+04 4010079 1 5.0190e-02
+4.65086e+04 -4.78437e+04 4010080 1 4.7834e-02
+1.97047e+04 -4.77534e+04 2010795 1 8.4012e-02
+1.94784e+01 -4.34543e+04 4010082 1 8.6235e-02
+1.26608e+03 -4.34577e+04 4010083 1 8.6341e-02
+2.51235e+03 -4.34675e+04 4010084 1 8.6478e-02
+3.75798e+03 -4.34835e+04 4010085 1 8.6647e-02
+5.00266e+03 -4.35059e+04 4010086 1 8.6834e-02
+6.24610e+03 -4.35343e+04 4010087 1 8.7036e-02
+7.48801e+03 -4.35689e+04 4010088 1 8.7235e-02
+8.72809e+03 -4.36093e+04 4010089 1 8.7423e-02
+9.96608e+03 -4.36555e+04 4010090 1 8.7583e-02
+1.12017e+04 -4.37073e+04 4010091 1 8.7699e-02
+1.24348e+04 -4.37645e+04 4010092 1 8.7780e-02
+1.36650e+04 -4.38269e+04 4010093 1 8.7811e-02
+1.48921e+04 -4.38942e+04 4010094 1 8.7822e-02
+1.61160e+04 -4.39662e+04 4010095 1 8.7803e-02
+1.73364e+04 -4.40427e+04 4010096 1 8.7661e-02
+1.85533e+04 -4.41235e+04 4010097 1 8.7392e-02
+1.97664e+04 -4.42081e+04 4010098 1 8.7009e-02
+2.09756e+04 -4.42963e+04 4010099 1 8.6480e-02
+2.21808e+04 -4.43879e+04 4010100 1 8.5806e-02
+2.33820e+04 -4.44824e+04 4010101 1 8.4996e-02
+2.45790e+04 -4.45798e+04 4010102 1 8.4011e-02
+2.57718e+04 -4.46795e+04 4010103 1 8.2890e-02
+2.69605e+04 -4.47814e+04 4010104 1 8.1591e-02
+2.81448e+04 -4.48851e+04 4010105 1 8.0085e-02
+2.93249e+04 -4.49903e+04 4010106 1 7.8373e-02
+3.05008e+04 -4.50968e+04 4010107 1 7.6946e-02
+3.16725e+04 -4.52042e+04 4010108 1 7.5465e-02
+3.28401e+04 -4.53123e+04 4010109 1 7.3914e-02
+3.40035e+04 -4.54208e+04 4010110 1 7.2300e-02
+3.51630e+04 -4.55295e+04 4010111 1 7.0639e-02
+3.63186e+04 -4.56381e+04 4010112 1 6.8940e-02
+3.74702e+04 -4.57464e+04 4010113 1 6.7216e-02
+3.86182e+04 -4.58540e+04 4010114 1 6.5487e-02
+3.97625e+04 -4.59609e+04 4010115 1 6.3756e-02
+4.09033e+04 -4.60669e+04 4010116 1 6.2050e-02
+4.20407e+04 -4.61716e+04 4010117 1 6.0378e-02
+4.31747e+04 -4.62750e+04 4010118 1 5.8421e-02
+4.43055e+04 -4.63770e+04 4010119 1 5.5546e-02
+4.54332e+04 -4.64772e+04 4010120 1 5.2793e-02
+4.65579e+04 -4.65757e+04 4010121 1 5.0472e-02
+1.60448e+04 -4.86552e+04 2010751 1 8.3638e-02
+1.84964e+04 -4.76581e+04 2010794 1 8.4528e-02
+1.94869e+01 -4.23069e+04 4010123 1 8.6703e-02
+1.26663e+03 -4.23101e+04 4010124 1 8.6800e-02
+2.51345e+03 -4.23195e+04 4010125 1 8.6928e-02
+3.75964e+03 -4.23348e+04 4010126 1 8.7081e-02
+5.00491e+03 -4.23562e+04 4010127 1 8.7256e-02
+6.24896e+03 -4.23834e+04 4010128 1 8.7439e-02
+7.49150e+03 -4.24164e+04 4010129 1 8.7622e-02
+8.73226e+03 -4.24551e+04 4010130 1 8.7792e-02
+9.97096e+03 -4.24993e+04 4010131 1 8.7943e-02
+1.12074e+04 -4.25489e+04 4010132 1 8.8071e-02
+1.24412e+04 -4.26036e+04 4010133 1 8.8155e-02
+1.36723e+04 -4.26633e+04 4010134 1 8.8187e-02
+1.49003e+04 -4.27278e+04 4010135 1 8.8209e-02
+1.61252e+04 -4.27968e+04 4010136 1 8.8192e-02
+1.73466e+04 -4.28701e+04 4010137 1 8.8060e-02
+1.85645e+04 -4.29474e+04 4010138 1 8.7818e-02
+1.97788e+04 -4.30285e+04 4010139 1 8.7438e-02
+2.09892e+04 -4.31131e+04 4010140 1 8.6949e-02
+2.21956e+04 -4.32009e+04 4010141 1 8.6311e-02
+2.33981e+04 -4.32916e+04 4010142 1 8.5551e-02
+2.45964e+04 -4.33850e+04 4010143 1 8.4625e-02
+2.57906e+04 -4.34807e+04 4010144 1 8.3550e-02
+2.69806e+04 -4.35785e+04 4010145 1 8.2304e-02
+2.81664e+04 -4.36781e+04 4010146 1 8.0885e-02
+2.93479e+04 -4.37793e+04 4010147 1 7.9401e-02
+3.05253e+04 -4.38816e+04 4010148 1 7.8080e-02
+3.16984e+04 -4.39849e+04 4010149 1 7.6683e-02
+3.28674e+04 -4.40889e+04 4010150 1 7.5214e-02
+3.40324e+04 -4.41934e+04 4010151 1 7.3688e-02
+3.51933e+04 -4.42980e+04 4010152 1 7.2114e-02
+3.63502e+04 -4.44026e+04 4010153 1 7.0502e-02
+3.75033e+04 -4.45069e+04 4010154 1 6.8864e-02
+3.86526e+04 -4.46108e+04 4010155 1 6.7212e-02
+3.97983e+04 -4.47139e+04 4010156 1 6.5568e-02
+4.09403e+04 -4.48161e+04 4010157 1 6.3938e-02
+4.20789e+04 -4.49173e+04 4010158 1 6.2329e-02
+4.32141e+04 -4.50172e+04 4010159 1 6.0565e-02
+4.43460e+04 -4.51157e+04 4010160 1 5.7748e-02
+4.54746e+04 -4.52127e+04 4010161 1 5.5094e-02
+4.66002e+04 -4.53079e+04 4010162 1 5.2805e-02
+1.94917e+01 -4.11599e+04 4010164 1 8.6988e-02
+1.26694e+03 -4.11630e+04 4010165 1 8.7075e-02
+2.51408e+03 -4.11719e+04 4010166 1 8.7193e-02
+3.76060e+03 -4.11866e+04 4010167 1 8.7332e-02
+5.00622e+03 -4.12070e+04 4010168 1 8.7490e-02
+6.25065e+03 -4.12330e+04 4010169 1 8.7657e-02
+7.49360e+03 -4.12646e+04 4010170 1 8.7824e-02
+8.73480e+03 -4.13015e+04 4010171 1 8.7985e-02
+9.97399e+03 -4.13438e+04 4010172 1 8.8130e-02
+1.12109e+04 -4.13911e+04 4010173 1 8.8250e-02
+1.24453e+04 -4.14434e+04 4010174 1 8.8328e-02
+1.36770e+04 -4.15005e+04 4010175 1 8.8358e-02
+1.49058e+04 -4.15621e+04 4010176 1 8.8387e-02
+1.61314e+04 -4.16281e+04 4010177 1 8.8358e-02
+1.73537e+04 -4.16982e+04 4010178 1 8.8232e-02
+1.85724e+04 -4.17722e+04 4010179 1 8.7996e-02
+1.97876e+04 -4.18498e+04 4010180 1 8.7645e-02
+2.09989e+04 -4.19307e+04 4010181 1 8.7185e-02
+2.22064e+04 -4.20148e+04 4010182 1 8.6585e-02
+2.34099e+04 -4.21017e+04 4010183 1 8.5851e-02
+2.46094e+04 -4.21911e+04 4010184 1 8.4979e-02
+2.58048e+04 -4.22829e+04 4010185 1 8.3966e-02
+2.69960e+04 -4.23766e+04 4010186 1 8.2792e-02
+2.81830e+04 -4.24721e+04 4010187 1 8.1432e-02
+2.93658e+04 -4.25692e+04 4010188 1 8.0175e-02
+3.05444e+04 -4.26674e+04 4010189 1 7.8929e-02
+3.17189e+04 -4.27666e+04 4010190 1 7.7610e-02
+3.28892e+04 -4.28664e+04 4010191 1 7.6222e-02
+3.40555e+04 -4.29668e+04 4010192 1 7.4779e-02
+3.52177e+04 -4.30674e+04 4010193 1 7.3288e-02
+3.63760e+04 -4.31680e+04 4010194 1 7.1760e-02
+3.75303e+04 -4.32683e+04 4010195 1 7.0206e-02
+3.86809e+04 -4.33683e+04 4010196 1 6.8638e-02
+3.98278e+04 -4.34676e+04 4010197 1 6.7073e-02
+4.09710e+04 -4.35661e+04 4010198 1 6.5513e-02
+4.21107e+04 -4.36635e+04 4010199 1 6.3984e-02
+4.32470e+04 -4.37599e+04 4010200 1 6.2380e-02
+4.43799e+04 -4.38549e+04 4010201 1 5.9668e-02
+4.55096e+04 -4.39485e+04 4010202 1 5.7090e-02
+4.66361e+04 -4.40405e+04 4010203 1 5.4890e-02
+1.36063e+04 -4.84918e+04 2010749 1 8.3999e-02
+1.72842e+04 -4.75671e+04 2010793 1 8.4854e-02
+1.94932e+01 -4.00132e+04 4010205 1 8.7099e-02
+1.26704e+03 -4.00162e+04 4010206 1 8.7178e-02
+2.51428e+03 -4.00247e+04 4010207 1 8.7283e-02
+3.76092e+03 -4.00387e+04 4010208 1 8.7408e-02
+5.00667e+03 -4.00581e+04 4010209 1 8.7551e-02
+6.25125e+03 -4.00829e+04 4010210 1 8.7703e-02
+7.49440e+03 -4.01130e+04 4010211 1 8.7857e-02
+8.73583e+03 -4.01483e+04 4010212 1 8.8005e-02
+9.97529e+03 -4.01886e+04 4010213 1 8.8138e-02
+1.12125e+04 -4.02337e+04 4010214 1 8.8242e-02
+1.24473e+04 -4.02837e+04 4010215 1 8.8312e-02
+1.36795e+04 -4.03381e+04 4010216 1 8.8337e-02
+1.49087e+04 -4.03969e+04 4010217 1 8.8359e-02
+1.61348e+04 -4.04599e+04 4010218 1 8.8328e-02
+1.73577e+04 -4.05269e+04 4010219 1 8.8206e-02
+1.85771e+04 -4.05975e+04 4010220 1 8.7988e-02
+1.97930e+04 -4.06717e+04 4010221 1 8.7655e-02
+2.10051e+04 -4.07490e+04 4010222 1 8.7200e-02
+2.22134e+04 -4.08294e+04 4010223 1 8.6637e-02
+2.34178e+04 -4.09125e+04 4010224 1 8.5944e-02
+2.46182e+04 -4.09980e+04 4010225 1 8.5121e-02
+2.58146e+04 -4.10858e+04 4010226 1 8.4146e-02
+2.70068e+04 -4.11755e+04 4010227 1 8.3017e-02
+2.81949e+04 -4.12670e+04 4010228 1 8.1796e-02
+2.93788e+04 -4.13599e+04 4010229 1 8.0700e-02
+3.05586e+04 -4.14540e+04 4010230 1 7.9525e-02
+3.17342e+04 -4.15490e+04 4010231 1 7.8279e-02
+3.29058e+04 -4.16448e+04 4010232 1 7.6969e-02
+3.40732e+04 -4.17410e+04 4010233 1 7.5606e-02
+3.52366e+04 -4.18376e+04 4010234 1 7.4196e-02
+3.63961e+04 -4.19341e+04 4010235 1 7.2750e-02
+3.75516e+04 -4.20305e+04 4010236 1 7.1278e-02
+3.87034e+04 -4.21265e+04 4010237 1 6.9791e-02
+3.98514e+04 -4.22219e+04 4010238 1 6.8306e-02
+4.09957e+04 -4.23166e+04 4010239 1 6.6823e-02
+4.21365e+04 -4.24104e+04 4010240 1 6.5367e-02
+4.32738e+04 -4.25031e+04 4010241 1 6.3917e-02
+4.44077e+04 -4.25946e+04 4010242 1 6.1292e-02
+4.55383e+04 -4.26848e+04 4010243 1 5.8819e-02
+4.66658e+04 -4.27734e+04 4010244 1 5.6674e-02
+1.48273e+04 -4.85708e+04 2010750 1 8.3832e-02
+1.60683e+04 -4.74808e+04 2010792 1 8.5088e-02
+1.48488e+04 -4.73995e+04 2010791 1 8.5231e-02
+1.94914e+01 -3.88666e+04 4010246 1 8.7034e-02
+1.26693e+03 -3.88694e+04 4010247 1 8.7106e-02
+2.51406e+03 -3.88775e+04 4010248 1 8.7201e-02
+3.76061e+03 -3.88908e+04 4010249 1 8.7315e-02
+5.00630e+03 -3.89093e+04 4010250 1 8.7445e-02
+6.25084e+03 -3.89330e+04 4010251 1 8.7583e-02
+7.49398e+03 -3.89616e+04 4010252 1 8.7724e-02
+8.73544e+03 -3.89952e+04 4010253 1 8.7857e-02
+9.97497e+03 -3.90336e+04 4010254 1 8.7977e-02
+1.12123e+04 -3.90766e+04 4010255 1 8.8070e-02
+1.24473e+04 -3.91241e+04 4010256 1 8.8136e-02
+1.36796e+04 -3.91760e+04 4010257 1 8.8150e-02
+1.49092e+04 -3.92321e+04 4010258 1 8.8165e-02
+1.61356e+04 -3.92922e+04 4010259 1 8.8129e-02
+1.73589e+04 -3.93560e+04 4010260 1 8.8010e-02
+1.85788e+04 -3.94234e+04 4010261 1 8.7800e-02
+1.97952e+04 -3.94941e+04 4010262 1 8.7472e-02
+2.10079e+04 -3.95679e+04 4010263 1 8.7058e-02
+2.22169e+04 -3.96446e+04 4010264 1 8.6506e-02
+2.34220e+04 -3.97239e+04 4010265 1 8.5850e-02
+2.46232e+04 -3.98055e+04 4010266 1 8.5057e-02
+2.58204e+04 -3.98894e+04 4010267 1 8.4135e-02
+2.70135e+04 -3.99751e+04 4010268 1 8.3050e-02
+2.82024e+04 -4.00625e+04 4010269 1 8.2038e-02
+2.93873e+04 -4.01513e+04 4010270 1 8.1005e-02
+3.05681e+04 -4.02413e+04 4010271 1 7.9898e-02
+3.17448e+04 -4.03322e+04 4010272 1 7.8724e-02
+3.29173e+04 -4.04239e+04 4010273 1 7.7490e-02
+3.40858e+04 -4.05160e+04 4010274 1 7.6201e-02
+3.52503e+04 -4.06085e+04 4010275 1 7.4870e-02
+3.64109e+04 -4.07010e+04 4010276 1 7.3504e-02
+3.75675e+04 -4.07933e+04 4010277 1 7.2112e-02
+3.87203e+04 -4.08854e+04 4010278 1 7.0709e-02
+3.98694e+04 -4.09770e+04 4010279 1 6.9297e-02
+4.10147e+04 -4.10678e+04 4010280 1 6.7897e-02
+4.21565e+04 -4.11579e+04 4010281 1 6.6508e-02
+4.32948e+04 -4.12469e+04 4010282 1 6.5154e-02
+4.44297e+04 -4.13349e+04 4010283 1 6.2695e-02
+4.55612e+04 -4.14215e+04 4010284 1 6.0299e-02
+4.66895e+04 -4.15068e+04 4010285 1 5.8241e-02
+1.11549e+04 -4.83514e+04 2010747 1 8.3986e-02
+1.94868e+01 -3.77198e+04 4010287 1 8.6813e-02
+1.26662e+03 -3.77225e+04 4010288 1 8.6878e-02
+2.51347e+03 -3.77302e+04 4010289 1 8.6964e-02
+3.75974e+03 -3.77429e+04 4010290 1 8.7068e-02
+5.00516e+03 -3.77605e+04 4010291 1 8.7185e-02
+6.24948e+03 -3.77829e+04 4010292 1 8.7310e-02
+7.49241e+03 -3.78102e+04 4010293 1 8.7437e-02
+8.73371e+03 -3.78421e+04 4010294 1 8.7556e-02
+9.97313e+03 -3.78786e+04 4010295 1 8.7664e-02
+1.12104e+04 -3.79195e+04 4010296 1 8.7746e-02
+1.24454e+04 -3.79647e+04 4010297 1 8.7798e-02
+1.36778e+04 -3.80141e+04 4010298 1 8.7811e-02
+1.49074e+04 -3.80674e+04 4010299 1 8.7819e-02
+1.61340e+04 -3.81246e+04 4010300 1 8.7779e-02
+1.73575e+04 -3.81853e+04 4010301 1 8.7652e-02
+1.85777e+04 -3.82495e+04 4010302 1 8.7449e-02
+1.97944e+04 -3.83168e+04 4010303 1 8.7135e-02
+2.10076e+04 -3.83871e+04 4010304 1 8.6729e-02
+2.22170e+04 -3.84601e+04 4010305 1 8.6204e-02
+2.34227e+04 -3.85357e+04 4010306 1 8.5586e-02
+2.46245e+04 -3.86136e+04 4010307 1 8.4816e-02
+2.58223e+04 -3.86935e+04 4010308 1 8.3944e-02
+2.70161e+04 -3.87753e+04 4010309 1 8.2989e-02
+2.82058e+04 -3.88586e+04 4010310 1 8.2092e-02
+2.93915e+04 -3.89434e+04 4010311 1 8.1120e-02
+3.05731e+04 -3.90293e+04 4010312 1 8.0079e-02
+3.17507e+04 -3.91161e+04 4010313 1 7.8973e-02
+3.29242e+04 -3.92036e+04 4010314 1 7.7810e-02
+3.40936e+04 -3.92917e+04 4010315 1 7.6597e-02
+3.52591e+04 -3.93801e+04 4010316 1 7.5343e-02
+3.64206e+04 -3.94685e+04 4010317 1 7.4055e-02
+3.75782e+04 -3.95569e+04 4010318 1 7.2741e-02
+3.87320e+04 -3.96450e+04 4010319 1 7.1412e-02
+3.98820e+04 -3.97326e+04 4010320 1 7.0083e-02
+4.10284e+04 -3.98197e+04 4010321 1 6.8753e-02
+4.21711e+04 -3.99060e+04 4010322 1 6.7443e-02
+4.33103e+04 -3.99913e+04 4010323 1 6.6159e-02
+4.44461e+04 -4.00756e+04 4010324 1 6.3857e-02
+4.55785e+04 -4.01588e+04 4010325 1 6.1565e-02
+4.67077e+04 -4.02406e+04 4010326 1 5.9558e-02
+1.23821e+04 -4.84186e+04 2010748 1 8.4020e-02
+1.36259e+04 -4.73235e+04 2010790 1 8.5354e-02
+1.94792e+01 -3.65728e+04 4010328 1 8.6445e-02
+1.26614e+03 -3.65753e+04 4010329 1 8.6503e-02
+2.51251e+03 -3.65826e+04 4010330 1 8.6582e-02
+3.75832e+03 -3.65947e+04 4010331 1 8.6675e-02
+5.00330e+03 -3.66114e+04 4010332 1 8.6781e-02
+6.24720e+03 -3.66327e+04 4010333 1 8.6894e-02
+7.48976e+03 -3.66585e+04 4010334 1 8.7007e-02
+8.73072e+03 -3.66888e+04 4010335 1 8.7115e-02
+9.96984e+03 -3.67235e+04 4010336 1 8.7210e-02
+1.12069e+04 -3.67623e+04 4010337 1 8.7283e-02
+1.24416e+04 -3.68053e+04 4010338 1 8.7327e-02
+1.36739e+04 -3.68521e+04 4010339 1 8.7334e-02
+1.49034e+04 -3.69028e+04 4010340 1 8.7324e-02
+1.61300e+04 -3.69571e+04 4010341 1 8.7285e-02
+1.73536e+04 -3.70148e+04 4010342 1 8.7160e-02
+1.85739e+04 -3.70757e+04 4010343 1 8.6954e-02
+1.97908e+04 -3.71397e+04 4010344 1 8.6663e-02
+2.10042e+04 -3.72066e+04 4010345 1 8.6264e-02
+2.22140e+04 -3.72760e+04 4010346 1 8.5766e-02
+2.34200e+04 -3.73479e+04 4010347 1 8.5166e-02
+2.46222e+04 -3.74220e+04 4010348 1 8.4437e-02
+2.58205e+04 -3.74980e+04 4010349 1 8.3597e-02
+2.70149e+04 -3.75758e+04 4010350 1 8.2826e-02
+2.82053e+04 -3.76552e+04 4010351 1 8.1984e-02
+2.93916e+04 -3.77359e+04 4010352 1 8.1071e-02
+3.05740e+04 -3.78178e+04 4010353 1 8.0093e-02
+3.17523e+04 -3.79005e+04 4010354 1 7.9054e-02
+3.29265e+04 -3.79840e+04 4010355 1 7.7961e-02
+3.40968e+04 -3.80680e+04 4010356 1 7.6821e-02
+3.52631e+04 -3.81523e+04 4010357 1 7.5639e-02
+3.64255e+04 -3.82367e+04 4010358 1 7.4426e-02
+3.75840e+04 -3.83210e+04 4010359 1 7.3193e-02
+3.87387e+04 -3.84052e+04 4010360 1 7.1940e-02
+3.98896e+04 -3.84889e+04 4010361 1 7.0682e-02
+4.10368e+04 -3.85721e+04 4010362 1 6.9431e-02
+4.21805e+04 -3.86546e+04 4010363 1 6.8189e-02
+4.33206e+04 -3.87362e+04 4010364 1 6.6974e-02
+4.44572e+04 -3.88169e+04 4010365 1 6.4846e-02
+4.55904e+04 -3.88965e+04 4010366 1 6.2628e-02
+4.67204e+04 -3.89749e+04 4010367 1 6.0713e-02
+1.11707e+04 -4.71883e+04 2010788 1 8.5310e-02
+1.94690e+01 -3.54253e+04 4010369 1 8.5940e-02
+1.26547e+03 -3.54277e+04 4010370 1 8.5992e-02
+2.51120e+03 -3.54346e+04 4010371 1 8.6061e-02
+3.75638e+03 -3.54460e+04 4010372 1 8.6146e-02
+5.00076e+03 -3.54618e+04 4010373 1 8.6240e-02
+6.24407e+03 -3.54820e+04 4010374 1 8.6342e-02
+7.48608e+03 -3.55065e+04 4010375 1 8.6444e-02
+8.72652e+03 -3.55352e+04 4010376 1 8.6541e-02
+9.96518e+03 -3.55680e+04 4010377 1 8.6625e-02
+1.12018e+04 -3.56049e+04 4010378 1 8.6689e-02
+1.24362e+04 -3.56456e+04 4010379 1 8.6725e-02
+1.36681e+04 -3.56900e+04 4010380 1 8.6724e-02
+1.48974e+04 -3.57380e+04 4010381 1 8.6712e-02
+1.61239e+04 -3.57895e+04 4010382 1 8.6658e-02
+1.73473e+04 -3.58442e+04 4010383 1 8.6546e-02
+1.85675e+04 -3.59020e+04 4010384 1 8.6340e-02
+1.97845e+04 -3.59627e+04 4010385 1 8.6061e-02
+2.09980e+04 -3.60261e+04 4010386 1 8.5677e-02
+2.22079e+04 -3.60920e+04 4010387 1 8.5197e-02
+2.34141e+04 -3.61603e+04 4010388 1 8.4626e-02
+2.46166e+04 -3.62306e+04 4010389 1 8.3925e-02
+2.58153e+04 -3.63028e+04 4010390 1 8.3247e-02
+2.70101e+04 -3.63768e+04 4010391 1 8.2527e-02
+2.82009e+04 -3.64522e+04 4010392 1 8.1738e-02
+2.93878e+04 -3.65289e+04 4010393 1 8.0883e-02
+3.05707e+04 -3.66067e+04 4010394 1 7.9967e-02
+3.17496e+04 -3.66854e+04 4010395 1 7.8994e-02
+3.29246e+04 -3.67648e+04 4010396 1 7.7969e-02
+3.40956e+04 -3.68447e+04 4010397 1 7.6900e-02
+3.52626e+04 -3.69250e+04 4010398 1 7.5791e-02
+3.64258e+04 -3.70054e+04 4010399 1 7.4652e-02
+3.75851e+04 -3.70857e+04 4010400 1 7.3490e-02
+3.87405e+04 -3.71659e+04 4010401 1 7.2317e-02
+3.98923e+04 -3.72458e+04 4010402 1 7.1133e-02
+4.10403e+04 -3.73251e+04 4010403 1 6.9956e-02
+4.21848e+04 -3.74038e+04 4010404 1 6.8784e-02
+4.33257e+04 -3.74817e+04 4010405 1 6.7638e-02
+4.44631e+04 -3.75587e+04 4010406 1 6.5676e-02
+4.55972e+04 -3.76347e+04 4010407 1 6.3554e-02
+4.67279e+04 -3.77096e+04 4010408 1 6.1690e-02
+9.92497e+03 -4.82905e+04 2010746 1 8.3847e-02
+8.69248e+03 -4.82362e+04 2010745 1 8.3669e-02
+1.94563e+01 -3.42772e+04 4010410 1 8.5301e-02
+1.26465e+03 -3.42795e+04 4010411 1 8.5347e-02
+2.50956e+03 -3.42860e+04 4010412 1 8.5409e-02
+3.75395e+03 -3.42968e+04 4010413 1 8.5486e-02
+4.99755e+03 -3.43118e+04 4010414 1 8.5571e-02
+6.24012e+03 -3.43308e+04 4010415 1 8.5663e-02
+7.48141e+03 -3.43540e+04 4010416 1 8.5756e-02
+8.72118e+03 -3.43811e+04 4010417 1 8.5843e-02
+9.95920e+03 -3.44122e+04 4010418 1 8.5919e-02
+1.11952e+04 -3.44470e+04 4010419 1 8.5976e-02
+1.24291e+04 -3.44855e+04 4010420 1 8.6005e-02
+1.36606e+04 -3.45275e+04 4010421 1 8.6003e-02
+1.48895e+04 -3.45729e+04 4010422 1 8.5979e-02
+1.61156e+04 -3.46216e+04 4010423 1 8.5924e-02
+1.73387e+04 -3.46734e+04 4010424 1 8.5808e-02
+1.85587e+04 -3.47281e+04 4010425 1 8.5617e-02
+1.97755e+04 -3.47856e+04 4010426 1 8.5342e-02
+2.09889e+04 -3.48456e+04 4010427 1 8.4981e-02
+2.21989e+04 -3.49081e+04 4010428 1 8.4527e-02
+2.34052e+04 -3.49727e+04 4010429 1 8.3963e-02
+2.46078e+04 -3.50393e+04 4010430 1 8.3390e-02
+2.58067e+04 -3.51078e+04 4010431 1 8.2785e-02
+2.70017e+04 -3.51779e+04 4010432 1 8.2114e-02
+2.81929e+04 -3.52494e+04 4010433 1 8.1378e-02
+2.93802e+04 -3.53222e+04 4010434 1 8.0580e-02
+3.05636e+04 -3.53960e+04 4010435 1 7.9725e-02
+3.17430e+04 -3.54707e+04 4010436 1 7.8816e-02
+3.29185e+04 -3.55461e+04 4010437 1 7.7859e-02
+3.40901e+04 -3.56220e+04 4010438 1 7.6860e-02
+3.52578e+04 -3.56982e+04 4010439 1 7.5825e-02
+3.64216e+04 -3.57746e+04 4010440 1 7.4760e-02
+3.75816e+04 -3.58510e+04 4010441 1 7.3672e-02
+3.87378e+04 -3.59272e+04 4010442 1 7.2569e-02
+3.98902e+04 -3.60031e+04 4010443 1 7.1459e-02
+4.10390e+04 -3.60786e+04 4010444 1 7.0353e-02
+4.21842e+04 -3.61535e+04 4010445 1 6.9252e-02
+4.33259e+04 -3.62277e+04 4010446 1 6.8174e-02
+4.44641e+04 -3.63011e+04 4010447 1 6.6368e-02
+4.55989e+04 -3.63735e+04 4010448 1 6.4313e-02
+4.67304e+04 -3.64448e+04 4010449 1 6.2504e-02
+1.94411e+01 -3.31284e+04 4010451 1 8.4534e-02
+1.26366e+03 -3.31305e+04 4010452 1 8.4575e-02
+2.50761e+03 -3.31367e+04 4010453 1 8.4634e-02
+3.75104e+03 -3.31468e+04 4010454 1 8.4701e-02
+4.99371e+03 -3.31609e+04 4010455 1 8.4781e-02
+6.23537e+03 -3.31790e+04 4010456 1 8.4865e-02
+7.47579e+03 -3.32008e+04 4010457 1 8.4949e-02
+8.71473e+03 -3.32264e+04 4010458 1 8.5030e-02
+9.95196e+03 -3.32557e+04 4010459 1 8.5098e-02
+1.11873e+04 -3.32885e+04 4010460 1 8.5150e-02
+1.24204e+04 -3.33249e+04 4010461 1 8.5176e-02
+1.36513e+04 -3.33645e+04 4010462 1 8.5171e-02
+1.48796e+04 -3.34074e+04 4010463 1 8.5142e-02
+1.61052e+04 -3.34534e+04 4010464 1 8.5091e-02
+1.73279e+04 -3.35023e+04 4010465 1 8.4975e-02
+1.85476e+04 -3.35540e+04 4010466 1 8.4793e-02
+1.97641e+04 -3.36083e+04 4010467 1 8.4526e-02
+2.09773e+04 -3.36650e+04 4010468 1 8.4185e-02
+2.21871e+04 -3.37240e+04 4010469 1 8.3746e-02
+2.33933e+04 -3.37851e+04 4010470 1 8.3283e-02
+2.45959e+04 -3.38481e+04 4010471 1 8.2787e-02
+2.57949e+04 -3.39128e+04 4010472 1 8.2227e-02
+2.69901e+04 -3.39791e+04 4010473 1 8.1606e-02
+2.81815e+04 -3.40468e+04 4010474 1 8.0924e-02
+2.93690e+04 -3.41157e+04 4010475 1 8.0184e-02
+3.05527e+04 -3.41856e+04 4010476 1 7.9390e-02
+3.17325e+04 -3.42563e+04 4010477 1 7.8546e-02
+3.29085e+04 -3.43277e+04 4010478 1 7.7657e-02
+3.40806e+04 -3.43996e+04 4010479 1 7.6726e-02
+3.52488e+04 -3.44718e+04 4010480 1 7.5762e-02
+3.64131e+04 -3.45442e+04 4010481 1 7.4769e-02
+3.75737e+04 -3.46167e+04 4010482 1 7.3754e-02
+3.87305e+04 -3.46890e+04 4010483 1 7.2724e-02
+3.98837e+04 -3.47610e+04 4010484 1 7.1686e-02
+4.10331e+04 -3.48327e+04 4010485 1 7.0651e-02
+4.21790e+04 -3.49038e+04 4010486 1 6.9624e-02
+4.33214e+04 -3.49742e+04 4010487 1 6.8607e-02
+4.44604e+04 -3.50439e+04 4010488 1 6.6950e-02
+4.55959e+04 -3.51127e+04 4010489 1 6.4957e-02
+4.67281e+04 -3.51806e+04 4010490 1 6.3228e-02
+8.70454e+03 -4.70774e+04 2010786 1 8.4987e-02
+3.74820e+03 -4.69350e+04 2010782 1 8.4066e-02
+1.94234e+01 -3.19786e+04 4010492 1 8.3646e-02
+1.26251e+03 -3.19806e+04 4010493 1 8.3682e-02
+2.50534e+03 -3.19864e+04 4010494 1 8.3736e-02
+3.74767e+03 -3.19960e+04 4010495 1 8.3798e-02
+4.98925e+03 -3.20093e+04 4010496 1 8.3871e-02
+6.22986e+03 -3.20262e+04 4010497 1 8.3950e-02
+7.46925e+03 -3.20468e+04 4010498 1 8.4029e-02
+8.70720e+03 -3.20709e+04 4010499 1 8.4105e-02
+9.94349e+03 -3.20985e+04 4010500 1 8.4171e-02
+1.11779e+04 -3.21294e+04 4010501 1 8.4220e-02
+1.24102e+04 -3.21636e+04 4010502 1 8.4246e-02
+1.36403e+04 -3.22010e+04 4010503 1 8.4244e-02
+1.48679e+04 -3.22414e+04 4010504 1 8.4210e-02
+1.60929e+04 -3.22847e+04 4010505 1 8.4162e-02
+1.73150e+04 -3.23307e+04 4010506 1 8.4059e-02
+1.85342e+04 -3.23794e+04 4010507 1 8.3882e-02
+1.97502e+04 -3.24306e+04 4010508 1 8.3632e-02
+2.09630e+04 -3.24841e+04 4010509 1 8.3306e-02
+2.21725e+04 -3.25397e+04 4010510 1 8.2954e-02
+2.33786e+04 -3.25973e+04 4010511 1 8.2560e-02
+2.45811e+04 -3.26568e+04 4010512 1 8.2107e-02
+2.57799e+04 -3.27178e+04 4010513 1 8.1595e-02
+2.69751e+04 -3.27804e+04 4010514 1 8.1024e-02
+2.81666e+04 -3.28443e+04 4010515 1 8.0397e-02
+2.93543e+04 -3.29093e+04 4010516 1 7.9717e-02
+3.05382e+04 -3.29753e+04 4010517 1 7.8985e-02
+3.17183e+04 -3.30421e+04 4010518 1 7.8206e-02
+3.28946e+04 -3.31095e+04 4010519 1 7.7383e-02
+3.40670e+04 -3.31775e+04 4010520 1 7.6524e-02
+3.52357e+04 -3.32458e+04 4010521 1 7.5628e-02
+3.64005e+04 -3.33142e+04 4010522 1 7.4708e-02
+3.75616e+04 -3.33827e+04 4010523 1 7.3765e-02
+3.87190e+04 -3.34512e+04 4010524 1 7.2810e-02
+3.98727e+04 -3.35193e+04 4010525 1 7.1844e-02
+4.10228e+04 -3.35872e+04 4010526 1 7.0876e-02
+4.21693e+04 -3.36545e+04 4010527 1 6.9916e-02
+4.33123e+04 -3.37213e+04 4010528 1 6.8969e-02
+4.44519e+04 -3.37873e+04 4010529 1 6.7431e-02
+4.55881e+04 -3.38525e+04 4010530 1 6.5540e-02
+4.67210e+04 -3.39168e+04 4010531 1 6.3852e-02
+3.74312e+03 -4.80881e+04 2010741 1 8.2714e-02
+2.50584e+03 -4.69168e+04 2010781 1 8.3860e-02
+1.94035e+01 -3.08278e+04 4010533 1 8.2641e-02
+1.26121e+03 -3.08297e+04 4010534 1 8.2673e-02
+2.50277e+03 -3.08352e+04 4010535 1 8.2719e-02
+3.74385e+03 -3.08441e+04 4010536 1 8.2780e-02
+4.98420e+03 -3.08566e+04 4010537 1 8.2850e-02
+6.22359e+03 -3.08725e+04 4010538 1 8.2925e-02
+7.46181e+03 -3.08918e+04 4010539 1 8.3001e-02
+8.69863e+03 -3.09145e+04 4010540 1 8.3076e-02
+9.93382e+03 -3.09403e+04 4010541 1 8.3142e-02
+1.11672e+04 -3.09694e+04 4010542 1 8.3192e-02
+1.23985e+04 -3.10015e+04 4010543 1 8.3223e-02
+1.36277e+04 -3.10366e+04 4010544 1 8.3226e-02
+1.48544e+04 -3.10746e+04 4010545 1 8.3195e-02
+1.60786e+04 -3.11153e+04 4010546 1 8.3152e-02
+1.73000e+04 -3.11586e+04 4010547 1 8.3053e-02
+1.85185e+04 -3.12044e+04 4010548 1 8.2894e-02
+1.97340e+04 -3.12525e+04 4010549 1 8.2665e-02
+2.09463e+04 -3.13028e+04 4010550 1 8.2422e-02
+2.21554e+04 -3.13551e+04 4010551 1 8.2125e-02
+2.33610e+04 -3.14093e+04 4010552 1 8.1772e-02
+2.45633e+04 -3.14652e+04 4010553 1 8.1365e-02
+2.57619e+04 -3.15227e+04 4010554 1 8.0903e-02
+2.69570e+04 -3.15815e+04 4010555 1 8.0386e-02
+2.81485e+04 -3.16417e+04 4010556 1 7.9817e-02
+2.93362e+04 -3.17029e+04 4010557 1 7.9198e-02
+3.05202e+04 -3.17650e+04 4010558 1 7.8530e-02
+3.17004e+04 -3.18280e+04 4010559 1 7.7818e-02
+3.28769e+04 -3.18915e+04 4010560 1 7.7064e-02
+3.40496e+04 -3.19556e+04 4010561 1 7.6273e-02
+3.52186e+04 -3.20200e+04 4010562 1 7.5451e-02
+3.63838e+04 -3.20845e+04 4010563 1 7.4603e-02
+3.75453e+04 -3.21492e+04 4010564 1 7.3733e-02
+3.87032e+04 -3.22137e+04 4010565 1 7.2847e-02
+3.98574e+04 -3.22781e+04 4010566 1 7.1952e-02
+4.10080e+04 -3.23421e+04 4010567 1 7.1056e-02
+4.21551e+04 -3.24057e+04 4010568 1 7.0163e-02
+4.32987e+04 -3.24687e+04 4010569 1 6.9276e-02
+4.44390e+04 -3.25311e+04 4010570 1 6.7895e-02
+4.55758e+04 -3.25928e+04 4010571 1 6.6032e-02
+4.67093e+04 -3.26536e+04 4010572 1 6.4410e-02
+1.93812e+01 -2.96758e+04 4010574 1 8.1517e-02
+1.25977e+03 -2.96776e+04 4010575 1 8.1546e-02
+2.49991e+03 -2.96827e+04 4010576 1 8.1593e-02
+3.73958e+03 -2.96911e+04 4010577 1 8.1648e-02
+4.97855e+03 -2.97028e+04 4010578 1 8.1716e-02
+6.21659e+03 -2.97177e+04 4010579 1 8.1794e-02
+7.45349e+03 -2.97357e+04 4010580 1 8.1871e-02
+8.68902e+03 -2.97570e+04 4010581 1 8.1947e-02
+9.92298e+03 -2.97812e+04 4010582 1 8.2016e-02
+1.11552e+04 -2.98084e+04 4010583 1 8.2073e-02
+1.23854e+04 -2.98385e+04 4010584 1 8.2110e-02
+1.36134e+04 -2.98714e+04 4010585 1 8.2123e-02
+1.48392e+04 -2.99070e+04 4010586 1 8.2104e-02
+1.60624e+04 -2.99451e+04 4010587 1 8.2069e-02
+1.72829e+04 -2.99857e+04 4010588 1 8.1978e-02
+1.85006e+04 -3.00286e+04 4010589 1 8.1861e-02
+1.97154e+04 -3.00737e+04 4010590 1 8.1704e-02
+2.09271e+04 -3.01209e+04 4010591 1 8.1496e-02
+2.21356e+04 -3.01700e+04 4010592 1 8.1242e-02
+2.33408e+04 -3.02208e+04 4010593 1 8.0935e-02
+2.45426e+04 -3.02733e+04 4010594 1 8.0578e-02
+2.57410e+04 -3.03272e+04 4010595 1 8.0170e-02
+2.69358e+04 -3.03825e+04 4010596 1 7.9711e-02
+2.81270e+04 -3.04389e+04 4010597 1 7.9202e-02
+2.93147e+04 -3.04964e+04 4010598 1 7.8647e-02
+3.04986e+04 -3.05548e+04 4010599 1 7.8046e-02
+3.16789e+04 -3.06139e+04 4010600 1 7.7402e-02
+3.28555e+04 -3.06737e+04 4010601 1 7.6719e-02
+3.40284e+04 -3.07338e+04 4010602 1 7.6000e-02
+3.51976e+04 -3.07944e+04 4010603 1 7.5251e-02
+3.63631e+04 -3.08551e+04 4010604 1 7.4476e-02
+3.75250e+04 -3.09159e+04 4010605 1 7.3679e-02
+3.86832e+04 -3.09766e+04 4010606 1 7.2865e-02
+3.98379e+04 -3.10372e+04 4010607 1 7.2041e-02
+4.09890e+04 -3.10974e+04 4010608 1 7.1213e-02
+4.21366e+04 -3.11573e+04 4010609 1 7.0383e-02
+4.32807e+04 -3.12167e+04 4010610 1 6.9563e-02
+4.44215e+04 -3.12755e+04 4010611 1 6.8310e-02
+4.55590e+04 -3.13336e+04 4010612 1 6.6515e-02
+4.66931e+04 -3.13909e+04 4010613 1 6.4951e-02
+6.22109e+03 -4.81479e+04 2010743 1 8.3193e-02
+1.23998e+04 -4.72530e+04 2010789 1 8.5371e-02
+9.93884e+03 -4.71297e+04 2010787 1 8.5176e-02
+1.93567e+01 -2.85225e+04 4010615 1 8.0285e-02
+1.25817e+03 -2.85241e+04 4010616 1 8.0312e-02
+2.49676e+03 -2.85289e+04 4010617 1 8.0352e-02
+3.73488e+03 -2.85367e+04 4010618 1 8.0411e-02
+4.97232e+03 -2.85476e+04 4010619 1 8.0480e-02
+6.20886e+03 -2.85616e+04 4010620 1 8.0556e-02
+7.44429e+03 -2.85784e+04 4010621 1 8.0640e-02
+8.67839e+03 -2.85983e+04 4010622 1 8.0722e-02
+9.91097e+03 -2.86209e+04 4010623 1 8.0798e-02
+1.11418e+04 -2.86463e+04 4010624 1 8.0865e-02
+1.23708e+04 -2.86745e+04 4010625 1 8.0914e-02
+1.35976e+04 -2.87052e+04 4010626 1 8.0941e-02
+1.48222e+04 -2.87384e+04 4010627 1 8.0939e-02
+1.60443e+04 -2.87741e+04 4010628 1 8.0923e-02
+1.72638e+04 -2.88120e+04 4010629 1 8.0885e-02
+1.84806e+04 -2.88521e+04 4010630 1 8.0808e-02
+1.96945e+04 -2.88943e+04 4010631 1 8.0689e-02
+2.09054e+04 -2.89384e+04 4010632 1 8.0526e-02
+2.21132e+04 -2.89843e+04 4010633 1 8.0318e-02
+2.33178e+04 -2.90318e+04 4010634 1 8.0063e-02
+2.45191e+04 -2.90809e+04 4010635 1 7.9761e-02
+2.57170e+04 -2.91314e+04 4010636 1 7.9411e-02
+2.69115e+04 -2.91831e+04 4010637 1 7.9014e-02
+2.81024e+04 -2.92359e+04 4010638 1 7.8572e-02
+2.92899e+04 -2.92898e+04 4010639 1 7.8083e-02
+3.04737e+04 -2.93444e+04 4010640 1 7.7552e-02
+3.16539e+04 -2.93998e+04 4010641 1 7.6981e-02
+3.28305e+04 -2.94558e+04 4010642 1 7.6371e-02
+3.40034e+04 -2.95122e+04 4010643 1 7.5726e-02
+3.51728e+04 -2.95689e+04 4010644 1 7.5051e-02
+3.63385e+04 -2.96258e+04 4010645 1 7.4351e-02
+3.75006e+04 -2.96828e+04 4010646 1 7.3627e-02
+3.86591e+04 -2.97398e+04 4010647 1 7.2886e-02
+3.98142e+04 -2.97966e+04 4010648 1 7.2132e-02
+4.09657e+04 -2.98531e+04 4010649 1 7.1373e-02
+4.21137e+04 -2.99093e+04 4010650 1 7.0608e-02
+4.32584e+04 -2.99651e+04 4010651 1 6.9850e-02
+4.43997e+04 -3.00203e+04 4010652 1 6.8720e-02
+4.55377e+04 -3.00748e+04 4010653 1 6.6985e-02
+4.66725e+04 -3.01287e+04 4010654 1 6.5454e-02
+7.46803e+03 -4.70316e+04 2010785 1 8.4769e-02
+1.26281e+03 -4.69057e+04 2010780 1 8.3688e-02
+1.93299e+01 -2.73677e+04 4010656 1 7.8938e-02
+1.25643e+03 -2.73692e+04 4010657 1 7.8962e-02
+2.49331e+03 -2.73736e+04 4010658 1 7.9007e-02
+3.72973e+03 -2.73809e+04 4010659 1 7.9062e-02
+4.96550e+03 -2.73911e+04 4010660 1 7.9135e-02
+6.20040e+03 -2.74040e+04 4010661 1 7.9221e-02
+7.43421e+03 -2.74198e+04 4010662 1 7.9312e-02
+8.66675e+03 -2.74382e+04 4010663 1 7.9403e-02
+9.89780e+03 -2.74593e+04 4010664 1 7.9491e-02
+1.11272e+04 -2.74830e+04 4010665 1 7.9572e-02
+1.23547e+04 -2.75092e+04 4010666 1 7.9639e-02
+1.35802e+04 -2.75378e+04 4010667 1 7.9691e-02
+1.48035e+04 -2.75688e+04 4010668 1 7.9725e-02
+1.60244e+04 -2.76020e+04 4010669 1 7.9742e-02
+1.72428e+04 -2.76373e+04 4010670 1 7.9741e-02
+1.84585e+04 -2.76747e+04 4010671 1 7.9705e-02
+1.96714e+04 -2.77140e+04 4010672 1 7.9633e-02
+2.08814e+04 -2.77551e+04 4010673 1 7.9520e-02
+2.20884e+04 -2.77979e+04 4010674 1 7.9366e-02
+2.32922e+04 -2.78422e+04 4010675 1 7.9170e-02
+2.44928e+04 -2.78880e+04 4010676 1 7.8929e-02
+2.56901e+04 -2.79351e+04 4010677 1 7.8644e-02
+2.68841e+04 -2.79833e+04 4010678 1 7.8315e-02
+2.80747e+04 -2.80326e+04 4010679 1 7.7942e-02
+2.92617e+04 -2.80828e+04 4010680 1 7.7526e-02
+3.04453e+04 -2.81339e+04 4010681 1 7.7069e-02
+3.16253e+04 -2.81856e+04 4010682 1 7.6573e-02
+3.28018e+04 -2.82378e+04 4010683 1 7.6039e-02
+3.39748e+04 -2.82905e+04 4010684 1 7.5473e-02
+3.51441e+04 -2.83435e+04 4010685 1 7.4874e-02
+3.63100e+04 -2.83967e+04 4010686 1 7.4249e-02
+3.74722e+04 -2.84499e+04 4010687 1 7.3601e-02
+3.86310e+04 -2.85032e+04 4010688 1 7.2933e-02
+3.97863e+04 -2.85563e+04 4010689 1 7.2250e-02
+4.09382e+04 -2.86092e+04 4010690 1 7.1559e-02
+4.20866e+04 -2.86617e+04 4010691 1 7.0859e-02
+4.32317e+04 -2.87139e+04 4010692 1 7.0162e-02
+4.43735e+04 -2.87655e+04 4010693 1 6.9152e-02
+4.55121e+04 -2.88166e+04 4010694 1 6.7449e-02
+4.66474e+04 -2.88670e+04 4010695 1 6.5965e-02
+1.94281e+01 -4.69018e+04 2010779 1 8.3555e-02
+1.93008e+01 -2.62112e+04 4010697 1 7.7485e-02
+1.25454e+03 -2.62126e+04 4010698 1 7.7507e-02
+2.48956e+03 -2.62168e+04 4010699 1 7.7548e-02
+3.72415e+03 -2.62235e+04 4010700 1 7.7612e-02
+4.95810e+03 -2.62329e+04 4010701 1 7.7690e-02
+6.19120e+03 -2.62450e+04 4010702 1 7.7785e-02
+7.42326e+03 -2.62596e+04 4010703 1 7.7879e-02
+8.65408e+03 -2.62767e+04 4010704 1 7.7980e-02
+9.88346e+03 -2.62963e+04 4010705 1 7.8084e-02
+1.11112e+04 -2.63182e+04 4010706 1 7.8186e-02
+1.23372e+04 -2.63426e+04 4010707 1 7.8284e-02
+1.35612e+04 -2.63691e+04 4010708 1 7.8372e-02
+1.47830e+04 -2.63979e+04 4010709 1 7.8447e-02
+1.60025e+04 -2.64287e+04 4010710 1 7.8504e-02
+1.72196e+04 -2.64615e+04 4010711 1 7.8549e-02
+1.84342e+04 -2.64962e+04 4010712 1 7.8564e-02
+1.96459e+04 -2.65327e+04 4010713 1 7.8545e-02
+2.08549e+04 -2.65709e+04 4010714 1 7.8492e-02
+2.20609e+04 -2.66106e+04 4010715 1 7.8400e-02
+2.32639e+04 -2.66518e+04 4010716 1 7.8269e-02
+2.44637e+04 -2.66944e+04 4010717 1 7.8097e-02
+2.56603e+04 -2.67381e+04 4010718 1 7.7884e-02
+2.68537e+04 -2.67830e+04 4010719 1 7.7629e-02
+2.80437e+04 -2.68288e+04 4010720 1 7.7333e-02
+2.92303e+04 -2.68755e+04 4010721 1 7.6995e-02
+3.04135e+04 -2.69230e+04 4010722 1 7.6618e-02
+3.15933e+04 -2.69711e+04 4010723 1 7.6202e-02
+3.27696e+04 -2.70197e+04 4010724 1 7.5749e-02
+3.39424e+04 -2.70687e+04 4010725 1 7.5261e-02
+3.51117e+04 -2.71180e+04 4010726 1 7.4744e-02
+3.62775e+04 -2.71675e+04 4010727 1 7.4195e-02
+3.74399e+04 -2.72171e+04 4010728 1 7.3624e-02
+3.85989e+04 -2.72667e+04 4010729 1 7.3033e-02
+3.97544e+04 -2.73162e+04 4010730 1 7.2422e-02
+4.09065e+04 -2.73655e+04 4010731 1 7.1797e-02
+4.20553e+04 -2.74144e+04 4010732 1 7.1164e-02
+4.32008e+04 -2.74630e+04 4010733 1 7.0524e-02
+4.43430e+04 -2.75112e+04 4010734 1 6.9632e-02
+4.54820e+04 -2.75588e+04 4010735 1 6.7975e-02
+4.66179e+04 -2.76058e+04 4010736 1 6.6532e-02
+7.45776e+03 -4.81886e+04 2010744 1 8.3440e-02
+6.22961e+03 -4.69925e+04 2010784 1 8.4536e-02
+1.92694e+01 -2.50530e+04 4010738 1 7.5869e-02
+1.25250e+03 -2.50543e+04 4010739 1 7.5891e-02
+2.48552e+03 -2.50581e+04 4010740 1 7.5936e-02
+3.71812e+03 -2.50644e+04 4010741 1 7.6002e-02
+4.95010e+03 -2.50731e+04 4010742 1 7.6088e-02
+6.18127e+03 -2.50842e+04 4010743 1 7.6191e-02
+7.41142e+03 -2.50977e+04 4010744 1 7.6309e-02
+8.64037e+03 -2.51135e+04 4010745 1 7.6438e-02
+9.86794e+03 -2.51316e+04 4010746 1 7.6574e-02
+1.10939e+04 -2.51520e+04 4010747 1 7.6713e-02
+1.23182e+04 -2.51744e+04 4010748 1 7.6852e-02
+1.35405e+04 -2.51990e+04 4010749 1 7.6985e-02
+1.47608e+04 -2.52256e+04 4010750 1 7.7110e-02
+1.59788e+04 -2.52541e+04 4010751 1 7.7221e-02
+1.71945e+04 -2.52845e+04 4010752 1 7.7318e-02
+1.84077e+04 -2.53166e+04 4010753 1 7.7393e-02
+1.96182e+04 -2.53504e+04 4010754 1 7.7439e-02
+2.08260e+04 -2.53857e+04 4010755 1 7.7453e-02
+2.20309e+04 -2.54225e+04 4010756 1 7.7432e-02
+2.32328e+04 -2.54606e+04 4010757 1 7.7376e-02
+2.44317e+04 -2.55000e+04 4010758 1 7.7281e-02
+2.56275e+04 -2.55405e+04 4010759 1 7.7148e-02
+2.68201e+04 -2.55820e+04 4010760 1 7.6975e-02
+2.80095e+04 -2.56245e+04 4010761 1 7.6762e-02
+2.91956e+04 -2.56677e+04 4010762 1 7.6508e-02
+3.03783e+04 -2.57117e+04 4010763 1 7.6216e-02
+3.15577e+04 -2.57563e+04 4010764 1 7.5886e-02
+3.27337e+04 -2.58013e+04 4010765 1 7.5518e-02
+3.39062e+04 -2.58468e+04 4010766 1 7.5115e-02
+3.50754e+04 -2.58925e+04 4010767 1 7.4679e-02
+3.62412e+04 -2.59384e+04 4010768 1 7.4214e-02
+3.74036e+04 -2.59844e+04 4010769 1 7.3722e-02
+3.85626e+04 -2.60304e+04 4010770 1 7.3205e-02
+3.97183e+04 -2.60763e+04 4010771 1 7.2666e-02
+4.08706e+04 -2.61220e+04 4010772 1 7.2113e-02
+4.20197e+04 -2.61674e+04 4010773 1 7.1542e-02
+4.31655e+04 -2.62126e+04 4010774 1 7.0963e-02
+4.43082e+04 -2.62573e+04 4010775 1 7.0208e-02
+4.54476e+04 -2.63015e+04 4010776 1 6.8592e-02
+4.65840e+04 -2.63451e+04 4010777 1 6.7161e-02
+4.98277e+03 -4.81144e+04 2010742 1 8.2948e-02
+1.92356e+01 -2.38929e+04 4010779 1 7.4099e-02
+1.25031e+03 -2.38941e+04 4010780 1 7.4123e-02
+2.48117e+03 -2.38976e+04 4010781 1 7.4174e-02
+4.65028e+04 -2.38253e+04 6010039 1 6.8704e-02
+3.71164e+03 -2.39034e+04 4010782 1 7.4253e-02
+4.94150e+03 -2.39114e+04 4010783 1 7.4357e-02
+6.17058e+03 -2.39216e+04 4010784 1 7.4485e-02
+4.98956e+03 -4.69603e+04 2010783 1 8.4291e-02
+7.39868e+03 -2.39340e+04 4010785 1 7.4632e-02
+8.62562e+03 -2.39486e+04 4010786 1 7.4796e-02
+1.94019e+01 -4.80537e+04 2010738 1 8.2174e-02
+9.85122e+03 -2.39653e+04 4010787 1 7.4972e-02
+1.10753e+04 -2.39840e+04 4010788 1 7.5157e-02
+2.68680e+04 -4.83967e+04 2010801 1 7.7453e-02
+1.22977e+04 -2.40047e+04 4010789 1 7.5346e-02
+1.35182e+04 -2.40273e+04 4010790 1 7.5535e-02
+2.80470e+04 -4.85126e+04 2010802 1 7.5701e-02
+1.47368e+04 -2.40518e+04 4010791 1 7.5720e-02
+2.50246e+03 -4.80692e+04 2010740 1 8.2498e-02
+1.59532e+04 -2.40781e+04 4010792 1 7.5895e-02
+1.71673e+04 -2.41061e+04 4010793 1 7.6058e-02
+1.83790e+04 -2.41357e+04 4010794 1 7.6203e-02
+1.95881e+04 -2.41668e+04 4010795 1 7.6324e-02
+2.07945e+04 -2.41993e+04 4010796 1 7.6416e-02
+2.44971e+04 -4.81709e+04 2010799 1 8.0360e-02
+2.19982e+04 -2.42332e+04 4010797 1 7.6477e-02
+1.26111e+03 -4.80577e+04 2010739 1 8.2314e-02
+2.56847e+04 -4.82827e+04 2010800 1 7.9027e-02
+2.31991e+04 -2.42684e+04 4010798 1 7.6505e-02
+2.33053e+04 -4.80618e+04 2010798 1 8.1539e-02
+2.43969e+04 -2.43047e+04 4010799 1 7.6497e-02
+2.55918e+04 -2.43420e+04 4010800 1 7.6452e-02
+2.67835e+04 -2.43803e+04 4010801 1 7.6369e-02
+2.79721e+04 -2.44195e+04 4010802 1 7.6247e-02
+2.91575e+04 -2.44594e+04 4010803 1 7.6085e-02
+3.03396e+04 -2.44999e+04 4010804 1 7.5886e-02
+3.15185e+04 -2.45411e+04 4010805 1 7.5647e-02
+3.26941e+04 -2.45826e+04 4010806 1 7.5370e-02
+3.38663e+04 -2.46246e+04 4010807 1 7.5056e-02
+3.50353e+04 -2.46668e+04 4010808 1 7.4707e-02
+4.53655e+04 -2.37882e+04 6010038 1 7.0106e-02
+3.62009e+04 -2.47091e+04 4010809 1 7.4327e-02
+3.73632e+04 -2.47516e+04 4010810 1 7.3916e-02
+3.85223e+04 -2.47941e+04 4010811 1 7.3477e-02
+3.96780e+04 -2.48365e+04 4010812 1 7.3013e-02
+2.92218e+04 -4.86301e+04 2010803 1 7.3712e-02
+4.08305e+04 -2.48787e+04 4010813 1 7.2529e-02
+4.19798e+04 -2.49207e+04 4010814 1 7.2022e-02
+4.31259e+04 -2.49624e+04 4010815 1 7.1502e-02
+4.42689e+04 -2.50037e+04 4010816 1 7.0884e-02
+4.54088e+04 -2.50446e+04 4010817 1 6.9279e-02
+4.65457e+04 -2.50850e+04 4010818 1 6.7877e-02
+4.42253e+04 -2.37506e+04 6010037 1 7.1685e-02
+3.03923e+04 -4.87488e+04 2010804 1 7.1452e-02
+1.72587e+04 -4.87448e+04 2010752 1 8.3300e-02
