+2.18003e+01 -2.10923e+04 6010000 1 1.9947e-01
+1.41694e+03 -2.10965e+04 6010001 1 1.9964e-01
+2.81119e+03 -2.11083e+04 6010002 1 2.0001e-01
+4.20374e+03 -2.11275e+04 6010003 1 2.0059e-01
+5.59379e+03 -2.11540e+04 6010004 1 2.0135e-01
+6.98055e+03 -2.11877e+04 6010005 1 2.0234e-01
+8.36315e+03 -2.12287e+04 6010006 1 2.0347e-01
+9.74086e+03 -2.12765e+04 6010007 1 2.0463e-01
+1.11130e+04 -2.13310e+04 6010008 1 2.0581e-01
+1.24790e+04 -2.13917e+04 6010009 1 2.0699e-01
+1.38381e+04 -2.14584e+04 6010010 1 2.0815e-01
+1.51898e+04 -2.15309e+04 6010011 1 2.0924e-01
+1.65336e+04 -2.16086e+04 6010012 1 2.1020e-01
+1.78690e+04 -2.16912e+04 6010013 1 2.1102e-01
+1.91956e+04 -2.17783e+04 6010014 1 2.1166e-01
+2.05131e+04 -2.18695e+04 6010015 1 2.1210e-01
+2.18212e+04 -2.19644e+04 6010016 1 2.1228e-01
+2.31195e+04 -2.20626e+04 6010017 1 2.1219e-01
+2.44080e+04 -2.21636e+04 6010018 1 2.1181e-01
+2.56865e+04 -2.22671e+04 6010019 1 2.1111e-01
+2.69548e+04 -2.23725e+04 6010020 1 2.1004e-01
+2.82130e+04 -2.24796e+04 6010021 1 2.0848e-01
+2.94610e+04 -2.25880e+04 6010022 1 2.0715e-01
+3.06988e+04 -2.26972e+04 6010023 1 2.0579e-01
+3.19266e+04 -2.28070e+04 6010024 1 2.0425e-01
+3.31445e+04 -2.29170e+04 6010025 1 2.0254e-01
+3.43526e+04 -2.30268e+04 6010026 1 2.0063e-01
+3.55510e+04 -2.31361e+04 6010027 1 1.9858e-01
+3.67400e+04 -2.32447e+04 6010028 1 1.9640e-01
+3.79198e+04 -2.33523e+04 6010029 1 1.9412e-01
+3.90905e+04 -2.34585e+04 6010030 1 1.9175e-01
+4.02525e+04 -2.35633e+04 6010031 1 1.8930e-01
+4.14059e+04 -2.36664e+04 6010032 1 1.8680e-01
+2.20451e+01 -2.31290e+04 4010738 1 2.1051e-01
+2.84266e+03 -2.31481e+04 4010740 1 2.1103e-01
+2.19251e+01 -2.21135e+04 4010779 1 2.0508e-01
+5.62541e+03 -2.21810e+04 4010783 1 2.0691e-01
+2.16702e+01 -2.00652e+04 6010041 1 1.9358e-01
+1.40849e+03 -2.00690e+04 6010042 1 1.9373e-01
+2.79447e+03 -2.00797e+04 6010043 1 1.9410e-01
+4.17883e+03 -2.00971e+04 6010044 1 1.9469e-01
+5.56082e+03 -2.01212e+04 6010045 1 1.9547e-01
+6.93969e+03 -2.01519e+04 6010046 1 1.9646e-01
+8.31463e+03 -2.01891e+04 6010047 1 1.9764e-01
+9.68493e+03 -2.02326e+04 6010048 1 1.9889e-01
+1.10500e+04 -2.02821e+04 6010049 1 2.0020e-01
+1.24091e+04 -2.03374e+04 6010050 1 2.0153e-01
+1.37618e+04 -2.03981e+04 6010051 1 2.0284e-01
+1.51074e+04 -2.04639e+04 6010052 1 2.0411e-01
+1.64454e+04 -2.05347e+04 6010053 1 2.0527e-01
+1.77754e+04 -2.06099e+04 6010054 1 2.0631e-01
+1.90971e+04 -2.06892e+04 6010055 1 2.0718e-01
+2.04101e+04 -2.07723e+04 6010056 1 2.0785e-01
+2.17141e+04 -2.08587e+04 6010057 1 2.0831e-01
+2.30088e+04 -2.09481e+04 6010058 1 2.0846e-01
+2.42940e+04 -2.10402e+04 6010059 1 2.0833e-01
+2.55697e+04 -2.11345e+04 6010060 1 2.0786e-01
+2.68356e+04 -2.12307e+04 6010061 1 2.0696e-01
+2.80917e+04 -2.13284e+04 6010062 1 2.0621e-01
+2.93381e+04 -2.14273e+04 6010063 1 2.0541e-01
+3.05747e+04 -2.15271e+04 6010064 1 2.0441e-01
+3.18016e+04 -2.16273e+04 6010065 1 2.0324e-01
+3.30190e+04 -2.17278e+04 6010066 1 2.0189e-01
+3.42269e+04 -2.18281e+04 6010067 1 2.0038e-01
+3.54255e+04 -2.19281e+04 6010068 1 1.9872e-01
+3.66149e+04 -2.20274e+04 6010069 1 1.9688e-01
+3.77954e+04 -2.21258e+04 6010070 1 1.9493e-01
+3.89670e+04 -2.22230e+04 6010071 1 1.9288e-01
+4.01302e+04 -2.23189e+04 6010072 1 1.9073e-01
+4.12850e+04 -2.24133e+04 6010073 1 1.8850e-01
+4.24318e+04 -2.25059e+04 6010074 1 1.8613e-01
+4.35706e+04 -2.25967e+04 6010075 1 1.8232e-01
+4.47018e+04 -2.26855e+04 6010076 1 1.7858e-01
+4.58256e+04 -2.27722e+04 6010077 1 1.7490e-01
+2.15346e+01 -1.90318e+04 6010082 1 1.8718e-01
+1.39969e+03 -1.90352e+04 6010083 1 1.8733e-01
+2.77703e+03 -1.90449e+04 6010084 1 1.8774e-01
+4.15285e+03 -1.90606e+04 6010085 1 1.8839e-01
+5.52643e+03 -1.90824e+04 6010086 1 1.8925e-01
+6.89706e+03 -1.91102e+04 6010087 1 1.9033e-01
+8.26398e+03 -1.91438e+04 6010088 1 1.9162e-01
+9.62650e+03 -1.91831e+04 6010089 1 1.9302e-01
+1.09840e+04 -1.92279e+04 6010090 1 1.9450e-01
+1.23359e+04 -1.92779e+04 6010091 1 1.9601e-01
+1.36817e+04 -1.93328e+04 6010092 1 1.9752e-01
+1.50209e+04 -1.93924e+04 6010093 1 1.9901e-01
+1.63528e+04 -1.94564e+04 6010094 1 2.0040e-01
+1.76771e+04 -1.95245e+04 6010095 1 2.0168e-01
+1.89934e+04 -1.95963e+04 6010096 1 2.0281e-01
+2.03015e+04 -1.96716e+04 6010097 1 2.0374e-01
+2.16010e+04 -1.97499e+04 6010098 1 2.0446e-01
+2.28916e+04 -1.98309e+04 6010099 1 2.0491e-01
+2.41732e+04 -1.99143e+04 6010100 1 2.0501e-01
+2.54456e+04 -1.99998e+04 6010101 1 2.0474e-01
+2.67087e+04 -2.00871e+04 6010102 1 2.0469e-01
+2.79624e+04 -2.01757e+04 6010103 1 2.0446e-01
+2.92068e+04 -2.02655e+04 6010104 1 2.0404e-01
+3.04419e+04 -2.03560e+04 6010105 1 2.0343e-01
+3.16676e+04 -2.04471e+04 6010106 1 2.0263e-01
+3.28841e+04 -2.05383e+04 6010107 1 2.0166e-01
+3.40915e+04 -2.06295e+04 6010108 1 2.0051e-01
+3.52899e+04 -2.07203e+04 6010109 1 1.9921e-01
+3.64794e+04 -2.08106e+04 6010110 1 1.9775e-01
+3.76603e+04 -2.09001e+04 6010111 1 1.9616e-01
+3.88326e+04 -2.09886e+04 6010112 1 1.9444e-01
+3.99967e+04 -2.10758e+04 6010113 1 1.9259e-01
+4.11527e+04 -2.11617e+04 6010114 1 1.9065e-01
+4.23008e+04 -2.12461e+04 6010115 1 1.8861e-01
+4.34413e+04 -2.13287e+04 6010116 1 1.8504e-01
+4.45742e+04 -2.14096e+04 6010117 1 1.8144e-01
+4.57000e+04 -2.14886e+04 6010118 1 1.7789e-01
+4.68188e+04 -2.15656e+04 6010119 1 1.7439e-01
+5.65576e+03 -2.32026e+04 4010742 1 2.1230e-01
+7.05727e+03 -2.32430e+04 4010743 1 2.1329e-01
+4.25059e+03 -2.31710e+04 4010741 1 2.1158e-01
+8.40962e+03 -2.22628e+04 4010785 1 2.0898e-01
+1.42506e+03 -2.21181e+04 4010780 1 2.0524e-01
+4.22764e+03 -2.21520e+04 4010782 1 2.0617e-01
+2.13932e+01 -1.79918e+04 6010123 1 1.8050e-01
+1.39050e+03 -1.79949e+04 6010124 1 1.8067e-01
+2.75885e+03 -1.80036e+04 6010125 1 1.8112e-01
+4.12575e+03 -1.80178e+04 6010126 1 1.8184e-01
+5.49053e+03 -1.80374e+04 6010127 1 1.8281e-01
+6.85253e+03 -1.80623e+04 6010128 1 1.8401e-01
+8.21105e+03 -1.80925e+04 6010129 1 1.8545e-01
+9.56540e+03 -1.81278e+04 6010130 1 1.8703e-01
+1.09150e+04 -1.81681e+04 6010131 1 1.8871e-01
+1.22593e+04 -1.82130e+04 6010132 1 1.9044e-01
+1.35979e+04 -1.82624e+04 6010133 1 1.9219e-01
+1.49301e+04 -1.83160e+04 6010134 1 1.9393e-01
+1.62555e+04 -1.83735e+04 6010135 1 1.9560e-01
+1.75737e+04 -1.84348e+04 6010136 1 1.9715e-01
+1.88843e+04 -1.84994e+04 6010137 1 1.9856e-01
+2.01870e+04 -1.85671e+04 6010138 1 1.9977e-01
+2.14815e+04 -1.86376e+04 6010139 1 2.0075e-01
+2.27677e+04 -1.87105e+04 6010140 1 2.0147e-01
+2.40452e+04 -1.87857e+04 6010141 1 2.0205e-01
+2.53140e+04 -1.88627e+04 6010142 1 2.0259e-01
+2.65739e+04 -1.89413e+04 6010143 1 2.0296e-01
+2.78249e+04 -1.90213e+04 6010144 1 2.0313e-01
+2.90669e+04 -1.91022e+04 6010145 1 2.0311e-01
+3.03000e+04 -1.91839e+04 6010146 1 2.0290e-01
+3.15242e+04 -1.92660e+04 6010147 1 2.0250e-01
+3.27395e+04 -1.93483e+04 6010148 1 2.0191e-01
+3.39460e+04 -1.94307e+04 6010149 1 2.0114e-01
+3.51439e+04 -1.95127e+04 6010150 1 2.0020e-01
+3.63332e+04 -1.95942e+04 6010151 1 1.9910e-01
+3.75142e+04 -1.96751e+04 6010152 1 1.9784e-01
+3.86869e+04 -1.97550e+04 6010153 1 1.9643e-01
+3.98517e+04 -1.98339e+04 6010154 1 1.9489e-01
+4.10086e+04 -1.99116e+04 6010155 1 1.9322e-01
+4.21579e+04 -1.99879e+04 6010156 1 1.9145e-01
+4.32998e+04 -2.00626e+04 6010157 1 1.8822e-01
+4.44344e+04 -2.01358e+04 6010158 1 1.8474e-01
+4.55619e+04 -2.02073e+04 6010159 1 1.8128e-01
+4.66827e+04 -2.02770e+04 6010160 1 1.7789e-01
+1.43285e+03 -2.31341e+04 4010739 1 2.1066e-01
+1.11734e+04 -2.23748e+04 4010787 1 2.1127e-01
+2.12455e+01 -1.69449e+04 6010164 1 1.7354e-01
+1.38090e+03 -1.69477e+04 6010165 1 1.7372e-01
+2.73985e+03 -1.69554e+04 6010166 1 1.7423e-01
+4.09743e+03 -1.69680e+04 6010167 1 1.7504e-01
+5.45302e+03 -1.69855e+04 6010168 1 1.7615e-01
+6.80598e+03 -1.70078e+04 6010169 1 1.7751e-01
+8.15568e+03 -1.70347e+04 6010170 1 1.7913e-01
+9.50146e+03 -1.70662e+04 6010171 1 1.8092e-01
+1.08428e+04 -1.71022e+04 6010172 1 1.8283e-01
+1.21791e+04 -1.71423e+04 6010173 1 1.8482e-01
+1.35099e+04 -1.71863e+04 6010174 1 1.8686e-01
+1.48347e+04 -1.72342e+04 6010175 1 1.8888e-01
+1.61532e+04 -1.72856e+04 6010176 1 1.9085e-01
+1.74648e+04 -1.73402e+04 6010177 1 1.9271e-01
+1.87693e+04 -1.73979e+04 6010178 1 1.9442e-01
+2.00662e+04 -1.74584e+04 6010179 1 1.9592e-01
+2.13554e+04 -1.75214e+04 6010180 1 1.9728e-01
+2.26366e+04 -1.75866e+04 6010181 1 1.9865e-01
+2.39097e+04 -1.76538e+04 6010182 1 1.9985e-01
+2.51745e+04 -1.77228e+04 6010183 1 2.0087e-01
+2.64309e+04 -1.77931e+04 6010184 1 2.0166e-01
+2.76787e+04 -1.78647e+04 6010185 1 2.0227e-01
+2.89180e+04 -1.79371e+04 6010186 1 2.0268e-01
+3.01487e+04 -1.80103e+04 6010187 1 2.0289e-01
+3.13710e+04 -1.80838e+04 6010188 1 2.0290e-01
+3.25847e+04 -1.81576e+04 6010189 1 2.0272e-01
+3.37900e+04 -1.82314e+04 6010190 1 2.0234e-01
+3.49871e+04 -1.83049e+04 6010191 1 2.0177e-01
+3.61759e+04 -1.83780e+04 6010192 1 2.0102e-01
+3.73567e+04 -1.84505e+04 6010193 1 2.0010e-01
+3.85296e+04 -1.85222e+04 6010194 1 1.9901e-01
+3.96948e+04 -1.85930e+04 6010195 1 1.9776e-01
+4.08524e+04 -1.86627e+04 6010196 1 1.9637e-01
+4.20027e+04 -1.87312e+04 6010197 1 1.9485e-01
+4.31458e+04 -1.87983e+04 6010198 1 1.9197e-01
+4.42818e+04 -1.88640e+04 6010199 1 1.8862e-01
+4.54111e+04 -1.89282e+04 6010200 1 1.8525e-01
+4.65338e+04 -1.89908e+04 6010201 1 1.8195e-01
+9.84568e+03 -2.33490e+04 4010745 1 2.1549e-01
+1.12311e+04 -2.34140e+04 4010746 1 2.1660e-01
+1.25458e+04 -2.24413e+04 4010788 1 2.1237e-01
+2.10911e+01 -1.58906e+04 6010205 1 1.6629e-01
+1.37087e+03 -1.58930e+04 6010206 1 1.6649e-01
+2.71999e+03 -1.58999e+04 6010207 1 1.6706e-01
+4.06782e+03 -1.59111e+04 6010208 1 1.6799e-01
+5.41378e+03 -1.59265e+04 6010209 1 1.6925e-01
+6.75727e+03 -1.59462e+04 6010210 1 1.7081e-01
+8.09771e+03 -1.59700e+04 6010211 1 1.7264e-01
+9.43447e+03 -1.59979e+04 6010212 1 1.7469e-01
+1.07670e+04 -1.60297e+04 6010213 1 1.7687e-01
+1.20949e+04 -1.60652e+04 6010214 1 1.7917e-01
+1.34175e+04 -1.61042e+04 6010215 1 1.8152e-01
+1.47346e+04 -1.61466e+04 6010216 1 1.8387e-01
+1.60457e+04 -1.61921e+04 6010217 1 1.8617e-01
+1.73503e+04 -1.62405e+04 6010218 1 1.8835e-01
+1.86481e+04 -1.62916e+04 6010219 1 1.9052e-01
+1.99389e+04 -1.63452e+04 6010220 1 1.9261e-01
+2.12223e+04 -1.64011e+04 6010221 1 1.9458e-01
+2.24982e+04 -1.64589e+04 6010222 1 1.9641e-01
+2.37664e+04 -1.65186e+04 6010223 1 1.9808e-01
+2.50268e+04 -1.65797e+04 6010224 1 1.9958e-01
+2.62791e+04 -1.66422e+04 6010225 1 2.0089e-01
+2.75234e+04 -1.67057e+04 6010226 1 2.0196e-01
+2.87596e+04 -1.67700e+04 6010227 1 2.0282e-01
+2.99876e+04 -1.68350e+04 6010228 1 2.0348e-01
+3.12076e+04 -1.69003e+04 6010229 1 2.0392e-01
+3.24194e+04 -1.69659e+04 6010230 1 2.0415e-01
+3.36232e+04 -1.70314e+04 6010231 1 2.0417e-01
+3.48191e+04 -1.70968e+04 6010232 1 2.0398e-01
+3.60071e+04 -1.71618e+04 6010233 1 2.0360e-01
+3.71875e+04 -1.72262e+04 6010234 1 2.0302e-01
+3.83602e+04 -1.72900e+04 6010235 1 2.0225e-01
+3.95256e+04 -1.73530e+04 6010236 1 2.0130e-01
+4.06837e+04 -1.74150e+04 6010237 1 2.0018e-01
+4.18347e+04 -1.74759e+04 6010238 1 1.9889e-01
+4.29789e+04 -1.75357e+04 6010239 1 1.9638e-01
+4.41162e+04 -1.75942e+04 6010240 1 1.9313e-01
+4.52470e+04 -1.76514e+04 6010241 1 1.8986e-01
+4.63715e+04 -1.77071e+04 6010242 1 1.8662e-01
+1.52685e+04 -2.25935e+04 4010790 1 2.1438e-01
+1.39111e+04 -2.25143e+04 4010789 1 2.1344e-01
+7.01971e+03 -2.22180e+04 4010784 1 2.0789e-01
+2.82724e+03 -2.21310e+04 4010781 1 2.0560e-01
+2.09295e+01 -1.48284e+04 6010246 1 1.5875e-01
+1.36037e+03 -1.48305e+04 6010247 1 1.5897e-01
+2.69919e+03 -1.48365e+04 6010248 1 1.5963e-01
+4.03681e+03 -1.48463e+04 6010249 1 1.6070e-01
+5.37267e+03 -1.48599e+04 6010250 1 1.6214e-01
+6.70622e+03 -1.48771e+04 6010251 1 1.6393e-01
+8.03692e+03 -1.48980e+04 6010252 1 1.6601e-01
+9.36420e+03 -1.49224e+04 6010253 1 1.6834e-01
+1.06875e+04 -1.49503e+04 6010254 1 1.7085e-01
+1.20064e+04 -1.49814e+04 6010255 1 1.7348e-01
+1.33205e+04 -1.50156e+04 6010256 1 1.7618e-01
+1.46293e+04 -1.50528e+04 6010257 1 1.7895e-01
+1.59325e+04 -1.50927e+04 6010258 1 1.8175e-01
+1.72296e+04 -1.51352e+04 6010259 1 1.8451e-01
+1.85204e+04 -1.51801e+04 6010260 1 1.8721e-01
+1.98045e+04 -1.52272e+04 6010261 1 1.8981e-01
+2.10818e+04 -1.52762e+04 6010262 1 1.9230e-01
+2.23519e+04 -1.53270e+04 6010263 1 1.9465e-01
+2.36148e+04 -1.53794e+04 6010264 1 1.9683e-01
+2.48703e+04 -1.54332e+04 6010265 1 1.9883e-01
+2.61182e+04 -1.54881e+04 6010266 1 2.0064e-01
+2.73586e+04 -1.55439e+04 6010267 1 2.0224e-01
+2.85912e+04 -1.56005e+04 6010268 1 2.0361e-01
+2.98162e+04 -1.56576e+04 6010269 1 2.0473e-01
+3.10334e+04 -1.57151e+04 6010270 1 2.0562e-01
+3.22430e+04 -1.57728e+04 6010271 1 2.0628e-01
+3.34449e+04 -1.58305e+04 6010272 1 2.0671e-01
+3.46393e+04 -1.58880e+04 6010273 1 2.0692e-01
+3.58263e+04 -1.59453e+04 6010274 1 2.0690e-01
+3.70059e+04 -1.60020e+04 6010275 1 2.0666e-01
+3.81783e+04 -1.60582e+04 6010276 1 2.0622e-01
+3.93436e+04 -1.61137e+04 6010277 1 2.0556e-01
+4.05019e+04 -1.61683e+04 6010278 1 2.0471e-01
+4.16536e+04 -1.62220e+04 6010279 1 2.0367e-01
+4.27986e+04 -1.62747e+04 6010280 1 2.0156e-01
+4.39371e+04 -1.63263e+04 6010281 1 1.9838e-01
+4.50693e+04 -1.63766e+04 6010282 1 1.9519e-01
+4.61954e+04 -1.64258e+04 6010283 1 1.9200e-01
+1.39807e+04 -2.35660e+04 4010748 1 2.1869e-01
+1.66176e+04 -2.26785e+04 4010791 1 2.1517e-01
+9.79440e+03 -2.23152e+04 4010786 1 2.1012e-01
+2.07600e+01 -1.37577e+04 6010287 1 1.5090e-01
+1.34936e+03 -1.37596e+04 6010288 1 1.5115e-01
+2.67738e+03 -1.37647e+04 6010289 1 1.5189e-01
+4.00428e+03 -1.37732e+04 6010290 1 1.5308e-01
+5.32955e+03 -1.37850e+04 6010291 1 1.5470e-01
+6.65266e+03 -1.38000e+04 6010292 1 1.5672e-01
+7.97312e+03 -1.38181e+04 6010293 1 1.5909e-01
+9.29041e+03 -1.38392e+04 6010294 1 1.6176e-01
+1.06040e+04 -1.38634e+04 6010295 1 1.6467e-01
+1.19135e+04 -1.38904e+04 6010296 1 1.6776e-01
+1.32185e+04 -1.39201e+04 6010297 1 1.7099e-01
+1.45185e+04 -1.39523e+04 6010298 1 1.7431e-01
+1.58133e+04 -1.39870e+04 6010299 1 1.7766e-01
+1.71025e+04 -1.40239e+04 6010300 1 1.8101e-01
+1.83858e+04 -1.40629e+04 6010301 1 1.8429e-01
+1.96628e+04 -1.41038e+04 6010302 1 1.8747e-01
+2.09334e+04 -1.41464e+04 6010303 1 1.9053e-01
+2.21974e+04 -1.41905e+04 6010304 1 1.9344e-01
+2.34545e+04 -1.42361e+04 6010305 1 1.9618e-01
+2.47046e+04 -1.42828e+04 6010306 1 1.9873e-01
+2.59477e+04 -1.43305e+04 6010307 1 2.0107e-01
+2.71836e+04 -1.43790e+04 6010308 1 2.0318e-01
+2.84123e+04 -1.44282e+04 6010309 1 2.0506e-01
+2.96338e+04 -1.44779e+04 6010310 1 2.0669e-01
+3.08480e+04 -1.45280e+04 6010311 1 2.0808e-01
+3.20549e+04 -1.45781e+04 6010312 1 2.0919e-01
+3.32547e+04 -1.46284e+04 6010313 1 2.1005e-01
+3.44473e+04 -1.46784e+04 6010314 1 2.1065e-01
+3.56328e+04 -1.47283e+04 6010315 1 2.1101e-01
+3.68114e+04 -1.47777e+04 6010316 1 2.1112e-01
+3.79831e+04 -1.48266e+04 6010317 1 2.1099e-01
+3.91481e+04 -1.48749e+04 6010318 1 2.1063e-01
+4.03066e+04 -1.49225e+04 6010319 1 2.1005e-01
+4.14585e+04 -1.49693e+04 6010320 1 2.0924e-01
+4.26042e+04 -1.50152e+04 6010321 1 2.0758e-01
+4.37438e+04 -1.50601e+04 6010322 1 2.0446e-01
+4.48773e+04 -1.51040e+04 6010323 1 2.0132e-01
+4.60050e+04 -1.51468e+04 6010324 1 1.9814e-01
+1.53435e+04 -2.36522e+04 4010749 1 2.1954e-01
+8.45417e+03 -2.32919e+04 4010744 1 2.1438e-01
+2.05821e+01 -1.26781e+04 6010328 1 1.4199e-01
+1.33780e+03 -1.26797e+04 6010329 1 1.4229e-01
+2.65449e+03 -1.26841e+04 6010330 1 1.4317e-01
+3.97014e+03 -1.26914e+04 6010331 1 1.4460e-01
+5.28428e+03 -1.27014e+04 6010332 1 1.4655e-01
+6.59642e+03 -1.27143e+04 6010333 1 1.4897e-01
+7.90611e+03 -1.27298e+04 6010334 1 1.5180e-01
+9.21288e+03 -1.27479e+04 6010335 1 1.5498e-01
+1.05163e+04 -1.27686e+04 6010336 1 1.5845e-01
+1.18158e+04 -1.27917e+04 6010337 1 1.6213e-01
+1.31112e+04 -1.28171e+04 6010338 1 1.6598e-01
+1.44020e+04 -1.28448e+04 6010339 1 1.6992e-01
+1.56879e+04 -1.28745e+04 6010340 1 1.7391e-01
+1.69686e+04 -1.29061e+04 6010341 1 1.7790e-01
+1.82438e+04 -1.29395e+04 6010342 1 1.8184e-01
+1.95132e+04 -1.29745e+04 6010343 1 1.8567e-01
+2.07767e+04 -1.30111e+04 6010344 1 1.8936e-01
+2.20339e+04 -1.30490e+04 6010345 1 1.9289e-01
+2.32848e+04 -1.30880e+04 6010346 1 1.9623e-01
+2.45292e+04 -1.31281e+04 6010347 1 1.9936e-01
+2.57670e+04 -1.31690e+04 6010348 1 2.0227e-01
+2.69980e+04 -1.32107e+04 6010349 1 2.0493e-01
+2.82223e+04 -1.32529e+04 6010350 1 2.0733e-01
+2.94399e+04 -1.32956e+04 6010351 1 2.0947e-01
+3.06506e+04 -1.33385e+04 6010352 1 2.1133e-01
+3.18546e+04 -1.33816e+04 6010353 1 2.1292e-01
+3.30517e+04 -1.34247e+04 6010354 1 2.1423e-01
+3.42422e+04 -1.34677e+04 6010355 1 2.1526e-01
+3.54261e+04 -1.35105e+04 6010356 1 2.1600e-01
+3.66033e+04 -1.35530e+04 6010357 1 2.1647e-01
+3.77741e+04 -1.35951e+04 6010358 1 2.1666e-01
+3.89386e+04 -1.36366e+04 6010359 1 2.1659e-01
+4.00969e+04 -1.36775e+04 6010360 1 2.1627e-01
+4.12490e+04 -1.37177e+04 6010361 1 2.1570e-01
+4.23953e+04 -1.37571e+04 6010362 1 2.1450e-01
+4.35356e+04 -1.37957e+04 6010363 1 2.1144e-01
+4.46703e+04 -1.38335e+04 6010364 1 2.0833e-01
+4.57995e+04 -1.38703e+04 6010365 1 2.0521e-01
+2.32241e+04 -2.31746e+04 4010796 1 2.1607e-01
+2.19225e+04 -2.30674e+04 4010795 1 2.1640e-01
+1.79579e+04 -2.27688e+04 4010792 1 2.1580e-01
+2.03954e+01 -1.15890e+04 6010369 1 1.3255e-01
+1.32567e+03 -1.15903e+04 6010370 1 1.3292e-01
+2.63045e+03 -1.15940e+04 6010371 1 1.3398e-01
+3.93428e+03 -1.16002e+04 6010372 1 1.3571e-01
+5.23672e+03 -1.16087e+04 6010373 1 1.3806e-01
+6.53733e+03 -1.16195e+04 6010374 1 1.4097e-01
+7.83567e+03 -1.16326e+04 6010375 1 1.4436e-01
+9.13135e+03 -1.16478e+04 6010376 1 1.4817e-01
+1.04239e+04 -1.16653e+04 6010377 1 1.5229e-01
+1.17130e+04 -1.16848e+04 6010378 1 1.5667e-01
+1.29982e+04 -1.17062e+04 6010379 1 1.6122e-01
+1.42792e+04 -1.17295e+04 6010380 1 1.6589e-01
+1.55556e+04 -1.17546e+04 6010381 1 1.7061e-01
+1.68273e+04 -1.17813e+04 6010382 1 1.7531e-01
+1.80939e+04 -1.18095e+04 6010383 1 1.7996e-01
+1.93552e+04 -1.18390e+04 6010384 1 1.8450e-01
+2.06110e+04 -1.18699e+04 6010385 1 1.8889e-01
+2.18610e+04 -1.19018e+04 6010386 1 1.9309e-01
+2.31052e+04 -1.19348e+04 6010387 1 1.9708e-01
+2.43433e+04 -1.19687e+04 6010388 1 2.0083e-01
+2.55753e+04 -1.20032e+04 6010389 1 2.0434e-01
+2.68011e+04 -1.20384e+04 6010390 1 2.0757e-01
+2.80206e+04 -1.20741e+04 6010391 1 2.1052e-01
+2.92338e+04 -1.21101e+04 6010392 1 2.1318e-01
+3.04407e+04 -1.21464e+04 6010393 1 2.1554e-01
+3.16412e+04 -1.21829e+04 6010394 1 2.1759e-01
+3.28355e+04 -1.22193e+04 6010395 1 2.1934e-01
+3.40235e+04 -1.22557e+04 6010396 1 2.2077e-01
+3.52053e+04 -1.22919e+04 6010397 1 2.2190e-01
+3.63810e+04 -1.23278e+04 6010398 1 2.2273e-01
+3.75506e+04 -1.23633e+04 6010399 1 2.2325e-01
+3.87143e+04 -1.23984e+04 6010400 1 2.2348e-01
+3.98722e+04 -1.24330e+04 6010401 1 2.2342e-01
+4.10243e+04 -1.24670e+04 6010402 1 2.2307e-01
+4.21709e+04 -1.25004e+04 6010403 1 2.2244e-01
+4.33120e+04 -1.25330e+04 6010404 1 2.1941e-01
+4.44478e+04 -1.25650e+04 6010405 1 2.1631e-01
+4.55784e+04 -1.25961e+04 6010406 1 2.1319e-01
+4.67040e+04 -1.26264e+04 6010407 1 2.1013e-01
+1.66976e+04 -2.37448e+04 4010750 1 2.2018e-01
+1.26096e+04 -2.34864e+04 4010747 1 2.1767e-01
+2.01990e+01 -1.04897e+04 6010410 1 1.2254e-01
+1.31291e+03 -1.04908e+04 6010411 1 1.2298e-01
+2.60517e+03 -1.04939e+04 6010412 1 1.2428e-01
+3.89656e+03 -1.04990e+04 6010413 1 1.2639e-01
+5.18669e+03 -1.05060e+04 6010414 1 1.2924e-01
+6.47515e+03 -1.05150e+04 6010415 1 1.3275e-01
+7.76155e+03 -1.05258e+04 6010416 1 1.3683e-01
+9.04551e+03 -1.05384e+04 6010417 1 1.4137e-01
+1.03267e+04 -1.05529e+04 6010418 1 1.4629e-01
+1.16046e+04 -1.05690e+04 6010419 1 1.5148e-01
+1.28791e+04 -1.05867e+04 6010420 1 1.5685e-01
+1.41496e+04 -1.06060e+04 6010421 1 1.6234e-01
+1.54161e+04 -1.06268e+04 6010422 1 1.6786e-01
+1.66782e+04 -1.06488e+04 6010423 1 1.7337e-01
+1.79356e+04 -1.06722e+04 6010424 1 1.7880e-01
+1.91882e+04 -1.06967e+04 6010425 1 1.8410e-01
+2.04358e+04 -1.07222e+04 6010426 1 1.8923e-01
+2.16780e+04 -1.07487e+04 6010427 1 1.9416e-01
+2.29150e+04 -1.07760e+04 6010428 1 1.9884e-01
+2.41463e+04 -1.08040e+04 6010429 1 2.0326e-01
+2.53721e+04 -1.08327e+04 6010430 1 2.0739e-01
+2.65921e+04 -1.08618e+04 6010431 1 2.1122e-01
+2.78064e+04 -1.08914e+04 6010432 1 2.1474e-01
+2.90148e+04 -1.09213e+04 6010433 1 2.1794e-01
+3.02174e+04 -1.09514e+04 6010434 1 2.2080e-01
+3.14142e+04 -1.09816e+04 6010435 1 2.2333e-01
+3.26051e+04 -1.10118e+04 6010436 1 2.2552e-01
+3.37903e+04 -1.10419e+04 6010437 1 2.2737e-01
+3.49698e+04 -1.10720e+04 6010438 1 2.2888e-01
+3.61436e+04 -1.11017e+04 6010439 1 2.3005e-01
+3.73117e+04 -1.11312e+04 6010440 1 2.3089e-01
+3.84744e+04 -1.11603e+04 6010441 1 2.3140e-01
+3.96317e+04 -1.11890e+04 6010442 1 2.3159e-01
+4.07837e+04 -1.12172e+04 6010443 1 2.3147e-01
+4.19305e+04 -1.12449e+04 6010444 1 2.3104e-01
+4.30722e+04 -1.12720e+04 6010445 1 2.2847e-01
+4.42089e+04 -1.12985e+04 6010446 1 2.2538e-01
+4.53409e+04 -1.13243e+04 6010447 1 2.2226e-01
+4.64682e+04 -1.13494e+04 6010448 1 2.1917e-01
+1.99922e+01 -9.37961e+03 6010451 1 1.1189e-01
+1.29947e+03 -9.38049e+03 6010452 1 1.1245e-01
+2.57855e+03 -9.38299e+03 6010453 1 1.1405e-01
+3.85685e+03 -9.38708e+03 6010454 1 1.1664e-01
+5.13401e+03 -9.39276e+03 6010455 1 1.2012e-01
+6.40966e+03 -9.39999e+03 6010456 1 1.2438e-01
+7.68346e+03 -9.40874e+03 6010457 1 1.2929e-01
+8.95506e+03 -9.41896e+03 6010458 1 1.3473e-01
+1.02241e+04 -9.43061e+03 6010459 1 1.4057e-01
+1.14903e+04 -9.44363e+03 6010460 1 1.4670e-01
+1.27534e+04 -9.45797e+03 6010461 1 1.5301e-01
+1.40129e+04 -9.47356e+03 6010462 1 1.5942e-01
+1.52688e+04 -9.49032e+03 6010463 1 1.6584e-01
+1.65207e+04 -9.50818e+03 6010464 1 1.7223e-01
+1.77683e+04 -9.52705e+03 6010465 1 1.7850e-01
+1.90116e+04 -9.54686e+03 6010466 1 1.8462e-01
+2.02503e+04 -9.56751e+03 6010467 1 1.9053e-01
+2.14843e+04 -9.58892e+03 6010468 1 1.9621e-01
+2.27134e+04 -9.61101e+03 6010469 1 2.0163e-01
+2.39375e+04 -9.63369e+03 6010470 1 2.0674e-01
+2.51564e+04 -9.65687e+03 6010471 1 2.1154e-01
+2.63702e+04 -9.68046e+03 6010472 1 2.1600e-01
+2.75788e+04 -9.70439e+03 6010473 1 2.2010e-01
+2.87820e+04 -9.72858e+03 6010474 1 2.2385e-01
+2.99799e+04 -9.75293e+03 6010475 1 2.2723e-01
+3.11725e+04 -9.77737e+03 6010476 1 2.3024e-01
+3.23598e+04 -9.80184e+03 6010477 1 2.3288e-01
+3.35418e+04 -9.82625e+03 6010478 1 2.3514e-01
+3.47186e+04 -9.85055e+03 6010479 1 2.3703e-01
+3.58902e+04 -9.87466e+03 6010480 1 2.3855e-01
+3.70566e+04 -9.89854e+03 6010481 1 2.3970e-01
+3.82181e+04 -9.92211e+03 6010482 1 2.4049e-01
+3.93745e+04 -9.94534e+03 6010483 1 2.4092e-01
+4.05262e+04 -9.96818e+03 6010484 1 2.4101e-01
+4.16730e+04 -9.99058e+03 6010485 1 2.4076e-01
+4.28152e+04 -1.00125e+04 6010486 1 2.3881e-01
+4.39529e+04 -1.00339e+04 6010487 1 2.3571e-01
+4.50861e+04 -1.00548e+04 6010488 1 2.3260e-01
+4.62150e+04 -1.00751e+04 6010489 1 2.2945e-01
+1.97742e+01 -8.25775e+03 6010492 1 1.0056e-01
+1.28531e+03 -8.25844e+03 6010493 1 1.0126e-01
+2.55048e+03 -8.26039e+03 6010494 1 1.0326e-01
+3.81498e+03 -8.26360e+03 6010495 1 1.0649e-01
+5.07845e+03 -8.26805e+03 6010496 1 1.1078e-01
+6.34059e+03 -8.27372e+03 6010497 1 1.1597e-01
+7.60109e+03 -8.28058e+03 6010498 1 1.2190e-01
+8.85963e+03 -8.28860e+03 6010499 1 1.2840e-01
+1.01159e+04 -8.29774e+03 6010500 1 1.3532e-01
+1.13697e+04 -8.30795e+03 6010501 1 1.4252e-01
+1.26206e+04 -8.31919e+03 6010502 1 1.4989e-01
+1.38685e+04 -8.33141e+03 6010503 1 1.5732e-01
+1.51131e+04 -8.34455e+03 6010504 1 1.6473e-01
+1.63541e+04 -8.35856e+03 6010505 1 1.7206e-01
+1.75914e+04 -8.37336e+03 6010506 1 1.7924e-01
+1.88247e+04 -8.38890e+03 6010507 1 1.8622e-01
+2.00540e+04 -8.40511e+03 6010508 1 1.9297e-01
+2.12791e+04 -8.42191e+03 6010509 1 1.9943e-01
+2.24998e+04 -8.43925e+03 6010510 1 2.0559e-01
+2.37160e+04 -8.45705e+03 6010511 1 2.1142e-01
+2.49276e+04 -8.47524e+03 6010512 1 2.1689e-01
+2.61346e+04 -8.49377e+03 6010513 1 2.2199e-01
+2.73369e+04 -8.51256e+03 6010514 1 2.2670e-01
+2.85345e+04 -8.53154e+03 6010515 1 2.3102e-01
+2.97273e+04 -8.55066e+03 6010516 1 2.3493e-01
+3.09153e+04 -8.56986e+03 6010517 1 2.3843e-01
+3.20985e+04 -8.58907e+03 6010518 1 2.4152e-01
+3.32770e+04 -8.60825e+03 6010519 1 2.4420e-01
+3.44508e+04 -8.62733e+03 6010520 1 2.4646e-01
+3.56199e+04 -8.64627e+03 6010521 1 2.4833e-01
+3.67843e+04 -8.66502e+03 6010522 1 2.4978e-01
+3.79443e+04 -8.68354e+03 6010523 1 2.5085e-01
+3.90997e+04 -8.70178e+03 6010524 1 2.5152e-01
+4.02508e+04 -8.71971e+03 6010525 1 2.5181e-01
+4.13976e+04 -8.73730e+03 6010526 1 2.5172e-01
+4.25401e+04 -8.75451e+03 6010527 1 2.5063e-01
+4.36786e+04 -8.77133e+03 6010528 1 2.4750e-01
+4.48130e+04 -8.78772e+03 6010529 1 2.4433e-01
+4.59436e+04 -8.80367e+03 6010530 1 2.4113e-01
+2.45154e+04 -2.32848e+04 4010797 1 2.1545e-01
+1.95442e+01 -7.12323e+03 6010533 1 8.8484e-02
+1.27036e+03 -7.12374e+03 6010534 1 8.9374e-02
+2.52087e+03 -7.12522e+03 6010535 1 9.1930e-02
+3.77078e+03 -7.12763e+03 6010536 1 9.5990e-02
+5.01980e+03 -7.13099e+03 6010537 1 1.0133e-01
+6.26767e+03 -7.13526e+03 6010538 1 1.0770e-01
+7.51410e+03 -7.14043e+03 6010539 1 1.1487e-01
+8.75883e+03 -7.14647e+03 6010540 1 1.2262e-01
+1.00016e+04 -7.15336e+03 6010541 1 1.3078e-01
+1.12422e+04 -7.16106e+03 6010542 1 1.3918e-01
+1.24803e+04 -7.16953e+03 6010543 1 1.4771e-01
+1.37157e+04 -7.17874e+03 6010544 1 1.5626e-01
+1.49483e+04 -7.18865e+03 6010545 1 1.6473e-01
+1.61778e+04 -7.19921e+03 6010546 1 1.7307e-01
+1.74040e+04 -7.21037e+03 6010547 1 1.8121e-01
+1.86268e+04 -7.22209e+03 6010548 1 1.8910e-01
+1.98460e+04 -7.23431e+03 6010549 1 1.9670e-01
+2.10615e+04 -7.24698e+03 6010550 1 2.0398e-01
+2.22732e+04 -7.26006e+03 6010551 1 2.1090e-01
+2.34809e+04 -7.27349e+03 6010552 1 2.1745e-01
+2.46847e+04 -7.28721e+03 6010553 1 2.2360e-01
+2.58843e+04 -7.30119e+03 6010554 1 2.2935e-01
+2.70799e+04 -7.31537e+03 6010555 1 2.3466e-01
+2.82713e+04 -7.32969e+03 6010556 1 2.3954e-01
+2.94584e+04 -7.34412e+03 6010557 1 2.4398e-01
+3.06414e+04 -7.35861e+03 6010558 1 2.4797e-01
+3.18202e+04 -7.37310e+03 6010559 1 2.5152e-01
+3.29948e+04 -7.38757e+03 6010560 1 2.5461e-01
+3.41652e+04 -7.40197e+03 6010561 1 2.5726e-01
+3.53315e+04 -7.41627e+03 6010562 1 2.5946e-01
+3.64937e+04 -7.43041e+03 6010563 1 2.6123e-01
+3.76519e+04 -7.44438e+03 6010564 1 2.6256e-01
+3.88062e+04 -7.45815e+03 6010565 1 2.6346e-01
+3.99565e+04 -7.47168e+03 6010566 1 2.6394e-01
+4.11031e+04 -7.48494e+03 6010567 1 2.6402e-01
+4.22459e+04 -7.49792e+03 6010568 1 2.6369e-01
+4.33851e+04 -7.51060e+03 6010569 1 2.6092e-01
+4.45207e+04 -7.52295e+03 6010570 1 2.5770e-01
+4.56529e+04 -7.53497e+03 6010571 1 2.5444e-01
+4.67817e+04 -7.54664e+03 6010572 1 2.5113e-01
+2.06107e+04 -2.29637e+04 4010794 1 2.1645e-01
+1.93012e+01 -5.97500e+03 6010574 1 7.5582e-02
+1.25456e+03 -5.97537e+03 6010575 1 7.6755e-02
+2.48957e+03 -5.97642e+03 6010576 1 8.0090e-02
+3.72406e+03 -5.97814e+03 6010577 1 8.5299e-02
+4.95782e+03 -5.98053e+03 6010578 1 9.2009e-02
+6.19058e+03 -5.98358e+03 6010579 1 9.9854e-02
+7.42214e+03 -5.98728e+03 6010580 1 1.0851e-01
+8.65224e+03 -5.99159e+03 6010581 1 1.1771e-01
+9.88069e+03 -5.99651e+03 6010582 1 1.2726e-01
+1.11073e+04 -6.00201e+03 6010583 1 1.3698e-01
+1.23318e+04 -6.00806e+03 6010584 1 1.4676e-01
+1.35540e+04 -6.01464e+03 6010585 1 1.5648e-01
+1.47738e+04 -6.02171e+03 6010586 1 1.6607e-01
+1.59910e+04 -6.02925e+03 6010587 1 1.7546e-01
+1.72054e+04 -6.03722e+03 6010588 1 1.8459e-01
+1.84169e+04 -6.04559e+03 6010589 1 1.9341e-01
+1.96253e+04 -6.05432e+03 6010590 1 2.0189e-01
+2.08306e+04 -6.06337e+03 6010591 1 2.1000e-01
+2.20327e+04 -6.07272e+03 6010592 1 2.1771e-01
+2.32314e+04 -6.08231e+03 6010593 1 2.2500e-01
+2.44266e+04 -6.09212e+03 6010594 1 2.3184e-01
+2.56184e+04 -6.10211e+03 6010595 1 2.3823e-01
+2.68067e+04 -6.11224e+03 6010596 1 2.4415e-01
+2.79913e+04 -6.12247e+03 6010597 1 2.4960e-01
+2.91724e+04 -6.13279e+03 6010598 1 2.5456e-01
+3.03499e+04 -6.14314e+03 6010599 1 2.5904e-01
+3.15238e+04 -6.15350e+03 6010600 1 2.6302e-01
+3.26941e+04 -6.16384e+03 6010601 1 2.6652e-01
+3.38608e+04 -6.17413e+03 6010602 1 2.6954e-01
+3.50240e+04 -6.18434e+03 6010603 1 2.7207e-01
+3.61837e+04 -6.19445e+03 6010604 1 2.7412e-01
+3.73399e+04 -6.20443e+03 6010605 1 2.7571e-01
+3.84927e+04 -6.21426e+03 6010606 1 2.7683e-01
+3.96422e+04 -6.22392e+03 6010607 1 2.7749e-01
+4.07884e+04 -6.23339e+03 6010608 1 2.7771e-01
+4.19314e+04 -6.24266e+03 6010609 1 2.7749e-01
+4.30713e+04 -6.25170e+03 6010610 1 2.7638e-01
+4.42081e+04 -6.26052e+03 6010611 1 2.7304e-01
+4.53419e+04 -6.26909e+03 6010612 1 2.6970e-01
+4.64728e+04 -6.27741e+03 6010613 1 2.6626e-01
+2.83266e+04 -2.36296e+04 4010800 1 2.1154e-01
+2.57963e+04 -2.33977e+04 4010798 1 2.1452e-01
+1.92891e+04 -2.28640e+04 4010793 1 2.1624e-01
+1.90440e+01 -4.81189e+03 6010615 1 6.1780e-02
+1.23785e+03 -4.81213e+03 6010616 1 6.3392e-02
+2.45645e+03 -4.81282e+03 6010617 1 6.7889e-02
+3.67464e+03 -4.81396e+03 6010618 1 7.4707e-02
+4.89222e+03 -4.81554e+03 6010619 1 8.3214e-02
+6.10900e+03 -4.81755e+03 6010620 1 9.2867e-02
+7.32479e+03 -4.81999e+03 6010621 1 1.0326e-01
+8.53941e+03 -4.82284e+03 6010622 1 1.1409e-01
+9.75267e+03 -4.82609e+03 6010623 1 1.2514e-01
+1.09644e+04 -4.82972e+03 6010624 1 1.3627e-01
+1.21744e+04 -4.83371e+03 6010625 1 1.4734e-01
+1.33826e+04 -4.83806e+03 6010626 1 1.5828e-01
+1.45888e+04 -4.84273e+03 6010627 1 1.6900e-01
+1.57929e+04 -4.84771e+03 6010628 1 1.7945e-01
+1.69947e+04 -4.85297e+03 6010629 1 1.8958e-01
+1.81942e+04 -4.85850e+03 6010630 1 1.9935e-01
+1.93911e+04 -4.86426e+03 6010631 1 2.0872e-01
+2.05855e+04 -4.87024e+03 6010632 1 2.1767e-01
+2.17772e+04 -4.87641e+03 6010633 1 2.2617e-01
+2.29662e+04 -4.88275e+03 6010634 1 2.3419e-01
+2.41523e+04 -4.88922e+03 6010635 1 2.4173e-01
+2.53356e+04 -4.89582e+03 6010636 1 2.4877e-01
+2.65160e+04 -4.90251e+03 6010637 1 2.5530e-01
+2.76935e+04 -4.90928e+03 6010638 1 2.6131e-01
+2.88680e+04 -4.91609e+03 6010639 1 2.6680e-01
+3.00395e+04 -4.92292e+03 6010640 1 2.7176e-01
+3.12081e+04 -4.92977e+03 6010641 1 2.7619e-01
+3.23737e+04 -4.93660e+03 6010642 1 2.8009e-01
+3.35364e+04 -4.94339e+03 6010643 1 2.8346e-01
+3.46962e+04 -4.95013e+03 6010644 1 2.8631e-01
+3.58530e+04 -4.95680e+03 6010645 1 2.8865e-01
+3.70070e+04 -4.96339e+03 6010646 1 2.9047e-01
+3.81582e+04 -4.96988e+03 6010647 1 2.9180e-01
+3.93066e+04 -4.97625e+03 6010648 1 2.9263e-01
+4.04523e+04 -4.98250e+03 6010649 1 2.9298e-01
+4.15954e+04 -4.98861e+03 6010650 1 2.9285e-01
+4.27359e+04 -4.99457e+03 6010651 1 2.9227e-01
+4.38738e+04 -5.00038e+03 6010652 1 2.9109e-01
+4.50093e+04 -5.00602e+03 6010653 1 2.8755e-01
+4.61424e+04 -5.01149e+03 6010654 1 2.8390e-01
+1.87717e+01 -3.63258e+03 6010656 1 4.6995e-02
+1.22015e+03 -3.63272e+03 6010657 1 4.9359e-02
+2.42137e+03 -3.63313e+03 6010658 1 5.5700e-02
+3.62228e+03 -3.63379e+03 6010659 1 6.4806e-02
+4.82273e+03 -3.63471e+03 6010660 1 7.5607e-02
+6.02256e+03 -3.63588e+03 6010661 1 8.7384e-02
+7.22164e+03 -3.63731e+03 6010662 1 9.9689e-02
+8.41982e+03 -3.63897e+03 6010663 1 1.1224e-01
+9.61697e+03 -3.64086e+03 6010664 1 1.2486e-01
+1.08129e+04 -3.64298e+03 6010665 1 1.3740e-01
+1.20076e+04 -3.64531e+03 6010666 1 1.4978e-01
+1.32009e+04 -3.64785e+03 6010667 1 1.6193e-01
+1.43926e+04 -3.65057e+03 6010668 1 1.7378e-01
+1.55828e+04 -3.65348e+03 6010669 1 1.8528e-01
+1.67711e+04 -3.65655e+03 6010670 1 1.9640e-01
+1.79577e+04 -3.65978e+03 6010671 1 2.0710e-01
+1.91424e+04 -3.66314e+03 6010672 1 2.1735e-01
+2.03250e+04 -3.66663e+03 6010673 1 2.2713e-01
+2.15057e+04 -3.67023e+03 6010674 1 2.3641e-01
+2.26842e+04 -3.67393e+03 6010675 1 2.4518e-01
+2.38606e+04 -3.67771e+03 6010676 1 2.5341e-01
+2.50347e+04 -3.68156e+03 6010677 1 2.6110e-01
+2.62067e+04 -3.68546e+03 6010678 1 2.6824e-01
+2.73763e+04 -3.68941e+03 6010679 1 2.7481e-01
+2.85437e+04 -3.69338e+03 6010680 1 2.8082e-01
+2.97089e+04 -3.69737e+03 6010681 1 2.8626e-01
+3.08717e+04 -3.70136e+03 6010682 1 2.9113e-01
+3.20322e+04 -3.70535e+03 6010683 1 2.9542e-01
+3.31905e+04 -3.70931e+03 6010684 1 2.9915e-01
+3.43465e+04 -3.71324e+03 6010685 1 3.0232e-01
+3.55002e+04 -3.71713e+03 6010686 1 3.0492e-01
+3.66518e+04 -3.72097e+03 6010687 1 3.0698e-01
+3.78011e+04 -3.72474e+03 6010688 1 3.0849e-01
+3.89483e+04 -3.72846e+03 6010689 1 3.0948e-01
+4.00935e+04 -3.73209e+03 6010690 1 3.0994e-01
+4.12365e+04 -3.73565e+03 6010691 1 3.0989e-01
+4.23776e+04 -3.73911e+03 6010692 1 3.0934e-01
+4.35167e+04 -3.74249e+03 6010693 1 3.0831e-01
+4.46538e+04 -3.74577e+03 6010694 1 3.0681e-01
+4.57892e+04 -3.74894e+03 6010695 1 3.0485e-01
+2.95758e+04 -2.37478e+04 4010801 1 2.0923e-01
+1.84828e+01 -2.43558e+03 6010697 1 3.1140e-02
+1.20138e+03 -2.43564e+03 6010698 1 3.5026e-02
+2.38417e+03 -2.43583e+03 6010699 1 4.4485e-02
+3.56675e+03 -2.43614e+03 6010700 1 5.6725e-02
+4.74902e+03 -2.43657e+03 6010701 1 7.0215e-02
+5.93087e+03 -2.43712e+03 6010702 1 8.4251e-02
+7.11221e+03 -2.43778e+03 6010703 1 9.8484e-02
+8.29294e+03 -2.43856e+03 6010704 1 1.1272e-01
+9.47296e+03 -2.43944e+03 6010705 1 1.2684e-01
+1.06522e+04 -2.44043e+03 6010706 1 1.4075e-01
+1.18306e+04 -2.44152e+03 6010707 1 1.5438e-01
+1.30079e+04 -2.44270e+03 6010708 1 1.6769e-01
+1.41843e+04 -2.44398e+03 6010709 1 1.8063e-01
+1.53595e+04 -2.44533e+03 6010710 1 1.9317e-01
+1.65336e+04 -2.44677e+03 6010711 1 2.0525e-01
+1.77064e+04 -2.44827e+03 6010712 1 2.1687e-01
+1.88780e+04 -2.44984e+03 6010713 1 2.2799e-01
+2.00481e+04 -2.45147e+03 6010714 1 2.3858e-01
+2.12169e+04 -2.45315e+03 6010715 1 2.4863e-01
+2.23842e+04 -2.45488e+03 6010716 1 2.5813e-01
+2.35501e+04 -2.45665e+03 6010717 1 2.6704e-01
+2.47145e+04 -2.45844e+03 6010718 1 2.7538e-01
+2.58773e+04 -2.46026e+03 6010719 1 2.8311e-01
+2.70386e+04 -2.46210e+03 6010720 1 2.9024e-01
+2.81983e+04 -2.46396e+03 6010721 1 2.9676e-01
+2.93565e+04 -2.46582e+03 6010722 1 3.0267e-01
+3.05131e+04 -2.46768e+03 6010723 1 3.0796e-01
+3.16681e+04 -2.46953e+03 6010724 1 3.1265e-01
+3.28215e+04 -2.47138e+03 6010725 1 3.1672e-01
+3.39735e+04 -2.47321e+03 6010726 1 3.2018e-01
+3.51238e+04 -2.47502e+03 6010727 1 3.2305e-01
+3.62727e+04 -2.47680e+03 6010728 1 3.2533e-01
+3.74200e+04 -2.47856e+03 6010729 1 3.2702e-01
+3.85659e+04 -2.48028e+03 6010730 1 3.2814e-01
+3.97103e+04 -2.48197e+03 6010731 1 3.2869e-01
+4.08533e+04 -2.48362e+03 6010732 1 3.2870e-01
+4.19949e+04 -2.48523e+03 6010733 1 3.2817e-01
+4.31351e+04 -2.48679e+03 6010734 1 3.2712e-01
+4.42741e+04 -2.48831e+03 6010735 1 3.2556e-01
+4.54118e+04 -2.48978e+03 6010736 1 3.2351e-01
+4.65482e+04 -2.49120e+03 6010737 1 3.2098e-01
+1.81762e+01 -1.21918e+03 6010738 1 1.4177e-02
+1.18145e+03 -1.21920e+03 6010739 1 2.2175e-02
+2.34467e+03 -1.21925e+03 6010740 1 3.6621e-02
+3.50779e+03 -1.21934e+03 6010741 1 5.2346e-02
+4.67075e+03 -1.21945e+03 6010742 1 6.8371e-02
+5.83349e+03 -1.21960e+03 6010743 1 8.4405e-02
+6.99598e+03 -1.21979e+03 6010744 1 1.0032e-01
+8.15816e+03 -1.22000e+03 6010745 1 1.1603e-01
+9.31998e+03 -1.22025e+03 6010746 1 1.3149e-01
+1.04814e+04 -1.22052e+03 6010747 1 1.4663e-01
+1.16424e+04 -1.22082e+03 6010748 1 1.6142e-01
+1.28029e+04 -1.22115e+03 6010749 1 1.7582e-01
+1.39628e+04 -1.22150e+03 6010750 1 1.8979e-01
+1.51222e+04 -1.22187e+03 6010751 1 2.0330e-01
+1.62810e+04 -1.22226e+03 6010752 1 2.1633e-01
+1.74392e+04 -1.22268e+03 6010753 1 2.2883e-01
+1.85967e+04 -1.22311e+03 6010754 1 2.4079e-01
+1.97535e+04 -1.22356e+03 6010755 1 2.5219e-01
+2.09096e+04 -1.22402e+03 6010756 1 2.6301e-01
+2.20650e+04 -1.22450e+03 6010757 1 2.7322e-01
+2.32196e+04 -1.22498e+03 6010758 1 2.8282e-01
+2.43734e+04 -1.22548e+03 6010759 1 2.9178e-01
+2.55265e+04 -1.22598e+03 6010760 1 3.0011e-01
+2.66788e+04 -1.22648e+03 6010761 1 3.0779e-01
+2.78302e+04 -1.22699e+03 6010762 1 3.1482e-01
+2.89809e+04 -1.22750e+03 6010763 1 3.2120e-01
+3.01308e+04 -1.22801e+03 6010764 1 3.2691e-01
+3.12798e+04 -1.22852e+03 6010765 1 3.3197e-01
+3.24281e+04 -1.22902e+03 6010766 1 3.3638e-01
+3.35756e+04 -1.22952e+03 6010767 1 3.4013e-01
+3.47222e+04 -1.23001e+03 6010768 1 3.4324e-01
+3.58681e+04 -1.23050e+03 6010769 1 3.4572e-01
+3.70133e+04 -1.23098e+03 6010770 1 3.4757e-01
+3.81576e+04 -1.23145e+03 6010771 1 3.4881e-01
+3.93012e+04 -1.23190e+03 6010772 1 3.4944e-01
+4.04441e+04 -1.23235e+03 6010773 1 3.4948e-01
+4.15863e+04 -1.23279e+03 6010774 1 3.4894e-01
+4.27278e+04 -1.23321e+03 6010775 1 3.4785e-01
+4.38686e+04 -1.23362e+03 6010776 1 3.4620e-01
+4.50087e+04 -1.23401e+03 6010777 1 3.4403e-01
+4.61483e+04 -1.23439e+03 6010778 1 3.4134e-01
+2.70667e+04 -2.35128e+04 4010799 1 2.1324e-01
