+1.47223e+04 -4.54340e+04 10673 0 1.9455e+00
+3.30127e+03 -4.51901e+04 10380 0 1.5853e+00
+3.06894e+03 -4.46917e+04 10379 0 1.5905e+00
+1.68836e+03 -4.84358e+04 10335 0 1.6855e+00
+1.61631e+04 -2.51048e+04 4010004 1 1.5044e+00
+1.92483e+04 -2.67659e+04 4010005 1 1.5045e+00
+2.19199e+04 -2.85567e+04 4010006 1 1.4757e+00
+2.42134e+04 -3.04127e+04 4010007 1 1.4264e+00
+2.61777e+04 -3.22866e+04 4010008 1 1.3645e+00
+2.78559e+04 -3.41468e+04 4010009 1 1.2836e+00
+2.92932e+04 -3.59713e+04 4010010 1 1.2123e+00
+3.05291e+04 -3.77464e+04 4010011 1 1.1413e+00
+3.15945e+04 -3.94632e+04 4010012 1 1.0752e+00
+3.25183e+04 -4.11163e+04 4010013 1 1.0163e+00
+3.33254e+04 -4.27027e+04 4010014 1 9.6328e-01
+3.40374e+04 -4.42206e+04 4010015 1 9.1567e-01
+3.46717e+04 -4.56702e+04 4010016 1 8.8588e-01
+3.52416e+04 -4.70513e+04 4010017 1 8.5098e-01
+3.57654e+04 -4.83652e+04 4010018 1 8.2073e-01
+5.68378e+03 -4.74047e+04 10429 0 1.5843e+00
+6.27470e+02 -3.60349e+04 10452 0 1.3465e+00
+1.51714e+04 -4.25564e+04 10670 0 1.8665e+00
+1.48259e+04 -3.93181e+04 10667 0 1.7428e+00
+2.42273e+03 -3.42841e+04 10495 0 1.3268e+00
+2.19907e+03 -2.96945e+04 10657 0 1.2750e+00
+4.01969e+03 -3.17882e+04 10577 0 1.2858e+00
+2.33696e+04 -4.23546e+04 2010254 1 1.4949e+00
+2.44237e+04 -4.42873e+04 2010296 1 1.3801e+00
+2.21145e+04 -4.02092e+04 2010212 1 1.6088e+00
+2.19554e+04 -3.57189e+04 2010375 1 1.6588e+00
+2.52166e+04 -3.94259e+04 2010459 1 1.4539e+00
+2.40845e+04 -3.63309e+04 2010499 1 1.5355e+00
+2.56775e+04 -3.79484e+04 2010541 1 1.4343e+00
+2.70834e+04 -3.93798e+04 2010583 1 1.3312e+00
+2.83637e+04 -4.06238e+04 2010625 1 1.2283e+00
+3.14105e+04 -4.43362e+04 2010710 1 1.0054e+00
+2.95607e+04 -4.16843e+04 2010667 1 1.1527e+00
+3.30635e+04 -4.65196e+04 2010753 1 9.1653e-01
+3.46489e+04 -4.82680e+04 2010796 1 8.4798e-01
+3.46861e+02 -4.23502e+04 10370 0 1.4995e+00
+6.85980e+02 -4.24221e+04 10371 0 1.4945e+00
+1.60355e+04 -4.61194e+04 10712 0 2.1239e+00
+1.72281e+04 -4.65129e+04 10751 1 1.9665e+00
+1.57509e+04 -4.71286e+04 10713 0 2.1321e+00
+3.71085e+03 -4.63463e+04 10382 0 1.6787e+00
+1.59771e+04 -2.45861e+04 4010045 1 1.4800e+00
+1.90716e+04 -2.61667e+04 4010046 1 1.4794e+00
+2.17708e+04 -2.78774e+04 4010047 1 1.4555e+00
+2.41085e+04 -2.96566e+04 4010048 1 1.4107e+00
+2.61248e+04 -3.14592e+04 4010049 1 1.3450e+00
+2.78639e+04 -3.32539e+04 4010050 1 1.2796e+00
+2.93680e+04 -3.50188e+04 4010051 1 1.2098e+00
+3.06712e+04 -3.67400e+04 4010052 1 1.1369e+00
+3.18050e+04 -3.84080e+04 4010053 1 1.0715e+00
+3.27974e+04 -4.00172e+04 4010054 1 1.0144e+00
+3.36719e+04 -4.15640e+04 4010055 1 9.6429e-01
+3.44496e+04 -4.30463e+04 4010056 1 9.1725e-01
+3.51491e+04 -4.44629e+04 4010057 1 8.8332e-01
+3.57813e+04 -4.58151e+04 4010058 1 8.5353e-01
+3.63640e+04 -4.71017e+04 4010059 1 8.1927e-01
+3.69058e+04 -4.83251e+04 4010060 1 8.0440e-01
+5.73726e+03 -4.83853e+04 10430 0 1.5979e+00
+1.46473e+03 -4.81172e+04 10334 0 1.6865e+00
+1.81654e+04 -4.72888e+04 10791 1 1.7366e+00
+1.50910e+04 -4.35474e+04 10671 0 1.9499e+00
+1.37815e+03 -3.89056e+04 10413 0 1.4124e+00
+1.57621e+04 -3.87093e+04 10706 0 1.8133e+00
+2.12690e+03 -3.26107e+04 10535 0 1.3082e+00
+2.72656e+03 -3.14897e+04 10576 0 1.2850e+00
+3.25667e+03 -2.87358e+04 10739 1 1.3644e+00
+2.25230e+04 -3.98308e+04 2010253 1 1.5975e+00
+1.02839e+04 -3.07019e+04 10782 1 1.5588e+00
+2.53605e+04 -4.60092e+04 2010338 1 1.2673e+00
+2.09256e+04 -3.75730e+04 2010211 1 1.6969e+00
+1.94448e+04 -3.45085e+04 2010251 1 1.7545e+00
+1.96432e+04 -3.40909e+04 2010292 1 1.7446e+00
+2.12528e+04 -3.71967e+04 2010252 1 1.6885e+00
+2.21067e+04 -3.51437e+04 2010416 1 1.6443e+00
+1.97964e+04 -3.36303e+04 2010333 1 1.7327e+00
+2.23006e+04 -3.39146e+04 2010498 1 1.6170e+00
+2.80587e+04 -4.15081e+04 2010584 1 1.2413e+00
+2.42099e+04 -3.56281e+04 2010540 1 1.5280e+00
+2.23477e+04 -3.32714e+04 2010539 1 1.6039e+00
+2.86275e+04 -3.97188e+04 2010666 1 1.2317e+00
+3.07081e+04 -4.25672e+04 2010709 1 1.0695e+00
+3.41425e+04 -4.68593e+04 2010795 1 8.8284e-01
+1.33955e+04 -4.42530e+04 10633 0 1.7570e+00
+1.49335e+04 -4.45090e+04 10672 0 1.9258e+00
+1.31905e+04 -4.51385e+04 10634 0 1.8175e+00
+1.57823e+04 -2.40676e+04 4010086 1 1.4542e+00
+1.88819e+04 -2.55690e+04 4010087 1 1.4564e+00
+2.16053e+04 -2.72000e+04 4010088 1 1.4343e+00
+2.39804e+04 -2.89026e+04 4010089 1 1.3898e+00
+2.60458e+04 -3.06332e+04 4010090 1 1.3356e+00
+2.78428e+04 -3.23611e+04 4010091 1 1.2721e+00
+2.94078e+04 -3.40649e+04 4010092 1 1.1957e+00
+3.07738e+04 -3.57303e+04 4010093 1 1.1194e+00
+3.19735e+04 -3.73477e+04 4010094 1 1.0591e+00
+3.30322e+04 -3.89107e+04 4010095 1 1.0093e+00
+3.39718e+04 -4.04156e+04 4010096 1 9.6230e-01
+3.48129e+04 -4.18599e+04 4010097 1 9.1765e-01
+3.55746e+04 -4.32422e+04 4010098 1 8.7460e-01
+3.62680e+04 -4.45623e+04 4010099 1 8.5232e-01
+3.69081e+04 -4.58206e+04 4010100 1 8.2048e-01
+3.75061e+04 -4.70170e+04 4010101 1 8.0271e-01
+3.80715e+04 -4.81532e+04 4010102 1 7.7878e-01
+3.88689e+03 -4.70134e+04 10383 0 1.6747e+00
+2.55306e+02 -4.72727e+04 10329 0 1.6302e+00
+2.27190e+03 -4.34727e+04 10376 0 1.5240e+00
+4.69000e+02 -3.87250e+04 10411 0 1.4098e+00
+1.35504e+04 -4.33738e+04 10632 0 1.7430e+00
+9.27059e+02 -3.87951e+04 10412 0 1.4030e+00
+1.32957e+04 -3.87804e+04 10627 0 1.6468e+00
+1.51311e+04 -3.72473e+04 10705 0 1.7419e+00
+3.14411e+03 -3.28351e+04 10536 0 1.2946e+00
+7.94061e+03 -3.23356e+04 10620 0 1.3775e+00
+2.62361e+04 -4.75273e+04 2010380 1 1.1612e+00
+1.91954e+04 -3.48732e+04 2010210 1 1.7601e+00
+1.69802e+04 -3.18686e+04 2010250 1 1.7740e+00
+1.37637e+04 -2.94384e+04 2010249 1 1.7364e+00
+2.73050e+04 -3.85379e+04 2010624 1 1.3305e+00
+3.24904e+04 -4.49375e+04 2010752 1 9.5614e-01
+3.18252e+04 -4.32794e+04 2010751 1 1.0109e+00
+3.35759e+04 -4.53800e+04 2010794 1 9.1506e-01
+1.34881e+03 -4.26920e+04 10373 0 1.5491e+00
+1.86806e+04 -2.49730e+04 4010128 1 1.4307e+00
+2.14227e+04 -2.65253e+04 4010129 1 1.4117e+00
+2.38320e+04 -2.81514e+04 4010130 1 1.3743e+00
+2.59429e+04 -2.98095e+04 4010131 1 1.3215e+00
+2.77907e+04 -3.14701e+04 4010132 1 1.2508e+00
+2.94111e+04 -3.31116e+04 4010133 1 1.1858e+00
+3.08379e+04 -3.47198e+04 4010134 1 1.1195e+00
+3.21000e+04 -3.62848e+04 4010135 1 1.0552e+00
+3.32224e+04 -3.77998e+04 4010136 1 9.9622e-01
+3.42256e+04 -3.92607e+04 4010137 1 9.5739e-01
+3.51281e+04 -4.06649e+04 4010138 1 9.1542e-01
+3.59492e+04 -4.20107e+04 4010139 1 8.7417e-01
+3.67022e+04 -4.32973e+04 4010140 1 8.4881e-01
+3.73981e+04 -4.45248e+04 4010141 1 8.1867e-01
+3.80507e+04 -4.56934e+04 4010142 1 8.0072e-01
+3.86671e+04 -4.68034e+04 4010143 1 7.7585e-01
+3.92567e+04 -4.78564e+04 4010144 1 7.6605e-01
+4.29193e+04 -2.44287e+04 6010022 1 6.8488e-01
+2.42245e+03 -3.64440e+04 10455 0 1.3666e+00
+1.50572e+04 -4.04419e+04 10668 0 1.8028e+00
+3.90885e+03 -3.48111e+04 10497 0 1.3696e+00
+1.44478e+04 -3.81597e+04 10666 0 1.7247e+00
+5.06197e+03 -3.10767e+04 10618 0 1.3093e+00
+5.24362e+03 -3.22009e+04 10578 0 1.3210e+00
+1.15772e+04 -3.28822e+04 10702 0 1.5265e+00
+8.08663e+03 -3.14470e+04 10660 0 1.3810e+00
+1.30672e+04 -3.42886e+04 10703 0 1.6054e+00
+9.76765e+03 -3.16037e+04 10701 0 1.4537e+00
+1.14434e+04 -3.20220e+04 10742 1 1.5540e+00
+2.05451e+04 -3.78683e+04 2010170 1 1.7103e+00
+1.71089e+04 -3.14839e+04 2010291 1 1.7660e+00
+1.99079e+04 -3.31354e+04 2010374 1 1.7210e+00
+1.99820e+04 -3.26130e+04 2010415 1 1.7049e+00
+2.22214e+04 -3.45403e+04 2010457 1 1.6331e+00
+2.58520e+04 -3.71736e+04 2010582 1 1.4293e+00
+2.43018e+04 -3.49076e+04 2010581 1 1.5133e+00
+2.59895e+04 -3.63813e+04 2010623 1 1.4119e+00
+2.74889e+04 -3.76791e+04 2010665 1 1.3170e+00
+2.98666e+04 -4.07200e+04 2010708 1 1.1498e+00
+1.36512e+04 -4.24856e+04 10631 0 1.7540e+00
+1.20266e+04 -4.20410e+04 10591 0 1.6241e+00
+1.18502e+04 -4.37662e+04 10593 0 1.6221e+00
+1.02077e+03 -4.25307e+04 10372 0 1.4903e+00
+1.16935e+04 -4.46598e+04 10594 0 1.6695e+00
+2.81948e+03 -4.42376e+04 10378 0 1.5985e+00
+1.44574e+04 -4.63463e+04 10674 0 2.0160e+00
+1.84686e+04 -2.43788e+04 4010169 1 1.4076e+00
+2.12259e+04 -2.58535e+04 4010170 1 1.3903e+00
+2.36646e+04 -2.74036e+04 4010171 1 1.3530e+00
+2.58142e+04 -2.89896e+04 4010172 1 1.3020e+00
+2.77096e+04 -3.05821e+04 4010173 1 1.2451e+00
+2.93841e+04 -3.21604e+04 4010174 1 1.1826e+00
+3.08681e+04 -3.37101e+04 4010175 1 1.1184e+00
+3.21885e+04 -3.52212e+04 4010176 1 1.0547e+00
+3.33697e+04 -3.66867e+04 4010177 1 9.9608e-01
+3.44339e+04 -3.81018e+04 4010178 1 9.4833e-01
+3.53959e+04 -3.94642e+04 4010179 1 9.1123e-01
+3.62742e+04 -4.07716e+04 4010180 1 8.7159e-01
+3.70843e+04 -4.20228e+04 4010181 1 8.4442e-01
+3.78345e+04 -4.32182e+04 4010182 1 8.1508e-01
+3.85398e+04 -4.43565e+04 4010183 1 7.9562e-01
+3.92058e+04 -4.54398e+04 4010184 1 7.7290e-01
+3.98433e+04 -4.64672e+04 4010185 1 7.6014e-01
+4.04595e+04 -4.74401e+04 4010186 1 7.4797e-01
+4.10583e+04 -4.83598e+04 4010187 1 7.3329e-01
+1.69388e+04 -4.77047e+04 10752 1 1.9859e+00
+1.81750e+03 -3.90910e+04 10414 0 1.4437e+00
+2.65225e+03 -3.95662e+04 10416 0 1.4367e+00
+3.51671e+03 -3.69846e+04 10457 0 1.4137e+00
+1.36481e+04 -4.06677e+04 10629 0 1.6990e+00
+1.35239e+04 -3.97290e+04 10628 0 1.6780e+00
+5.03868e+03 -3.35147e+04 10538 0 1.3334e+00
+1.29591e+04 -3.78107e+04 10626 0 1.6079e+00
+6.38413e+03 -3.27019e+04 10579 0 1.3389e+00
+1.68010e+04 -3.22143e+04 2010209 1 1.7778e+00
+1.71941e+04 -3.10678e+04 2010332 1 1.7552e+00
+2.00307e+04 -3.15081e+04 2010497 1 1.6726e+00
+2.88531e+04 -3.87975e+04 2010707 1 1.2323e+00
+3.01278e+04 -3.97395e+04 2010749 1 1.1390e+00
+3.29317e+04 -4.38283e+04 2010793 1 9.6039e-01
+1.36897e+04 -4.15807e+04 10630 0 1.7123e+00
+1.20363e+04 -4.11900e+04 10590 0 1.6456e+00
+3.04043e+03 -3.98884e+04 10417 0 1.4915e+00
+1.19629e+04 -4.28966e+04 10592 0 1.6151e+00
+1.03239e+04 -4.23543e+04 10551 0 1.5372e+00
+1.97579e+03 -4.31740e+04 10375 0 1.5309e+00
+1.82466e+04 -2.37864e+04 4010210 1 1.3816e+00
+2.10145e+04 -2.51850e+04 4010211 1 1.3666e+00
+2.34776e+04 -2.66600e+04 4010212 1 1.3348e+00
+2.56637e+04 -2.81736e+04 4010213 1 1.2900e+00
+2.76035e+04 -2.96978e+04 4010214 1 1.2363e+00
+2.93279e+04 -3.12122e+04 4010215 1 1.1769e+00
+3.08648e+04 -3.27025e+04 4010216 1 1.1133e+00
+3.22399e+04 -3.41586e+04 4010217 1 1.0520e+00
+3.34768e+04 -3.55732e+04 4010218 1 9.9464e-01
+3.45969e+04 -3.69414e+04 4010219 1 9.4126e-01
+3.56170e+04 -3.82601e+04 4010220 1 9.0631e-01
+3.65504e+04 -3.95276e+04 4010221 1 8.6772e-01
+3.74151e+04 -4.07417e+04 4010222 1 8.3683e-01
+3.82177e+04 -4.19032e+04 4010223 1 8.1126e-01
+3.89739e+04 -4.30104e+04 4010224 1 7.8873e-01
+3.96881e+04 -4.40646e+04 4010225 1 7.6754e-01
+4.03721e+04 -4.50657e+04 4010226 1 7.5478e-01
+4.10317e+04 -4.60139e+04 4010227 1 7.3904e-01
+4.16715e+04 -4.69115e+04 4010228 1 7.2844e-01
+4.22994e+04 -4.77583e+04 4010229 1 7.2083e-01
+4.29198e+04 -4.85549e+04 4010230 1 7.1725e-01
+4.04451e+03 -4.77324e+04 10384 0 1.6737e+00
+4.18394e+03 -4.85072e+04 10385 0 1.6763e+00
+3.51567e+03 -4.57373e+04 10381 0 1.5972e+00
+1.91184e+04 -4.72554e+04 10831 1 1.5920e+00
+1.41540e+04 -4.72474e+04 10675 0 2.0072e+00
+3.74942e+03 -4.06521e+04 10419 0 1.4738e+00
+2.24322e+03 -3.93079e+04 10415 0 1.4292e+00
+1.02853e+04 -4.32175e+04 10552 0 1.5305e+00
+1.18549e+04 -3.95104e+04 10588 0 1.5901e+00
+3.18367e+03 -3.45130e+04 10496 0 1.3243e+00
+4.11916e+03 -3.31345e+04 10537 0 1.3450e+00
+6.56731e+03 -3.16450e+04 10619 0 1.3292e+00
+1.48616e+04 -3.44584e+04 10784 1 1.7103e+00
+1.72530e+04 -3.01658e+04 2010414 1 1.7257e+00
+2.00222e+04 -3.20690e+04 2010456 1 1.6904e+00
+3.10465e+04 -4.15463e+04 2010750 1 1.0718e+00
+3.21944e+04 -4.22049e+04 2010792 1 1.0149e+00
+3.13418e+04 -4.05104e+04 2010791 1 1.0751e+00
+1.74350e+04 -4.52259e+04 10750 1 1.9459e+00
+1.29452e+04 -4.60347e+04 10635 0 1.8041e+00
+2.07904e+04 -2.45197e+04 4010252 1 1.3452e+00
+2.32745e+04 -2.59204e+04 4010253 1 1.3157e+00
+2.54923e+04 -2.73622e+04 4010254 1 1.2727e+00
+2.74717e+04 -2.88181e+04 4010255 1 1.2133e+00
+2.92408e+04 -3.02683e+04 4010256 1 1.1540e+00
+3.08274e+04 -3.16984e+04 4010257 1 1.0989e+00
+3.22546e+04 -3.30984e+04 4010258 1 1.0457e+00
+3.35445e+04 -3.44610e+04 4010259 1 9.9150e-01
+3.47175e+04 -3.57811e+04 4010260 1 9.3946e-01
+3.57922e+04 -3.70549e+04 4010261 1 8.9845e-01
+3.67787e+04 -3.82810e+04 4010262 1 8.6378e-01
+3.76948e+04 -3.94569e+04 4010263 1 8.2529e-01
+3.85487e+04 -4.05827e+04 4010264 1 8.0569e-01
+3.93536e+04 -4.16571e+04 4010265 1 7.8098e-01
+4.01146e+04 -4.26813e+04 4010266 1 7.6105e-01
+4.08435e+04 -4.36541e+04 4010267 1 7.4731e-01
+4.15453e+04 -4.45771e+04 4010268 1 7.3004e-01
+4.22251e+04 -4.54511e+04 4010269 1 7.1932e-01
+4.28905e+04 -4.62760e+04 4010270 1 7.1365e-01
+4.35456e+04 -4.70533e+04 4010271 1 7.0672e-01
+4.41939e+04 -4.77835e+04 4010272 1 7.0063e-01
+4.48386e+04 -4.84688e+04 4010273 1 6.9500e-01
+3.40669e+03 -4.02509e+04 10418 0 1.4737e+00
+5.66728e+03 -3.91620e+04 10462 0 1.4556e+00
+6.67824e+03 -3.44696e+04 10540 0 1.3798e+00
+1.39031e+04 -3.69743e+04 10665 0 1.6537e+00
+1.12255e+04 -3.07709e+04 10823 1 1.6245e+00
+2.38192e+04 -4.18944e+04 2010295 1 1.4872e+00
+1.72405e+04 -3.06268e+04 2010373 1 1.7422e+00
+1.72357e+04 -2.96893e+04 2010455 1 1.7087e+00
+2.43591e+04 -3.41740e+04 2010622 1 1.5015e+00
+2.60908e+04 -3.55759e+04 2010664 1 1.4084e+00
+2.76318e+04 -3.68070e+04 2010706 1 1.3108e+00
+2.77411e+04 -3.59258e+04 2010747 1 1.3083e+00
+4.48891e+03 -3.77158e+04 10459 0 1.4179e+00
+6.81763e+03 -3.70730e+04 10502 0 1.4575e+00
+1.19821e+04 -4.03461e+04 10589 0 1.5899e+00
+7.23649e+00 -3.86728e+04 10410 0 1.4176e+00
+1.64143e+04 -4.39317e+04 10710 0 2.0457e+00
+2.55380e+03 -4.38245e+04 10377 0 1.6079e+00
+1.02053e+04 -4.41148e+04 10553 0 1.5364e+00
+1.54184e+04 -4.80941e+04 10714 0 2.1909e+00
+2.05537e+04 -2.38576e+04 4010293 1 1.3207e+00
+2.30540e+04 -2.51853e+04 4010294 1 1.2937e+00
+2.52986e+04 -2.65561e+04 4010295 1 1.2544e+00
+2.73129e+04 -2.79440e+04 4010296 1 1.2055e+00
+2.91234e+04 -2.93298e+04 4010297 1 1.1498e+00
+3.07553e+04 -3.06992e+04 4010298 1 1.0904e+00
+3.22324e+04 -3.20423e+04 4010299 1 1.0293e+00
+3.35735e+04 -3.33517e+04 4010300 1 9.8630e-01
+3.47968e+04 -3.46226e+04 4010301 1 9.3667e-01
+3.59217e+04 -3.58505e+04 4010302 1 8.8813e-01
+3.69600e+04 -3.70337e+04 4010303 1 8.5894e-01
+3.79249e+04 -3.81702e+04 4010304 1 8.2148e-01
+3.88282e+04 -3.92590e+04 4010305 1 7.9918e-01
+3.96795e+04 -4.02994e+04 4010306 1 7.6933e-01
+4.04860e+04 -4.12921e+04 4010307 1 7.5464e-01
+4.12582e+04 -4.22358e+04 4010308 1 7.3897e-01
+4.20007e+04 -4.31319e+04 4010309 1 7.1956e-01
+4.27195e+04 -4.39812e+04 4010310 1 7.1153e-01
+4.34214e+04 -4.47833e+04 4010311 1 7.0297e-01
+4.41104e+04 -4.55396e+04 4010312 1 6.9686e-01
+4.47900e+04 -4.62513e+04 4010313 1 6.8859e-01
+4.54635e+04 -4.69190e+04 4010314 1 6.8297e-01
+4.61350e+04 -4.75441e+04 4010315 1 6.8239e-01
+4.68072e+04 -4.81272e+04 4010316 1 6.8043e-01
+9.88801e+03 -3.54212e+04 10583 0 1.4949e+00
+7.65463e+03 -3.05158e+04 10700 0 1.3903e+00
+7.92272e+03 -2.91463e+04 10822 1 1.5288e+00
+2.00110e+04 -3.09342e+04 2010538 1 1.6547e+00
+2.23635e+04 -3.26151e+04 2010580 1 1.5856e+00
+2.90396e+04 -3.78635e+04 2010748 1 1.2244e+00
+3.03480e+04 -3.87472e+04 2010790 1 1.1411e+00
+5.22974e+03 -3.55667e+04 10499 0 1.4222e+00
+1.16520e+04 -3.86702e+04 10587 0 1.5793e+00
+9.72747e+03 -3.83912e+04 10546 0 1.5404e+00
+2.28185e+04 -2.44544e+04 4010335 1 1.2755e+00
+2.50865e+04 -2.57549e+04 4010336 1 1.2399e+00
+2.71325e+04 -2.70751e+04 4010337 1 1.1950e+00
+2.89804e+04 -2.83965e+04 4010338 1 1.1435e+00
+3.06537e+04 -2.97052e+04 4010339 1 1.0874e+00
+3.21748e+04 -3.09912e+04 4010340 1 1.0285e+00
+3.35644e+04 -3.22466e+04 4010341 1 9.7524e-01
+3.48358e+04 -3.34672e+04 4010342 1 9.3305e-01
+3.60078e+04 -3.46484e+04 4010343 1 8.8570e-01
+3.70952e+04 -3.57875e+04 4010344 1 8.5328e-01
+3.81068e+04 -3.68835e+04 4010345 1 8.1731e-01
+3.90570e+04 -3.79342e+04 4010346 1 7.9295e-01
+3.99526e+04 -3.89395e+04 4010347 1 7.6304e-01
+4.08031e+04 -3.98992e+04 4010348 1 7.4731e-01
+4.16170e+04 -4.08127e+04 4010349 1 7.3089e-01
+4.23987e+04 -4.16810e+04 4010350 1 7.1116e-01
+4.31553e+04 -4.25042e+04 4010351 1 7.0201e-01
+4.38926e+04 -4.32826e+04 4010352 1 6.9394e-01
+4.46146e+04 -4.40171e+04 4010353 1 6.8493e-01
+4.53248e+04 -4.47086e+04 4010354 1 6.7603e-01
+4.60266e+04 -4.53585e+04 4010355 1 6.7123e-01
+1.78604e+04 -4.86462e+04 10792 1 1.7194e+00
+4.67239e+04 -4.59668e+04 4010356 1 6.6865e-01
+4.92007e+03 -3.81598e+04 10460 0 1.4578e+00
+4.01962e+03 -3.73283e+04 10458 0 1.4048e+00
+4.59280e+03 -3.51625e+04 10498 0 1.3579e+00
+1.10747e+04 -3.34561e+04 10662 0 1.4855e+00
+1.75720e+03 -3.03961e+04 10616 0 1.2582e+00
+9.69104e+03 -3.23930e+04 10661 0 1.4257e+00
+1.49049e+04 -3.54555e+04 10744 1 1.7054e+00
+1.85140e+04 -3.53916e+04 2010128 1 1.7767e+00
+1.62550e+04 -3.27495e+04 2010127 1 1.7826e+00
+1.88880e+04 -3.51726e+04 2010169 1 1.7667e+00
+1.38374e+04 -2.90909e+04 2010290 1 1.7310e+00
+1.38723e+04 -2.87235e+04 2010331 1 1.7211e+00
+1.38740e+04 -2.83400e+04 2010372 1 1.7096e+00
+1.71911e+04 -2.92007e+04 2010496 1 1.6899e+00
+2.23510e+04 -3.19490e+04 2010621 1 1.5715e+00
+2.43835e+04 -3.26805e+04 2010704 1 1.4713e+00
+2.78169e+04 -3.50382e+04 2010788 1 1.3006e+00
+1.24929e+04 -3.68403e+04 10625 0 1.5832e+00
+1.09727e+04 -3.70182e+04 10585 0 1.5538e+00
+1.04838e+04 -3.62097e+04 10584 0 1.4891e+00
+1.13586e+04 -3.78428e+04 10586 0 1.5404e+00
+5.81395e+03 -3.60269e+04 10500 0 1.4038e+00
+9.96870e+03 -3.91446e+04 10547 0 1.5203e+00
+5.31332e+03 -3.86415e+04 10461 0 1.4474e+00
+4.06620e+03 -4.11038e+04 10420 0 1.5207e+00
+2.48558e+04 -2.49589e+04 4010377 1 1.2182e+00
+2.69299e+04 -2.62120e+04 4010378 1 1.1782e+00
+2.88121e+04 -2.74692e+04 4010379 1 1.1338e+00
+3.05235e+04 -2.87170e+04 4010380 1 1.0827e+00
+3.20851e+04 -2.99455e+04 4010381 1 1.0271e+00
+3.35169e+04 -3.11470e+04 4010382 1 9.6942e-01
+3.48352e+04 -3.23161e+04 4010383 1 9.2797e-01
+3.60519e+04 -3.34498e+04 4010384 1 8.8313e-01
+3.71851e+04 -3.45441e+04 4010385 1 8.4613e-01
+3.82414e+04 -3.55984e+04 4010386 1 8.1309e-01
+3.92361e+04 -3.66099e+04 4010387 1 7.8617e-01
+4.01741e+04 -3.75792e+04 4010388 1 7.5732e-01
+4.10665e+04 -3.85049e+04 4010389 1 7.3993e-01
+4.19204e+04 -3.93869e+04 4010390 1 7.2179e-01
+4.27401e+04 -4.02263e+04 4010391 1 7.0321e-01
+4.35331e+04 -4.10225e+04 4010392 1 6.9266e-01
+4.43047e+04 -4.17760e+04 4010393 1 6.8343e-01
+4.50587e+04 -4.24877e+04 4010394 1 6.7413e-01
+4.57987e+04 -4.31585e+04 4010395 1 6.6209e-01
+4.65282e+04 -4.37890e+04 4010396 1 6.5868e-01
+5.05723e+03 -4.33880e+04 10424 0 1.5516e+00
+6.48354e+03 -4.09926e+04 10465 0 1.4891e+00
+1.02602e+04 -4.07014e+04 10549 0 1.5753e+00
+9.16701e+03 -3.31225e+04 10621 0 1.4081e+00
+1.36442e+04 -2.97611e+04 2010208 1 1.7369e+00
+1.99645e+04 -3.03507e+04 2010579 1 1.6354e+00
+2.43868e+04 -3.34306e+04 2010663 1 1.4893e+00
+2.23115e+04 -3.12760e+04 2010662 1 1.5507e+00
+1.98020e+04 -2.91649e+04 2010661 1 1.5944e+00
+2.61960e+04 -3.39395e+04 2010746 1 1.3819e+00
+2.43529e+04 -3.19261e+04 2010745 1 1.4600e+00
+1.11404e+04 -3.49134e+04 10623 0 1.5149e+00
+8.35892e+03 -3.39491e+04 10581 0 1.4357e+00
+1.02330e+04 -3.39922e+04 10622 0 1.4508e+00
+5.89495e+03 -3.39585e+04 10539 0 1.3908e+00
+1.18921e+04 -3.58667e+04 10624 0 1.5299e+00
+7.38643e+03 -3.50262e+04 10541 0 1.4144e+00
+9.41420e+03 -3.76625e+04 10545 0 1.4782e+00
+6.34492e+03 -3.65248e+04 10501 0 1.4102e+00
+1.03169e+04 -4.15181e+04 10550 0 1.5520e+00
+2.46058e+04 -2.41685e+04 4010418 1 1.2020e+00
+2.67031e+04 -2.53553e+04 4010419 1 1.1616e+00
+2.86155e+04 -2.65485e+04 4010420 1 1.1135e+00
+3.03639e+04 -2.77351e+04 4010421 1 1.0664e+00
+3.19637e+04 -2.89059e+04 4010422 1 1.0224e+00
+3.34346e+04 -3.00531e+04 4010423 1 9.6881e-01
+3.47953e+04 -3.11706e+04 4010424 1 9.1782e-01
+3.60547e+04 -3.22559e+04 4010425 1 8.8049e-01
+3.72301e+04 -3.33048e+04 4010426 1 8.3519e-01
+3.83295e+04 -3.43163e+04 4010427 1 8.0895e-01
+3.93661e+04 -3.52879e+04 4010428 1 7.7853e-01
+4.03447e+04 -3.62201e+04 4010429 1 7.5195e-01
+4.12773e+04 -3.71109e+04 4010430 1 7.3306e-01
+4.21693e+04 -3.79605e+04 4010431 1 7.1208e-01
+4.30255e+04 -3.87698e+04 4010432 1 6.9488e-01
+4.38536e+04 -3.95381e+04 4010433 1 6.8404e-01
+4.46583e+04 -4.02658e+04 4010434 1 6.7293e-01
+4.54433e+04 -4.09536e+04 4010435 1 6.6285e-01
+4.62122e+04 -4.16026e+04 4010436 1 6.5118e-01
+4.35498e+03 -4.16123e+04 10421 0 1.5348e+00
+8.56028e+03 -3.62780e+04 10543 0 1.4437e+00
+9.06645e+03 -3.05785e+04 10741 1 1.4764e+00
+1.34700e+04 -3.00532e+04 2010167 1 1.7347e+00
+9.70209e+03 -2.77360e+04 2010207 1 1.6449e+00
+1.38470e+04 -2.79436e+04 2010413 1 1.6948e+00
+1.37955e+04 -2.75371e+04 2010454 1 1.6773e+00
+1.71231e+04 -2.87028e+04 2010537 1 1.6686e+00
+1.70336e+04 -2.81980e+04 2010578 1 1.6482e+00
+1.98946e+04 -2.97601e+04 2010620 1 1.6150e+00
+1.22342e+04 -3.45948e+04 10663 0 1.5563e+00
+1.42438e+04 -3.57607e+04 10704 0 1.6729e+00
+7.42414e+03 -3.32941e+04 10580 0 1.3733e+00
+9.17960e+03 -3.46654e+04 10582 0 1.4306e+00
+8.01261e+03 -3.56371e+04 10542 0 1.4295e+00
+9.02525e+03 -3.69602e+04 10544 0 1.4825e+00
+5.97931e+03 -3.97337e+04 10463 0 1.5065e+00
+1.14985e+04 -4.55858e+04 10595 0 1.6613e+00
+2.64567e+04 -2.45041e+04 4010460 1 1.1497e+00
+2.83947e+04 -2.56342e+04 4010461 1 1.1061e+00
+3.01730e+04 -2.67605e+04 4010462 1 1.0555e+00
+3.18103e+04 -2.78730e+04 4010463 1 1.0111e+00
+3.33183e+04 -2.89655e+04 4010464 1 9.6634e-01
+3.47161e+04 -3.00316e+04 4010465 1 9.1355e-01
+3.60170e+04 -3.10675e+04 4010466 1 8.7737e-01
+3.72314e+04 -3.20707e+04 4010467 1 8.3374e-01
+3.83720e+04 -3.30386e+04 4010468 1 8.0509e-01
+3.94476e+04 -3.39697e+04 4010469 1 7.6779e-01
+4.04654e+04 -3.48637e+04 4010470 1 7.4724e-01
+4.14360e+04 -3.57187e+04 4010471 1 7.2664e-01
+4.23643e+04 -3.65353e+04 4010472 1 7.0028e-01
+4.32556e+04 -3.73135e+04 4010473 1 6.8731e-01
+4.41176e+04 -3.80528e+04 4010474 1 6.7537e-01
+4.49541e+04 -3.87538e+04 4010475 1 6.6325e-01
+4.57691e+04 -3.94169e+04 4010476 1 6.5158e-01
+4.65660e+04 -4.00431e+04 4010477 1 6.3990e-01
+5.60811e+03 -4.64898e+04 10428 0 1.5805e+00
+8.63421e+03 -4.44814e+04 10512 0 1.5069e+00
+5.23436e+03 -4.40873e+04 10425 0 1.5997e+00
+8.63735e+03 -4.27057e+04 10510 0 1.5134e+00
+7.23366e+03 -3.76556e+04 10503 0 1.4475e+00
+1.31728e+04 -3.57770e+04 10664 0 1.5943e+00
+1.39167e+04 -3.27877e+04 10824 1 1.7042e+00
+2.28863e+04 -3.93747e+04 2010294 1 1.5902e+00
+2.15308e+04 -3.67545e+04 2010293 1 1.6803e+00
+9.77359e+03 -2.74353e+04 2010248 1 1.6473e+00
+9.80936e+03 -2.71227e+04 2010289 1 1.6456e+00
+9.79631e+03 -2.64697e+04 2010371 1 1.6304e+00
+2.42964e+04 -3.11696e+04 2010786 1 1.4413e+00
+1.28151e+04 -2.40984e+04 2010782 1 1.5019e+00
+2.47764e+04 -4.65431e+04 2010297 1 1.2751e+00
+2.56026e+04 -4.81393e+04 2010339 1 1.1625e+00
+6.27704e+03 -3.06620e+04 10659 0 1.3371e+00
+1.60213e+04 -3.72627e+04 10745 1 1.7680e+00
+3.44711e+03 -3.06597e+04 10617 0 1.2776e+00
+1.61724e+04 -4.01205e+04 10707 0 1.8730e+00
+1.27939e+01 -3.39565e+04 10492 0 1.3138e+00
+7.59313e+03 -3.82712e+04 10504 0 1.4629e+00
+2.81511e+04 -2.47262e+04 4010502 1 1.0962e+00
+2.99560e+04 -2.57925e+04 4010503 1 1.0509e+00
+3.16234e+04 -2.68476e+04 4010504 1 9.9901e-01
+3.31680e+04 -2.78848e+04 4010505 1 9.6143e-01
+3.46006e+04 -2.88992e+04 4010506 1 9.1347e-01
+3.59393e+04 -2.98856e+04 4010507 1 8.7316e-01
+3.71905e+04 -3.08425e+04 4010508 1 8.3264e-01
+3.83695e+04 -3.17663e+04 4010509 1 8.0147e-01
+3.94816e+04 -3.26564e+04 4010510 1 7.6522e-01
+4.05368e+04 -3.35112e+04 4010511 1 7.4322e-01
+4.15435e+04 -3.43298e+04 4010512 1 7.2061e-01
+4.25060e+04 -3.51126e+04 4010513 1 6.9470e-01
+4.34312e+04 -3.58588e+04 4010514 1 6.8053e-01
+4.43255e+04 -3.65684e+04 4010515 1 6.6722e-01
+4.51925e+04 -3.72417e+04 4010516 1 6.5438e-01
+4.60365e+04 -3.78794e+04 4010517 1 6.4111e-01
+9.95688e+02 -4.76260e+04 10332 0 1.6258e+00
+8.48346e+03 -4.10867e+04 10508 0 1.5470e+00
+2.98354e+03 -3.66826e+04 10456 0 1.3729e+00
+1.33889e+04 -3.36808e+04 10743 1 1.6324e+00
+5.81850e+01 -2.80627e+04 10779 1 1.3898e+00
+4.13087e+03 -2.80847e+04 10821 1 1.4519e+00
+1.58626e+04 -3.29138e+04 2010086 1 1.7786e+00
+1.65628e+04 -3.25117e+04 2010168 1 1.7794e+00
+5.08849e+03 -2.63832e+04 2010206 1 1.5437e+00
+1.37227e+04 -2.71225e+04 2010495 1 1.6593e+00
+1.36313e+04 -2.67015e+04 2010536 1 1.6393e+00
+2.22468e+04 -3.05985e+04 2010703 1 1.5355e+00
+1.29750e+04 -2.45383e+04 2010741 1 1.5261e+00
+2.28795e+04 -4.27252e+04 2010213 1 1.5114e+00
+2.16593e+04 -4.04926e+04 2010171 1 1.6254e+00
+2.38894e+04 -4.47416e+04 2010255 1 1.3933e+00
+5.28011e+03 -2.96816e+04 10699 0 1.3421e+00
+7.21122e+03 -2.92985e+04 10781 1 1.4755e+00
+2.71284e+03 -2.91535e+04 10698 0 1.3137e+00
+1.63520e+04 -3.65363e+04 10785 1 1.7531e+00
+1.73802e+04 -3.86044e+04 10786 1 1.7741e+00
+1.72564e+04 -4.07406e+04 10747 1 1.8648e+00
+1.51690e+04 -4.15180e+04 10669 0 1.8448e+00
+1.01456e+04 -3.99114e+04 10548 0 1.5165e+00
+1.63551e+03 -3.41057e+04 10494 0 1.3062e+00
+2.78835e+04 -2.38247e+04 4010543 1 1.0737e+00
+1.74883e+04 -4.23438e+04 10748 1 1.8938e+00
+6.83120e+03 -4.24250e+04 10467 0 1.5455e+00
+6.25108e+03 -4.03447e+04 10464 0 1.4934e+00
+1.83768e+04 -4.58152e+04 10790 1 1.7496e+00
+2.97132e+04 -2.48311e+04 4010544 1 1.0443e+00
+3.14071e+04 -2.58293e+04 4010545 1 9.9672e-01
+3.29834e+04 -2.68115e+04 4010546 1 9.4814e-01
+3.44492e+04 -2.77739e+04 4010547 1 9.1252e-01
+3.58216e+04 -2.87110e+04 4010548 1 8.6219e-01
+3.71081e+04 -2.96209e+04 4010549 1 8.3204e-01
+3.83226e+04 -3.05003e+04 4010550 1 7.9758e-01
+3.94691e+04 -3.13488e+04 4010551 1 7.6365e-01
+4.05595e+04 -3.21640e+04 4010552 1 7.4009e-01
+4.16003e+04 -3.29456e+04 4010553 1 7.1499e-01
+4.25954e+04 -3.36937e+04 4010554 1 6.9023e-01
+4.35529e+04 -3.44073e+04 4010555 1 6.7510e-01
+4.44779e+04 -3.50864e+04 4010556 1 6.5997e-01
+4.53743e+04 -3.57313e+04 4010557 1 6.4633e-01
+4.62459e+04 -3.63427e+04 4010558 1 6.3006e-01
+8.33806e+03 -4.03323e+04 10507 0 1.4890e+00
+8.14192e+03 -3.96163e+04 10506 0 1.4849e+00
+1.83967e+03 -3.62512e+04 10454 0 1.3827e+00
+1.67863e+04 -3.90386e+04 10746 1 1.8261e+00
+5.05561e+01 -2.84740e+04 10738 1 1.3489e+00
+7.97880e+01 -2.56102e+04 2010246 1 1.5036e+00
+5.11522e+03 -2.52275e+04 2010370 1 1.5410e+00
+1.67999e+04 -2.71747e+04 2010660 1 1.6023e+00
+2.61603e+04 -3.47610e+04 2010705 1 1.4005e+00
+1.66593e+04 -2.66589e+04 2010701 1 1.5787e+00
+1.80602e+04 -3.55112e+04 2010087 1 1.7810e+00
+1.32303e+04 -3.03079e+04 2010126 1 1.7304e+00
+1.29104e+04 -3.05168e+04 2010085 1 1.7207e+00
+2.01052e+04 -3.80647e+04 2010129 1 1.7242e+00
+1.53652e+04 -3.29885e+04 2010045 1 1.7661e+00
+1.24901e+04 -3.06707e+04 2010044 1 1.7011e+00
+1.95960e+04 -3.81400e+04 2010088 1 1.7381e+00
+2.23501e+04 -4.29888e+04 2010172 1 1.5272e+00
+1.28472e+04 -3.24705e+04 10783 1 1.6422e+00
+2.27192e+04 -4.53325e+04 2010173 1 1.4312e+00
+2.94436e+04 -2.38767e+04 4010585 1 1.0216e+00
+1.64639e+04 -4.27368e+04 10709 0 1.9868e+00
+3.11622e+04 -2.48181e+04 4010586 1 9.9338e-01
+3.27641e+04 -2.57463e+04 4010587 1 9.4390e-01
+3.42622e+04 -2.66561e+04 4010588 1 9.1012e-01
+3.56645e+04 -2.75441e+04 4010589 1 8.6404e-01
+3.69846e+04 -2.84066e+04 4010590 1 8.3172e-01
+3.82314e+04 -2.92415e+04 4010591 1 7.8843e-01
+3.94108e+04 -3.00477e+04 4010592 1 7.6325e-01
+4.05342e+04 -3.08230e+04 4010593 1 7.3794e-01
+4.16067e+04 -3.15671e+04 4010594 1 7.0894e-01
+4.26329e+04 -3.22798e+04 4010595 1 6.8741e-01
+4.36212e+04 -3.29602e+04 4010596 1 6.7083e-01
+4.45753e+04 -3.36082e+04 4010597 1 6.5442e-01
+4.54998e+04 -3.42241e+04 4010598 1 6.3927e-01
+4.63978e+04 -3.48083e+04 4010599 1 6.2182e-01
+1.23361e+03 -4.78417e+04 10333 0 1.6887e+00
+7.52405e+02 -4.74650e+04 10331 0 1.6258e+00
+5.05183e+02 -4.73485e+04 10330 0 1.6275e+00
+1.26676e+04 -4.69483e+04 10636 0 1.7969e+00
+1.12728e+04 -4.65475e+04 10596 0 1.6539e+00
+5.50876e+03 -4.56352e+04 10427 0 1.5822e+00
+1.80229e+04 -4.05948e+04 10787 1 1.7781e+00
+2.33202e+04 -4.50965e+04 2010214 1 1.4072e+00
+1.59727e+04 -3.50185e+04 10825 1 1.7521e+00
+6.30590e+03 -2.94536e+04 10740 1 1.4101e+00
+2.49225e+04 -4.37487e+04 2010337 1 1.3681e+00
+9.81529e+03 -2.68003e+04 2010330 1 1.6398e+00
+9.75651e+03 -2.61322e+04 2010412 1 1.6184e+00
+9.54157e+03 -2.50874e+04 2010535 1 1.5717e+00
+1.31271e+04 -2.49763e+04 2010700 1 1.5493e+00
+1.95588e+04 -2.79665e+04 2010743 1 1.5507e+00
+2.91844e+04 -3.69203e+04 2010789 1 1.2126e+00
+2.62007e+04 -3.31141e+04 2010787 1 1.3756e+00
+5.12174e+03 -2.60980e+04 2010247 1 1.5484e+00
+5.03114e+03 -2.66663e+04 2010165 1 1.5375e+00
+9.58770e+03 -2.80227e+04 2010166 1 1.6401e+00
+9.42098e+03 -2.82926e+04 2010125 1 1.6307e+00
+2.42290e+04 -4.13603e+04 2010336 1 1.4742e+00
+7.92931e+01 -2.58894e+04 2010205 1 1.4984e+00
+2.68335e+04 -4.68402e+04 2010421 1 1.1420e+00
+7.70613e+01 -2.64570e+04 2010123 1 1.4837e+00
+2.59083e+04 -4.53944e+04 2010379 1 1.2537e+00
+2.77344e+04 -4.80941e+04 2010463 1 1.0537e+00
+9.18980e+03 -2.85428e+04 2010084 1 1.6187e+00
+2.05921e+04 -4.06905e+04 2010089 1 1.6679e+00
+3.25134e+04 -2.46884e+04 4010628 1 9.4340e-01
+3.40395e+04 -2.55461e+04 4010629 1 9.0428e-01
+3.54698e+04 -2.63849e+04 4010630 1 8.6563e-01
+3.68203e+04 -2.72001e+04 4010631 1 8.3114e-01
+3.80962e+04 -2.79905e+04 4010632 1 7.9055e-01
+3.93071e+04 -2.87540e+04 4010633 1 7.6401e-01
+4.04612e+04 -2.94890e+04 4010634 1 7.3680e-01
+4.15631e+04 -3.01953e+04 4010635 1 7.0470e-01
+4.26192e+04 -3.08721e+04 4010636 1 6.8616e-01
+4.36363e+04 -3.15187e+04 4010637 1 6.6807e-01
+4.46183e+04 -3.21350e+04 4010638 1 6.5075e-01
+4.55694e+04 -3.27213e+04 4010639 1 6.3344e-01
+4.64927e+04 -3.32779e+04 4010640 1 6.1679e-01
+1.00884e+04 -4.50536e+04 10554 0 1.5554e+00
+7.03493e+03 -4.40406e+04 10469 0 1.5244e+00
+4.85118e+03 -4.27481e+04 10423 0 1.5239e+00
+7.89425e+03 -3.89301e+04 10505 0 1.4986e+00
+2.49386e+04 -4.86642e+04 2010298 1 1.1776e+00
+1.75334e+04 -4.38387e+04 10749 1 1.9210e+00
+1.23963e+03 -3.61065e+04 10453 0 1.3408e+00
+1.63940e+04 -4.14659e+04 10708 0 1.9284e+00
+1.62631e+04 -4.50582e+04 10711 0 2.0649e+00
+1.83585e+04 -4.24697e+04 10788 1 1.7730e+00
+2.14294e+04 -4.53551e+04 2010091 1 1.4968e+00
+2.71788e+01 -3.02926e+04 10615 0 1.2670e+00
+2.17805e+04 -4.31241e+04 2010131 1 1.5560e+00
+1.90024e+04 -3.80653e+04 2010047 1 1.7498e+00
+8.87834e+03 -2.87701e+04 2010043 1 1.5987e+00
+4.82110e+03 -2.72284e+04 2010083 1 1.5168e+00
+5.00508e+03 -2.43313e+04 2010493 1 1.5113e+00
+1.35242e+04 -2.62754e+04 2010577 1 1.6175e+00
+4.17833e+04 -2.39548e+04 6010021 1 7.0906e-01
+2.20492e+04 -2.92375e+04 2010785 1 1.4967e+00
+7.91216e+01 -2.44956e+04 2010410 1 1.4939e+00
+2.37233e+04 -3.76634e+04 2010417 1 1.5576e+00
+5.13505e+03 -2.58105e+04 2010288 1 1.5493e+00
+2.17642e+04 -3.62586e+04 2010334 1 1.6679e+00
+2.39228e+04 -3.70113e+04 2010458 1 1.5510e+00
+5.13192e+03 -2.55203e+04 2010329 1 1.5466e+00
+7.99671e+01 -2.53321e+04 2010287 1 1.5054e+00
+7.98870e+01 -2.50541e+04 2010328 1 1.5041e+00
+2.32066e+04 -3.88541e+04 2010335 1 1.5770e+00
+2.58038e+04 -4.24709e+04 2010419 1 1.3566e+00
+2.34854e+04 -3.82804e+04 2010376 1 1.5702e+00
+7.84128e+01 -2.61712e+04 2010164 1 1.4920e+00
+2.45984e+04 -4.07638e+04 2010377 1 1.4691e+00
+2.49277e+04 -4.01159e+04 2010418 1 1.4562e+00
+4.65266e+03 -2.75095e+04 2010042 1 1.5013e+00
+6.42699e+01 -2.76986e+04 10820 1 1.4208e+00
+1.74429e+04 -3.73142e+04 10826 1 1.7640e+00
+1.84135e+04 -3.95672e+04 10827 1 1.7502e+00
+3.37798e+04 -2.44446e+04 4010670 1 8.9409e-01
+2.05094e+04 -4.28940e+04 2010049 1 1.6197e+00
+2.11538e+04 -4.06615e+04 2010130 1 1.6446e+00
+9.93918e+03 -4.60415e+04 10555 0 1.5834e+00
+2.41610e+04 -4.69854e+04 2010256 1 1.2917e+00
+3.52375e+04 -2.52336e+04 4010671 1 8.6678e-01
+3.66152e+04 -2.60017e+04 4010672 1 8.2899e-01
+3.79183e+04 -2.67475e+04 4010673 1 7.9355e-01
+3.91582e+04 -2.74682e+04 4010674 1 7.6604e-01
+4.03407e+04 -2.81628e+04 4010675 1 7.3619e-01
+4.14701e+04 -2.88310e+04 4010676 1 7.0613e-01
+4.25543e+04 -2.94715e+04 4010677 1 6.8664e-01
+4.35986e+04 -3.00839e+04 4010678 1 6.6704e-01
+4.46069e+04 -3.06680e+04 4010679 1 6.4864e-01
+4.55832e+04 -3.12242e+04 4010680 1 6.2867e-01
+4.65308e+04 -3.17526e+04 4010681 1 6.1353e-01
+6.94984e+03 -4.32100e+04 10468 0 1.5320e+00
+9.68497e+00 -3.59801e+04 10451 0 1.3563e+00
+1.07910e+03 -3.24811e+04 10534 0 1.2710e+00
+2.20886e+04 -4.54286e+04 2010132 1 1.4609e+00
+4.94430e+03 -2.69478e+04 2010124 1 1.5284e+00
+9.69897e+03 -2.57888e+04 2010453 1 1.6048e+00
+2.92121e+04 -4.26283e+04 2010626 1 1.1498e+00
+1.96899e+04 -2.85665e+04 2010702 1 1.5722e+00
+3.35615e+04 -4.80267e+04 2010754 1 8.7935e-01
+1.38204e+04 -4.81482e+04 10676 0 2.0115e+00
+4.61691e+03 -4.21583e+04 10422 0 1.5210e+00
+1.23629e+04 -4.78916e+04 10637 0 1.8035e+00
+7.77669e+01 -2.39293e+04 2010492 1 1.4763e+00
+2.88215e+04 -4.35473e+04 2010585 1 1.1438e+00
+2.77096e+04 -4.23653e+04 2010543 1 1.2432e+00
+5.05009e+03 -2.46331e+04 2010452 1 1.5230e+00
+9.62650e+03 -2.54403e+04 2010494 1 1.5891e+00
+2.54676e+04 -3.87014e+04 2010500 1 1.4438e+00
+5.08733e+03 -2.49318e+04 2010411 1 1.5329e+00
+7.85040e+01 -2.42137e+04 2010451 1 1.4859e+00
+2.65240e+04 -4.09933e+04 2010501 1 1.3469e+00
+4.95371e+03 -2.40262e+04 2010534 1 1.4983e+00
+3.08742e+04 -4.81177e+04 2010629 1 9.4191e-01
+3.04375e+04 -4.63759e+04 2010628 1 1.0066e+00
+7.95932e+01 -2.47755e+04 2010369 1 1.5001e+00
+2.68251e+04 -4.02005e+04 2010542 1 1.3296e+00
+2.61831e+04 -4.17522e+04 2010460 1 1.3483e+00
+2.53818e+04 -4.31394e+04 2010378 1 1.3633e+00
+6.67694e+03 -4.16830e+04 10466 0 1.5104e+00
+2.73203e+04 -4.31899e+04 2010502 1 1.2402e+00
+3.63686e+04 -2.48121e+04 4010713 1 8.2341e-01
+2.07420e+04 -4.70980e+04 2010051 1 1.4705e+00
+4.20581e+01 -2.89601e+04 10697 0 1.3066e+00
+3.76978e+04 -2.55130e+04 4010714 1 7.9742e-01
+3.89641e+04 -2.61909e+04 4010715 1 7.6891e-01
+4.01725e+04 -2.68450e+04 4010716 1 7.3302e-01
+4.13279e+04 -2.74748e+04 4010717 1 7.0961e-01
+4.24384e+04 -2.80787e+04 4010718 1 6.8905e-01
+4.35082e+04 -2.86566e+04 4010719 1 6.6825e-01
+4.45414e+04 -2.92084e+04 4010720 1 6.4834e-01
+4.55413e+04 -2.97340e+04 4010721 1 6.2524e-01
+4.65122e+04 -3.02337e+04 4010722 1 6.1237e-01
+1.66753e+03 -4.29150e+04 10374 0 1.5396e+00
+2.14572e+04 -4.74415e+04 2010092 1 1.4151e+00
+1.92640e+04 -4.55588e+04 10830 1 1.6334e+00
+8.28578e+02 -3.40159e+04 10493 0 1.3016e+00
+8.65387e+03 -4.35709e+04 10511 0 1.5065e+00
+2.35166e+04 -4.73166e+04 2010215 1 1.3080e+00
+2.14241e+01 -3.12244e+04 10574 0 1.2700e+00
+2.11687e+04 -4.31038e+04 2010090 1 1.5812e+00
+2.07412e+04 -4.50792e+04 2010050 1 1.5430e+00
+2.64189e+04 -4.47136e+04 2010420 1 1.2539e+00
+2.73914e+04 -4.60890e+04 2010462 1 1.1478e+00
+3.74376e+03 -2.83916e+04 10780 1 1.4135e+00
+2.79111e+04 -4.52851e+04 2010503 1 1.1495e+00
+2.94178e+04 -4.54940e+04 2010586 1 1.0667e+00
+1.69250e+04 -2.76882e+04 2010619 1 1.6251e+00
+1.34033e+04 -2.58453e+04 2010618 1 1.5960e+00
+1.32703e+04 -2.54121e+04 2010659 1 1.5732e+00
+2.21592e+04 -2.99184e+04 2010744 1 1.5144e+00
+1.94115e+04 -2.73660e+04 2010784 1 1.5271e+00
+1.10215e+04 -4.75539e+04 10597 0 1.6542e+00
+7.08199e+03 -4.79254e+04 10473 0 1.5531e+00
+9.44615e+03 -2.47306e+04 2010576 1 1.5536e+00
+9.34174e+03 -2.43701e+04 2010617 1 1.5345e+00
+7.24868e+01 -2.70501e+04 2010041 1 1.4607e+00
+9.22989e+03 -2.40063e+04 2010658 1 1.5144e+00
+3.20008e+04 -4.60255e+04 2010711 1 9.5691e-01
+3.03233e+04 -4.35689e+04 2010668 1 1.0785e+00
+8.26437e+03 -4.87078e+04 10516 0 1.5450e+00
+3.09478e+04 -4.53703e+04 2010669 1 1.0110e+00
+2.98928e+04 -4.45465e+04 2010627 1 1.0748e+00
+1.07496e+04 -4.86156e+04 10598 0 1.6583e+00
+1.84570e+04 -4.42109e+04 10789 1 1.7596e+00
+5.35017e+00 -4.22989e+04 10369 0 1.5052e+00
+7.10935e+03 -4.68582e+04 10472 0 1.5377e+00
+3.14615e+04 -4.70873e+04 2010670 1 9.5536e-01
+2.83390e+04 -4.72757e+04 2010504 1 1.0523e+00
+7.08838e+03 -4.49217e+04 10470 0 1.5229e+00
+2.68916e+04 -4.39761e+04 2010461 1 1.2466e+00
+3.93665e+00 -4.72207e+04 10328 0 1.6339e+00
+3.99564e+04 -2.55363e+04 4010757 1 7.3696e-01
+4.11365e+04 -2.61273e+04 4010758 1 7.1516e-01
+4.22715e+04 -2.66946e+04 4010759 1 6.9352e-01
+4.33650e+04 -2.72378e+04 4010760 1 6.7184e-01
+4.44215e+04 -2.77569e+04 4010761 1 6.4989e-01
+4.54438e+04 -2.82518e+04 4010762 1 6.2802e-01
+4.64367e+04 -2.87223e+04 4010763 1 6.1383e-01
+7.11238e+03 -4.58590e+04 10471 0 1.5270e+00
+8.58173e+03 -4.54438e+04 10513 0 1.5137e+00
+5.38450e+03 -4.48359e+04 10426 0 1.5891e+00
+8.58151e+03 -4.18795e+04 10509 0 1.5273e+00
+2.00143e+04 -4.64912e+04 2010010 1 1.5370e+00
+2.21603e+04 -4.75711e+04 2010133 1 1.3713e+00
+4.50808e+04 -2.53147e+04 6010024 1 6.4198e-01
+1.92394e+04 -4.37117e+04 10829 1 1.6752e+00
+9.56465e+03 -4.81876e+04 10557 0 1.5719e+00
+1.66691e+01 -3.24149e+04 10533 0 1.2854e+00
+4.31689e+04 -2.58283e+04 4010801 1 6.7745e-01
+1.99639e+04 -4.05476e+04 2010048 1 1.6901e+00
+3.40486e+01 -2.95538e+04 10656 0 1.2781e+00
+1.75082e+04 -3.55091e+04 2010046 1 1.7804e+00
+2.28482e+04 -4.75198e+04 2010174 1 1.3407e+00
+1.82994e+04 -3.78054e+04 2010006 1 1.7623e+00
+4.61140e+04 -2.57265e+04 6010025 1 6.2663e-01
+2.88995e+04 -4.64065e+04 2010545 1 1.0566e+00
+2.83891e+04 -4.44353e+04 2010544 1 1.1468e+00
+4.48140e+04 -2.38616e+04 6010065 1 6.5368e-01
+8.46577e+03 -2.89714e+04 2010002 1 1.5699e+00
+1.89818e+04 -4.17109e+04 10828 1 1.7148e+00
+8.39290e+03 -4.75501e+04 10515 0 1.5449e+00
+4.40170e+04 -2.48821e+04 6010023 1 6.5790e-01
+1.65056e+04 -2.61415e+04 2010742 1 1.5538e+00
+9.76306e+03 -4.70833e+04 10556 0 1.5761e+00
+1.63397e+04 -2.56234e+04 2010783 1 1.5301e+00
+8.50002e+03 -4.64644e+04 10514 0 1.5269e+00
+1.47318e+04 -3.29537e+04 2010004 1 1.7439e+00
+4.58657e+04 -2.42439e+04 6010066 1 6.3778e-01
+6.89439e+01 -2.73645e+04 2010000 1 1.4435e+00
+7.51325e+01 -2.67490e+04 2010082 1 1.4736e+00
+3.74347e+04 -2.42871e+04 4010755 1 8.0185e-01
+3.87248e+04 -2.49224e+04 4010756 1 7.7207e-01
+1.92500e+04 -4.01912e+04 2010007 1 1.7195e+00
+1.98445e+04 -4.82743e+04 2010011 1 1.4810e+00
+3.25005e+04 -4.76353e+04 2010712 1 9.1385e-01
+4.20533e+04 -2.53198e+04 4010800 1 7.0027e-01
+2.92806e+04 -4.82793e+04 2010546 1 9.8097e-01
+3.49676e+04 -2.40907e+04 4010712 1 8.6690e-01
+4.52904e+04 -2.67784e+04 4010803 1 6.3351e-01
+4.63040e+04 -2.72196e+04 4010804 1 6.1876e-01
+4.42758e+03 -2.77937e+04 2010001 1 1.4800e+00
+3.08886e+04 -2.38140e+04 4010627 1 9.8613e-01
+3.18878e+04 -4.87215e+04 2010671 1 9.0145e-01
+4.08957e+04 -2.47891e+04 4010799 1 7.2255e-01
+3.96929e+04 -2.42367e+04 4010798 1 7.4461e-01
+1.97900e+04 -4.24503e+04 2010008 1 1.6609e+00
+4.29893e+03 -3.00684e+04 10658 0 1.2946e+00
+1.68280e+04 -3.53561e+04 2010005 1 1.7727e+00
+1.19420e+04 -3.07587e+04 2010003 1 1.6705e+00
+4.42469e+04 -2.63145e+04 4010802 1 6.5223e-01
+1.38620e+03 -3.13029e+04 10575 0 1.2570e+00
+2.98814e+04 -4.73482e+04 2010587 1 9.9503e-01
+2.00174e+04 -4.45522e+04 2010009 1 1.5984e+00
