+2.12150e+01 -5.65381e+04 2010000 1 2.5736e-01
+1.37802e+03 -5.65826e+04 2010001 1 2.6261e-01
+2.72737e+03 -5.67092e+04 2010002 1 2.6994e-01
+4.06217e+03 -5.69162e+04 2010003 1 2.7899e-01
+5.37542e+03 -5.72011e+04 2010004 1 2.8855e-01
+6.66054e+03 -5.75600e+04 2010005 1 2.9740e-01
+7.91206e+03 -5.79882e+04 2010006 1 3.0580e-01
+9.12554e+03 -5.84797e+04 2010007 1 3.1158e-01
+1.02974e+04 -5.90284e+04 2010008 1 3.1467e-01
+1.14260e+04 -5.96273e+04 2010009 1 3.1478e-01
+1.25098e+04 -6.02699e+04 2010010 1 3.1053e-01
+1.35498e+04 -6.09493e+04 2010011 1 3.0418e-01
+1.45460e+04 -6.16591e+04 2010012 1 2.9448e-01
+1.55013e+04 -6.23931e+04 2010013 1 2.8112e-01
+1.64175e+04 -6.31455e+04 2010014 1 2.6850e-01
+1.72977e+04 -6.39108e+04 2010015 1 2.5386e-01
+1.81458e+04 -6.46836e+04 2010016 1 2.4120e-01
+1.89654e+04 -6.54599e+04 2010017 1 2.2579e-01
+1.97618e+04 -6.62364e+04 2010018 1 2.1001e-01
+2.05383e+04 -6.70092e+04 2010019 1 2.1575e-01
+2.12981e+04 -6.77703e+04 2010020 1 2.1002e-01
+2.20487e+04 -6.85218e+04 2010021 1 2.1621e-01
+2.27919e+04 -6.92606e+04 2010022 1 2.3754e-01
+2.35338e+04 -6.99825e+04 2010023 1 2.6561e-01
+2.42765e+04 -7.06847e+04 2010024 1 2.8961e-01
+2.50270e+04 -7.13680e+04 2010025 1 3.3542e-01
+2.57834e+04 -7.20254e+04 2010026 1 3.5040e-01
+2.65575e+04 -7.26623e+04 2010027 1 3.7329e-01
+2.73451e+04 -7.32710e+04 2010028 1 4.2617e-01
+4.68303e+04 -6.46230e+04 2010491 1 2.5507e-01
+4.68380e+04 -6.16791e+04 2010572 1 2.0822e-01
+4.57938e+04 -7.15573e+04 3010235 1 3.9919e-01
+4.23048e+04 -4.99926e+04 4010032 1 1.8767e-01
+4.54499e+04 -7.00929e+04 3010273 1 3.6634e-01
+4.12873e+04 -4.96395e+04 4010031 1 1.9603e-01
+4.33149e+04 -5.03310e+04 4010033 1 1.8136e-01
+4.60945e+04 -6.88036e+04 3010312 1 3.3839e-01
+4.61406e+04 -7.29751e+04 3010197 1 4.3004e-01
+4.64655e+04 -7.02893e+04 3010274 1 3.7263e-01
+4.68356e+04 -7.17301e+04 3010236 1 4.0339e-01
+4.43187e+04 -5.06546e+04 4010034 1 1.7642e-01
+4.53174e+04 -5.09633e+04 4010035 1 1.7265e-01
+4.47675e+04 -7.13634e+04 3010234 1 3.9337e-01
+4.50849e+04 -7.28052e+04 3010196 1 4.2680e-01
+4.63121e+04 -5.12570e+04 4010036 1 1.6981e-01
+2.21665e+01 -5.55053e+04 2010041 1 2.6838e-01
+1.43986e+03 -5.55513e+04 2010042 1 2.7438e-01
+2.84955e+03 -5.56805e+04 2010043 1 2.8277e-01
+4.24388e+03 -5.58913e+04 2010044 1 2.9288e-01
+5.61572e+03 -5.61807e+04 2010045 1 3.0347e-01
+6.95844e+03 -5.65452e+04 2010046 1 3.1564e-01
+8.26620e+03 -5.69801e+04 2010047 1 3.2628e-01
+9.53426e+03 -5.74791e+04 2010048 1 3.3285e-01
+1.07594e+04 -5.80356e+04 2010049 1 3.3666e-01
+1.19394e+04 -5.86426e+04 2010050 1 3.3499e-01
+1.30732e+04 -5.92933e+04 2010051 1 3.3078e-01
+1.41608e+04 -5.99807e+04 2010052 1 3.2076e-01
+1.52032e+04 -6.06982e+04 2010053 1 3.1008e-01
+1.62018e+04 -6.14393e+04 2010054 1 2.9438e-01
+1.71599e+04 -6.21979e+04 2010055 1 2.7855e-01
+1.80795e+04 -6.29683e+04 2010056 1 2.5987e-01
+1.89653e+04 -6.37458e+04 2010057 1 2.3758e-01
+1.98208e+04 -6.45257e+04 2010058 1 2.2063e-01
+2.06495e+04 -6.53032e+04 2010059 1 2.0584e-01
+2.14568e+04 -6.60735e+04 2010060 1 1.9126e-01
+2.22461e+04 -6.68351e+04 2010061 1 1.8217e-01
+2.30226e+04 -6.75853e+04 2010062 1 1.8027e-01
+2.37907e+04 -6.83210e+04 2010063 1 1.9774e-01
+2.45524e+04 -6.90356e+04 2010064 1 2.1353e-01
+2.53159e+04 -6.97319e+04 2010065 1 2.3867e-01
+2.60807e+04 -7.04058e+04 2010066 1 2.7894e-01
+2.68522e+04 -7.10554e+04 2010067 1 2.9643e-01
+2.76372e+04 -7.16819e+04 2010068 1 3.2542e-01
+2.84319e+04 -7.22797e+04 2010069 1 3.7230e-01
+2.92417e+04 -7.28492e+04 2010070 1 3.8822e-01
+3.00710e+04 -7.33905e+04 2010071 1 4.0730e-01
+4.67019e+04 -6.74985e+04 3010351 1 3.1046e-01
+4.02616e+04 -4.92721e+04 4010030 1 2.0539e-01
+4.45274e+04 -4.92974e+04 4010075 1 1.7871e-01
+4.65353e+04 -4.98858e+04 4010077 1 1.7066e-01
+4.55337e+04 -4.95987e+04 4010076 1 1.7420e-01
+3.69604e+04 -4.93741e+04 2010806 1 2.3656e-01
+3.92263e+04 -4.88907e+04 4010029 1 2.1589e-01
+4.35153e+04 -4.89819e+04 4010074 1 1.8461e-01
+2.26147e+04 -7.30260e+04 10804 1 4.5072e-01
+1.91228e+04 -7.15227e+04 10760 1 4.7861e-01
+2.18907e+04 -7.23268e+04 10803 1 4.2697e-01
+2.29463e+01 -5.45124e+04 2010082 1 2.8024e-01
+1.49052e+03 -5.45591e+04 2010083 1 2.8556e-01
+2.94987e+03 -5.46890e+04 2010084 1 2.9532e-01
+4.39353e+03 -5.49003e+04 2010085 1 3.0619e-01
+5.81435e+03 -5.51903e+04 2010086 1 3.1951e-01
+7.20534e+03 -5.55563e+04 2010087 1 3.3388e-01
+8.56080e+03 -5.59925e+04 2010088 1 3.4510e-01
+9.87602e+03 -5.64927e+04 2010089 1 3.5278e-01
+1.11479e+04 -5.70502e+04 2010090 1 3.5651e-01
+1.23736e+04 -5.76584e+04 2010091 1 3.5554e-01
+1.35524e+04 -5.83101e+04 2010092 1 3.5056e-01
+1.46837e+04 -5.89983e+04 2010093 1 3.4063e-01
+1.57689e+04 -5.97164e+04 2010094 1 3.2719e-01
+1.68090e+04 -6.04577e+04 2010095 1 3.1036e-01
+1.78071e+04 -6.12163e+04 2010096 1 2.8929e-01
+1.87657e+04 -6.19865e+04 2010097 1 2.6948e-01
+1.96882e+04 -6.27629e+04 2010098 1 2.4679e-01
+2.05790e+04 -6.35406e+04 2010099 1 2.2594e-01
+2.14411e+04 -6.43151e+04 2010100 1 2.0404e-01
+2.22797e+04 -6.50834e+04 2010101 1 1.8083e-01
+2.30993e+04 -6.58420e+04 2010102 1 1.6920e-01
+2.39022e+04 -6.65858e+04 2010103 1 1.6475e-01
+2.46964e+04 -6.73130e+04 2010104 1 1.6517e-01
+2.54803e+04 -6.80215e+04 2010105 1 1.7909e-01
+2.62655e+04 -6.87125e+04 2010106 1 2.0203e-01
+2.70464e+04 -6.93778e+04 2010107 1 2.3280e-01
+2.78343e+04 -7.00195e+04 2010108 1 2.5108e-01
+2.86313e+04 -7.06365e+04 2010109 1 2.8286e-01
+2.94357e+04 -7.12250e+04 2010110 1 3.2327e-01
+3.02528e+04 -7.17850e+04 2010111 1 3.4227e-01
+3.10864e+04 -7.23169e+04 2010112 1 3.6277e-01
+3.19380e+04 -7.28201e+04 2010113 1 3.8398e-01
+3.28086e+04 -7.32931e+04 2010114 1 4.0351e-01
+3.36995e+04 -7.37359e+04 2010115 1 4.2278e-01
+3.24905e+04 -4.88026e+04 2010761 1 3.0062e-01
+2.05200e+04 -7.29744e+04 10762 1 5.1321e-01
+1.98166e+04 -7.22533e+04 10761 1 4.9682e-01
+2.35864e+01 -5.35500e+04 2010123 1 2.9272e-01
+1.53212e+03 -5.35969e+04 2010124 1 2.9757e-01
+3.03237e+03 -5.37259e+04 2010125 1 3.0564e-01
+4.51701e+03 -5.39353e+04 2010126 1 3.1765e-01
+5.97867e+03 -5.42236e+04 2010127 1 3.3460e-01
+7.41038e+03 -5.45872e+04 2010128 1 3.4951e-01
+8.80661e+03 -5.50204e+04 2010129 1 3.6128e-01
+1.01629e+04 -5.55170e+04 2010130 1 3.7010e-01
+1.14756e+04 -5.60706e+04 2010131 1 3.7458e-01
+1.27421e+04 -5.66746e+04 2010132 1 3.7538e-01
+1.39614e+04 -5.73219e+04 2010133 1 3.7045e-01
+1.51328e+04 -5.80057e+04 2010134 1 3.6183e-01
+1.62574e+04 -5.87190e+04 2010135 1 3.4727e-01
+1.73366e+04 -5.94555e+04 2010136 1 3.3158e-01
+1.83723e+04 -6.02090e+04 2010137 1 3.1093e-01
+1.93682e+04 -6.09736e+04 2010138 1 2.8870e-01
+2.03264e+04 -6.17443e+04 2010139 1 2.6429e-01
+2.12517e+04 -6.25163e+04 2010140 1 2.3623e-01
+2.21476e+04 -6.32853e+04 2010141 1 2.1380e-01
+2.30172e+04 -6.40472e+04 2010142 1 1.9069e-01
+2.38668e+04 -6.47979e+04 2010143 1 1.7148e-01
+2.46973e+04 -6.55348e+04 2010144 1 1.5594e-01
+2.55176e+04 -6.62566e+04 2010145 1 1.4771e-01
+2.63247e+04 -6.69592e+04 2010146 1 1.5689e-01
+2.71318e+04 -6.76399e+04 2010147 1 1.6561e-01
+2.79311e+04 -6.82949e+04 2010148 1 1.8892e-01
+2.87363e+04 -6.89286e+04 2010149 1 2.1259e-01
+2.95468e+04 -6.95372e+04 2010150 1 2.4253e-01
+3.03626e+04 -7.01173e+04 2010151 1 2.7970e-01
+3.11885e+04 -7.06691e+04 2010152 1 3.0044e-01
+3.20282e+04 -7.11932e+04 2010153 1 3.2211e-01
+3.28831e+04 -7.16884e+04 2010154 1 3.4253e-01
+3.37545e+04 -7.21538e+04 2010155 1 3.6315e-01
+3.46436e+04 -7.25897e+04 2010156 1 3.8328e-01
+3.55516e+04 -7.29958e+04 2010157 1 4.0313e-01
+3.64791e+04 -7.33725e+04 2010158 1 4.2097e-01
+3.74270e+04 -7.37201e+04 2010159 1 4.3686e-01
+2.33539e+04 -7.37066e+04 10805 1 4.8289e-01
+2.12372e+04 -7.36831e+04 10763 1 5.3487e-01
+1.90463e+04 -7.35147e+04 10721 1 5.5445e-01
+3.59001e+04 -4.89408e+04 2010805 1 2.5606e-01
+1.69304e+04 -7.34123e+04 10679 0 4.5226e-01
+1.83503e+04 -7.27941e+04 10720 1 5.3714e-01
+2.41114e+01 -5.26113e+04 2010164 1 3.0584e-01
+1.56625e+03 -5.26577e+04 2010165 1 3.1061e-01
+3.10023e+03 -5.27848e+04 2010166 1 3.1863e-01
+4.61887e+03 -5.29909e+04 2010167 1 3.2974e-01
+6.11456e+03 -5.32753e+04 2010168 1 3.4597e-01
+7.58070e+03 -5.36337e+04 2010169 1 3.6036e-01
+9.01192e+03 -5.40605e+04 2010170 1 3.7243e-01
+1.04038e+04 -5.45499e+04 2010171 1 3.8201e-01
+1.17521e+04 -5.50960e+04 2010172 1 3.8752e-01
+1.30547e+04 -5.56918e+04 2010173 1 3.8873e-01
+1.43102e+04 -5.63306e+04 2010174 1 3.8483e-01
+1.55182e+04 -5.70055e+04 2010175 1 3.7725e-01
+1.66791e+04 -5.77099e+04 2010176 1 3.6422e-01
+1.77948e+04 -5.84372e+04 2010177 1 3.4747e-01
+1.88664e+04 -5.91817e+04 2010178 1 3.2749e-01
+1.98975e+04 -5.99373e+04 2010179 1 3.0294e-01
+2.08906e+04 -6.06991e+04 2010180 1 2.7977e-01
+2.18490e+04 -6.14621e+04 2010181 1 2.5285e-01
+2.27774e+04 -6.22216e+04 2010182 1 2.2769e-01
+2.36779e+04 -6.29742e+04 2010183 1 2.0169e-01
+2.45571e+04 -6.37165e+04 2010184 1 1.7426e-01
+2.54158e+04 -6.44452e+04 2010185 1 1.6024e-01
+2.62610e+04 -6.51570e+04 2010186 1 1.4316e-01
+2.70933e+04 -6.58490e+04 2010187 1 1.4217e-01
+2.79220e+04 -6.65217e+04 2010188 1 1.4939e-01
+2.87409e+04 -6.71708e+04 2010189 1 1.6649e-01
+2.95635e+04 -6.77976e+04 2010190 1 1.8348e-01
+3.03887e+04 -6.83964e+04 2010191 1 1.9923e-01
+3.12174e+04 -6.89672e+04 2010192 1 2.3504e-01
+3.20536e+04 -6.95112e+04 2010193 1 2.5905e-01
+3.29011e+04 -7.00279e+04 2010194 1 2.7991e-01
+3.37612e+04 -7.05160e+04 2010195 1 3.0192e-01
+3.46352e+04 -7.09750e+04 2010196 1 3.2387e-01
+3.55245e+04 -7.14053e+04 2010197 1 3.4531e-01
+3.64302e+04 -7.18066e+04 2010198 1 3.6514e-01
+3.73532e+04 -7.21789e+04 2010199 1 3.8304e-01
+3.82944e+04 -7.25229e+04 2010200 1 3.9998e-01
+3.92542e+04 -7.28392e+04 2010201 1 4.1547e-01
+4.02329e+04 -7.31282e+04 2010202 1 4.2912e-01
+4.12308e+04 -7.33910e+04 2010203 1 4.4004e-01
+4.22476e+04 -7.36284e+04 2010204 1 4.4800e-01
+2.45410e+01 -5.16912e+04 2010205 1 3.1900e-01
+1.59419e+03 -5.17368e+04 2010206 1 3.2345e-01
+3.15589e+03 -5.18611e+04 2010207 1 3.3115e-01
+4.70260e+03 -5.20627e+04 2010208 1 3.4315e-01
+6.22667e+03 -5.23415e+04 2010209 1 3.5896e-01
+7.72191e+03 -5.26925e+04 2010210 1 3.7323e-01
+9.18315e+03 -5.31105e+04 2010211 1 3.8568e-01
+1.06054e+04 -5.35903e+04 2010212 1 3.9609e-01
+1.19850e+04 -5.41259e+04 2010213 1 4.0246e-01
+1.33197e+04 -5.47104e+04 2010214 1 4.0408e-01
+1.46078e+04 -5.53374e+04 2010215 1 4.0117e-01
+1.58491e+04 -5.60002e+04 2010216 1 3.9348e-01
+1.70435e+04 -5.66923e+04 2010217 1 3.8176e-01
+1.81927e+04 -5.74074e+04 2010218 1 3.6477e-01
+1.92981e+04 -5.81395e+04 2010219 1 3.4625e-01
+2.03622e+04 -5.88830e+04 2010220 1 3.2224e-01
+2.13885e+04 -5.96328e+04 2010221 1 2.9776e-01
+2.23790e+04 -6.03841e+04 2010222 1 2.7077e-01
+2.33388e+04 -6.11325e+04 2010223 1 2.4168e-01
+2.42698e+04 -6.18742e+04 2010224 1 2.1678e-01
+2.51772e+04 -6.26053e+04 2010225 1 1.8787e-01
+2.60642e+04 -6.33228e+04 2010226 1 1.6925e-01
+2.69345e+04 -6.40244e+04 2010227 1 1.4641e-01
+2.77918e+04 -6.47079e+04 2010228 1 1.4074e-01
+2.86421e+04 -6.53712e+04 2010229 1 1.3731e-01
+2.94817e+04 -6.60093e+04 2010230 1 1.4138e-01
+3.03228e+04 -6.66251e+04 2010231 1 1.5748e-01
+3.11638e+04 -6.72163e+04 2010232 1 1.8107e-01
+3.20058e+04 -6.77816e+04 2010233 1 2.1297e-01
+3.28530e+04 -6.83194e+04 2010234 1 2.3061e-01
+3.37093e+04 -6.88294e+04 2010235 1 2.4911e-01
+3.45759e+04 -6.93110e+04 2010236 1 2.6923e-01
+3.54541e+04 -6.97644e+04 2010237 1 2.8847e-01
+3.63454e+04 -7.01897e+04 2010238 1 3.0601e-01
+3.72508e+04 -7.05864e+04 2010239 1 3.2628e-01
+3.81714e+04 -7.09552e+04 2010240 1 3.4567e-01
+3.91080e+04 -7.12966e+04 2010241 1 3.6378e-01
+4.00612e+04 -7.16110e+04 2010242 1 3.8059e-01
+4.10313e+04 -7.18991e+04 2010243 1 3.9486e-01
+4.20188e+04 -7.21616e+04 2010244 1 4.0626e-01
+4.30237e+04 -7.23995e+04 2010245 1 4.1505e-01
+2.48906e+01 -5.07857e+04 2010246 1 3.3227e-01
+1.61694e+03 -5.08303e+04 2010247 1 3.3673e-01
+3.20129e+03 -5.09512e+04 2010248 1 3.4405e-01
+4.77106e+03 -5.11476e+04 2010249 1 3.5614e-01
+6.31875e+03 -5.14194e+04 2010250 1 3.7123e-01
+7.83855e+03 -5.17614e+04 2010251 1 3.8506e-01
+9.32524e+03 -5.21689e+04 2010252 1 3.9816e-01
+1.07737e+04 -5.26371e+04 2010253 1 4.0860e-01
+1.21808e+04 -5.31598e+04 2010254 1 4.1533e-01
+1.35438e+04 -5.37307e+04 2010255 1 4.1722e-01
+1.48614e+04 -5.43435e+04 2010256 1 4.1561e-01
+1.61326e+04 -5.49917e+04 2010257 1 4.0816e-01
+1.73579e+04 -5.56689e+04 2010258 1 3.9783e-01
+1.85379e+04 -5.63692e+04 2010259 1 3.8204e-01
+1.96749e+04 -5.70865e+04 2010260 1 3.6402e-01
+2.07702e+04 -5.78156e+04 2010261 1 3.4203e-01
+2.18276e+04 -5.85511e+04 2010262 1 3.1750e-01
+2.28489e+04 -5.92884e+04 2010263 1 2.9274e-01
+2.38384e+04 -6.00232e+04 2010264 1 2.6178e-01
+2.47991e+04 -6.07518e+04 2010265 1 2.3714e-01
+2.57342e+04 -6.14706e+04 2010266 1 2.0681e-01
+2.66489e+04 -6.21767e+04 2010267 1 1.8589e-01
+2.75441e+04 -6.28669e+04 2010268 1 1.6056e-01
+2.84260e+04 -6.35387e+04 2010269 1 1.4807e-01
+2.92978e+04 -6.41907e+04 2010270 1 1.3332e-01
+3.01584e+04 -6.48208e+04 2010271 1 1.3620e-01
+3.10178e+04 -6.54286e+04 2010272 1 1.4601e-01
+3.18751e+04 -6.60109e+04 2010273 1 1.5280e-01
+3.27318e+04 -6.65661e+04 2010274 1 1.7446e-01
+3.35917e+04 -6.70955e+04 2010275 1 1.9553e-01
+3.44581e+04 -6.75991e+04 2010276 1 2.1771e-01
+3.53323e+04 -6.80759e+04 2010277 1 2.4015e-01
+3.62159e+04 -6.85247e+04 2010278 1 2.5983e-01
+3.71105e+04 -6.89459e+04 2010279 1 2.7970e-01
+3.80170e+04 -6.93394e+04 2010280 1 2.9949e-01
+3.89367e+04 -6.97057e+04 2010281 1 3.1834e-01
+3.98704e+04 -7.00453e+04 2010282 1 3.3512e-01
+4.08189e+04 -7.03585e+04 2010283 1 3.5054e-01
+4.17826e+04 -7.06460e+04 2010284 1 3.6458e-01
+4.27618e+04 -7.09087e+04 2010285 1 3.7646e-01
+4.37568e+04 -7.11476e+04 2010286 1 3.8584e-01
+2.51725e+01 -4.98918e+04 2010287 1 3.4344e-01
+1.63530e+03 -4.99352e+04 2010288 1 3.4764e-01
+3.23800e+03 -5.00523e+04 2010289 1 3.5461e-01
+4.82661e+03 -5.02428e+04 2010290 1 3.6686e-01
+6.39386e+03 -5.05066e+04 2010291 1 3.8134e-01
+7.93423e+03 -5.08386e+04 2010292 1 3.9473e-01
+9.44238e+03 -5.12344e+04 2010293 1 4.0819e-01
+1.09135e+04 -5.16894e+04 2010294 1 4.1912e-01
+1.23445e+04 -5.21977e+04 2010295 1 4.2600e-01
+1.37326e+04 -5.27531e+04 2010296 1 4.2894e-01
+1.50764e+04 -5.33497e+04 2010297 1 4.2790e-01
+1.63747e+04 -5.39814e+04 2010298 1 4.2200e-01
+1.76279e+04 -5.46418e+04 2010299 1 4.1223e-01
+1.88366e+04 -5.53252e+04 2010300 1 3.9815e-01
+2.00026e+04 -5.60258e+04 2010301 1 3.8018e-01
+2.11274e+04 -5.67384e+04 2010302 1 3.5993e-01
+2.22140e+04 -5.74578e+04 2010303 1 3.3474e-01
+2.32647e+04 -5.81796e+04 2010304 1 3.1116e-01
+2.42827e+04 -5.88994e+04 2010305 1 2.8211e-01
+2.52719e+04 -5.96135e+04 2010306 1 2.5750e-01
+2.62339e+04 -6.03182e+04 2010307 1 2.2791e-01
+2.71751e+04 -6.10108e+04 2010308 1 2.0380e-01
+2.80949e+04 -6.16884e+04 2010309 1 1.7539e-01
+2.90009e+04 -6.23491e+04 2010310 1 1.5969e-01
+2.98942e+04 -6.29903e+04 2010311 1 1.3901e-01
+3.07757e+04 -6.36095e+04 2010312 1 1.3366e-01
+3.16539e+04 -6.42066e+04 2010313 1 1.3583e-01
+3.25280e+04 -6.47802e+04 2010314 1 1.4363e-01
+3.33993e+04 -6.53291e+04 2010315 1 1.5666e-01
+3.42718e+04 -6.58526e+04 2010316 1 1.7302e-01
+3.51493e+04 -6.63487e+04 2010317 1 1.8224e-01
+3.60327e+04 -6.68180e+04 2010318 1 2.0382e-01
+3.69233e+04 -6.72613e+04 2010319 1 2.2564e-01
+3.78227e+04 -6.76783e+04 2010320 1 2.4764e-01
+3.87319e+04 -6.80689e+04 2010321 1 2.6807e-01
+3.96522e+04 -6.84329e+04 2010322 1 2.8644e-01
+4.05848e+04 -6.87709e+04 2010323 1 3.0398e-01
+4.15302e+04 -6.90835e+04 2010324 1 3.2072e-01
+4.24890e+04 -6.93711e+04 2010325 1 3.3585e-01
+4.34618e+04 -6.96346e+04 2010326 1 3.4875e-01
+4.44487e+04 -6.98749e+04 2010327 1 3.5846e-01
+2.53971e+01 -4.90069e+04 2010328 1 3.5221e-01
+1.50465e+04 -7.36332e+04 10637 0 3.8842e-01
+1.64993e+03 -4.90489e+04 2010329 1 3.5616e-01
+3.26736e+03 -4.91620e+04 2010330 1 3.6278e-01
+1.27737e+04 -7.36417e+04 10594 0 4.1133e-01
+4.87120e+03 -4.93463e+04 2010331 1 3.7491e-01
+1.01710e+04 -7.36638e+04 10550 0 5.0546e-01
+6.45448e+03 -4.96015e+04 2010332 1 3.8885e-01
+8.01193e+03 -4.99225e+04 2010333 1 4.0194e-01
+9.53817e+03 -5.03058e+04 2010334 1 4.1595e-01
+1.10288e+04 -5.07466e+04 2010335 1 4.2680e-01
+1.24805e+04 -5.12391e+04 2010336 1 4.3377e-01
+1.38907e+04 -5.17779e+04 2010337 1 4.3806e-01
+1.52577e+04 -5.23570e+04 2010338 1 4.3736e-01
+1.65804e+04 -5.29706e+04 2010339 1 4.3329e-01
+1.78590e+04 -5.36127e+04 2010340 1 4.2413e-01
+1.90940e+04 -5.42777e+04 2010341 1 4.1200e-01
+2.02869e+04 -5.49600e+04 2010342 1 3.9472e-01
+2.14391e+04 -5.56546e+04 2010343 1 3.7657e-01
+2.25530e+04 -5.63564e+04 2010344 1 3.5286e-01
+2.36316e+04 -5.70610e+04 2010345 1 3.2975e-01
+2.46767e+04 -5.77644e+04 2010346 1 3.0251e-01
+2.56930e+04 -5.84627e+04 2010347 1 2.7652e-01
+2.66811e+04 -5.91527e+04 2010348 1 2.4826e-01
+2.76479e+04 -5.98310e+04 2010349 1 2.2387e-01
+2.85918e+04 -6.04951e+04 2010350 1 1.9582e-01
+2.95211e+04 -6.11426e+04 2010351 1 1.7677e-01
+3.04359e+04 -6.17717e+04 2010352 1 1.5068e-01
+3.13380e+04 -6.23807e+04 2010353 1 1.4199e-01
+3.22347e+04 -6.29683e+04 2010354 1 1.3829e-01
+3.31258e+04 -6.35324e+04 2010355 1 1.3356e-01
+3.40126e+04 -6.40718e+04 2010356 1 1.3785e-01
+3.48988e+04 -6.45869e+04 2010357 1 1.5129e-01
+3.57876e+04 -6.50775e+04 2010358 1 1.6723e-01
+3.66802e+04 -6.55427e+04 2010359 1 1.8592e-01
+3.75781e+04 -6.59821e+04 2010360 1 2.0084e-01
+3.84835e+04 -6.63942e+04 2010361 1 2.1252e-01
+3.93970e+04 -6.67805e+04 2010362 1 2.3319e-01
+4.03197e+04 -6.71416e+04 2010363 1 2.5324e-01
+4.12526e+04 -6.74779e+04 2010364 1 2.7234e-01
+4.21966e+04 -6.77898e+04 2010365 1 2.8998e-01
+4.31522e+04 -6.80776e+04 2010366 1 3.0516e-01
+4.41203e+04 -6.83419e+04 2010367 1 3.1842e-01
+4.51009e+04 -6.85836e+04 2010368 1 3.2921e-01
+1.69905e+04 -7.13443e+04 10718 0 5.0484e-01
+1.49431e+04 -7.13299e+04 10676 0 4.2278e-01
+1.43968e+04 -7.29783e+04 10636 0 3.8964e-01
+1.15348e+04 -7.24875e+04 10592 0 4.3594e-01
+1.21510e+04 -7.30565e+04 10593 0 4.2326e-01
+8.98723e+03 -7.27159e+04 10548 0 5.3418e-01
+9.57740e+03 -7.31798e+04 10549 0 5.2015e-01
+8.07416e+03 -4.90121e+04 2010374 1 4.0735e-01
+9.61558e+03 -4.93822e+04 2010375 1 4.2104e-01
+6.74149e+03 -7.36552e+04 10504 0 6.4196e-01
+1.11227e+04 -4.98079e+04 2010376 1 4.3184e-01
+1.25924e+04 -5.02839e+04 2010377 1 4.3959e-01
+1.40220e+04 -5.08051e+04 2010378 1 4.4432e-01
+1.54094e+04 -5.13658e+04 2010379 1 4.4466e-01
+1.67541e+04 -5.19603e+04 2010380 1 4.4152e-01
+1.80557e+04 -5.25830e+04 2010381 1 4.3364e-01
+1.93149e+04 -5.32284e+04 2010382 1 4.2309e-01
+2.05324e+04 -5.38914e+04 2010383 1 4.0776e-01
+2.17102e+04 -5.45667e+04 2010384 1 3.9062e-01
+2.28498e+04 -5.52498e+04 2010385 1 3.6940e-01
+2.39543e+04 -5.59361e+04 2010386 1 3.4685e-01
+2.50252e+04 -5.66220e+04 2010387 1 3.2172e-01
+2.60671e+04 -5.73032e+04 2010388 1 2.9558e-01
+2.70803e+04 -5.79771e+04 2010389 1 2.6884e-01
+2.80716e+04 -5.86402e+04 2010390 1 2.4347e-01
+2.90389e+04 -5.92902e+04 2010391 1 2.1578e-01
+2.99909e+04 -5.99246e+04 2010392 1 1.9650e-01
+3.09266e+04 -6.05411e+04 2010393 1 1.6850e-01
+3.18491e+04 -6.11381e+04 2010394 1 1.5625e-01
+3.27645e+04 -6.17146e+04 2010395 1 1.4766e-01
+3.36725e+04 -6.22693e+04 2010396 1 1.4100e-01
+3.45747e+04 -6.28010e+04 2010397 1 1.3629e-01
+3.54746e+04 -6.33087e+04 2010398 1 1.4069e-01
+3.63756e+04 -6.37914e+04 2010399 1 1.4816e-01
+3.72788e+04 -6.42497e+04 2010400 1 1.6303e-01
+3.81854e+04 -6.46834e+04 2010401 1 1.7954e-01
+3.90972e+04 -6.50926e+04 2010402 1 1.9711e-01
+4.00152e+04 -6.54771e+04 2010403 1 2.1526e-01
+4.09407e+04 -6.58366e+04 2010404 1 2.2923e-01
+4.18752e+04 -6.61710e+04 2010405 1 2.3909e-01
+4.28194e+04 -6.64813e+04 2010406 1 2.5695e-01
+4.37736e+04 -6.67685e+04 2010407 1 2.7370e-01
+4.47385e+04 -6.70334e+04 2010408 1 2.8844e-01
+4.57145e+04 -6.72765e+04 2010409 1 3.0082e-01
+1.62592e+04 -7.27130e+04 10678 0 4.4030e-01
+1.37563e+04 -7.23336e+04 10635 0 3.9412e-01
+1.31218e+04 -7.17016e+04 10634 0 3.9572e-01
+1.09224e+04 -7.19357e+04 10591 0 4.4609e-01
+8.39939e+03 -7.22748e+04 10547 0 5.4700e-01
+6.17989e+03 -7.33274e+04 10503 0 6.5310e-01
+1.11981e+04 -4.88729e+04 2010417 1 4.3468e-01
+1.26833e+04 -4.93319e+04 2010418 1 4.4295e-01
+1.41297e+04 -4.98349e+04 2010419 1 4.4797e-01
+1.55354e+04 -5.03764e+04 2010420 1 4.4940e-01
+1.68997e+04 -5.09511e+04 2010421 1 4.4695e-01
+1.82221e+04 -5.15536e+04 2010422 1 4.4089e-01
+1.95032e+04 -5.21787e+04 2010423 1 4.3100e-01
+2.07435e+04 -5.28214e+04 2010424 1 4.1756e-01
+2.19448e+04 -5.34766e+04 2010425 1 4.0096e-01
+2.31083e+04 -5.41401e+04 2010426 1 3.8202e-01
+2.42371e+04 -5.48073e+04 2010427 1 3.6001e-01
+2.53323e+04 -5.54747e+04 2010428 1 3.3737e-01
+2.63984e+04 -5.61382e+04 2010429 1 3.1184e-01
+2.74355e+04 -5.67952e+04 2010430 1 2.8803e-01
+2.84502e+04 -5.74420e+04 2010431 1 2.6227e-01
+2.94401e+04 -5.80770e+04 2010432 1 2.3559e-01
+3.04141e+04 -5.86970e+04 2010433 1 2.1545e-01
+3.13704e+04 -5.93006e+04 2010434 1 1.8679e-01
+3.23127e+04 -5.98859e+04 2010435 1 1.7356e-01
+3.32464e+04 -6.04513e+04 2010436 1 1.6212e-01
+3.41714e+04 -6.09953e+04 2010437 1 1.5066e-01
+3.50891e+04 -6.15174e+04 2010438 1 1.4154e-01
+3.60032e+04 -6.20170e+04 2010439 1 1.4410e-01
+3.69164e+04 -6.24934e+04 2010440 1 1.4881e-01
+3.78302e+04 -6.29462e+04 2010441 1 1.5602e-01
+3.87460e+04 -6.33743e+04 2010442 1 1.6191e-01
+3.96655e+04 -6.37782e+04 2010443 1 1.7522e-01
+4.05896e+04 -6.41584e+04 2010444 1 1.9114e-01
+4.15195e+04 -6.45151e+04 2010445 1 2.0726e-01
+4.24564e+04 -6.48486e+04 2010446 1 2.2351e-01
+4.34011e+04 -6.51592e+04 2010447 1 2.3927e-01
+4.43545e+04 -6.54470e+04 2010448 1 2.5197e-01
+4.53173e+04 -6.57125e+04 2010449 1 2.6198e-01
+4.62902e+04 -6.59563e+04 2010450 1 2.7084e-01
+2.53845e+04 -7.35621e+04 10847 1 4.2940e-01
+1.76664e+04 -7.20697e+04 10719 0 5.2127e-01
+1.55974e+04 -7.20174e+04 10677 0 4.2913e-01
+1.24902e+04 -7.10841e+04 10633 0 4.0043e-01
+1.03120e+04 -7.14041e+04 10590 0 4.5716e-01
+9.70152e+03 -7.08937e+04 10589 0 4.6593e-01
+7.81219e+03 -7.18567e+04 10546 0 5.5868e-01
+7.22511e+03 -7.14646e+04 10545 0 5.6960e-01
+6.63648e+03 -7.10977e+04 10544 0 5.7917e-01
+5.05989e+03 -7.27479e+04 10501 0 6.7249e-01
+5.61945e+03 -7.30243e+04 10502 0 6.6327e-01
+1.42167e+04 -4.88671e+04 2010460 1 4.4969e-01
+4.50032e+03 -7.24976e+04 10500 0 6.8068e-01
+1.56385e+04 -4.93891e+04 2010461 1 4.5196e-01
+1.70203e+04 -4.99435e+04 2010462 1 4.5011e-01
+1.83615e+04 -5.05253e+04 2010463 1 4.4530e-01
+1.96624e+04 -5.11294e+04 2010464 1 4.3618e-01
+2.09235e+04 -5.17511e+04 2010465 1 4.2465e-01
+2.21464e+04 -5.23856e+04 2010466 1 4.0884e-01
+2.33322e+04 -5.30287e+04 2010467 1 3.9198e-01
+2.44835e+04 -5.36761e+04 2010468 1 3.7061e-01
+2.56018e+04 -5.43244e+04 2010469 1 3.5034e-01
+2.66905e+04 -5.49695e+04 2010470 1 3.2429e-01
+2.77506e+04 -5.56090e+04 2010471 1 3.0308e-01
+2.87874e+04 -5.62392e+04 2010472 1 2.7745e-01
+2.97992e+04 -5.68585e+04 2010473 1 2.5359e-01
+3.07942e+04 -5.74636e+04 2010474 1 2.3344e-01
+3.17704e+04 -5.80533e+04 2010475 1 2.0415e-01
+3.27321e+04 -5.86258e+04 2010476 1 1.8967e-01
+3.36838e+04 -5.91796e+04 2010477 1 1.7698e-01
+3.46254e+04 -5.97134e+04 2010478 1 1.6384e-01
+3.55587e+04 -6.02261e+04 2010479 1 1.5112e-01
+3.64869e+04 -6.07167e+04 2010480 1 1.4895e-01
+3.74129e+04 -6.11851e+04 2010481 1 1.5077e-01
+3.83379e+04 -6.16311e+04 2010482 1 1.5632e-01
+3.92632e+04 -6.20542e+04 2010483 1 1.6325e-01
+4.01905e+04 -6.24543e+04 2010484 1 1.7141e-01
+4.11211e+04 -6.28311e+04 2010485 1 1.7669e-01
+4.20563e+04 -6.31842e+04 2010486 1 1.8956e-01
+4.29969e+04 -6.35150e+04 2010487 1 2.0283e-01
+4.39439e+04 -6.38239e+04 2010488 1 2.1652e-01
+4.48980e+04 -6.41112e+04 2010489 1 2.3055e-01
+4.58599e+04 -6.43773e+04 2010490 1 2.4367e-01
+4.40458e+04 -7.26137e+04 3010195 1 4.2180e-01
+2.46203e+04 -7.29149e+04 10846 1 4.1224e-01
+1.42915e+04 -7.06520e+04 10675 0 4.0929e-01
+1.36397e+04 -6.99866e+04 10674 0 4.0721e-01
+1.12263e+04 -6.99034e+04 10631 0 4.0531e-01
+1.18595e+04 -7.04846e+04 10632 0 4.0220e-01
+1.05897e+04 -6.93451e+04 10630 0 4.0850e-01
+9.08943e+03 -7.04066e+04 10588 0 4.7532e-01
+7.85516e+03 -6.95093e+04 10586 0 4.9040e-01
+8.47453e+03 -6.99450e+04 10587 0 4.8357e-01
+6.04648e+03 -7.07598e+04 10543 0 5.8788e-01
+5.45377e+03 -7.04493e+04 10542 0 5.9558e-01
+3.38063e+03 -7.20817e+04 10498 0 6.9340e-01
+1.71187e+04 -4.89378e+04 2010503 1 4.5154e-01
+1.84767e+04 -4.94985e+04 2010504 1 4.4760e-01
+1.97955e+04 -5.00814e+04 2010505 1 4.3946e-01
+2.10757e+04 -5.06817e+04 2010506 1 4.2936e-01
+2.23183e+04 -5.12951e+04 2010507 1 4.1472e-01
+2.35248e+04 -5.19173e+04 2010508 1 3.9957e-01
+2.46970e+04 -5.25445e+04 2010509 1 3.7939e-01
+2.58369e+04 -5.31729e+04 2010510 1 3.6085e-01
+2.69468e+04 -5.37992e+04 2010511 1 3.3586e-01
+2.80287e+04 -5.44204e+04 2010512 1 3.1615e-01
+2.90864e+04 -5.50334e+04 2010513 1 2.8690e-01
+3.01192e+04 -5.56365e+04 2010514 1 2.6838e-01
+3.11344e+04 -5.62263e+04 2010515 1 2.4854e-01
+3.21299e+04 -5.68019e+04 2010516 1 2.2017e-01
+3.31103e+04 -5.73611e+04 2010517 1 2.0510e-01
+3.40796e+04 -5.79024e+04 2010518 1 1.9033e-01
+3.50378e+04 -5.84249e+04 2010519 1 1.7552e-01
+3.59864e+04 -5.89277e+04 2010520 1 1.6136e-01
+3.69288e+04 -5.94098e+04 2010521 1 1.5839e-01
+3.78674e+04 -5.98705e+04 2010522 1 1.5633e-01
+3.88039e+04 -6.03092e+04 2010523 1 1.5685e-01
+3.97393e+04 -6.07258e+04 2010524 1 1.6169e-01
+4.06752e+04 -6.11206e+04 2010525 1 1.6775e-01
+4.16130e+04 -6.14934e+04 2010526 1 1.7585e-01
+4.25536e+04 -6.18442e+04 2010527 1 1.8517e-01
+4.34982e+04 -6.21733e+04 2010528 1 1.9394e-01
+4.44482e+04 -6.24804e+04 2010529 1 1.9962e-01
+4.54041e+04 -6.27664e+04 2010530 1 2.1114e-01
+4.63665e+04 -6.30321e+04 2010531 1 2.2244e-01
+3.94076e+03 -7.22759e+04 10499 0 6.8766e-01
+1.63189e+04 -7.06214e+04 10717 0 4.8958e-01
+1.56474e+04 -6.99033e+04 10716 0 4.7275e-01
+1.23240e+04 -6.87045e+04 10672 0 3.8702e-01
+1.29852e+04 -6.93374e+04 10673 0 3.9458e-01
+9.94650e+03 -6.88091e+04 10629 0 4.0941e-01
+9.29644e+03 -6.83002e+04 10628 0 4.1470e-01
+7.23133e+03 -6.91034e+04 10585 0 4.9753e-01
+5.32368e+03 -6.80671e+04 10582 0 5.1288e-01
+6.60127e+03 -6.87254e+04 10584 0 5.0320e-01
+4.85881e+03 -7.01702e+04 10541 0 6.0259e-01
+3.65994e+03 -6.97035e+04 10539 0 6.1358e-01
+2.82008e+03 -7.19174e+04 10497 0 6.9857e-01
+2.25876e+03 -7.17815e+04 10496 0 7.0249e-01
+1.99053e+04 -4.90351e+04 2010546 1 4.4133e-01
+2.12028e+04 -4.96138e+04 2010547 1 4.3195e-01
+2.24635e+04 -5.02058e+04 2010548 1 4.1928e-01
+2.36892e+04 -5.08068e+04 2010549 1 4.0496e-01
+2.48808e+04 -5.14134e+04 2010550 1 3.8695e-01
+2.60408e+04 -5.20216e+04 2010551 1 3.6919e-01
+2.71706e+04 -5.26286e+04 2010552 1 3.4628e-01
+2.82730e+04 -5.32312e+04 2010553 1 3.2722e-01
+2.93503e+04 -5.38265e+04 2010554 1 2.9973e-01
+3.04033e+04 -5.44128e+04 2010555 1 2.8144e-01
+3.14378e+04 -5.49868e+04 2010556 1 2.6173e-01
+3.24519e+04 -5.55477e+04 2010557 1 2.3401e-01
+3.34504e+04 -5.60934e+04 2010558 1 2.1874e-01
+3.44368e+04 -5.66221e+04 2010559 1 2.0336e-01
+3.54110e+04 -5.71330e+04 2010560 1 1.8672e-01
+3.63747e+04 -5.76251e+04 2010561 1 1.7087e-01
+3.73312e+04 -5.80975e+04 2010562 1 1.6595e-01
+3.82826e+04 -5.85498e+04 2010563 1 1.6300e-01
+3.92305e+04 -5.89815e+04 2010564 1 1.6226e-01
+4.01761e+04 -5.93921e+04 2010565 1 1.6365e-01
+4.11210e+04 -5.97812e+04 2010566 1 1.6516e-01
+4.20665e+04 -6.01491e+04 2010567 1 1.7075e-01
+4.30135e+04 -6.04961e+04 2010568 1 1.7812e-01
+4.39632e+04 -6.08222e+04 2010569 1 1.8608e-01
+4.49166e+04 -6.11279e+04 2010570 1 1.9392e-01
+4.58746e+04 -6.14135e+04 2010571 1 2.0176e-01
+1.77479e+04 -7.00438e+04 10758 1 4.4987e-01
+2.11775e+04 -7.16114e+04 10802 1 3.9992e-01
+2.38749e+04 -7.22478e+04 10845 1 3.8187e-01
+1.84347e+04 -7.07850e+04 10759 1 4.6106e-01
+1.49724e+04 -6.91937e+04 10715 0 4.6067e-01
+1.42905e+04 -6.84953e+04 10714 0 4.4191e-01
+1.16552e+04 -6.80941e+04 10671 0 3.8571e-01
+1.09750e+04 -6.75050e+04 10670 0 3.7180e-01
+9.57638e+03 -6.64088e+04 10668 0 3.6634e-01
+1.02823e+04 -6.69417e+04 10669 0 3.7681e-01
+8.63731e+03 -6.78183e+04 10627 0 4.1371e-01
+7.96846e+03 -6.73658e+04 10626 0 4.1802e-01
+7.29003e+03 -6.69471e+04 10625 0 4.1852e-01
+6.60031e+03 -6.65594e+04 10624 0 4.1674e-01
+5.96580e+03 -6.83809e+04 10583 0 5.0896e-01
+4.02188e+03 -6.75449e+04 10580 0 5.2086e-01
+4.67576e+03 -6.77888e+04 10581 0 5.1794e-01
+4.26060e+03 -6.99200e+04 10540 0 6.0860e-01
+3.05624e+03 -6.95175e+04 10538 0 6.1771e-01
+2.25848e+04 -4.91185e+04 2010589 1 4.2182e-01
+2.38279e+04 -4.96981e+04 2010590 1 4.0830e-01
+2.50375e+04 -5.02838e+04 2010591 1 3.9231e-01
+2.62162e+04 -5.08717e+04 2010592 1 3.7533e-01
+2.73647e+04 -5.14591e+04 2010593 1 3.5468e-01
+2.84862e+04 -5.20426e+04 2010594 1 3.3630e-01
+2.95822e+04 -5.26200e+04 2010595 1 3.1066e-01
+3.06542e+04 -5.31890e+04 2010596 1 2.9280e-01
+3.17071e+04 -5.37468e+04 2010597 1 2.7321e-01
+3.27389e+04 -5.42926e+04 2010598 1 2.4645e-01
+3.37549e+04 -5.48241e+04 2010599 1 2.3086e-01
+3.47578e+04 -5.53397e+04 2010600 1 2.1503e-01
+3.57477e+04 -5.58387e+04 2010601 1 1.9761e-01
+3.67262e+04 -5.63200e+04 2010602 1 1.8087e-01
+3.76965e+04 -5.67825e+04 2010603 1 1.7354e-01
+3.86606e+04 -5.72257e+04 2010604 1 1.6878e-01
+3.96202e+04 -5.76494e+04 2010605 1 1.6625e-01
+4.05762e+04 -5.80531e+04 2010606 1 1.6625e-01
+4.15302e+04 -5.84366e+04 2010607 1 1.6771e-01
+4.24835e+04 -5.87999e+04 2010608 1 1.6974e-01
+4.34373e+04 -5.91428e+04 2010609 1 1.7279e-01
+4.43926e+04 -5.94655e+04 2010610 1 1.7869e-01
+4.53504e+04 -5.97685e+04 2010611 1 1.8513e-01
+4.63116e+04 -6.00523e+04 2010612 1 1.9177e-01
+2.45032e+03 -6.93664e+04 10537 0 6.2102e-01
+1.69695e+03 -7.16766e+04 10495 0 7.0578e-01
+1.63616e+04 -6.85611e+04 10756 1 4.1969e-01
+1.70585e+04 -6.93016e+04 10757 1 4.3144e-01
+1.35978e+04 -6.78104e+04 10713 0 4.2747e-01
+1.28926e+04 -6.71449e+04 10712 0 4.1704e-01
+1.21709e+04 -6.64985e+04 10711 0 3.9690e-01
+8.85427e+03 -6.59034e+04 10667 0 3.5357e-01
+8.11728e+03 -6.54338e+04 10666 0 3.5992e-01
+7.36459e+03 -6.50008e+04 10665 0 3.5110e-01
+6.59526e+03 -6.46028e+04 10664 0 3.4189e-01
+5.90083e+03 -6.62099e+04 10623 0 4.2284e-01
+5.19083e+03 -6.58963e+04 10622 0 4.2074e-01
+4.47088e+03 -6.56195e+04 10621 0 4.1813e-01
+3.36236e+03 -6.73357e+04 10579 0 5.2303e-01
+1.84208e+03 -6.92470e+04 10536 0 6.2355e-01
+2.69851e+03 -6.71671e+04 10578 0 5.2561e-01
+1.23225e+03 -6.91623e+04 10535 0 6.2515e-01
+2.51697e+04 -4.91565e+04 2010632 1 3.9575e-01
+8.80024e+00 -7.15341e+04 10492 0 7.0984e-01
+2.63655e+04 -4.97238e+04 2010633 1 3.7931e-01
+2.75315e+04 -5.02913e+04 2010634 1 3.6066e-01
+2.86709e+04 -5.08557e+04 2010635 1 3.4300e-01
+2.97845e+04 -5.14148e+04 2010636 1 3.1946e-01
+3.08744e+04 -5.19663e+04 2010637 1 3.0235e-01
+3.19447e+04 -5.25075e+04 2010638 1 2.8317e-01
+3.29936e+04 -5.30378e+04 2010639 1 2.5759e-01
+3.40262e+04 -5.35548e+04 2010640 1 2.4177e-01
+3.50451e+04 -5.40569e+04 2010641 1 2.2535e-01
+3.60502e+04 -5.45434e+04 2010642 1 2.0724e-01
+3.70431e+04 -5.50134e+04 2010643 1 1.9018e-01
+3.80271e+04 -5.54657e+04 2010644 1 1.8222e-01
+3.90037e+04 -5.58997e+04 2010645 1 1.7539e-01
+3.99748e+04 -5.63150e+04 2010646 1 1.7042e-01
+4.09413e+04 -5.67112e+04 2010647 1 1.6860e-01
+4.19047e+04 -5.70882e+04 2010648 1 1.6846e-01
+4.28662e+04 -5.74461e+04 2010649 1 1.6955e-01
+4.38271e+04 -5.77847e+04 2010650 1 1.7220e-01
+4.47882e+04 -5.81040e+04 2010651 1 1.7558e-01
+4.57508e+04 -5.84043e+04 2010652 1 1.7866e-01
+4.67157e+04 -5.86857e+04 2010653 1 1.8325e-01
+2.04722e+04 -7.08826e+04 10801 1 3.7864e-01
+1.97690e+04 -7.01416e+04 10800 1 3.5428e-01
+2.31382e+04 -7.15559e+04 10844 1 3.5205e-01
+1.56544e+04 -6.78270e+04 10755 1 4.0997e-01
+1.49324e+04 -6.71014e+04 10754 1 3.9458e-01
+1.41912e+04 -6.63884e+04 10753 1 3.8558e-01
+1.34298e+04 -6.56919e+04 10752 1 3.7592e-01
+1.26443e+04 -6.50146e+04 10751 1 3.5946e-01
+1.06710e+04 -6.52834e+04 10709 0 3.7465e-01
+1.14303e+04 -6.58748e+04 10710 0 3.8738e-01
+9.88963e+03 -6.47195e+04 10708 0 3.5865e-01
+9.08528e+03 -6.41874e+04 10707 0 3.3973e-01
+8.25940e+03 -6.36973e+04 10706 0 3.3296e-01
+6.54128e+03 -6.28429e+04 10704 0 3.0993e-01
+5.81108e+03 -6.42472e+04 10663 0 3.4658e-01
+7.41139e+03 -6.32493e+04 10705 0 3.2102e-01
+4.20170e+03 -6.36693e+04 10661 0 3.3353e-01
+5.01324e+03 -6.39379e+04 10662 0 3.3938e-01
+3.00673e+03 -6.51940e+04 10619 0 4.2073e-01
+1.35890e+03 -6.69384e+04 10576 0 5.2778e-01
+2.26387e+03 -6.50409e+04 10618 0 4.1945e-01
+3.74296e+03 -6.53880e+04 10620 0 4.2293e-01
+2.03012e+03 -6.70315e+04 10577 0 5.2675e-01
+2.76734e+04 -4.91261e+04 2010675 1 3.6477e-01
+1.13452e+03 -7.15999e+04 10494 0 7.0787e-01
+2.88294e+04 -4.96711e+04 2010676 1 3.4772e-01
+2.99595e+04 -5.02118e+04 2010677 1 3.2604e-01
+3.10664e+04 -5.07455e+04 2010678 1 3.0942e-01
+3.21532e+04 -5.12700e+04 2010679 1 2.9065e-01
+3.32183e+04 -5.17845e+04 2010680 1 2.6697e-01
+3.42668e+04 -5.22866e+04 2010681 1 2.5160e-01
+3.53010e+04 -5.27747e+04 2010682 1 2.3480e-01
+3.63208e+04 -5.32484e+04 2010683 1 2.1601e-01
+3.73276e+04 -5.37066e+04 2010684 1 1.9891e-01
+3.83249e+04 -5.41481e+04 2010685 1 1.8983e-01
+3.93139e+04 -5.45725e+04 2010686 1 1.8216e-01
+4.02963e+04 -5.49791e+04 2010687 1 1.7593e-01
+4.12733e+04 -5.53676e+04 2010688 1 1.7221e-01
+4.22461e+04 -5.57378e+04 2010689 1 1.6966e-01
+4.32160e+04 -5.60896e+04 2010690 1 1.6934e-01
+4.41843e+04 -5.64231e+04 2010691 1 1.7057e-01
+4.51518e+04 -5.67383e+04 2010692 1 1.7292e-01
+4.61195e+04 -5.70354e+04 2010693 1 1.7583e-01
+2.24125e+04 -7.08477e+04 10843 1 3.2267e-01
+1.90655e+04 -6.93935e+04 10799 1 3.4539e-01
+1.83560e+04 -6.86387e+04 10798 1 3.2508e-01
+1.76359e+04 -6.78812e+04 10797 1 3.2093e-01
+1.69031e+04 -6.71261e+04 10796 1 3.1692e-01
+1.61509e+04 -6.63744e+04 10795 1 3.0380e-01
+1.18304e+04 -6.43645e+04 10750 1 3.5334e-01
+1.53756e+04 -6.56305e+04 10794 1 3.0630e-01
+1.09888e+04 -6.37436e+04 10749 1 3.4137e-01
+1.01182e+04 -6.31549e+04 10748 1 3.2975e-01
+9.21747e+03 -6.26027e+04 10747 1 3.1787e-01
+8.28661e+03 -6.20934e+04 10746 1 3.1172e-01
+7.32623e+03 -6.16341e+04 10745 1 2.9273e-01
+6.33880e+03 -6.12282e+04 10744 1 2.8031e-01
+5.65067e+03 -6.24813e+04 10703 0 2.9995e-01
+3.37863e+03 -6.34454e+04 10660 0 3.2996e-01
+4.74181e+03 -6.21716e+04 10702 0 2.8818e-01
+2.87948e+03 -6.17237e+04 10700 0 2.7538e-01
+3.81767e+03 -6.19208e+04 10701 0 2.8106e-01
+1.51636e+03 -6.49376e+04 10617 0 4.2070e-01
+3.01093e+04 -4.90115e+04 2010718 1 3.3120e-01
+3.12321e+04 -4.95273e+04 2010719 1 3.1514e-01
+3.23344e+04 -5.00348e+04 2010720 1 2.9642e-01
+3.34149e+04 -5.05333e+04 2010721 1 2.7461e-01
+3.44787e+04 -5.10203e+04 2010722 1 2.5952e-01
+3.55275e+04 -5.14943e+04 2010723 1 2.4313e-01
+3.65614e+04 -5.19548e+04 2010724 1 2.2408e-01
+3.75817e+04 -5.24007e+04 2010725 1 2.0709e-01
+3.85919e+04 -5.28311e+04 2010726 1 1.9691e-01
+3.95930e+04 -5.32452e+04 2010727 1 1.8840e-01
+4.05866e+04 -5.36427e+04 2010728 1 1.8113e-01
+4.15740e+04 -5.40230e+04 2010729 1 1.7628e-01
+4.25563e+04 -5.43861e+04 2010730 1 1.7276e-01
+4.35346e+04 -5.47315e+04 2010731 1 1.7035e-01
+4.45105e+04 -5.50594e+04 2010732 1 1.6934e-01
+4.54846e+04 -5.53699e+04 2010733 1 1.7068e-01
+4.64579e+04 -5.56631e+04 2010734 1 1.7258e-01
+2.54664e+03 -6.32774e+04 10659 0 3.3175e-01
+8.61241e+02 -6.30801e+04 10657 0 3.2647e-01
+1.45752e+04 -6.48999e+04 10793 1 3.0609e-01
+2.16900e+04 -7.01213e+04 10842 1 2.9504e-01
+1.87628e+04 -6.71008e+04 10838 1 2.4862e-01
+2.09685e+04 -6.93808e+04 10841 1 2.7530e-01
+1.79991e+04 -6.63322e+04 10837 1 2.5274e-01
+1.95095e+04 -6.78683e+04 10839 1 2.4813e-01
+2.02435e+04 -6.86298e+04 10840 1 2.6407e-01
+1.72151e+04 -6.55654e+04 10836 1 2.5847e-01
+1.64046e+04 -6.48023e+04 10835 1 2.6080e-01
+1.28849e+04 -6.34930e+04 10791 1 3.0462e-01
+1.37461e+04 -6.41859e+04 10792 1 3.0662e-01
+1.19884e+04 -6.28269e+04 10790 1 3.0452e-01
+1.10563e+04 -6.21942e+04 10789 1 2.9942e-01
+1.00871e+04 -6.15996e+04 10788 1 2.9483e-01
+8.04084e+03 -6.05445e+04 10786 1 2.8099e-01
+9.08198e+03 -6.10479e+04 10787 1 2.8783e-01
+5.85963e+03 -5.97049e+04 10784 1 2.6599e-01
+6.96577e+03 -6.00951e+04 10785 1 2.7323e-01
+4.29195e+03 -6.05836e+04 10742 1 2.6086e-01
+5.32638e+03 -6.08769e+04 10743 1 2.6980e-01
+3.56834e+03 -5.91215e+04 10782 1 2.5263e-01
+1.93051e+03 -6.15812e+04 10699 0 2.7162e-01
+3.23887e+03 -6.03529e+04 10741 1 2.5403e-01
+9.74453e+02 -6.14928e+04 10698 0 2.7016e-01
+1.09661e+03 -6.00855e+04 10739 1 2.4630e-01
+3.35856e+04 -4.92849e+04 2010762 1 2.8099e-01
+1.17783e+01 -6.48426e+04 10615 0 4.2219e-01
+3.46638e+04 -4.97565e+04 2010763 1 2.6620e-01
+3.57266e+04 -5.02161e+04 2010764 1 2.5009e-01
+3.67740e+04 -5.06632e+04 2010765 1 2.3087e-01
+3.78074e+04 -5.10967e+04 2010766 1 2.1465e-01
+3.88301e+04 -5.15155e+04 2010767 1 2.0377e-01
+3.98429e+04 -5.19190e+04 2010768 1 1.9430e-01
+4.08475e+04 -5.23068e+04 2010769 1 1.8616e-01
+4.18452e+04 -5.26784e+04 2010770 1 1.7997e-01
+4.28368e+04 -5.30337e+04 2010771 1 1.7561e-01
+4.38237e+04 -5.33724e+04 2010772 1 1.7238e-01
+4.48071e+04 -5.36945e+04 2010773 1 1.7014e-01
+4.57880e+04 -5.39999e+04 2010774 1 1.6948e-01
+4.67672e+04 -5.42886e+04 2010775 1 1.7003e-01
+5.71779e+02 -7.15561e+04 10493 0 7.0923e-01
+9.56236e+00 -6.90878e+04 10533 0 6.2697e-01
+6.85255e+02 -6.68808e+04 10575 0 5.2810e-01
+1.05500e+01 -6.68543e+04 10574 0 5.2926e-01
+1.46905e+04 -6.33112e+04 10833 1 2.8106e-01
+1.37812e+04 -6.25930e+04 10832 1 2.8676e-01
+1.28336e+04 -6.18999e+04 10831 1 2.9324e-01
+1.55637e+04 -6.40491e+04 10834 1 2.7133e-01
+1.08163e+04 -6.06127e+04 10829 1 2.9844e-01
+1.18455e+04 -6.12377e+04 10830 1 2.9563e-01
+8.63473e+03 -5.94989e+04 10827 1 2.9388e-01
+9.74568e+03 -6.00309e+04 10828 1 2.9613e-01
+7.48504e+03 -5.90228e+04 10826 1 2.8755e-01
+5.08339e+03 -5.82615e+04 10824 1 2.7261e-01
+6.30002e+03 -5.86085e+04 10825 1 2.8025e-01
+2.57792e+03 -5.77877e+04 10822 1 2.5752e-01
+4.72556e+03 -5.93788e+04 10783 1 2.5907e-01
+3.84054e+03 -5.79868e+04 10823 1 2.6467e-01
+1.86170e+01 -5.87844e+04 10779 1 2.4284e-01
+2.39411e+03 -5.89360e+04 10781 1 2.4769e-01
+2.17208e+03 -6.01870e+04 10740 1 2.4903e-01
+1.70667e+03 -6.31564e+04 10658 0 3.2678e-01
+1.68894e+01 -6.00492e+04 10738 1 2.4579e-01
+1.30225e+03 -5.76665e+04 10821 1 2.5210e-01
+3.80062e+04 -4.97949e+04 2010807 1 2.2123e-01
+3.90410e+04 -5.02018e+04 2010808 1 2.1021e-01
+1.32634e+01 -6.30491e+04 10656 0 3.2978e-01
+4.00653e+04 -5.05945e+04 2010809 1 2.0001e-01
+1.20903e+03 -5.88233e+04 10780 1 2.4465e-01
+4.10806e+04 -5.09722e+04 2010810 1 1.9110e-01
+4.20882e+04 -5.13347e+04 2010811 1 1.8374e-01
+2.00495e+01 -5.76245e+04 10820 1 2.4829e-01
+1.50087e+01 -6.14593e+04 10697 0 2.7099e-01
+4.30892e+04 -5.16818e+04 2010812 1 1.7841e-01
+4.40846e+04 -5.20132e+04 2010813 1 1.7436e-01
+4.50756e+04 -5.23288e+04 2010814 1 1.7132e-01
+4.60634e+04 -5.26286e+04 2010815 1 1.6961e-01
+6.21203e+02 -6.91121e+04 10534 0 6.2623e-01
+7.64926e+02 -6.48713e+04 10616 0 4.1929e-01
