+4.79629e+04 -9.99829e+04 1010001 0 2.8187e+00
+4.91077e+04 -9.99829e+04 1010002 0 2.7066e+00
+5.02524e+04 -9.99828e+04 1010003 0 2.5964e+00
+5.13970e+04 -9.99828e+04 1010004 0 2.4882e+00
+5.25417e+04 -9.99828e+04 1010005 0 2.3822e+00
+5.36863e+04 -9.99828e+04 1010006 0 2.2786e+00
+5.48308e+04 -9.99827e+04 1010007 0 2.1775e+00
+5.59753e+04 -9.99827e+04 1010008 0 2.0789e+00
+5.71198e+04 -9.99827e+04 1010009 0 1.9829e+00
+5.82642e+04 -9.99827e+04 1010010 0 1.8895e+00
+5.94086e+04 -9.99826e+04 1010011 0 1.7987e+00
+6.05529e+04 -9.99826e+04 1010012 0 1.7105e+00
+6.16972e+04 -9.99826e+04 1010013 0 1.6247e+00
+6.28414e+04 -9.99825e+04 1010014 0 1.5415e+00
+6.39856e+04 -9.99825e+04 1010015 0 1.4606e+00
+6.51297e+04 -9.99825e+04 1010016 0 1.3820e+00
+6.62739e+04 -9.99825e+04 1010017 0 1.3056e+00
+6.74179e+04 -9.99824e+04 1010018 0 1.2314e+00
+6.85620e+04 -9.99824e+04 1010019 0 1.1592e+00
+6.97060e+04 -9.99824e+04 1010020 0 1.0890e+00
+7.08500e+04 -9.99824e+04 1010021 0 1.0206e+00
+7.19939e+04 -9.99824e+04 1010022 0 9.5396e-01
+7.31378e+04 -9.99823e+04 1010023 0 8.8899e-01
+7.42817e+04 -9.99823e+04 1010024 0 8.2559e-01
+7.54256e+04 -9.99823e+04 1010025 0 7.6365e-01
+7.65694e+04 -9.99823e+04 1010026 0 7.0308e-01
+7.77132e+04 -9.99823e+04 1010027 0 6.4379e-01
+7.88570e+04 -9.99823e+04 1010028 0 5.8570e-01
+8.00008e+04 -9.99822e+04 1010029 0 5.2871e-01
+8.11446e+04 -9.99822e+04 1010030 0 4.7274e-01
+8.22883e+04 -9.99822e+04 1010031 0 4.1772e-01
+8.34320e+04 -9.99822e+04 1010032 0 3.6354e-01
+8.45758e+04 -9.99822e+04 1010033 0 3.1015e-01
+8.57195e+04 -9.99822e+04 1010034 0 2.5745e-01
+8.68632e+04 -9.99822e+04 1010035 0 2.0539e-01
+8.80068e+04 -9.99822e+04 1010036 0 1.5390e-01
+8.91505e+04 -9.99822e+04 1010037 0 1.0305e-01
+9.02942e+04 -9.99822e+04 1010038 0 5.3506e-02
+4.81261e+04 -9.88196e+04 1010043 0 2.5812e+00
+4.94158e+04 -9.88179e+04 1010044 0 2.4662e+00
+5.07020e+04 -9.88160e+04 1010045 0 2.3538e+00
+5.19844e+04 -9.88140e+04 1010046 0 2.2439e+00
+5.32629e+04 -9.88120e+04 1010047 0 2.1370e+00
+5.45374e+04 -9.88098e+04 1010048 0 2.0332e+00
+5.58079e+04 -9.88076e+04 1010049 0 1.9327e+00
+5.70745e+04 -9.88055e+04 1010050 0 1.8352e+00
+5.83372e+04 -9.88033e+04 1010051 0 1.7407e+00
+5.95961e+04 -9.88011e+04 1010052 0 1.6497e+00
+6.08513e+04 -9.87990e+04 1010053 0 1.5612e+00
+6.21029e+04 -9.87969e+04 1010054 0 1.4760e+00
+6.33511e+04 -9.87949e+04 1010055 0 1.3933e+00
+6.45960e+04 -9.87930e+04 1010056 0 1.3135e+00
+6.58378e+04 -9.87911e+04 1010057 0 1.2363e+00
+6.70765e+04 -9.87893e+04 1010058 0 1.1614e+00
+6.83123e+04 -9.87876e+04 1010059 0 1.0889e+00
+6.95454e+04 -9.87859e+04 1010060 0 1.0187e+00
+7.07759e+04 -9.87844e+04 1010061 0 9.5047e-01
+7.20040e+04 -9.87829e+04 1010062 0 8.8448e-01
+7.32298e+04 -9.87815e+04 1010063 0 8.2023e-01
+7.44535e+04 -9.87802e+04 1010064 0 7.5775e-01
+7.56753e+04 -9.87790e+04 1010065 0 6.9693e-01
+7.68952e+04 -9.87778e+04 1010066 0 6.3767e-01
+7.81135e+04 -9.87768e+04 1010067 0 5.7984e-01
+7.93301e+04 -9.87758e+04 1010068 0 5.2325e-01
+8.05454e+04 -9.87749e+04 1010069 0 4.6794e-01
+8.17593e+04 -9.87741e+04 1010070 0 4.1389e-01
+8.29720e+04 -9.87734e+04 1010071 0 3.6088e-01
+8.41837e+04 -9.87727e+04 1010072 0 3.0896e-01
+8.53944e+04 -9.87721e+04 1010073 0 2.5813e-01
+8.66043e+04 -9.87717e+04 1010074 0 2.0849e-01
+8.78136e+04 -9.87713e+04 1010075 0 1.6038e-01
+8.90223e+04 -9.87710e+04 1010076 0 1.1483e-01
+9.02307e+04 -9.87709e+04 1010077 0 7.5348e-02
+7.56464e+04 -8.07695e+04 3010029 1 4.0840e-01
+7.72433e+04 -8.06602e+04 3010030 1 3.9274e-01
+4.76937e+04 -9.77843e+04 1010084 0 2.3640e+00
+4.91220e+04 -9.77778e+04 1010085 0 2.2537e+00
+5.05420e+04 -9.77707e+04 1010086 0 2.1459e+00
+5.19537e+04 -9.77633e+04 1010087 0 2.0408e+00
+5.33568e+04 -9.77556e+04 1010088 0 1.9390e+00
+5.47515e+04 -9.77478e+04 1010089 0 1.8405e+00
+5.61377e+04 -9.77400e+04 1010090 0 1.7449e+00
+5.75158e+04 -9.77322e+04 1010091 0 1.6526e+00
+5.88859e+04 -9.77245e+04 1010092 0 1.5631e+00
+6.02483e+04 -9.77170e+04 1010093 0 1.4768e+00
+6.16031e+04 -9.77097e+04 1010094 0 1.3935e+00
+6.29508e+04 -9.77026e+04 1010095 0 1.3131e+00
+6.42917e+04 -9.76957e+04 1010096 0 1.2356e+00
+6.56261e+04 -9.76892e+04 1010097 0 1.1603e+00
+6.69544e+04 -9.76829e+04 1010098 0 1.0876e+00
+6.82768e+04 -9.76769e+04 1010099 0 1.0173e+00
+6.95937e+04 -9.76713e+04 1010100 0 9.4926e-01
+7.09054e+04 -9.76659e+04 1010101 0 8.8342e-01
+7.22122e+04 -9.76609e+04 1010102 0 8.1957e-01
+7.35147e+04 -9.76562e+04 1010103 0 7.5760e-01
+7.48130e+04 -9.76518e+04 1010104 0 6.9737e-01
+7.61074e+04 -9.76477e+04 1010105 0 6.3860e-01
+7.73982e+04 -9.76439e+04 1010106 0 5.8159e-01
+7.86857e+04 -9.76404e+04 1010107 0 5.2589e-01
+7.99701e+04 -9.76372e+04 1010108 0 4.7177e-01
+8.12517e+04 -9.76343e+04 1010109 0 4.1889e-01
+8.25309e+04 -9.76317e+04 1010110 0 3.6736e-01
+8.38079e+04 -9.76294e+04 1010111 0 3.1732e-01
+8.50830e+04 -9.76273e+04 1010112 0 2.6877e-01
+8.63564e+04 -9.76256e+04 1010113 0 2.2219e-01
+8.76285e+04 -9.76243e+04 1010114 0 1.7844e-01
+8.88996e+04 -9.76233e+04 1010115 0 1.3947e-01
+9.01699e+04 -9.76227e+04 1010116 0 1.0983e-01
+4.78540e+04 -9.68392e+04 1010125 0 2.0828e+00
+4.94070e+04 -9.68248e+04 1010126 0 1.9802e+00
+5.09466e+04 -9.68095e+04 1010127 0 1.8803e+00
+5.24726e+04 -9.67937e+04 1010128 0 1.7835e+00
+5.39853e+04 -9.67776e+04 1010129 0 1.6899e+00
+5.54849e+04 -9.67614e+04 1010130 0 1.5996e+00
+5.69716e+04 -9.67453e+04 1010131 0 1.5121e+00
+5.84458e+04 -9.67295e+04 1010132 0 1.4277e+00
+5.99082e+04 -9.67139e+04 1010133 0 1.3465e+00
+6.13591e+04 -9.66988e+04 1010134 0 1.2682e+00
+6.27990e+04 -9.66843e+04 1010135 0 1.1927e+00
+6.42286e+04 -9.66703e+04 1010136 0 1.1200e+00
+6.56483e+04 -9.66568e+04 1010137 0 1.0499e+00
+6.70589e+04 -9.66441e+04 1010138 0 9.8195e-01
+6.84606e+04 -9.66319e+04 1010139 0 9.1665e-01
+6.98541e+04 -9.66205e+04 1010140 0 8.5331e-01
+7.12401e+04 -9.66097e+04 1010141 0 7.9232e-01
+7.26190e+04 -9.65996e+04 1010142 0 7.3305e-01
+7.39913e+04 -9.65901e+04 1010143 0 6.7567e-01
+7.53574e+04 -9.65814e+04 1010144 0 6.2029e-01
+7.67179e+04 -9.65733e+04 1010145 0 5.6642e-01
+7.80733e+04 -9.65658e+04 1010146 0 5.1419e-01
+7.94240e+04 -9.65590e+04 1010147 0 4.6356e-01
+8.07705e+04 -9.65528e+04 1010148 0 4.1468e-01
+8.21131e+04 -9.65472e+04 1010149 0 3.6736e-01
+8.34522e+04 -9.65423e+04 1010150 0 3.2196e-01
+8.47883e+04 -9.65380e+04 1010151 0 2.7882e-01
+8.61220e+04 -9.65344e+04 1010152 0 2.3855e-01
+8.74535e+04 -9.65315e+04 1010153 0 2.0231e-01
+8.87835e+04 -9.65294e+04 1010154 0 1.7215e-01
+9.01124e+04 -9.65280e+04 1010155 0 1.5135e-01
+4.90394e+04 -7.98994e+04 3010167 1 7.6987e-01
+4.69363e+04 -9.59758e+04 1010165 0 1.8797e+00
+4.86131e+04 -9.59522e+04 1010166 0 1.7854e+00
+5.02711e+04 -9.59271e+04 1010167 0 1.6934e+00
+5.19105e+04 -9.59011e+04 1010168 0 1.6045e+00
+5.35314e+04 -9.58746e+04 1010169 0 1.5185e+00
+5.51343e+04 -9.58480e+04 1010170 0 1.4356e+00
+5.67197e+04 -9.58215e+04 1010171 0 1.3557e+00
+5.82883e+04 -9.57955e+04 1010172 0 1.2787e+00
+5.98408e+04 -9.57701e+04 1010173 0 1.2043e+00
+6.13780e+04 -9.57454e+04 1010174 0 1.1330e+00
+6.29006e+04 -9.57216e+04 1010175 0 1.0641e+00
+6.44094e+04 -9.56988e+04 1010176 0 9.9776e-01
+6.59054e+04 -9.56770e+04 1010177 0 9.3421e-01
+6.73891e+04 -9.56563e+04 1010178 0 8.7270e-01
+6.88615e+04 -9.56367e+04 1010179 0 8.1348e-01
+7.03233e+04 -9.56183e+04 1010180 0 7.5662e-01
+7.17753e+04 -9.56010e+04 1010181 0 7.0153e-01
+7.32181e+04 -9.55849e+04 1010182 0 6.4841e-01
+7.46525e+04 -9.55699e+04 1010183 0 5.9718e-01
+7.60793e+04 -9.55560e+04 1010184 0 5.4775e-01
+7.74990e+04 -9.55433e+04 1010185 0 5.0025e-01
+7.89121e+04 -9.55316e+04 1010186 0 4.5442e-01
+8.03195e+04 -9.55211e+04 1010187 0 4.1047e-01
+8.17217e+04 -9.55116e+04 1010188 0 3.6852e-01
+8.31194e+04 -9.55031e+04 1010189 0 3.2885e-01
+8.45129e+04 -9.54958e+04 1010190 0 2.9192e-01
+8.59028e+04 -9.54897e+04 1010191 0 2.5846e-01
+8.72900e+04 -9.54848e+04 1010192 0 2.2949e-01
+8.86751e+04 -9.54812e+04 1010193 0 2.0651e-01
+9.00588e+04 -9.54789e+04 1010194 0 1.9150e-01
+4.73050e+04 -8.36033e+04 3010012 1 7.9022e-01
+8.27603e+04 -7.47288e+04 3010267 1 2.9179e-01
+8.85502e+04 -7.45438e+04 3010271 1 2.4547e-01
+8.71036e+04 -7.45731e+04 3010270 1 2.5358e-01
+8.56565e+04 -7.46137e+04 3010269 1 2.6408e-01
+5.05511e+04 -7.97547e+04 3010168 1 7.5060e-01
+4.75385e+04 -8.00308e+04 3010166 1 7.8780e-01
+8.99965e+04 -7.45259e+04 3010272 1 2.3998e-01
+8.13108e+04 -7.48027e+04 3010266 1 3.0791e-01
+4.81803e+04 -9.51330e+04 1010206 0 1.5875e+00
+4.99434e+04 -9.50961e+04 1010207 0 1.5019e+00
+5.16828e+04 -9.50580e+04 1010208 0 1.4193e+00
+5.33991e+04 -9.50193e+04 1010209 0 1.3405e+00
+5.50926e+04 -9.49807e+04 1010210 0 1.2656e+00
+5.67643e+04 -9.49424e+04 1010211 0 1.1948e+00
+5.84150e+04 -9.49048e+04 1010212 0 1.1263e+00
+6.00458e+04 -9.48681e+04 1010213 0 1.0607e+00
+6.16576e+04 -9.48327e+04 1010214 0 9.9735e-01
+6.32517e+04 -9.47986e+04 1010215 0 9.3650e-01
+6.48290e+04 -9.47660e+04 1010216 0 8.7827e-01
+6.63906e+04 -9.47350e+04 1010217 0 8.2203e-01
+6.79377e+04 -9.47056e+04 1010218 0 7.6799e-01
+6.94711e+04 -9.46779e+04 1010219 0 7.1604e-01
+7.09918e+04 -9.46519e+04 1010220 0 6.6614e-01
+7.25009e+04 -9.46276e+04 1010221 0 6.1821e-01
+7.39994e+04 -9.46050e+04 1010222 0 5.7219e-01
+7.54878e+04 -9.45842e+04 1010223 0 5.2821e-01
+7.69673e+04 -9.45650e+04 1010224 0 4.8597e-01
+7.84388e+04 -9.45475e+04 1010225 0 4.4565e-01
+7.99028e+04 -9.45316e+04 1010226 0 4.0736e-01
+8.13602e+04 -9.45174e+04 1010227 0 3.7130e-01
+8.28119e+04 -9.45048e+04 1010228 0 3.3772e-01
+8.42586e+04 -9.44938e+04 1010229 0 3.0702e-01
+8.57007e+04 -9.44846e+04 1010230 0 2.7985e-01
+8.71393e+04 -9.44772e+04 1010231 0 2.5703e-01
+8.85752e+04 -9.44718e+04 1010232 0 2.3950e-01
+9.00093e+04 -9.44684e+04 1010233 0 2.2839e-01
+7.88345e+04 -8.05612e+04 3010031 1 3.7819e-01
+4.97728e+04 -8.25207e+04 3010052 1 7.5586e-01
+4.81059e+04 -8.26859e+04 3010051 1 7.7848e-01
+8.14791e+04 -7.38032e+04 3010305 1 2.9826e-01
+4.81717e+04 -8.09099e+04 3010128 1 7.7902e-01
+7.98601e+04 -7.48870e+04 3010265 1 3.2546e-01
+8.42089e+04 -7.46657e+04 3010268 1 2.7706e-01
+7.86271e+04 -7.39775e+04 3010303 1 3.3577e-01
+8.00535e+04 -7.38855e+04 3010304 1 3.1637e-01
+4.81278e+04 -9.43550e+04 1010246 0 1.4038e+00
+4.99772e+04 -9.43044e+04 1010247 0 1.3268e+00
+5.17985e+04 -9.42522e+04 1010248 0 1.2531e+00
+5.35925e+04 -9.41995e+04 1010249 0 1.1820e+00
+5.53600e+04 -9.41469e+04 1010250 0 1.1139e+00
+5.71022e+04 -9.40950e+04 1010251 0 1.0492e+00
+5.88202e+04 -9.40443e+04 1010252 0 9.8710e-01
+6.05152e+04 -9.39951e+04 1010253 0 9.2787e-01
+6.21886e+04 -9.39478e+04 1010254 0 8.7155e-01
+6.38417e+04 -9.39026e+04 1010255 0 8.1793e-01
+6.54756e+04 -9.38595e+04 1010256 0 7.6722e-01
+6.70919e+04 -9.38187e+04 1010257 0 7.1875e-01
+6.86915e+04 -9.37803e+04 1010258 0 6.7272e-01
+7.02759e+04 -9.37443e+04 1010259 0 6.2896e-01
+7.18461e+04 -9.37107e+04 1010260 0 5.8691e-01
+7.34032e+04 -9.36794e+04 1010261 0 5.4680e-01
+7.49485e+04 -9.36505e+04 1010262 0 5.0856e-01
+7.64830e+04 -9.36240e+04 1010263 0 4.7221e-01
+7.80075e+04 -9.35998e+04 1010264 0 4.3785e-01
+7.95234e+04 -9.35778e+04 1010265 0 4.0552e-01
+8.10313e+04 -9.35581e+04 1010266 0 3.7539e-01
+8.25322e+04 -9.35407e+04 1010267 0 3.4774e-01
+8.40272e+04 -9.35255e+04 1010268 0 3.2284e-01
+8.55170e+04 -9.35127e+04 1010269 0 3.0112e-01
+8.70024e+04 -9.35025e+04 1010270 0 2.8326e-01
+8.84845e+04 -9.34950e+04 1010271 0 2.6984e-01
+8.99644e+04 -9.34903e+04 1010272 0 2.6147e-01
+8.04206e+04 -8.04727e+04 3010032 1 3.6526e-01
+4.90249e+04 -8.34372e+04 3010013 1 7.6693e-01
+5.47712e+04 -8.19810e+04 3010055 1 6.8481e-01
+5.14407e+04 -8.23465e+04 3010053 1 7.3259e-01
+5.31074e+04 -8.21659e+04 3010054 1 7.0888e-01
+4.89156e+04 -8.17385e+04 3010090 1 7.6837e-01
+4.73053e+04 -8.18900e+04 3010089 1 7.8886e-01
+5.05314e+04 -8.15755e+04 3010091 1 7.4676e-01
+7.54995e+04 -7.51987e+04 3010262 1 3.8405e-01
+7.57714e+04 -7.41895e+04 3010301 1 3.7691e-01
+4.84475e+04 -9.35979e+04 1010286 0 1.2162e+00
+5.03643e+04 -9.35327e+04 1010287 0 1.1510e+00
+5.22492e+04 -9.34659e+04 1010288 0 1.0884e+00
+5.41032e+04 -9.33987e+04 1010289 0 1.0280e+00
+5.59276e+04 -9.33320e+04 1010290 0 9.7000e-01
+5.77239e+04 -9.32665e+04 1010291 0 9.1463e-01
+5.94934e+04 -9.32027e+04 1010292 0 8.6166e-01
+6.12378e+04 -9.31410e+04 1010293 0 8.1118e-01
+6.29584e+04 -9.30818e+04 1010294 0 7.6311e-01
+6.46571e+04 -9.30253e+04 1010295 0 7.1762e-01
+6.63351e+04 -9.29717e+04 1010296 0 6.7414e-01
+6.79940e+04 -9.29211e+04 1010297 0 6.3289e-01
+6.96352e+04 -9.28736e+04 1010298 0 5.9379e-01
+7.12600e+04 -9.28292e+04 1010299 0 5.5687e-01
+7.28698e+04 -9.27880e+04 1010300 0 5.2198e-01
+7.44659e+04 -9.27499e+04 1010301 0 4.8915e-01
+7.60495e+04 -9.27149e+04 1010302 0 4.5838e-01
+7.76218e+04 -9.26830e+04 1010303 0 4.2964e-01
+7.91840e+04 -9.26542e+04 1010304 0 4.0300e-01
+8.07372e+04 -9.26284e+04 1010305 0 3.7850e-01
+8.22823e+04 -9.26056e+04 1010306 0 3.5631e-01
+8.38205e+04 -9.25857e+04 1010307 0 3.3665e-01
+8.53529e+04 -9.25689e+04 1010308 0 3.1968e-01
+8.68802e+04 -9.25554e+04 1010309 0 3.0588e-01
+8.84036e+04 -9.25455e+04 1010310 0 2.9570e-01
+8.99244e+04 -9.25393e+04 1010311 0 2.8941e-01
+8.20024e+04 -8.03949e+04 3010033 1 3.5363e-01
+5.07431e+04 -8.32617e+04 3010014 1 7.4294e-01
+5.80854e+04 -8.16065e+04 3010057 1 6.3638e-01
+5.64308e+04 -8.17940e+04 3010056 1 6.6062e-01
+5.37706e+04 -8.12255e+04 3010093 1 7.0126e-01
+5.21504e+04 -8.14037e+04 3010092 1 7.2437e-01
+5.12985e+04 -8.06015e+04 3010130 1 7.3833e-01
+4.97315e+04 -8.07613e+04 3010129 1 7.5915e-01
+7.84081e+04 -7.49813e+04 3010264 1 3.4431e-01
+7.71998e+04 -7.40791e+04 3010302 1 3.5606e-01
+4.71192e+04 -9.29254e+04 1010325 0 1.1096e+00
+4.91178e+04 -9.28470e+04 1010326 0 1.0502e+00
+5.10813e+04 -9.27659e+04 1010327 0 9.9348e-01
+5.30105e+04 -9.26838e+04 1010328 0 9.3951e-01
+5.49067e+04 -9.26019e+04 1010329 0 8.8789e-01
+5.67714e+04 -9.25212e+04 1010330 0 8.3910e-01
+5.86060e+04 -9.24425e+04 1010331 0 7.9376e-01
+6.04123e+04 -9.23661e+04 1010332 0 7.5085e-01
+6.21918e+04 -9.22926e+04 1010333 0 7.0994e-01
+6.39466e+04 -9.22223e+04 1010334 0 6.7099e-01
+6.56782e+04 -9.21555e+04 1010335 0 6.3400e-01
+6.73884e+04 -9.20923e+04 1010336 0 5.9888e-01
+6.90787e+04 -9.20328e+04 1010337 0 5.6569e-01
+7.07508e+04 -9.19773e+04 1010338 0 5.3436e-01
+7.24061e+04 -9.19256e+04 1010339 0 5.0480e-01
+7.40462e+04 -9.18778e+04 1010340 0 4.7699e-01
+7.56722e+04 -9.18339e+04 1010341 0 4.5100e-01
+7.72859e+04 -9.17939e+04 1010342 0 4.2677e-01
+7.88883e+04 -9.17577e+04 1010343 0 4.0434e-01
+8.04807e+04 -9.17253e+04 1010344 0 3.8384e-01
+8.20643e+04 -9.16966e+04 1010345 0 3.6527e-01
+8.36402e+04 -9.16718e+04 1010346 0 3.4882e-01
+8.52097e+04 -9.16506e+04 1010347 0 3.3465e-01
+8.67736e+04 -9.16335e+04 1010348 0 3.2311e-01
+8.83330e+04 -9.16210e+04 1010349 0 3.1463e-01
+8.98895e+04 -9.16130e+04 1010350 0 3.0941e-01
+8.35806e+04 -8.03282e+04 3010034 1 3.4368e-01
+5.24577e+04 -8.30797e+04 3010015 1 7.1829e-01
+6.13763e+04 -8.12365e+04 3010059 1 5.8842e-01
+5.97340e+04 -8.14202e+04 3010058 1 6.1228e-01
+5.86218e+04 -8.06731e+04 3010096 1 6.3026e-01
+5.70076e+04 -8.08584e+04 3010095 1 6.5400e-01
+5.53901e+04 -8.10431e+04 3010094 1 6.7774e-01
+5.60213e+04 -8.00795e+04 3010133 1 6.7158e-01
+5.44451e+04 -8.02585e+04 3010132 1 6.9437e-01
+5.28703e+04 -8.04332e+04 3010131 1 7.1663e-01
+5.20713e+04 -7.95992e+04 3010169 1 7.3031e-01
+7.29121e+04 -7.44352e+04 3010299 1 4.2028e-01
+4.80867e+04 -9.21863e+04 1010365 0 9.4988e-01
+5.01135e+04 -9.20915e+04 1010366 0 9.0288e-01
+5.21032e+04 -9.19946e+04 1010367 0 8.5781e-01
+5.40573e+04 -9.18973e+04 1010368 0 8.1451e-01
+5.59772e+04 -9.18009e+04 1010369 0 7.7322e-01
+5.78648e+04 -9.17064e+04 1010370 0 7.3417e-01
+5.97217e+04 -9.16146e+04 1010371 0 6.9689e-01
+6.15500e+04 -9.15261e+04 1010372 0 6.6171e-01
+6.33513e+04 -9.14415e+04 1010373 0 6.2860e-01
+6.51275e+04 -9.13610e+04 1010374 0 5.9743e-01
+6.68805e+04 -9.12849e+04 1010375 0 5.6827e-01
+6.86120e+04 -9.12134e+04 1010376 0 5.4087e-01
+7.03236e+04 -9.11464e+04 1010377 0 5.1500e-01
+7.20169e+04 -9.10840e+04 1010378 0 4.9054e-01
+7.36937e+04 -9.10264e+04 1010379 0 4.6761e-01
+7.53554e+04 -9.09734e+04 1010380 0 4.4608e-01
+7.70035e+04 -9.09251e+04 1010381 0 4.2606e-01
+7.86396e+04 -9.08814e+04 1010382 0 4.0753e-01
+8.02648e+04 -9.08424e+04 1010383 0 3.9053e-01
+8.18808e+04 -9.08078e+04 1010384 0 3.7514e-01
+8.34884e+04 -9.07778e+04 1010385 0 3.6150e-01
+8.50891e+04 -9.07523e+04 1010386 0 3.4975e-01
+8.66840e+04 -9.07315e+04 1010387 0 3.4004e-01
+8.82737e+04 -9.07162e+04 1010388 0 3.3292e-01
+8.98602e+04 -9.07064e+04 1010389 0 3.2852e-01
+8.51561e+04 -8.02727e+04 3010035 1 3.3552e-01
+5.41671e+04 -8.28934e+04 3010016 1 6.9342e-01
+6.62601e+04 -8.07123e+04 3010062 1 5.1934e-01
+6.46395e+04 -8.08815e+04 3010061 1 5.4186e-01
+6.18379e+04 -8.03068e+04 3010098 1 5.8301e-01
+6.02322e+04 -8.04887e+04 3010097 1 6.0655e-01
+7.69546e+04 -7.50854e+04 3010263 1 3.6384e-01
+7.43422e+04 -7.43084e+04 3010300 1 3.9824e-01
+4.72848e+04 -9.15378e+04 1010404 0 8.6093e-01
+4.93584e+04 -9.14298e+04 1010405 0 8.2142e-01
+5.13937e+04 -9.13188e+04 1010406 0 7.8351e-01
+5.33917e+04 -9.12069e+04 1010407 0 7.4805e-01
+5.53538e+04 -9.10956e+04 1010408 0 7.1510e-01
+5.72816e+04 -9.09861e+04 1010409 0 6.8336e-01
+5.91772e+04 -9.08795e+04 1010410 0 6.5293e-01
+6.10424e+04 -9.07764e+04 1010411 0 6.2394e-01
+6.28793e+04 -9.06775e+04 1010412 0 5.9618e-01
+6.46898e+04 -9.05833e+04 1010413 0 5.7000e-01
+6.64758e+04 -9.04940e+04 1010414 0 5.4520e-01
+6.82392e+04 -9.04099e+04 1010415 0 5.2182e-01
+6.99817e+04 -9.03311e+04 1010416 0 4.9983e-01
+7.17050e+04 -9.02578e+04 1010417 0 4.7924e-01
+7.34108e+04 -9.01900e+04 1010418 0 4.6005e-01
+7.51008e+04 -9.01277e+04 1010419 0 4.4224e-01
+7.67764e+04 -9.00710e+04 1010420 0 4.2583e-01
+7.84394e+04 -9.00199e+04 1010421 0 4.1077e-01
+8.00910e+04 -8.99742e+04 1010422 0 3.9680e-01
+8.17327e+04 -8.99337e+04 1010423 0 3.8402e-01
+8.33660e+04 -8.98986e+04 1010424 0 3.7271e-01
+8.49919e+04 -8.98688e+04 1010425 0 3.6294e-01
+8.66117e+04 -8.98443e+04 1010426 0 3.5469e-01
+8.82260e+04 -8.98260e+04 1010427 0 3.4854e-01
+8.98366e+04 -8.98143e+04 1010428 0 3.4472e-01
+8.67295e+04 -8.02289e+04 3010036 1 3.2903e-01
+5.58700e+04 -8.27050e+04 3010017 1 6.6829e-01
+7.10790e+04 -8.02477e+04 3010065 1 4.5644e-01
+6.94797e+04 -8.03947e+04 3010064 1 4.7666e-01
+6.78735e+04 -8.05498e+04 3010063 1 4.9769e-01
+6.30116e+04 -8.10565e+04 3010060 1 5.6483e-01
+6.50340e+04 -7.99545e+04 3010100 1 5.3693e-01
+6.38807e+04 -7.91790e+04 3010138 1 5.5472e-01
+6.07449e+04 -7.95345e+04 3010136 1 6.0125e-01
+5.91724e+04 -7.97159e+04 3010135 1 6.2477e-01
+5.75975e+04 -7.98981e+04 3010134 1 6.4833e-01
+5.35979e+04 -7.94353e+04 3010170 1 7.0917e-01
+7.14813e+04 -7.45693e+04 3010298 1 4.4269e-01
+4.88311e+04 -9.07727e+04 1010444 0 7.6703e-01
+5.08941e+04 -9.06480e+04 1010445 0 7.3691e-01
+5.29193e+04 -9.05218e+04 1010446 0 7.0743e-01
+5.49082e+04 -9.03959e+04 1010447 0 6.7876e-01
+5.68625e+04 -9.02719e+04 1010448 0 6.5122e-01
+5.87839e+04 -9.01509e+04 1010449 0 6.2477e-01
+6.06744e+04 -9.00339e+04 1010450 0 5.9959e-01
+6.25359e+04 -8.99216e+04 1010451 0 5.7616e-01
+6.43701e+04 -8.98144e+04 1010452 0 5.5379e-01
+6.61792e+04 -8.97126e+04 1010453 0 5.3242e-01
+6.79650e+04 -8.96167e+04 1010454 0 5.1207e-01
+6.97293e+04 -8.95267e+04 1010455 0 4.9268e-01
+7.14739e+04 -8.94427e+04 1010456 0 4.7441e-01
+7.32005e+04 -8.93650e+04 1010457 0 4.5724e-01
+7.49108e+04 -8.92936e+04 1010458 0 4.4127e-01
+7.66064e+04 -8.92286e+04 1010459 0 4.2641e-01
+7.82890e+04 -8.91698e+04 1010460 0 4.1282e-01
+7.99600e+04 -8.91173e+04 1010461 0 4.0043e-01
+8.16210e+04 -8.90710e+04 1010462 0 3.8933e-01
+8.32733e+04 -8.90307e+04 1010463 0 3.7967e-01
+8.49182e+04 -8.89966e+04 1010464 0 3.7140e-01
+8.65570e+04 -8.89683e+04 1010465 0 3.6425e-01
+8.81900e+04 -8.89469e+04 1010466 0 3.5879e-01
+8.98188e+04 -8.89331e+04 1010467 0 3.5536e-01
+8.83017e+04 -8.01974e+04 3010037 1 3.2460e-01
+5.75656e+04 -8.25164e+04 3010018 1 6.4333e-01
+7.42583e+04 -7.99801e+04 3010067 1 4.1875e-01
+7.26718e+04 -8.01093e+04 3010066 1 4.3717e-01
+6.97853e+04 -7.94703e+04 3010103 1 4.7096e-01
+6.66235e+04 -7.97864e+04 3010101 1 5.1435e-01
+6.34386e+04 -8.01283e+04 3010099 1 5.5987e-01
+6.23146e+04 -7.93551e+04 3010137 1 5.7791e-01
+6.90391e+04 -7.38074e+04 3010335 1 4.8212e-01
+7.40430e+04 -7.53206e+04 3010261 1 4.0508e-01
+6.86179e+04 -7.48566e+04 3010296 1 4.8816e-01
+4.85361e+04 -9.01098e+04 1010483 0 7.4348e-01
+5.06102e+04 -8.99726e+04 1010484 0 7.1646e-01
+5.26470e+04 -8.98334e+04 1010485 0 6.9148e-01
+5.46478e+04 -8.96943e+04 1010486 0 6.6661e-01
+5.66140e+04 -8.95569e+04 1010487 0 6.4206e-01
+5.85476e+04 -8.94225e+04 1010488 0 6.1794e-01
+6.04505e+04 -8.92923e+04 1010489 0 5.9468e-01
+6.23244e+04 -8.91670e+04 1010490 0 5.7232e-01
+6.41713e+04 -8.90473e+04 1010491 0 5.5088e-01
+6.59931e+04 -8.89337e+04 1010492 0 5.3057e-01
+6.77916e+04 -8.88266e+04 1010493 0 5.1133e-01
+6.95687e+04 -8.87261e+04 1010494 0 4.9318e-01
+7.13259e+04 -8.86323e+04 1010495 0 4.7598e-01
+7.30650e+04 -8.85454e+04 1010496 0 4.5968e-01
+7.47876e+04 -8.84655e+04 1010497 0 4.4446e-01
+7.64955e+04 -8.83927e+04 1010498 0 4.3028e-01
+7.81903e+04 -8.83269e+04 1010499 0 4.1726e-01
+7.98735e+04 -8.82681e+04 1010500 0 4.0538e-01
+8.15466e+04 -8.82162e+04 1010501 0 3.9473e-01
+8.32111e+04 -8.81712e+04 1010502 0 3.8550e-01
+8.48685e+04 -8.81333e+04 1010503 0 3.7784e-01
+8.65200e+04 -8.81014e+04 1010504 0 3.7093e-01
+8.81656e+04 -8.80768e+04 1010505 0 3.6547e-01
+8.98068e+04 -8.80609e+04 1010506 0 3.6201e-01
+8.98733e+04 -8.01780e+04 3010038 1 3.2195e-01
+7.58389e+04 -7.98604e+04 3010068 1 4.0145e-01
+7.29245e+04 -7.91856e+04 3010105 1 4.3084e-01
+7.44862e+04 -7.90566e+04 3010106 1 4.1200e-01
+6.82073e+04 -7.96247e+04 3010102 1 4.9236e-01
+6.70011e+04 -7.88411e+04 3010140 1 5.0959e-01
+6.85549e+04 -7.86810e+04 3010141 1 4.8738e-01
+7.19518e+04 -7.74239e+04 3010182 1 4.3900e-01
+5.66629e+04 -7.90904e+04 3010172 1 6.6515e-01
+4.70133e+04 -7.90970e+04 3010204 1 7.9301e-01
+6.48411e+04 -7.42576e+04 3010332 1 5.4990e-01
+4.84772e+04 -8.94333e+04 1010522 0 7.5650e-01
+5.05439e+04 -8.92843e+04 1010523 0 7.3048e-01
+5.25754e+04 -8.91330e+04 1010524 0 7.0402e-01
+5.45727e+04 -8.89817e+04 1010525 0 6.7805e-01
+5.65370e+04 -8.88322e+04 1010526 0 6.5245e-01
+5.84699e+04 -8.86861e+04 1010527 0 6.2814e-01
+6.03729e+04 -8.85442e+04 1010528 0 6.0500e-01
+6.22477e+04 -8.84075e+04 1010529 0 5.8239e-01
+6.40961e+04 -8.82767e+04 1010530 0 5.6050e-01
+6.59200e+04 -8.81524e+04 1010531 0 5.3952e-01
+6.77211e+04 -8.80349e+04 1010532 0 5.1948e-01
+6.95014e+04 -8.79245e+04 1010533 0 5.0038e-01
+7.12621e+04 -8.78214e+04 1010534 0 4.8236e-01
+7.30052e+04 -8.77258e+04 1010535 0 4.6551e-01
+7.47321e+04 -8.76380e+04 1010536 0 4.4989e-01
+7.64446e+04 -8.75580e+04 1010537 0 4.3544e-01
+7.81442e+04 -8.74859e+04 1010538 0 4.2231e-01
+7.98323e+04 -8.74213e+04 1010539 0 4.1018e-01
+8.15106e+04 -8.73645e+04 1010540 0 3.9935e-01
+8.31802e+04 -8.73151e+04 1010541 0 3.8982e-01
+8.48432e+04 -8.72740e+04 1010542 0 3.8238e-01
+8.65007e+04 -8.72388e+04 1010543 0 3.7559e-01
+8.81525e+04 -8.72112e+04 1010544 0 3.7015e-01
+8.98001e+04 -8.71935e+04 1010545 0 3.6673e-01
+5.92531e+04 -8.23291e+04 3010019 1 6.1872e-01
+7.74142e+04 -7.97506e+04 3010069 1 3.8514e-01
+7.60432e+04 -7.89370e+04 3010107 1 3.9423e-01
+7.75956e+04 -7.88273e+04 3010108 1 3.7736e-01
+7.13576e+04 -7.93237e+04 3010104 1 4.5053e-01
+7.62582e+04 -7.79986e+04 3010146 1 3.8667e-01
+7.01043e+04 -7.85280e+04 3010142 1 4.6577e-01
+6.54429e+04 -7.90074e+04 3010139 1 5.3199e-01
+7.16491e+04 -7.83826e+04 3010143 1 4.4484e-01
+5.51289e+04 -7.92650e+04 3010171 1 6.8742e-01
+6.71860e+04 -7.50083e+04 3010295 1 5.1128e-01
+6.76383e+04 -7.39540e+04 3010334 1 5.0475e-01
+6.62388e+04 -7.41043e+04 3010333 1 5.2731e-01
+4.86467e+04 -8.87344e+04 1010561 0 7.8450e-01
+5.06902e+04 -8.85751e+04 1010562 0 7.5820e-01
+5.27010e+04 -8.84135e+04 1010563 0 7.3125e-01
+5.46798e+04 -8.82517e+04 1010564 0 7.0425e-01
+5.66278e+04 -8.80917e+04 1010565 0 6.7739e-01
+5.85463e+04 -8.79351e+04 1010566 0 6.5085e-01
+6.04369e+04 -8.77829e+04 1010567 0 6.2493e-01
+6.23011e+04 -8.76362e+04 1010568 0 5.9986e-01
+6.41404e+04 -8.74959e+04 1010569 0 5.7563e-01
+6.59565e+04 -8.73624e+04 1010570 0 5.5321e-01
+6.77507e+04 -8.72361e+04 1010571 0 5.3174e-01
+6.95249e+04 -8.71173e+04 1010572 0 5.1113e-01
+7.12805e+04 -8.70061e+04 1010573 0 4.9155e-01
+7.30191e+04 -8.69030e+04 1010574 0 4.7307e-01
+7.47423e+04 -8.68081e+04 1010575 0 4.5587e-01
+7.64517e+04 -8.67216e+04 1010576 0 4.3993e-01
+7.81486e+04 -8.66436e+04 1010577 0 4.2544e-01
+7.98347e+04 -8.65737e+04 1010578 0 4.1235e-01
+8.15112e+04 -8.65123e+04 1010579 0 4.0091e-01
+8.31794e+04 -8.64589e+04 1010580 0 3.9088e-01
+8.48411e+04 -8.64150e+04 1010581 0 3.8294e-01
+8.64976e+04 -8.63769e+04 1010582 0 3.7645e-01
+8.81494e+04 -8.63470e+04 1010583 0 3.7165e-01
+8.97983e+04 -8.63278e+04 1010584 0 3.6873e-01
+6.09316e+04 -8.21446e+04 3010020 1 5.9455e-01
+8.36719e+04 -7.94172e+04 3010073 1 3.3381e-01
+8.05504e+04 -7.95622e+04 3010071 1 3.5652e-01
+7.89844e+04 -7.96511e+04 3010070 1 3.7006e-01
+7.91440e+04 -7.87279e+04 3010109 1 3.6185e-01
+8.22304e+04 -7.85611e+04 3010111 1 3.3451e-01
+7.47258e+04 -7.81175e+04 3010145 1 4.0516e-01
+5.81984e+04 -7.89131e+04 3010173 1 6.4249e-01
+4.99063e+04 -7.88589e+04 3010206 1 7.6053e-01
+5.02627e+04 -7.68045e+04 3010283 1 7.5682e-01
+4.69798e+04 -8.81705e+04 1010599 0 8.4204e-01
+4.90131e+04 -8.80076e+04 1010600 0 8.1182e-01
+5.10175e+04 -8.78396e+04 1010601 1 7.8109e-01
+5.29931e+04 -8.76694e+04 1010602 1 7.5028e-01
+5.49405e+04 -8.74991e+04 1010603 1 7.1963e-01
+5.68602e+04 -8.73307e+04 1010604 1 6.9141e-01
+5.87529e+04 -8.71658e+04 1010605 1 6.6359e-01
+6.06202e+04 -8.70054e+04 1010606 1 6.3636e-01
+6.24632e+04 -8.68505e+04 1010607 1 6.0983e-01
+6.42835e+04 -8.67020e+04 1010608 1 5.8424e-01
+6.60825e+04 -8.65607e+04 1010609 1 5.5961e-01
+6.78614e+04 -8.64269e+04 1010610 1 5.3619e-01
+6.96218e+04 -8.63009e+04 1010611 1 5.1392e-01
+7.13651e+04 -8.61831e+04 1010612 1 4.9343e-01
+7.30926e+04 -8.60737e+04 1010613 1 4.7423e-01
+7.48057e+04 -8.59730e+04 1010614 1 4.5636e-01
+7.65057e+04 -8.58811e+04 1010615 1 4.3983e-01
+7.81941e+04 -8.57981e+04 1010616 1 4.2468e-01
+7.98722e+04 -8.57237e+04 1010617 1 4.1106e-01
+8.15413e+04 -8.56584e+04 1010618 1 3.9908e-01
+8.32030e+04 -8.56016e+04 1010619 1 3.8880e-01
+8.48580e+04 -8.55549e+04 1010620 1 3.7988e-01
+8.65080e+04 -8.55146e+04 1010621 1 3.7362e-01
+8.81551e+04 -8.54833e+04 1010622 1 3.6949e-01
+8.98007e+04 -8.54633e+04 1010623 1 3.6699e-01
+6.26011e+04 -8.19641e+04 3010021 1 5.7081e-01
+8.84172e+04 -7.74303e+04 3010154 1 2.8812e-01
+8.08348e+04 -7.77024e+04 3010149 1 3.3790e-01
+7.31896e+04 -7.82456e+04 3010144 1 4.2447e-01
+7.94885e+04 -7.68388e+04 3010187 1 3.4380e-01
+6.58648e+04 -7.80396e+04 3010178 1 5.2690e-01
+8.39804e+04 -7.66094e+04 3010190 1 3.0073e-01
+6.77921e+04 -7.68905e+04 3010218 1 4.9899e-01
+4.79674e+04 -7.80163e+04 3010243 1 7.8226e-01
+5.65133e+04 -7.71986e+04 3010249 1 6.7357e-01
+7.25848e+04 -7.54508e+04 3010260 1 4.2669e-01
+7.00498e+04 -7.47100e+04 3010297 1 4.6531e-01
+4.85517e+04 -7.58402e+04 3010320 1 7.7091e-01
+4.75231e+04 -8.74221e+04 1010638 1 8.3828e-01
+4.95033e+04 -8.72522e+04 1010639 1 8.0787e-01
+5.14589e+04 -8.70774e+04 1010640 1 7.7702e-01
+5.33899e+04 -8.69005e+04 1010641 1 7.4623e-01
+5.52964e+04 -8.67236e+04 1010642 1 7.1573e-01
+5.71793e+04 -8.65486e+04 1010643 1 6.8550e-01
+5.90390e+04 -8.63771e+04 1010644 1 6.5607e-01
+6.08765e+04 -8.62102e+04 1010645 1 6.2787e-01
+6.26926e+04 -8.60489e+04 1010646 1 6.0173e-01
+6.44882e+04 -8.58942e+04 1010647 1 5.7650e-01
+6.62645e+04 -8.57466e+04 1010648 1 5.5222e-01
+6.80228e+04 -8.56067e+04 1010649 1 5.2919e-01
+6.97643e+04 -8.54748e+04 1010650 1 5.0722e-01
+7.14904e+04 -8.53513e+04 1010651 1 4.8663e-01
+7.32023e+04 -8.52365e+04 1010652 1 4.6729e-01
+7.49013e+04 -8.51307e+04 1010653 1 4.4941e-01
+7.65884e+04 -8.50342e+04 1010654 1 4.3297e-01
+7.82648e+04 -8.49470e+04 1010655 1 4.1826e-01
+7.99318e+04 -8.48689e+04 1010656 1 4.0505e-01
+8.15903e+04 -8.48002e+04 1010657 1 3.9361e-01
+8.32422e+04 -8.47408e+04 1010658 1 3.8366e-01
+8.48877e+04 -8.46913e+04 1010659 1 3.7509e-01
+8.65289e+04 -8.46497e+04 1010660 1 3.6939e-01
+8.81681e+04 -8.46179e+04 1010661 1 3.6587e-01
+8.98069e+04 -8.45977e+04 1010662 1 3.6380e-01
+6.42615e+04 -8.17888e+04 3010022 1 5.4769e-01
+8.52288e+04 -7.93617e+04 3010074 1 3.2506e-01
+8.98912e+04 -7.92674e+04 3010077 1 3.1024e-01
+8.21127e+04 -7.94841e+04 3010072 1 3.4429e-01
+8.53065e+04 -7.84391e+04 3010113 1 3.1394e-01
+8.37695e+04 -7.84944e+04 3010112 1 3.2338e-01
+8.06888e+04 -7.86390e+04 3010110 1 3.4749e-01
+7.77869e+04 -7.78896e+04 3010147 1 3.6912e-01
+8.69033e+04 -7.74611e+04 3010153 1 2.9391e-01
+5.97344e+04 -7.87348e+04 3010174 1 6.1970e-01
+6.12698e+04 -7.85571e+04 3010175 1 5.9631e-01
+8.99517e+04 -7.64641e+04 3010194 1 2.7024e-01
+8.84599e+04 -7.64827e+04 3010193 1 2.7437e-01
+5.28474e+04 -7.85687e+04 3010208 1 7.2243e-01
+4.84525e+04 -7.89857e+04 3010205 1 7.7747e-01
+5.13720e+04 -7.87191e+04 3010207 1 7.4224e-01
+5.30089e+04 -7.65621e+04 3010285 1 7.2389e-01
+5.16292e+04 -7.66895e+04 3010284 1 7.4103e-01
+5.44000e+04 -7.64244e+04 3010286 1 7.0571e-01
+5.86238e+04 -7.59688e+04 3010289 1 6.4517e-01
+6.57544e+04 -7.51642e+04 3010294 1 5.3400e-01
+5.38203e+04 -7.54413e+04 3010324 1 7.1344e-01
+4.81220e+04 -8.66453e+04 1010677 1 8.1583e-01
+5.00456e+04 -8.64701e+04 1010678 1 7.8498e-01
+5.19501e+04 -8.62903e+04 1010679 1 7.5379e-01
+5.38345e+04 -8.61084e+04 1010680 1 7.2451e-01
+5.56984e+04 -8.59266e+04 1010681 1 6.9600e-01
+5.75420e+04 -8.57466e+04 1010682 1 6.6778e-01
+5.93658e+04 -8.55700e+04 1010683 1 6.4013e-01
+6.11704e+04 -8.53980e+04 1010684 1 6.1329e-01
+6.29567e+04 -8.52316e+04 1010685 1 5.8715e-01
+6.47254e+04 -8.50717e+04 1010686 1 5.6198e-01
+6.64773e+04 -8.49192e+04 1010687 1 5.3841e-01
+6.82131e+04 -8.47743e+04 1010688 1 5.1643e-01
+6.99339e+04 -8.46376e+04 1010689 1 4.9558e-01
+7.16410e+04 -8.45094e+04 1010690 1 4.7591e-01
+7.33351e+04 -8.43902e+04 1010691 1 4.5742e-01
+7.50176e+04 -8.42802e+04 1010692 1 4.4027e-01
+7.66894e+04 -8.41797e+04 1010693 1 4.2442e-01
+7.83516e+04 -8.40887e+04 1010694 1 4.1012e-01
+8.00053e+04 -8.40074e+04 1010695 1 3.9735e-01
+8.16516e+04 -8.39358e+04 1010696 1 3.8629e-01
+8.32916e+04 -8.38740e+04 1010697 1 3.7673e-01
+8.49263e+04 -8.38222e+04 1010698 1 3.6900e-01
+8.65575e+04 -8.37797e+04 1010699 1 3.6366e-01
+8.81870e+04 -8.37479e+04 1010700 1 3.6037e-01
+8.98162e+04 -8.37278e+04 1010701 1 3.5849e-01
+8.67839e+04 -7.93181e+04 3010075 1 3.1801e-01
+8.83765e+04 -7.83647e+04 3010115 1 3.0105e-01
+8.99306e+04 -7.74115e+04 3010155 1 2.8442e-01
+8.69676e+04 -7.65131e+04 3010192 1 2.8080e-01
+7.49755e+04 -7.71619e+04 3010184 1 3.9828e-01
+8.24849e+04 -7.66749e+04 3010189 1 3.1345e-01
+6.03058e+04 -7.77297e+04 3010213 1 6.1384e-01
+6.33030e+04 -7.73848e+04 3010215 1 5.6804e-01
+6.18044e+04 -7.75565e+04 3010214 1 5.9110e-01
+5.73121e+04 -7.80755e+04 3010211 1 6.5857e-01
+7.07757e+04 -7.65877e+04 3010220 1 4.5438e-01
+8.40928e+04 -7.56454e+04 3010229 1 2.8889e-01
+8.55641e+04 -7.55922e+04 3010230 1 2.7690e-01
+8.70345e+04 -7.55508e+04 3010231 1 2.6724e-01
+5.21920e+04 -7.76548e+04 3010246 1 7.3327e-01
+6.08843e+04 -7.67003e+04 3010252 1 6.0782e-01
+6.38103e+04 -7.63655e+04 3010254 1 5.6264e-01
+4.89117e+04 -7.69048e+04 3010282 1 7.7124e-01
+6.14676e+04 -7.56466e+04 3010291 1 6.0146e-01
+5.51719e+04 -7.53110e+04 3010325 1 6.9584e-01
+6.06651e+04 -7.47237e+04 3010329 1 6.1599e-01
+5.65336e+04 -7.51723e+04 3010326 1 6.7724e-01
+5.79040e+04 -7.50271e+04 3010327 1 6.5785e-01
+4.82743e+04 -7.47138e+04 3010358 1 7.6591e-01
+4.68655e+04 -8.60126e+04 1010715 1 8.1899e-01
+4.87480e+04 -8.58410e+04 1010716 1 7.9121e-01
+5.06166e+04 -8.56620e+04 1010717 1 7.6294e-01
+5.24700e+04 -8.54786e+04 1010718 1 7.3437e-01
+5.43074e+04 -8.52931e+04 1010719 1 7.0584e-01
+5.61285e+04 -8.51077e+04 1010720 1 6.7745e-01
+5.79333e+04 -8.49241e+04 1010721 1 6.5010e-01
+5.97212e+04 -8.47438e+04 1010722 1 6.2409e-01
+6.14927e+04 -8.45679e+04 1010723 1 5.9873e-01
+6.32482e+04 -8.43977e+04 1010724 1 5.7411e-01
+6.49885e+04 -8.42338e+04 1010725 1 5.5027e-01
+6.67142e+04 -8.40772e+04 1010726 1 5.2743e-01
+6.84260e+04 -8.39283e+04 1010727 1 5.0559e-01
+7.01249e+04 -8.37877e+04 1010728 1 4.8500e-01
+7.18116e+04 -8.36558e+04 1010729 1 4.6579e-01
+7.34868e+04 -8.35331e+04 1010730 1 4.4791e-01
+7.51515e+04 -8.34197e+04 1010731 1 4.3121e-01
+7.68066e+04 -8.33160e+04 1010732 1 4.1588e-01
+7.84532e+04 -8.32220e+04 1010733 1 4.0196e-01
+8.00920e+04 -8.31381e+04 1010734 1 3.8941e-01
+8.17243e+04 -8.30641e+04 1010735 1 3.7850e-01
+8.33510e+04 -8.30004e+04 1010736 1 3.6913e-01
+8.49733e+04 -8.29470e+04 1010737 1 3.6169e-01
+8.65926e+04 -8.29038e+04 1010738 1 3.5616e-01
+8.82104e+04 -8.28720e+04 1010739 1 3.5264e-01
+8.98279e+04 -8.28521e+04 1010740 1 3.5067e-01
+8.83379e+04 -7.92867e+04 3010076 1 3.1319e-01
+8.68420e+04 -7.83958e+04 3010114 1 3.0630e-01
+8.38725e+04 -7.75588e+04 3010151 1 3.1236e-01
+8.23547e+04 -7.76250e+04 3010150 1 3.2420e-01
+7.93123e+04 -7.77908e+04 3010148 1 3.5294e-01
+6.43355e+04 -7.82083e+04 3010177 1 5.4979e-01
+7.79869e+04 -7.69366e+04 3010186 1 3.6087e-01
+6.73913e+04 -7.78759e+04 3010179 1 5.0426e-01
+7.34653e+04 -7.72886e+04 3010183 1 4.1831e-01
+7.37502e+04 -7.63138e+04 3010222 1 4.1192e-01
+7.22641e+04 -7.64469e+04 3010221 1 4.3292e-01
+8.26204e+04 -7.57098e+04 3010228 1 3.0259e-01
+5.50654e+04 -7.73577e+04 3010248 1 6.9445e-01
+5.07703e+04 -7.77887e+04 3010245 1 7.5095e-01
+4.93613e+04 -7.79100e+04 3010244 1 7.6732e-01
+5.94240e+04 -7.68684e+04 3010251 1 6.3002e-01
+6.67384e+04 -7.60404e+04 3010256 1 5.1671e-01
+6.96640e+04 -7.57333e+04 3010258 1 4.7093e-01
+5.72090e+04 -7.61260e+04 3010288 1 6.6628e-01
+6.43237e+04 -7.53232e+04 3010293 1 5.5663e-01
+5.20347e+04 -7.45056e+04 3010361 1 7.3188e-01
+6.20534e+04 -7.45685e+04 3010330 1 5.9433e-01
+4.95086e+04 -7.46619e+04 3010359 1 7.5624e-01
+5.46240e+04 -7.42929e+04 3010363 1 7.0159e-01
+5.59379e+04 -7.41705e+04 3010364 1 6.8464e-01
+5.85959e+04 -7.39023e+04 3010366 1 6.4786e-01
+5.72623e+04 -7.40397e+04 3010365 1 6.6669e-01
+4.75686e+04 -8.51832e+04 1010754 1 7.9765e-01
+4.93944e+04 -8.50089e+04 1010755 1 7.7023e-01
+5.12103e+04 -8.48276e+04 1010756 1 7.4374e-01
+5.30146e+04 -8.46420e+04 1010757 1 7.1709e-01
+5.48063e+04 -8.44544e+04 1010758 1 6.9031e-01
+5.65849e+04 -8.42667e+04 1010759 1 6.6384e-01
+5.83499e+04 -8.40807e+04 1010760 1 6.3754e-01
+6.01015e+04 -8.38978e+04 1010761 1 6.1176e-01
+6.18396e+04 -8.37193e+04 1010762 1 5.8665e-01
+6.35642e+04 -8.35463e+04 1010763 1 5.6295e-01
+6.52756e+04 -8.33796e+04 1010764 1 5.3995e-01
+6.69744e+04 -8.32200e+04 1010765 1 5.1787e-01
+6.86611e+04 -8.30682e+04 1010766 1 4.9670e-01
+7.03364e+04 -8.29246e+04 1010767 1 4.7664e-01
+7.20010e+04 -8.27899e+04 1010768 1 4.5756e-01
+7.36558e+04 -8.26643e+04 1010769 1 4.3981e-01
+7.53014e+04 -8.25483e+04 1010770 1 4.2317e-01
+7.69385e+04 -8.24421e+04 1010771 1 4.0797e-01
+7.85680e+04 -8.23458e+04 1010772 1 3.9406e-01
+8.01907e+04 -8.22598e+04 1010773 1 3.8155e-01
+8.18076e+04 -8.21841e+04 1010774 1 3.7067e-01
+8.34196e+04 -8.21189e+04 1010775 1 3.6130e-01
+8.50278e+04 -8.20644e+04 1010776 1 3.5383e-01
+8.66335e+04 -8.20208e+04 1010777 1 3.4810e-01
+8.82377e+04 -8.19891e+04 1010778 1 3.4429e-01
+8.98415e+04 -8.19694e+04 1010779 1 3.4210e-01
+8.53886e+04 -7.75040e+04 3010152 1 3.0219e-01
+7.04349e+04 -7.75673e+04 3010181 1 4.6041e-01
+6.28037e+04 -7.83812e+04 3010176 1 5.7289e-01
+6.89147e+04 -7.77183e+04 3010180 1 4.8212e-01
+7.64827e+04 -7.70444e+04 3010185 1 3.7894e-01
+6.48008e+04 -7.72158e+04 3010216 1 5.4483e-01
+5.43304e+04 -7.84100e+04 3010209 1 7.0181e-01
+5.88080e+04 -7.79032e+04 3010212 1 6.3637e-01
+6.62973e+04 -7.70507e+04 3010217 1 5.2168e-01
+5.58191e+04 -7.82450e+04 3010210 1 6.8043e-01
+6.92850e+04 -7.67358e+04 3010219 1 4.7654e-01
+7.52339e+04 -7.61892e+04 3010223 1 3.9128e-01
+7.67152e+04 -7.60736e+04 3010224 1 3.7140e-01
+7.96715e+04 -7.58711e+04 3010226 1 3.3460e-01
+7.81944e+04 -7.59674e+04 3010225 1 3.5255e-01
+8.11468e+04 -7.57852e+04 3010227 1 3.1770e-01
+8.85043e+04 -7.55209e+04 3010232 1 2.6009e-01
+8.99737e+04 -7.55026e+04 3010233 1 2.5536e-01
+5.79666e+04 -7.70350e+04 3010250 1 6.5204e-01
+5.36244e+04 -7.75104e+04 3010247 1 7.1460e-01
+6.52744e+04 -7.62012e+04 3010255 1 5.3978e-01
+7.11251e+04 -7.55886e+04 3010259 1 4.4860e-01
+6.82017e+04 -7.58841e+04 3010257 1 4.9373e-01
+4.75786e+04 -7.69882e+04 3010281 1 7.8386e-01
+5.58005e+04 -7.62784e+04 3010287 1 6.8662e-01
+6.00437e+04 -7.58085e+04 3010290 1 6.2348e-01
+6.28946e+04 -7.54844e+04 3010292 1 5.7907e-01
+4.98442e+04 -7.57631e+04 3010321 1 7.5886e-01
+5.11546e+04 -7.56694e+04 3010322 1 7.4510e-01
+5.24806e+04 -7.55615e+04 3010323 1 7.2990e-01
+4.72794e+04 -7.58985e+04 3010319 1 7.8124e-01
+5.92816e+04 -7.48771e+04 3010328 1 6.3726e-01
+5.07628e+04 -7.45918e+04 3010360 1 7.4494e-01
+5.33224e+04 -7.44053e+04 3010362 1 7.1739e-01
+4.70621e+04 -7.47450e+04 3010357 1 7.7352e-01
+6.34457e+04 -7.44127e+04 3010331 1 5.7226e-01
+5.99375e+04 -7.37598e+04 3010367 1 6.2827e-01
+4.82892e+04 -8.43247e+04 1010793 1 7.8096e-01
+5.00600e+04 -8.41492e+04 1010794 1 7.5556e-01
+5.18244e+04 -8.39669e+04 1010795 1 7.2962e-01
+5.35808e+04 -8.37803e+04 1010796 1 7.0329e-01
+5.53280e+04 -8.35917e+04 1010797 1 6.7769e-01
+5.70649e+04 -8.34030e+04 1010798 1 6.5224e-01
+5.87909e+04 -8.32158e+04 1010799 1 6.2712e-01
+6.05058e+04 -8.30316e+04 1010800 1 6.0237e-01
+6.22096e+04 -8.28516e+04 1010801 1 5.7818e-01
+6.39023e+04 -8.26768e+04 1010802 1 5.5449e-01
+6.55842e+04 -8.25083e+04 1010803 1 5.3169e-01
+6.72554e+04 -8.23469e+04 1010804 1 5.0986e-01
+6.89162e+04 -8.21931e+04 1010805 1 4.8896e-01
+7.05672e+04 -8.20475e+04 1010806 1 4.6904e-01
+7.22087e+04 -8.19107e+04 1010807 1 4.5011e-01
+7.38417e+04 -8.17831e+04 1010808 1 4.3235e-01
+7.54666e+04 -8.16652e+04 1010809 1 4.1565e-01
+7.70842e+04 -8.15571e+04 1010810 1 4.0032e-01
+7.86952e+04 -8.14591e+04 1010811 1 3.8626e-01
+8.03003e+04 -8.13716e+04 1010812 1 3.7368e-01
+8.19004e+04 -8.12946e+04 1010813 1 3.6260e-01
+8.34963e+04 -8.12285e+04 1010814 1 3.5301e-01
+8.50889e+04 -8.11733e+04 1010815 1 3.4526e-01
+8.66793e+04 -8.11296e+04 1010816 1 3.3920e-01
+8.82683e+04 -8.10979e+04 1010817 1 3.3507e-01
+8.98567e+04 -8.10784e+04 1010818 1 3.3264e-01
+7.40431e+04 -8.08887e+04 3010028 1 4.2531e-01
+7.24329e+04 -8.10175e+04 3010027 1 4.4343e-01
+7.08152e+04 -8.11554e+04 3010026 1 4.6243e-01
+6.91895e+04 -8.13021e+04 3010025 1 4.8260e-01
+6.75554e+04 -8.14570e+04 3010024 1 5.0344e-01
+6.59129e+04 -8.16194e+04 3010023 1 5.2524e-01
+8.99104e+04 -7.83456e+04 3010116 1 2.9774e-01
+8.09878e+04 -7.67514e+04 3010188 1 3.2785e-01
+8.54746e+04 -7.65553e+04 3010191 1 2.8970e-01
+6.23467e+04 -7.65323e+04 3010253 1 5.8532e-01
