+4.25245e+01 -2.89077e+04 4010000 1 8.6947e-01
+2.75941e+03 -2.90053e+04 4010001 1 8.7749e-01
+5.44139e+03 -2.92770e+04 4010002 1 8.9859e-01
+8.05713e+03 -2.97163e+04 4010003 1 9.2742e-01
+1.05796e+04 -3.03090e+04 4010004 1 9.5800e-01
+1.29882e+04 -3.10363e+04 4010005 1 9.8429e-01
+1.52689e+04 -3.18780e+04 4010006 1 1.0031e+00
+1.74138e+04 -3.28134e+04 4010007 1 1.0122e+00
+1.94203e+04 -3.38225e+04 4010008 1 1.0110e+00
+2.12903e+04 -3.48868e+04 4010009 1 9.9984e-01
+2.30284e+04 -3.59902e+04 4010010 1 9.8066e-01
+2.46416e+04 -3.71180e+04 4010011 1 9.5343e-01
+2.61382e+04 -3.82581e+04 4010012 1 9.2022e-01
+2.75274e+04 -3.93999e+04 4010013 1 8.8110e-01
+2.88190e+04 -4.05346e+04 4010014 1 8.3652e-01
+3.00234e+04 -4.16544e+04 4010015 1 7.8784e-01
+3.11492e+04 -4.27538e+04 4010016 1 7.5008e-01
+3.22029e+04 -4.38282e+04 4010017 1 7.0427e-01
+3.31979e+04 -4.48723e+04 4010018 1 6.5815e-01
+3.41373e+04 -4.58845e+04 4010019 1 6.2530e-01
+3.50332e+04 -4.68608e+04 4010020 1 5.9090e-01
+3.58876e+04 -4.78008e+04 4010021 1 5.6252e-01
+3.67114e+04 -4.87015e+04 4010022 1 5.4027e-01
+1.35029e+03 -4.25776e+04 10657 0 7.8043e-01
+2.61241e+03 -4.55387e+04 10577 0 8.2701e-01
+1.87048e+04 -4.46288e+04 2010254 1 1.1684e+00
+2.03301e+04 -4.56380e+04 2010296 1 1.1249e+00
+1.69233e+04 -4.35638e+04 2010212 1 1.1976e+00
+1.57924e+04 -3.94250e+04 2010375 1 1.1962e+00
+1.96239e+04 -4.09688e+04 2010459 1 1.1525e+00
+1.78817e+04 -3.87561e+04 2010499 1 1.1573e+00
+1.97376e+04 -3.93974e+04 2010541 1 1.1302e+00
+2.14586e+04 -3.99828e+04 2010583 1 1.0902e+00
+2.30670e+04 -4.04945e+04 2010625 1 1.0464e+00
+2.72953e+04 -4.25305e+04 2010710 1 8.9164e-01
+2.45833e+04 -4.09198e+04 2010667 1 9.9685e-01
+2.97363e+04 -4.39094e+04 2010753 1 7.9802e-01
+3.29471e+04 -4.61083e+04 2010797 1 6.6002e-01
+3.19933e+04 -4.50303e+04 2010796 1 7.0151e-01
+4.20181e+01 -2.83806e+04 4010041 1 8.5734e-01
+2.72685e+03 -2.84724e+04 4010042 1 8.6472e-01
+5.37918e+03 -2.87280e+04 4010043 1 8.8418e-01
+7.96972e+03 -2.91418e+04 4010044 1 9.1054e-01
+1.04732e+04 -2.97007e+04 4010045 1 9.3905e-01
+1.28699e+04 -3.03879e+04 4010046 1 9.6398e-01
+1.51463e+04 -3.11845e+04 4010047 1 9.8187e-01
+1.72944e+04 -3.20715e+04 4010048 1 9.9161e-01
+1.93110e+04 -3.30304e+04 4010049 1 9.9177e-01
+2.11973e+04 -3.40440e+04 4010050 1 9.8209e-01
+2.29574e+04 -3.50967e+04 4010051 1 9.6395e-01
+2.45975e+04 -3.61748e+04 4010052 1 9.3827e-01
+2.61250e+04 -3.72666e+04 4010053 1 9.0876e-01
+2.75479e+04 -3.83621e+04 4010054 1 8.7349e-01
+2.88752e+04 -3.94527e+04 4010055 1 8.3247e-01
+3.01165e+04 -4.05309e+04 4010056 1 7.8671e-01
+3.12818e+04 -4.15904e+04 4010057 1 7.4652e-01
+3.23748e+04 -4.26279e+04 4010058 1 7.0548e-01
+3.34083e+04 -4.36376e+04 4010059 1 6.5801e-01
+3.43874e+04 -4.46174e+04 4010060 1 6.2725e-01
+3.53213e+04 -4.55637e+04 4010061 1 5.8671e-01
+3.62133e+04 -4.64759e+04 4010062 1 5.6365e-01
+3.70732e+04 -4.73512e+04 4010063 1 5.4074e-01
+3.79042e+04 -4.81891e+04 4010064 1 5.1442e-01
+1.15932e+04 -4.74962e+04 10706 0 1.0774e+00
+1.41907e+03 -4.71289e+04 10535 0 8.9430e-01
+1.76108e+03 -4.53439e+04 10576 0 8.3614e-01
+1.94753e+03 -4.08374e+04 10739 1 8.3667e-01
+1.71885e+04 -4.29472e+04 2010253 1 1.2009e+00
+6.37399e+03 -4.12642e+04 10782 1 9.4849e-01
+2.18314e+04 -4.65631e+04 2010338 1 1.0704e+00
+1.52191e+04 -4.19273e+04 2010211 1 1.2096e+00
+1.34110e+04 -3.98354e+04 2010251 1 1.1972e+00
+1.35268e+04 -3.92507e+04 2010292 1 1.1951e+00
+1.54280e+04 -4.13350e+04 2010252 1 1.2103e+00
+1.58440e+04 -3.87597e+04 2010416 1 1.1846e+00
+1.36059e+04 -3.86516e+04 2010333 1 1.1886e+00
+1.58668e+04 -3.74051e+04 2010498 1 1.1569e+00
+2.29976e+04 -4.13945e+04 2010584 1 1.0544e+00
+1.78875e+04 -3.80187e+04 2010540 1 1.1435e+00
+1.58443e+04 -3.67201e+04 2010539 1 1.1409e+00
+2.31079e+04 -3.95921e+04 2010666 1 1.0358e+00
+2.60239e+04 -4.12514e+04 2010709 1 9.4094e-01
+3.09809e+04 -4.39197e+04 2010795 1 7.5081e-01
+4.15058e+01 -2.78469e+04 4010082 1 8.4502e-01
+2.69389e+03 -2.79332e+04 4010083 1 8.5166e-01
+5.31602e+03 -2.81735e+04 4010084 1 8.6941e-01
+7.88055e+03 -2.85629e+04 4010085 1 8.9385e-01
+1.03638e+04 -2.90893e+04 4010086 1 9.2016e-01
+1.27471e+04 -2.97376e+04 4010087 1 9.4367e-01
+1.50171e+04 -3.04906e+04 4010088 1 9.6116e-01
+1.71660e+04 -3.13306e+04 4010089 1 9.7050e-01
+1.91903e+04 -3.22404e+04 4010090 1 9.7145e-01
+2.10905e+04 -3.32041e+04 4010091 1 9.6392e-01
+2.28696e+04 -3.42070e+04 4010092 1 9.4849e-01
+2.45332e+04 -3.52361e+04 4010093 1 9.2441e-01
+2.60885e+04 -3.62800e+04 4010094 1 8.9384e-01
+2.75428e+04 -3.73291e+04 4010095 1 8.6359e-01
+2.89033e+04 -3.83754e+04 4010096 1 8.2675e-01
+3.01791e+04 -3.94116e+04 4010097 1 7.8416e-01
+3.13802e+04 -4.04313e+04 4010098 1 7.3743e-01
+3.25109e+04 -4.14310e+04 4010099 1 7.0524e-01
+3.35807e+04 -4.24057e+04 4010100 1 6.5977e-01
+3.45975e+04 -4.33523e+04 4010101 1 6.2832e-01
+3.55672e+04 -4.42683e+04 4010102 1 5.8861e-01
+3.64953e+04 -4.51519e+04 4010103 1 5.6408e-01
+3.73899e+04 -4.60007e+04 4010104 1 5.4018e-01
+3.82540e+04 -4.68146e+04 4010105 1 5.1434e-01
+3.90935e+04 -4.75923e+04 4010106 1 4.9962e-01
+3.99138e+04 -4.83327e+04 4010107 1 4.8693e-01
+1.07746e+04 -4.64288e+04 10705 0 1.0330e+00
+2.10799e+03 -4.73029e+04 10536 0 8.7398e-01
+5.17652e+03 -4.49562e+04 10620 0 8.5209e-01
+2.32378e+04 -4.73851e+04 2010380 1 1.0092e+00
+1.32523e+04 -4.04017e+04 2010210 1 1.1965e+00
+1.11365e+04 -3.84982e+04 2010250 1 1.1597e+00
+8.61908e+03 -3.73775e+04 2010249 1 1.1024e+00
+2.14861e+04 -3.91335e+04 2010624 1 1.0793e+00
+2.86152e+04 -4.27072e+04 2010752 1 8.3957e-01
+2.74029e+04 -4.14855e+04 2010751 1 8.9034e-01
+2.98978e+04 -4.27810e+04 2010794 1 7.9014e-01
+4.09894e+01 -2.73067e+04 4010123 1 8.3250e-01
+2.66063e+03 -2.73876e+04 4010124 1 8.3852e-01
+5.25213e+03 -2.76132e+04 4010125 1 8.5477e-01
+7.78994e+03 -2.79792e+04 4010126 1 8.7714e-01
+1.02519e+04 -2.84746e+04 4010127 1 9.0141e-01
+1.26202e+04 -2.90854e+04 4010128 1 9.2349e-01
+1.48822e+04 -2.97962e+04 4010129 1 9.4019e-01
+1.70297e+04 -3.05905e+04 4010130 1 9.4990e-01
+1.90591e+04 -3.14527e+04 4010131 1 9.5109e-01
+2.09706e+04 -3.23675e+04 4010132 1 9.4443e-01
+2.27663e+04 -3.33213e+04 4010133 1 9.3133e-01
+2.44510e+04 -3.43020e+04 4010134 1 9.1034e-01
+2.60307e+04 -3.52986e+04 4010135 1 8.8289e-01
+2.75132e+04 -3.63017e+04 4010136 1 8.4909e-01
+2.89049e+04 -3.73035e+04 4010137 1 8.1915e-01
+3.02127e+04 -3.82976e+04 4010138 1 7.8016e-01
+3.14467e+04 -3.92775e+04 4010139 1 7.3610e-01
+3.26131e+04 -4.02388e+04 4010140 1 7.0343e-01
+3.37173e+04 -4.11780e+04 4010141 1 6.6066e-01
+3.47694e+04 -4.20910e+04 4010142 1 6.2837e-01
+3.57732e+04 -4.29759e+04 4010143 1 5.9002e-01
+3.67357e+04 -4.38304e+04 4010144 1 5.6453e-01
+3.76633e+04 -4.46522e+04 4010145 1 5.3897e-01
+3.85592e+04 -4.54412e+04 4010146 1 5.1337e-01
+3.94294e+04 -4.61960e+04 4010147 1 4.9781e-01
+4.02790e+04 -4.69157e+04 4010148 1 4.8439e-01
+4.11112e+04 -4.76000e+04 4010149 1 4.7103e-01
+4.19288e+04 -4.82492e+04 4010150 1 4.5812e-01
+1.05898e+04 -4.81231e+04 10666 0 1.0228e+00
+3.21611e+03 -4.41652e+04 10618 0 8.1617e-01
+3.43748e+03 -4.58229e+04 10578 0 8.4736e-01
+7.52492e+03 -4.36342e+04 10702 0 9.0974e-01
+5.13895e+03 -4.35577e+04 10660 0 8.3661e-01
+8.73952e+03 -4.44760e+04 10703 0 9.5546e-01
+6.18988e+03 -4.29120e+04 10701 0 8.6908e-01
+7.28422e+03 -4.24953e+04 10742 1 9.3233e-01
+1.49547e+04 -4.24865e+04 2010170 1 1.2051e+00
+1.12148e+04 -3.79461e+04 2010291 1 1.1575e+00
+1.36533e+04 -3.80414e+04 2010374 1 1.1797e+00
+1.36736e+04 -3.74226e+04 2010415 1 1.1674e+00
+1.58677e+04 -3.80856e+04 2010457 1 1.1723e+00
+1.97534e+04 -3.86032e+04 2010582 1 1.1158e+00
+1.78706e+04 -3.72775e+04 2010581 1 1.1271e+00
+1.97450e+04 -3.78064e+04 2010623 1 1.1010e+00
+2.14889e+04 -3.82824e+04 2010665 1 1.0658e+00
+2.46369e+04 -3.99671e+04 2010708 1 9.8534e-01
+4.04701e+01 -2.67595e+04 4010164 1 8.1961e-01
+2.62715e+03 -2.68354e+04 4010165 1 8.2503e-01
+5.18767e+03 -2.70471e+04 4010166 1 8.3987e-01
+7.69818e+03 -2.73906e+04 4010167 1 8.6052e-01
+1.01379e+04 -2.78561e+04 4010168 1 8.8290e-01
+1.24899e+04 -2.84310e+04 4010169 1 9.0351e-01
+1.47420e+04 -2.91010e+04 4010170 1 9.1946e-01
+1.68863e+04 -2.98512e+04 4010171 1 9.2872e-01
+1.89188e+04 -3.06668e+04 4010172 1 9.3107e-01
+2.08388e+04 -3.15341e+04 4010173 1 9.2556e-01
+2.26485e+04 -3.24397e+04 4010174 1 9.1260e-01
+2.43518e+04 -3.33726e+04 4010175 1 8.9482e-01
+2.59537e+04 -3.43224e+04 4010176 1 8.7055e-01
+2.74610e+04 -3.52802e+04 4010177 1 8.4009e-01
+2.88815e+04 -3.62377e+04 4010178 1 8.0840e-01
+3.02192e+04 -3.71897e+04 4010179 1 7.7477e-01
+3.14837e+04 -3.81296e+04 4010180 1 7.3353e-01
+3.26831e+04 -3.90524e+04 4010181 1 7.0011e-01
+3.38197e+04 -3.99558e+04 4010182 1 6.6067e-01
+3.49050e+04 -4.08346e+04 4010183 1 6.2746e-01
+3.59411e+04 -4.16880e+04 4010184 1 5.9075e-01
+3.69362e+04 -4.25127e+04 4010185 1 5.6442e-01
+3.78953e+04 -4.33069e+04 4010186 1 5.3786e-01
+3.88215e+04 -4.40705e+04 4010187 1 5.1214e-01
+3.97213e+04 -4.48016e+04 4010188 1 4.9587e-01
+4.05991e+04 -4.54996e+04 4010189 1 4.8140e-01
+4.14578e+04 -4.61643e+04 4010190 1 4.6723e-01
+4.23005e+04 -4.67957e+04 4010191 1 4.5272e-01
+4.31309e+04 -4.73935e+04 4010192 1 4.4734e-01
+4.39524e+04 -4.79581e+04 4010193 1 4.4367e-01
+4.47673e+04 -4.84897e+04 4010194 1 4.4072e-01
+3.42874e+03 -4.78218e+04 10538 0 8.9112e-01
+4.22950e+03 -4.61674e+04 10579 0 8.5575e-01
+1.10214e+04 -3.90387e+04 2010209 1 1.1584e+00
+1.12621e+04 -3.73847e+04 2010332 1 1.1511e+00
+1.36465e+04 -3.61669e+04 2010497 1 1.1379e+00
+2.31223e+04 -3.86891e+04 2010707 1 1.0221e+00
+2.46628e+04 -3.90152e+04 2010749 1 9.7631e-01
+2.87330e+04 -4.16199e+04 2010793 1 8.3884e-01
+3.99488e+01 -2.62053e+04 4010205 1 8.0675e-01
+2.59353e+03 -2.62764e+04 4010206 1 8.1163e-01
+5.12280e+03 -2.64746e+04 4010207 1 8.2504e-01
+7.60547e+03 -2.67967e+04 4010208 1 8.4384e-01
+1.00221e+04 -2.72337e+04 4010209 1 8.6455e-01
+1.23566e+04 -2.77741e+04 4010210 1 8.8373e-01
+1.45974e+04 -2.84048e+04 4010211 1 8.9883e-01
+1.67365e+04 -2.91123e+04 4010212 1 9.0804e-01
+1.87700e+04 -2.98828e+04 4010213 1 9.1034e-01
+2.06964e+04 -3.07035e+04 4010214 1 9.0665e-01
+2.25174e+04 -3.15624e+04 4010215 1 8.9524e-01
+2.42367e+04 -3.24483e+04 4010216 1 8.7740e-01
+2.58586e+04 -3.33518e+04 4010217 1 8.5664e-01
+2.73885e+04 -3.42646e+04 4010218 1 8.2961e-01
+2.88337e+04 -3.51788e+04 4010219 1 7.9574e-01
+3.02000e+04 -3.60882e+04 4010220 1 7.6790e-01
+3.14929e+04 -3.69881e+04 4010221 1 7.2986e-01
+3.27225e+04 -3.78725e+04 4010222 1 6.9440e-01
+3.38897e+04 -3.87397e+04 4010223 1 6.5984e-01
+3.50060e+04 -3.95842e+04 4010224 1 6.2548e-01
+3.60728e+04 -4.04055e+04 4010225 1 5.9093e-01
+3.70985e+04 -4.12000e+04 4010226 1 5.6406e-01
+3.80876e+04 -4.19662e+04 4010227 1 5.3604e-01
+3.90428e+04 -4.27038e+04 4010228 1 5.1139e-01
+3.99709e+04 -4.34106e+04 4010229 1 4.9383e-01
+4.08757e+04 -4.40862e+04 4010230 1 4.7810e-01
+4.17600e+04 -4.47305e+04 4010231 1 4.6319e-01
+4.26270e+04 -4.53434e+04 4010232 1 4.4880e-01
+4.34802e+04 -4.59244e+04 4010233 1 4.4152e-01
+4.43231e+04 -4.64736e+04 4010234 1 4.3659e-01
+4.51576e+04 -4.69915e+04 4010235 1 4.3324e-01
+4.59862e+04 -4.74785e+04 4010236 1 4.3043e-01
+2.77974e+03 -4.75260e+04 10537 0 9.1817e-01
+4.68108e+04 -4.79350e+04 4010237 1 4.2890e-01
+4.22094e+03 -4.45169e+04 10619 0 8.2120e-01
+9.91541e+03 -4.32555e+04 10784 1 1.0417e+00
+1.12820e+04 -3.62412e+04 2010414 1 1.1304e+00
+1.36702e+04 -3.67972e+04 2010456 1 1.1538e+00
+2.60893e+04 -4.02517e+04 2010750 1 9.3618e-01
+2.74797e+04 -4.04415e+04 2010792 1 8.8674e-01
+2.61268e+04 -3.92535e+04 2010791 1 9.2929e-01
+3.94263e+01 -2.56438e+04 4010246 1 7.9339e-01
+2.55981e+03 -2.57104e+04 4010247 1 7.9776e-01
+5.05760e+03 -2.58958e+04 4010248 1 8.1005e-01
+7.51200e+03 -2.61975e+04 4010249 1 8.2735e-01
+9.90474e+03 -2.66071e+04 4010250 1 8.4635e-01
+1.22208e+04 -2.71143e+04 4010251 1 8.6419e-01
+1.44488e+04 -2.77072e+04 4010252 1 8.7835e-01
+1.65811e+04 -2.83734e+04 4010253 1 8.8741e-01
+1.86133e+04 -2.91003e+04 4010254 1 8.9031e-01
+2.05441e+04 -2.98758e+04 4010255 1 8.8679e-01
+2.23743e+04 -3.06887e+04 4010256 1 8.7749e-01
+2.41068e+04 -3.15289e+04 4010257 1 8.6176e-01
+2.57462e+04 -3.23869e+04 4010258 1 8.4079e-01
+2.72966e+04 -3.32551e+04 4010259 1 8.1775e-01
+2.87642e+04 -3.41263e+04 4010260 1 7.8735e-01
+3.01565e+04 -3.49937e+04 4010261 1 7.5896e-01
+3.14756e+04 -3.58537e+04 4010262 1 7.2508e-01
+3.27325e+04 -3.67000e+04 4010263 1 6.8472e-01
+3.39289e+04 -3.75306e+04 4010264 1 6.5802e-01
+3.50740e+04 -3.83406e+04 4010265 1 6.2200e-01
+3.61697e+04 -3.91295e+04 4010266 1 5.9068e-01
+3.72245e+04 -3.98933e+04 4010267 1 5.6336e-01
+3.82417e+04 -4.06310e+04 4010268 1 5.3295e-01
+3.92247e+04 -4.13420e+04 4010269 1 5.1047e-01
+4.01798e+04 -4.20241e+04 4010270 1 4.9228e-01
+4.11105e+04 -4.26768e+04 4010271 1 4.7489e-01
+4.20195e+04 -4.33000e+04 4010272 1 4.5913e-01
+4.29098e+04 -4.38936e+04 4010273 1 4.4452e-01
+4.37853e+04 -4.44570e+04 4010274 1 4.3688e-01
+4.46488e+04 -4.49903e+04 4010275 1 4.2993e-01
+4.55026e+04 -4.54938e+04 4010276 1 4.2568e-01
+4.63488e+04 -4.59680e+04 4010277 1 4.2256e-01
+4.64181e+03 -4.85816e+04 10540 0 9.1713e-01
+9.92291e+03 -4.72066e+04 10665 0 9.7623e-01
+6.97271e+03 -4.08091e+04 10823 1 9.9589e-01
+1.89765e+04 -4.39485e+04 2010295 1 1.1702e+00
+1.12832e+04 -3.68159e+04 2010373 1 1.1423e+00
+1.12618e+04 -3.56617e+04 2010455 1 1.1173e+00
+1.78333e+04 -3.65341e+04 2010622 1 1.1098e+00
+1.97153e+04 -3.70082e+04 2010664 1 1.0850e+00
+2.14686e+04 -3.74311e+04 2010706 1 1.0498e+00
+2.14273e+04 -3.65810e+04 2010747 1 1.0346e+00
+3.89031e+01 -2.50748e+04 4010287 1 7.8012e-01
+2.52602e+03 -2.51370e+04 4010288 1 7.8400e-01
+4.99214e+03 -2.53103e+04 4010289 1 7.9506e-01
+7.41789e+03 -2.55924e+04 4010290 1 8.1077e-01
+9.78613e+03 -2.59759e+04 4010291 1 8.2829e-01
+1.20826e+04 -2.64513e+04 4010292 1 8.4481e-01
+1.42966e+04 -2.70080e+04 4010293 1 8.5824e-01
+1.64203e+04 -2.76344e+04 4010294 1 8.6677e-01
+1.84496e+04 -2.83189e+04 4010295 1 8.7025e-01
+2.03824e+04 -2.90506e+04 4010296 1 8.6742e-01
+2.22198e+04 -2.98188e+04 4010297 1 8.5873e-01
+2.39634e+04 -3.06140e+04 4010298 1 8.4574e-01
+2.56174e+04 -3.14277e+04 4010299 1 8.2550e-01
+2.71864e+04 -3.22517e+04 4010300 1 8.0435e-01
+2.86745e+04 -3.30804e+04 4010301 1 7.7785e-01
+3.00890e+04 -3.39066e+04 4010302 1 7.4437e-01
+3.14334e+04 -3.47265e+04 4010303 1 7.1926e-01
+3.27149e+04 -3.55350e+04 4010304 1 6.8143e-01
+3.39388e+04 -3.63287e+04 4010305 1 6.5509e-01
+3.51103e+04 -3.71045e+04 4010306 1 6.1541e-01
+3.62336e+04 -3.78605e+04 4010307 1 5.9001e-01
+3.73156e+04 -3.85934e+04 4010308 1 5.6228e-01
+3.83593e+04 -3.93023e+04 4010309 1 5.3029e-01
+3.93687e+04 -3.99861e+04 4010310 1 5.0961e-01
+4.03496e+04 -4.06430e+04 4010311 1 4.9082e-01
+4.13049e+04 -4.12723e+04 4010312 1 4.7243e-01
+4.22376e+04 -4.18738e+04 4010313 1 4.5511e-01
+4.31505e+04 -4.24474e+04 4010314 1 4.4065e-01
+4.40475e+04 -4.29926e+04 4010315 1 4.3230e-01
+4.49310e+04 -4.35094e+04 4010316 1 4.2483e-01
+4.58036e+04 -4.39979e+04 4010317 1 4.1889e-01
+4.66672e+04 -4.44584e+04 4010318 1 4.1479e-01
+6.95161e+03 -4.82176e+04 10583 0 9.4535e-01
+4.74949e+03 -4.23251e+04 10700 0 8.3462e-01
+4.77266e+03 -4.00446e+04 10822 1 9.4196e-01
+1.36052e+04 -3.55329e+04 2010538 1 1.1212e+00
+1.58030e+04 -3.60319e+04 2010580 1 1.1230e+00
+2.31122e+04 -3.77873e+04 2010748 1 1.0098e+00
+2.46638e+04 -3.80651e+04 2010790 1 9.6598e-01
+3.83793e+01 -2.44981e+04 4010328 1 7.6640e-01
+2.49218e+03 -2.45563e+04 4010329 1 7.6990e-01
+4.92649e+03 -2.47180e+04 4010330 1 7.8001e-01
+7.32321e+03 -2.49814e+04 4010331 1 7.9441e-01
+9.66631e+03 -2.53399e+04 4010332 1 8.1037e-01
+1.19424e+04 -2.57849e+04 4010333 1 8.2571e-01
+1.41410e+04 -2.63067e+04 4010334 1 8.3816e-01
+1.62548e+04 -2.68947e+04 4010335 1 8.4674e-01
+1.82792e+04 -2.75384e+04 4010336 1 8.4985e-01
+2.02124e+04 -2.82275e+04 4010337 1 8.4816e-01
+2.20545e+04 -2.89522e+04 4010338 1 8.4032e-01
+2.38074e+04 -2.97035e+04 4010339 1 8.2843e-01
+2.54739e+04 -3.04736e+04 4010340 1 8.1137e-01
+2.70586e+04 -3.12547e+04 4010341 1 7.8781e-01
+2.85654e+04 -3.20410e+04 4010342 1 7.6729e-01
+2.99997e+04 -3.28267e+04 4010343 1 7.3683e-01
+3.13673e+04 -3.36066e+04 4010344 1 7.1236e-01
+3.26716e+04 -3.43775e+04 4010345 1 6.7736e-01
+3.39207e+04 -3.51346e+04 4010346 1 6.5113e-01
+3.51165e+04 -3.58761e+04 4010347 1 6.1408e-01
+3.62658e+04 -3.65990e+04 4010348 1 5.8882e-01
+3.73733e+04 -3.73008e+04 4010349 1 5.6081e-01
+3.84419e+04 -3.79807e+04 4010350 1 5.3011e-01
+3.94764e+04 -3.86369e+04 4010351 1 5.0905e-01
+4.04818e+04 -3.92680e+04 4010352 1 4.8956e-01
+4.14605e+04 -3.98735e+04 4010353 1 4.7055e-01
+4.24159e+04 -4.04529e+04 4010354 1 4.5139e-01
+4.33504e+04 -4.10060e+04 4010355 1 4.3762e-01
+4.42681e+04 -4.15323e+04 4010356 1 4.2801e-01
+4.51711e+04 -4.20318e+04 4010357 1 4.2006e-01
+4.60619e+04 -4.25046e+04 4010358 1 4.1303e-01
+7.33092e+03 -4.47790e+04 10662 0 8.8709e-01
+1.10132e+03 -4.37598e+04 10616 0 7.8328e-01
+6.27682e+03 -4.41197e+04 10661 0 8.5473e-01
+1.01655e+04 -4.44652e+04 10744 1 1.0224e+00
+1.27742e+04 -4.14572e+04 2010128 1 1.1883e+00
+1.06513e+04 -4.00718e+04 2010127 1 1.1490e+00
+1.30433e+04 -4.09443e+04 2010169 1 1.1925e+00
+8.66823e+03 -3.68547e+04 2010290 1 1.1015e+00
+8.69307e+03 -3.63270e+04 2010331 1 1.0965e+00
+8.69762e+03 -3.57950e+04 2010372 1 1.0892e+00
+1.12254e+04 -3.50782e+04 2010496 1 1.1022e+00
+1.57449e+04 -3.53416e+04 2010621 1 1.1044e+00
+1.77069e+04 -3.50447e+04 2010704 1 1.0720e+00
+2.13674e+04 -3.57327e+04 2010788 1 1.0181e+00
+3.78552e+01 -2.39135e+04 4010369 1 7.5272e-01
+2.45831e+03 -2.39677e+04 4010370 1 7.5580e-01
+8.97687e+03 -4.82093e+04 10625 0 9.5250e-01
+4.86064e+03 -2.41184e+04 4010371 1 7.6485e-01
+7.22803e+03 -2.43641e+04 4010372 1 7.7787e-01
+9.54544e+03 -2.46988e+04 4010373 1 7.9260e-01
+1.18002e+04 -2.51146e+04 4010374 1 8.0674e-01
+1.39824e+04 -2.56029e+04 4010375 1 8.1859e-01
+1.60847e+04 -2.61541e+04 4010376 1 8.2654e-01
+1.81027e+04 -2.67583e+04 4010377 1 8.3024e-01
+2.00345e+04 -2.74061e+04 4010378 1 8.2834e-01
+2.18794e+04 -2.80886e+04 4010379 1 8.2257e-01
+2.36391e+04 -2.87972e+04 4010380 1 8.1021e-01
+2.53163e+04 -2.95245e+04 4010381 1 7.9633e-01
+2.69142e+04 -3.02636e+04 4010382 1 7.7561e-01
+2.84378e+04 -3.10081e+04 4010383 1 7.5514e-01
+2.98900e+04 -3.17537e+04 4010384 1 7.2849e-01
+3.12785e+04 -3.24942e+04 4010385 1 7.0399e-01
+3.26037e+04 -3.32276e+04 4010386 1 6.7256e-01
+3.38758e+04 -3.39484e+04 4010387 1 6.4595e-01
+3.50942e+04 -3.46556e+04 4010388 1 6.1215e-01
+3.62676e+04 -3.53454e+04 4010389 1 5.8723e-01
+3.73989e+04 -3.60160e+04 4010390 1 5.5881e-01
+3.84910e+04 -3.66666e+04 4010391 1 5.2987e-01
+3.95492e+04 -3.72950e+04 4010392 1 5.0861e-01
+4.05776e+04 -3.79000e+04 4010393 1 4.8851e-01
+4.15787e+04 -3.84812e+04 4010394 1 4.6892e-01
+4.25556e+04 -3.90380e+04 4010395 1 4.4761e-01
+4.35110e+04 -3.95701e+04 4010396 1 4.3526e-01
+4.44485e+04 -4.00769e+04 4010397 1 4.2434e-01
+4.53704e+04 -4.05585e+04 4010398 1 4.1585e-01
+4.62788e+04 -4.10150e+04 4010399 1 4.0822e-01
+6.07454e+03 -4.54697e+04 10621 0 8.6158e-01
+8.54071e+03 -3.78944e+04 2010208 1 1.1000e+00
+1.35486e+04 -3.48959e+04 2010579 1 1.1030e+00
+1.77782e+04 -3.57895e+04 2010663 1 1.0917e+00
+1.56723e+04 -3.46499e+04 2010662 1 1.0850e+00
+1.33978e+04 -3.36155e+04 2010661 1 1.0648e+00
+1.95993e+04 -3.54126e+04 2010746 1 1.0495e+00
+1.76214e+04 -3.43001e+04 2010745 1 1.0529e+00
+7.67000e+03 -4.67262e+04 10623 0 9.2457e-01
+5.68837e+03 -4.70728e+04 10581 0 9.1800e-01
+6.90694e+03 -4.60672e+04 10622 0 8.8006e-01
+4.05087e+03 -4.81688e+04 10539 0 9.4516e-01
+8.36061e+03 -4.74391e+04 10624 0 9.1847e-01
+9.42351e+03 -2.40521e+04 4010414 1 7.7495e-01
+1.16562e+04 -2.44402e+04 4010415 1 7.8806e-01
+1.38208e+04 -2.48964e+04 4010416 1 7.9906e-01
+1.59104e+04 -2.54120e+04 4010417 1 8.0688e-01
+1.79206e+04 -2.59781e+04 4010418 1 8.1040e-01
+1.98489e+04 -2.65861e+04 4010419 1 8.0943e-01
+2.16949e+04 -2.72274e+04 4010420 1 8.0417e-01
+2.34594e+04 -2.78945e+04 4010421 1 7.9402e-01
+2.51453e+04 -2.85800e+04 4010422 1 7.8010e-01
+2.67545e+04 -2.92778e+04 4010423 1 7.6267e-01
+2.82923e+04 -2.99817e+04 4010424 1 7.3996e-01
+2.97609e+04 -3.06874e+04 4010425 1 7.1940e-01
+3.11671e+04 -3.13895e+04 4010426 1 6.8868e-01
+3.25123e+04 -3.20854e+04 4010427 1 6.6705e-01
+3.38051e+04 -3.27701e+04 4010428 1 6.3903e-01
+3.50446e+04 -3.34431e+04 4010429 1 6.0973e-01
+3.62403e+04 -3.40999e+04 4010430 1 5.8511e-01
+3.73936e+04 -3.47393e+04 4010431 1 5.5596e-01
+3.85078e+04 -3.53603e+04 4010432 1 5.2965e-01
+3.95882e+04 -3.59607e+04 4010433 1 5.0828e-01
+4.06384e+04 -3.65394e+04 4010434 1 4.8773e-01
+4.16607e+04 -3.70959e+04 4010435 1 4.6757e-01
+4.26580e+04 -3.76297e+04 4010436 1 4.4640e-01
+4.36333e+04 -3.81404e+04 4010437 1 4.3359e-01
+4.45898e+04 -3.86272e+04 4010438 1 4.2180e-01
+4.55299e+04 -3.90904e+04 4010439 1 4.1233e-01
+4.64554e+04 -3.95299e+04 4010440 1 4.0416e-01
+5.61276e+03 -4.17429e+04 10741 1 8.9021e-01
+2.45719e+04 -4.80930e+04 2010422 1 9.4950e-01
+8.42727e+03 -3.84044e+04 2010167 1 1.0952e+00
+5.84450e+03 -3.70247e+04 2010207 1 1.0322e+00
+8.68508e+03 -3.52591e+04 2010413 1 1.0794e+00
+8.65831e+03 -3.47198e+04 2010454 1 1.0678e+00
+1.11753e+04 -3.44914e+04 2010537 1 1.0862e+00
+1.11134e+04 -3.39016e+04 2010578 1 1.0692e+00
+1.34789e+04 -3.42566e+04 2010620 1 1.0844e+00
+8.29341e+03 -4.55185e+04 10663 0 9.2962e-01
+9.82382e+03 -4.54152e+04 10704 0 9.9215e-01
+4.98129e+03 -4.65924e+04 10580 0 8.7532e-01
+1.15103e+04 -2.37611e+04 4010456 1 7.6952e-01
+6.34590e+03 -4.76208e+04 10582 0 9.0253e-01
+1.36563e+04 -2.41865e+04 4010457 1 7.7990e-01
+1.57321e+04 -2.46680e+04 4010458 1 7.8730e-01
+1.77328e+04 -2.51975e+04 4010459 1 7.9078e-01
+1.96563e+04 -2.57668e+04 4010460 1 7.9063e-01
+2.15013e+04 -2.63684e+04 4010461 1 7.8538e-01
+2.32691e+04 -2.69950e+04 4010462 1 7.7723e-01
+2.49610e+04 -2.76400e+04 4010463 1 7.6360e-01
+2.65802e+04 -2.82972e+04 4010464 1 7.4898e-01
+2.81294e+04 -2.89614e+04 4010465 1 7.2782e-01
+2.96130e+04 -2.96277e+04 4010466 1 7.0927e-01
+3.10345e+04 -3.02921e+04 4010467 1 6.8169e-01
+3.23982e+04 -3.09507e+04 4010468 1 6.6094e-01
+3.37092e+04 -3.16000e+04 4010469 1 6.2787e-01
+3.49687e+04 -3.22387e+04 4010470 1 6.0691e-01
+3.61848e+04 -3.28625e+04 4010471 1 5.8244e-01
+3.73583e+04 -3.34709e+04 4010472 1 5.5008e-01
+3.84934e+04 -3.40622e+04 4010473 1 5.2941e-01
+3.95946e+04 -3.46344e+04 4010474 1 5.0806e-01
+4.06653e+04 -3.51865e+04 4010475 1 4.8726e-01
+4.17075e+04 -3.57181e+04 4010476 1 4.6649e-01
+4.27242e+04 -3.62286e+04 4010477 1 4.4579e-01
+4.37186e+04 -3.67173e+04 4010478 1 4.3254e-01
+4.46933e+04 -3.71839e+04 4010479 1 4.2038e-01
+4.56508e+04 -3.76281e+04 4010480 1 4.0962e-01
+4.65928e+04 -3.80501e+04 4010481 1 4.0090e-01
+9.15817e+03 -4.63314e+04 10664 0 9.3821e-01
+8.98833e+03 -4.18218e+04 10824 1 1.0495e+00
+1.74024e+04 -4.22967e+04 2010294 1 1.2000e+00
+1.55893e+04 -4.07168e+04 2010293 1 1.2094e+00
+5.89259e+03 -3.65267e+04 2010248 1 1.0368e+00
+5.92037e+03 -3.60275e+04 2010289 1 1.0376e+00
+5.92831e+03 -3.50238e+04 2010371 1 1.0301e+00
+1.75233e+04 -3.35563e+04 2010786 1 1.0325e+00
+8.14228e+03 -3.02866e+04 2010782 1 9.4430e-01
+2.58565e+04 -4.86809e+04 2010464 1 8.8853e-01
+2.14844e+04 -4.73379e+04 2010297 1 1.0645e+00
+2.28752e+04 -4.82269e+04 2010339 1 1.0065e+00
+3.92765e+03 -4.31131e+04 10659 0 8.1407e-01
+1.13507e+04 -4.56191e+04 10745 1 1.0648e+00
+2.17192e+03 -4.39188e+04 10617 0 7.9726e-01
+1.55498e+04 -2.39217e+04 4010499 1 7.6788e-01
+1.22835e+04 -4.86021e+04 10707 0 1.1161e+00
+1.75398e+04 -2.44158e+04 4010500 1 7.7174e-01
+1.94566e+04 -2.49479e+04 4010501 1 7.7140e-01
+2.12991e+04 -2.55110e+04 4010502 1 7.6779e-01
+2.30682e+04 -2.60983e+04 4010503 1 7.5972e-01
+2.47645e+04 -2.67037e+04 4010504 1 7.4871e-01
+2.63915e+04 -2.73213e+04 4010505 1 7.3417e-01
+2.79505e+04 -2.79466e+04 4010506 1 7.1646e-01
+2.94470e+04 -2.85743e+04 4010507 1 6.9794e-01
+3.08821e+04 -2.92014e+04 4010508 1 6.7417e-01
+3.22622e+04 -2.98233e+04 4010509 1 6.5420e-01
+3.35892e+04 -3.04378e+04 4010510 1 6.2367e-01
+3.48673e+04 -3.10421e+04 4010511 1 6.0364e-01
+3.61022e+04 -3.16333e+04 4010512 1 5.7915e-01
+3.72941e+04 -3.22108e+04 4010513 1 5.4930e-01
+3.84488e+04 -3.27723e+04 4010514 1 5.2909e-01
+3.95694e+04 -3.33162e+04 4010515 1 5.0794e-01
+4.06592e+04 -3.38417e+04 4010516 1 4.8707e-01
+4.17203e+04 -3.43481e+04 4010517 1 4.6550e-01
+4.27552e+04 -3.48350e+04 4010518 1 4.4606e-01
+4.37678e+04 -3.53015e+04 4010519 1 4.3226e-01
+4.47598e+04 -3.57473e+04 4010520 1 4.1964e-01
+4.57339e+04 -3.61722e+04 4010521 1 4.0807e-01
+4.66919e+04 -3.65764e+04 4010522 1 3.9860e-01
+8.80712e+03 -4.34137e+04 10743 1 9.7743e-01
+3.43398e+01 -4.00133e+04 10779 1 8.6006e-01
+2.44008e+03 -3.95669e+04 10821 1 9.0122e-01
+1.03759e+04 -4.05565e+04 2010086 1 1.1371e+00
+1.08627e+04 -3.95644e+04 2010168 1 1.1545e+00
+2.98812e+03 -3.64787e+04 2010206 1 9.7736e-01
+8.61949e+03 -3.41771e+04 2010495 1 1.0548e+00
+8.57066e+03 -3.36312e+04 2010536 1 1.0407e+00
+1.55869e+04 -3.39575e+04 2010703 1 1.0649e+00
+8.22472e+03 -3.08529e+04 2010741 1 9.6112e-01
+5.50239e+03 -2.98207e+04 2010781 1 9.1299e-01
+1.83786e+04 -4.52675e+04 2010213 1 1.1650e+00
+1.65995e+04 -4.41379e+04 2010171 1 1.1931e+00
+1.99956e+04 -4.63448e+04 2010255 1 1.1188e+00
+3.22425e+03 -4.18921e+04 10699 0 8.1174e-01
+4.35299e+03 -4.05881e+04 10781 1 9.0373e-01
+1.64013e+03 -4.16219e+04 10698 0 8.0109e-01
+1.13849e+04 -4.44881e+04 10785 1 1.0776e+00
+1.26430e+04 -4.58238e+04 10786 1 1.1019e+00
+1.32025e+04 -4.81219e+04 10747 1 1.1357e+00
+1.92501e+04 -2.41289e+04 4010542 1 7.5306e-01
+2.10887e+04 -2.46546e+04 4010543 1 7.4985e-01
+2.28568e+04 -2.52039e+04 4010544 1 7.4286e-01
+2.45562e+04 -2.57707e+04 4010545 1 7.3330e-01
+2.61884e+04 -2.63499e+04 4010546 1 7.1865e-01
+2.77562e+04 -2.69369e+04 4010547 1 7.0460e-01
+2.92629e+04 -2.75270e+04 4010548 1 6.8255e-01
+3.07104e+04 -2.81171e+04 4010549 1 6.6597e-01
+3.21049e+04 -2.87029e+04 4010550 1 6.4663e-01
+3.34464e+04 -2.92830e+04 4010551 1 6.1916e-01
+3.47413e+04 -2.98535e+04 4010552 1 6.0011e-01
+3.59930e+04 -3.04123e+04 4010553 1 5.7500e-01
+3.72020e+04 -3.09590e+04 4010554 1 5.4839e-01
+3.83748e+04 -3.14907e+04 4010555 1 5.2884e-01
+3.95134e+04 -3.20064e+04 4010556 1 5.0790e-01
+4.06210e+04 -3.25051e+04 4010557 1 4.8717e-01
+4.16998e+04 -3.29863e+04 4010558 1 4.6379e-01
+4.27521e+04 -3.34493e+04 4010559 1 4.4690e-01
+4.37817e+04 -3.38933e+04 4010560 1 4.3265e-01
+4.47903e+04 -3.43180e+04 4010561 1 4.1969e-01
+4.57802e+04 -3.47233e+04 4010562 1 4.0781e-01
+4.67535e+04 -3.51091e+04 4010563 1 3.9733e-01
+1.23611e+04 -4.68468e+04 10746 1 1.1096e+00
+3.00930e+01 -4.07088e+04 10738 1 8.2802e-01
+4.65069e+01 -3.57999e+04 2010246 1 9.6126e-01
+3.02349e+03 -3.45419e+04 2010370 1 9.8296e-01
+1.09615e+04 -3.27143e+04 2010660 1 1.0332e+00
+1.96661e+04 -3.62100e+04 2010705 1 1.0668e+00
+1.08742e+04 -3.21168e+04 2010701 1 1.0147e+00
+1.24331e+04 -4.19326e+04 2010087 1 1.1767e+00
+8.27096e+03 -3.89062e+04 2010126 1 1.0881e+00
+8.06234e+03 -3.93986e+04 2010085 1 1.0770e+00
+1.46255e+04 -4.30037e+04 2010129 1 1.2021e+00
+1.00218e+04 -4.10135e+04 2010045 1 1.1177e+00
+7.78865e+03 -3.98803e+04 2010044 1 1.0588e+00
+1.42201e+04 -4.34682e+04 2010088 1 1.1905e+00
+1.79924e+04 -4.58534e+04 2010172 1 1.1596e+00
+8.23951e+03 -4.21664e+04 10783 1 9.9672e-01
+2.08698e+04 -2.37989e+04 4010584 1 7.3158e-01
+1.91544e+04 -4.75968e+04 2010173 1 1.1078e+00
+2.26357e+04 -2.43111e+04 4010585 1 7.2654e-01
+2.43362e+04 -2.48405e+04 4010586 1 7.1713e-01
+2.59719e+04 -2.53823e+04 4010587 1 7.0546e-01
+2.75465e+04 -2.59318e+04 4010588 1 6.9206e-01
+2.90612e+04 -2.64853e+04 4010589 1 6.7305e-01
+3.05199e+04 -2.70390e+04 4010590 1 6.5732e-01
+3.19265e+04 -2.75895e+04 4010591 1 6.3153e-01
+3.32812e+04 -2.81353e+04 4010592 1 6.1441e-01
+3.45911e+04 -2.86724e+04 4010593 1 5.9629e-01
+3.58579e+04 -2.91993e+04 4010594 1 5.6894e-01
+3.70827e+04 -2.97153e+04 4010595 1 5.4742e-01
+3.82721e+04 -3.02174e+04 4010596 1 5.2857e-01
+3.94274e+04 -3.07049e+04 4010597 1 5.0794e-01
+4.05515e+04 -3.11769e+04 4010598 1 4.8729e-01
+4.16467e+04 -3.16327e+04 4010599 1 4.6377e-01
+4.27154e+04 -3.20717e+04 4010600 1 4.4835e-01
+4.37611e+04 -3.24930e+04 4010601 1 4.3385e-01
+4.47855e+04 -3.28964e+04 4010602 1 4.2064e-01
+4.57905e+04 -3.32817e+04 4010603 1 4.0843e-01
+4.67782e+04 -3.36488e+04 4010604 1 3.9730e-01
+1.36945e+04 -4.72256e+04 10787 1 1.1145e+00
+1.96057e+04 -4.70021e+04 2010214 1 1.1151e+00
+1.07853e+04 -4.30341e+04 10825 1 1.0925e+00
+3.82186e+03 -4.11827e+04 10740 1 8.5797e-01
+2.06139e+04 -4.48923e+04 2010337 1 1.1264e+00
+5.93129e+03 -3.55267e+04 2010330 1 1.0353e+00
+5.91381e+03 -3.45186e+04 2010412 1 1.0230e+00
+5.81913e+03 -3.29862e+04 2010535 1 9.9264e-01
+2.93664e+03 -3.20878e+04 2010575 1 9.4657e-01
+8.30381e+03 -3.14154e+04 2010700 1 9.7778e-01
+1.32076e+04 -3.23288e+04 2010743 1 1.0249e+00
+2.30804e+04 -3.68873e+04 2010789 1 9.9629e-01
+1.95170e+04 -3.46166e+04 2010787 1 1.0308e+00
+3.01099e+03 -3.59932e+04 2010247 1 9.8322e-01
+2.95240e+03 -3.69675e+04 2010165 1 9.7077e-01
+5.77155e+03 -3.75220e+04 2010166 1 1.0260e+00
+5.66826e+03 -3.80194e+04 2010125 1 1.0176e+00
+1.92001e+04 -4.32356e+04 2010336 1 1.1705e+00
+4.61620e+01 -3.62807e+04 2010205 1 9.5493e-01
+2.35514e+04 -4.65107e+04 2010421 1 1.0136e+00
+4.48261e+01 -3.72590e+04 2010123 1 9.3935e-01
+2.21299e+04 -4.57521e+04 2010379 1 1.0735e+00
+2.49028e+04 -4.71580e+04 2010463 1 9.5544e-01
+5.52764e+03 -3.85179e+04 2010084 1 1.0091e+00
+1.57389e+04 -4.51091e+04 2010089 1 1.1800e+00
+2.41042e+04 -2.39127e+04 4010627 1 7.0145e-01
+2.57424e+04 -2.44179e+04 4010628 1 6.9192e-01
+4.18162e+04 -2.39814e+04 6010026 1 4.7135e-01
+2.73215e+04 -2.49309e+04 4010629 1 6.7783e-01
+2.88429e+04 -2.54485e+04 4010630 1 6.6332e-01
+3.03109e+04 -2.59666e+04 4010631 1 6.4816e-01
+3.17269e+04 -2.64828e+04 4010632 1 6.2522e-01
+3.30941e+04 -2.69944e+04 4010633 1 6.0942e-01
+3.44173e+04 -2.74986e+04 4010634 1 5.9225e-01
+3.56971e+04 -2.79942e+04 4010635 1 5.6312e-01
+3.69368e+04 -2.84795e+04 4010636 1 5.4649e-01
+3.81413e+04 -2.89523e+04 4010637 1 5.2834e-01
+3.93119e+04 -2.94118e+04 4010638 1 5.0811e-01
+4.04513e+04 -2.98571e+04 4010639 1 4.8740e-01
+4.15618e+04 -3.02876e+04 4010640 1 4.6574e-01
+4.26459e+04 -3.07023e+04 4010641 1 4.5040e-01
+4.37066e+04 -3.11008e+04 4010642 1 4.3597e-01
+4.47459e+04 -3.14827e+04 4010643 1 4.2250e-01
+4.57653e+04 -3.18478e+04 4010644 1 4.1005e-01
+4.67668e+04 -3.21960e+04 4010645 1 3.9861e-01
+1.45525e+04 -4.86623e+04 10788 1 1.1149e+00
+1.80412e+04 -4.85337e+04 2010091 1 1.1010e+00
+1.70004e+01 -4.36932e+04 10615 0 7.9597e-01
+1.75379e+04 -4.63733e+04 2010131 1 1.1562e+00
+1.37216e+04 -4.38664e+04 2010047 1 1.1745e+00
+5.34038e+03 -3.90190e+04 2010043 1 9.9410e-01
+2.82954e+03 -3.79635e+04 2010083 1 9.5293e-01
+2.98197e+03 -3.30786e+04 2010493 1 9.6465e-01
+8.51337e+03 -3.30822e+04 2010577 1 1.0259e+00
+1.53839e+04 -3.25714e+04 2010785 1 1.0237e+00
+2.79145e+03 -2.95324e+04 2010780 1 8.8998e-01
+4.65209e+01 -3.38894e+04 2010410 1 9.6053e-01
+1.77904e+04 -4.02112e+04 2010417 1 1.1819e+00
+3.02328e+03 -3.55094e+04 2010288 1 9.8588e-01
+1.57089e+04 -4.00786e+04 2010334 1 1.2037e+00
+1.78504e+04 -3.94877e+04 2010458 1 1.1712e+00
+3.02694e+03 -3.50259e+04 2010329 1 9.8564e-01
+4.66880e+01 -3.53217e+04 2010287 1 9.6481e-01
+4.67358e+01 -3.48447e+04 2010328 1 9.6559e-01
+1.75706e+04 -4.16201e+04 2010335 1 1.1971e+00
+2.10448e+04 -4.33163e+04 2010419 1 1.1237e+00
+1.76986e+04 -4.09232e+04 2010376 1 1.1909e+00
+4.56171e+01 -3.67663e+04 2010164 1 9.4772e-01
+1.93797e+04 -4.24977e+04 2010377 1 1.1662e+00
+1.95196e+04 -4.17405e+04 2010418 1 1.1615e+00
+2.73378e+03 -3.84773e+04 2010042 1 9.4108e-01
+3.77077e+01 -3.93932e+04 10820 1 8.8514e-01
+1.23462e+04 -4.43963e+04 10826 1 1.1192e+00
+1.36699e+04 -4.58609e+04 10827 1 1.1289e+00
+2.70812e+04 -2.39339e+04 4010670 1 6.6492e-01
+1.63809e+04 -4.71430e+04 2010049 1 1.1401e+00
+1.62088e+04 -4.46577e+04 2010130 1 1.1902e+00
+2.10844e+04 -4.80675e+04 2010256 1 1.0586e+00
+2.86081e+04 -2.44161e+04 4010671 1 6.5337e-01
+3.00834e+04 -2.48995e+04 4010672 1 6.3794e-01
+3.15075e+04 -2.53818e+04 4010673 1 6.1884e-01
+3.28854e+04 -2.58601e+04 4010674 1 6.0411e-01
+3.42201e+04 -2.63319e+04 4010675 1 5.8612e-01
+3.55114e+04 -2.67965e+04 4010676 1 5.6128e-01
+3.67645e+04 -2.72515e+04 4010677 1 5.4566e-01
+3.79828e+04 -2.76952e+04 4010678 1 5.2820e-01
+3.91674e+04 -2.81268e+04 4010679 1 5.0831e-01
+4.03208e+04 -2.85456e+04 4010680 1 4.8697e-01
+4.14455e+04 -2.89507e+04 4010681 1 4.6825e-01
+4.25440e+04 -2.93414e+04 4010682 1 4.5313e-01
+4.36188e+04 -2.97170e+04 4010683 1 4.3882e-01
+4.46720e+04 -3.00772e+04 4010684 1 4.2538e-01
+4.57051e+04 -3.04219e+04 4010685 1 4.1271e-01
+4.67198e+04 -3.07509e+04 4010686 1 4.0102e-01
+7.17992e+02 -4.70400e+04 10534 0 8.6339e-01
+1.86359e+04 -4.81140e+04 2010132 1 1.1066e+00
+2.90079e+03 -3.74615e+04 2010124 1 9.6243e-01
+5.88972e+03 -3.40108e+04 2010453 1 1.0142e+00
+2.44996e+04 -4.18713e+04 2010626 1 1.0045e+00
+4.44452e+01 -3.09572e+04 2010656 1 9.1397e-01
+1.33069e+04 -3.29729e+04 2010702 1 1.0451e+00
+3.07750e+04 -4.50863e+04 2010754 1 7.4913e-01
+4.30232e+01 -2.94287e+04 2010779 1 8.8111e-01
+4.60072e+01 -3.29264e+04 2010492 1 9.4901e-01
+2.43840e+04 -4.28194e+04 2010585 1 1.0092e+00
+2.28976e+04 -4.22895e+04 2010543 1 1.0630e+00
+3.00006e+03 -3.35689e+04 2010452 1 9.7221e-01
+4.56702e+01 -3.24403e+04 2010533 1 9.4158e-01
+5.85772e+03 -3.35001e+04 2010494 1 1.0039e+00
+1.96953e+04 -4.01868e+04 2010500 1 1.1418e+00
+3.01417e+03 -3.40564e+04 2010411 1 9.7838e-01
+4.62945e+01 -3.34093e+04 2010451 1 9.5542e-01
+2.13177e+04 -4.16683e+04 2010501 1 1.1114e+00
+2.96063e+03 -3.25850e+04 2010534 1 9.5612e-01
+2.80434e+04 -4.59633e+04 2010629 1 8.4728e-01
+2.69742e+04 -4.46165e+04 2010628 1 9.0323e-01
+4.66734e+01 -3.43676e+04 2010369 1 9.6395e-01
+2.14034e+04 -4.08286e+04 2010542 1 1.1026e+00
+2.11993e+04 -4.24988e+04 2010460 1 1.1168e+00
+2.08505e+04 -4.41161e+04 2010378 1 1.1264e+00
+2.86948e+04 -4.83922e+04 2010589 1 7.8217e-01
+2.27631e+04 -4.31769e+04 2010502 1 1.0694e+00
+2.98370e+04 -2.38373e+04 4010713 1 6.2514e-01
+2.53379e+01 -4.15216e+04 10697 0 7.9815e-01
+3.12684e+04 -2.42863e+04 4010714 1 6.1254e-01
+3.26552e+04 -2.47318e+04 4010715 1 5.9871e-01
+3.39995e+04 -2.51720e+04 4010716 1 5.7560e-01
+3.53012e+04 -2.56059e+04 4010717 1 5.5944e-01
+3.65662e+04 -2.60309e+04 4010718 1 5.4504e-01
+3.77969e+04 -2.64459e+04 4010719 1 5.2817e-01
+3.89941e+04 -2.68500e+04 4010720 1 5.0854e-01
+4.01602e+04 -2.72424e+04 4010721 1 4.8546e-01
+4.12980e+04 -2.76223e+04 4010722 1 4.7134e-01
+4.24100e+04 -2.79888e+04 4010723 1 4.5654e-01
+4.34980e+04 -2.83415e+04 4010724 1 4.4246e-01
+4.45641e+04 -2.86801e+04 4010725 1 4.2919e-01
+4.56102e+04 -2.90043e+04 4010726 1 4.1644e-01
+4.66375e+04 -2.93140e+04 4010727 1 4.0459e-01
+2.06282e+04 -4.87396e+04 2010215 1 1.0514e+00
+1.37628e+01 -4.51632e+04 10574 0 8.2564e-01
+1.70052e+04 -4.68100e+04 2010090 1 1.1494e+00
+2.23825e+04 -4.49131e+04 2010420 1 1.0722e+00
+2.38207e+04 -4.56113e+04 2010462 1 1.0176e+00
+2.22224e+03 -4.01678e+04 10780 1 8.7148e-01
+2.40478e+04 -4.46931e+04 2010503 1 1.0172e+00
+2.56323e+04 -4.42425e+04 2010586 1 9.5748e-01
+1.10417e+04 -3.33092e+04 2010619 1 1.0515e+00
+8.44905e+03 -3.25299e+04 2010618 1 1.0102e+00
+8.37888e+03 -3.19744e+04 2010659 1 9.9422e-01
+1.54903e+04 -3.32645e+04 2010744 1 1.0447e+00
+1.31010e+04 -3.16833e+04 2010784 1 1.0047e+00
+2.88256e+03 -3.10804e+04 2010657 1 9.2549e-01
+3.26540e+04 -4.73436e+04 2010756 1 6.5836e-01
+4.48822e+01 -3.14561e+04 2010615 1 9.2390e-01
+4.52927e+01 -3.19504e+04 2010574 1 9.3307e-01
+5.77512e+03 -3.24688e+04 2010576 1 9.8050e-01
+5.72664e+03 -3.19477e+04 2010617 1 9.6765e-01
+4.22504e+01 -3.82808e+04 2010041 1 9.1832e-01
+5.67449e+03 -3.14226e+04 2010658 1 9.5451e-01
+2.91048e+03 -3.15863e+04 2010616 1 9.3632e-01
+2.84628e+04 -4.37950e+04 2010711 1 8.4859e-01
+2.59274e+04 -4.22513e+04 2010668 1 9.5162e-01
+2.71529e+04 -4.35750e+04 2010669 1 9.0216e-01
+2.57974e+04 -4.32493e+04 2010627 1 9.5612e-01
+2.82725e+04 -4.48814e+04 2010670 1 8.4995e-01
+2.51883e+04 -4.62011e+04 2010504 1 9.5590e-01
+2.90182e+04 -4.72822e+04 2010630 1 7.8972e-01
+3.05295e+04 -4.62515e+04 2010713 1 7.4528e-01
+3.02424e+04 -4.74128e+04 2010672 1 7.3948e-01
+2.25922e+04 -4.40530e+04 2010461 1 1.0720e+00
+3.23166e+04 -4.85756e+04 2010715 1 6.5472e-01
+3.37550e+04 -2.40185e+04 4010757 1 5.7069e-01
+2.74606e+04 -4.81000e+04 2010547 1 8.3541e-01
+3.50665e+04 -2.44220e+04 4010758 1 5.5774e-01
+3.63420e+04 -2.48176e+04 4010759 1 5.4441e-01
+3.11181e+04 -4.86267e+04 2010673 1 6.8437e-01
+3.75837e+04 -2.52041e+04 4010760 1 5.2815e-01
+3.87922e+04 -2.55810e+04 4010761 1 5.0852e-01
+3.99697e+04 -2.59473e+04 4010762 1 4.8820e-01
+4.11197e+04 -2.63021e+04 4010763 1 4.7512e-01
+4.22440e+04 -2.66446e+04 4010764 1 4.6070e-01
+4.33443e+04 -2.69745e+04 4010765 1 4.4692e-01
+4.44226e+04 -2.72915e+04 4010766 1 4.3384e-01
+4.54807e+04 -2.75952e+04 4010767 1 4.2134e-01
+4.65200e+04 -2.78855e+04 4010768 1 4.0938e-01
+1.10759e+01 -4.69852e+04 10533 0 8.7463e-01
+3.73431e+04 -2.39697e+04 4010801 1 5.2804e-01
+1.51757e+04 -4.54754e+04 2010048 1 1.1676e+00
+2.08515e+01 -4.24995e+04 10656 0 7.8593e-01
+1.20044e+04 -4.23613e+04 2010046 1 1.1575e+00
+4.51183e+04 -2.48030e+04 6010029 1 4.3424e-01
+1.31081e+04 -4.41822e+04 2010006 1 1.1512e+00
+2.54300e+04 -4.52277e+04 2010545 1 9.5621e-01
+2.42346e+04 -4.37611e+04 2010544 1 1.0111e+00
+5.09443e+03 -3.95259e+04 2010002 1 9.7262e-01
+1.47657e+04 -4.73866e+04 10828 1 1.1212e+00
+3.14530e+04 -4.74321e+04 2010714 1 6.9151e-01
+3.35090e+04 -4.84179e+04 2010757 1 6.1858e-01
+1.07808e+04 -3.15169e+04 2010742 1 9.9588e-01
+4.40385e+04 -2.45401e+04 6010028 1 4.4605e-01
+5.61938e+03 -3.08933e+04 2010699 1 9.4095e-01
+2.85324e+03 -3.05696e+04 2010698 1 9.1401e-01
+1.06823e+04 -3.09143e+04 2010783 1 9.7696e-01
+4.35117e+01 -2.99438e+04 2010738 1 8.9263e-01
+9.56882e+03 -4.14368e+04 2010004 1 1.0897e+00
+4.39868e+01 -3.04532e+04 2010697 1 9.0348e-01
+5.56185e+03 -3.03594e+04 2010740 1 9.2710e-01
+4.37287e+01 -3.77623e+04 2010082 1 9.2981e-01
+3.17440e+04 -4.62323e+04 2010755 1 6.9721e-01
+1.44968e+04 -4.57346e+04 2010007 1 1.1506e+00
+3.47010e+04 -4.81576e+04 2010799 1 5.9024e-01
+2.95369e+04 -4.50375e+04 2010712 1 7.9858e-01
+2.99117e+04 -4.85669e+04 2010631 1 7.3186e-01
+2.82279e+03 -3.00537e+04 2010739 1 9.0227e-01
+3.38452e+04 -4.71521e+04 2010798 1 6.2259e-01
+2.65002e+04 -4.66773e+04 2010546 1 8.9696e-01
+3.97494e+04 -2.46602e+04 4010803 1 4.9137e-01
+4.09105e+04 -2.49901e+04 4010804 1 4.7944e-01
+4.61794e+04 -2.50546e+04 6010030 1 4.2284e-01
+2.60684e+03 -3.90087e+04 2010001 1 9.2398e-01
+4.20461e+04 -2.53088e+04 4010805 1 4.6558e-01
+4.31578e+04 -2.56161e+04 4010806 1 4.5220e-01
+2.92982e+04 -4.61627e+04 2010671 1 7.9527e-01
+2.77734e+04 -4.70376e+04 2010588 1 8.4236e-01
+4.42474e+04 -2.59115e+04 4010807 1 4.3944e-01
+4.53168e+04 -2.61947e+04 4010808 1 4.2733e-01
+4.63673e+04 -2.64656e+04 4010809 1 4.1542e-01
+1.56444e+04 -4.73459e+04 2010008 1 1.1304e+00
+4.29384e+04 -2.42662e+04 6010027 1 4.5844e-01
+2.65892e+03 -4.27843e+04 10658 0 7.8931e-01
+1.14656e+04 -4.27325e+04 2010005 1 1.1305e+00
+7.43325e+03 -4.03500e+04 2010003 1 1.0334e+00
+3.85615e+04 -2.43197e+04 4010802 1 5.0695e-01
+2.62008e+04 -4.76886e+04 2010505 1 8.8988e-01
+8.91885e+02 -4.52232e+04 10575 0 8.1291e-01
+2.67573e+04 -4.56518e+04 2010587 1 9.0134e-01
+4.02878e+01 -3.88211e+04 2010000 1 9.0377e-01
