+4.73964e+04 -2.34745e+04 6010075 1 3.1073e-01
+5.14056e+04 -2.26266e+04 6010120 1 2.9040e-01
+4.84592e+04 -2.36244e+04 6010076 1 3.0360e-01
+4.93199e+04 -2.23819e+04 6010118 1 3.0367e-01
+5.03676e+04 -2.25072e+04 6010119 1 2.9713e-01
+5.01561e+04 -2.11171e+04 6010160 1 3.0498e-01
+5.09677e+04 -1.98325e+04 6010202 1 3.0756e-01
+5.12001e+04 -2.12258e+04 6010161 1 2.9874e-01
+5.24346e+04 -2.27400e+04 6010121 1 2.8411e-01
+4.91026e+04 -2.10030e+04 6010159 1 3.1150e-01
+4.71932e+04 -2.21133e+04 6010116 1 3.1741e-01
+5.34551e+04 -2.28476e+04 6010122 1 2.7843e-01
+5.22352e+04 -2.13291e+04 6010162 1 2.9242e-01
+5.32619e+04 -2.14272e+04 6010163 1 2.8650e-01
+5.07077e+04 -1.84469e+04 6010243 1 3.1755e-01
+5.20088e+04 -1.99259e+04 6010203 1 3.0159e-01
+5.17547e+04 -1.85306e+04 6010244 1 3.1149e-01
+5.30415e+04 -2.00145e+04 6010204 1 2.9588e-01
+5.27934e+04 -1.86099e+04 6010245 1 3.0579e-01
+5.14722e+04 -1.71434e+04 6010285 1 3.2273e-01
+5.25170e+04 -1.72138e+04 6010286 1 3.1687e-01
+5.11604e+04 -1.57646e+04 6010326 1 3.3526e-01
+5.08183e+04 -1.43946e+04 6010367 1 3.4933e-01
+5.15081e+04 -1.30790e+04 6010409 1 3.5883e-01
+5.22114e+04 -1.58263e+04 6010327 1 3.2924e-01
+5.18755e+04 -1.44479e+04 6010368 1 3.4315e-01
+5.06734e+04 -1.03708e+04 6010491 1 3.9572e-01
+5.11079e+04 -1.17198e+04 6010450 1 3.7623e-01
+5.02030e+04 -9.03216e+03 6010532 1 4.1754e-01
+4.96947e+04 -7.70439e+03 6010573 1 4.4187e-01
+4.91464e+04 -6.38777e+03 6010614 1 4.6932e-01
+4.69644e+04 -2.07586e+04 6010157 1 3.2504e-01
+4.82620e+04 -2.22506e+04 6010117 1 3.1043e-01
+4.80389e+04 -2.08835e+04 6010158 1 3.1821e-01
+4.77893e+04 -1.95233e+04 6010199 1 3.2692e-01
+4.88586e+04 -1.96312e+04 6010200 1 3.2029e-01
+4.75126e+04 -1.81700e+04 6010240 1 3.3677e-01
+4.99179e+04 -1.97343e+04 6010201 1 3.1382e-01
+4.72079e+04 -1.68237e+04 6010281 1 3.4794e-01
+4.96521e+04 -1.83589e+04 6010242 1 3.2382e-01
+4.85873e+04 -1.82666e+04 6010241 1 3.3025e-01
+4.82878e+04 -1.69093e+04 6010282 1 3.4152e-01
+4.93581e+04 -1.69912e+04 6010283 1 3.3513e-01
+4.79591e+04 -1.55595e+04 6010323 1 3.5421e-01
+4.90348e+04 -1.56312e+04 6010324 1 3.4779e-01
+5.01017e+04 -1.56996e+04 6010325 1 3.4145e-01
+4.76002e+04 -1.42173e+04 6010364 1 3.6834e-01
+4.86812e+04 -1.42793e+04 6010365 1 3.6197e-01
+5.04194e+04 -1.70692e+04 6010284 1 3.2884e-01
+4.97537e+04 -1.43384e+04 6010366 1 3.5562e-01
+4.93740e+04 -1.29858e+04 6010407 1 3.7152e-01
+4.80303e+04 -8.98220e+03 6010530 1 4.3134e-01
+4.78775e+04 -1.16001e+04 6010447 1 3.9575e-01
+5.04446e+04 -1.30336e+04 6010408 1 3.6514e-01
+4.82959e+04 -1.29355e+04 6010406 1 3.7790e-01
+4.89613e+04 -1.16421e+04 6010448 1 3.8927e-01
+4.85140e+04 -1.03075e+04 6010489 1 4.0909e-01
+4.74499e+04 -5.07382e+03 6010654 1 5.0848e-01
+5.00380e+04 -1.16820e+04 6010449 1 3.8275e-01
+4.95969e+04 -1.03400e+04 6010490 1 4.0245e-01
+4.79206e+04 -3.78920e+03 6010696 1 5.3676e-01
+4.80483e+04 -6.37452e+03 6010613 1 4.7694e-01
+4.91195e+04 -9.00785e+03 6010531 1 4.2453e-01
+4.72376e+04 -2.50780e+03 6010737 1 5.8238e-01
+4.86040e+04 -7.68595e+03 6010572 1 4.4913e-01
+4.85559e+04 -5.08261e+03 6010655 1 5.0047e-01
+5.44678e+04 -2.29494e+04 7010078 1 2.7328e-01
+5.54732e+04 -2.30456e+04 7010079 1 2.6856e-01
+5.64719e+04 -2.31362e+04 7010080 1 2.6425e-01
+5.74643e+04 -2.32214e+04 7010081 1 2.6020e-01
+5.84508e+04 -2.33014e+04 7010082 1 2.5642e-01
+5.94320e+04 -2.33763e+04 7010083 1 2.5291e-01
+6.04082e+04 -2.34462e+04 7010084 1 2.4960e-01
+6.13798e+04 -2.35114e+04 7010085 1 2.4650e-01
+6.23472e+04 -2.35721e+04 7010086 1 2.4359e-01
+6.33108e+04 -2.36284e+04 7010087 1 2.4087e-01
+6.42707e+04 -2.36806e+04 7010088 1 2.3832e-01
+6.52275e+04 -2.37287e+04 7010089 1 2.3595e-01
+4.68742e+04 -1.54844e+04 6010322 1 3.6058e-01
+4.72097e+04 -1.28828e+04 6010405 1 3.8427e-01
+4.74244e+04 -1.02733e+04 6010488 1 4.1568e-01
+4.69457e+04 -6.36055e+03 6010612 1 4.8429e-01
+4.69349e+04 -8.95522e+03 6010529 1 4.3805e-01
+4.75082e+04 -7.66649e+03 6010571 1 4.5621e-01
+5.42807e+04 -2.15200e+04 7010117 1 2.8108e-01
+5.52922e+04 -2.16076e+04 7010118 1 2.7605e-01
+5.62968e+04 -2.16903e+04 7010119 1 2.7137e-01
+5.72952e+04 -2.17680e+04 7010120 1 2.6696e-01
+5.82877e+04 -2.18410e+04 7010121 1 2.6278e-01
+5.92747e+04 -2.19093e+04 7010122 1 2.5880e-01
+6.02567e+04 -2.19732e+04 7010123 1 2.5502e-01
+6.12340e+04 -2.20327e+04 7010124 1 2.5147e-01
+6.22070e+04 -2.20881e+04 7010125 1 2.4809e-01
+6.31761e+04 -2.21396e+04 7010126 1 2.4489e-01
+6.41416e+04 -2.21872e+04 7010127 1 2.4186e-01
+6.51037e+04 -2.22312e+04 7010128 1 2.3900e-01
+6.60627e+04 -2.22717e+04 7010129 1 2.3624e-01
+6.70190e+04 -2.23090e+04 7010130 1 2.3364e-01
+6.79727e+04 -2.23432e+04 7010131 1 2.3117e-01
+6.89240e+04 -2.23744e+04 7010132 1 2.2884e-01
+6.98733e+04 -2.24029e+04 7010133 1 2.2664e-01
+7.08207e+04 -2.24288e+04 7010134 1 2.2456e-01
+7.17664e+04 -2.24523e+04 7010135 1 2.2253e-01
+7.27105e+04 -2.24736e+04 7010136 1 2.2064e-01
+7.36531e+04 -2.24927e+04 7010137 1 2.1885e-01
+7.45946e+04 -2.25099e+04 7010138 1 2.1718e-01
+7.55349e+04 -2.25253e+04 7010139 1 2.1562e-01
+7.64742e+04 -2.25391e+04 7010140 1 2.1414e-01
+7.74127e+04 -2.25513e+04 7010141 1 2.1272e-01
+7.83503e+04 -2.25621e+04 7010142 1 2.1139e-01
+7.92873e+04 -2.25717e+04 7010143 1 2.1018e-01
+8.02236e+04 -2.25800e+04 7010144 1 2.0906e-01
+8.11595e+04 -2.25873e+04 7010145 1 2.0806e-01
+8.20949e+04 -2.25937e+04 7010146 1 2.0709e-01
+8.30298e+04 -2.25992e+04 7010147 1 2.0620e-01
+8.39645e+04 -2.26038e+04 7010148 1 2.0542e-01
+8.48988e+04 -2.26078e+04 7010149 1 2.0474e-01
+8.58329e+04 -2.26110e+04 7010150 1 2.0417e-01
+8.67668e+04 -2.26138e+04 7010151 1 2.0370e-01
+8.77006e+04 -2.26159e+04 7010152 1 2.0326e-01
+8.86342e+04 -2.26176e+04 7010153 1 2.0293e-01
+8.95677e+04 -2.26187e+04 7010154 1 2.0269e-01
+9.05012e+04 -2.26194e+04 7010155 1 2.0255e-01
+5.40665e+04 -2.00984e+04 7010156 1 2.9020e-01
+5.50842e+04 -2.01777e+04 7010157 1 2.8485e-01
+5.60950e+04 -2.02524e+04 7010158 1 2.7980e-01
+5.70996e+04 -2.03227e+04 7010159 1 2.7499e-01
+5.80982e+04 -2.03887e+04 7010160 1 2.7034e-01
+5.90914e+04 -2.04505e+04 7010161 1 2.6590e-01
+6.00795e+04 -2.05083e+04 7010162 1 2.6165e-01
+6.10629e+04 -2.05622e+04 7010163 1 2.5760e-01
+6.20420e+04 -2.06124e+04 7010164 1 2.5372e-01
+6.30170e+04 -2.06589e+04 7010165 1 2.5000e-01
+6.39884e+04 -2.07020e+04 7010166 1 2.4643e-01
+6.49564e+04 -2.07418e+04 7010167 1 2.4298e-01
+6.59213e+04 -2.07785e+04 7010168 1 2.3969e-01
+6.68833e+04 -2.08122e+04 7010169 1 2.3654e-01
+6.78428e+04 -2.08432e+04 7010170 1 2.3355e-01
+6.87998e+04 -2.08714e+04 7010171 1 2.3069e-01
+6.97547e+04 -2.08972e+04 7010172 1 2.2796e-01
+7.07077e+04 -2.09207e+04 7010173 1 2.2534e-01
+7.16589e+04 -2.09419e+04 7010174 1 2.2283e-01
+7.26084e+04 -2.09611e+04 7010175 1 2.2046e-01
+7.35565e+04 -2.09784e+04 7010176 1 2.1821e-01
+7.45033e+04 -2.09940e+04 7010177 1 2.1608e-01
+7.54490e+04 -2.10079e+04 7010178 1 2.1409e-01
+7.63936e+04 -2.10203e+04 7010179 1 2.1217e-01
+7.73373e+04 -2.10314e+04 7010180 1 2.1037e-01
+7.82801e+04 -2.10411e+04 7010181 1 2.0869e-01
+7.92223e+04 -2.10497e+04 7010182 1 2.0713e-01
+8.01638e+04 -2.10573e+04 7010183 1 2.0571e-01
+8.11047e+04 -2.10639e+04 7010184 1 2.0440e-01
+8.20452e+04 -2.10696e+04 7010185 1 2.0315e-01
+8.29852e+04 -2.10745e+04 7010186 1 2.0203e-01
+8.39248e+04 -2.10787e+04 7010187 1 2.0103e-01
+8.48642e+04 -2.10823e+04 7010188 1 2.0017e-01
+8.58033e+04 -2.10852e+04 7010189 1 1.9944e-01
+8.67422e+04 -2.10877e+04 7010190 1 1.9881e-01
+8.76809e+04 -2.10896e+04 7010191 1 1.9826e-01
+8.86194e+04 -2.10911e+04 7010192 1 1.9784e-01
+8.95579e+04 -2.10921e+04 7010193 1 1.9754e-01
+9.04963e+04 -2.10927e+04 7010194 1 1.9737e-01
+5.38246e+04 -1.86851e+04 7010195 1 3.0036e-01
+5.48485e+04 -1.87561e+04 7010196 1 2.9515e-01
+5.58658e+04 -1.88231e+04 7010197 1 2.8966e-01
+5.68767e+04 -1.88861e+04 7010198 1 2.8440e-01
+5.78818e+04 -1.89452e+04 7010199 1 2.7933e-01
+5.88814e+04 -1.90006e+04 7010200 1 2.7442e-01
+5.98760e+04 -1.90524e+04 7010201 1 2.6967e-01
+6.08659e+04 -1.91007e+04 7010202 1 2.6506e-01
+6.18515e+04 -1.91456e+04 7010203 1 2.6063e-01
+6.28330e+04 -1.91873e+04 7010204 1 2.5634e-01
+6.38108e+04 -1.92259e+04 7010205 1 2.5215e-01
+6.47853e+04 -1.92615e+04 7010206 1 2.4812e-01
+6.57566e+04 -1.92944e+04 7010207 1 2.4421e-01
+6.67250e+04 -1.93246e+04 7010208 1 2.4045e-01
+6.76908e+04 -1.93523e+04 7010209 1 2.3684e-01
+6.86542e+04 -1.93776e+04 7010210 1 2.3337e-01
+6.96154e+04 -1.94006e+04 7010211 1 2.3002e-01
+7.05747e+04 -1.94216e+04 7010212 1 2.2679e-01
+7.15321e+04 -1.94406e+04 7010213 1 2.2370e-01
+7.24879e+04 -1.94577e+04 7010214 1 2.2073e-01
+7.34422e+04 -1.94732e+04 7010215 1 2.1793e-01
+7.43952e+04 -1.94870e+04 7010216 1 2.1526e-01
+7.53470e+04 -1.94995e+04 7010217 1 2.1272e-01
+7.62978e+04 -1.95105e+04 7010218 1 2.1029e-01
+7.72476e+04 -1.95203e+04 7010219 1 2.0800e-01
+7.81965e+04 -1.95290e+04 7010220 1 2.0586e-01
+7.91447e+04 -1.95367e+04 7010221 1 2.0387e-01
+8.00923e+04 -1.95434e+04 7010222 1 2.0203e-01
+8.10393e+04 -1.95492e+04 7010223 1 2.0032e-01
+8.19857e+04 -1.95543e+04 7010224 1 1.9872e-01
+8.29317e+04 -1.95587e+04 7010225 1 1.9728e-01
+8.38774e+04 -1.95624e+04 7010226 1 1.9599e-01
+8.48227e+04 -1.95655e+04 7010227 1 1.9487e-01
+8.57677e+04 -1.95681e+04 7010228 1 1.9391e-01
+8.67126e+04 -1.95703e+04 7010229 1 1.9307e-01
+8.76572e+04 -1.95720e+04 7010230 1 1.9237e-01
+8.86017e+04 -1.95733e+04 7010231 1 1.9183e-01
+8.95461e+04 -1.95742e+04 7010232 1 1.9144e-01
+9.04905e+04 -1.95747e+04 7010233 1 1.9121e-01
+5.35543e+04 -1.72804e+04 7010234 1 3.1119e-01
+5.45846e+04 -1.73434e+04 7010235 1 3.0574e-01
+5.56084e+04 -1.74028e+04 7010236 1 3.0040e-01
+5.66259e+04 -1.74586e+04 7010237 1 2.9514e-01
+5.76377e+04 -1.75111e+04 7010238 1 2.8990e-01
+5.86442e+04 -1.75602e+04 7010239 1 2.8449e-01
+5.96456e+04 -1.76060e+04 7010240 1 2.7922e-01
+6.06424e+04 -1.76488e+04 7010241 1 2.7406e-01
+6.16349e+04 -1.76886e+04 7010242 1 2.6902e-01
+6.26234e+04 -1.77255e+04 7010243 1 2.6407e-01
+6.36082e+04 -1.77597e+04 7010244 1 2.5925e-01
+6.45896e+04 -1.77913e+04 7010245 1 2.5455e-01
+6.55680e+04 -1.78203e+04 7010246 1 2.4998e-01
+6.65434e+04 -1.78470e+04 7010247 1 2.4554e-01
+6.75163e+04 -1.78715e+04 7010248 1 2.4125e-01
+6.84867e+04 -1.78938e+04 7010249 1 2.3706e-01
+6.94550e+04 -1.79142e+04 7010250 1 2.3300e-01
+7.04213e+04 -1.79327e+04 7010251 1 2.2908e-01
+7.13857e+04 -1.79494e+04 7010252 1 2.2529e-01
+7.23485e+04 -1.79645e+04 7010253 1 2.2166e-01
+7.33099e+04 -1.79781e+04 7010254 1 2.1818e-01
+7.42699e+04 -1.79903e+04 7010255 1 2.1486e-01
+7.52287e+04 -1.80012e+04 7010256 1 2.1164e-01
+7.61865e+04 -1.80109e+04 7010257 1 2.0859e-01
+7.71433e+04 -1.80196e+04 7010258 1 2.0571e-01
+7.80992e+04 -1.80272e+04 7010259 1 2.0299e-01
+7.90544e+04 -1.80339e+04 7010260 1 2.0045e-01
+8.00090e+04 -1.80397e+04 7010261 1 1.9809e-01
+8.09629e+04 -1.80448e+04 7010262 1 1.9586e-01
+8.19163e+04 -1.80492e+04 7010263 1 1.9381e-01
+8.28693e+04 -1.80530e+04 7010264 1 1.9195e-01
+8.38219e+04 -1.80562e+04 7010265 1 1.9029e-01
+8.47742e+04 -1.80590e+04 7010266 1 1.8882e-01
+8.57262e+04 -1.80612e+04 7010267 1 1.8756e-01
+8.66780e+04 -1.80631e+04 7010268 1 1.8646e-01
+8.76296e+04 -1.80646e+04 7010269 1 1.8555e-01
+8.85810e+04 -1.80657e+04 7010270 1 1.8484e-01
+8.95324e+04 -1.80665e+04 7010271 1 1.8433e-01
+9.04836e+04 -1.80669e+04 7010272 1 1.8403e-01
+5.32550e+04 -1.58847e+04 7010273 1 3.2338e-01
+5.42918e+04 -1.59399e+04 7010274 1 3.1769e-01
+5.53222e+04 -1.59920e+04 7010275 1 3.1207e-01
+5.63466e+04 -1.60409e+04 7010276 1 3.0650e-01
+5.73653e+04 -1.60868e+04 7010277 1 3.0094e-01
+5.83788e+04 -1.61298e+04 7010278 1 2.9543e-01
+5.93875e+04 -1.61700e+04 7010279 1 2.8992e-01
+6.03916e+04 -1.62074e+04 7010280 1 2.8442e-01
+6.13915e+04 -1.62422e+04 7010281 1 2.7897e-01
+6.23875e+04 -1.62745e+04 7010282 1 2.7341e-01
+6.33798e+04 -1.63043e+04 7010283 1 2.6790e-01
+6.43689e+04 -1.63319e+04 7010284 1 2.6250e-01
+6.53548e+04 -1.63573e+04 7010285 1 2.5724e-01
+6.63380e+04 -1.63806e+04 7010286 1 2.5205e-01
+6.73186e+04 -1.64019e+04 7010287 1 2.4695e-01
+6.82968e+04 -1.64213e+04 7010288 1 2.4198e-01
+6.92728e+04 -1.64390e+04 7010289 1 2.3713e-01
+7.02469e+04 -1.64551e+04 7010290 1 2.3243e-01
+7.12192e+04 -1.64697e+04 7010291 1 2.2785e-01
+7.21899e+04 -1.64828e+04 7010292 1 2.2344e-01
+7.31591e+04 -1.64946e+04 7010293 1 2.1918e-01
+7.41270e+04 -1.65051e+04 7010294 1 2.1505e-01
+7.50937e+04 -1.65145e+04 7010295 1 2.1106e-01
+7.60594e+04 -1.65229e+04 7010296 1 2.0727e-01
+7.70241e+04 -1.65303e+04 7010297 1 2.0366e-01
+7.79879e+04 -1.65369e+04 7010298 1 2.0024e-01
+7.89511e+04 -1.65426e+04 7010299 1 1.9702e-01
+7.99135e+04 -1.65476e+04 7010300 1 1.9398e-01
+8.08754e+04 -1.65520e+04 7010301 1 1.9114e-01
+8.18368e+04 -1.65558e+04 7010302 1 1.8852e-01
+8.27977e+04 -1.65590e+04 7010303 1 1.8612e-01
+8.37583e+04 -1.65617e+04 7010304 1 1.8396e-01
+8.47185e+04 -1.65640e+04 7010305 1 1.8205e-01
+8.56785e+04 -1.65660e+04 7010306 1 1.8038e-01
+8.66383e+04 -1.65675e+04 7010307 1 1.7894e-01
+8.75978e+04 -1.65688e+04 7010308 1 1.7775e-01
+8.85572e+04 -1.65697e+04 7010309 1 1.7682e-01
+8.95165e+04 -1.65704e+04 7010310 1 1.7616e-01
+9.04758e+04 -1.65707e+04 7010311 1 1.7576e-01
+5.29256e+04 -1.44984e+04 7010312 1 3.3713e-01
+5.39690e+04 -1.45462e+04 7010313 1 3.3117e-01
+5.50063e+04 -1.45911e+04 7010314 1 3.2528e-01
+5.60378e+04 -1.46334e+04 7010315 1 3.1936e-01
+5.70638e+04 -1.46731e+04 7010316 1 3.1337e-01
+5.80848e+04 -1.47102e+04 7010317 1 3.0741e-01
+5.91010e+04 -1.47448e+04 7010318 1 3.0140e-01
+6.01128e+04 -1.47771e+04 7010319 1 2.9538e-01
+6.11206e+04 -1.48071e+04 7010320 1 2.8937e-01
+6.21246e+04 -1.48350e+04 7010321 1 2.8339e-01
+6.31250e+04 -1.48607e+04 7010322 1 2.7741e-01
+6.41222e+04 -1.48844e+04 7010323 1 2.7148e-01
+6.51165e+04 -1.49062e+04 7010324 1 2.6559e-01
+6.61080e+04 -1.49262e+04 7010325 1 2.5973e-01
+6.70970e+04 -1.49445e+04 7010326 1 2.5392e-01
+6.80837e+04 -1.49612e+04 7010327 1 2.4820e-01
+6.90683e+04 -1.49763e+04 7010328 1 2.4258e-01
+7.00510e+04 -1.49901e+04 7010329 1 2.3704e-01
+7.10319e+04 -1.50025e+04 7010330 1 2.3163e-01
+7.20113e+04 -1.50137e+04 7010331 1 2.2631e-01
+7.29893e+04 -1.50237e+04 7010332 1 2.2112e-01
+7.39660e+04 -1.50327e+04 7010333 1 2.1609e-01
+7.49415e+04 -1.50406e+04 7010334 1 2.1123e-01
+7.59160e+04 -1.50477e+04 7010335 1 2.0654e-01
+7.68895e+04 -1.50540e+04 7010336 1 2.0206e-01
+7.78623e+04 -1.50595e+04 7010337 1 1.9779e-01
+7.88343e+04 -1.50643e+04 7010338 1 1.9374e-01
+7.98057e+04 -1.50686e+04 7010339 1 1.8989e-01
+8.07766e+04 -1.50722e+04 7010340 1 1.8628e-01
+8.17469e+04 -1.50753e+04 7010341 1 1.8293e-01
+8.27168e+04 -1.50780e+04 7010342 1 1.7986e-01
+8.36863e+04 -1.50803e+04 7010343 1 1.7707e-01
+8.46556e+04 -1.50822e+04 7010344 1 1.7459e-01
+8.56245e+04 -1.50838e+04 7010345 1 1.7240e-01
+8.65933e+04 -1.50851e+04 7010346 1 1.7052e-01
+8.75619e+04 -1.50861e+04 7010347 1 1.6897e-01
+8.85303e+04 -1.50869e+04 7010348 1 1.6775e-01
+8.94986e+04 -1.50874e+04 7010349 1 1.6687e-01
+9.04669e+04 -1.50877e+04 7010350 1 1.6635e-01
+5.25648e+04 -1.31219e+04 7010351 1 3.5256e-01
+5.36152e+04 -1.31625e+04 7010352 1 3.4629e-01
+5.46597e+04 -1.32007e+04 7010353 1 3.4002e-01
+5.56986e+04 -1.32366e+04 7010354 1 3.3373e-01
+5.67322e+04 -1.32703e+04 7010355 1 3.2736e-01
+5.77611e+04 -1.33019e+04 7010356 1 3.2091e-01
+5.87853e+04 -1.33313e+04 7010357 1 3.1443e-01
+5.98054e+04 -1.33587e+04 7010358 1 3.0789e-01
+6.08216e+04 -1.33841e+04 7010359 1 3.0132e-01
+6.18341e+04 -1.34077e+04 7010360 1 2.9472e-01
+6.28432e+04 -1.34294e+04 7010361 1 2.8809e-01
+6.38493e+04 -1.34495e+04 7010362 1 2.8145e-01
+6.48525e+04 -1.34679e+04 7010363 1 2.7481e-01
+6.58530e+04 -1.34848e+04 7010364 1 2.6819e-01
+6.68512e+04 -1.35002e+04 7010365 1 2.6161e-01
+6.78471e+04 -1.35142e+04 7010366 1 2.5509e-01
+6.88411e+04 -1.35270e+04 7010367 1 2.4864e-01
+6.98332e+04 -1.35385e+04 7010368 1 2.4226e-01
+7.08236e+04 -1.35489e+04 7010369 1 2.3599e-01
+7.18125e+04 -1.35583e+04 7010370 1 2.2978e-01
+7.28001e+04 -1.35666e+04 7010371 1 2.2371e-01
+7.37865e+04 -1.35741e+04 7010372 1 2.1776e-01
+7.47717e+04 -1.35808e+04 7010373 1 2.1199e-01
+7.57560e+04 -1.35866e+04 7010374 1 2.0639e-01
+7.67394e+04 -1.35918e+04 7010375 1 2.0099e-01
+7.77220e+04 -1.35964e+04 7010376 1 1.9579e-01
+7.87039e+04 -1.36003e+04 7010377 1 1.9079e-01
+7.96852e+04 -1.36038e+04 7010378 1 1.8605e-01
+8.06660e+04 -1.36068e+04 7010379 1 1.8158e-01
+8.16463e+04 -1.36093e+04 7010380 1 1.7739e-01
+8.26262e+04 -1.36115e+04 7010381 1 1.7353e-01
+8.36058e+04 -1.36133e+04 7010382 1 1.7000e-01
+8.45851e+04 -1.36149e+04 7010383 1 1.6683e-01
+8.55641e+04 -1.36161e+04 7010384 1 1.6401e-01
+8.65430e+04 -1.36172e+04 7010385 1 1.6159e-01
+8.75216e+04 -1.36180e+04 7010386 1 1.5958e-01
+8.85001e+04 -1.36186e+04 7010387 1 1.5801e-01
+8.94786e+04 -1.36190e+04 7010388 1 1.5687e-01
+9.04569e+04 -1.36193e+04 7010389 1 1.5619e-01
+5.21715e+04 -1.17556e+04 7010390 1 3.6973e-01
+5.32290e+04 -1.17894e+04 7010391 1 3.6318e-01
+5.42810e+04 -1.18213e+04 7010392 1 3.5655e-01
+5.53277e+04 -1.18512e+04 7010393 1 3.4986e-01
+5.63694e+04 -1.18793e+04 7010394 1 3.4309e-01
+5.74066e+04 -1.19055e+04 7010395 1 3.3616e-01
+5.84394e+04 -1.19300e+04 7010396 1 3.2917e-01
+5.94682e+04 -1.19527e+04 7010397 1 3.2209e-01
+6.04934e+04 -1.19738e+04 7010398 1 3.1489e-01
+6.15151e+04 -1.19934e+04 7010399 1 3.0762e-01
+6.25336e+04 -1.20114e+04 7010400 1 3.0030e-01
+6.35491e+04 -1.20280e+04 7010401 1 2.9295e-01
+6.45620e+04 -1.20433e+04 7010402 1 2.8555e-01
+6.55724e+04 -1.20572e+04 7010403 1 2.7816e-01
+6.65804e+04 -1.20699e+04 7010404 1 2.7078e-01
+6.75865e+04 -1.20815e+04 7010405 1 2.6341e-01
+6.85906e+04 -1.20920e+04 7010406 1 2.5608e-01
+6.95929e+04 -1.21014e+04 7010407 1 2.4879e-01
+7.05938e+04 -1.21099e+04 7010408 1 2.4155e-01
+7.15932e+04 -1.21176e+04 7010409 1 2.3439e-01
+7.25913e+04 -1.21244e+04 7010410 1 2.2736e-01
+7.35882e+04 -1.21305e+04 7010411 1 2.2045e-01
+7.45842e+04 -1.21359e+04 7010412 1 2.1366e-01
+7.55792e+04 -1.21406e+04 7010413 1 2.0706e-01
+7.65734e+04 -1.21448e+04 7010414 1 2.0063e-01
+7.75669e+04 -1.21485e+04 7010415 1 1.9439e-01
+7.85597e+04 -1.21516e+04 7010416 1 1.8838e-01
+7.95520e+04 -1.21544e+04 7010417 1 1.8264e-01
+8.05437e+04 -1.21567e+04 7010418 1 1.7718e-01
+8.15351e+04 -1.21588e+04 7010419 1 1.7204e-01
+8.25260e+04 -1.21605e+04 7010420 1 1.6726e-01
+8.35167e+04 -1.21619e+04 7010421 1 1.6286e-01
+8.45071e+04 -1.21631e+04 7010422 1 1.5887e-01
+8.54973e+04 -1.21641e+04 7010423 1 1.5532e-01
+8.64872e+04 -1.21649e+04 7010424 1 1.5225e-01
+8.74771e+04 -1.21655e+04 7010425 1 1.4969e-01
+8.84668e+04 -1.21660e+04 7010426 1 1.4767e-01
+8.94564e+04 -1.21663e+04 7010427 1 1.4622e-01
+9.04459e+04 -1.21665e+04 7010428 1 1.4534e-01
+5.17441e+04 -1.03999e+04 7010429 1 3.8893e-01
+5.28091e+04 -1.04274e+04 7010430 1 3.8209e-01
+5.38689e+04 -1.04533e+04 7010431 1 3.7510e-01
+5.49238e+04 -1.04776e+04 7010432 1 3.6800e-01
+5.59741e+04 -1.05004e+04 7010433 1 3.6074e-01
+5.70200e+04 -1.05217e+04 7010434 1 3.5331e-01
+5.80620e+04 -1.05415e+04 7010435 1 3.4574e-01
+5.91002e+04 -1.05600e+04 7010436 1 3.3804e-01
+6.01350e+04 -1.05771e+04 7010437 1 3.3022e-01
+6.11665e+04 -1.05929e+04 7010438 1 3.2228e-01
+6.21950e+04 -1.06075e+04 7010439 1 3.1427e-01
+6.32209e+04 -1.06209e+04 7010440 1 3.0617e-01
+6.42442e+04 -1.06332e+04 7010441 1 2.9800e-01
+6.52651e+04 -1.06444e+04 7010442 1 2.8979e-01
+6.62840e+04 -1.06546e+04 7010443 1 2.8156e-01
+6.73009e+04 -1.06639e+04 7010444 1 2.7329e-01
+6.83161e+04 -1.06723e+04 7010445 1 2.6502e-01
+6.93297e+04 -1.06798e+04 7010446 1 2.5677e-01
+7.03418e+04 -1.06866e+04 7010447 1 2.4855e-01
+7.13526e+04 -1.06927e+04 7010448 1 2.4042e-01
+7.23622e+04 -1.06981e+04 7010449 1 2.3234e-01
+7.33708e+04 -1.07029e+04 7010450 1 2.2438e-01
+7.43784e+04 -1.07071e+04 7010451 1 2.1652e-01
+7.53852e+04 -1.07109e+04 7010452 1 2.0881e-01
+7.63912e+04 -1.07141e+04 7010453 1 2.0124e-01
+7.73966e+04 -1.07170e+04 7010454 1 1.9388e-01
+7.84014e+04 -1.07194e+04 7010455 1 1.8674e-01
+7.94056e+04 -1.07215e+04 7010456 1 1.7986e-01
+8.04094e+04 -1.07233e+04 7010457 1 1.7328e-01
+8.14129e+04 -1.07249e+04 7010458 1 1.6704e-01
+8.24160e+04 -1.07262e+04 7010459 1 1.6118e-01
+8.34188e+04 -1.07273e+04 7010460 1 1.5573e-01
+8.44214e+04 -1.07282e+04 7010461 1 1.5076e-01
+8.54238e+04 -1.07289e+04 7010462 1 1.4630e-01
+8.64260e+04 -1.07295e+04 7010463 1 1.4242e-01
+8.74281e+04 -1.07299e+04 7010464 1 1.3916e-01
+8.84301e+04 -1.07303e+04 7010465 1 1.3657e-01
+8.94320e+04 -1.07305e+04 7010466 1 1.3470e-01
+9.04338e+04 -1.07306e+04 7010467 1 1.3356e-01
+5.12810e+04 -9.05516e+03 7010468 1 4.1044e-01
+5.23539e+04 -9.07686e+03 7010469 1 4.0320e-01
+5.34219e+04 -9.09728e+03 7010470 1 3.9577e-01
+5.44855e+04 -9.11644e+03 7010471 1 3.8818e-01
+5.55448e+04 -9.13439e+03 7010472 1 3.8041e-01
+5.66001e+04 -9.15114e+03 7010473 1 3.7243e-01
+5.76518e+04 -9.16675e+03 7010474 1 3.6428e-01
+5.87000e+04 -9.18124e+03 7010475 1 3.5600e-01
+5.97451e+04 -9.19466e+03 7010476 1 3.4752e-01
+6.07872e+04 -9.20705e+03 7010477 1 3.3888e-01
+6.18265e+04 -9.21846e+03 7010478 1 3.3012e-01
+6.28634e+04 -9.22893e+03 7010479 1 3.2126e-01
+6.38980e+04 -9.23851e+03 7010480 1 3.1227e-01
+6.49305e+04 -9.24725e+03 7010481 1 3.0319e-01
+6.59610e+04 -9.25519e+03 7010482 1 2.9404e-01
+6.69897e+04 -9.26239e+03 7010483 1 2.8487e-01
+6.80169e+04 -9.26889e+03 7010484 1 2.7566e-01
+6.90426e+04 -9.27473e+03 7010485 1 2.6641e-01
+7.00670e+04 -9.27995e+03 7010486 1 2.5721e-01
+7.10902e+04 -9.28461e+03 7010487 1 2.4801e-01
+7.21123e+04 -9.28875e+03 7010488 1 2.3886e-01
+7.31335e+04 -9.29241e+03 7010489 1 2.2977e-01
+7.41539e+04 -9.29563e+03 7010490 1 2.2075e-01
+7.51734e+04 -9.29844e+03 7010491 1 2.1186e-01
+7.61924e+04 -9.30089e+03 7010492 1 2.0310e-01
+7.72107e+04 -9.30301e+03 7010493 1 1.9453e-01
+7.82285e+04 -9.30484e+03 7010494 1 1.8615e-01
+7.92459e+04 -9.30640e+03 7010495 1 1.7802e-01
+8.02628e+04 -9.30772e+03 7010496 1 1.7017e-01
+8.12795e+04 -9.30884e+03 7010497 1 1.6267e-01
+8.22958e+04 -9.30977e+03 7010498 1 1.5554e-01
+8.33120e+04 -9.31055e+03 7010499 1 1.4887e-01
+8.43279e+04 -9.31119e+03 7010500 1 1.4270e-01
+8.53436e+04 -9.31171e+03 7010501 1 1.3713e-01
+8.63592e+04 -9.31212e+03 7010502 1 1.3223e-01
+8.73746e+04 -9.31243e+03 7010503 1 1.2809e-01
+8.83900e+04 -9.31266e+03 7010504 1 1.2476e-01
+8.94053e+04 -9.31282e+03 7010505 1 1.2234e-01
+9.04206e+04 -9.31291e+03 7010506 1 1.2086e-01
+5.07804e+04 -7.72183e+03 7010507 1 4.3445e-01
+5.18615e+04 -7.73827e+03 7010508 1 4.2677e-01
+5.29383e+04 -7.75374e+03 7010509 1 4.1891e-01
+5.40110e+04 -7.76824e+03 7010510 1 4.1081e-01
+5.50799e+04 -7.78181e+03 7010511 1 4.0249e-01
+5.61452e+04 -7.79447e+03 7010512 1 3.9394e-01
+5.72073e+04 -7.80624e+03 7010513 1 3.8514e-01
+5.82662e+04 -7.81716e+03 7010514 1 3.7616e-01
+5.93224e+04 -7.82727e+03 7010515 1 3.6696e-01
+6.03758e+04 -7.83659e+03 7010516 1 3.5759e-01
+6.14269e+04 -7.84515e+03 7010517 1 3.4803e-01
+6.24756e+04 -7.85301e+03 7010518 1 3.3833e-01
+6.35224e+04 -7.86018e+03 7010519 1 3.2848e-01
+6.45672e+04 -7.86671e+03 7010520 1 3.1854e-01
+6.56103e+04 -7.87263e+03 7010521 1 3.0849e-01
+6.66519e+04 -7.87798e+03 7010522 1 2.9835e-01
+6.76920e+04 -7.88279e+03 7010523 1 2.8814e-01
+6.87309e+04 -7.88711e+03 7010524 1 2.7791e-01
+6.97686e+04 -7.89096e+03 7010525 1 2.6762e-01
+7.08052e+04 -7.89438e+03 7010526 1 2.5734e-01
+7.18410e+04 -7.89740e+03 7010527 1 2.4705e-01
+7.28758e+04 -7.90006e+03 7010528 1 2.3680e-01
+7.39100e+04 -7.90239e+03 7010529 1 2.2660e-01
+7.49435e+04 -7.90442e+03 7010530 1 2.1649e-01
+7.59764e+04 -7.90617e+03 7010531 1 2.0647e-01
+7.70088e+04 -7.90768e+03 7010532 1 1.9660e-01
+7.80408e+04 -7.90897e+03 7010533 1 1.8690e-01
+7.90724e+04 -7.91006e+03 7010534 1 1.7740e-01
+8.01036e+04 -7.91097e+03 7010535 1 1.6817e-01
+8.11346e+04 -7.91174e+03 7010536 1 1.5925e-01
+8.21654e+04 -7.91238e+03 7010537 1 1.5070e-01
+8.31959e+04 -7.91290e+03 7010538 1 1.4259e-01
+8.42262e+04 -7.91332e+03 7010539 1 1.3503e-01
+8.52565e+04 -7.91366e+03 7010540 1 1.2810e-01
+8.62866e+04 -7.91392e+03 7010541 1 1.2193e-01
+8.73166e+04 -7.91412e+03 7010542 1 1.1663e-01
+8.83465e+04 -7.91427e+03 7010543 1 1.1234e-01
+8.93764e+04 -7.91437e+03 7010544 1 1.0917e-01
+9.04063e+04 -7.91442e+03 7010545 1 1.0723e-01
+5.02402e+04 -6.40028e+03 7010546 1 4.6144e-01
+5.13300e+04 -6.41207e+03 7010547 1 4.5332e-01
+5.24161e+04 -6.42315e+03 7010548 1 4.4491e-01
+5.34985e+04 -6.43354e+03 7010549 1 4.3623e-01
+5.45777e+04 -6.44325e+03 7010550 1 4.2725e-01
+5.56537e+04 -6.45230e+03 7010551 1 4.1803e-01
+5.67269e+04 -6.46071e+03 7010552 1 4.0856e-01
+5.77974e+04 -6.46850e+03 7010553 1 3.9882e-01
+5.88654e+04 -6.47570e+03 7010554 1 3.8884e-01
+5.99310e+04 -6.48233e+03 7010555 1 3.7865e-01
+6.09946e+04 -6.48841e+03 7010556 1 3.6826e-01
+6.20563e+04 -6.49398e+03 7010557 1 3.5770e-01
+6.31161e+04 -6.49905e+03 7010558 1 3.4696e-01
+6.41743e+04 -6.50365e+03 7010559 1 3.3609e-01
+6.52311e+04 -6.50782e+03 7010560 1 3.2507e-01
+6.62865e+04 -6.51157e+03 7010561 1 3.1396e-01
+6.73406e+04 -6.51494e+03 7010562 1 3.0270e-01
+6.83937e+04 -6.51794e+03 7010563 1 2.9138e-01
+6.94458e+04 -6.52062e+03 7010564 1 2.8003e-01
+7.04970e+04 -6.52298e+03 7010565 1 2.6860e-01
+7.15474e+04 -6.52506e+03 7010566 1 2.5718e-01
+7.25971e+04 -6.52688e+03 7010567 1 2.4572e-01
+7.36462e+04 -6.52847e+03 7010568 1 2.3430e-01
+7.46947e+04 -6.52983e+03 7010569 1 2.2292e-01
+7.57428e+04 -6.53101e+03 7010570 1 2.1161e-01
+7.67905e+04 -6.53201e+03 7010571 1 2.0039e-01
+7.78378e+04 -6.53285e+03 7010572 1 1.8929e-01
+7.88847e+04 -6.53356e+03 7010573 1 1.7837e-01
+7.99315e+04 -6.53415e+03 7010574 1 1.6764e-01
+8.09779e+04 -6.53464e+03 7010575 1 1.5718e-01
+8.20242e+04 -6.53504e+03 7010576 1 1.4705e-01
+8.30704e+04 -6.53536e+03 7010577 1 1.3734e-01
+8.41164e+04 -6.53561e+03 7010578 1 1.2814e-01
+8.51623e+04 -6.53581e+03 7010579 1 1.1959e-01
+8.62081e+04 -6.53596e+03 7010580 1 1.1183e-01
+8.72538e+04 -6.53608e+03 7010581 1 1.0506e-01
+8.82995e+04 -6.53616e+03 7010582 1 9.9474e-02
+8.93451e+04 -6.53621e+03 7010583 1 9.5285e-02
+9.03907e+04 -6.53624e+03 7010584 1 9.2690e-02
+4.96583e+04 -5.09090e+03 7010585 1 4.9209e-01
+5.07574e+04 -5.09872e+03 7010586 1 4.8339e-01
+5.18532e+04 -5.10605e+03 7010587 1 4.7435e-01
+5.29461e+04 -5.11292e+03 7010588 1 4.6502e-01
+5.40362e+04 -5.11934e+03 7010589 1 4.5533e-01
+5.51237e+04 -5.12531e+03 7010590 1 4.4536e-01
+5.62088e+04 -5.13085e+03 7010591 1 4.3508e-01
+5.72916e+04 -5.13598e+03 7010592 1 4.2450e-01
+5.83724e+04 -5.14071e+03 7010593 1 4.1368e-01
+5.94513e+04 -5.14506e+03 7010594 1 4.0264e-01
+6.05284e+04 -5.14904e+03 7010595 1 3.9133e-01
+6.16039e+04 -5.15267e+03 7010596 1 3.7980e-01
+6.26779e+04 -5.15598e+03 7010597 1 3.6809e-01
+6.37506e+04 -5.15897e+03 7010598 1 3.5619e-01
+6.48220e+04 -5.16167e+03 7010599 1 3.4414e-01
+6.58923e+04 -5.16410e+03 7010600 1 3.3194e-01
+6.69617e+04 -5.16626e+03 7010601 1 3.1963e-01
+6.80301e+04 -5.16819e+03 7010602 1 3.0721e-01
+6.90977e+04 -5.16989e+03 7010603 1 2.9469e-01
+7.01647e+04 -5.17139e+03 7010604 1 2.8212e-01
+7.12309e+04 -5.17271e+03 7010605 1 2.6950e-01
+7.22967e+04 -5.17384e+03 7010606 1 2.5683e-01
+7.33619e+04 -5.17483e+03 7010607 1 2.4414e-01
+7.44267e+04 -5.17567e+03 7010608 1 2.3146e-01
+7.54911e+04 -5.17639e+03 7010609 1 2.1881e-01
+7.65552e+04 -5.17699e+03 7010610 1 2.0622e-01
+7.76190e+04 -5.17749e+03 7010611 1 1.9367e-01
+7.86826e+04 -5.17791e+03 7010612 1 1.8125e-01
+7.97460e+04 -5.17825e+03 7010613 1 1.6898e-01
+8.08092e+04 -5.17853e+03 7010614 1 1.5691e-01
+8.18723e+04 -5.17874e+03 7010615 1 1.4509e-01
+8.29352e+04 -5.17892e+03 7010616 1 1.3361e-01
+8.39981e+04 -5.17905e+03 7010617 1 1.2258e-01
+8.50608e+04 -5.17915e+03 7010618 1 1.1213e-01
+8.61235e+04 -5.17922e+03 7010619 1 1.0244e-01
+8.71862e+04 -5.17927e+03 7010620 1 9.3777e-02
+8.82488e+04 -5.17931e+03 7010621 1 8.6432e-02
+8.93114e+04 -5.17933e+03 7010622 1 8.0781e-02
+9.03740e+04 -5.17935e+03 7010623 1 7.7203e-02
+4.90321e+04 -3.79405e+03 7010624 1 5.2776e-01
+5.01410e+04 -3.79861e+03 7010625 1 5.1838e-01
+5.12474e+04 -3.80290e+03 7010626 1 5.0857e-01
+5.23514e+04 -3.80691e+03 7010627 1 4.9844e-01
+5.34532e+04 -3.81064e+03 7010628 1 4.8790e-01
+5.45531e+04 -3.81412e+03 7010629 1 4.7704e-01
+5.56510e+04 -3.81734e+03 7010630 1 4.6582e-01
+5.67472e+04 -3.82031e+03 7010631 1 4.5430e-01
+5.78417e+04 -3.82305e+03 7010632 1 4.4249e-01
+5.89348e+04 -3.82557e+03 7010633 1 4.3040e-01
+6.00265e+04 -3.82786e+03 7010634 1 4.1805e-01
+6.11170e+04 -3.82995e+03 7010635 1 4.0545e-01
+6.22063e+04 -3.83185e+03 7010636 1 3.9264e-01
+6.32945e+04 -3.83356e+03 7010637 1 3.7964e-01
+6.43819e+04 -3.83509e+03 7010638 1 3.6647e-01
+6.54683e+04 -3.83647e+03 7010639 1 3.5312e-01
+6.65540e+04 -3.83769e+03 7010640 1 3.3963e-01
+6.76391e+04 -3.83877e+03 7010641 1 3.2601e-01
+6.87235e+04 -3.83973e+03 7010642 1 3.1229e-01
+6.98074e+04 -3.84056e+03 7010643 1 2.9848e-01
+7.08908e+04 -3.84128e+03 7010644 1 2.8457e-01
+7.19737e+04 -3.84190e+03 7010645 1 2.7062e-01
+7.30564e+04 -3.84243e+03 7010646 1 2.5662e-01
+7.41387e+04 -3.84288e+03 7010647 1 2.4261e-01
+7.52207e+04 -3.84326e+03 7010648 1 2.2856e-01
+7.63025e+04 -3.84357e+03 7010649 1 2.1454e-01
+7.73841e+04 -3.84383e+03 7010650 1 2.0054e-01
+7.84656e+04 -3.84404e+03 7010651 1 1.8661e-01
+7.95469e+04 -3.84420e+03 7010652 1 1.7274e-01
+8.06280e+04 -3.84433e+03 7010653 1 1.5901e-01
+8.17091e+04 -3.84443e+03 7010654 1 1.4543e-01
+8.27901e+04 -3.84450e+03 7010655 1 1.3208e-01
+8.38711e+04 -3.84456e+03 7010656 1 1.1906e-01
+8.49520e+04 -3.84459e+03 7010657 1 1.0647e-01
+8.60329e+04 -3.84462e+03 7010658 1 9.4512e-02
+8.71137e+04 -3.84463e+03 7010659 1 8.3456e-02
+8.81945e+04 -3.84464e+03 7010660 1 7.3711e-02
+8.92753e+04 -3.84465e+03 7010661 1 6.5871e-02
+9.03561e+04 -3.84465e+03 7010662 1 6.0706e-02
+4.83588e+04 -2.51006e+03 7010663 1 5.7238e-01
+4.94782e+04 -2.51219e+03 7010664 1 5.6194e-01
+5.05959e+04 -2.51418e+03 7010665 1 5.5110e-01
+5.17119e+04 -2.51604e+03 7010666 1 5.3984e-01
+5.28264e+04 -2.51777e+03 7010667 1 5.2820e-01
+5.39395e+04 -2.51938e+03 7010668 1 5.1620e-01
+5.50513e+04 -2.52087e+03 7010669 1 5.0382e-01
+5.61619e+04 -2.52224e+03 7010670 1 4.9109e-01
+5.72713e+04 -2.52350e+03 7010671 1 4.7805e-01
+5.83798e+04 -2.52465e+03 7010672 1 4.6472e-01
+5.94872e+04 -2.52570e+03 7010673 1 4.5110e-01
+6.05938e+04 -2.52665e+03 7010674 1 4.3723e-01
+6.16997e+04 -2.52751e+03 7010675 1 4.2313e-01
+6.28048e+04 -2.52829e+03 7010676 1 4.0882e-01
+6.39093e+04 -2.52898e+03 7010677 1 3.9431e-01
+6.50132e+04 -2.52960e+03 7010678 1 3.7961e-01
+6.61166e+04 -2.53014e+03 7010679 1 3.6476e-01
+6.72195e+04 -2.53062e+03 7010680 1 3.4976e-01
+6.83220e+04 -2.53104e+03 7010681 1 3.3465e-01
+6.94242e+04 -2.53140e+03 7010682 1 3.1945e-01
+7.05260e+04 -2.53171e+03 7010683 1 3.0413e-01
+7.16276e+04 -2.53198e+03 7010684 1 2.8873e-01
+7.27289e+04 -2.53220e+03 7010685 1 2.7329e-01
+7.38301e+04 -2.53238e+03 7010686 1 2.5779e-01
+7.49311e+04 -2.53254e+03 7010687 1 2.4226e-01
+7.60319e+04 -2.53266e+03 7010688 1 2.2669e-01
+7.71326e+04 -2.53276e+03 7010689 1 2.1113e-01
+7.82332e+04 -2.53283e+03 7010690 1 1.9557e-01
+7.93337e+04 -2.53289e+03 7010691 1 1.8004e-01
+8.04342e+04 -2.53293e+03 7010692 1 1.6456e-01
+8.15346e+04 -2.53296e+03 7010693 1 1.4914e-01
+8.26349e+04 -2.53298e+03 7010694 1 1.3384e-01
+8.37353e+04 -2.53299e+03 7010695 1 1.1869e-01
+8.48356e+04 -2.53300e+03 7010696 1 1.0378e-01
+8.59359e+04 -2.53300e+03 7010697 1 8.9234e-02
+8.70361e+04 -2.53300e+03 7010698 1 7.5265e-02
+8.81364e+04 -2.53300e+03 7010699 1 6.2263e-02
+8.92367e+04 -2.53299e+03 7010700 1 5.0963e-02
+9.03369e+04 -2.53299e+03 7010701 1 4.2761e-02
+4.76353e+04 -1.23925e+03 7010702 1 6.1990e-01
+4.87660e+04 -1.23982e+03 7010703 1 6.0999e-01
+4.98959e+04 -1.24036e+03 7010704 1 5.9936e-01
+5.10248e+04 -1.24087e+03 7010705 1 5.8806e-01
+5.21530e+04 -1.24133e+03 7010706 1 5.7614e-01
+5.32805e+04 -1.24177e+03 7010707 1 5.6364e-01
+5.44072e+04 -1.24216e+03 7010708 1 5.5059e-01
+5.55334e+04 -1.24253e+03 7010709 1 5.3706e-01
+5.66589e+04 -1.24287e+03 7010710 1 5.2306e-01
+5.77840e+04 -1.24317e+03 7010711 1 5.0865e-01
+5.89085e+04 -1.24345e+03 7010712 1 4.9386e-01
+6.00326e+04 -1.24370e+03 7010713 1 4.7872e-01
+6.11563e+04 -1.24392e+03 7010714 1 4.6327e-01
+6.22797e+04 -1.24412e+03 7010715 1 4.4753e-01
+6.34027e+04 -1.24430e+03 7010716 1 4.3155e-01
+6.45254e+04 -1.24446e+03 7010717 1 4.1533e-01
+6.56479e+04 -1.24459e+03 7010718 1 3.9891e-01
+6.67701e+04 -1.24471e+03 7010719 1 3.8232e-01
+6.78922e+04 -1.24482e+03 7010720 1 3.6557e-01
+6.90140e+04 -1.24490e+03 7010721 1 3.4869e-01
+7.01358e+04 -1.24498e+03 7010722 1 3.3169e-01
+7.12573e+04 -1.24504e+03 7010723 1 3.1459e-01
+7.23788e+04 -1.24509e+03 7010724 1 2.9740e-01
+7.35002e+04 -1.24513e+03 7010725 1 2.8015e-01
+7.46215e+04 -1.24516e+03 7010726 1 2.6284e-01
+7.57427e+04 -1.24518e+03 7010727 1 2.4548e-01
+7.68639e+04 -1.24520e+03 7010728 1 2.2809e-01
+7.79850e+04 -1.24521e+03 7010729 1 2.1067e-01
+7.91061e+04 -1.24522e+03 7010730 1 1.9324e-01
+8.02272e+04 -1.24522e+03 7010731 1 1.7579e-01
+8.13483e+04 -1.24523e+03 7010732 1 1.5835e-01
+8.24693e+04 -1.24522e+03 7010733 1 1.4091e-01
+8.35904e+04 -1.24522e+03 7010734 1 1.2350e-01
+8.47114e+04 -1.24522e+03 7010735 1 1.0612e-01
+8.58324e+04 -1.24521e+03 7010736 1 8.8794e-02
+8.69534e+04 -1.24521e+03 7010737 1 7.1580e-02
+8.80745e+04 -1.24521e+03 7010738 1 5.4575e-02
+8.91955e+04 -1.24521e+03 7010739 1 3.8060e-02
+9.03165e+04 -1.24520e+03 7010740 1 2.3101e-02
