+4.87327e+04 -5.59579e+04 4010078 1 4.9178e-01
+4.72715e+04 -5.71487e+04 4010036 1 5.0331e-01
+4.79328e+04 -5.56308e+04 4010077 1 4.8497e-01
+5.05289e+04 -5.82844e+04 4010040 1 5.2377e-01
+4.75046e+04 -5.18309e+04 4010157 1 4.5379e-01
+4.71434e+04 -5.52718e+04 4010076 1 4.8447e-01
+4.69583e+04 -5.33595e+04 4010116 1 4.6579e-01
+4.71941e+04 -4.98918e+04 4010197 1 4.3994e-01
+4.73932e+04 -6.42000e+04 2010696 1 5.8938e-01
+4.90525e+04 -6.12767e+04 2010778 1 5.5770e-01
+4.82456e+04 -6.27480e+04 2010737 1 5.7694e-01
+4.98129e+04 -5.97891e+04 2010819 1 5.4075e-01
+5.49085e+04 -5.91086e+04 5010004 1 5.3802e-01
+5.58243e+04 -5.92080e+04 5010005 1 5.3810e-01
+5.22391e+04 -5.86858e+04 5010001 1 5.3170e-01
+5.67528e+04 -5.92888e+04 5010006 1 5.3657e-01
+5.31155e+04 -5.88489e+04 5010002 1 5.3244e-01
+5.13771e+04 -5.84980e+04 5010000 1 5.2925e-01
+5.76936e+04 -5.93522e+04 5010007 1 5.3321e-01
+5.86465e+04 -5.93993e+04 5010008 1 5.2922e-01
+5.40055e+04 -5.89892e+04 5010003 1 5.3599e-01
+5.96105e+04 -5.94319e+04 5010009 1 5.2542e-01
+6.05850e+04 -5.94513e+04 5010010 1 5.2021e-01
+6.15696e+04 -5.94586e+04 5010011 1 5.1363e-01
+7.72212e+04 -5.88252e+04 5010026 1 3.1569e-01
+7.83036e+04 -5.87725e+04 5010027 1 2.9775e-01
+7.93888e+04 -5.87222e+04 5010028 1 2.7950e-01
+6.25638e+04 -5.94549e+04 5010012 1 5.0585e-01
+6.35672e+04 -5.94414e+04 5010013 1 4.9701e-01
+6.45792e+04 -5.94193e+04 5010014 1 4.8718e-01
+6.55994e+04 -5.93894e+04 5010015 1 4.7649e-01
+6.66273e+04 -5.93531e+04 5010016 1 4.6523e-01
+6.76622e+04 -5.93112e+04 5010017 1 4.5301e-01
+6.87037e+04 -5.92647e+04 5010018 1 4.3988e-01
+6.97513e+04 -5.92145e+04 5010019 1 4.2591e-01
+7.08045e+04 -5.91614e+04 5010020 1 4.1130e-01
+7.18630e+04 -5.91063e+04 5010021 1 3.9614e-01
+7.29264e+04 -5.90499e+04 5010022 1 3.8044e-01
+7.39942e+04 -5.89929e+04 5010023 1 3.6429e-01
+7.50662e+04 -5.89360e+04 5010024 1 3.4784e-01
+7.61419e+04 -5.88799e+04 5010025 1 3.3139e-01
+4.96944e+04 -5.80443e+04 4010039 1 5.1698e-01
+4.84547e+04 -4.87595e+04 4010239 1 4.2964e-01
+4.74018e+04 -6.25151e+04 2010736 1 5.6971e-01
+4.82127e+04 -6.10415e+04 2010777 1 5.4918e-01
+4.89768e+04 -5.95508e+04 2010818 1 5.3661e-01
+5.55509e+04 -5.76100e+04 5010043 1 5.1761e-01
+5.73750e+04 -5.78016e+04 5010045 1 5.1841e-01
+5.64573e+04 -5.77148e+04 5010044 1 5.1869e-01
+5.83036e+04 -5.78717e+04 5010046 1 5.1666e-01
+5.92429e+04 -5.79261e+04 5010047 1 5.1326e-01
+6.01925e+04 -5.79661e+04 5010048 1 5.0838e-01
+6.11525e+04 -5.79927e+04 5010049 1 5.0281e-01
+6.21217e+04 -5.80074e+04 5010050 1 4.9710e-01
+6.40863e+04 -5.80057e+04 5010052 1 4.8202e-01
+6.30998e+04 -5.80114e+04 5010051 1 4.9015e-01
+6.50808e+04 -5.79914e+04 5010053 1 4.7283e-01
+6.60829e+04 -5.79694e+04 5010054 1 4.6278e-01
+6.70922e+04 -5.79407e+04 5010055 1 4.5201e-01
+6.81084e+04 -5.79065e+04 5010056 1 4.4105e-01
+7.01593e+04 -5.78247e+04 5010058 1 4.1569e-01
+6.91309e+04 -5.78675e+04 5010057 1 4.2879e-01
+7.11930e+04 -5.77788e+04 5010059 1 4.0182e-01
+7.22318e+04 -5.77307e+04 5010060 1 3.8722e-01
+7.32752e+04 -5.76810e+04 5010061 1 3.7197e-01
+7.43229e+04 -5.76304e+04 5010062 1 3.5612e-01
+7.53746e+04 -5.75796e+04 5010063 1 3.4002e-01
+7.74888e+04 -5.74799e+04 5010065 1 3.0779e-01
+7.64300e+04 -5.75292e+04 5010064 1 3.2389e-01
+7.85507e+04 -5.74322e+04 5010066 1 2.9368e-01
+7.96154e+04 -5.73867e+04 5010067 1 2.7616e-01
+8.06826e+04 -5.73438e+04 5010068 1 2.5838e-01
+8.28233e+04 -5.72668e+04 5010070 1 2.2236e-01
+8.17520e+04 -5.73037e+04 5010069 1 2.4041e-01
+8.38963e+04 -5.72335e+04 5010071 1 2.0432e-01
+8.71234e+04 -5.71575e+04 5010074 1 1.5178e-01
+8.49708e+04 -5.72040e+04 5010072 1 1.8640e-01
+8.60466e+04 -5.71786e+04 5010073 1 1.6881e-01
+8.82010e+04 -5.71409e+04 5010075 1 1.3574e-01
+8.92793e+04 -5.71288e+04 5010076 1 1.2144e-01
+8.04765e+04 -5.86748e+04 5010029 1 2.6101e-01
+5.46561e+04 -5.74859e+04 5010042 1 5.1847e-01
+4.80030e+04 -5.02973e+04 4010198 1 4.4035e-01
+4.88731e+04 -5.77766e+04 4010038 1 5.0949e-01
+4.83050e+04 -5.22128e+04 4010158 1 4.5649e-01
+4.88143e+04 -5.06730e+04 4010199 1 4.4317e-01
+4.73905e+04 -6.07764e+04 2010776 1 5.4615e-01
+4.81563e+04 -5.92831e+04 2010817 1 5.3027e-01
+4.95432e+04 -5.62557e+04 4010079 1 4.9777e-01
+5.03650e+04 -5.65252e+04 4010080 1 5.0294e-01
+5.11990e+04 -5.67668e+04 4010081 1 5.0323e-01
+5.20453e+04 -5.69819e+04 5010039 1 5.0924e-01
+5.29035e+04 -5.71727e+04 5010040 1 5.1409e-01
+5.37737e+04 -5.73404e+04 5010041 1 5.1759e-01
+5.98069e+04 -5.64348e+04 5010086 1 4.9584e-01
+6.07440e+04 -5.64816e+04 5010087 1 4.9222e-01
+6.26448e+04 -5.65373e+04 5010089 1 4.8121e-01
+6.36082e+04 -5.65484e+04 5010090 1 4.7446e-01
+6.55579e+04 -5.65430e+04 5010092 1 4.5879e-01
+6.16900e+04 -5.65154e+04 5010088 1 4.8736e-01
+6.45793e+04 -5.65500e+04 5010091 1 4.6715e-01
+6.75357e+04 -5.65073e+04 5010094 1 4.3904e-01
+6.65435e+04 -5.65285e+04 5010093 1 4.4940e-01
+6.85342e+04 -5.64802e+04 5010095 1 4.2792e-01
+6.95386e+04 -5.64483e+04 5010096 1 4.1655e-01
+7.05488e+04 -5.64125e+04 5010097 1 4.0554e-01
+7.15642e+04 -5.63735e+04 5010098 1 3.9254e-01
+7.25844e+04 -5.63321e+04 5010099 1 3.7880e-01
+7.36090e+04 -5.62889e+04 5010100 1 3.6441e-01
+7.67064e+04 -5.61551e+04 5010103 1 3.1790e-01
+7.77457e+04 -5.61110e+04 5010104 1 3.0155e-01
+7.46378e+04 -5.62446e+04 5010101 1 3.4942e-01
+7.87880e+04 -5.60681e+04 5010105 1 2.8566e-01
+8.19302e+04 -5.59522e+04 5010108 1 2.3910e-01
+7.56703e+04 -5.61998e+04 5010102 1 3.3388e-01
+8.08805e+04 -5.59884e+04 5010107 1 2.5629e-01
+7.98330e+04 -5.60270e+04 5010106 1 2.7137e-01
+8.40350e+04 -5.58888e+04 5010110 1 2.0446e-01
+8.50897e+04 -5.58621e+04 5010111 1 1.8721e-01
+8.29818e+04 -5.59189e+04 5010109 1 2.2179e-01
+8.93187e+04 -5.57938e+04 5010115 1 1.2374e-01
+8.61456e+04 -5.58390e+04 5010112 1 1.7022e-01
+8.82604e+04 -5.58047e+04 5010114 1 1.3798e-01
+9.03775e+04 -5.57870e+04 5010116 1 1.1244e-01
+4.77485e+04 -5.37459e+04 4010117 1 4.6877e-01
+4.80658e+04 -5.74783e+04 4010037 1 5.0999e-01
+4.92771e+04 -4.91289e+04 4010240 1 4.3055e-01
+5.35247e+04 -5.56468e+04 5010079 1 4.9414e-01
+5.26692e+04 -5.54535e+04 5010078 1 4.9363e-01
+5.52677e+04 -5.59665e+04 5010081 1 5.0070e-01
+5.43910e+04 -5.58172e+04 5010080 1 4.9801e-01
+5.70525e+04 -5.62060e+04 5010083 1 5.0150e-01
+5.61549e+04 -5.60957e+04 5010082 1 5.0209e-01
+5.79609e+04 -5.62982e+04 5010084 1 4.9927e-01
+5.88791e+04 -5.63741e+04 5010085 1 4.9822e-01
+6.40888e+04 -5.50666e+04 5010129 1 4.5959e-01
+6.50455e+04 -5.50750e+04 5010130 1 4.5246e-01
+6.60094e+04 -5.50749e+04 5010131 1 4.4488e-01
+6.69798e+04 -5.50673e+04 5010132 1 4.3632e-01
+6.89387e+04 -5.50331e+04 5010134 1 4.1644e-01
+6.79563e+04 -5.50531e+04 5010133 1 4.2682e-01
+7.09196e+04 -5.49788e+04 5010136 1 3.9343e-01
+6.99265e+04 -5.50080e+04 5010135 1 4.0527e-01
+7.19175e+04 -5.49461e+04 5010137 1 3.8168e-01
+7.29202e+04 -5.49110e+04 5010138 1 3.7054e-01
+7.79911e+04 -5.47185e+04 5010143 1 2.9765e-01
+7.39271e+04 -5.48740e+04 5010139 1 3.5703e-01
+7.69702e+04 -5.47574e+04 5010142 1 3.1315e-01
+7.59524e+04 -5.47967e+04 5010141 1 3.2827e-01
+8.10699e+04 -5.46088e+04 5010146 1 2.5203e-01
+7.49380e+04 -5.48357e+04 5010140 1 3.4292e-01
+8.00412e+04 -5.46437e+04 5010145 1 2.6596e-01
+8.41678e+04 -5.45195e+04 5010149 1 2.0552e-01
+8.72785e+04 -5.44574e+04 5010152 1 1.5709e-01
+6.31393e+04 -5.50485e+04 5010128 1 4.6588e-01
+8.83172e+04 -5.44438e+04 5010153 1 1.4198e-01
+8.21008e+04 -5.45764e+04 5010147 1 2.3846e-01
+8.93566e+04 -5.44338e+04 5010154 1 1.2813e-01
+9.03963e+04 -5.44277e+04 5010155 1 1.1683e-01
+8.52036e+04 -5.44955e+04 5010150 1 1.8910e-01
+4.73509e+04 -5.89853e+04 2010816 1 5.2186e-01
+5.09904e+04 -5.49930e+04 4010121 1 4.8471e-01
+4.85458e+04 -5.41017e+04 4010118 1 4.7398e-01
+4.93513e+04 -5.44276e+04 4010119 1 4.7812e-01
+5.18247e+04 -5.52358e+04 4010122 1 4.8970e-01
+5.01660e+04 -5.47242e+04 4010120 1 4.7932e-01
+5.49667e+04 -5.42815e+04 5010119 1 4.8151e-01
+5.58390e+04 -5.44340e+04 5010120 1 4.8164e-01
+5.67206e+04 -5.45669e+04 5010121 1 4.8348e-01
+5.94196e+04 -5.48607e+04 5010124 1 4.8155e-01
+5.76113e+04 -5.46816e+04 5010122 1 4.8411e-01
+5.85110e+04 -5.47792e+04 5010123 1 4.8346e-01
+6.12633e+04 -5.49798e+04 5010126 1 4.7521e-01
+6.03372e+04 -5.49271e+04 5010125 1 4.7816e-01
+6.21974e+04 -5.50199e+04 5010127 1 4.7109e-01
+7.02935e+04 -5.35468e+04 5010174 1 3.9489e-01
+7.92307e+04 -5.32693e+04 5010183 1 2.7930e-01
+6.73914e+04 -5.35867e+04 5010171 1 4.2310e-01
+7.22526e+04 -5.34976e+04 5010176 1 3.7216e-01
+8.53122e+04 -5.31045e+04 5010189 1 1.9208e-01
+6.83535e+04 -5.35789e+04 5010172 1 4.1478e-01
+7.12708e+04 -5.35240e+04 5010175 1 3.8383e-01
+6.93210e+04 -5.35654e+04 5010173 1 4.0524e-01
+6.64352e+04 -5.35879e+04 5010170 1 4.3096e-01
+5.41040e+04 -5.41079e+04 5010118 1 4.7927e-01
+8.12503e+04 -5.32058e+04 5010185 1 2.4914e-01
+7.72210e+04 -5.33366e+04 5010181 1 3.0880e-01
+7.52230e+04 -5.34042e+04 5010179 1 3.3673e-01
+7.62204e+04 -5.33707e+04 5010180 1 3.2300e-01
+7.32387e+04 -5.34683e+04 5010177 1 3.6007e-01
+6.54852e+04 -5.35815e+04 5010169 1 4.3837e-01
+7.42289e+04 -5.34369e+04 5010178 1 3.4922e-01
+8.63310e+04 -5.30859e+04 5010190 1 1.7686e-01
+5.32505e+04 -5.39124e+04 5010117 1 4.7584e-01
+7.82245e+04 -5.33027e+04 5010182 1 2.9421e-01
+8.02394e+04 -5.32369e+04 5010184 1 2.6420e-01
+5.15699e+04 -5.34512e+04 4010162 1 4.6921e-01
+8.72026e+04 -5.58199e+04 5010113 1 1.5369e-01
+8.31335e+04 -5.45466e+04 5010148 1 2.2201e-01
+8.62405e+04 -5.44747e+04 5010151 1 1.7289e-01
+8.93926e+04 -5.30492e+04 5010193 1 1.3483e-01
+8.22632e+04 -5.31766e+04 5010186 1 2.3559e-01
+8.83715e+04 -5.30581e+04 5010192 1 1.4787e-01
+6.26735e+04 -5.35078e+04 5010166 1 4.5502e-01
+5.24058e+04 -5.36939e+04 4010163 1 4.7143e-01
+6.36041e+04 -5.35423e+04 5010167 1 4.5048e-01
+6.17501e+04 -5.34619e+04 5010165 1 4.5918e-01
+5.90252e+04 -5.32455e+04 5010162 1 4.6608e-01
+6.08342e+04 -5.34036e+04 5010164 1 4.6256e-01
+5.07426e+04 -5.31826e+04 4010161 1 4.6618e-01
+5.99258e+04 -5.33318e+04 5010163 1 4.6486e-01
+6.45414e+04 -5.35666e+04 5010168 1 4.4490e-01
+5.81324e+04 -5.31437e+04 5010161 1 4.6615e-01
+5.72474e+04 -5.30253e+04 5010160 1 4.6671e-01
+8.24173e+04 -5.17537e+04 5010225 1 2.3494e-01
+4.91109e+04 -5.25646e+04 4010159 1 4.5781e-01
+4.99233e+04 -5.28873e+04 4010160 1 4.6236e-01
+5.63708e+04 -5.28888e+04 5010159 1 4.6611e-01
+7.94351e+04 -5.18350e+04 5010222 1 2.7729e-01
+5.55021e+04 -5.27333e+04 5010158 1 4.6430e-01
+5.29430e+04 -5.21423e+04 4010204 1 4.5683e-01
+5.37883e+04 -5.23614e+04 5010156 1 4.5916e-01
+5.46414e+04 -5.25579e+04 5010157 1 4.6153e-01
+4.96291e+04 -5.10203e+04 4010200 1 4.4577e-01
+5.21050e+04 -5.18996e+04 4010203 1 4.5360e-01
+7.64737e+04 -5.19224e+04 5010219 1 3.1811e-01
+8.14212e+04 -5.17794e+04 5010224 1 2.4890e-01
+5.12738e+04 -5.16325e+04 4010202 1 4.5006e-01
+7.54922e+04 -5.19509e+04 5010218 1 3.2878e-01
+7.90149e+04 -5.46805e+04 5010144 1 2.8186e-01
+8.32781e+04 -5.31501e+04 5010187 1 2.2304e-01
+8.74196e+04 -5.16592e+04 5010230 1 1.6846e-01
+7.84453e+04 -5.18640e+04 5010221 1 2.9123e-01
+8.54152e+04 -5.16895e+04 5010228 1 1.9613e-01
+6.12976e+04 -5.18653e+04 5010203 1 4.4648e-01
+6.58972e+04 -5.20703e+04 5010208 1 4.2468e-01
+6.87269e+04 -5.20857e+04 5010211 1 4.0225e-01
+6.40386e+04 -5.20197e+04 5010206 1 4.3555e-01
+6.22048e+04 -5.19285e+04 5010204 1 4.4373e-01
+6.68351e+04 -5.20826e+04 5010209 1 4.1796e-01
+6.96805e+04 -5.20780e+04 5010212 1 3.9433e-01
+6.31185e+04 -5.19797e+04 5010205 1 4.4007e-01
+6.49649e+04 -5.20496e+04 5010207 1 4.3052e-01
+7.16017e+04 -5.20486e+04 5010214 1 3.7459e-01
+7.45141e+04 -5.19786e+04 5010217 1 3.4056e-01
+7.35395e+04 -5.20045e+04 5010216 1 3.5234e-01
+6.77783e+04 -5.20875e+04 5010210 1 4.1041e-01
+7.74582e+04 -5.18933e+04 5010220 1 3.0487e-01
+7.06389e+04 -5.20655e+04 5010213 1 3.8482e-01
+6.03970e+04 -5.17889e+04 5010202 1 4.4825e-01
+5.95030e+04 -5.16986e+04 5010201 1 4.4960e-01
+7.25686e+04 -5.20280e+04 5010215 1 3.6374e-01
+5.77362e+04 -5.14712e+04 5010199 1 4.5023e-01
+5.86161e+04 -5.15930e+04 5010200 1 4.5048e-01
+5.68631e+04 -5.13321e+04 5010198 1 4.4906e-01
+5.04486e+04 -5.13400e+04 4010201 1 4.4787e-01
+5.59967e+04 -5.11748e+04 5010197 1 4.4705e-01
+5.42840e+04 -5.08007e+04 5010195 1 4.4388e-01
+5.34371e+04 -5.05819e+04 4010245 1 4.4092e-01
+5.51370e+04 -5.09981e+04 5010196 1 4.4610e-01
+5.25958e+04 -5.03407e+04 4010244 1 4.3782e-01
+5.38882e+04 -4.90147e+04 4010286 1 4.2617e-01
+5.09288e+04 -4.97859e+04 4010242 1 4.3429e-01
+5.17599e+04 -5.00757e+04 4010243 1 4.3629e-01
+5.55918e+04 -4.94293e+04 5010235 1 4.3066e-01
+5.47376e+04 -4.92323e+04 5010234 1 4.2822e-01
+5.01015e+04 -4.94706e+04 4010241 1 4.3204e-01
+5.30432e+04 -4.87751e+04 4010285 1 4.2428e-01
+5.64512e+04 -4.96067e+04 5010236 1 4.3241e-01
+6.17269e+04 -5.03134e+04 5010242 1 4.3083e-01
+9.04142e+04 -5.30437e+04 5010194 1 1.2402e-01
+8.73509e+04 -5.30704e+04 5010191 1 1.6203e-01
+8.42944e+04 -5.31260e+04 5010188 1 2.0752e-01
+8.04271e+04 -5.18067e+04 5010223 1 2.6313e-01
+8.44145e+04 -5.17085e+04 5010227 1 2.1044e-01
+6.53594e+04 -5.05165e+04 5010246 1 4.1663e-01
+6.35321e+04 -5.04367e+04 5010244 1 4.2534e-01
+6.44430e+04 -5.04816e+04 5010245 1 4.2137e-01
+7.00171e+04 -5.05721e+04 5010251 1 3.8278e-01
+6.81398e+04 -5.05705e+04 5010249 1 3.9852e-01
+6.72081e+04 -5.05601e+04 5010248 1 4.0534e-01
+7.28649e+04 -5.05383e+04 5010254 1 3.5572e-01
+6.62812e+04 -5.05424e+04 5010247 1 4.1140e-01
+7.09623e+04 -5.05649e+04 5010252 1 3.7429e-01
+8.15823e+04 -5.03301e+04 5010263 1 2.4945e-01
+7.19117e+04 -5.05534e+04 5010253 1 3.6574e-01
+6.26267e+04 -5.03809e+04 5010243 1 4.2849e-01
+8.35444e+04 -5.02866e+04 5010265 1 2.2385e-01
+8.45277e+04 -5.02676e+04 5010266 1 2.1422e-01
+9.04472e+04 -5.02031e+04 5010272 1 1.4741e-01
+6.90762e+04 -5.05742e+04 5010250 1 3.9094e-01
+6.08330e+04 -5.02332e+04 5010241 1 4.3291e-01
+5.99450e+04 -5.01392e+04 5010240 1 4.3405e-01
+5.90629e+04 -5.00306e+04 5010239 1 4.3436e-01
+8.94592e+04 -5.02075e+04 5010271 1 1.5499e-01
+5.81866e+04 -4.99063e+04 5010238 1 4.3384e-01
+5.73160e+04 -4.97654e+04 5010237 1 4.3341e-01
+7.86532e+04 -5.04031e+04 5010260 1 2.8874e-01
+7.87847e+04 -7.37492e+04 3010303 1 3.2099e-01
+8.01926e+04 -7.36631e+04 3010304 1 3.0222e-01
+8.16001e+04 -7.35861e+04 3010305 1 2.8448e-01
+8.30070e+04 -7.35187e+04 3010306 1 2.6779e-01
+8.44135e+04 -7.34610e+04 3010307 1 2.5247e-01
+8.58196e+04 -7.34137e+04 3010308 1 2.3909e-01
+8.72254e+04 -7.33765e+04 3010309 1 2.2795e-01
+8.86310e+04 -7.33497e+04 3010310 1 2.1907e-01
+9.00365e+04 -7.33334e+04 3010311 1 2.1291e-01
+8.94269e+04 -5.16403e+04 5010232 1 1.4387e-01
+8.64169e+04 -5.16730e+04 5010229 1 1.8207e-01
+8.34151e+04 -5.17298e+04 5010226 1 2.2404e-01
+6.30158e+04 -4.88201e+04 5010282 1 4.1399e-01
+6.57247e+04 -4.89683e+04 5010285 1 4.0339e-01
+6.79485e+04 -7.36452e+04 3010334 1 4.8435e-01
+6.93279e+04 -7.35089e+04 3010335 1 4.6210e-01
+7.07085e+04 -7.33769e+04 3010336 1 4.3984e-01
+7.20900e+04 -7.32501e+04 3010337 1 4.1779e-01
+7.34722e+04 -7.31290e+04 3010338 1 3.9611e-01
+7.48547e+04 -7.30144e+04 3010339 1 3.7463e-01
+7.62374e+04 -7.29068e+04 3010340 1 3.5342e-01
+7.76202e+04 -7.28068e+04 3010341 1 3.3262e-01
+7.90030e+04 -7.27148e+04 3010342 1 3.1259e-01
+8.03856e+04 -7.26313e+04 3010343 1 2.9338e-01
+8.17681e+04 -7.25566e+04 3010344 1 2.7499e-01
+8.31504e+04 -7.24912e+04 3010345 1 2.5760e-01
+8.45325e+04 -7.24353e+04 3010346 1 2.4148e-01
+8.59145e+04 -7.23894e+04 3010347 1 2.2753e-01
+8.72964e+04 -7.23533e+04 3010348 1 2.1561e-01
+8.86781e+04 -7.23273e+04 3010349 1 2.0605e-01
+9.00599e+04 -7.23115e+04 3010350 1 1.9936e-01
+9.04312e+04 -5.16353e+04 5010233 1 1.3425e-01
+8.25626e+04 -5.03076e+04 5010264 1 2.3634e-01
+8.06039e+04 -5.03538e+04 5010262 1 2.6268e-01
+7.57454e+04 -5.04767e+04 5010257 1 3.2280e-01
+6.39140e+04 -4.88798e+04 5010283 1 4.1110e-01
+8.65739e+04 -4.87769e+04 5010307 1 1.9574e-01
+8.17333e+04 -4.88586e+04 5010302 1 2.5066e-01
+6.75539e+04 -4.90213e+04 5010287 1 3.9300e-01
+7.40850e+04 -4.90160e+04 5010294 1 3.3842e-01
+6.48170e+04 -4.89289e+04 5010284 1 4.0762e-01
+6.66371e+04 -4.89989e+04 5010286 1 3.9847e-01
+7.69346e+04 -4.89624e+04 5010297 1 3.0698e-01
+8.26987e+04 -4.88392e+04 5010303 1 2.3861e-01
+8.36656e+04 -4.88209e+04 5010304 1 2.2693e-01
+5.64380e+04 -7.37466e+04 3010364 1 6.5743e-01
+5.77386e+04 -7.36275e+04 3010365 1 6.3982e-01
+5.90487e+04 -7.35020e+04 3010366 1 6.2133e-01
+6.03668e+04 -7.33714e+04 3010367 1 6.0211e-01
+6.16919e+04 -7.32372e+04 3010368 1 5.8220e-01
+6.30230e+04 -7.31009e+04 3010369 1 5.6185e-01
+6.43593e+04 -7.29635e+04 3010370 1 5.4110e-01
+6.56998e+04 -7.28262e+04 3010371 1 5.1995e-01
+6.70440e+04 -7.26902e+04 3010372 1 4.9854e-01
+6.83911e+04 -7.25564e+04 3010373 1 4.7685e-01
+6.97407e+04 -7.24257e+04 3010374 1 4.5482e-01
+7.10922e+04 -7.22990e+04 3010375 1 4.3284e-01
+7.24453e+04 -7.21770e+04 3010376 1 4.1085e-01
+7.37995e+04 -7.20605e+04 3010377 1 3.8896e-01
+7.51547e+04 -7.19501e+04 3010378 1 3.6722e-01
+7.65106e+04 -7.18464e+04 3010379 1 3.4570e-01
+7.78670e+04 -7.17500e+04 3010380 1 3.2484e-01
+7.92238e+04 -7.16612e+04 3010381 1 3.0453e-01
+8.05809e+04 -7.15805e+04 3010382 1 2.8483e-01
+8.19382e+04 -7.15084e+04 3010383 1 2.6587e-01
+8.32956e+04 -7.14452e+04 3010384 1 2.4789e-01
+8.46531e+04 -7.13914e+04 3010385 1 2.3141e-01
+8.60106e+04 -7.13469e+04 3010386 1 2.1685e-01
+8.73683e+04 -7.13120e+04 3010387 1 2.0423e-01
+8.87259e+04 -7.12868e+04 3010388 1 1.9405e-01
+9.00836e+04 -7.12716e+04 3010389 1 1.8689e-01
+8.84229e+04 -5.16483e+04 5010231 1 1.5558e-01
+7.96275e+04 -5.03782e+04 5010261 1 2.7581e-01
+7.47820e+04 -5.04994e+04 5010256 1 3.3413e-01
+6.84753e+04 -4.90366e+04 5010288 1 3.8705e-01
+7.03302e+04 -4.90483e+04 5010290 1 3.7267e-01
+7.78899e+04 -4.89418e+04 5010298 1 2.9631e-01
+4.75599e+04 -7.30069e+04 3010395 1 7.2768e-01
+4.86946e+04 -7.30130e+04 3010396 1 7.2324e-01
+4.98519e+04 -7.29977e+04 3010397 1 7.1678e-01
+5.10299e+04 -7.29629e+04 3010398 1 7.0847e-01
+5.22268e+04 -7.29108e+04 3010399 1 6.9847e-01
+5.34407e+04 -7.28434e+04 3010400 1 6.8689e-01
+5.46702e+04 -7.27625e+04 3010401 1 6.7393e-01
+5.59134e+04 -7.26700e+04 3010402 1 6.5958e-01
+5.71691e+04 -7.25676e+04 3010403 1 6.4418e-01
+5.84358e+04 -7.24569e+04 3010404 1 6.2754e-01
+5.97123e+04 -7.23396e+04 3010405 1 6.0980e-01
+6.09972e+04 -7.22171e+04 3010406 1 5.9126e-01
+6.22897e+04 -7.20908e+04 3010407 1 5.7204e-01
+6.35887e+04 -7.19620e+04 3010408 1 5.5221e-01
+6.48933e+04 -7.18320e+04 3010409 1 5.3187e-01
+6.62028e+04 -7.17018e+04 3010410 1 5.1107e-01
+6.75165e+04 -7.15725e+04 3010411 1 4.9000e-01
+6.88337e+04 -7.14450e+04 3010412 1 4.6875e-01
+7.01540e+04 -7.13203e+04 3010413 1 4.4726e-01
+7.14768e+04 -7.11992e+04 3010414 1 4.2550e-01
+7.28016e+04 -7.10825e+04 3010415 1 4.0353e-01
+7.41282e+04 -7.09709e+04 3010416 1 3.8157e-01
+7.54562e+04 -7.08651e+04 3010417 1 3.5977e-01
+7.67853e+04 -7.07656e+04 3010418 1 3.3844e-01
+7.81154e+04 -7.06729e+04 3010419 1 3.1740e-01
+7.94463e+04 -7.05876e+04 3010420 1 2.9677e-01
+8.07777e+04 -7.05101e+04 3010421 1 2.7665e-01
+8.21097e+04 -7.04408e+04 3010422 1 2.5725e-01
+8.34421e+04 -7.03800e+04 3010423 1 2.3885e-01
+8.47748e+04 -7.03282e+04 3010424 1 2.2215e-01
+8.61077e+04 -7.02853e+04 3010425 1 2.0699e-01
+8.74408e+04 -7.02517e+04 3010426 1 1.9377e-01
+8.87741e+04 -7.02275e+04 3010427 1 1.8302e-01
+9.01074e+04 -7.02129e+04 3010428 1 1.7542e-01
+7.67119e+04 -5.04527e+04 5010258 1 3.1147e-01
+8.64979e+04 -5.02364e+04 5010268 1 1.8843e-01
+7.38217e+04 -5.05201e+04 5010255 1 3.4516e-01
+8.84715e+04 -5.02146e+04 5010270 1 1.6493e-01
+7.59819e+04 -4.89820e+04 5010296 1 3.1772e-01
+8.07695e+04 -4.88789e+04 5010301 1 2.6279e-01
+7.88476e+04 -4.89208e+04 5010299 1 2.8672e-01
+4.74511e+04 -7.17012e+04 3010433 1 7.0734e-01
+4.85328e+04 -7.17371e+04 3010434 1 7.0604e-01
+4.96378e+04 -7.17501e+04 3010435 1 7.0258e-01
+5.07645e+04 -7.17421e+04 3010436 1 6.9711e-01
+5.19111e+04 -7.17153e+04 3010437 1 6.8972e-01
+5.30761e+04 -7.16715e+04 3010438 1 6.8070e-01
+5.42578e+04 -7.16126e+04 3010439 1 6.7008e-01
+5.54547e+04 -7.15404e+04 3010440 1 6.5798e-01
+5.66655e+04 -7.14566e+04 3010441 1 6.4457e-01
+5.78886e+04 -7.13629e+04 3010442 1 6.2998e-01
+5.91230e+04 -7.12610e+04 3010443 1 6.1431e-01
+6.03673e+04 -7.11522e+04 3010444 1 5.9740e-01
+6.16204e+04 -7.10381e+04 3010445 1 5.7959e-01
+6.28814e+04 -7.09200e+04 3010446 1 5.6104e-01
+6.41493e+04 -7.07992e+04 3010447 1 5.4187e-01
+6.54233e+04 -7.06768e+04 3010448 1 5.2213e-01
+6.67027e+04 -7.05539e+04 3010449 1 5.0192e-01
+6.79866e+04 -7.04316e+04 3010450 1 4.8131e-01
+6.92746e+04 -7.03108e+04 3010451 1 4.6034e-01
+7.05661e+04 -7.01924e+04 3010452 1 4.3907e-01
+7.18606e+04 -7.00773e+04 3010453 1 4.1762e-01
+7.31576e+04 -6.99662e+04 3010454 1 3.9594e-01
+7.44568e+04 -6.98598e+04 3010455 1 3.7432e-01
+7.57578e+04 -6.97588e+04 3010456 1 3.5274e-01
+7.70604e+04 -6.96637e+04 3010457 1 3.3131e-01
+7.83643e+04 -6.95751e+04 3010458 1 3.1010e-01
+7.96693e+04 -6.94934e+04 3010459 1 2.8923e-01
+8.09752e+04 -6.94193e+04 3010460 1 2.6884e-01
+8.22819e+04 -6.93529e+04 3010461 1 2.4910e-01
+8.35892e+04 -6.92948e+04 3010462 1 2.3075e-01
+8.48970e+04 -6.92450e+04 3010463 1 2.1356e-01
+8.62052e+04 -6.92039e+04 3010464 1 1.9786e-01
+8.75137e+04 -6.91717e+04 3010465 1 1.8412e-01
+8.88225e+04 -6.91485e+04 3010466 1 1.7289e-01
+9.01315e+04 -6.91345e+04 3010467 1 1.6497e-01
+7.76812e+04 -5.04280e+04 5010259 1 3.0137e-01
+8.55123e+04 -5.02510e+04 5010267 1 2.0115e-01
+8.74844e+04 -5.02243e+04 5010269 1 1.7625e-01
+6.94007e+04 -4.90453e+04 5010289 1 3.8019e-01
+7.50320e+04 -4.90000e+04 5010295 1 3.2825e-01
+8.46339e+04 -4.88042e+04 5010305 1 2.1657e-01
+8.85171e+04 -4.87578e+04 5010309 1 1.7549e-01
+7.31411e+04 -4.90293e+04 5010293 1 3.4807e-01
+4.73890e+04 -7.03301e+04 3010471 1 6.8971e-01
+4.84203e+04 -7.03973e+04 3010472 1 6.8962e-01
+4.94755e+04 -7.04401e+04 3010473 1 6.8683e-01
+5.05531e+04 -7.04603e+04 3010474 1 6.8131e-01
+5.16515e+04 -7.04601e+04 3010475 1 6.7680e-01
+5.27690e+04 -7.04415e+04 3010476 1 6.7046e-01
+5.39042e+04 -7.04061e+04 3010477 1 6.6234e-01
+5.50557e+04 -7.03559e+04 3010478 1 6.5264e-01
+5.62221e+04 -7.02926e+04 3010479 1 6.4150e-01
+5.74022e+04 -7.02178e+04 3010480 1 6.2902e-01
+5.85945e+04 -7.01332e+04 3010481 1 6.1527e-01
+5.97981e+04 -7.00401e+04 3010482 1 6.0044e-01
+6.10118e+04 -6.99402e+04 3010483 1 5.8447e-01
+6.22345e+04 -6.98347e+04 3010484 1 5.6745e-01
+6.34652e+04 -6.97250e+04 3010485 1 5.4967e-01
+6.47032e+04 -6.96123e+04 3010486 1 5.3115e-01
+6.59476e+04 -6.94978e+04 3010487 1 5.1199e-01
+6.71977e+04 -6.93825e+04 3010488 1 4.9231e-01
+6.84527e+04 -6.92674e+04 3010489 1 4.7213e-01
+6.97122e+04 -6.91536e+04 3010490 1 4.5154e-01
+7.09755e+04 -6.90418e+04 3010491 1 4.3076e-01
+7.22423e+04 -6.89329e+04 3010492 1 4.0975e-01
+7.35119e+04 -6.88276e+04 3010493 1 3.8855e-01
+7.47841e+04 -6.87266e+04 3010494 1 3.6718e-01
+7.60585e+04 -6.86306e+04 3010495 1 3.4568e-01
+7.73348e+04 -6.85402e+04 3010496 1 3.2424e-01
+7.86127e+04 -6.84558e+04 3010497 1 3.0296e-01
+7.98920e+04 -6.83781e+04 3010498 1 2.8195e-01
+8.11725e+04 -6.83075e+04 3010499 1 2.6148e-01
+8.24539e+04 -6.82442e+04 3010500 1 2.4193e-01
+8.37362e+04 -6.81887e+04 3010501 1 2.2322e-01
+8.50192e+04 -6.81412e+04 3010502 1 2.0560e-01
+8.63027e+04 -6.81019e+04 3010503 1 1.8945e-01
+8.75867e+04 -6.80712e+04 3010504 1 1.7523e-01
+8.88710e+04 -6.80490e+04 3010505 1 1.6354e-01
+9.01555e+04 -6.80357e+04 3010506 1 1.5525e-01
+7.12635e+04 -4.90461e+04 5010291 1 3.6465e-01
+7.22005e+04 -4.90396e+04 5010292 1 3.5627e-01
+7.98076e+04 -4.88998e+04 5010300 1 2.7485e-01
+8.56035e+04 -4.87896e+04 5010306 1 2.0705e-01
+4.73641e+04 -6.88923e+04 3010509 1 6.6615e-01
+4.83488e+04 -6.89918e+04 3010510 1 6.6934e-01
+4.93572e+04 -6.90656e+04 3010511 1 6.7040e-01
+5.03881e+04 -6.91158e+04 3010512 1 6.6929e-01
+5.14400e+04 -6.91440e+04 3010513 1 6.6625e-01
+5.25118e+04 -6.91523e+04 3010514 1 6.6114e-01
+5.36020e+04 -6.91422e+04 3010515 1 6.5410e-01
+5.47095e+04 -6.91157e+04 3010516 1 6.4457e-01
+5.58328e+04 -6.90744e+04 3010517 1 6.3493e-01
+5.69706e+04 -6.90200e+04 3010518 1 6.2467e-01
+5.81217e+04 -6.89543e+04 3010519 1 6.1307e-01
+5.92850e+04 -6.88787e+04 3010520 1 6.0024e-01
+6.04594e+04 -6.87947e+04 3010521 1 5.8625e-01
+6.16439e+04 -6.87037e+04 3010522 1 5.7107e-01
+6.28375e+04 -6.86070e+04 3010523 1 5.5487e-01
+6.40393e+04 -6.85059e+04 3010524 1 5.3783e-01
+6.52485e+04 -6.84015e+04 3010525 1 5.2003e-01
+6.64644e+04 -6.82950e+04 3010526 1 5.0155e-01
+6.76861e+04 -6.81875e+04 3010527 1 4.8251e-01
+6.89132e+04 -6.80799e+04 3010528 1 4.6296e-01
+7.01449e+04 -6.79731e+04 3010529 1 4.4294e-01
+7.13808e+04 -6.78681e+04 3010530 1 4.2257e-01
+7.26204e+04 -6.77656e+04 3010531 1 4.0188e-01
+7.38633e+04 -6.76663e+04 3010532 1 3.8094e-01
+7.51090e+04 -6.75709e+04 3010533 1 3.5981e-01
+7.63572e+04 -6.74802e+04 3010534 1 3.3855e-01
+7.76075e+04 -6.73946e+04 3010535 1 3.1721e-01
+7.88597e+04 -6.73147e+04 3010536 1 2.9597e-01
+8.01136e+04 -6.72410e+04 3010537 1 2.7528e-01
+8.13688e+04 -6.71740e+04 3010538 1 2.5497e-01
+8.26253e+04 -6.71139e+04 3010539 1 2.3521e-01
+8.38827e+04 -6.70611e+04 3010540 1 2.1621e-01
+8.51410e+04 -6.70159e+04 3010541 1 1.9825e-01
+8.63999e+04 -6.69786e+04 3010542 1 1.8170e-01
+8.76594e+04 -6.69494e+04 3010543 1 1.6702e-01
+8.89193e+04 -6.69284e+04 3010544 1 1.5491e-01
+9.01794e+04 -6.69157e+04 3010545 1 1.4625e-01
+4.73632e+04 -6.73911e+04 3010547 1 6.3810e-01
+4.83060e+04 -6.75229e+04 3010548 1 6.4422e-01
+4.92718e+04 -6.76282e+04 3010549 1 6.4807e-01
+5.02597e+04 -6.77087e+04 3010550 1 6.4984e-01
+5.12686e+04 -6.77662e+04 3010551 1 6.4946e-01
+5.22974e+04 -6.78023e+04 3010552 1 6.4713e-01
+5.33448e+04 -6.78188e+04 3010553 1 6.4305e-01
+5.44099e+04 -6.78175e+04 3010554 1 6.3723e-01
+5.54913e+04 -6.78000e+04 3010555 1 6.2983e-01
+5.65879e+04 -6.77680e+04 3010556 1 6.2079e-01
+5.76987e+04 -6.77230e+04 3010557 1 6.1033e-01
+5.88225e+04 -6.76665e+04 3010558 1 5.9824e-01
+5.99584e+04 -6.76001e+04 3010559 1 5.8502e-01
+6.11052e+04 -6.75252e+04 3010560 1 5.7188e-01
+6.22620e+04 -6.74431e+04 3010561 1 5.5753e-01
+6.34279e+04 -6.73552e+04 3010562 1 5.4214e-01
+6.46020e+04 -6.72628e+04 3010563 1 5.2587e-01
+6.57837e+04 -6.71668e+04 3010564 1 5.0880e-01
+6.69720e+04 -6.70685e+04 3010565 1 4.9101e-01
+6.81665e+04 -6.69689e+04 3010566 1 4.7257e-01
+6.93665e+04 -6.68688e+04 3010567 1 4.5355e-01
+7.05713e+04 -6.67693e+04 3010568 1 4.3406e-01
+7.17806e+04 -6.66711e+04 3010569 1 4.1413e-01
+7.29937e+04 -6.65751e+04 3010570 1 3.9381e-01
+7.42104e+04 -6.64820e+04 3010571 1 3.7320e-01
+7.54301e+04 -6.63925e+04 3010572 1 3.5238e-01
+7.66526e+04 -6.63071e+04 3010573 1 3.3157e-01
+7.78774e+04 -6.62265e+04 3010574 1 3.1071e-01
+7.91044e+04 -6.61511e+04 3010575 1 2.8985e-01
+8.03331e+04 -6.60815e+04 3010576 1 2.6918e-01
+8.15635e+04 -6.60181e+04 3010577 1 2.4883e-01
+8.27952e+04 -6.59613e+04 3010578 1 2.2894e-01
+8.40280e+04 -6.59114e+04 3010579 1 2.0975e-01
+8.52618e+04 -6.58686e+04 3010580 1 1.9151e-01
+8.64964e+04 -6.58333e+04 3010581 1 1.7463e-01
+8.77316e+04 -6.58057e+04 3010582 1 1.5960e-01
+8.89673e+04 -6.57858e+04 3010583 1 1.4711e-01
+9.02032e+04 -6.57738e+04 3010584 1 1.3820e-01
+4.73772e+04 -6.58258e+04 3010585 1 6.1839e-01
+4.82815e+04 -6.59916e+04 3010586 1 6.2441e-01
+4.92082e+04 -6.61296e+04 3010587 1 6.2832e-01
+5.01567e+04 -6.62414e+04 3010588 1 6.2923e-01
+5.11263e+04 -6.63285e+04 3010589 1 6.2841e-01
+5.21155e+04 -6.63930e+04 3010590 1 6.2875e-01
+5.31232e+04 -6.64369e+04 3010591 1 6.2723e-01
+5.41486e+04 -6.64616e+04 3010592 1 6.2403e-01
+5.51905e+04 -6.64689e+04 3010593 1 6.1907e-01
+5.62479e+04 -6.64603e+04 3010594 1 6.1255e-01
+5.73199e+04 -6.64373e+04 3010595 1 6.0450e-01
+5.84055e+04 -6.64016e+04 3010596 1 5.9505e-01
+5.95036e+04 -6.63544e+04 3010597 1 5.8425e-01
+6.06134e+04 -6.62973e+04 3010598 1 5.7229e-01
+6.17340e+04 -6.62317e+04 3010599 1 5.5903e-01
+6.28644e+04 -6.61587e+04 3010600 1 5.4452e-01
+6.40040e+04 -6.60797e+04 3010601 1 5.2913e-01
+6.51518e+04 -6.59959e+04 3010602 1 5.1362e-01
+6.63070e+04 -6.59084e+04 3010603 1 4.9726e-01
+6.74691e+04 -6.58183e+04 3010604 1 4.8018e-01
+6.86373e+04 -6.57266e+04 3010605 1 4.6240e-01
+6.98111e+04 -6.56342e+04 3010606 1 4.4406e-01
+7.09900e+04 -6.55420e+04 3010607 1 4.2515e-01
+7.21734e+04 -6.54508e+04 3010608 1 4.0581e-01
+7.33609e+04 -6.53614e+04 3010609 1 3.8605e-01
+7.45520e+04 -6.52745e+04 3010610 1 3.6599e-01
+7.57464e+04 -6.51908e+04 3010611 1 3.4566e-01
+7.69437e+04 -6.51108e+04 3010612 1 3.2516e-01
+7.81436e+04 -6.50353e+04 3010613 1 3.0455e-01
+7.93458e+04 -6.49645e+04 3010614 1 2.8391e-01
+8.05499e+04 -6.48991e+04 3010615 1 2.6335e-01
+8.17557e+04 -6.48395e+04 3010616 1 2.4304e-01
+8.29630e+04 -6.47860e+04 3010617 1 2.2313e-01
+8.41716e+04 -6.47390e+04 3010618 1 2.0383e-01
+8.53813e+04 -6.46987e+04 3010619 1 1.8542e-01
+8.65918e+04 -6.46655e+04 3010620 1 1.6826e-01
+8.78030e+04 -6.46394e+04 3010621 1 1.5290e-01
+8.90147e+04 -6.46207e+04 3010622 1 1.4010e-01
+9.02267e+04 -6.46094e+04 3010623 1 1.3099e-01
+4.82653e+04 -6.43986e+04 3010624 1 5.9790e-01
+4.91583e+04 -6.45690e+04 3010625 1 6.0475e-01
+5.00716e+04 -6.47125e+04 3010626 1 6.0928e-01
+5.10048e+04 -6.48307e+04 3010627 1 6.1209e-01
+5.19571e+04 -6.49252e+04 3010628 1 6.1292e-01
+5.29278e+04 -6.49975e+04 3010629 1 6.1177e-01
+5.39163e+04 -6.50492e+04 3010630 1 6.0701e-01
+5.49215e+04 -6.50819e+04 3010631 1 6.0457e-01
+5.59423e+04 -6.50975e+04 3010632 1 6.0040e-01
+5.69778e+04 -6.50976e+04 3010633 1 5.9460e-01
+5.80271e+04 -6.50835e+04 3010634 1 5.8734e-01
+5.90892e+04 -6.50568e+04 3010635 1 5.7866e-01
+6.01635e+04 -6.50188e+04 3010636 1 5.6877e-01
+6.12490e+04 -6.49709e+04 3010637 1 5.5757e-01
+6.23448e+04 -6.49144e+04 3010638 1 5.4522e-01
+6.34503e+04 -6.48505e+04 3010639 1 5.3184e-01
+6.45647e+04 -6.47804e+04 3010640 1 5.1747e-01
+6.56872e+04 -6.47053e+04 3010641 1 5.0222e-01
+6.68172e+04 -6.46263e+04 3010642 1 4.8602e-01
+6.79541e+04 -6.45444e+04 3010643 1 4.6957e-01
+6.90972e+04 -6.44606e+04 3010644 1 4.5250e-01
+7.02459e+04 -6.43758e+04 3010645 1 4.3478e-01
+7.13997e+04 -6.42910e+04 3010646 1 4.1649e-01
+7.25582e+04 -6.42068e+04 3010647 1 3.9771e-01
+7.37208e+04 -6.41240e+04 3010648 1 3.7846e-01
+7.48872e+04 -6.40434e+04 3010649 1 3.5887e-01
+7.60569e+04 -6.39655e+04 3010650 1 3.3896e-01
+7.72297e+04 -6.38911e+04 3010651 1 3.1882e-01
+7.84052e+04 -6.38206e+04 3010652 1 2.9853e-01
+7.95831e+04 -6.37545e+04 3010653 1 2.7817e-01
+8.07630e+04 -6.36934e+04 3010654 1 2.5783e-01
+8.19449e+04 -6.36376e+04 3010655 1 2.3766e-01
+8.31283e+04 -6.35875e+04 3010656 1 2.1782e-01
+8.43130e+04 -6.35434e+04 3010657 1 1.9849e-01
+8.54989e+04 -6.35057e+04 3010658 1 1.7998e-01
+8.66857e+04 -6.34745e+04 3010659 1 1.6264e-01
+8.78733e+04 -6.34500e+04 3010660 1 1.4702e-01
+8.90614e+04 -6.34324e+04 3010661 1 1.3391e-01
+9.02499e+04 -6.34218e+04 3010662 1 1.2449e-01
+4.91089e+04 -6.29515e+04 3010663 1 5.8251e-01
+4.99919e+04 -6.31265e+04 3010664 1 5.8293e-01
+5.08940e+04 -6.32748e+04 3010665 1 5.8820e-01
+5.18141e+04 -6.33988e+04 3010666 1 5.9182e-01
+5.27517e+04 -6.34998e+04 3010667 1 5.9371e-01
+5.37062e+04 -6.35795e+04 3010668 1 5.9386e-01
+5.46769e+04 -6.36391e+04 3010669 1 5.9192e-01
+5.56631e+04 -6.36803e+04 3010670 1 5.8835e-01
+5.66642e+04 -6.37044e+04 3010671 1 5.8287e-01
+5.76795e+04 -6.37129e+04 3010672 1 5.7615e-01
+5.87079e+04 -6.37075e+04 3010673 1 5.6974e-01
+5.97485e+04 -6.36896e+04 3010674 1 5.6188e-01
+6.08005e+04 -6.36605e+04 3010675 1 5.5268e-01
+6.18633e+04 -6.36216e+04 3010676 1 5.4228e-01
+6.29360e+04 -6.35740e+04 3010677 1 5.3072e-01
+6.40181e+04 -6.35190e+04 3010678 1 5.1810e-01
+6.51087e+04 -6.34577e+04 3010679 1 5.0452e-01
+6.62073e+04 -6.33912e+04 3010680 1 4.9004e-01
+6.73132e+04 -6.33206e+04 3010681 1 4.7479e-01
+6.84259e+04 -6.32469e+04 3010682 1 4.5885e-01
+6.95448e+04 -6.31710e+04 3010683 1 4.4231e-01
+7.06695e+04 -6.30938e+04 3010684 1 4.2530e-01
+7.17992e+04 -6.30162e+04 3010685 1 4.0766e-01
+7.29336e+04 -6.29390e+04 3010686 1 3.8946e-01
+7.40722e+04 -6.28628e+04 3010687 1 3.7080e-01
+7.52147e+04 -6.27885e+04 3010688 1 3.5172e-01
+7.63606e+04 -6.27165e+04 3010689 1 3.3230e-01
+7.75095e+04 -6.26476e+04 3010690 1 3.1260e-01
+7.86613e+04 -6.25822e+04 3010691 1 2.9270e-01
+7.98155e+04 -6.25209e+04 3010692 1 2.7268e-01
+8.09720e+04 -6.24640e+04 3010693 1 2.5263e-01
+8.21303e+04 -6.24120e+04 3010694 1 2.3269e-01
+8.32903e+04 -6.23653e+04 3010695 1 2.1302e-01
+8.44517e+04 -6.23242e+04 3010696 1 1.9379e-01
+8.56143e+04 -6.22890e+04 3010697 1 1.7527e-01
+8.67779e+04 -6.22598e+04 3010698 1 1.5783e-01
+8.79423e+04 -6.22370e+04 3010699 1 1.4202e-01
+8.91073e+04 -6.22205e+04 3010700 1 1.2866e-01
+9.02727e+04 -6.22106e+04 3010701 1 1.1901e-01
+4.99095e+04 -6.14836e+04 3010702 1 5.6409e-01
+5.07838e+04 -6.16635e+04 3010703 1 5.6901e-01
+5.16752e+04 -6.18178e+04 3010704 1 5.7205e-01
+5.25835e+04 -6.19478e+04 3010705 1 5.7161e-01
+5.35084e+04 -6.20549e+04 3010706 1 5.7300e-01
+5.44487e+04 -6.21411e+04 3010707 1 5.7371e-01
+5.54039e+04 -6.22080e+04 3010708 1 5.7279e-01
+5.63734e+04 -6.22570e+04 3010709 1 5.7031e-01
+5.73566e+04 -6.22894e+04 3010710 1 5.6629e-01
+5.83528e+04 -6.23065e+04 3010711 1 5.6078e-01
+5.93614e+04 -6.23099e+04 3010712 1 5.5367e-01
+6.03819e+04 -6.23006e+04 3010713 1 5.4475e-01
+6.14134e+04 -6.22801e+04 3010714 1 5.3637e-01
+6.24550e+04 -6.22499e+04 3010715 1 5.2679e-01
+6.35062e+04 -6.22110e+04 3010716 1 5.1606e-01
+6.45663e+04 -6.21646e+04 3010717 1 5.0424e-01
+6.56346e+04 -6.21119e+04 3010718 1 4.9145e-01
+6.67107e+04 -6.20539e+04 3010719 1 4.7776e-01
+6.77938e+04 -6.19916e+04 3010720 1 4.6324e-01
+6.88836e+04 -6.19259e+04 3010721 1 4.4794e-01
+6.99794e+04 -6.18578e+04 3010722 1 4.3201e-01
+7.10808e+04 -6.17881e+04 3010723 1 4.1554e-01
+7.21874e+04 -6.17177e+04 3010724 1 3.9872e-01
+7.32987e+04 -6.16474e+04 3010725 1 3.8161e-01
+7.44142e+04 -6.15778e+04 3010726 1 3.6352e-01
+7.55336e+04 -6.15097e+04 3010727 1 3.4498e-01
+7.66564e+04 -6.14437e+04 3010728 1 3.2607e-01
+7.77823e+04 -6.13802e+04 3010729 1 3.0684e-01
+7.89111e+04 -6.13199e+04 3010730 1 2.8738e-01
+8.00424e+04 -6.12632e+04 3010731 1 2.6775e-01
+8.11759e+04 -6.12106e+04 3010732 1 2.4806e-01
+8.23114e+04 -6.11625e+04 3010733 1 2.2843e-01
+8.34486e+04 -6.11192e+04 3010734 1 2.0900e-01
+8.45872e+04 -6.10810e+04 3010735 1 1.8995e-01
+8.57271e+04 -6.10483e+04 3010736 1 1.7152e-01
+8.68681e+04 -6.10212e+04 3010737 1 1.5409e-01
+8.80098e+04 -6.09999e+04 3010738 1 1.3818e-01
+8.91522e+04 -6.09846e+04 3010739 1 1.2462e-01
+9.02949e+04 -6.09753e+04 3010740 1 1.1485e-01
+5.06653e+04 -5.99989e+04 3010741 1 5.4306e-01
+5.15332e+04 -6.01824e+04 3010742 1 5.4932e-01
+5.24163e+04 -6.03415e+04 3010743 1 5.5354e-01
+5.33143e+04 -6.04773e+04 3010744 1 5.5579e-01
+5.42271e+04 -6.05910e+04 3010745 1 5.5641e-01
+5.51544e+04 -6.06841e+04 3010746 1 5.5476e-01
+5.60959e+04 -6.07577e+04 3010747 1 5.5306e-01
+5.70505e+04 -6.08139e+04 3010748 1 5.5134e-01
+5.80177e+04 -6.08539e+04 3010749 1 5.4802e-01
+5.89969e+04 -6.08791e+04 3010750 1 5.4330e-01
+5.99876e+04 -6.08907e+04 3010751 1 5.3726e-01
+6.09892e+04 -6.08900e+04 3010752 1 5.2993e-01
+6.20012e+04 -6.08782e+04 3010753 1 5.2132e-01
+6.30231e+04 -6.08564e+04 3010754 1 5.1125e-01
+6.40542e+04 -6.08259e+04 3010755 1 5.0129e-01
+6.50937e+04 -6.07880e+04 3010756 1 4.9022e-01
+6.61412e+04 -6.07436e+04 3010757 1 4.7819e-01
+6.71960e+04 -6.06938e+04 3010758 1 4.6526e-01
+6.82577e+04 -6.06395e+04 3010759 1 4.5148e-01
+6.93257e+04 -6.05816e+04 3010760 1 4.3694e-01
+7.03997e+04 -6.05212e+04 3010761 1 4.2170e-01
+7.14790e+04 -6.04589e+04 3010762 1 4.0587e-01
+7.25634e+04 -6.03955e+04 3010763 1 3.8953e-01
+7.36525e+04 -6.03319e+04 3010764 1 3.7286e-01
+7.47457e+04 -6.02688e+04 3010765 1 3.5632e-01
+7.58429e+04 -6.02068e+04 3010766 1 3.3905e-01
+7.69435e+04 -6.01466e+04 3010767 1 3.2077e-01
+7.80473e+04 -6.00885e+04 3010768 1 3.0215e-01
+7.91539e+04 -6.00333e+04 3010769 1 2.8325e-01
+8.02629e+04 -5.99813e+04 3010770 1 2.6415e-01
+8.13743e+04 -5.99329e+04 3010771 1 2.4494e-01
+8.24876e+04 -5.98886e+04 3010772 1 2.2573e-01
+8.36027e+04 -5.98486e+04 3010773 1 2.0663e-01
+8.47192e+04 -5.98134e+04 3010774 1 1.8784e-01
+8.58370e+04 -5.97831e+04 3010775 1 1.6954e-01
+8.69559e+04 -5.97581e+04 3010776 1 1.5209e-01
+8.80756e+04 -5.97383e+04 3010777 1 1.3600e-01
+8.91959e+04 -5.97241e+04 3010778 1 1.2209e-01
+9.03166e+04 -5.97155e+04 3010779 1 1.1184e-01
+9.03376e+04 -5.84310e+04 5010038 1 1.1024e-01
+8.92383e+04 -5.84389e+04 5010037 1 1.2096e-01
+8.81394e+04 -5.84521e+04 5010036 1 1.3513e-01
+8.70411e+04 -5.84702e+04 5010035 1 1.5129e-01
+8.59436e+04 -5.84933e+04 5010034 1 1.6860e-01
+8.48472e+04 -5.85211e+04 5010033 1 1.8663e-01
+8.37520e+04 -5.85534e+04 5010032 1 2.0506e-01
+8.26584e+04 -5.85900e+04 5010031 1 2.2368e-01
+8.15665e+04 -5.86306e+04 5010030 1 2.4237e-01
+9.03580e+04 -5.71215e+04 5010077 1 1.1037e-01
+8.75452e+04 -4.87663e+04 5010308 1 1.8511e-01
+8.94895e+04 -4.87515e+04 5010310 1 1.6746e-01
