+1.90903e+01 -6.06649e+04 2010000 1 1.5079e-01
+1.24043e+03 -6.06927e+04 2010001 1 1.5341e-01
+2.45845e+03 -6.07738e+04 2010002 1 1.5684e-01
+3.66977e+03 -6.09074e+04 2010003 1 1.6120e-01
+4.87096e+03 -6.10925e+04 2010004 1 1.6588e-01
+6.05864e+03 -6.13274e+04 2010005 1 1.7058e-01
+7.22993e+03 -6.16095e+04 2010006 1 1.7547e-01
+8.38239e+03 -6.19360e+04 2010007 1 1.7938e-01
+9.51398e+03 -6.23035e+04 2010008 1 1.8153e-01
+1.06231e+04 -6.27086e+04 2010009 1 1.8328e-01
+1.17094e+04 -6.31474e+04 2010010 1 1.8325e-01
+1.27720e+04 -6.36161e+04 2010011 1 1.8173e-01
+1.38110e+04 -6.41109e+04 2010012 1 1.8021e-01
+1.48274e+04 -6.46278e+04 2010013 1 1.7765e-01
+1.58214e+04 -6.51630e+04 2010014 1 1.7397e-01
+1.67954e+04 -6.57127e+04 2010015 1 1.7144e-01
+1.77502e+04 -6.62735e+04 2010016 1 1.6676e-01
+1.86882e+04 -6.68423e+04 2010017 1 1.6662e-01
+1.96115e+04 -6.74158e+04 2010018 1 1.6561e-01
+2.05216e+04 -6.79909e+04 2010019 1 1.7493e-01
+2.14218e+04 -6.85637e+04 2010020 1 1.8220e-01
+2.23135e+04 -6.91323e+04 2010021 1 1.9718e-01
+2.32013e+04 -6.96950e+04 2010022 1 2.1854e-01
+2.40849e+04 -7.02488e+04 2010023 1 2.4201e-01
+2.49698e+04 -7.07924e+04 2010024 1 2.6031e-01
+2.58559e+04 -7.13225e+04 2010025 1 2.8991e-01
+2.67451e+04 -7.18374e+04 2010026 1 3.0200e-01
+2.76440e+04 -7.23378e+04 2010027 1 3.1714e-01
+2.85504e+04 -7.28206e+04 2010028 1 3.6043e-01
+2.94634e+04 -7.32827e+04 2010029 1 3.6692e-01
+3.03909e+04 -7.37265e+04 2010030 1 3.7430e-01
+4.67471e+04 -7.01291e+04 3010235 1 2.9248e-01
+4.13574e+04 -4.92056e+04 4010032 1 1.5208e-01
+4.62492e+04 -6.86635e+04 3010273 1 2.6216e-01
+4.55672e+04 -7.26216e+04 3010157 1 3.4654e-01
+4.02883e+04 -4.89125e+04 4010031 1 1.6034e-01
+4.24191e+04 -4.94892e+04 4010033 1 1.4463e-01
+4.67622e+04 -6.73789e+04 3010312 1 2.3843e-01
+4.66420e+04 -7.27950e+04 3010158 1 3.4924e-01
+4.34741e+04 -4.97630e+04 4010034 1 1.3795e-01
+4.45233e+04 -5.00265e+04 4010035 1 1.3219e-01
+4.57029e+04 -6.99347e+04 3010234 1 2.8711e-01
+4.61745e+04 -7.13834e+04 3010196 1 3.1779e-01
+4.55674e+04 -5.02798e+04 4010036 1 1.2775e-01
+1.98608e+01 -5.95136e+04 2010041 1 1.5755e-01
+1.29052e+03 -5.95423e+04 2010042 1 1.6100e-01
+2.55747e+03 -5.96250e+04 2010043 1 1.6549e-01
+3.81710e+03 -5.97610e+04 2010044 1 1.7083e-01
+5.06587e+03 -5.99490e+04 2010045 1 1.7640e-01
+6.30038e+03 -6.01871e+04 2010046 1 1.8227e-01
+7.51768e+03 -6.04728e+04 2010047 1 1.8735e-01
+8.71514e+03 -6.08032e+04 2010048 1 1.9127e-01
+9.89053e+03 -6.11749e+04 2010049 1 1.9316e-01
+1.10423e+04 -6.15844e+04 2010050 1 1.9447e-01
+1.21698e+04 -6.20277e+04 2010051 1 1.9385e-01
+1.32720e+04 -6.25009e+04 2010052 1 1.9018e-01
+1.43492e+04 -6.29999e+04 2010053 1 1.8723e-01
+1.54021e+04 -6.35209e+04 2010054 1 1.8091e-01
+1.64310e+04 -6.40600e+04 2010055 1 1.7479e-01
+1.74379e+04 -6.46132e+04 2010056 1 1.6802e-01
+1.84234e+04 -6.51771e+04 2010057 1 1.6054e-01
+1.93904e+04 -6.57478e+04 2010058 1 1.5605e-01
+2.03401e+04 -6.63221e+04 2010059 1 1.4863e-01
+2.12757e+04 -6.68973e+04 2010060 1 1.4779e-01
+2.21990e+04 -6.74706e+04 2010061 1 1.4669e-01
+2.31123e+04 -6.80394e+04 2010062 1 1.5697e-01
+2.40191e+04 -6.86016e+04 2010063 1 1.7345e-01
+2.49192e+04 -6.91535e+04 2010064 1 1.8683e-01
+2.58191e+04 -6.96938e+04 2010065 1 2.0549e-01
+2.67168e+04 -7.02202e+04 2010066 1 2.3335e-01
+2.76170e+04 -7.07321e+04 2010067 1 2.4845e-01
+2.85243e+04 -7.12291e+04 2010068 1 2.6533e-01
+2.94354e+04 -7.17071e+04 2010069 1 3.0520e-01
+3.03525e+04 -7.21651e+04 2010070 1 3.1445e-01
+3.12818e+04 -7.26048e+04 2010071 1 3.2535e-01
+3.22225e+04 -7.30240e+04 2010072 1 3.4007e-01
+3.31756e+04 -7.34223e+04 2010073 1 3.5441e-01
+4.57290e+04 -4.89492e+04 4010077 1 1.3116e-01
+3.58038e+04 -4.89079e+04 2010806 1 1.9379e-01
+4.67734e+04 -4.91861e+04 4010078 1 1.2708e-01
+2.38611e+04 -7.33936e+04 10804 1 4.1751e-01
+2.01468e+04 -7.27213e+04 10760 1 4.5012e-01
+2.29931e+04 -7.28595e+04 10803 1 3.9994e-01
+2.05079e+01 -5.84031e+04 2010082 1 1.6696e-01
+1.33258e+03 -5.84323e+04 2010083 1 1.6987e-01
+2.64071e+03 -5.85156e+04 2010084 1 1.7581e-01
+3.94118e+03 -5.86522e+04 2010085 1 1.8193e-01
+5.23036e+03 -5.88407e+04 2010086 1 1.8843e-01
+6.50491e+03 -5.90792e+04 2010087 1 1.9463e-01
+7.76175e+03 -5.93653e+04 2010088 1 2.0024e-01
+8.99817e+03 -5.96959e+04 2010089 1 2.0430e-01
+1.02119e+04 -6.00680e+04 2010090 1 2.0655e-01
+1.14013e+04 -6.04776e+04 2010091 1 2.0797e-01
+1.25655e+04 -6.09210e+04 2010092 1 2.0634e-01
+1.37034e+04 -6.13942e+04 2010093 1 2.0240e-01
+1.48154e+04 -6.18931e+04 2010094 1 1.9781e-01
+1.59017e+04 -6.24137e+04 2010095 1 1.8927e-01
+1.69629e+04 -6.29521e+04 2010096 1 1.8163e-01
+1.80007e+04 -6.35044e+04 2010097 1 1.7143e-01
+1.90159e+04 -6.40670e+04 2010098 1 1.6126e-01
+2.00112e+04 -6.46365e+04 2010099 1 1.5105e-01
+2.09875e+04 -6.52095e+04 2010100 1 1.4081e-01
+2.19482e+04 -6.57829e+04 2010101 1 1.3470e-01
+2.28941e+04 -6.63537e+04 2010102 1 1.2989e-01
+2.38290e+04 -6.69189e+04 2010103 1 1.3185e-01
+2.47548e+04 -6.74766e+04 2010104 1 1.3466e-01
+2.56729e+04 -6.80247e+04 2010105 1 1.4765e-01
+2.65889e+04 -6.85619e+04 2010106 1 1.6552e-01
+2.74996e+04 -6.90850e+04 2010107 1 1.9047e-01
+2.84119e+04 -6.95935e+04 2010108 1 2.0330e-01
+2.93289e+04 -7.00859e+04 2010109 1 2.2006e-01
+3.02467e+04 -7.05590e+04 2010110 1 2.5669e-01
+3.11697e+04 -7.10131e+04 2010111 1 2.6812e-01
+3.21024e+04 -7.14488e+04 2010112 1 2.8202e-01
+3.30443e+04 -7.18643e+04 2010113 1 2.9720e-01
+3.39966e+04 -7.22588e+04 2010114 1 3.1106e-01
+3.49604e+04 -7.26321e+04 2010115 1 3.2530e-01
+3.59363e+04 -7.29838e+04 2010116 1 3.4000e-01
+3.69251e+04 -7.33138e+04 2010117 1 3.5372e-01
+3.79274e+04 -7.36225e+04 2010118 1 3.6655e-01
+2.09917e+04 -7.32686e+04 10761 1 4.6554e-01
+2.10527e+01 -5.73248e+04 2010123 1 1.7821e-01
+1.36799e+03 -5.73541e+04 2010124 1 1.8079e-01
+2.71087e+03 -5.74372e+04 2010125 1 1.8515e-01
+4.04592e+03 -5.75730e+04 2010126 1 1.9244e-01
+5.36956e+03 -5.77602e+04 2010127 1 2.0028e-01
+6.67841e+03 -5.79969e+04 2010128 1 2.0707e-01
+7.96935e+03 -5.82808e+04 2010129 1 2.1311e-01
+9.23959e+03 -5.86090e+04 2010130 1 2.1854e-01
+1.04868e+04 -5.89784e+04 2010131 1 2.2250e-01
+1.17094e+04 -5.93851e+04 2010132 1 2.2426e-01
+1.29062e+04 -5.98253e+04 2010133 1 2.2273e-01
+1.40763e+04 -6.02950e+04 2010134 1 2.1942e-01
+1.52199e+04 -6.07903e+04 2010135 1 2.1379e-01
+1.63369e+04 -6.13071e+04 2010136 1 2.0500e-01
+1.74284e+04 -6.18415e+04 2010137 1 1.9627e-01
+1.84952e+04 -6.23896e+04 2010138 1 1.8397e-01
+1.95384e+04 -6.29479e+04 2010139 1 1.7293e-01
+2.05606e+04 -6.35128e+04 2010140 1 1.6006e-01
+2.15623e+04 -6.40810e+04 2010141 1 1.4727e-01
+2.25474e+04 -6.46495e+04 2010142 1 1.3502e-01
+2.35161e+04 -6.52156e+04 2010143 1 1.2356e-01
+2.44727e+04 -6.57767e+04 2010144 1 1.1818e-01
+2.54177e+04 -6.63303e+04 2010145 1 1.1469e-01
+2.63543e+04 -6.68742e+04 2010146 1 1.2163e-01
+2.72865e+04 -6.74056e+04 2010147 1 1.2994e-01
+2.82113e+04 -6.79228e+04 2010148 1 1.4560e-01
+2.91366e+04 -6.84257e+04 2010149 1 1.6068e-01
+3.00643e+04 -6.89131e+04 2010150 1 1.8123e-01
+3.09907e+04 -6.93821e+04 2010151 1 2.1561e-01
+3.19208e+04 -6.98328e+04 2010152 1 2.2800e-01
+3.28584e+04 -7.02645e+04 2010153 1 2.4122e-01
+3.38032e+04 -7.06759e+04 2010154 1 2.5635e-01
+3.47566e+04 -7.10670e+04 2010155 1 2.7147e-01
+3.57197e+04 -7.14373e+04 2010156 1 2.8712e-01
+3.66930e+04 -7.17866e+04 2010157 1 3.0304e-01
+3.76775e+04 -7.21147e+04 2010158 1 3.1754e-01
+3.86739e+04 -7.24218e+04 2010159 1 3.3024e-01
+3.96827e+04 -7.27081e+04 2010160 1 3.4243e-01
+4.07045e+04 -7.29738e+04 2010161 1 3.5324e-01
+4.17394e+04 -7.32193e+04 2010162 1 3.6182e-01
+4.27876e+04 -7.34454e+04 2010163 1 3.6796e-01
+2.15118e+01 -5.62721e+04 2010164 1 1.9094e-01
+1.39783e+03 -5.63013e+04 2010165 1 1.9359e-01
+2.77005e+03 -5.63834e+04 2010166 1 1.9805e-01
+4.13446e+03 -5.65174e+04 2010167 1 2.0384e-01
+5.48747e+03 -5.67020e+04 2010168 1 2.1025e-01
+6.82573e+03 -5.69353e+04 2010169 1 2.1668e-01
+8.14603e+03 -5.72153e+04 2010170 1 2.2403e-01
+9.44548e+03 -5.75392e+04 2010171 1 2.2982e-01
+1.07220e+04 -5.79036e+04 2010172 1 2.3410e-01
+1.19738e+04 -5.83048e+04 2010173 1 2.3553e-01
+1.31997e+04 -5.87391e+04 2010174 1 2.3457e-01
+1.43988e+04 -5.92027e+04 2010175 1 2.3230e-01
+1.55711e+04 -5.96915e+04 2010176 1 2.2661e-01
+1.67163e+04 -6.02017e+04 2010177 1 2.1830e-01
+1.78356e+04 -6.07293e+04 2010178 1 2.0870e-01
+1.89294e+04 -6.12706e+04 2010179 1 1.9534e-01
+1.99992e+04 -6.18221e+04 2010180 1 1.8336e-01
+2.10469e+04 -6.23802e+04 2010181 1 1.6766e-01
+2.20734e+04 -6.29417e+04 2010182 1 1.5447e-01
+2.30820e+04 -6.35036e+04 2010183 1 1.4000e-01
+2.40729e+04 -6.40629e+04 2010184 1 1.2756e-01
+2.50506e+04 -6.46170e+04 2010185 1 1.1770e-01
+2.60150e+04 -6.51637e+04 2010186 1 1.0677e-01
+2.69700e+04 -6.57010e+04 2010187 1 1.0632e-01
+2.79189e+04 -6.62271e+04 2010188 1 1.0927e-01
+2.88585e+04 -6.67397e+04 2010189 1 1.2090e-01
+2.97972e+04 -6.72382e+04 2010190 1 1.3353e-01
+3.07362e+04 -6.77205e+04 2010191 1 1.4368e-01
+3.16723e+04 -6.81837e+04 2010192 1 1.7142e-01
+3.26108e+04 -6.86290e+04 2010193 1 1.8495e-01
+3.35546e+04 -6.90561e+04 2010194 1 2.0139e-01
+3.45039e+04 -6.94638e+04 2010195 1 2.1867e-01
+3.54600e+04 -6.98518e+04 2010196 1 2.3549e-01
+3.64239e+04 -7.02196e+04 2010197 1 2.5108e-01
+3.73964e+04 -7.05665e+04 2010198 1 2.6650e-01
+3.83784e+04 -7.08927e+04 2010199 1 2.8105e-01
+3.93707e+04 -7.11985e+04 2010200 1 2.9493e-01
+4.03741e+04 -7.14841e+04 2010201 1 3.0831e-01
+4.13888e+04 -7.17496e+04 2010202 1 3.2031e-01
+4.24152e+04 -7.19955e+04 2010203 1 3.3000e-01
+4.34538e+04 -7.22224e+04 2010204 1 3.3727e-01
+2.18985e+01 -5.52401e+04 2010205 1 2.0436e-01
+1.42297e+03 -5.52690e+04 2010206 1 2.0681e-01
+2.81998e+03 -5.53495e+04 2010207 1 2.1111e-01
+4.20927e+03 -5.54809e+04 2010208 1 2.1680e-01
+5.58730e+03 -5.56618e+04 2010209 1 2.2308e-01
+6.95073e+03 -5.58906e+04 2010210 1 2.3050e-01
+8.29621e+03 -5.61654e+04 2010211 1 2.3819e-01
+9.62110e+03 -5.64833e+04 2010212 1 2.4428e-01
+1.09233e+04 -5.68409e+04 2010213 1 2.4844e-01
+1.22010e+04 -5.72348e+04 2010214 1 2.5018e-01
+1.34527e+04 -5.76612e+04 2010215 1 2.4955e-01
+1.46780e+04 -5.81165e+04 2010216 1 2.4699e-01
+1.58762e+04 -5.85967e+04 2010217 1 2.4101e-01
+1.70472e+04 -5.90982e+04 2010218 1 2.3352e-01
+1.81921e+04 -5.96169e+04 2010219 1 2.2367e-01
+1.93110e+04 -6.01494e+04 2010220 1 2.1108e-01
+2.04058e+04 -6.06919e+04 2010221 1 1.9800e-01
+2.14773e+04 -6.12412e+04 2010222 1 1.8103e-01
+2.25275e+04 -6.17940e+04 2010223 1 1.6687e-01
+2.35585e+04 -6.23473e+04 2010224 1 1.4891e-01
+2.45712e+04 -6.28986e+04 2010225 1 1.3410e-01
+2.55695e+04 -6.34449e+04 2010226 1 1.2014e-01
+2.65531e+04 -6.39842e+04 2010227 1 1.0721e-01
+2.75265e+04 -6.45141e+04 2010228 1 1.0227e-01
+2.84918e+04 -6.50326e+04 2010229 1 9.5795e-02
+2.94467e+04 -6.55379e+04 2010230 1 1.0016e-01
+3.03994e+04 -6.60294e+04 2010231 1 1.0887e-01
+3.13505e+04 -6.65057e+04 2010232 1 1.2419e-01
+3.22971e+04 -6.69648e+04 2010233 1 1.4808e-01
+3.32445e+04 -6.74065e+04 2010234 1 1.6183e-01
+3.41954e+04 -6.78302e+04 2010235 1 1.7612e-01
+3.51501e+04 -6.82341e+04 2010236 1 1.8834e-01
+3.61101e+04 -6.86182e+04 2010237 1 2.0014e-01
+3.70764e+04 -6.89826e+04 2010238 1 2.1382e-01
+3.80496e+04 -6.93270e+04 2010239 1 2.3081e-01
+3.90308e+04 -6.96515e+04 2010240 1 2.4698e-01
+4.00207e+04 -6.99562e+04 2010241 1 2.6214e-01
+4.10202e+04 -7.02413e+04 2010242 1 2.7584e-01
+4.20296e+04 -7.05068e+04 2010243 1 2.8811e-01
+4.30495e+04 -7.07532e+04 2010244 1 2.9827e-01
+4.40802e+04 -7.09810e+04 2010245 1 3.0620e-01
+2.22237e+01 -5.42250e+04 2010246 1 2.1828e-01
+1.44411e+03 -5.42533e+04 2010247 1 2.2089e-01
+2.86201e+03 -5.43320e+04 2010248 1 2.2498e-01
+4.27234e+03 -5.44602e+04 2010249 1 2.3019e-01
+5.67165e+03 -5.46366e+04 2010250 1 2.3606e-01
+7.05653e+03 -5.48601e+04 2010251 1 2.4416e-01
+8.42372e+03 -5.51286e+04 2010252 1 2.5174e-01
+9.77073e+03 -5.54392e+04 2010253 1 2.5772e-01
+1.10954e+04 -5.57886e+04 2010254 1 2.6183e-01
+1.23959e+04 -5.61735e+04 2010255 1 2.6366e-01
+1.36708e+04 -5.65905e+04 2010256 1 2.6373e-01
+1.49195e+04 -5.70359e+04 2010257 1 2.6140e-01
+1.61411e+04 -5.75060e+04 2010258 1 2.5573e-01
+1.73358e+04 -5.79970e+04 2010259 1 2.4920e-01
+1.85042e+04 -5.85052e+04 2010260 1 2.3917e-01
+1.96464e+04 -5.90272e+04 2010261 1 2.2756e-01
+2.07644e+04 -5.95592e+04 2010262 1 2.1443e-01
+2.18585e+04 -6.00982e+04 2010263 1 1.9841e-01
+2.29310e+04 -6.06409e+04 2010264 1 1.8396e-01
+2.39834e+04 -6.11842e+04 2010265 1 1.6538e-01
+2.50169e+04 -6.17258e+04 2010266 1 1.5020e-01
+2.60351e+04 -6.22628e+04 2010267 1 1.3313e-01
+2.70375e+04 -6.27932e+04 2010268 1 1.1679e-01
+2.80288e+04 -6.33148e+04 2010269 1 1.0651e-01
+2.90104e+04 -6.38257e+04 2010270 1 9.3053e-02
+2.99810e+04 -6.43242e+04 2010271 1 9.3327e-02
+3.09477e+04 -6.48089e+04 2010272 1 9.5862e-02
+3.19111e+04 -6.52782e+04 2010273 1 1.0250e-01
+3.28689e+04 -6.57308e+04 2010274 1 1.1694e-01
+3.38262e+04 -6.61666e+04 2010275 1 1.2899e-01
+3.47853e+04 -6.65849e+04 2010276 1 1.4437e-01
+3.57466e+04 -6.69849e+04 2010277 1 1.6068e-01
+3.67114e+04 -6.73662e+04 2010278 1 1.7692e-01
+3.76810e+04 -6.77286e+04 2010279 1 1.9346e-01
+3.86560e+04 -6.80712e+04 2010280 1 2.0774e-01
+3.96375e+04 -6.83942e+04 2010281 1 2.2168e-01
+4.06265e+04 -6.86977e+04 2010282 1 2.3507e-01
+4.16236e+04 -6.89820e+04 2010283 1 2.4848e-01
+4.26293e+04 -6.92474e+04 2010284 1 2.6098e-01
+4.36442e+04 -6.94943e+04 2010285 1 2.7158e-01
+4.46686e+04 -6.97232e+04 2010286 1 2.8009e-01
+2.24961e+01 -5.32236e+04 2010287 1 2.3038e-01
+1.46183e+03 -5.32512e+04 2010288 1 2.3285e-01
+2.89727e+03 -5.33277e+04 2010289 1 2.3680e-01
+4.32533e+03 -5.34523e+04 2010290 1 2.4183e-01
+5.74268e+03 -5.36238e+04 2010291 1 2.4779e-01
+7.14580e+03 -5.38413e+04 2010292 1 2.5623e-01
+8.53169e+03 -5.41027e+04 2010293 1 2.6365e-01
+9.89789e+03 -5.44050e+04 2010294 1 2.6968e-01
+1.12422e+04 -5.47451e+04 2010295 1 2.7385e-01
+1.25628e+04 -5.51201e+04 2010296 1 2.7611e-01
+1.38583e+04 -5.55264e+04 2010297 1 2.7702e-01
+1.51278e+04 -5.59607e+04 2010298 1 2.7491e-01
+1.63705e+04 -5.64193e+04 2010299 1 2.7040e-01
+1.75868e+04 -5.68985e+04 2010300 1 2.6393e-01
+1.87766e+04 -5.73949e+04 2010301 1 2.5402e-01
+1.99406e+04 -5.79050e+04 2010302 1 2.4340e-01
+2.10800e+04 -5.84252e+04 2010303 1 2.3013e-01
+2.21953e+04 -5.89526e+04 2010304 1 2.1488e-01
+2.32889e+04 -5.94839e+04 2010305 1 1.9947e-01
+2.43616e+04 -6.00163e+04 2010306 1 1.8031e-01
+2.54152e+04 -6.05473e+04 2010307 1 1.6521e-01
+2.64525e+04 -6.10740e+04 2010308 1 1.4686e-01
+2.74732e+04 -6.15947e+04 2010309 1 1.2999e-01
+2.84820e+04 -6.21068e+04 2010310 1 1.1644e-01
+2.94796e+04 -6.26087e+04 2010311 1 9.7462e-02
+3.04657e+04 -6.30990e+04 2010312 1 9.2497e-02
+3.14465e+04 -6.35762e+04 2010313 1 9.0082e-02
+3.24226e+04 -6.40390e+04 2010314 1 9.2501e-02
+3.33918e+04 -6.44860e+04 2010315 1 9.8624e-02
+3.43592e+04 -6.49164e+04 2010316 1 1.0678e-01
+3.53270e+04 -6.53293e+04 2010317 1 1.1663e-01
+3.62956e+04 -6.57242e+04 2010318 1 1.3094e-01
+3.72664e+04 -6.61012e+04 2010319 1 1.4580e-01
+3.82405e+04 -6.64598e+04 2010320 1 1.6189e-01
+3.92186e+04 -6.67997e+04 2010321 1 1.7842e-01
+4.02017e+04 -6.71210e+04 2010322 1 1.9433e-01
+4.11908e+04 -6.74236e+04 2010323 1 2.0956e-01
+4.21867e+04 -6.77077e+04 2010324 1 2.2334e-01
+4.31900e+04 -6.79733e+04 2010325 1 2.3561e-01
+4.42012e+04 -6.82207e+04 2010326 1 2.4623e-01
+4.52209e+04 -6.84506e+04 2010327 1 2.5482e-01
+4.38492e+04 -7.36525e+04 3010117 1 3.7244e-01
+2.27231e+01 -5.22334e+04 2010328 1 2.4037e-01
+1.47660e+03 -5.22603e+04 2010329 1 2.4273e-01
+2.92669e+03 -5.23344e+04 2010330 1 2.4649e-01
+4.36963e+03 -5.24551e+04 2010331 1 2.5132e-01
+5.80217e+03 -5.26213e+04 2010332 1 2.5779e-01
+7.22082e+03 -5.28324e+04 2010333 1 2.6610e-01
+8.62274e+03 -5.30859e+04 2010334 1 2.7342e-01
+1.00055e+04 -5.33792e+04 2010335 1 2.7943e-01
+1.13669e+04 -5.37094e+04 2010336 1 2.8369e-01
+1.27052e+04 -5.40735e+04 2010337 1 2.8707e-01
+1.40189e+04 -5.44684e+04 2010338 1 2.8818e-01
+1.53069e+04 -5.48906e+04 2010339 1 2.8663e-01
+1.65688e+04 -5.53367e+04 2010340 1 2.8317e-01
+1.78045e+04 -5.58032e+04 2010341 1 2.7711e-01
+1.90140e+04 -5.62867e+04 2010342 1 2.6806e-01
+2.01980e+04 -5.67838e+04 2010343 1 2.5846e-01
+2.13573e+04 -5.72912e+04 2010344 1 2.4546e-01
+2.24926e+04 -5.78059e+04 2010345 1 2.3144e-01
+2.36059e+04 -5.83248e+04 2010346 1 2.1627e-01
+2.46977e+04 -5.88452e+04 2010347 1 1.9781e-01
+2.57705e+04 -5.93645e+04 2010348 1 1.8228e-01
+2.68261e+04 -5.98802e+04 2010349 1 1.6269e-01
+2.78645e+04 -6.03904e+04 2010350 1 1.4556e-01
+2.88903e+04 -6.08926e+04 2010351 1 1.3046e-01
+2.99036e+04 -6.13852e+04 2010352 1 1.0920e-01
+3.09050e+04 -6.18667e+04 2010353 1 1.0007e-01
+3.18998e+04 -6.23354e+04 2010354 1 9.2065e-02
+3.28886e+04 -6.27904e+04 2010355 1 8.7142e-02
+3.38695e+04 -6.32303e+04 2010356 1 8.5820e-02
+3.48474e+04 -6.36547e+04 2010357 1 9.1871e-02
+3.58243e+04 -6.40626e+04 2010358 1 1.0183e-01
+3.68006e+04 -6.44535e+04 2010359 1 1.1358e-01
+3.77777e+04 -6.48268e+04 2010360 1 1.2507e-01
+3.87570e+04 -6.51818e+04 2010361 1 1.3442e-01
+3.97391e+04 -6.55185e+04 2010362 1 1.4976e-01
+4.07249e+04 -6.58371e+04 2010363 1 1.6494e-01
+4.17154e+04 -6.61378e+04 2010364 1 1.7974e-01
+4.27115e+04 -6.64207e+04 2010365 1 1.9447e-01
+4.37136e+04 -6.66859e+04 2010366 1 2.0835e-01
+4.47225e+04 -6.69337e+04 2010367 1 2.2054e-01
+4.57385e+04 -6.71646e+04 2010368 1 2.3053e-01
+1.80984e+04 -7.31093e+04 10718 0 4.7183e-01
+1.61414e+04 -7.36248e+04 10676 0 3.9779e-01
+2.29109e+01 -5.12524e+04 2010369 1 2.4858e-01
+1.48881e+03 -5.12784e+04 2010370 1 2.5081e-01
+2.95105e+03 -5.13501e+04 2010371 1 2.5439e-01
+4.40640e+03 -5.14667e+04 2010372 1 2.5905e-01
+5.85167e+03 -5.16274e+04 2010373 1 2.6581e-01
+7.28346e+03 -5.18316e+04 2010374 1 2.7380e-01
+8.69904e+03 -5.20769e+04 2010375 1 2.8097e-01
+1.00960e+04 -5.23607e+04 2010376 1 2.8704e-01
+1.14723e+04 -5.26803e+04 2010377 1 2.9191e-01
+1.28261e+04 -5.30331e+04 2010378 1 2.9574e-01
+1.41557e+04 -5.34158e+04 2010379 1 2.9724e-01
+1.54604e+04 -5.38253e+04 2010380 1 2.9624e-01
+1.67395e+04 -5.42582e+04 2010381 1 2.9362e-01
+1.79929e+04 -5.47112e+04 2010382 1 2.8819e-01
+1.92203e+04 -5.51810e+04 2010383 1 2.8052e-01
+2.04227e+04 -5.56644e+04 2010384 1 2.7149e-01
+2.16004e+04 -5.61582e+04 2010385 1 2.5920e-01
+2.27542e+04 -5.66595e+04 2010386 1 2.4673e-01
+2.38859e+04 -5.71652e+04 2010387 1 2.3201e-01
+2.49960e+04 -5.76728e+04 2010388 1 2.1509e-01
+2.60868e+04 -5.81797e+04 2010389 1 1.9965e-01
+2.71597e+04 -5.86834e+04 2010390 1 1.7974e-01
+2.82152e+04 -5.91822e+04 2010391 1 1.6346e-01
+2.92574e+04 -5.96737e+04 2010392 1 1.4757e-01
+3.02860e+04 -6.01563e+04 2010393 1 1.2538e-01
+3.13023e+04 -6.06285e+04 2010394 1 1.1439e-01
+3.23109e+04 -6.10887e+04 2010395 1 1.0408e-01
+3.33124e+04 -6.15356e+04 2010396 1 9.4298e-02
+3.43051e+04 -6.19683e+04 2010397 1 8.4299e-02
+3.52936e+04 -6.23857e+04 2010398 1 8.4418e-02
+3.62801e+04 -6.27875e+04 2010399 1 8.9517e-02
+3.72647e+04 -6.31729e+04 2010400 1 9.7886e-02
+3.82489e+04 -6.35416e+04 2010401 1 1.0804e-01
+3.92339e+04 -6.38933e+04 2010402 1 1.2002e-01
+4.02204e+04 -6.42276e+04 2010403 1 1.3303e-01
+4.12093e+04 -6.45444e+04 2010404 1 1.4581e-01
+4.22020e+04 -6.48434e+04 2010405 1 1.5352e-01
+4.31991e+04 -6.51247e+04 2010406 1 1.6749e-01
+4.42012e+04 -6.53890e+04 2010407 1 1.8125e-01
+4.52088e+04 -6.56365e+04 2010408 1 1.9349e-01
+4.62226e+04 -6.58676e+04 2010409 1 2.0391e-01
+4.45044e+04 -7.24309e+04 3010156 1 3.4260e-01
+2.30646e+01 -5.02788e+04 2010410 1 2.5527e-01
+1.49882e+03 -5.03040e+04 2010411 1 2.5735e-01
+2.97105e+03 -5.03730e+04 2010412 1 2.6073e-01
+4.43664e+03 -5.04854e+04 2010413 1 2.6521e-01
+5.89249e+03 -5.06404e+04 2010414 1 2.7204e-01
+7.33529e+03 -5.08375e+04 2010415 1 2.7974e-01
+8.76244e+03 -5.10743e+04 2010416 1 2.8677e-01
+1.01716e+04 -5.13483e+04 2010417 1 2.9272e-01
+1.15608e+04 -5.16571e+04 2010418 1 2.9818e-01
+1.29280e+04 -5.19981e+04 2010419 1 3.0220e-01
+1.42718e+04 -5.23683e+04 2010420 1 3.0389e-01
+1.55912e+04 -5.27645e+04 2010421 1 3.0384e-01
+1.68858e+04 -5.31837e+04 2010422 1 3.0173e-01
+1.81550e+04 -5.36226e+04 2010423 1 2.9689e-01
+1.93989e+04 -5.40782e+04 2010424 1 2.9059e-01
+2.06181e+04 -5.45473e+04 2010425 1 2.8212e-01
+2.18127e+04 -5.50269e+04 2010426 1 2.7073e-01
+2.29838e+04 -5.55141e+04 2010427 1 2.5947e-01
+2.41327e+04 -5.60060e+04 2010428 1 2.4518e-01
+2.52599e+04 -5.65002e+04 2010429 1 2.3005e-01
+2.63677e+04 -5.69941e+04 2010430 1 2.1516e-01
+2.74571e+04 -5.74854e+04 2010431 1 1.9547e-01
+2.85289e+04 -5.79722e+04 2010432 1 1.8089e-01
+2.95867e+04 -5.84522e+04 2010433 1 1.6495e-01
+3.06303e+04 -5.89241e+04 2010434 1 1.4284e-01
+3.16611e+04 -5.93863e+04 2010435 1 1.3075e-01
+3.26832e+04 -5.98371e+04 2010436 1 1.1913e-01
+3.36972e+04 -6.02755e+04 2010437 1 1.0711e-01
+3.47017e+04 -6.07006e+04 2010438 1 9.4247e-02
+3.57009e+04 -6.11113e+04 2010439 1 9.1033e-02
+3.66969e+04 -6.15068e+04 2010440 1 9.0786e-02
+3.76901e+04 -6.18865e+04 2010441 1 9.2166e-02
+3.86818e+04 -6.22500e+04 2010442 1 9.7283e-02
+3.96731e+04 -6.25972e+04 2010443 1 1.0519e-01
+4.06649e+04 -6.29278e+04 2010444 1 1.1602e-01
+4.16580e+04 -6.32417e+04 2010445 1 1.2746e-01
+4.26535e+04 -6.35388e+04 2010446 1 1.3949e-01
+4.36522e+04 -6.38193e+04 2010447 1 1.5172e-01
+4.46548e+04 -6.40832e+04 2010448 1 1.6399e-01
+4.56619e+04 -6.43308e+04 2010449 1 1.7318e-01
+4.66743e+04 -6.45618e+04 2010450 1 1.7981e-01
+2.66802e+04 -7.34047e+04 10847 1 3.7689e-01
+4.66069e+04 -5.05226e+04 4010037 1 1.2433e-01
+2.31887e+01 -4.93112e+04 2010451 1 2.6061e-01
+1.89238e+04 -7.36457e+04 10719 0 4.8712e-01
+1.50690e+03 -4.93354e+04 2010452 1 2.6257e-01
+2.98722e+03 -4.94019e+04 2010453 1 2.6579e-01
+4.46117e+03 -4.95100e+04 2010454 1 2.7002e-01
+5.92572e+03 -4.96593e+04 2010455 1 2.7677e-01
+7.37767e+03 -4.98491e+04 2010456 1 2.8421e-01
+8.81455e+03 -5.00772e+04 2010457 1 2.9101e-01
+1.02341e+04 -5.03412e+04 2010458 1 2.9699e-01
+1.16343e+04 -5.06389e+04 2010459 1 3.0271e-01
+1.30132e+04 -5.09679e+04 2010460 1 3.0677e-01
+1.43694e+04 -5.13252e+04 2010461 1 3.0894e-01
+1.57019e+04 -5.17079e+04 2010462 1 3.0952e-01
+1.70103e+04 -5.21130e+04 2010463 1 3.0766e-01
+1.82939e+04 -5.25376e+04 2010464 1 3.0363e-01
+1.95527e+04 -5.29785e+04 2010465 1 2.9832e-01
+2.07872e+04 -5.34328e+04 2010466 1 2.9038e-01
+2.19973e+04 -5.38977e+04 2010467 1 2.8034e-01
+2.31844e+04 -5.43703e+04 2010468 1 2.6970e-01
+2.43493e+04 -5.48479e+04 2010469 1 2.5613e-01
+2.54925e+04 -5.53283e+04 2010470 1 2.4236e-01
+2.66163e+04 -5.58086e+04 2010471 1 2.2790e-01
+2.77212e+04 -5.62870e+04 2010472 1 2.0914e-01
+2.88087e+04 -5.67614e+04 2010473 1 1.9546e-01
+2.98815e+04 -5.72296e+04 2010474 1 1.7999e-01
+3.09394e+04 -5.76903e+04 2010475 1 1.5908e-01
+3.19842e+04 -5.81420e+04 2010476 1 1.4692e-01
+3.30195e+04 -5.85830e+04 2010477 1 1.3449e-01
+3.40458e+04 -5.90122e+04 2010478 1 1.2071e-01
+3.50619e+04 -5.94290e+04 2010479 1 1.0580e-01
+3.60719e+04 -5.98321e+04 2010480 1 1.0069e-01
+3.70776e+04 -6.02209e+04 2010481 1 9.8272e-02
+3.80796e+04 -6.05948e+04 2010482 1 9.8444e-02
+3.90789e+04 -6.09533e+04 2010483 1 9.9694e-02
+4.00768e+04 -6.12960e+04 2010484 1 1.0256e-01
+4.10743e+04 -6.16226e+04 2010485 1 1.0822e-01
+4.20720e+04 -6.19330e+04 2010486 1 1.1645e-01
+4.30711e+04 -6.22274e+04 2010487 1 1.2548e-01
+4.40724e+04 -6.25058e+04 2010488 1 1.3524e-01
+4.50765e+04 -6.27683e+04 2010489 1 1.4621e-01
+4.60841e+04 -6.30152e+04 2010490 1 1.5672e-01
+4.51218e+04 -7.11909e+04 3010195 1 3.1256e-01
+2.57881e+04 -7.29010e+04 10846 1 3.6483e-01
+1.53504e+04 -7.31272e+04 10675 0 3.8965e-01
+1.45643e+04 -7.26390e+04 10674 0 3.8045e-01
+1.21361e+04 -7.30771e+04 10631 0 3.6174e-01
+1.28877e+04 -7.35017e+04 10632 0 3.5836e-01
+1.13874e+04 -7.26686e+04 10630 0 3.6456e-01
+7.41176e+03 -4.88653e+04 2010497 1 2.8741e-01
+8.85675e+03 -4.90846e+04 2010498 1 2.9402e-01
+8.56381e+03 -7.32594e+04 10586 0 4.2142e-01
+9.27669e+03 -7.35762e+04 10587 0 4.1286e-01
+1.02851e+04 -4.93386e+04 2010499 1 2.9987e-01
+1.16947e+04 -4.96251e+04 2010500 1 3.0572e-01
+1.30836e+04 -4.99419e+04 2010501 1 3.0984e-01
+1.44506e+04 -5.02862e+04 2010502 1 3.1242e-01
+1.57948e+04 -5.06552e+04 2010503 1 3.1320e-01
+1.71154e+04 -5.10460e+04 2010504 1 3.1189e-01
+1.84119e+04 -5.14559e+04 2010505 1 3.0878e-01
+1.96842e+04 -5.18819e+04 2010506 1 3.0398e-01
+2.09325e+04 -5.23211e+04 2010507 1 2.9664e-01
+2.21570e+04 -5.27710e+04 2010508 1 2.8798e-01
+2.33588e+04 -5.32287e+04 2010509 1 2.7794e-01
+2.45384e+04 -5.36917e+04 2010510 1 2.6497e-01
+2.56967e+04 -5.41577e+04 2010511 1 2.5269e-01
+2.68355e+04 -5.46241e+04 2010512 1 2.3876e-01
+2.79551e+04 -5.50891e+04 2010513 1 2.2165e-01
+2.90573e+04 -5.55506e+04 2010514 1 2.0815e-01
+3.01444e+04 -5.60066e+04 2010515 1 1.9297e-01
+3.12161e+04 -5.64558e+04 2010516 1 1.7292e-01
+3.22744e+04 -5.68966e+04 2010517 1 1.6073e-01
+3.33224e+04 -5.73275e+04 2010518 1 1.4845e-01
+3.43608e+04 -5.77472e+04 2010519 1 1.3407e-01
+3.53883e+04 -5.81552e+04 2010520 1 1.1794e-01
+3.64089e+04 -5.85503e+04 2010521 1 1.1115e-01
+3.74244e+04 -5.89318e+04 2010522 1 1.0655e-01
+3.84352e+04 -5.92991e+04 2010523 1 1.0446e-01
+3.94424e+04 -5.96519e+04 2010524 1 1.0417e-01
+4.04473e+04 -5.99897e+04 2010525 1 1.0511e-01
+4.14507e+04 -6.03122e+04 2010526 1 1.0882e-01
+4.24534e+04 -6.06193e+04 2010527 1 1.1368e-01
+4.34565e+04 -6.09108e+04 2010528 1 1.1839e-01
+4.44609e+04 -6.11867e+04 2010529 1 1.2480e-01
+4.54672e+04 -6.14474e+04 2010530 1 1.3296e-01
+4.64760e+04 -6.16930e+04 2010531 1 1.4149e-01
+1.72794e+04 -7.25756e+04 10717 0 4.5487e-01
+1.64641e+04 -7.20462e+04 10716 0 4.3907e-01
+1.30003e+04 -7.16998e+04 10672 0 3.6570e-01
+1.37815e+04 -7.21624e+04 10673 0 3.7119e-01
+1.06403e+04 -7.22778e+04 10629 0 3.6897e-01
+9.89351e+03 -7.19058e+04 10628 0 3.7222e-01
+7.85237e+03 -7.29632e+04 10585 0 4.2890e-01
+5.72087e+03 -7.22107e+04 10582 0 4.4796e-01
+1.31409e+04 -4.89197e+04 2010542 1 3.1173e-01
+7.14195e+03 -7.26896e+04 10584 0 4.3636e-01
+1.45174e+04 -4.92508e+04 2010543 1 3.1447e-01
+1.58718e+04 -4.96060e+04 2010544 1 3.1551e-01
+1.72032e+04 -4.99824e+04 2010545 1 3.1447e-01
+1.85112e+04 -5.03775e+04 2010546 1 3.1225e-01
+1.97957e+04 -5.07884e+04 2010547 1 3.0792e-01
+2.10566e+04 -5.12125e+04 2010548 1 3.0115e-01
+2.22942e+04 -5.16472e+04 2010549 1 2.9376e-01
+2.35095e+04 -5.20897e+04 2010550 1 2.8435e-01
+2.47028e+04 -5.25378e+04 2010551 1 2.7236e-01
+2.58751e+04 -5.29891e+04 2010552 1 2.6117e-01
+2.70278e+04 -5.34413e+04 2010553 1 2.4782e-01
+2.81613e+04 -5.38926e+04 2010554 1 2.3217e-01
+2.92775e+04 -5.43409e+04 2010555 1 2.1915e-01
+3.03781e+04 -5.47842e+04 2010556 1 2.0437e-01
+3.14629e+04 -5.52215e+04 2010557 1 1.8538e-01
+3.25342e+04 -5.56510e+04 2010558 1 1.7316e-01
+3.35946e+04 -5.60713e+04 2010559 1 1.6075e-01
+3.46446e+04 -5.64812e+04 2010560 1 1.4605e-01
+3.56833e+04 -5.68802e+04 2010561 1 1.2964e-01
+3.67143e+04 -5.72670e+04 2010562 1 1.2195e-01
+3.77395e+04 -5.76408e+04 2010563 1 1.1568e-01
+3.87591e+04 -5.80012e+04 2010564 1 1.1139e-01
+3.97744e+04 -5.83477e+04 2010565 1 1.0909e-01
+4.07864e+04 -5.86800e+04 2010566 1 1.0828e-01
+4.17961e+04 -5.89978e+04 2010567 1 1.0977e-01
+4.28042e+04 -5.93008e+04 2010568 1 1.1282e-01
+4.38116e+04 -5.95891e+04 2010569 1 1.1677e-01
+4.48194e+04 -5.98626e+04 2010570 1 1.2095e-01
+4.58283e+04 -6.01214e+04 2010571 1 1.2557e-01
+4.68388e+04 -6.03654e+04 2010572 1 1.3034e-01
+1.84706e+04 -7.16183e+04 10758 1 4.1628e-01
+2.21336e+04 -7.23161e+04 10802 1 3.8212e-01
+2.49078e+04 -7.23835e+04 10845 1 3.4831e-01
+1.93078e+04 -7.21706e+04 10759 1 4.3414e-01
+1.56506e+04 -7.15241e+04 10715 0 4.2315e-01
+1.48369e+04 -7.10115e+04 10714 0 4.0526e-01
+1.22185e+04 -7.12524e+04 10671 0 3.5889e-01
+1.14356e+04 -7.08232e+04 10670 0 3.4962e-01
+9.86039e+03 -7.00261e+04 10668 0 3.4219e-01
+1.06501e+04 -7.04143e+04 10669 0 3.4671e-01
+9.14649e+03 -7.15551e+04 10627 0 3.7422e-01
+8.39818e+03 -7.12266e+04 10626 0 3.7884e-01
+7.64769e+03 -7.09210e+04 10625 0 3.8140e-01
+6.89526e+03 -7.06413e+04 10624 0 3.8271e-01
+6.43141e+03 -7.24379e+04 10583 0 4.4307e-01
+4.29800e+03 -7.18313e+04 10580 0 4.5782e-01
+1.72755e+04 -4.89221e+04 2010586 1 3.1616e-01
+5.00991e+03 -7.20087e+04 10581 0 4.5363e-01
+1.85938e+04 -4.93023e+04 2010587 1 3.1434e-01
+3.37038e+03 -7.37103e+04 10538 0 5.2195e-01
+1.98891e+04 -4.96981e+04 2010588 1 3.1038e-01
+2.11614e+04 -5.01069e+04 2010589 1 3.0457e-01
+2.24111e+04 -5.05262e+04 2010590 1 2.9790e-01
+2.36387e+04 -5.09535e+04 2010591 1 2.8902e-01
+2.48446e+04 -5.13866e+04 2010592 1 2.7846e-01
+2.60299e+04 -5.18231e+04 2010593 1 2.6795e-01
+2.71956e+04 -5.22608e+04 2010594 1 2.5520e-01
+2.83421e+04 -5.26982e+04 2010595 1 2.4100e-01
+2.94714e+04 -5.31329e+04 2010596 1 2.2850e-01
+3.05848e+04 -5.35633e+04 2010597 1 2.1401e-01
+3.16822e+04 -5.39884e+04 2010598 1 1.9633e-01
+3.27659e+04 -5.44062e+04 2010599 1 1.8426e-01
+3.38380e+04 -5.48155e+04 2010600 1 1.7186e-01
+3.48994e+04 -5.52151e+04 2010601 1 1.5690e-01
+3.59489e+04 -5.56046e+04 2010602 1 1.4041e-01
+3.69902e+04 -5.59827e+04 2010603 1 1.3211e-01
+3.80248e+04 -5.63486e+04 2010604 1 1.2505e-01
+3.90533e+04 -5.67018e+04 2010605 1 1.1948e-01
+4.00766e+04 -5.70418e+04 2010606 1 1.1515e-01
+4.10958e+04 -5.73681e+04 2010607 1 1.1240e-01
+4.21119e+04 -5.76807e+04 2010608 1 1.1175e-01
+4.31257e+04 -5.79793e+04 2010609 1 1.1293e-01
+4.41380e+04 -5.82637e+04 2010610 1 1.1520e-01
+4.51497e+04 -5.85341e+04 2010611 1 1.1802e-01
+4.61616e+04 -5.87904e+04 2010612 1 1.2140e-01
+2.69821e+03 -7.36009e+04 10537 0 5.2602e-01
+1.67964e+04 -7.05213e+04 10756 1 3.8124e-01
+1.76347e+04 -7.10678e+04 10757 1 3.9935e-01
+1.40214e+04 -7.05116e+04 10713 0 3.9054e-01
+1.32020e+04 -7.00258e+04 10712 0 3.7552e-01
+1.23770e+04 -6.95566e+04 10711 0 3.5921e-01
+9.06631e+03 -6.96615e+04 10667 0 3.3451e-01
+8.26779e+03 -6.93236e+04 10666 0 3.3118e-01
+7.46338e+03 -6.90113e+04 10665 0 3.2922e-01
+6.65322e+03 -6.87268e+04 10664 0 3.2527e-01
+6.14024e+03 -7.03880e+04 10623 0 3.8652e-01
+5.38212e+03 -7.01609e+04 10622 0 3.8880e-01
+4.62153e+03 -6.99633e+04 10621 0 3.8945e-01
+3.58557e+03 -7.16817e+04 10579 0 4.6105e-01
+2.02607e+03 -7.35141e+04 10536 0 5.2876e-01
+2.12489e+04 -4.90044e+04 2010630 1 3.0674e-01
+2.87206e+03 -7.15581e+04 10578 0 4.6447e-01
+1.35428e+03 -7.34540e+04 10535 0 5.3055e-01
+2.25095e+04 -4.94083e+04 2010631 1 3.0055e-01
+2.37484e+04 -4.98202e+04 2010632 1 2.9228e-01
+2.49659e+04 -5.02382e+04 2010633 1 2.8303e-01
+2.61632e+04 -5.06597e+04 2010634 1 2.7309e-01
+2.73410e+04 -5.10829e+04 2010635 1 2.6091e-01
+2.84997e+04 -5.15061e+04 2010636 1 2.4822e-01
+2.96413e+04 -5.19272e+04 2010637 1 2.3624e-01
+3.07668e+04 -5.23445e+04 2010638 1 2.2227e-01
+3.18760e+04 -5.27569e+04 2010639 1 2.0586e-01
+3.29715e+04 -5.31629e+04 2010640 1 1.9396e-01
+3.40550e+04 -5.35608e+04 2010641 1 1.8178e-01
+3.51272e+04 -5.39499e+04 2010642 1 1.6671e-01
+3.61872e+04 -5.43296e+04 2010643 1 1.5042e-01
+3.72384e+04 -5.46985e+04 2010644 1 1.4158e-01
+3.82824e+04 -5.50560e+04 2010645 1 1.3375e-01
+3.93196e+04 -5.54016e+04 2010646 1 1.2737e-01
+4.03508e+04 -5.57346e+04 2010647 1 1.2193e-01
+4.13773e+04 -5.60549e+04 2010648 1 1.1788e-01
+4.24000e+04 -5.63619e+04 2010649 1 1.1533e-01
+4.34196e+04 -5.66556e+04 2010650 1 1.1424e-01
+4.44369e+04 -5.69358e+04 2010651 1 1.1487e-01
+4.54528e+04 -5.72025e+04 2010652 1 1.1630e-01
+4.64682e+04 -5.74558e+04 2010653 1 1.1839e-01
+2.12778e+04 -7.17641e+04 10801 1 3.6056e-01
+2.04249e+04 -7.12062e+04 10800 1 3.4457e-01
+2.40313e+04 -7.18506e+04 10844 1 3.2477e-01
+1.59544e+04 -6.99815e+04 10755 1 3.6503e-01
+1.51061e+04 -6.94513e+04 10754 1 3.4806e-01
+1.42499e+04 -6.89333e+04 10753 1 3.3197e-01
+1.33846e+04 -6.84302e+04 10752 1 3.1793e-01
+1.25076e+04 -6.79451e+04 10751 1 2.9969e-01
+1.07074e+04 -6.86815e+04 10709 0 3.3003e-01
+1.15460e+04 -6.91083e+04 10710 0 3.4192e-01
+9.85991e+03 -6.82781e+04 10708 0 3.1849e-01
+9.00344e+03 -6.79008e+04 10707 0 3.0309e-01
+8.13852e+03 -6.75541e+04 10706 0 2.8464e-01
+6.38078e+03 -6.69530e+04 10704 0 2.6978e-01
+5.83813e+03 -6.84743e+04 10663 0 3.1912e-01
+7.26431e+03 -6.72378e+04 10705 0 2.7708e-01
+4.19203e+03 -6.80624e+04 10661 0 3.1778e-01
+5.01767e+03 -6.82528e+04 10662 0 3.1880e-01
+3.09243e+03 -6.96558e+04 10619 0 3.9328e-01
+1.44274e+03 -7.13940e+04 10576 0 4.6764e-01
+2.32454e+03 -6.95484e+04 10618 0 3.9230e-01
+3.85834e+03 -6.97953e+04 10620 0 3.9193e-01
+2.50685e+04 -4.90928e+04 2010674 1 2.8616e-01
+2.15764e+03 -7.14609e+04 10577 0 4.6623e-01
+2.62769e+04 -4.94993e+04 2010675 1 2.7682e-01
+2.74658e+04 -4.99079e+04 2010676 1 2.6504e-01
+2.86359e+04 -5.03168e+04 2010677 1 2.5369e-01
+2.97890e+04 -5.07240e+04 2010678 1 2.4218e-01
+3.09258e+04 -5.11280e+04 2010679 1 2.2867e-01
+3.20463e+04 -5.15278e+04 2010680 1 2.1372e-01
+3.31530e+04 -5.19215e+04 2010681 1 2.0240e-01
+3.42472e+04 -5.23080e+04 2010682 1 1.9045e-01
+3.53298e+04 -5.26862e+04 2010683 1 1.7542e-01
+3.64000e+04 -5.30557e+04 2010684 1 1.5964e-01
+3.74609e+04 -5.34152e+04 2010685 1 1.5047e-01
+3.85139e+04 -5.37639e+04 2010686 1 1.4210e-01
+3.95597e+04 -5.41014e+04 2010687 1 1.3469e-01
+4.05988e+04 -5.44271e+04 2010688 1 1.2844e-01
+4.16326e+04 -5.47407e+04 2010689 1 1.2334e-01
+4.26618e+04 -5.50419e+04 2010690 1 1.1961e-01
+4.36873e+04 -5.53304e+04 2010691 1 1.1764e-01
+4.47098e+04 -5.56061e+04 2010692 1 1.1644e-01
+4.57302e+04 -5.58688e+04 2010693 1 1.1601e-01
+4.67493e+04 -5.61186e+04 2010694 1 1.1681e-01
+2.31602e+04 -7.13063e+04 10843 1 3.0690e-01
+1.95713e+04 -7.06442e+04 10799 1 3.2165e-01
+1.87151e+04 -7.00812e+04 10798 1 3.0212e-01
+1.78544e+04 -6.95200e+04 10797 1 2.8601e-01
+1.69858e+04 -6.89630e+04 10796 1 2.6872e-01
+1.61080e+04 -6.84129e+04 10795 1 2.5371e-01
+1.16186e+04 -6.74823e+04 10750 1 2.8472e-01
+1.52177e+04 -6.78731e+04 10794 1 2.4379e-01
+1.07166e+04 -6.70434e+04 10749 1 2.7347e-01
+9.80084e+03 -6.66306e+04 10748 1 2.6111e-01
+8.87159e+03 -6.62466e+04 10747 1 2.4896e-01
+7.92854e+03 -6.58941e+04 10746 1 2.3653e-01
+6.97211e+03 -6.55779e+04 10745 1 2.1646e-01
+6.00359e+03 -6.53012e+04 10744 1 2.0707e-01
+5.48868e+03 -6.67018e+04 10703 0 2.6197e-01
+3.36216e+03 -6.79057e+04 10660 0 3.1413e-01
+4.58902e+03 -6.64874e+04 10702 0 2.4022e-01
+2.77156e+03 -6.61779e+04 10700 0 2.3368e-01
+3.68335e+03 -6.63135e+04 10701 0 2.3680e-01
+1.55493e+03 -6.94732e+04 10617 0 3.9343e-01
+2.87525e+04 -4.91304e+04 2010718 1 2.5773e-01
+2.99163e+04 -4.95237e+04 2010719 1 2.4671e-01
+3.10637e+04 -4.99142e+04 2010720 1 2.3351e-01
+3.21949e+04 -5.03011e+04 2010721 1 2.2001e-01
+3.33121e+04 -5.06825e+04 2010722 1 2.0900e-01
+3.44166e+04 -5.10573e+04 2010723 1 1.9751e-01
+3.55092e+04 -5.14244e+04 2010724 1 1.8282e-01
+3.65890e+04 -5.17835e+04 2010725 1 1.6791e-01
+3.76592e+04 -5.21332e+04 2010726 1 1.5861e-01
+3.87210e+04 -5.24729e+04 2010727 1 1.4994e-01
+3.97751e+04 -5.28019e+04 2010728 1 1.4177e-01
+4.08221e+04 -5.31200e+04 2010729 1 1.3481e-01
+4.18630e+04 -5.34266e+04 2010730 1 1.2878e-01
+4.28988e+04 -5.37214e+04 2010731 1 1.2400e-01
+4.39303e+04 -5.40042e+04 2010732 1 1.2094e-01
+4.49581e+04 -5.42749e+04 2010733 1 1.1897e-01
+4.59831e+04 -5.45333e+04 2010734 1 1.1768e-01
+2.52894e+03 -6.77872e+04 10659 0 3.1147e-01
+8.53231e+02 -6.76488e+04 10657 0 3.1030e-01
+1.43146e+04 -6.73467e+04 10793 1 2.3463e-01
+2.22917e+04 -7.07527e+04 10842 1 2.8099e-01
+1.87876e+04 -6.84834e+04 10838 1 2.0867e-01
+2.14221e+04 -7.01911e+04 10841 1 2.6038e-01
+1.78918e+04 -6.79158e+04 10837 1 2.0071e-01
+1.96725e+04 -6.90536e+04 10839 1 2.2254e-01
+2.05506e+04 -6.96241e+04 10840 1 2.4315e-01
+1.69843e+04 -6.73537e+04 10836 1 1.9375e-01
+1.60619e+04 -6.68001e+04 10835 1 1.8981e-01
+1.24616e+04 -6.63460e+04 10791 1 2.1911e-01
+1.33962e+04 -6.68366e+04 10792 1 2.2798e-01
+1.15100e+04 -6.58781e+04 10790 1 2.1230e-01
+1.05397e+04 -6.54379e+04 10789 1 2.0378e-01
+9.55145e+03 -6.50284e+04 10788 1 1.9641e-01
+7.52217e+03 -6.43111e+04 10786 1 1.8415e-01
+8.54553e+03 -6.46517e+04 10787 1 1.9056e-01
+5.42871e+03 -6.37491e+04 10784 1 1.6992e-01
+6.48272e+03 -6.40093e+04 10785 1 1.7696e-01
+4.03435e+03 -6.48655e+04 10742 1 1.9148e-01
+5.02388e+03 -6.50633e+04 10743 1 1.9818e-01
+3.28393e+03 -6.33633e+04 10782 1 1.6062e-01
+1.85502e+03 -6.60809e+04 10699 0 2.3112e-01
+3.03632e+03 -6.47113e+04 10741 1 1.8635e-01
+9.35410e+02 -6.60212e+04 10698 0 2.2909e-01
+1.02487e+03 -6.45342e+04 10739 1 1.7871e-01
+3.23232e+04 -4.90773e+04 2010762 1 2.2511e-01
+1.20636e+01 -6.94063e+04 10615 0 3.9340e-01
+3.34504e+04 -4.94462e+04 2010763 1 2.1449e-01
+3.45647e+04 -4.98090e+04 2010764 1 2.0336e-01
+3.56666e+04 -5.01648e+04 2010765 1 1.8886e-01
+3.67558e+04 -5.05133e+04 2010766 1 1.7489e-01
+3.78349e+04 -5.08531e+04 2010767 1 1.6574e-01
+3.89053e+04 -5.11834e+04 2010768 1 1.5710e-01
+3.99675e+04 -5.15037e+04 2010769 1 1.4856e-01
+4.10221e+04 -5.18137e+04 2010770 1 1.4090e-01
+4.20700e+04 -5.21130e+04 2010771 1 1.3421e-01
+4.31123e+04 -5.24011e+04 2010772 1 1.2862e-01
+4.41498e+04 -5.26779e+04 2010773 1 1.2448e-01
+4.51830e+04 -5.29431e+04 2010774 1 1.2160e-01
+4.62128e+04 -5.31967e+04 2010775 1 1.1962e-01
+1.05003e+01 -7.34002e+04 10533 0 5.3234e-01
+7.27066e+02 -7.13517e+04 10575 0 4.6864e-01
+1.11895e+01 -7.13338e+04 10574 0 4.6899e-01
+1.41648e+04 -6.57326e+04 10833 1 1.8746e-01
+1.31873e+04 -6.52258e+04 10832 1 1.8581e-01
+1.21899e+04 -6.47416e+04 10831 1 1.8468e-01
+1.51225e+04 -6.62584e+04 10834 1 1.8637e-01
+1.01311e+04 -6.38553e+04 10829 1 1.7904e-01
+1.11711e+04 -6.42836e+04 10830 1 1.8297e-01
+7.98919e+03 -6.31022e+04 10827 1 1.7097e-01
+9.07041e+03 -6.34603e+04 10828 1 1.7520e-01
+6.88898e+03 -6.27845e+04 10826 1 1.6599e-01
+4.63905e+03 -6.22820e+04 10824 1 1.5762e-01
+5.77157e+03 -6.25101e+04 10825 1 1.6137e-01
+2.34022e+03 -6.19737e+04 10822 1 1.5162e-01
+4.36171e+03 -6.35328e+04 10783 1 1.6485e-01
+3.49415e+03 -6.21027e+04 10823 1 1.5426e-01
+1.70686e+01 -6.31426e+04 10779 1 1.5502e-01
+2.19865e+03 -6.32418e+04 10781 1 1.5761e-01
+2.03235e+03 -6.46012e+04 10740 1 1.8197e-01
+1.69227e+03 -6.77019e+04 10658 0 3.1087e-01
+1.57766e+01 -6.45100e+04 10738 1 1.7670e-01
+1.18057e+03 -6.18955e+04 10821 1 1.4994e-01
+3.69018e+04 -4.92455e+04 2010807 1 1.8094e-01
+3.79895e+04 -4.95750e+04 2010808 1 1.7189e-01
+1.31335e+01 -6.76279e+04 10656 0 3.0956e-01
+3.90681e+04 -4.98958e+04 2010809 1 1.6328e-01
+1.10890e+03 -6.31682e+04 10780 1 1.5576e-01
+4.01381e+04 -5.02072e+04 2010810 1 1.5478e-01
+4.12001e+04 -5.05088e+04 2010811 1 1.4673e-01
+1.81700e+01 -6.18689e+04 10820 1 1.4878e-01
+1.43996e+01 -6.59987e+04 10697 0 2.2794e-01
+4.22550e+04 -5.08004e+04 2010812 1 1.3954e-01
+4.33037e+04 -5.10815e+04 2010813 1 1.3329e-01
+4.43471e+04 -5.13518e+04 2010814 1 1.2827e-01
+4.53858e+04 -5.16112e+04 2010815 1 1.2457e-01
+4.64204e+04 -5.18596e+04 2010816 1 1.2179e-01
+6.82347e+02 -7.34166e+04 10534 0 5.3202e-01
+7.83792e+02 -6.94258e+04 10616 0 3.9374e-01
