+4.69097e+04 -4.71466e+04 4010159 1 1.7341e-01
+4.99275e+04 -4.78887e+04 4010162 1 1.6561e-01
+8.06798e+04 -2.61547e+04 7010028 1 1.5811e-01
+8.16596e+04 -2.61676e+04 7010029 1 1.5792e-01
+5.87296e+04 -2.53238e+04 7010006 1 1.7438e-01
+4.70632e+04 -4.57794e+04 4010200 1 1.7525e-01
+5.56214e+04 -2.50958e+04 7010003 1 1.8110e-01
+5.09265e+04 -4.81110e+04 4010163 1 1.6539e-01
+5.11013e+04 -4.67196e+04 4010204 1 1.6468e-01
+6.28121e+04 -2.55765e+04 7010010 1 1.6808e-01
+6.38235e+04 -2.56311e+04 7010011 1 1.6687e-01
+5.12547e+04 -4.53287e+04 4010245 1 1.6441e-01
+6.48317e+04 -2.56825e+04 7010012 1 1.6579e-01
+5.15008e+04 -4.25503e+04 4010327 1 1.6512e-01
+5.13877e+04 -4.39388e+04 4010286 1 1.6454e-01
+4.79198e+04 -4.74066e+04 4010160 1 1.6952e-01
+5.15949e+04 -4.11634e+04 4010368 1 1.6612e-01
+5.17985e+04 -3.42638e+04 4010573 1 1.7398e-01
+5.16705e+04 -3.97785e+04 4010409 1 1.6738e-01
+7.08259e+04 -2.59291e+04 7010018 1 1.6137e-01
+5.17890e+04 -3.28924e+04 4010614 1 1.7602e-01
+8.26389e+04 -2.61790e+04 7010030 1 1.5776e-01
+7.18174e+04 -2.59609e+04 7010019 1 1.6087e-01
+8.36176e+04 -2.61891e+04 7010031 1 1.5762e-01
+5.17282e+04 -3.83958e+04 4010450 1 1.6880e-01
+7.28073e+04 -2.59905e+04 7010020 1 1.6042e-01
+8.45958e+04 -2.61979e+04 7010032 1 1.5753e-01
+7.37955e+04 -2.60178e+04 7010021 1 1.6001e-01
+5.76985e+04 -2.52516e+04 7010005 1 1.7641e-01
+8.55736e+04 -2.62053e+04 7010033 1 1.5742e-01
+5.97563e+04 -2.53923e+04 7010007 1 1.7255e-01
+5.17635e+04 -3.15243e+04 4010655 1 1.7827e-01
+7.47824e+04 -2.60430e+04 7010022 1 1.5965e-01
+8.65511e+04 -2.62116e+04 7010034 1 1.5732e-01
+6.07787e+04 -2.54572e+04 7010008 1 1.7089e-01
+5.17685e+04 -3.70157e+04 4010491 1 1.7037e-01
+5.15920e+04 -2.74410e+04 4010778 1 1.8629e-01
+8.75283e+04 -2.62167e+04 7010035 1 1.5723e-01
+6.17972e+04 -2.55186e+04 7010009 1 1.6942e-01
+8.85052e+04 -2.62206e+04 7010036 1 1.5717e-01
+7.57679e+04 -2.60661e+04 7010023 1 1.5933e-01
+5.17220e+04 -3.01596e+04 4010696 1 1.8071e-01
+8.94820e+04 -2.62234e+04 7010037 1 1.5712e-01
+9.04587e+04 -2.62250e+04 7010038 1 1.5710e-01
+5.17918e+04 -3.56383e+04 4010532 1 1.7210e-01
+5.35226e+04 -2.49246e+04 7010001 1 1.8652e-01
+5.45749e+04 -2.50122e+04 7010002 1 1.8379e-01
+5.24642e+04 -2.48330e+04 7010000 1 1.8947e-01
+6.58370e+04 -2.57307e+04 7010013 1 1.6481e-01
+6.68395e+04 -2.57760e+04 7010014 1 1.6396e-01
+7.67522e+04 -2.60873e+04 7010024 1 1.5905e-01
+6.78395e+04 -2.58183e+04 7010015 1 1.6319e-01
+7.77355e+04 -2.61067e+04 7010025 1 1.5880e-01
+6.88371e+04 -2.58579e+04 7010016 1 1.6252e-01
+7.87178e+04 -2.61243e+04 7010026 1 1.5855e-01
+7.96992e+04 -2.61403e+04 7010027 1 1.5832e-01
+5.66625e+04 -2.51756e+04 7010004 1 1.7865e-01
+6.98325e+04 -2.58948e+04 7010017 1 1.6190e-01
+4.89255e+04 -4.76539e+04 4010161 1 1.6695e-01
+4.80794e+04 -4.60324e+04 4010201 1 1.7085e-01
+4.90907e+04 -4.62733e+04 4010202 1 1.6734e-01
+4.92345e+04 -4.48941e+04 4010243 1 1.6845e-01
+5.00978e+04 -4.65023e+04 4010203 1 1.6546e-01
+4.94613e+04 -4.21411e+04 4010325 1 1.7126e-01
+4.93578e+04 -4.35166e+04 4010284 1 1.6979e-01
+5.02467e+04 -4.51170e+04 4010244 1 1.6568e-01
+5.03750e+04 -4.37330e+04 4010285 1 1.6645e-01
+4.95459e+04 -4.07679e+04 4010366 1 1.7285e-01
+5.04836e+04 -4.23507e+04 4010326 1 1.6764e-01
+4.97038e+04 -3.39447e+04 4010571 1 1.8228e-01
+4.96120e+04 -3.93974e+04 4010407 1 1.7457e-01
+5.05731e+04 -4.09704e+04 4010367 1 1.6900e-01
+5.06441e+04 -3.95924e+04 4010408 1 1.7049e-01
+4.96604e+04 -3.80296e+04 4010448 1 1.7637e-01
+5.07546e+04 -3.41077e+04 4010572 1 1.7772e-01
+5.06973e+04 -3.82169e+04 4010449 1 1.7209e-01
+5.07111e+04 -3.13841e+04 4010654 1 1.8217e-01
+5.07521e+04 -3.54744e+04 4010531 1 1.7573e-01
+5.07332e+04 -3.68442e+04 4010490 1 1.7385e-01
+5.06045e+04 -2.86746e+04 4010736 1 1.8723e-01
+5.06656e+04 -3.00276e+04 4010695 1 1.8465e-01
+5.05278e+04 -2.73253e+04 4010777 1 1.8997e-01
+5.07408e+04 -3.27442e+04 4010613 1 1.7988e-01
+5.03276e+04 -2.46380e+04 6010039 1 1.9636e-01
+5.13993e+04 -2.47375e+04 6010040 1 1.9271e-01
+5.04355e+04 -2.59797e+04 4010818 1 1.9299e-01
+5.16649e+04 -2.87985e+04 4010737 1 1.8344e-01
+5.15035e+04 -2.60873e+04 4010819 1 1.8933e-01
+4.71953e+04 -4.44143e+04 4010241 1 1.7716e-01
+4.73994e+04 -4.16917e+04 4010323 1 1.8116e-01
+4.73071e+04 -4.30516e+04 4010282 1 1.7914e-01
+4.82176e+04 -4.46599e+04 4010242 1 1.7237e-01
+4.83354e+04 -4.32895e+04 4010283 1 1.7403e-01
+4.74728e+04 -4.03346e+04 4010364 1 1.8320e-01
+4.75282e+04 -3.89807e+04 4010405 1 1.8520e-01
+4.84335e+04 -4.19214e+04 4010324 1 1.7578e-01
+4.85127e+04 -4.05560e+04 4010365 1 1.7762e-01
+4.85736e+04 -3.91935e+04 4010406 1 1.7953e-01
+4.86169e+04 -3.78339e+04 4010447 1 1.8147e-01
+4.86456e+04 -3.37749e+04 4010570 1 1.8754e-01
+4.86229e+04 -3.24287e+04 4010611 1 1.8958e-01
+4.85845e+04 -3.10860e+04 4010652 1 1.9166e-01
+4.86524e+04 -3.51245e+04 4010529 1 1.8543e-01
+4.86430e+04 -3.64776e+04 4010488 1 1.8343e-01
+4.96516e+04 -3.12380e+04 4010653 1 1.8676e-01
+4.96020e+04 -2.98900e+04 4010694 1 1.8903e-01
+4.97059e+04 -3.53031e+04 4010530 1 1.8025e-01
+4.96916e+04 -3.66648e+04 4010489 1 1.7825e-01
+4.96856e+04 -3.25896e+04 4010612 1 1.8445e-01
+4.94563e+04 -2.72048e+04 4010776 1 1.9417e-01
+4.92487e+04 -2.45346e+04 6010038 1 2.0045e-01
+4.93603e+04 -2.58678e+04 4010817 1 1.9713e-01
+4.95368e+04 -2.85456e+04 4010735 1 1.9148e-01
+8.06536e+04 -2.46991e+04 7010067 1 1.5638e-01
+7.57286e+04 -2.46170e+04 7010062 1 1.5832e-01
+7.77016e+04 -2.46546e+04 7010064 1 1.5746e-01
+8.75190e+04 -2.47566e+04 7010074 1 1.5499e-01
+8.45795e+04 -2.47391e+04 7010071 1 1.5544e-01
+8.65395e+04 -2.47519e+04 7010073 1 1.5511e-01
+8.16360e+04 -2.47110e+04 7010068 1 1.5609e-01
+8.84983e+04 -2.47602e+04 7010075 1 1.5490e-01
+8.94774e+04 -2.47628e+04 7010076 1 1.5483e-01
+8.35989e+04 -2.47310e+04 7010070 1 1.5561e-01
+8.55597e+04 -2.47460e+04 7010072 1 1.5526e-01
+7.86865e+04 -2.46709e+04 7010065 1 1.5706e-01
+9.04564e+04 -2.47643e+04 7010077 1 1.5479e-01
+7.67157e+04 -2.46366e+04 7010063 1 1.5786e-01
+8.26177e+04 -2.47216e+04 7010069 1 1.5583e-01
+7.96705e+04 -2.46857e+04 7010066 1 1.5670e-01
+5.19232e+04 -4.83211e+04 5010117 1 1.6584e-01
+5.29181e+04 -4.85192e+04 5010118 1 1.6666e-01
+5.39118e+04 -4.87056e+04 5010119 1 1.6781e-01
+4.75660e+04 -3.76299e+04 4010446 1 1.8723e-01
+4.75796e+04 -3.35983e+04 4010569 1 1.9309e-01
+4.75869e+04 -3.62826e+04 4010487 1 1.8924e-01
+4.75094e+04 -3.09282e+04 4010651 1 1.9698e-01
+4.75522e+04 -3.22615e+04 4010610 1 1.9501e-01
+4.74514e+04 -2.95986e+04 4010692 1 1.9904e-01
+4.73781e+04 -2.82725e+04 4010733 1 2.0125e-01
+4.70676e+04 -2.43160e+04 6010036 1 2.0950e-01
+4.75912e+04 -3.49387e+04 4010528 1 1.9121e-01
+4.82774e+04 -2.57517e+04 4010816 1 2.0165e-01
+4.84616e+04 -2.84116e+04 4010734 1 1.9620e-01
+4.81622e+04 -2.44272e+04 6010037 1 2.0486e-01
+5.96657e+04 -2.39946e+04 7010046 1 1.7554e-01
+6.06918e+04 -2.40544e+04 7010047 1 1.7362e-01
+5.86354e+04 -2.39315e+04 7010045 1 1.7762e-01
+4.85307e+04 -2.97470e+04 4010693 1 1.9384e-01
+6.27323e+04 -2.41645e+04 7010049 1 1.7025e-01
+6.57674e+04 -2.43069e+04 7010052 1 1.6615e-01
+4.83771e+04 -2.70798e+04 4010775 1 1.9878e-01
+7.17667e+04 -2.45197e+04 7010058 1 1.6065e-01
+6.47588e+04 -2.42623e+04 7010051 1 1.6739e-01
+6.97757e+04 -2.44584e+04 7010056 1 1.6218e-01
+6.17139e+04 -2.41110e+04 7010048 1 1.7187e-01
+7.07722e+04 -2.44902e+04 7010057 1 1.6139e-01
+6.37472e+04 -2.42149e+04 7010050 1 1.6875e-01
+7.37507e+04 -2.45722e+04 7010060 1 1.5937e-01
+6.67732e+04 -2.43487e+04 7010053 1 1.6500e-01
+6.77764e+04 -2.43878e+04 7010054 1 1.6397e-01
+7.47403e+04 -2.45956e+04 7010061 1 1.5882e-01
+7.27595e+04 -2.45470e+04 7010059 1 1.5998e-01
+6.87772e+04 -2.44243e+04 7010055 1 1.6303e-01
+5.21018e+04 -4.69252e+04 5010156 1 1.6472e-01
+5.31000e+04 -4.71194e+04 5010157 1 1.6516e-01
+5.40964e+04 -4.73024e+04 5010158 1 1.6592e-01
+5.50914e+04 -4.74745e+04 5010159 1 1.6692e-01
+5.60854e+04 -4.76360e+04 5010160 1 1.6829e-01
+5.70788e+04 -4.77871e+04 5010161 1 1.6982e-01
+5.80720e+04 -4.79283e+04 5010162 1 1.7152e-01
+5.90653e+04 -4.80600e+04 5010163 1 1.7301e-01
+6.00588e+04 -4.81825e+04 5010164 1 1.7430e-01
+6.10529e+04 -4.82961e+04 5010165 1 1.7537e-01
+6.20478e+04 -4.84014e+04 5010166 1 1.7616e-01
+6.30436e+04 -4.84986e+04 5010167 1 1.7667e-01
+6.40405e+04 -4.85881e+04 5010168 1 1.7686e-01
+6.50387e+04 -4.86704e+04 5010169 1 1.7690e-01
+6.60381e+04 -4.87459e+04 5010170 1 1.7664e-01
+5.65608e+04 -2.37949e+04 7010043 1 1.8231e-01
+4.71863e+04 -2.56313e+04 4010815 1 2.0641e-01
+5.76005e+04 -2.38649e+04 7010044 1 1.7986e-01
+4.72898e+04 -2.69501e+04 4010774 1 2.0370e-01
+5.22593e+04 -4.55294e+04 5010195 1 1.6396e-01
+5.32609e+04 -4.57192e+04 5010196 1 1.6404e-01
+5.42602e+04 -4.58984e+04 5010197 1 1.6445e-01
+5.52575e+04 -4.60672e+04 5010198 1 1.6513e-01
+5.62533e+04 -4.62259e+04 5010199 1 1.6596e-01
+5.72480e+04 -4.63747e+04 5010200 1 1.6715e-01
+5.82420e+04 -4.65140e+04 5010201 1 1.6839e-01
+5.92354e+04 -4.66441e+04 5010202 1 1.6977e-01
+6.02287e+04 -4.67654e+04 5010203 1 1.7097e-01
+6.12220e+04 -4.68782e+04 5010204 1 1.7198e-01
+6.22156e+04 -4.69829e+04 5010205 1 1.7279e-01
+6.32097e+04 -4.70799e+04 5010206 1 1.7334e-01
+6.42044e+04 -4.71694e+04 5010207 1 1.7362e-01
+6.51999e+04 -4.72519e+04 5010208 1 1.7363e-01
+6.61964e+04 -4.73278e+04 5010209 1 1.7348e-01
+6.71938e+04 -4.73974e+04 5010210 1 1.7302e-01
+6.81922e+04 -4.74612e+04 5010211 1 1.7226e-01
+6.91918e+04 -4.75193e+04 5010212 1 1.7121e-01
+7.01925e+04 -4.75723e+04 5010213 1 1.6988e-01
+7.11943e+04 -4.76203e+04 5010214 1 1.6825e-01
+7.21974e+04 -4.76638e+04 5010215 1 1.6637e-01
+7.32017e+04 -4.77031e+04 5010216 1 1.6431e-01
+7.42073e+04 -4.77384e+04 5010217 1 1.6201e-01
+7.52139e+04 -4.77701e+04 5010218 1 1.5938e-01
+7.62217e+04 -4.77985e+04 5010219 1 1.5650e-01
+7.72306e+04 -4.78237e+04 5010220 1 1.5342e-01
+7.82405e+04 -4.78461e+04 5010221 1 1.5016e-01
+7.92514e+04 -4.78659e+04 5010222 1 1.4678e-01
+8.02633e+04 -4.78832e+04 5010223 1 1.4335e-01
+8.12761e+04 -4.78984e+04 5010224 1 1.3999e-01
+8.22896e+04 -4.79116e+04 5010225 1 1.3699e-01
+8.33040e+04 -4.79229e+04 5010226 1 1.3356e-01
+8.43190e+04 -4.79326e+04 5010227 1 1.3011e-01
+8.53346e+04 -4.79407e+04 5010228 1 1.2681e-01
+8.63507e+04 -4.79474e+04 5010229 1 1.2372e-01
+8.73672e+04 -4.79527e+04 5010230 1 1.2094e-01
+8.83841e+04 -4.79567e+04 5010231 1 1.1860e-01
+8.94012e+04 -4.79596e+04 5010232 1 1.1683e-01
+9.04185e+04 -4.79612e+04 5010233 1 1.1575e-01
+5.23964e+04 -4.41342e+04 5010234 1 1.6365e-01
+5.34016e+04 -4.43193e+04 5010235 1 1.6334e-01
+5.44039e+04 -4.44942e+04 5010236 1 1.6341e-01
+5.54037e+04 -4.46593e+04 5010237 1 1.6377e-01
+5.64016e+04 -4.48147e+04 5010238 1 1.6434e-01
+5.73979e+04 -4.49608e+04 5010239 1 1.6506e-01
+5.83929e+04 -4.50977e+04 5010240 1 1.6598e-01
+5.93869e+04 -4.52258e+04 5010241 1 1.6703e-01
+6.03803e+04 -4.53455e+04 5010242 1 1.6814e-01
+6.13733e+04 -4.54570e+04 5010243 1 1.6908e-01
+6.23660e+04 -4.55607e+04 5010244 1 1.6986e-01
+6.33588e+04 -4.56570e+04 5010245 1 1.7045e-01
+6.43519e+04 -4.57461e+04 5010246 1 1.7081e-01
+6.53452e+04 -4.58285e+04 5010247 1 1.7093e-01
+6.63391e+04 -4.59044e+04 5010248 1 1.7081e-01
+6.73337e+04 -4.59742e+04 5010249 1 1.7052e-01
+6.83289e+04 -4.60383e+04 5010250 1 1.6996e-01
+6.93249e+04 -4.60969e+04 5010251 1 1.6912e-01
+7.03217e+04 -4.61505e+04 5010252 1 1.6801e-01
+7.13193e+04 -4.61993e+04 5010253 1 1.6664e-01
+7.23179e+04 -4.62436e+04 5010254 1 1.6503e-01
+7.33174e+04 -4.62838e+04 5010255 1 1.6326e-01
+7.43178e+04 -4.63200e+04 5010256 1 1.6136e-01
+7.53192e+04 -4.63527e+04 5010257 1 1.5919e-01
+7.63215e+04 -4.63821e+04 5010258 1 1.5676e-01
+7.73246e+04 -4.64083e+04 5010259 1 1.5414e-01
+7.83286e+04 -4.64317e+04 5010260 1 1.5137e-01
+7.93335e+04 -4.64524e+04 5010261 1 1.4848e-01
+8.03390e+04 -4.64706e+04 5010262 1 1.4554e-01
+8.13454e+04 -4.64866e+04 5010263 1 1.4263e-01
+8.23524e+04 -4.65006e+04 5010264 1 1.3991e-01
+8.33601e+04 -4.65127e+04 5010265 1 1.3731e-01
+8.43683e+04 -4.65231e+04 5010266 1 1.3442e-01
+8.53770e+04 -4.65318e+04 5010267 1 1.3167e-01
+8.63861e+04 -4.65390e+04 5010268 1 1.2914e-01
+8.73956e+04 -4.65447e+04 5010269 1 1.2689e-01
+8.84054e+04 -4.65491e+04 5010270 1 1.2503e-01
+8.94154e+04 -4.65522e+04 5010271 1 1.2365e-01
+9.04256e+04 -4.65540e+04 5010272 1 1.2281e-01
+5.25137e+04 -4.27399e+04 5010273 1 1.6371e-01
+5.35226e+04 -4.29198e+04 5010274 1 1.6302e-01
+5.45281e+04 -4.30902e+04 5010275 1 1.6279e-01
+5.55307e+04 -4.32511e+04 5010276 1 1.6285e-01
+5.65309e+04 -4.34029e+04 5010277 1 1.6314e-01
+5.75289e+04 -4.35457e+04 5010278 1 1.6363e-01
+5.85252e+04 -4.36799e+04 5010279 1 1.6419e-01
+5.95202e+04 -4.38056e+04 5010280 1 1.6491e-01
+6.05140e+04 -4.39232e+04 5010281 1 1.6579e-01
+6.15070e+04 -4.40330e+04 5010282 1 1.6667e-01
+6.24994e+04 -4.41354e+04 5010283 1 1.6742e-01
+6.34914e+04 -4.42306e+04 5010284 1 1.6800e-01
+6.44831e+04 -4.43189e+04 5010285 1 1.6841e-01
+6.54749e+04 -4.44007e+04 5010286 1 1.6861e-01
+6.64668e+04 -4.44762e+04 5010287 1 1.6862e-01
+6.74589e+04 -4.45459e+04 5010288 1 1.6841e-01
+6.84514e+04 -4.46100e+04 5010289 1 1.6804e-01
+6.94444e+04 -4.46688e+04 5010290 1 1.6741e-01
+7.04378e+04 -4.47227e+04 5010291 1 1.6655e-01
+7.14318e+04 -4.47719e+04 5010292 1 1.6545e-01
+7.24264e+04 -4.48167e+04 5010293 1 1.6414e-01
+7.34217e+04 -4.48574e+04 5010294 1 1.6264e-01
+7.44177e+04 -4.48943e+04 5010295 1 1.6099e-01
+7.54144e+04 -4.49277e+04 5010296 1 1.5927e-01
+7.64118e+04 -4.49578e+04 5010297 1 1.5723e-01
+7.74098e+04 -4.49848e+04 5010298 1 1.5503e-01
+7.84085e+04 -4.50089e+04 5010299 1 1.5270e-01
+7.94078e+04 -4.50303e+04 5010300 1 1.5028e-01
+8.04078e+04 -4.50493e+04 5010301 1 1.4781e-01
+8.14083e+04 -4.50660e+04 5010302 1 1.4535e-01
+8.24094e+04 -4.50806e+04 5010303 1 1.4302e-01
+8.34110e+04 -4.50933e+04 5010304 1 1.4100e-01
+8.44131e+04 -4.51043e+04 5010305 1 1.3862e-01
+8.54155e+04 -4.51135e+04 5010306 1 1.3637e-01
+8.64183e+04 -4.51211e+04 5010307 1 1.3432e-01
+8.74214e+04 -4.51272e+04 5010308 1 1.3253e-01
+8.84248e+04 -4.51318e+04 5010309 1 1.3105e-01
+8.94283e+04 -4.51351e+04 5010310 1 1.2997e-01
+9.04320e+04 -4.51370e+04 5010311 1 1.2934e-01
+5.26119e+04 -4.13470e+04 5010312 1 1.6419e-01
+5.36246e+04 -4.15214e+04 5010313 1 1.6309e-01
+5.46335e+04 -4.16867e+04 5010314 1 1.6252e-01
+5.56390e+04 -4.18432e+04 5010315 1 1.6232e-01
+5.66416e+04 -4.19909e+04 5010316 1 1.6238e-01
+5.76417e+04 -4.21301e+04 5010317 1 1.6261e-01
+5.86396e+04 -4.22611e+04 5010318 1 1.6300e-01
+5.96357e+04 -4.23840e+04 5010319 1 1.6346e-01
+6.06303e+04 -4.24992e+04 5010320 1 1.6396e-01
+6.16237e+04 -4.26069e+04 5010321 1 1.6470e-01
+6.26160e+04 -4.27075e+04 5010322 1 1.6538e-01
+6.36076e+04 -4.28012e+04 5010323 1 1.6596e-01
+6.45986e+04 -4.28884e+04 5010324 1 1.6640e-01
+6.55891e+04 -4.29692e+04 5010325 1 1.6668e-01
+6.65795e+04 -4.30440e+04 5010326 1 1.6677e-01
+6.75697e+04 -4.31132e+04 5010327 1 1.6668e-01
+6.85600e+04 -4.31769e+04 5010328 1 1.6643e-01
+6.95505e+04 -4.32356e+04 5010329 1 1.6602e-01
+7.05411e+04 -4.32894e+04 5010330 1 1.6537e-01
+7.15320e+04 -4.33387e+04 5010331 1 1.6453e-01
+7.25232e+04 -4.33838e+04 5010332 1 1.6349e-01
+7.35149e+04 -4.34248e+04 5010333 1 1.6228e-01
+7.45070e+04 -4.34621e+04 5010334 1 1.6092e-01
+7.54995e+04 -4.34959e+04 5010335 1 1.5948e-01
+7.64926e+04 -4.35264e+04 5010336 1 1.5789e-01
+7.74861e+04 -4.35539e+04 5010337 1 1.5609e-01
+7.84801e+04 -4.35786e+04 5010338 1 1.5416e-01
+7.94745e+04 -4.36006e+04 5010339 1 1.5216e-01
+8.04695e+04 -4.36201e+04 5010340 1 1.5010e-01
+8.14648e+04 -4.36373e+04 5010341 1 1.4806e-01
+8.24606e+04 -4.36524e+04 5010342 1 1.4611e-01
+8.34568e+04 -4.36656e+04 5010343 1 1.4441e-01
+8.44534e+04 -4.36769e+04 5010344 1 1.4261e-01
+8.54502e+04 -4.36865e+04 5010345 1 1.4079e-01
+8.64474e+04 -4.36945e+04 5010346 1 1.3915e-01
+8.74447e+04 -4.37009e+04 5010347 1 1.3773e-01
+8.84423e+04 -4.37057e+04 5010348 1 1.3658e-01
+8.94400e+04 -4.37092e+04 5010349 1 1.3573e-01
+9.04377e+04 -4.37112e+04 5010350 1 1.3524e-01
+5.26917e+04 -3.99558e+04 5010351 1 1.6505e-01
+5.37082e+04 -4.01243e+04 5010352 1 1.6351e-01
+5.47205e+04 -4.02843e+04 5010353 1 1.6263e-01
+5.57291e+04 -4.04359e+04 5010354 1 1.6214e-01
+5.67343e+04 -4.05792e+04 5010355 1 1.6195e-01
+5.77366e+04 -4.07144e+04 5010356 1 1.6198e-01
+5.87364e+04 -4.08418e+04 5010357 1 1.6218e-01
+5.97339e+04 -4.09616e+04 5010358 1 1.6247e-01
+6.07296e+04 -4.10740e+04 5010359 1 1.6284e-01
+6.17236e+04 -4.11793e+04 5010360 1 1.6325e-01
+6.27163e+04 -4.12777e+04 5010361 1 1.6377e-01
+6.37078e+04 -4.13696e+04 5010362 1 1.6430e-01
+6.46984e+04 -4.14552e+04 5010363 1 1.6475e-01
+6.56883e+04 -4.15347e+04 5010364 1 1.6506e-01
+6.66775e+04 -4.16085e+04 5010365 1 1.6524e-01
+6.76664e+04 -4.16768e+04 5010366 1 1.6527e-01
+6.86549e+04 -4.17398e+04 5010367 1 1.6514e-01
+6.96433e+04 -4.17980e+04 5010368 1 1.6488e-01
+7.06316e+04 -4.18515e+04 5010369 1 1.6445e-01
+7.16200e+04 -4.19006e+04 5010370 1 1.6382e-01
+7.26084e+04 -4.19456e+04 5010371 1 1.6303e-01
+7.35970e+04 -4.19866e+04 5010372 1 1.6208e-01
+7.45857e+04 -4.20240e+04 5010373 1 1.6101e-01
+7.55747e+04 -4.20580e+04 5010374 1 1.5984e-01
+7.65640e+04 -4.20888e+04 5010375 1 1.5863e-01
+7.75537e+04 -4.21166e+04 5010376 1 1.5717e-01
+7.85435e+04 -4.21415e+04 5010377 1 1.5562e-01
+7.95337e+04 -4.21639e+04 5010378 1 1.5399e-01
+8.05242e+04 -4.21838e+04 5010379 1 1.5232e-01
+8.15150e+04 -4.22014e+04 5010380 1 1.5066e-01
+8.25062e+04 -4.22168e+04 5010381 1 1.4906e-01
+8.34975e+04 -4.22303e+04 5010382 1 1.4764e-01
+8.44892e+04 -4.22419e+04 5010383 1 1.4629e-01
+8.54811e+04 -4.22518e+04 5010384 1 1.4484e-01
+8.64732e+04 -4.22600e+04 5010385 1 1.4353e-01
+8.74654e+04 -4.22666e+04 5010386 1 1.4240e-01
+8.84578e+04 -4.22716e+04 5010387 1 1.4149e-01
+8.94503e+04 -4.22752e+04 5010388 1 1.4083e-01
+9.04429e+04 -4.22773e+04 5010389 1 1.4045e-01
+5.27535e+04 -3.85665e+04 5010390 1 1.6625e-01
+5.37739e+04 -3.87289e+04 5010391 1 1.6432e-01
+5.47897e+04 -3.88832e+04 5010392 1 1.6306e-01
+5.58014e+04 -3.90296e+04 5010393 1 1.6229e-01
+5.68095e+04 -3.91682e+04 5010394 1 1.6186e-01
+5.78142e+04 -3.92991e+04 5010395 1 1.6168e-01
+5.88160e+04 -3.94226e+04 5010396 1 1.6170e-01
+5.98152e+04 -3.95389e+04 5010397 1 1.6182e-01
+6.08122e+04 -3.96481e+04 5010398 1 1.6207e-01
+6.18072e+04 -3.97506e+04 5010399 1 1.6237e-01
+6.28006e+04 -3.98466e+04 5010400 1 1.6272e-01
+6.37924e+04 -3.99362e+04 5010401 1 1.6308e-01
+6.47830e+04 -4.00199e+04 5010402 1 1.6341e-01
+6.57725e+04 -4.00978e+04 5010403 1 1.6376e-01
+6.67611e+04 -4.01702e+04 5010404 1 1.6399e-01
+6.77490e+04 -4.02373e+04 5010405 1 1.6410e-01
+6.87363e+04 -4.02994e+04 5010406 1 1.6409e-01
+6.97231e+04 -4.03568e+04 5010407 1 1.6395e-01
+7.07097e+04 -4.04096e+04 5010408 1 1.6370e-01
+7.16959e+04 -4.04583e+04 5010409 1 1.6328e-01
+7.26820e+04 -4.05029e+04 5010410 1 1.6270e-01
+7.36681e+04 -4.05437e+04 5010411 1 1.6200e-01
+7.46541e+04 -4.05809e+04 5010412 1 1.6118e-01
+7.56401e+04 -4.06149e+04 5010413 1 1.6027e-01
+7.66263e+04 -4.06456e+04 5010414 1 1.5932e-01
+7.76125e+04 -4.06735e+04 5010415 1 1.5824e-01
+7.85989e+04 -4.06986e+04 5010416 1 1.5701e-01
+7.95854e+04 -4.07211e+04 5010417 1 1.5572e-01
+8.05721e+04 -4.07411e+04 5010418 1 1.5440e-01
+8.15590e+04 -4.07589e+04 5010419 1 1.5307e-01
+8.25460e+04 -4.07746e+04 5010420 1 1.5180e-01
+8.35332e+04 -4.07883e+04 5010421 1 1.5065e-01
+8.45206e+04 -4.08001e+04 5010422 1 1.4965e-01
+8.55082e+04 -4.08101e+04 5010423 1 1.4850e-01
+8.64959e+04 -4.08185e+04 5010424 1 1.4747e-01
+8.74836e+04 -4.08252e+04 5010425 1 1.4659e-01
+8.84715e+04 -4.08304e+04 5010426 1 1.4588e-01
+8.94594e+04 -4.08340e+04 5010427 1 1.4537e-01
+9.04474e+04 -4.08362e+04 5010428 1 1.4507e-01
+5.27980e+04 -3.71795e+04 5010429 1 1.6765e-01
+5.38221e+04 -3.73355e+04 5010430 1 1.6550e-01
+5.48415e+04 -3.74839e+04 5010431 1 1.6385e-01
+5.58565e+04 -3.76248e+04 5010432 1 1.6280e-01
+5.68675e+04 -3.77583e+04 5010433 1 1.6212e-01
+5.78748e+04 -3.78846e+04 5010434 1 1.6173e-01
+5.88789e+04 -3.80039e+04 5010435 1 1.6155e-01
+5.98800e+04 -3.81163e+04 5010436 1 1.6153e-01
+6.08786e+04 -3.82221e+04 5010437 1 1.6162e-01
+6.18749e+04 -3.83215e+04 5010438 1 1.6180e-01
+6.28691e+04 -3.84146e+04 5010439 1 1.6203e-01
+6.38616e+04 -3.85018e+04 5010440 1 1.6235e-01
+6.48525e+04 -3.85832e+04 5010441 1 1.6262e-01
+6.58420e+04 -3.86591e+04 5010442 1 1.6285e-01
+6.68304e+04 -3.87298e+04 5010443 1 1.6302e-01
+6.78177e+04 -3.87954e+04 5010444 1 1.6316e-01
+6.88043e+04 -3.88563e+04 5010445 1 1.6323e-01
+6.97901e+04 -3.89126e+04 5010446 1 1.6322e-01
+7.07753e+04 -3.89645e+04 5010447 1 1.6310e-01
+7.17600e+04 -3.90124e+04 5010448 1 1.6286e-01
+7.27443e+04 -3.90564e+04 5010449 1 1.6248e-01
+7.37283e+04 -3.90967e+04 5010450 1 1.6199e-01
+7.47121e+04 -3.91336e+04 5010451 1 1.6139e-01
+7.56958e+04 -3.91672e+04 5010452 1 1.6071e-01
+7.66793e+04 -3.91978e+04 5010453 1 1.5999e-01
+7.76628e+04 -3.92255e+04 5010454 1 1.5922e-01
+7.86462e+04 -3.92505e+04 5010455 1 1.5828e-01
+7.96297e+04 -3.92730e+04 5010456 1 1.5729e-01
+8.06132e+04 -3.92930e+04 5010457 1 1.5627e-01
+8.15967e+04 -3.93109e+04 5010458 1 1.5524e-01
+8.25803e+04 -3.93266e+04 5010459 1 1.5425e-01
+8.35639e+04 -3.93404e+04 5010460 1 1.5335e-01
+8.45477e+04 -3.93523e+04 5010461 1 1.5263e-01
+8.55315e+04 -3.93624e+04 5010462 1 1.5174e-01
+8.65154e+04 -3.93708e+04 5010463 1 1.5094e-01
+8.74993e+04 -3.93776e+04 5010464 1 1.5026e-01
+8.84833e+04 -3.93829e+04 5010465 1 1.4972e-01
+8.94673e+04 -3.93866e+04 5010466 1 1.4933e-01
+9.04513e+04 -3.93887e+04 5010467 1 1.4910e-01
+5.28254e+04 -3.57949e+04 5010468 1 1.6922e-01
+5.38534e+04 -3.59443e+04 5010469 1 1.6690e-01
+5.48764e+04 -3.60865e+04 5010470 1 1.6505e-01
+5.58946e+04 -3.62217e+04 5010471 1 1.6363e-01
+5.69086e+04 -3.63499e+04 5010472 1 1.6269e-01
+5.79187e+04 -3.64713e+04 5010473 1 1.6208e-01
+5.89252e+04 -3.65861e+04 5010474 1 1.6170e-01
+5.99285e+04 -3.66944e+04 5010475 1 1.6153e-01
+6.09290e+04 -3.67964e+04 5010476 1 1.6148e-01
+6.19268e+04 -3.68923e+04 5010477 1 1.6152e-01
+6.29223e+04 -3.69824e+04 5010478 1 1.6166e-01
+6.39157e+04 -3.70668e+04 5010479 1 1.6187e-01
+6.49073e+04 -3.71457e+04 5010480 1 1.6210e-01
+6.58972e+04 -3.72193e+04 5010481 1 1.6231e-01
+6.68857e+04 -3.72880e+04 5010482 1 1.6247e-01
+6.78729e+04 -3.73519e+04 5010483 1 1.6259e-01
+6.88590e+04 -3.74112e+04 5010484 1 1.6266e-01
+6.98442e+04 -3.74661e+04 5010485 1 1.6266e-01
+7.08286e+04 -3.75168e+04 5010486 1 1.6261e-01
+7.18123e+04 -3.75637e+04 5010487 1 1.6250e-01
+7.27953e+04 -3.76068e+04 5010488 1 1.6229e-01
+7.37778e+04 -3.76464e+04 5010489 1 1.6198e-01
+7.47600e+04 -3.76827e+04 5010490 1 1.6159e-01
+7.57417e+04 -3.77158e+04 5010491 1 1.6111e-01
+7.67232e+04 -3.77459e+04 5010492 1 1.6060e-01
+7.77045e+04 -3.77733e+04 5010493 1 1.6007e-01
+7.86856e+04 -3.77981e+04 5010494 1 1.5938e-01
+7.96666e+04 -3.78204e+04 5010495 1 1.5865e-01
+8.06474e+04 -3.78403e+04 5010496 1 1.5788e-01
+8.16282e+04 -3.78581e+04 5010497 1 1.5711e-01
+8.26089e+04 -3.78737e+04 5010498 1 1.5637e-01
+8.35896e+04 -3.78874e+04 5010499 1 1.5570e-01
+8.45703e+04 -3.78993e+04 5010500 1 1.5517e-01
+8.55511e+04 -3.79094e+04 5010501 1 1.5451e-01
+8.65318e+04 -3.79179e+04 5010502 1 1.5391e-01
+8.75125e+04 -3.79247e+04 5010503 1 1.5340e-01
+8.84932e+04 -3.79299e+04 5010504 1 1.5299e-01
+8.94739e+04 -3.79336e+04 5010505 1 1.5270e-01
+9.04546e+04 -3.79358e+04 5010506 1 1.5253e-01
+5.28362e+04 -3.44131e+04 5010507 1 1.7096e-01
+5.38681e+04 -3.45557e+04 5010508 1 1.6851e-01
+5.48946e+04 -3.46915e+04 5010509 1 1.6648e-01
+5.59163e+04 -3.48206e+04 5010510 1 1.6487e-01
+5.69334e+04 -3.49433e+04 5010511 1 1.6361e-01
+5.79463e+04 -3.50596e+04 5010512 1 1.6273e-01
+5.89555e+04 -3.51696e+04 5010513 1 1.6217e-01
+5.99611e+04 -3.52735e+04 5010514 1 1.6180e-01
+6.09636e+04 -3.53715e+04 5010515 1 1.6161e-01
+6.19632e+04 -3.54638e+04 5010516 1 1.6152e-01
+6.29602e+04 -3.55504e+04 5010517 1 1.6153e-01
+6.39549e+04 -3.56317e+04 5010518 1 1.6163e-01
+6.49475e+04 -3.57079e+04 5010519 1 1.6180e-01
+6.59382e+04 -3.57790e+04 5010520 1 1.6197e-01
+6.69272e+04 -3.58454e+04 5010521 1 1.6211e-01
+6.79147e+04 -3.59072e+04 5010522 1 1.6223e-01
+6.89009e+04 -3.59647e+04 5010523 1 1.6231e-01
+6.98859e+04 -3.60180e+04 5010524 1 1.6236e-01
+7.08698e+04 -3.60674e+04 5010525 1 1.6237e-01
+7.18529e+04 -3.61129e+04 5010526 1 1.6232e-01
+7.28351e+04 -3.61550e+04 5010527 1 1.6219e-01
+7.38167e+04 -3.61936e+04 5010528 1 1.6199e-01
+7.47976e+04 -3.62290e+04 5010529 1 1.6172e-01
+7.57781e+04 -3.62615e+04 5010530 1 1.6142e-01
+7.67581e+04 -3.62910e+04 5010531 1 1.6108e-01
+7.77377e+04 -3.63179e+04 5010532 1 1.6073e-01
+7.87170e+04 -3.63422e+04 5010533 1 1.6027e-01
+7.96961e+04 -3.63641e+04 5010534 1 1.5975e-01
+8.06749e+04 -3.63838e+04 5010535 1 1.5921e-01
+8.16535e+04 -3.64013e+04 5010536 1 1.5865e-01
+8.26320e+04 -3.64168e+04 5010537 1 1.5812e-01
+8.36104e+04 -3.64303e+04 5010538 1 1.5763e-01
+8.45887e+04 -3.64421e+04 5010539 1 1.5726e-01
+8.55669e+04 -3.64521e+04 5010540 1 1.5680e-01
+8.65450e+04 -3.64605e+04 5010541 1 1.5636e-01
+8.75231e+04 -3.64672e+04 5010542 1 1.5599e-01
+8.85012e+04 -3.64724e+04 5010543 1 1.5569e-01
+8.94792e+04 -3.64761e+04 5010544 1 1.5548e-01
+9.04573e+04 -3.64783e+04 5010545 1 1.5536e-01
+5.28307e+04 -3.30343e+04 5010546 1 1.7288e-01
+5.38665e+04 -3.31698e+04 5010547 1 1.7030e-01
+5.48966e+04 -3.32990e+04 5010548 1 1.6812e-01
+5.59217e+04 -3.34220e+04 5010549 1 1.6633e-01
+5.69419e+04 -3.35389e+04 5010550 1 1.6491e-01
+5.79578e+04 -3.36498e+04 5010551 1 1.6379e-01
+5.89697e+04 -3.37549e+04 5010552 1 1.6292e-01
+5.99779e+04 -3.38542e+04 5010553 1 1.6236e-01
+6.09827e+04 -3.39479e+04 5010554 1 1.6200e-01
+6.19843e+04 -3.40362e+04 5010555 1 1.6178e-01
+6.29832e+04 -3.41193e+04 5010556 1 1.6165e-01
+6.39794e+04 -3.41973e+04 5010557 1 1.6163e-01
+6.49733e+04 -3.42704e+04 5010558 1 1.6170e-01
+6.59651e+04 -3.43388e+04 5010559 1 1.6180e-01
+6.69550e+04 -3.44027e+04 5010560 1 1.6191e-01
+6.79432e+04 -3.44622e+04 5010561 1 1.6200e-01
+6.89298e+04 -3.45176e+04 5010562 1 1.6208e-01
+6.99151e+04 -3.45691e+04 5010563 1 1.6214e-01
+7.08991e+04 -3.46168e+04 5010564 1 1.6219e-01
+7.18820e+04 -3.46609e+04 5010565 1 1.6219e-01
+7.28639e+04 -3.47016e+04 5010566 1 1.6214e-01
+7.38450e+04 -3.47391e+04 5010567 1 1.6203e-01
+7.48253e+04 -3.47735e+04 5010568 1 1.6187e-01
+7.58049e+04 -3.48050e+04 5010569 1 1.6168e-01
+7.67839e+04 -3.48338e+04 5010570 1 1.6146e-01
+7.77624e+04 -3.48599e+04 5010571 1 1.6123e-01
+7.87405e+04 -3.48837e+04 5010572 1 1.6094e-01
+7.97182e+04 -3.49051e+04 5010573 1 1.6058e-01
+8.06956e+04 -3.49243e+04 5010574 1 1.6020e-01
+8.16727e+04 -3.49415e+04 5010575 1 1.5982e-01
+8.26495e+04 -3.49566e+04 5010576 1 1.5945e-01
+8.36261e+04 -3.49699e+04 5010577 1 1.5912e-01
+8.46026e+04 -3.49814e+04 5010578 1 1.5887e-01
+8.55790e+04 -3.49913e+04 5010579 1 1.5858e-01
+8.65552e+04 -3.49995e+04 5010580 1 1.5827e-01
+8.75313e+04 -3.50062e+04 5010581 1 1.5801e-01
+8.85073e+04 -3.50113e+04 5010582 1 1.5780e-01
+8.94833e+04 -3.50149e+04 5010583 1 1.5765e-01
+9.04593e+04 -3.50171e+04 5010584 1 1.5757e-01
+5.28092e+04 -3.16586e+04 5010585 1 1.7503e-01
+5.38487e+04 -3.17869e+04 5010586 1 1.7230e-01
+5.48825e+04 -3.19094e+04 5010587 1 1.7000e-01
+5.59110e+04 -3.20261e+04 5010588 1 1.6806e-01
+5.69346e+04 -3.21370e+04 5010589 1 1.6644e-01
+5.79536e+04 -3.22424e+04 5010590 1 1.6514e-01
+5.89683e+04 -3.23423e+04 5010591 1 1.6409e-01
+5.99792e+04 -3.24368e+04 5010592 1 1.6328e-01
+6.09864e+04 -3.25260e+04 5010593 1 1.6266e-01
+6.19904e+04 -3.26102e+04 5010594 1 1.6228e-01
+6.29913e+04 -3.26894e+04 5010595 1 1.6202e-01
+6.39894e+04 -3.27639e+04 5010596 1 1.6185e-01
+6.49849e+04 -3.28337e+04 5010597 1 1.6179e-01
+6.59782e+04 -3.28992e+04 5010598 1 1.6180e-01
+6.69693e+04 -3.29603e+04 5010599 1 1.6184e-01
+6.79585e+04 -3.30174e+04 5010600 1 1.6189e-01
+6.89460e+04 -3.30705e+04 5010601 1 1.6192e-01
+6.99319e+04 -3.31200e+04 5010602 1 1.6197e-01
+7.09164e+04 -3.31658e+04 5010603 1 1.6202e-01
+7.18997e+04 -3.32082e+04 5010604 1 1.6204e-01
+7.28817e+04 -3.32474e+04 5010605 1 1.6203e-01
+7.38628e+04 -3.32835e+04 5010606 1 1.6197e-01
+7.48429e+04 -3.33168e+04 5010607 1 1.6189e-01
+7.58223e+04 -3.33472e+04 5010608 1 1.6178e-01
+7.68009e+04 -3.33750e+04 5010609 1 1.6165e-01
+7.77788e+04 -3.34004e+04 5010610 1 1.6152e-01
+7.87563e+04 -3.34234e+04 5010611 1 1.6134e-01
+7.97332e+04 -3.34441e+04 5010612 1 1.6110e-01
+8.07096e+04 -3.34628e+04 5010613 1 1.6084e-01
+8.16857e+04 -3.34794e+04 5010614 1 1.6058e-01
+8.26615e+04 -3.34942e+04 5010615 1 1.6033e-01
+8.36370e+04 -3.35071e+04 5010616 1 1.6011e-01
+8.46123e+04 -3.35184e+04 5010617 1 1.5994e-01
+8.55873e+04 -3.35280e+04 5010618 1 1.5975e-01
+8.65622e+04 -3.35360e+04 5010619 1 1.5953e-01
+8.75370e+04 -3.35425e+04 5010620 1 1.5935e-01
+8.85116e+04 -3.35475e+04 5010621 1 1.5920e-01
+8.94862e+04 -3.35510e+04 5010622 1 1.5910e-01
+9.04607e+04 -3.35531e+04 5010623 1 1.5905e-01
+5.27717e+04 -3.02862e+04 5010624 1 1.7738e-01
+5.38151e+04 -3.04072e+04 5010625 1 1.7456e-01
+5.48526e+04 -3.05229e+04 5010626 1 1.7212e-01
+5.58846e+04 -3.06331e+04 5010627 1 1.7003e-01
+5.69115e+04 -3.07380e+04 5010628 1 1.6824e-01
+5.79336e+04 -3.08376e+04 5010629 1 1.6676e-01
+5.89514e+04 -3.09322e+04 5010630 1 1.6553e-01
+5.99651e+04 -3.10217e+04 5010631 1 1.6453e-01
+6.09750e+04 -3.11063e+04 5010632 1 1.6374e-01
+6.19814e+04 -3.11861e+04 5010633 1 1.6309e-01
+6.29846e+04 -3.12614e+04 5010634 1 1.6262e-01
+6.39849e+04 -3.13321e+04 5010635 1 1.6231e-01
+6.49824e+04 -3.13985e+04 5010636 1 1.6209e-01
+6.59774e+04 -3.14608e+04 5010637 1 1.6196e-01
+6.69702e+04 -3.15190e+04 5010638 1 1.6189e-01
+6.79608e+04 -3.15734e+04 5010639 1 1.6186e-01
+6.89495e+04 -3.16241e+04 5010640 1 1.6185e-01
+6.99365e+04 -3.16713e+04 5010641 1 1.6185e-01
+7.09220e+04 -3.17151e+04 5010642 1 1.6185e-01
+7.19060e+04 -3.17557e+04 5010643 1 1.6185e-01
+7.28887e+04 -3.17932e+04 5010644 1 1.6184e-01
+7.38702e+04 -3.18278e+04 5010645 1 1.6181e-01
+7.48507e+04 -3.18597e+04 5010646 1 1.6176e-01
+7.58302e+04 -3.18889e+04 5010647 1 1.6169e-01
+7.68089e+04 -3.19156e+04 5010648 1 1.6162e-01
+7.77869e+04 -3.19400e+04 5010649 1 1.6154e-01
+7.87642e+04 -3.19621e+04 5010650 1 1.6144e-01
+7.97409e+04 -3.19821e+04 5010651 1 1.6127e-01
+8.07170e+04 -3.20001e+04 5010652 1 1.6110e-01
+8.16927e+04 -3.20162e+04 5010653 1 1.6093e-01
+8.26680e+04 -3.20304e+04 5010654 1 1.6076e-01
+8.36429e+04 -3.20429e+04 5010655 1 1.6061e-01
+8.46176e+04 -3.20537e+04 5010656 1 1.6052e-01
+8.55920e+04 -3.20630e+04 5010657 1 1.6039e-01
+8.65662e+04 -3.20708e+04 5010658 1 1.6024e-01
+8.75402e+04 -3.20771e+04 5010659 1 1.6011e-01
+8.85141e+04 -3.20819e+04 5010660 1 1.6001e-01
+8.94878e+04 -3.20853e+04 5010661 1 1.5994e-01
+9.04615e+04 -3.20874e+04 5010662 1 1.5990e-01
+5.27185e+04 -2.89173e+04 5010663 1 1.8003e-01
+5.37656e+04 -2.90310e+04 5010664 1 1.7708e-01
+5.48068e+04 -2.91396e+04 5010665 1 1.7451e-01
+5.58424e+04 -2.92433e+04 5010666 1 1.7226e-01
+5.68727e+04 -2.93420e+04 5010667 1 1.7033e-01
+5.78981e+04 -2.94359e+04 5010668 1 1.6865e-01
+5.89190e+04 -2.95249e+04 5010669 1 1.6724e-01
+5.99357e+04 -2.96093e+04 5010670 1 1.6604e-01
+6.09485e+04 -2.96891e+04 5010671 1 1.6507e-01
+6.19576e+04 -2.97645e+04 5010672 1 1.6424e-01
+6.29633e+04 -2.98356e+04 5010673 1 1.6358e-01
+6.39660e+04 -2.99024e+04 5010674 1 1.6305e-01
+6.49658e+04 -2.99652e+04 5010675 1 1.6263e-01
+6.59629e+04 -3.00242e+04 5010676 1 1.6230e-01
+6.69576e+04 -3.00793e+04 5010677 1 1.6209e-01
+6.79500e+04 -3.01309e+04 5010678 1 1.6194e-01
+6.89404e+04 -3.01790e+04 5010679 1 1.6182e-01
+6.99289e+04 -3.02238e+04 5010680 1 1.6174e-01
+7.09157e+04 -3.02654e+04 5010681 1 1.6168e-01
+7.19009e+04 -3.03040e+04 5010682 1 1.6162e-01
+7.28847e+04 -3.03397e+04 5010683 1 1.6157e-01
+7.38672e+04 -3.03726e+04 5010684 1 1.6152e-01
+7.48485e+04 -3.04030e+04 5010685 1 1.6146e-01
+7.58288e+04 -3.04308e+04 5010686 1 1.6140e-01
+7.68081e+04 -3.04563e+04 5010687 1 1.6134e-01
+7.77866e+04 -3.04796e+04 5010688 1 1.6129e-01
+7.87643e+04 -3.05007e+04 5010689 1 1.6121e-01
+7.97413e+04 -3.05198e+04 5010690 1 1.6109e-01
+8.07178e+04 -3.05371e+04 5010691 1 1.6097e-01
+8.16936e+04 -3.05524e+04 5010692 1 1.6084e-01
+8.26690e+04 -3.05661e+04 5010693 1 1.6073e-01
+8.36440e+04 -3.05781e+04 5010694 1 1.6063e-01
+8.46186e+04 -3.05885e+04 5010695 1 1.6057e-01
+8.55930e+04 -3.05974e+04 5010696 1 1.6049e-01
+8.65671e+04 -3.06048e+04 5010697 1 1.6039e-01
+8.75409e+04 -3.06109e+04 5010698 1 1.6030e-01
+8.85147e+04 -3.06155e+04 5010699 1 1.6023e-01
+8.94882e+04 -3.06188e+04 5010700 1 1.6018e-01
+9.04617e+04 -3.06208e+04 5010701 1 1.6015e-01
+5.26495e+04 -2.75520e+04 5010702 1 1.8298e-01
+5.37004e+04 -2.76583e+04 5010703 1 1.7992e-01
+5.47453e+04 -2.77600e+04 5010704 1 1.7721e-01
+5.57845e+04 -2.78570e+04 5010705 1 1.7482e-01
+5.68183e+04 -2.79494e+04 5010706 1 1.7271e-01
+5.78471e+04 -2.80374e+04 5010707 1 1.7087e-01
+5.88713e+04 -2.81209e+04 5010708 1 1.6926e-01
+5.98912e+04 -2.82001e+04 5010709 1 1.6787e-01
+6.09069e+04 -2.82750e+04 5010710 1 1.6667e-01
+6.19190e+04 -2.83458e+04 5010711 1 1.6566e-01
+6.29275e+04 -2.84125e+04 5010712 1 1.6479e-01
+6.39328e+04 -2.84754e+04 5010713 1 1.6406e-01
+6.49351e+04 -2.85345e+04 5010714 1 1.6345e-01
+6.59346e+04 -2.85899e+04 5010715 1 1.6294e-01
+6.69316e+04 -2.86419e+04 5010716 1 1.6251e-01
+6.79262e+04 -2.86905e+04 5010717 1 1.6217e-01
+6.89186e+04 -2.87358e+04 5010718 1 1.6189e-01
+6.99090e+04 -2.87781e+04 5010719 1 1.6167e-01
+7.08976e+04 -2.88174e+04 5010720 1 1.6151e-01
+7.18845e+04 -2.88538e+04 5010721 1 1.6136e-01
+7.28698e+04 -2.88875e+04 5010722 1 1.6122e-01
+7.38538e+04 -2.89187e+04 5010723 1 1.6109e-01
+7.48365e+04 -2.89474e+04 5010724 1 1.6099e-01
+7.58180e+04 -2.89738e+04 5010725 1 1.6089e-01
+7.67984e+04 -2.89980e+04 5010726 1 1.6081e-01
+7.77780e+04 -2.90200e+04 5010727 1 1.6074e-01
+7.87567e+04 -2.90401e+04 5010728 1 1.6065e-01
+7.97346e+04 -2.90582e+04 5010729 1 1.6054e-01
+8.07118e+04 -2.90746e+04 5010730 1 1.6043e-01
+8.16884e+04 -2.90892e+04 5010731 1 1.6032e-01
+8.26645e+04 -2.91022e+04 5010732 1 1.6022e-01
+8.36402e+04 -2.91136e+04 5010733 1 1.6014e-01
+8.46154e+04 -2.91235e+04 5010734 1 1.6010e-01
+8.55903e+04 -2.91319e+04 5010735 1 1.6003e-01
+8.65649e+04 -2.91390e+04 5010736 1 1.5995e-01
+8.75392e+04 -2.91448e+04 5010737 1 1.5988e-01
+8.85134e+04 -2.91492e+04 5010738 1 1.5983e-01
+8.94874e+04 -2.91523e+04 5010739 1 1.5979e-01
+9.04613e+04 -2.91542e+04 5010740 1 1.5977e-01
+5.25647e+04 -2.61905e+04 5010741 1 1.8612e-01
+5.36194e+04 -2.62895e+04 5010742 1 1.8314e-01
+5.46680e+04 -2.63841e+04 5010743 1 1.8029e-01
+5.57108e+04 -2.64744e+04 5010744 1 1.7773e-01
+5.67483e+04 -2.65606e+04 5010745 1 1.7547e-01
+5.77806e+04 -2.66425e+04 5010746 1 1.7344e-01
+5.88082e+04 -2.67204e+04 5010747 1 1.7161e-01
+5.98314e+04 -2.67943e+04 5010748 1 1.7001e-01
+6.08504e+04 -2.68642e+04 5010749 1 1.6861e-01
+6.18656e+04 -2.69303e+04 5010750 1 1.6736e-01
+6.28771e+04 -2.69927e+04 5010751 1 1.6629e-01
+6.38853e+04 -2.70514e+04 5010752 1 1.6532e-01
+6.48904e+04 -2.71067e+04 5010753 1 1.6448e-01
+6.58927e+04 -2.71586e+04 5010754 1 1.6377e-01
+6.68922e+04 -2.72072e+04 5010755 1 1.6315e-01
+6.78893e+04 -2.72528e+04 5010756 1 1.6260e-01
+6.88841e+04 -2.72953e+04 5010757 1 1.6214e-01
+6.98768e+04 -2.73349e+04 5010758 1 1.6175e-01
+7.08676e+04 -2.73717e+04 5010759 1 1.6141e-01
+7.18566e+04 -2.74059e+04 5010760 1 1.6110e-01
+7.28440e+04 -2.74376e+04 5010761 1 1.6082e-01
+7.38299e+04 -2.74668e+04 5010762 1 1.6058e-01
+7.48144e+04 -2.74938e+04 5010763 1 1.6036e-01
+7.57977e+04 -2.75186e+04 5010764 1 1.6018e-01
+7.67798e+04 -2.75414e+04 5010765 1 1.6002e-01
+7.77610e+04 -2.75621e+04 5010766 1 1.5989e-01
+7.87412e+04 -2.75810e+04 5010767 1 1.5975e-01
+7.97205e+04 -2.75981e+04 5010768 1 1.5960e-01
+8.06992e+04 -2.76135e+04 5010769 1 1.5947e-01
+8.16771e+04 -2.76273e+04 5010770 1 1.5934e-01
+8.26545e+04 -2.76395e+04 5010771 1 1.5923e-01
+8.36314e+04 -2.76503e+04 5010772 1 1.5914e-01
+8.46078e+04 -2.76596e+04 5010773 1 1.5909e-01
+8.55838e+04 -2.76676e+04 5010774 1 1.5901e-01
+8.65595e+04 -2.76743e+04 5010775 1 1.5893e-01
+8.75350e+04 -2.76797e+04 5010776 1 1.5887e-01
+8.85102e+04 -2.76839e+04 5010777 1 1.5882e-01
+8.94853e+04 -2.76869e+04 5010778 1 1.5878e-01
+9.04603e+04 -2.76887e+04 5010779 1 1.5876e-01
