+1.78054e+01 -9.99796e+04 10000 0 6.1900e-02
+1.15735e+03 -9.99796e+04 10001 0 1.7864e-01
+2.29691e+03 -9.99796e+04 10002 0 3.3770e-01
+3.43650e+03 -9.99796e+04 10003 0 4.9914e-01
+4.57612e+03 -9.99796e+04 10004 0 6.5986e-01
+5.71579e+03 -9.99797e+04 10005 0 8.1877e-01
+6.85552e+03 -9.99797e+04 10006 0 9.7513e-01
+7.99533e+03 -9.99798e+04 10007 0 1.1283e+00
+9.13522e+03 -9.99798e+04 10008 0 1.2777e+00
+1.02752e+04 -9.99799e+04 10009 0 1.4227e+00
+1.14153e+04 -9.99799e+04 10010 0 1.5629e+00
+1.25555e+04 -9.99800e+04 10011 0 1.6975e+00
+1.36959e+04 -9.99801e+04 10012 0 1.8262e+00
+1.48363e+04 -9.99802e+04 10013 0 1.9484e+00
+1.59770e+04 -9.99803e+04 10014 0 2.0636e+00
+1.71178e+04 -9.99804e+04 10015 0 2.1713e+00
+1.82587e+04 -9.99805e+04 10016 0 2.2712e+00
+1.93999e+04 -9.99806e+04 10017 0 2.3627e+00
+2.05412e+04 -9.99807e+04 10018 0 2.4456e+00
+2.16826e+04 -9.99808e+04 10019 0 2.5195e+00
+2.28243e+04 -9.99809e+04 10020 0 2.5843e+00
+2.39661e+04 -9.99810e+04 10021 0 2.6398e+00
+2.51082e+04 -9.99812e+04 10022 0 2.6859e+00
+2.62504e+04 -9.99813e+04 10023 0 2.7227e+00
+2.73927e+04 -9.99814e+04 10024 0 2.7501e+00
+2.85353e+04 -9.99815e+04 10025 0 2.7684e+00
+2.96780e+04 -9.99816e+04 10026 0 2.7778e+00
+3.08208e+04 -9.99817e+04 10027 0 2.7787e+00
+3.19638e+04 -9.99818e+04 10028 0 2.7714e+00
+3.31070e+04 -9.99819e+04 10029 0 2.7564e+00
+3.42502e+04 -9.99820e+04 10030 0 2.7342e+00
+3.53936e+04 -9.99820e+04 10031 0 2.7053e+00
+3.65371e+04 -9.99821e+04 10032 0 2.6703e+00
+3.76807e+04 -9.99822e+04 10033 0 2.6298e+00
+3.88243e+04 -9.99822e+04 10034 0 2.5843e+00
+3.99680e+04 -9.99823e+04 10035 0 2.5345e+00
+4.11118e+04 -9.99823e+04 10036 0 2.4809e+00
+4.22556e+04 -9.99823e+04 10037 0 2.4241e+00
+4.33995e+04 -9.99824e+04 10038 0 2.3646e+00
+4.45434e+04 -9.99824e+04 10039 0 2.3028e+00
+4.56873e+04 -9.99824e+04 10040 0 2.2392e+00
+1.47219e+01 -9.85734e+04 10041 0 2.3532e-01
+9.56938e+02 -9.85737e+04 10042 0 2.7158e-01
+1.89979e+03 -9.85745e+04 10043 0 3.5707e-01
+2.84383e+03 -9.85758e+04 10044 0 4.6477e-01
+3.78962e+03 -9.85776e+04 10045 0 5.8174e-01
+4.73771e+03 -9.85799e+04 10046 0 7.0251e-01
+5.68868e+03 -9.85828e+04 10047 0 8.2448e-01
+6.64315e+03 -9.85861e+04 10048 0 9.4615e-01
+7.60176e+03 -9.85899e+04 10049 0 1.0665e+00
+8.56506e+03 -9.85942e+04 10050 0 1.1849e+00
+9.53362e+03 -9.85989e+04 10051 0 1.3008e+00
+1.05080e+04 -9.86041e+04 10052 0 1.4136e+00
+1.14888e+04 -9.86098e+04 10053 0 1.5230e+00
+1.24766e+04 -9.86159e+04 10054 0 1.6284e+00
+1.34720e+04 -9.86224e+04 10055 0 1.7294e+00
+1.44756e+04 -9.86292e+04 10056 0 1.8256e+00
+1.54878e+04 -9.86364e+04 10057 0 1.9166e+00
+1.65092e+04 -9.86439e+04 10058 0 2.0021e+00
+1.75403e+04 -9.86517e+04 10059 0 2.0817e+00
+1.85814e+04 -9.86597e+04 10060 0 2.1550e+00
+1.96330e+04 -9.86679e+04 10061 0 2.2218e+00
+2.06954e+04 -9.86762e+04 10062 0 2.2817e+00
+2.17689e+04 -9.86845e+04 10063 0 2.3344e+00
+2.28537e+04 -9.86928e+04 10064 0 2.3798e+00
+2.39499e+04 -9.87011e+04 10065 0 2.4177e+00
+2.50576e+04 -9.87092e+04 10066 0 2.4479e+00
+2.61766e+04 -9.87172e+04 10067 0 2.4705e+00
+2.73069e+04 -9.87248e+04 10068 0 2.4853e+00
+2.84481e+04 -9.87322e+04 10069 0 2.4926e+00
+2.96000e+04 -9.87392e+04 10070 0 2.4925e+00
+3.07620e+04 -9.87457e+04 10071 0 2.4852e+00
+3.19336e+04 -9.87518e+04 10072 0 2.4815e+00
+3.31143e+04 -9.87575e+04 10073 0 2.4894e+00
+3.43034e+04 -9.87627e+04 10074 0 2.4837e+00
+3.55000e+04 -9.87674e+04 10075 0 2.4668e+00
+3.67035e+04 -9.87715e+04 10076 0 2.4401e+00
+3.79130e+04 -9.87752e+04 10077 0 2.4054e+00
+3.91276e+04 -9.87784e+04 10078 0 2.3638e+00
+4.03467e+04 -9.87811e+04 10079 0 2.3167e+00
+4.15694e+04 -9.87833e+04 10080 0 2.2646e+00
+4.27952e+04 -9.87851e+04 10081 0 2.2087e+00
+1.22719e+01 -9.68779e+04 10082 0 4.0025e-01
+7.97711e+02 -9.68790e+04 10083 0 4.1519e-01
+1.58415e+03 -9.68817e+04 10084 0 4.5602e-01
+2.37231e+03 -9.68861e+04 10085 0 5.1619e-01
+3.16308e+03 -9.68921e+04 10086 0 5.8935e-01
+3.95751e+03 -9.69000e+04 10087 0 6.7077e-01
+4.75640e+03 -9.69095e+04 10088 0 7.5727e-01
+5.56055e+03 -9.69207e+04 10089 0 8.4677e-01
+6.37106e+03 -9.69336e+04 10090 0 9.3775e-01
+7.18879e+03 -9.69481e+04 10091 0 1.0292e+00
+8.01456e+03 -9.69643e+04 10092 0 1.1203e+00
+8.84936e+03 -9.69820e+04 10093 0 1.2105e+00
+9.69422e+03 -9.70012e+04 10094 0 1.2992e+00
+1.05500e+04 -9.70219e+04 10095 0 1.3859e+00
+1.14175e+04 -9.70439e+04 10096 0 1.4703e+00
+1.22978e+04 -9.70673e+04 10097 0 1.5519e+00
+1.31919e+04 -9.70920e+04 10098 0 1.6304e+00
+1.41005e+04 -9.71178e+04 10099 0 1.7054e+00
+1.50247e+04 -9.71446e+04 10100 0 1.7766e+00
+1.59651e+04 -9.71723e+04 10101 0 1.8437e+00
+1.69227e+04 -9.72008e+04 10102 0 1.9062e+00
+1.78982e+04 -9.72299e+04 10103 0 1.9639e+00
+1.88924e+04 -9.72595e+04 10104 0 2.0165e+00
+1.99059e+04 -9.72893e+04 10105 0 2.0636e+00
+2.09392e+04 -9.73191e+04 10106 0 2.1050e+00
+2.19926e+04 -9.73489e+04 10107 0 2.1405e+00
+2.30666e+04 -9.73783e+04 10108 0 2.1697e+00
+2.41611e+04 -9.74071e+04 10109 0 2.1927e+00
+2.52762e+04 -9.74351e+04 10110 0 2.2091e+00
+2.64118e+04 -9.74621e+04 10111 0 2.2190e+00
+2.75673e+04 -9.74878e+04 10112 0 2.2224e+00
+2.87425e+04 -9.75122e+04 10113 0 2.2540e+00
+2.99373e+04 -9.75352e+04 10114 0 2.2916e+00
+3.11502e+04 -9.75566e+04 10115 0 2.3067e+00
+3.23799e+04 -9.75763e+04 10116 0 2.3067e+00
+3.36249e+04 -9.75943e+04 10117 0 2.2949e+00
+3.48835e+04 -9.76103e+04 10118 0 2.2734e+00
+3.61544e+04 -9.76245e+04 10119 0 2.2444e+00
+3.74360e+04 -9.76368e+04 10120 0 2.2082e+00
+3.87267e+04 -9.76472e+04 10121 0 2.1669e+00
+4.00249e+04 -9.76560e+04 10122 0 2.1205e+00
+1.03543e+01 -9.48691e+04 10123 0 5.5488e-01
+6.73094e+02 -9.48714e+04 10124 0 5.6196e-01
+1.33696e+03 -9.48769e+04 10125 0 5.8234e-01
+2.00274e+03 -9.48859e+04 10126 0 6.1434e-01
+2.67175e+03 -9.48986e+04 10127 0 6.5598e-01
+3.34478e+03 -9.49147e+04 10128 0 7.0531e-01
+4.02304e+03 -9.49343e+04 10129 0 7.6056e-01
+4.70759e+03 -9.49575e+04 10130 0 8.2034e-01
+5.39935e+03 -9.49840e+04 10131 0 8.8359e-01
+6.09969e+03 -9.50138e+04 10132 0 9.4917e-01
+6.80944e+03 -9.50470e+04 10133 0 1.0160e+00
+7.52985e+03 -9.50833e+04 10134 0 1.0835e+00
+8.26208e+03 -9.51229e+04 10135 0 1.1511e+00
+9.00707e+03 -9.51654e+04 10136 0 1.2183e+00
+9.76622e+03 -9.52109e+04 10137 0 1.2847e+00
+1.05406e+04 -9.52592e+04 10138 0 1.3500e+00
+1.13313e+04 -9.53102e+04 10139 0 1.4136e+00
+1.21396e+04 -9.53636e+04 10140 0 1.4754e+00
+1.29667e+04 -9.54193e+04 10141 0 1.5349e+00
+1.38137e+04 -9.54770e+04 10142 0 1.5919e+00
+1.46817e+04 -9.55365e+04 10143 0 1.6460e+00
+1.55721e+04 -9.55976e+04 10144 0 1.6970e+00
+1.64857e+04 -9.56600e+04 10145 0 1.7444e+00
+1.74237e+04 -9.57233e+04 10146 0 1.7880e+00
+1.83870e+04 -9.57871e+04 10147 0 1.8275e+00
+1.93765e+04 -9.58512e+04 10148 0 1.8625e+00
+2.03930e+04 -9.59150e+04 10149 0 1.8929e+00
+2.14371e+04 -9.59781e+04 10150 0 1.9184e+00
+2.25092e+04 -9.60402e+04 10151 0 1.9386e+00
+2.36097e+04 -9.61007e+04 10152 0 1.9535e+00
+2.47384e+04 -9.61592e+04 10153 0 1.9629e+00
+2.58953e+04 -9.62153e+04 10154 0 1.9667e+00
+2.70802e+04 -9.62686e+04 10155 0 2.0061e+00
+2.82946e+04 -9.63188e+04 10156 0 2.0585e+00
+2.95360e+04 -9.63658e+04 10157 0 2.0791e+00
+3.08020e+04 -9.64092e+04 10158 0 2.0831e+00
+3.20908e+04 -9.64488e+04 10159 0 2.0763e+00
+3.34001e+04 -9.64843e+04 10160 0 2.0599e+00
+3.47279e+04 -9.65156e+04 10161 0 2.0361e+00
+3.60718e+04 -9.65429e+04 10162 0 2.0059e+00
+3.74295e+04 -9.65661e+04 10163 0 1.9692e+00
+8.90018e+00 -9.25126e+04 10164 0 7.0326e-01
+5.78585e+02 -9.25168e+04 10165 0 7.0672e-01
+1.14935e+03 -9.25261e+04 10166 0 7.1677e-01
+1.72218e+03 -9.25417e+04 10167 0 7.3306e-01
+2.29819e+03 -9.25633e+04 10168 0 7.5487e-01
+2.87839e+03 -9.25911e+04 10169 0 7.8162e-01
+3.46390e+03 -9.26249e+04 10170 0 8.1260e-01
+4.05574e+03 -9.26646e+04 10171 0 8.4715e-01
+4.65513e+03 -9.27102e+04 10172 0 8.8468e-01
+5.26305e+03 -9.27615e+04 10173 0 9.2478e-01
+5.88084e+03 -9.28185e+04 10174 0 9.6682e-01
+6.50946e+03 -9.28809e+04 10175 0 1.0106e+00
+7.15040e+03 -9.29487e+04 10176 0 1.0557e+00
+7.80460e+03 -9.30215e+04 10177 0 1.1018e+00
+8.47364e+03 -9.30992e+04 10178 0 1.1487e+00
+9.15865e+03 -9.31815e+04 10179 0 1.1962e+00
+9.86104e+03 -9.32682e+04 10180 0 1.2441e+00
+1.05824e+04 -9.33589e+04 10181 0 1.2922e+00
+1.13239e+04 -9.34533e+04 10182 0 1.3405e+00
+1.20873e+04 -9.35512e+04 10183 0 1.3887e+00
+1.28741e+04 -9.36519e+04 10184 0 1.4368e+00
+1.36860e+04 -9.37552e+04 10185 0 1.4842e+00
+1.45242e+04 -9.38607e+04 10186 0 1.5230e+00
+1.53897e+04 -9.39682e+04 10187 0 1.5594e+00
+1.62837e+04 -9.40772e+04 10188 0 1.5929e+00
+1.72076e+04 -9.41870e+04 10189 0 1.6233e+00
+1.81624e+04 -9.42971e+04 10190 0 1.6504e+00
+1.91495e+04 -9.44068e+04 10191 0 1.6738e+00
+2.01698e+04 -9.45153e+04 10192 0 1.6932e+00
+2.12240e+04 -9.46221e+04 10193 0 1.7084e+00
+2.23128e+04 -9.47263e+04 10194 0 1.7193e+00
+2.34365e+04 -9.48271e+04 10195 0 1.7256e+00
+2.45950e+04 -9.49239e+04 10196 0 1.7271e+00
+2.57887e+04 -9.50159e+04 10197 0 1.7696e+00
+2.70218e+04 -9.51028e+04 10198 0 1.8319e+00
+2.82896e+04 -9.51841e+04 10199 0 1.8524e+00
+2.95894e+04 -9.52592e+04 10200 0 1.8578e+00
+3.09187e+04 -9.53277e+04 10201 0 1.8524e+00
+3.22750e+04 -9.53891e+04 10202 0 1.8390e+00
+3.36555e+04 -9.54433e+04 10203 0 1.8178e+00
+3.50573e+04 -9.54903e+04 10204 0 1.7901e+00
+7.83474e+00 -8.98070e+04 10205 0 8.2987e-01
+5.09331e+02 -8.98138e+04 10206 0 8.3140e-01
+1.01179e+03 -8.98276e+04 10207 0 8.3599e-01
+1.51632e+03 -8.98516e+04 10208 0 8.4370e-01
+2.02372e+03 -8.98844e+04 10209 0 8.5413e-01
+2.53528e+03 -8.99269e+04 10210 0 8.6710e-01
+3.05174e+03 -8.99781e+04 10211 0 8.8254e-01
+3.57445e+03 -9.00387e+04 10212 0 9.0035e-01
+4.10421e+03 -9.01079e+04 10213 0 9.2016e-01
+4.64236e+03 -9.01860e+04 10214 0 9.4176e-01
+5.18986e+03 -9.02724e+04 10215 0 9.6498e-01
+5.74803e+03 -9.03672e+04 10216 0 9.8965e-01
+6.31800e+03 -9.04698e+04 10217 0 1.0156e+00
+6.90112e+03 -9.05802e+04 10218 0 1.0428e+00
+7.49864e+03 -9.06979e+04 10219 0 1.0711e+00
+8.11209e+03 -9.08225e+04 10220 0 1.1005e+00
+8.74276e+03 -9.09536e+04 10221 0 1.1309e+00
+9.39246e+03 -9.10909e+04 10222 0 1.1622e+00
+1.00625e+04 -9.12336e+04 10223 0 1.1947e+00
+1.07548e+04 -9.13815e+04 10224 0 1.2258e+00
+1.14704e+04 -9.15343e+04 10225 0 1.2572e+00
+1.22110e+04 -9.16912e+04 10226 0 1.2886e+00
+1.29785e+04 -9.18517e+04 10227 0 1.3201e+00
+1.37746e+04 -9.20151e+04 10228 0 1.3517e+00
+1.46012e+04 -9.21805e+04 10229 0 1.3835e+00
+1.54607e+04 -9.23473e+04 10230 0 1.4153e+00
+1.63551e+04 -9.25145e+04 10231 0 1.4459e+00
+1.72852e+04 -9.26816e+04 10232 0 1.4638e+00
+1.82513e+04 -9.28478e+04 10233 0 1.4787e+00
+1.92551e+04 -9.30122e+04 10234 0 1.4906e+00
+2.02974e+04 -9.31736e+04 10235 0 1.4991e+00
+2.13794e+04 -9.33310e+04 10236 0 1.5040e+00
+2.25016e+04 -9.34833e+04 10237 0 1.5051e+00
+2.36644e+04 -9.36293e+04 10238 0 1.5024e+00
+2.48689e+04 -9.37680e+04 10239 0 1.5697e+00
+2.61225e+04 -9.38990e+04 10240 0 1.6190e+00
+2.74171e+04 -9.40215e+04 10241 0 1.6348e+00
+2.87498e+04 -9.41344e+04 10242 0 1.6378e+00
+3.01179e+04 -9.42370e+04 10243 0 1.6320e+00
+3.15185e+04 -9.43287e+04 10244 0 1.6184e+00
+3.29484e+04 -9.44094e+04 10245 0 1.5973e+00
+7.10215e+00 -8.67808e+04 10246 0 9.2701e-01
+4.61699e+02 -8.67906e+04 10247 0 9.2761e-01
+9.17116e+02 -8.68097e+04 10248 0 9.2938e-01
+1.37445e+03 -8.68435e+04 10249 0 9.3232e-01
+1.83432e+03 -8.68895e+04 10250 0 9.3640e-01
+2.29789e+03 -8.69489e+04 10251 0 9.4148e-01
+2.76597e+03 -8.70211e+04 10252 0 9.4770e-01
+3.23951e+03 -8.71057e+04 10253 0 9.5487e-01
+3.71970e+03 -8.72030e+04 10254 0 9.6306e-01
+4.20731e+03 -8.73122e+04 10255 0 9.7207e-01
+4.70374e+03 -8.74335e+04 10256 0 9.8204e-01
+5.20989e+03 -8.75660e+04 10257 0 9.9289e-01
+5.72707e+03 -8.77097e+04 10258 0 1.0046e+00
+6.25641e+03 -8.78642e+04 10259 0 1.0171e+00
+6.79923e+03 -8.80288e+04 10260 0 1.0304e+00
+7.35699e+03 -8.82032e+04 10261 0 1.0447e+00
+7.93109e+03 -8.83867e+04 10262 0 1.0597e+00
+8.52324e+03 -8.85787e+04 10263 0 1.0758e+00
+9.13508e+03 -8.87785e+04 10264 0 1.0928e+00
+9.76808e+03 -8.89857e+04 10265 0 1.1098e+00
+1.04239e+04 -8.91995e+04 10266 0 1.1276e+00
+1.11043e+04 -8.94190e+04 10267 0 1.1465e+00
+1.18116e+04 -8.96436e+04 10268 0 1.1665e+00
+1.25477e+04 -8.98721e+04 10269 0 1.1874e+00
+1.33151e+04 -9.01037e+04 10270 0 1.2078e+00
+1.41151e+04 -9.03378e+04 10271 0 1.2261e+00
+1.49494e+04 -9.05732e+04 10272 0 1.2448e+00
+1.58205e+04 -9.08087e+04 10273 0 1.2638e+00
+1.67312e+04 -9.10433e+04 10274 0 1.2833e+00
+1.76840e+04 -9.12754e+04 10275 0 1.3016e+00
+1.86791e+04 -9.15040e+04 10276 0 1.3048e+00
+1.97166e+04 -9.17281e+04 10277 0 1.3052e+00
+2.07978e+04 -9.19461e+04 10278 0 1.3028e+00
+2.19236e+04 -9.21564e+04 10279 0 1.2975e+00
+2.30947e+04 -9.23576e+04 10280 0 1.2890e+00
+2.43163e+04 -9.25485e+04 10281 0 1.3886e+00
+2.55936e+04 -9.27286e+04 10282 0 1.4165e+00
+2.69165e+04 -9.28962e+04 10283 0 1.4255e+00
+2.82825e+04 -9.30499e+04 10284 0 1.4245e+00
+2.96889e+04 -9.31889e+04 10285 0 1.4156e+00
+3.11322e+04 -9.33125e+04 10286 0 1.3991e+00
+6.65861e+00 -8.35010e+04 10287 0 9.9060e-01
+4.32841e+02 -8.35142e+04 10288 0 9.9061e-01
+8.59686e+02 -8.35393e+04 10289 0 9.9077e-01
+1.28818e+03 -8.35837e+04 10290 0 9.9105e-01
+1.71881e+03 -8.36443e+04 10291 0 9.9151e-01
+2.15251e+03 -8.37221e+04 10292 0 9.9204e-01
+2.59017e+03 -8.38173e+04 10293 0 9.9273e-01
+3.03239e+03 -8.39285e+04 10294 0 9.9352e-01
+3.48031e+03 -8.40564e+04 10295 0 9.9442e-01
+3.93468e+03 -8.42003e+04 10296 0 9.9562e-01
+4.39651e+03 -8.43596e+04 10297 0 9.9692e-01
+4.86702e+03 -8.45343e+04 10298 0 9.9853e-01
+5.34705e+03 -8.47234e+04 10299 0 1.0003e+00
+5.83814e+03 -8.49268e+04 10300 0 1.0025e+00
+6.34129e+03 -8.51435e+04 10301 0 1.0050e+00
+6.85790e+03 -8.53730e+04 10302 0 1.0078e+00
+7.38933e+03 -8.56147e+04 10303 0 1.0112e+00
+7.93716e+03 -8.58676e+04 10304 0 1.0150e+00
+8.50322e+03 -8.61311e+04 10305 0 1.0198e+00
+9.08921e+03 -8.64041e+04 10306 0 1.0250e+00
+9.69669e+03 -8.66859e+04 10307 0 1.0306e+00
+1.03276e+04 -8.69754e+04 10308 0 1.0373e+00
+1.09842e+04 -8.72715e+04 10309 0 1.0452e+00
+1.16691e+04 -8.75732e+04 10310 0 1.0542e+00
+1.23837e+04 -8.78793e+04 10311 0 1.0624e+00
+1.31304e+04 -8.81887e+04 10312 0 1.0720e+00
+1.39120e+04 -8.85001e+04 10313 0 1.0833e+00
+1.47315e+04 -8.88118e+04 10314 0 1.0950e+00
+1.55903e+04 -8.91229e+04 10315 0 1.1029e+00
+1.64907e+04 -8.94317e+04 10316 0 1.1115e+00
+1.74354e+04 -8.97366e+04 10317 0 1.1207e+00
+1.84279e+04 -9.00358e+04 10318 0 1.1285e+00
+1.94678e+04 -9.03275e+04 10319 0 1.1202e+00
+2.05547e+04 -9.06103e+04 10320 0 1.1097e+00
+2.16898e+04 -9.08821e+04 10321 0 1.0968e+00
+2.28740e+04 -9.11411e+04 10322 0 1.0816e+00
+2.41234e+04 -9.13868e+04 10323 0 1.2070e+00
+2.54279e+04 -9.16171e+04 10324 0 1.2188e+00
+2.67817e+04 -9.18300e+04 10325 0 1.2202e+00
+2.81823e+04 -9.20240e+04 10326 0 1.2138e+00
+2.96268e+04 -9.21980e+04 10327 0 1.2001e+00
+6.47546e+00 -8.00690e+04 10328 0 1.0180e+00
+4.20894e+02 -8.00858e+04 10329 0 1.0177e+00
+8.35783e+02 -8.01170e+04 10330 0 1.0170e+00
+1.25195e+03 -8.01722e+04 10331 0 1.0158e+00
+1.66974e+03 -8.02480e+04 10332 0 1.0142e+00
+2.08983e+03 -8.03449e+04 10333 0 1.0121e+00
+2.51302e+03 -8.04638e+04 10334 0 1.0096e+00
+2.93972e+03 -8.06027e+04 10335 0 1.0068e+00
+3.37087e+03 -8.07623e+04 10336 0 1.0034e+00
+3.80726e+03 -8.09422e+04 10337 0 9.9990e-01
+4.24958e+03 -8.11413e+04 10338 0 9.9604e-01
+4.69907e+03 -8.13598e+04 10339 0 9.9176e-01
+5.15638e+03 -8.15964e+04 10340 0 9.8721e-01
+5.62276e+03 -8.18507e+04 10341 0 9.8233e-01
+6.09947e+03 -8.21223e+04 10342 0 9.7760e-01
+6.58767e+03 -8.24097e+04 10343 0 9.7275e-01
+7.08908e+03 -8.27127e+04 10344 0 9.6781e-01
+7.60468e+03 -8.30297e+04 10345 0 9.6295e-01
+8.13651e+03 -8.33603e+04 10346 0 9.5822e-01
+8.68622e+03 -8.37030e+04 10347 0 9.5435e-01
+9.25590e+03 -8.40570e+04 10348 0 9.5022e-01
+9.84703e+03 -8.44206e+04 10349 0 9.4676e-01
+1.04623e+04 -8.47931e+04 10350 0 9.4455e-01
+1.11040e+04 -8.51726e+04 10351 0 9.4254e-01
+1.17742e+04 -8.55582e+04 10352 0 9.4111e-01
+1.24754e+04 -8.59480e+04 10353 0 9.4132e-01
+1.32112e+04 -8.63406e+04 10354 0 9.4285e-01
+1.39832e+04 -8.67344e+04 10355 0 9.4331e-01
+1.47943e+04 -8.71276e+04 10356 0 9.4585e-01
+1.56485e+04 -8.75183e+04 10357 0 9.5059e-01
+1.65477e+04 -8.79048e+04 10358 0 9.4937e-01
+1.74937e+04 -8.82851e+04 10359 0 9.4912e-01
+1.84903e+04 -8.86568e+04 10360 0 9.4968e-01
+1.95394e+04 -8.90176e+04 10361 0 9.3663e-01
+2.06385e+04 -8.93654e+04 10362 0 9.1744e-01
+2.17887e+04 -8.96980e+04 10363 0 8.9675e-01
+2.30011e+04 -9.00142e+04 10364 0 1.0071e+00
+2.42821e+04 -9.03127e+04 10365 0 1.0207e+00
+2.56173e+04 -9.05900e+04 10366 0 1.0218e+00
+2.70045e+04 -9.08440e+04 10367 0 1.0160e+00
+2.84410e+04 -9.10732e+04 10368 0 1.0026e+00
+6.53584e+00 -7.66075e+04 10369 0 1.0082e+00
+3.69762e+04 -7.38251e+04 2010200 1 4.9792e-01
+4.24757e+02 -7.66278e+04 10370 0 1.0077e+00
+4.17665e+04 -7.37633e+04 2010245 1 5.1742e-01
+8.43211e+02 -7.66648e+04 10371 0 1.0067e+00
+1.26249e+03 -7.67309e+04 10372 0 1.0048e+00
+1.68270e+03 -7.68215e+04 10373 0 1.0022e+00
+2.10430e+03 -7.69372e+04 10374 0 9.9894e-01
+2.52792e+03 -7.70794e+04 10375 0 9.9492e-01
+2.95372e+03 -7.72455e+04 10376 0 9.9032e-01
+3.38251e+03 -7.74366e+04 10377 0 9.8491e-01
+3.81487e+03 -7.76521e+04 10378 0 9.7871e-01
+4.25129e+03 -7.78904e+04 10379 0 9.7173e-01
+4.69286e+03 -7.81523e+04 10380 0 9.6422e-01
+5.14019e+03 -7.84359e+04 10381 0 9.5611e-01
+5.59445e+03 -7.87410e+04 10382 0 9.4749e-01
+6.05681e+03 -7.90670e+04 10383 0 9.3787e-01
+6.52815e+03 -7.94122e+04 10384 0 9.2813e-01
+7.01024e+03 -7.97763e+04 10385 0 9.1783e-01
+7.50437e+03 -8.01578e+04 10386 0 9.0716e-01
+8.01218e+03 -8.05556e+04 10387 0 8.9608e-01
+8.53544e+03 -8.09685e+04 10388 0 8.8507e-01
+9.07632e+03 -8.13950e+04 10389 0 8.7415e-01
+9.63666e+03 -8.18339e+04 10390 0 8.6300e-01
+1.02187e+04 -8.22835e+04 10391 0 8.5237e-01
+1.08254e+04 -8.27424e+04 10392 0 8.4216e-01
+1.14586e+04 -8.32086e+04 10393 0 8.3199e-01
+1.21216e+04 -8.36805e+04 10394 0 8.2398e-01
+1.28173e+04 -8.41564e+04 10395 0 8.1547e-01
+1.35480e+04 -8.46339e+04 10396 0 8.0847e-01
+1.43181e+04 -8.51113e+04 10397 0 8.0338e-01
+1.51297e+04 -8.55865e+04 10398 0 7.9696e-01
+1.59862e+04 -8.60569e+04 10399 0 7.9344e-01
+1.68920e+04 -8.65203e+04 10400 0 7.8707e-01
+1.78478e+04 -8.69742e+04 10401 0 7.7815e-01
+1.88575e+04 -8.74157e+04 10402 0 7.7016e-01
+1.99226e+04 -8.78420e+04 10403 0 7.4699e-01
+2.10397e+04 -8.82502e+04 10404 0 7.1934e-01
+2.22164e+04 -8.86387e+04 10405 0 7.9851e-01
+2.34712e+04 -8.90075e+04 10406 0 8.2929e-01
+2.47846e+04 -8.93511e+04 10407 0 8.2788e-01
+2.61536e+04 -8.96669e+04 10408 0 8.2075e-01
+2.75760e+04 -8.99528e+04 10409 0 8.0683e-01
+3.98430e+04 -7.47325e+04 2010203 1 5.4131e-01
+3.79046e+04 -7.41606e+04 2010201 1 5.1508e-01
+3.88603e+04 -7.44627e+04 2010202 1 5.3006e-01
+3.50406e+04 -7.46062e+04 2010158 1 5.1375e-01
+2.63183e+03 -7.37857e+04 10416 0 9.4890e-01
+3.41597e+04 -7.41932e+04 2010157 1 4.9349e-01
+3.07066e+03 -7.39777e+04 10417 0 9.4338e-01
+4.38222e+04 -7.41548e+04 3010196 1 5.2828e-01
+3.13718e+04 -7.43226e+04 2010114 1 4.8202e-01
+3.51069e+03 -7.41992e+04 10418 0 9.3713e-01
+2.86285e+04 -7.41750e+04 2010071 1 4.7005e-01
+4.59666e+04 -7.44434e+04 3010198 1 5.3131e-01
+3.95207e+03 -7.44481e+04 10419 0 9.2995e-01
+4.27828e+04 -7.39727e+04 3010195 1 5.2384e-01
+4.39533e+03 -7.47241e+04 10420 0 9.2199e-01
+4.48838e+04 -7.43111e+04 3010197 1 5.3059e-01
+4.84138e+03 -7.50276e+04 10421 0 9.1320e-01
+3.05774e+04 -7.37854e+04 2010113 1 4.5748e-01
+5.29053e+03 -7.53561e+04 10422 0 9.0328e-01
+5.74396e+03 -7.57100e+04 10423 0 8.9249e-01
+6.20257e+03 -7.60878e+04 10424 0 8.8106e-01
+6.66752e+03 -7.64884e+04 10425 0 8.6852e-01
+7.14027e+03 -7.69112e+04 10426 0 8.5515e-01
+7.62200e+03 -7.73542e+04 10427 0 8.4119e-01
+8.11485e+03 -7.78169e+04 10428 0 8.2646e-01
+8.62010e+03 -7.82971e+04 10429 0 8.1075e-01
+9.14027e+03 -7.87939e+04 10430 0 7.9520e-01
+9.67730e+03 -7.93053e+04 10431 0 7.7845e-01
+1.02336e+04 -7.98297e+04 10432 0 7.6227e-01
+1.08120e+04 -8.03654e+04 10433 0 7.4508e-01
+1.14149e+04 -8.09102e+04 10434 0 7.2854e-01
+1.20459e+04 -8.14622e+04 10435 0 7.1237e-01
+1.27073e+04 -8.20192e+04 10436 0 6.9617e-01
+1.34032e+04 -8.25789e+04 10437 0 6.8231e-01
+1.41366e+04 -8.31390e+04 10438 0 6.6754e-01
+1.49112e+04 -8.36967e+04 10439 0 6.5625e-01
+1.57308e+04 -8.42496e+04 10440 0 6.4285e-01
+1.65985e+04 -8.47950e+04 10441 0 6.3232e-01
+1.75191e+04 -8.53297e+04 10442 0 6.1792e-01
+1.84930e+04 -8.58504e+04 10443 0 6.0079e-01
+1.95247e+04 -8.63538e+04 10444 0 5.8036e-01
+2.06112e+04 -8.68361e+04 10445 0 5.4461e-01
+2.17567e+04 -8.72954e+04 10446 0 6.0656e-01
+2.29854e+04 -8.77328e+04 10447 0 6.4222e-01
+2.42759e+04 -8.81409e+04 10448 0 6.3728e-01
+2.56243e+04 -8.85163e+04 10449 0 6.2750e-01
+2.70298e+04 -8.88568e+04 10450 0 6.3627e-01
+4.08519e+04 -7.49714e+04 2010204 1 5.4944e-01
+3.78622e+04 -7.56315e+04 2010161 1 5.6297e-01
+3.59512e+04 -7.49831e+04 2010159 1 5.3270e-01
+3.68918e+04 -7.53246e+04 2010160 1 5.4900e-01
+3.30540e+04 -7.52839e+04 2010116 1 5.2888e-01
+4.18865e+04 -7.51807e+04 3010156 1 5.5466e-01
+2.93907e+04 -7.47664e+04 2010072 1 4.9452e-01
+3.21970e+04 -7.48220e+04 2010115 1 5.0660e-01
+4.40291e+04 -7.55162e+04 3010158 1 5.5888e-01
+2.66387e+04 -7.44001e+04 2010029 1 4.8505e-01
+4.29460e+04 -7.53617e+04 3010157 1 5.5776e-01
+4.57271e+04 -8.14673e+04 1010787 1 6.4309e-01
+4.54086e+04 -8.34742e+04 1010710 1 6.6501e-01
+4.60708e+04 -8.62177e+04 1010595 0 6.1746e-01
+4.62645e+04 -8.24955e+04 1010749 1 6.4715e-01
+4.60608e+04 -8.44234e+04 1010672 1 6.6358e-01
+7.47116e+03 -7.42183e+04 10467 0 7.7886e-01
+4.65589e+04 -8.95670e+04 1010440 0 4.5487e-01
+4.68159e+04 -8.53299e+04 1010634 1 6.5045e-01
+7.94890e+03 -7.47191e+04 10468 0 7.6370e-01
+4.67232e+04 -8.79108e+04 1010518 0 4.7523e-01
+8.43432e+03 -7.52422e+04 10469 0 7.4716e-01
+8.92886e+03 -7.57852e+04 10470 0 7.2993e-01
+9.43530e+03 -7.63476e+04 10471 0 7.1122e-01
+9.95533e+03 -7.69264e+04 10472 0 6.9177e-01
+1.04922e+04 -7.75208e+04 10473 0 6.7198e-01
+1.10481e+04 -7.81278e+04 10474 0 6.5062e-01
+1.16266e+04 -7.87462e+04 10475 0 6.2967e-01
+1.22305e+04 -7.93728e+04 10476 0 6.0694e-01
+1.28637e+04 -8.00059e+04 10477 0 5.8581e-01
+1.35293e+04 -8.06423e+04 10478 0 5.6342e-01
+1.42317e+04 -8.12797e+04 10479 0 5.4342e-01
+1.49743e+04 -8.19150e+04 10480 0 5.2277e-01
+1.57614e+04 -8.25452e+04 10481 0 5.0551e-01
+1.65971e+04 -8.31671e+04 10482 0 4.8574e-01
+1.74855e+04 -8.37775e+04 10483 0 4.6886e-01
+1.84293e+04 -8.43722e+04 10484 0 4.4231e-01
+1.94305e+04 -8.49472e+04 10485 0 4.1679e-01
+2.04893e+04 -8.54981e+04 10486 0 3.7406e-01
+2.16088e+04 -8.60228e+04 10487 0 4.3735e-01
+2.28145e+04 -8.65233e+04 10488 0 4.6398e-01
+2.40826e+04 -8.69897e+04 10489 0 4.5768e-01
+2.54093e+04 -8.74182e+04 10490 0 4.4678e-01
+2.68021e+04 -8.78079e+04 10491 0 4.8129e-01
+4.09459e+04 -7.63569e+04 3010117 1 5.8522e-01
+3.98901e+04 -7.61463e+04 2010163 1 5.8097e-01
+3.39438e+04 -7.57078e+04 2010117 1 5.4845e-01
+3.88619e+04 -7.59049e+04 2010162 1 5.7380e-01
+3.48663e+04 -7.60943e+04 2010118 1 5.6690e-01
+2.73647e+04 -7.50486e+04 2010030 1 5.0955e-01
+3.01858e+04 -7.53204e+04 2010073 1 5.1865e-01
+4.43707e+04 -8.14314e+04 1010786 1 6.5633e-01
+4.34460e+04 -8.24395e+04 1010747 1 6.7757e-01
+4.39431e+04 -8.34533e+04 1010709 1 6.8216e-01
+4.36445e+04 -8.53254e+04 1010632 1 6.8606e-01
+4.48475e+04 -8.24780e+04 1010748 1 6.6287e-01
+4.45321e+04 -8.44179e+04 1010671 1 6.8260e-01
+4.44330e+04 -8.62188e+04 1010594 0 6.3056e-01
+4.52272e+04 -8.53375e+04 1010633 1 6.6873e-01
+4.50171e+04 -8.79195e+04 1010517 0 4.7898e-01
+4.54469e+04 -8.70785e+04 1010556 0 5.4745e-01
+4.65324e+04 -8.87425e+04 1010479 0 4.3765e-01
+4.66926e+04 -9.56467e+04 1010163 0 1.4199e+00
+4.68033e+04 -9.03900e+04 1010401 0 5.2057e-01
+9.95207e+03 -7.41407e+04 10512 0 6.2587e-01
+1.04609e+04 -7.47816e+04 10513 0 6.0635e-01
+1.09831e+04 -7.54389e+04 10514 0 5.8527e-01
+1.15219e+04 -7.61110e+04 10515 0 5.6381e-01
+1.20805e+04 -7.67952e+04 10516 0 5.4044e-01
+1.26626e+04 -7.74893e+04 10517 0 5.1710e-01
+1.32718e+04 -7.81903e+04 10518 0 4.9158e-01
+1.39126e+04 -7.88958e+04 10519 0 4.6744e-01
+1.45882e+04 -7.96020e+04 10520 0 4.4243e-01
+1.53043e+04 -8.03065e+04 10521 0 4.1900e-01
+1.60639e+04 -8.10052e+04 10522 0 3.9845e-01
+1.68728e+04 -8.16951e+04 10523 0 3.7986e-01
+1.77344e+04 -8.23720e+04 10524 0 3.6459e-01
+1.86532e+04 -8.30316e+04 10525 0 3.4307e-01
+1.96297e+04 -8.36688e+04 10526 0 3.2743e-01
+2.06637e+04 -8.42780e+04 10527 0 3.0304e-01
+2.17646e+04 -8.48595e+04 10528 0 3.9983e-01
+2.29511e+04 -8.54129e+04 10529 0 3.9225e-01
+2.41976e+04 -8.59267e+04 10530 0 3.5692e-01
+2.55057e+04 -8.63981e+04 10531 0 3.6424e-01
+2.68885e+04 -8.68275e+04 10532 0 3.7215e-01
+3.68095e+04 -7.67585e+04 2010120 1 5.9571e-01
+3.78291e+04 -7.70379e+04 2010121 1 6.0554e-01
+3.58216e+04 -7.64444e+04 2010119 1 5.8274e-01
+3.18805e+04 -7.63132e+04 2010075 1 5.6466e-01
+3.10156e+04 -7.58359e+04 2010074 1 5.4243e-01
+4.20282e+04 -7.65383e+04 3010118 1 5.8704e-01
+4.20628e+04 -8.23774e+04 1010746 1 6.9053e-01
+4.31357e+04 -7.66920e+04 3010119 1 5.8690e-01
+4.30327e+04 -8.13733e+04 1010785 1 6.6841e-01
+4.30138e+04 -8.43911e+04 1010670 1 7.0070e-01
+4.24923e+04 -8.34098e+04 1010708 1 6.9818e-01
+4.37693e+04 -8.70733e+04 1010555 0 5.5392e-01
+4.33109e+04 -8.79098e+04 1010516 0 4.8133e-01
+4.27999e+04 -8.61988e+04 1010593 0 6.4200e-01
+4.30863e+04 -8.87365e+04 1010477 0 4.4075e-01
+4.48097e+04 -8.87483e+04 1010478 0 4.3999e-01
+4.48309e+04 -8.95717e+04 1010439 0 4.6059e-01
+4.50813e+04 -9.03951e+04 1010400 0 5.3394e-01
+4.55621e+04 -9.12236e+04 1010361 0 6.3343e-01
+4.62663e+04 -9.20622e+04 1010322 0 7.5848e-01
+4.67152e+04 -9.37952e+04 1010243 0 1.0411e+00
+4.65505e+04 -9.47032e+04 1010203 0 1.2279e+00
+1.22234e+04 -7.43847e+04 10556 0 4.9298e-01
+1.27668e+04 -7.51273e+04 10557 0 4.7379e-01
+1.33311e+04 -7.58795e+04 10558 0 4.5289e-01
+1.39215e+04 -7.66396e+04 10559 0 4.3174e-01
+1.45414e+04 -7.74034e+04 10560 0 4.1097e-01
+1.51963e+04 -7.81686e+04 10561 0 3.8885e-01
+1.58905e+04 -7.89309e+04 10562 0 3.6809e-01
+1.66285e+04 -7.96867e+04 10563 0 3.4825e-01
+1.74165e+04 -8.04325e+04 10564 0 3.3811e-01
+1.82580e+04 -8.11635e+04 10565 0 3.4041e-01
+1.91577e+04 -8.18750e+04 10566 0 3.3981e-01
+2.01156e+04 -8.25605e+04 10567 0 3.4482e-01
+2.11270e+04 -8.32129e+04 10568 0 3.3543e-01
+2.22220e+04 -8.38399e+04 10569 0 4.0161e-01
+2.33901e+04 -8.44305e+04 10570 0 3.5968e-01
+2.46151e+04 -8.49759e+04 10571 0 3.3162e-01
+2.59174e+04 -8.54777e+04 10572 0 3.7869e-01
+2.72852e+04 -8.59314e+04 10573 0 3.7988e-01
+3.88796e+04 -7.72838e+04 2010122 1 6.1188e-01
+2.46087e+04 -7.44335e+04 10848 1 4.9927e-01
+3.99595e+04 -7.74977e+04 3010078 1 6.1541e-01
+4.10677e+04 -7.76811e+04 3010079 1 6.1604e-01
+3.37186e+04 -7.71513e+04 2010077 1 6.0063e-01
+3.27814e+04 -7.67516e+04 2010076 1 5.8315e-01
+4.17157e+04 -8.12905e+04 1010784 1 6.7889e-01
+4.10591e+04 -8.33408e+04 1010707 1 7.1289e-01
+2.81261e+04 -7.56611e+04 2010031 1 5.3207e-01
+4.15091e+04 -8.43398e+04 1010669 1 7.1776e-01
+4.11747e+04 -8.61539e+04 1010592 0 6.5134e-01
+4.20707e+04 -8.52903e+04 1010631 1 7.0205e-01
+4.20956e+04 -8.70460e+04 1010554 0 5.5865e-01
+4.16335e+04 -9.03592e+04 1010398 0 5.5946e-01
+4.16079e+04 -8.78778e+04 1010515 0 4.8140e-01
+4.31013e+04 -8.95602e+04 1010438 0 4.6583e-01
+4.33569e+04 -9.03858e+04 1010399 0 5.4657e-01
+4.39001e+04 -9.29105e+04 1010281 0 9.5393e-01
+4.38545e+04 -9.12178e+04 1010360 0 6.5432e-01
+4.52211e+04 -9.56439e+04 1010162 0 1.4730e+00
+4.51208e+04 -9.37934e+04 1010242 0 1.0820e+00
+4.52671e+04 -8.03878e+04 3010006 1 6.3501e-01
+4.55431e+04 -9.29174e+04 1010282 0 9.1873e-01
+1.36765e+04 -7.37987e+04 10598 0 4.4001e-01
+1.42281e+04 -7.46006e+04 10599 0 4.2622e-01
+1.48040e+04 -7.54089e+04 10600 0 4.1440e-01
+1.54091e+04 -7.62204e+04 10601 0 4.0293e-01
+1.60485e+04 -7.70316e+04 10602 0 3.9159e-01
+1.67275e+04 -7.78386e+04 10603 0 3.8212e-01
+1.74509e+04 -7.86373e+04 10604 0 3.7138e-01
+1.82245e+04 -7.94236e+04 10605 0 3.5815e-01
+1.90546e+04 -8.01936e+04 10606 0 3.8300e-01
+1.99422e+04 -8.09398e+04 10607 0 4.0901e-01
+2.08864e+04 -8.16546e+04 10608 0 4.2505e-01
+2.18880e+04 -8.23346e+04 10609 0 4.6168e-01
+2.29806e+04 -8.29876e+04 10610 0 4.3562e-01
+2.41291e+04 -8.35940e+04 10611 0 4.1919e-01
+2.53492e+04 -8.41546e+04 10612 0 4.6502e-01
+2.66403e+04 -8.46669e+04 10613 0 4.5706e-01
+2.79892e+04 -8.51257e+04 10614 0 4.7077e-01
+3.56997e+04 -7.78378e+04 2010079 1 6.2841e-01
+3.46915e+04 -7.75132e+04 2010078 1 6.1644e-01
+4.22027e+04 -7.78357e+04 3010080 1 6.1458e-01
+2.89242e+04 -7.62361e+04 2010032 1 5.5624e-01
+3.96465e+04 -8.32432e+04 1010706 1 7.2628e-01
+4.07004e+04 -8.22887e+04 1010745 1 7.0217e-01
+4.00210e+04 -8.42607e+04 1010668 1 7.3362e-01
+3.87744e+04 -8.69089e+04 1010552 0 5.6033e-01
+4.05093e+04 -8.52284e+04 1010630 1 7.1638e-01
+3.95612e+04 -8.60799e+04 1010591 0 6.5834e-01
+4.04292e+04 -8.69926e+04 1010553 0 5.6080e-01
+3.96518e+04 -8.94745e+04 1010436 0 4.7409e-01
+3.96516e+04 -8.86448e+04 1010475 0 4.3791e-01
+3.99121e+04 -8.78196e+04 1010514 0 4.7909e-01
+4.13655e+04 -8.87032e+04 1010476 0 4.4004e-01
+4.13736e+04 -8.95289e+04 1010437 0 4.7029e-01
+4.12270e+04 -9.20203e+04 1010319 0 8.4382e-01
+4.22576e+04 -9.28935e+04 1010280 0 9.8846e-01
+4.21470e+04 -9.11977e+04 1010359 0 6.7507e-01
+4.34757e+04 -9.46917e+04 1010201 0 1.3221e+00
+4.29058e+04 -9.20471e+04 1010320 0 8.1560e-01
+4.45867e+04 -9.20604e+04 1010321 0 7.8702e-01
+4.50131e+04 -9.47001e+04 1010202 0 1.2751e+00
+4.57467e+04 -9.66331e+04 1010122 0 1.6651e+00
+4.48764e+04 -7.92545e+04 3010044 1 6.2304e-01
+4.61357e+04 -7.93109e+04 3010045 1 6.1368e-01
+4.65835e+04 -9.76774e+04 1010082 0 1.8387e+00
+4.65825e+04 -8.04231e+04 3010007 1 6.2314e-01
+1.59158e+04 -7.45417e+04 10641 0 4.4991e-01
+1.65130e+04 -7.53884e+04 10642 0 4.4947e-01
+1.71446e+04 -7.62316e+04 10643 0 4.5191e-01
+1.78161e+04 -7.70674e+04 10644 0 4.5546e-01
+1.85337e+04 -7.78918e+04 10645 0 4.6304e-01
+1.93022e+04 -7.87003e+04 10646 0 4.5951e-01
+2.01295e+04 -7.94893e+04 10647 0 4.9922e-01
+2.10141e+04 -8.02482e+04 10648 0 5.4385e-01
+2.19428e+04 -8.09653e+04 10649 0 5.6754e-01
+2.29631e+04 -8.16594e+04 10650 0 5.5929e-01
+2.40395e+04 -8.23068e+04 10651 0 5.5953e-01
+2.51830e+04 -8.29079e+04 10652 0 5.9442e-01
+2.63974e+04 -8.34601e+04 10653 0 5.8549e-01
+2.76694e+04 -8.39582e+04 10654 0 6.0388e-01
+2.90056e+04 -8.44026e+04 10655 0 6.1728e-01
+3.89259e+04 -7.85990e+04 3010039 1 6.4455e-01
+3.78183e+04 -7.83793e+04 2010081 1 6.4214e-01
+3.67424e+04 -7.81261e+04 2010080 1 6.3704e-01
+2.97603e+04 -7.67727e+04 2010033 1 5.7886e-01
+4.04222e+04 -8.11805e+04 1010783 1 6.8774e-01
+3.93619e+04 -8.21709e+04 1010744 1 7.1233e-01
+3.85532e+04 -8.41500e+04 1010667 1 7.4791e-01
+3.89638e+04 -8.51356e+04 1010629 1 7.2900e-01
+3.79637e+04 -8.59726e+04 1010590 0 6.6229e-01
+3.71362e+04 -8.67902e+04 1010551 0 5.5692e-01
+3.82281e+04 -8.77309e+04 1010513 0 4.7390e-01
+3.79494e+04 -8.85570e+04 1010474 0 4.3444e-01
+3.79410e+04 -8.93931e+04 1010435 0 4.7709e-01
+3.82066e+04 -9.02417e+04 1010396 0 5.8265e-01
+3.99151e+04 -9.03123e+04 1010397 0 5.7150e-01
+4.04431e+04 -9.11604e+04 1010358 0 6.9657e-01
+4.26943e+04 -8.02519e+04 3010004 1 6.5479e-01
+4.37502e+04 -9.56374e+04 1010161 0 1.5256e+00
+4.35257e+04 -9.37846e+04 1010241 0 1.1224e+00
+4.36376e+04 -7.91759e+04 3010043 1 6.3077e-01
+4.39704e+04 -8.03315e+04 3010005 1 6.4566e-01
+4.64841e+04 -9.87883e+04 1010041 0 2.0242e+00
+4.45462e+04 -7.80656e+04 3010082 1 6.0658e-01
+4.54208e+04 -7.69235e+04 3010121 1 5.8147e-01
+4.57513e+04 -7.81449e+04 3010083 1 6.0013e-01
+4.62619e+04 -7.57519e+04 3010160 1 5.5600e-01
+1.72587e+04 -7.40638e+04 10682 0 5.5513e-01
+1.78562e+04 -7.49289e+04 10683 0 5.7166e-01
+1.84896e+04 -7.57858e+04 10684 0 5.8308e-01
+1.91639e+04 -7.66297e+04 10685 0 6.0108e-01
+1.98838e+04 -7.74556e+04 10686 0 6.1167e-01
+2.06585e+04 -7.82619e+04 10687 0 6.1761e-01
+2.14887e+04 -7.90395e+04 10688 0 6.6757e-01
+2.23606e+04 -7.97754e+04 10689 0 7.0013e-01
+2.33149e+04 -8.04844e+04 10690 0 6.8485e-01
+2.43216e+04 -8.11469e+04 10691 0 7.0113e-01
+2.53946e+04 -8.17648e+04 10692 0 7.1302e-01
+2.65291e+04 -8.23327e+04 10693 0 7.1951e-01
+2.77217e+04 -8.28486e+04 10694 0 7.3355e-01
+2.89739e+04 -8.33111e+04 10695 0 7.3743e-01
+3.02772e+04 -8.37200e+04 10696 1 7.4530e-01
+4.00633e+04 -7.87867e+04 3010040 1 6.4452e-01
+3.91547e+04 -8.10410e+04 1010782 1 6.9437e-01
+3.06357e+04 -7.72699e+04 2010034 1 5.9960e-01
+3.82579e+04 -8.31137e+04 1010705 1 7.3810e-01
+3.71095e+04 -8.40044e+04 1010666 1 7.6070e-01
+3.74386e+04 -8.50082e+04 1010628 1 7.3914e-01
+3.63867e+04 -8.58277e+04 1010589 0 6.6378e-01
+3.55200e+04 -8.66323e+04 1010550 0 5.5022e-01
+3.65616e+04 -8.76074e+04 1010512 0 4.6546e-01
+3.62643e+04 -8.84360e+04 1010473 0 4.2933e-01
+3.62467e+04 -8.92812e+04 1010434 0 4.7908e-01
+3.65134e+04 -9.01443e+04 1010395 0 5.9196e-01
+3.87474e+04 -9.11035e+04 1010357 0 7.1774e-01
+3.78916e+04 -9.19170e+04 1010317 0 8.9960e-01
+3.95541e+04 -9.19777e+04 1010318 0 8.7203e-01
+4.06188e+04 -9.28647e+04 1010279 0 1.0227e+00
+4.03442e+04 -9.37408e+04 1010239 0 1.1999e+00
+4.14413e+04 -8.01468e+04 3010003 1 6.6253e-01
+4.22817e+04 -9.56267e+04 1010160 0 1.5769e+00
+4.19325e+04 -9.37675e+04 1010240 0 1.1615e+00
+4.24211e+04 -7.90732e+04 3010042 1 6.3715e-01
+4.52668e+04 -9.76756e+04 1010081 0 1.8996e+00
+4.43498e+04 -9.66291e+04 1010121 0 1.7220e+00
+4.33627e+04 -7.79632e+04 3010081 1 6.1145e-01
+4.42671e+04 -7.68198e+04 3010120 1 5.8510e-01
+1.88040e+04 -7.39022e+04 10723 1 6.5080e-01
+1.94078e+04 -7.47588e+04 10724 1 6.6166e-01
+2.00472e+04 -7.55992e+04 10725 1 6.7300e-01
+2.07266e+04 -7.64191e+04 10726 1 6.8712e-01
+2.14520e+04 -7.72154e+04 10727 1 6.9276e-01
+2.22271e+04 -7.79800e+04 10728 1 7.1488e-01
+2.30470e+04 -7.87129e+04 10729 1 7.2706e-01
+2.39311e+04 -7.94098e+04 10730 1 7.3077e-01
+2.48672e+04 -8.00659e+04 10731 1 7.4713e-01
+2.58642e+04 -8.06778e+04 10732 1 7.5370e-01
+2.69158e+04 -8.12430e+04 10733 1 7.6552e-01
+2.80240e+04 -8.17593e+04 10734 1 7.7448e-01
+2.91861e+04 -8.22255e+04 10735 1 7.8183e-01
+3.03982e+04 -8.26417e+04 10736 1 7.8737e-01
+3.16591e+04 -8.30079e+04 10737 1 7.8757e-01
+3.80500e+04 -8.20213e+04 1010743 1 7.2057e-01
+3.56940e+04 -8.38203e+04 1010665 1 7.7167e-01
+3.25047e+04 -7.81451e+04 2010036 1 6.3463e-01
+3.68967e+04 -8.29496e+04 1010704 1 7.4827e-01
+3.15503e+04 -7.77276e+04 2010035 1 6.1813e-01
+3.59380e+04 -8.48420e+04 1010627 1 7.4650e-01
+3.48354e+04 -8.56410e+04 1010588 0 6.6150e-01
+3.39321e+04 -8.64311e+04 1010549 0 5.3945e-01
+3.33057e+04 -8.72392e+04 1010510 0 4.4442e-01
+3.46026e+04 -8.82776e+04 1010472 0 4.2274e-01
+3.29708e+04 -8.80784e+04 1010471 0 4.1387e-01
+3.49189e+04 -8.74448e+04 1010511 0 4.5418e-01
+3.45754e+04 -8.91351e+04 1010433 0 4.7949e-01
+3.48421e+04 -9.00170e+04 1010394 0 5.9887e-01
+3.54007e+04 -9.09191e+04 1010355 0 7.5967e-01
+3.62443e+04 -9.18362e+04 1010316 0 9.2566e-01
+3.73683e+04 -9.27644e+04 1010277 0 1.0860e+00
+3.70648e+04 -9.10239e+04 1010356 0 7.3913e-01
+4.04108e+04 -9.46552e+04 1010199 0 1.4136e+00
+3.87643e+04 -9.37032e+04 1010238 0 1.2389e+00
+3.89876e+04 -9.28222e+04 1010278 0 1.0550e+00
+4.19408e+04 -9.46770e+04 1010200 0 1.3683e+00
+4.39515e+04 -9.76727e+04 1010080 0 1.9590e+00
+4.68313e+04 -9.99824e+04 1010000 0 2.1743e+00
+4.12290e+04 -7.89441e+04 3010041 1 6.4166e-01
+3.55343e+04 -8.04224e+04 10860 1 7.0248e-01
+2.04000e+04 -7.37636e+04 10764 1 5.9223e-01
+4.65955e+04 -7.70049e+04 3010122 1 5.7634e-01
+2.10090e+04 -7.45886e+04 10765 1 6.0862e-01
+2.16526e+04 -7.53917e+04 10766 1 6.1637e-01
+2.23336e+04 -7.61713e+04 10767 1 6.5575e-01
+2.30566e+04 -7.69140e+04 10768 1 6.5963e-01
+2.38250e+04 -7.76319e+04 10769 1 6.6817e-01
+2.46436e+04 -7.83124e+04 10770 1 6.8174e-01
+2.55111e+04 -7.89557e+04 10771 1 6.9807e-01
+2.64318e+04 -7.95569e+04 10772 1 7.1283e-01
+2.74036e+04 -8.01157e+04 10773 1 7.2815e-01
+2.84282e+04 -8.06290e+04 10774 1 7.4053e-01
+2.95034e+04 -8.10964e+04 10775 1 7.5144e-01
+3.06274e+04 -8.15176e+04 10776 1 7.5999e-01
+3.17989e+04 -8.18922e+04 10777 1 7.6425e-01
+3.30147e+04 -8.22211e+04 10778 1 7.6476e-01
+3.34984e+04 -7.85231e+04 2010037 1 6.4945e-01
+3.79158e+04 -8.08696e+04 1010781 1 6.9919e-01
+3.67680e+04 -8.18372e+04 1010742 1 7.2702e-01
+3.55666e+04 -8.27478e+04 1010703 1 7.5657e-01
+3.44663e+04 -8.46336e+04 1010626 1 7.5115e-01
+3.43110e+04 -8.35948e+04 1010664 1 7.7994e-01
+3.23796e+04 -8.61826e+04 1010548 0 5.2341e-01
+3.33153e+04 -8.54084e+04 1010587 0 6.5621e-01
+3.17281e+04 -8.69872e+04 1010509 0 4.3317e-01
+3.13762e+04 -8.78353e+04 1010470 0 4.0154e-01
+3.29339e+04 -8.89519e+04 1010432 0 4.7688e-01
+3.31992e+04 -8.98570e+04 1010393 0 6.1181e-01
+3.13307e+04 -8.87289e+04 1010431 0 4.6997e-01
+3.21524e+04 -9.06248e+04 1010353 0 7.9855e-01
+3.37612e+04 -9.07868e+04 1010354 0 7.7993e-01
+3.15900e+04 -8.96621e+04 1010392 0 6.2639e-01
+3.30181e+04 -9.16062e+04 1010314 0 9.7025e-01
+3.46179e+04 -9.17331e+04 1010315 0 9.4964e-01
+3.57657e+04 -9.26896e+04 1010276 0 1.1133e+00
+3.71966e+04 -9.36534e+04 1010237 0 1.2773e+00
+3.88888e+04 -9.46253e+04 1010198 0 1.4572e+00
+4.08176e+04 -9.56112e+04 1010159 0 1.6262e+00
+3.73779e+04 -9.45865e+04 1010197 0 1.4985e+00
+4.52531e+04 -9.87876e+04 1010040 0 2.0877e+00
+3.93605e+04 -9.55903e+04 1010158 0 1.6728e+00
+4.29548e+04 -9.66227e+04 1010120 0 1.7775e+00
+4.02136e+04 -8.00138e+04 3010002 1 6.6860e-01
+4.51348e+04 -7.56457e+04 3010159 1 5.5837e-01
+2.25291e+04 -7.42309e+04 10806 1 5.1678e-01
+2.31788e+04 -7.50037e+04 10807 1 5.4028e-01
+2.38607e+04 -7.57376e+04 10808 1 5.8377e-01
+2.45822e+04 -7.64442e+04 10809 1 5.9667e-01
+2.53478e+04 -7.71169e+04 10810 1 6.1412e-01
+2.61571e+04 -7.77546e+04 10811 1 6.3434e-01
+2.70130e+04 -7.83524e+04 10812 1 6.5339e-01
+2.79155e+04 -7.89102e+04 10813 1 6.7255e-01
+2.88661e+04 -7.94256e+04 10814 1 6.8892e-01
+2.98640e+04 -7.98981e+04 10815 1 7.0450e-01
+3.09083e+04 -8.03275e+04 10816 1 7.1663e-01
+3.19983e+04 -8.07131e+04 10817 1 7.2622e-01
+3.31316e+04 -8.10557e+04 10818 1 7.3228e-01
+3.43057e+04 -8.13565e+04 10819 1 7.3386e-01
+3.67041e+04 -7.94276e+04 2010040 1 6.7214e-01
+3.78429e+04 -7.96562e+04 3010000 1 6.7333e-01
+3.45301e+04 -7.88624e+04 2010038 1 6.6132e-01
+3.67082e+04 -8.06640e+04 1010780 1 7.0213e-01
+3.55188e+04 -8.16164e+04 1010741 1 7.3156e-01
+3.18328e+04 -8.51265e+04 1010586 0 6.4503e-01
+3.42715e+04 -8.25058e+04 1010702 1 7.6280e-01
+3.30285e+04 -8.43794e+04 1010625 1 7.5296e-01
+3.55992e+04 -7.91635e+04 2010039 1 6.6853e-01
+3.08675e+04 -8.58836e+04 1010547 0 5.1058e-01
+2.98274e+04 -8.75464e+04 1010469 0 3.8027e-01
+3.01933e+04 -8.66858e+04 1010508 0 4.1840e-01
+2.97711e+04 -8.84644e+04 1010430 0 4.7701e-01
+3.29647e+04 -8.33249e+04 1010663 1 7.8484e-01
+3.00211e+04 -8.94307e+04 1010391 0 6.3901e-01
+3.16299e+04 -8.40758e+04 1010624 1 7.5157e-01
+3.05805e+04 -9.04321e+04 1010352 0 8.1250e-01
+3.14511e+04 -9.14542e+04 1010313 0 9.8468e-01
+3.03954e+04 -8.47918e+04 1010585 0 6.3001e-01
+2.94013e+04 -8.55316e+04 1010546 0 4.9576e-01
+2.87097e+04 -8.63339e+04 1010507 0 3.9198e-01
+2.83311e+04 -8.72107e+04 1010468 0 3.7366e-01
+3.26322e+04 -9.24841e+04 1010274 0 1.1527e+00
+2.82595e+04 -8.81573e+04 1010429 0 4.8312e-01
+2.84986e+04 -8.91621e+04 1010390 0 6.4583e-01
+3.56453e+04 -9.35903e+04 1010236 0 1.3133e+00
+2.90523e+04 -9.02080e+04 1010351 0 8.1781e-01
+3.41851e+04 -9.25965e+04 1010275 0 1.1356e+00
+2.99236e+04 -9.12766e+04 1010312 0 9.8678e-01
+3.58818e+04 -9.45379e+04 1010196 0 1.5363e+00
+3.79128e+04 -9.55635e+04 1010157 0 1.7164e+00
+3.11115e+04 -9.23514e+04 1010273 0 1.1791e+00
+3.90134e+04 -7.98510e+04 3010001 1 6.7194e-01
+3.26087e+04 -9.34205e+04 1010234 0 1.3757e+00
+3.44041e+04 -9.44791e+04 1010195 0 1.5696e+00
+4.26386e+04 -9.76686e+04 1010079 0 2.0156e+00
+3.87989e+04 -9.65855e+04 1010117 0 1.9271e+00
+4.40232e+04 -9.87865e+04 1010039 0 2.1495e+00
+4.13294e+04 -9.76630e+04 1010078 0 2.0698e+00
+3.41145e+04 -9.35130e+04 1010235 0 1.3464e+00
+4.15635e+04 -9.66135e+04 1010119 0 1.8306e+00
+3.64774e+04 -9.55303e+04 1010156 0 1.7559e+00
+2.52941e+04 -7.51387e+04 10849 1 5.2945e-01
+4.01775e+04 -9.66011e+04 1010118 0 1.8808e+00
+2.60175e+04 -7.58125e+04 10850 1 5.4961e-01
+2.67796e+04 -7.64519e+04 10851 1 5.7128e-01
+2.75828e+04 -7.70539e+04 10852 1 5.9372e-01
+2.84275e+04 -7.76177e+04 10853 1 6.1572e-01
+2.93154e+04 -7.81411e+04 10854 1 6.3484e-01
+3.02467e+04 -7.86236e+04 10855 1 6.5346e-01
+3.12211e+04 -7.90651e+04 10856 1 6.6908e-01
+3.22386e+04 -7.94650e+04 10857 1 6.8250e-01
+3.32977e+04 -7.98240e+04 10858 1 6.9356e-01
+3.43967e+04 -8.01429e+04 10859 1 7.0042e-01
