+2.45420e+01 -3.96450e+04 4010000 1 3.1763e-01
+1.59489e+03 -3.96651e+04 4010001 1 3.1886e-01
+3.16221e+03 -3.97192e+04 4010002 1 3.2108e-01
+4.72386e+03 -3.98074e+04 4010003 1 3.2490e-01
+6.27671e+03 -3.99301e+04 4010004 1 3.3033e-01
+7.81829e+03 -4.00859e+04 4010005 1 3.3577e-01
+9.34630e+03 -4.02729e+04 4010006 1 3.4175e-01
+1.08582e+04 -4.04901e+04 4010007 1 3.4774e-01
+1.23522e+04 -4.07354e+04 4010008 1 3.5290e-01
+1.38267e+04 -4.10068e+04 4010009 1 3.5724e-01
+1.52799e+04 -4.13021e+04 4010010 1 3.6061e-01
+1.67109e+04 -4.16192e+04 4010011 1 3.6268e-01
+1.81188e+04 -4.19556e+04 4010012 1 3.6328e-01
+1.95030e+04 -4.23090e+04 4010013 1 3.6224e-01
+2.08631e+04 -4.26772e+04 4010014 1 3.5963e-01
+2.21989e+04 -4.30576e+04 4010015 1 3.5572e-01
+2.35107e+04 -4.34480e+04 4010016 1 3.5004e-01
+2.47987e+04 -4.38463e+04 4010017 1 3.4259e-01
+2.60635e+04 -4.42503e+04 4010018 1 3.3482e-01
+2.73058e+04 -4.46577e+04 4010019 1 3.2529e-01
+2.85262e+04 -4.50670e+04 4010020 1 3.1349e-01
+2.97256e+04 -4.54762e+04 4010021 1 3.0303e-01
+3.09055e+04 -4.58834e+04 4010022 1 2.9122e-01
+3.20666e+04 -4.62873e+04 4010023 1 2.7469e-01
+3.32092e+04 -4.66868e+04 4010024 1 2.6320e-01
+3.43359e+04 -4.70799e+04 4010025 1 2.5132e-01
+3.54478e+04 -4.74656e+04 4010026 1 2.3900e-01
+3.65453e+04 -4.78431e+04 4010027 1 2.2075e-01
+3.76286e+04 -4.82118e+04 4010028 1 2.0780e-01
+3.87007e+04 -4.85704e+04 4010029 1 1.9747e-01
+1.07813e+04 -4.81399e+04 2010499 1 3.6699e-01
+1.22868e+04 -4.75173e+04 2010541 1 3.7392e-01
+1.37713e+04 -4.69023e+04 2010583 1 3.7813e-01
+1.52332e+04 -4.62882e+04 2010625 1 3.7969e-01
+1.94527e+04 -4.54454e+04 2010710 1 3.7388e-01
+1.66720e+04 -4.56692e+04 2010667 1 3.7895e-01
+2.21476e+04 -4.52165e+04 2010753 1 3.6194e-01
+2.60184e+04 -4.53812e+04 2010797 1 3.3625e-01
+2.47628e+04 -4.49597e+04 2010796 1 3.4478e-01
+2.44879e+01 -3.87333e+04 4010041 1 3.1550e-01
+1.59139e+03 -3.87523e+04 4010042 1 3.1663e-01
+3.15541e+03 -3.88037e+04 4010043 1 3.1864e-01
+4.71404e+03 -3.88873e+04 4010044 1 3.2208e-01
+6.26428e+03 -3.90039e+04 4010045 1 3.2706e-01
+7.80379e+03 -3.91517e+04 4010046 1 3.3209e-01
+9.33036e+03 -3.93294e+04 4010047 1 3.3762e-01
+1.08416e+04 -3.95357e+04 4010048 1 3.4322e-01
+1.23356e+04 -3.97689e+04 4010049 1 3.4807e-01
+1.38110e+04 -4.00270e+04 4010050 1 3.5215e-01
+1.52661e+04 -4.03080e+04 4010051 1 3.5550e-01
+1.66999e+04 -4.06099e+04 4010052 1 3.5752e-01
+1.81114e+04 -4.09304e+04 4010053 1 3.5814e-01
+1.95001e+04 -4.12674e+04 4010054 1 3.5725e-01
+2.08655e+04 -4.16187e+04 4010055 1 3.5520e-01
+2.22076e+04 -4.19819e+04 4010056 1 3.5159e-01
+2.35263e+04 -4.23550e+04 4010057 1 3.4626e-01
+2.48218e+04 -4.27359e+04 4010058 1 3.3987e-01
+2.60948e+04 -4.31225e+04 4010059 1 3.3257e-01
+2.73459e+04 -4.35128e+04 4010060 1 3.2351e-01
+2.85753e+04 -4.39054e+04 4010061 1 3.1304e-01
+2.97843e+04 -4.42980e+04 4010062 1 3.0300e-01
+3.09740e+04 -4.46892e+04 4010063 1 2.9171e-01
+3.21448e+04 -4.50776e+04 4010064 1 2.7662e-01
+3.32976e+04 -4.54621e+04 4010065 1 2.6563e-01
+3.44344e+04 -4.58408e+04 4010066 1 2.5422e-01
+3.55564e+04 -4.62128e+04 4010067 1 2.4234e-01
+3.66636e+04 -4.65773e+04 4010068 1 2.2310e-01
+3.77566e+04 -4.69336e+04 4010069 1 2.1269e-01
+3.88382e+04 -4.72805e+04 4010070 1 2.0262e-01
+3.99092e+04 -4.76174e+04 4010071 1 1.9270e-01
+4.09703e+04 -4.79437e+04 4010072 1 1.8304e-01
+4.20223e+04 -4.82592e+04 4010073 1 1.7429e-01
+4.30664e+04 -4.85633e+04 4010074 1 1.6651e-01
+9.29632e+03 -4.78259e+04 2010498 1 3.5812e-01
+1.51941e+04 -4.72905e+04 2010584 1 3.8152e-01
+1.08187e+04 -4.71784e+04 2010540 1 3.6712e-01
+9.32620e+03 -4.68772e+04 2010539 1 3.5860e-01
+1.52609e+04 -4.52879e+04 2010666 1 3.7723e-01
+1.80876e+04 -4.50405e+04 2010709 1 3.7553e-01
+2.34833e+04 -4.45438e+04 2010795 1 3.5309e-01
+2.44258e+01 -3.78195e+04 4010082 1 3.1291e-01
+1.58737e+03 -3.78375e+04 4010083 1 3.1394e-01
+3.14758e+03 -3.78863e+04 4010084 1 3.1578e-01
+4.70265e+03 -3.79655e+04 4010085 1 3.1893e-01
+6.24975e+03 -3.80760e+04 4010086 1 3.2353e-01
+7.78660e+03 -3.82162e+04 4010087 1 3.2818e-01
+9.31113e+03 -3.83848e+04 4010088 1 3.3327e-01
+1.08210e+04 -3.85806e+04 4010089 1 3.3849e-01
+1.23145e+04 -3.88020e+04 4010090 1 3.4301e-01
+1.37901e+04 -3.90472e+04 4010091 1 3.4687e-01
+1.52463e+04 -3.93143e+04 4010092 1 3.5005e-01
+1.66820e+04 -3.96014e+04 4010093 1 3.5199e-01
+1.80964e+04 -3.99064e+04 4010094 1 3.5262e-01
+1.94888e+04 -4.02273e+04 4010095 1 3.5213e-01
+2.08588e+04 -4.05620e+04 4010096 1 3.5028e-01
+2.22061e+04 -4.09084e+04 4010097 1 3.4694e-01
+2.35308e+04 -4.12645e+04 4010098 1 3.4195e-01
+2.48331e+04 -4.16283e+04 4010099 1 3.3647e-01
+2.61135e+04 -4.19978e+04 4010100 1 3.2957e-01
+2.73724e+04 -4.23712e+04 4010101 1 3.2094e-01
+2.86101e+04 -4.27471e+04 4010102 1 3.1171e-01
+2.98279e+04 -4.31234e+04 4010103 1 3.0223e-01
+3.10266e+04 -4.34986e+04 4010104 1 2.9141e-01
+3.22065e+04 -4.38716e+04 4010105 1 2.7770e-01
+3.33688e+04 -4.42410e+04 4010106 1 2.6722e-01
+3.45151e+04 -4.46053e+04 4010107 1 2.5632e-01
+3.56464e+04 -4.49635e+04 4010108 1 2.4489e-01
+3.67628e+04 -4.53149e+04 4010109 1 2.2674e-01
+3.78651e+04 -4.56588e+04 4010110 1 2.1664e-01
+3.89556e+04 -4.59939e+04 4010111 1 2.0684e-01
+4.00353e+04 -4.63196e+04 4010112 1 1.9728e-01
+4.11047e+04 -4.66355e+04 4010113 1 1.8755e-01
+4.21647e+04 -4.69412e+04 4010114 1 1.7860e-01
+4.32163e+04 -4.72363e+04 4010115 1 1.7052e-01
+4.42606e+04 -4.75204e+04 4010116 1 1.6341e-01
+4.52981e+04 -4.77934e+04 4010117 1 1.5757e-01
+4.63297e+04 -4.80551e+04 4010118 1 1.5278e-01
+1.38026e+04 -4.59161e+04 2010624 1 3.7629e-01
+2.08269e+04 -4.48007e+04 2010752 1 3.6713e-01
+1.94803e+04 -4.43978e+04 2010751 1 3.7069e-01
+2.21793e+04 -4.41358e+04 2010794 1 3.5923e-01
+2.43567e+01 -3.69033e+04 4010123 1 3.1007e-01
+1.58290e+03 -3.69204e+04 4010124 1 3.1100e-01
+3.13883e+03 -3.69666e+04 4010125 1 3.1270e-01
+4.68987e+03 -3.70416e+04 4010126 1 3.1555e-01
+6.23332e+03 -3.71462e+04 4010127 1 3.1979e-01
+7.76700e+03 -3.72791e+04 4010128 1 3.2409e-01
+9.28895e+03 -3.74388e+04 4010129 1 3.2874e-01
+1.07969e+04 -3.76244e+04 4010130 1 3.3356e-01
+1.22892e+04 -3.78344e+04 4010131 1 3.3779e-01
+1.37644e+04 -3.80670e+04 4010132 1 3.4137e-01
+1.52211e+04 -3.83206e+04 4010133 1 3.4436e-01
+1.66580e+04 -3.85933e+04 4010134 1 3.4621e-01
+1.80745e+04 -3.88833e+04 4010135 1 3.4696e-01
+1.94698e+04 -3.91885e+04 4010136 1 3.4663e-01
+2.08436e+04 -3.95070e+04 4010137 1 3.4496e-01
+2.21954e+04 -3.98369e+04 4010138 1 3.4183e-01
+2.35254e+04 -4.01763e+04 4010139 1 3.3759e-01
+2.48336e+04 -4.05232e+04 4010140 1 3.3246e-01
+2.61206e+04 -4.08760e+04 4010141 1 3.2599e-01
+2.73864e+04 -4.12328e+04 4010142 1 3.1768e-01
+2.86318e+04 -4.15922e+04 4010143 1 3.0970e-01
+2.98576e+04 -4.19522e+04 4010144 1 3.0073e-01
+3.10645e+04 -4.23116e+04 4010145 1 2.9028e-01
+3.22528e+04 -4.26693e+04 4010146 1 2.7798e-01
+3.34239e+04 -4.30237e+04 4010147 1 2.6801e-01
+3.45789e+04 -4.33736e+04 4010148 1 2.5762e-01
+3.57190e+04 -4.37179e+04 4010149 1 2.4664e-01
+3.68440e+04 -4.40561e+04 4010150 1 2.2964e-01
+3.79550e+04 -4.43873e+04 4010151 1 2.1987e-01
+3.90541e+04 -4.47105e+04 4010152 1 2.1034e-01
+4.01420e+04 -4.50249e+04 4010153 1 2.0110e-01
+4.12194e+04 -4.53302e+04 4010154 1 1.9148e-01
+4.22871e+04 -4.56259e+04 4010155 1 1.8256e-01
+4.33460e+04 -4.59117e+04 4010156 1 1.7429e-01
+4.43971e+04 -4.61872e+04 4010157 1 1.6690e-01
+4.54412e+04 -4.64523e+04 4010158 1 1.6056e-01
+4.64788e+04 -4.67067e+04 4010159 1 1.5530e-01
+1.23214e+04 -4.65442e+04 2010582 1 3.7304e-01
+1.08462e+04 -4.62194e+04 2010581 1 3.6631e-01
+1.23459e+04 -4.55732e+04 2010623 1 3.7120e-01
+1.38237e+04 -4.49317e+04 2010665 1 3.7354e-01
+1.66960e+04 -4.46542e+04 2010708 1 3.7575e-01
+2.42811e+01 -3.59845e+04 4010164 1 3.0701e-01
+1.57800e+03 -3.60006e+04 4010165 1 3.0786e-01
+3.12923e+03 -3.60443e+04 4010166 1 3.0942e-01
+4.67581e+03 -3.61153e+04 4010167 1 3.1198e-01
+6.21517e+03 -3.62143e+04 4010168 1 3.1587e-01
+7.74522e+03 -3.63400e+04 4010169 1 3.1979e-01
+9.26407e+03 -3.64911e+04 4010170 1 3.2398e-01
+1.07696e+04 -3.66669e+04 4010171 1 3.2844e-01
+1.22601e+04 -3.68659e+04 4010172 1 3.3237e-01
+1.37344e+04 -3.70863e+04 4010173 1 3.3569e-01
+1.51908e+04 -3.73267e+04 4010174 1 3.3850e-01
+1.66284e+04 -3.75855e+04 4010175 1 3.4030e-01
+1.80462e+04 -3.78607e+04 4010176 1 3.4112e-01
+1.94438e+04 -3.81506e+04 4010177 1 3.4084e-01
+2.08206e+04 -3.84533e+04 4010178 1 3.3930e-01
+2.21762e+04 -3.87671e+04 4010179 1 3.3638e-01
+2.35106e+04 -3.90902e+04 4010180 1 3.3280e-01
+2.48241e+04 -3.94206e+04 4010181 1 3.2802e-01
+2.61168e+04 -3.97569e+04 4010182 1 3.2188e-01
+2.73889e+04 -4.00974e+04 4010183 1 3.1449e-01
+2.86411e+04 -4.04404e+04 4010184 1 3.0709e-01
+2.98742e+04 -4.07844e+04 4010185 1 2.9858e-01
+3.10886e+04 -4.11281e+04 4010186 1 2.8851e-01
+3.22846e+04 -4.14705e+04 4010187 1 2.7759e-01
+3.34638e+04 -4.18101e+04 4010188 1 2.6814e-01
+3.46270e+04 -4.21455e+04 4010189 1 2.5822e-01
+3.57753e+04 -4.24760e+04 4010190 1 2.4769e-01
+3.69084e+04 -4.28009e+04 4010191 1 2.3179e-01
+3.80276e+04 -4.31195e+04 4010192 1 2.2240e-01
+3.91347e+04 -4.34305e+04 4010193 1 2.1321e-01
+4.02305e+04 -4.37335e+04 4010194 1 2.0432e-01
+4.13155e+04 -4.40280e+04 4010195 1 1.9488e-01
+4.23906e+04 -4.43136e+04 4010196 1 1.8601e-01
+4.34565e+04 -4.45898e+04 4010197 1 1.7777e-01
+4.45142e+04 -4.48565e+04 4010198 1 1.7023e-01
+4.55646e+04 -4.51132e+04 4010199 1 1.6353e-01
+4.66081e+04 -4.53600e+04 4010200 1 1.5788e-01
+7.78829e+03 -4.75545e+04 2010497 1 3.4885e-01
+1.52785e+04 -4.42895e+04 2010707 1 3.7392e-01
+1.67098e+04 -4.36411e+04 2010749 1 3.7181e-01
+2.08505e+04 -4.37378e+04 2010793 1 3.6349e-01
+2.41997e+01 -3.50628e+04 4010205 1 3.0372e-01
+1.57272e+03 -3.50780e+04 4010206 1 3.0449e-01
+3.11888e+03 -3.51192e+04 4010207 1 3.0588e-01
+4.66060e+03 -3.51863e+04 4010208 1 3.0813e-01
+6.19546e+03 -3.52798e+04 4010209 1 3.1166e-01
+7.72143e+03 -3.53986e+04 4010210 1 3.1526e-01
+9.23673e+03 -3.55416e+04 4010211 1 3.1906e-01
+1.07393e+04 -3.57078e+04 4010212 1 3.2321e-01
+1.22276e+04 -3.58960e+04 4010213 1 3.2685e-01
+1.37003e+04 -3.61047e+04 4010214 1 3.2990e-01
+1.51559e+04 -3.63324e+04 4010215 1 3.3251e-01
+1.65935e+04 -3.65775e+04 4010216 1 3.3426e-01
+1.80121e+04 -3.68385e+04 4010217 1 3.3507e-01
+1.94113e+04 -3.71134e+04 4010218 1 3.3482e-01
+2.07904e+04 -3.74008e+04 4010219 1 3.3337e-01
+2.21491e+04 -3.76989e+04 4010220 1 3.3100e-01
+2.34873e+04 -3.80059e+04 4010221 1 3.2766e-01
+2.48052e+04 -3.83202e+04 4010222 1 3.2314e-01
+2.61029e+04 -3.86403e+04 4010223 1 3.1731e-01
+2.73806e+04 -3.89646e+04 4010224 1 3.1091e-01
+2.86390e+04 -3.92916e+04 4010225 1 3.0396e-01
+2.98785e+04 -3.96199e+04 4010226 1 2.9588e-01
+3.10997e+04 -3.99481e+04 4010227 1 2.8595e-01
+3.23030e+04 -4.02753e+04 4010228 1 2.7656e-01
+3.34896e+04 -4.06000e+04 4010229 1 2.6764e-01
+3.46604e+04 -4.09212e+04 4010230 1 2.5822e-01
+3.58162e+04 -4.12378e+04 4010231 1 2.4807e-01
+3.69568e+04 -4.15495e+04 4010232 1 2.3333e-01
+3.80838e+04 -4.18552e+04 4010233 1 2.2434e-01
+3.91985e+04 -4.21541e+04 4010234 1 2.1549e-01
+4.03016e+04 -4.24455e+04 4010235 1 2.0691e-01
+4.13940e+04 -4.27290e+04 4010236 1 1.9781e-01
+4.24760e+04 -4.30042e+04 4010237 1 1.8902e-01
+4.35487e+04 -4.32708e+04 4010238 1 1.8083e-01
+4.46129e+04 -4.35283e+04 4010239 1 1.7331e-01
+4.56693e+04 -4.37766e+04 4010240 1 1.6646e-01
+4.67187e+04 -4.40154e+04 4010241 1 1.6046e-01
+7.75700e+03 -4.84950e+04 2010456 1 3.4707e-01
+1.81078e+04 -4.40104e+04 2010750 1 3.7210e-01
+1.94967e+04 -4.33524e+04 2010792 1 3.6678e-01
+1.81179e+04 -4.29822e+04 2010791 1 3.6800e-01
+2.41129e+01 -3.41379e+04 4010246 1 3.0008e-01
+1.56710e+03 -3.41522e+04 4010247 1 3.0077e-01
+3.10782e+03 -3.41912e+04 4010248 1 3.0204e-01
+4.64433e+03 -3.42545e+04 4010249 1 3.0406e-01
+6.17431e+03 -3.43427e+04 4010250 1 3.0731e-01
+7.69581e+03 -3.44549e+04 4010251 1 3.1061e-01
+9.20714e+03 -3.45898e+04 4010252 1 3.1404e-01
+1.07064e+04 -3.47469e+04 4010253 1 3.1786e-01
+1.21919e+04 -3.49247e+04 4010254 1 3.2123e-01
+1.36625e+04 -3.51220e+04 4010255 1 3.2404e-01
+1.51168e+04 -3.53373e+04 4010256 1 3.2647e-01
+1.65538e+04 -3.55693e+04 4010257 1 3.2811e-01
+1.79727e+04 -3.58163e+04 4010258 1 3.2886e-01
+1.93727e+04 -3.60768e+04 4010259 1 3.2862e-01
+2.07535e+04 -3.63492e+04 4010260 1 3.2740e-01
+2.21146e+04 -3.66319e+04 4010261 1 3.2534e-01
+2.34560e+04 -3.69232e+04 4010262 1 3.2222e-01
+2.47777e+04 -3.72218e+04 4010263 1 3.1798e-01
+2.60797e+04 -3.75260e+04 4010264 1 3.1247e-01
+2.73623e+04 -3.78345e+04 4010265 1 3.0693e-01
+2.86261e+04 -3.81457e+04 4010266 1 3.0038e-01
+2.98715e+04 -3.84583e+04 4010267 1 2.9272e-01
+3.10988e+04 -3.87713e+04 4010268 1 2.8297e-01
+3.23086e+04 -3.90835e+04 4010269 1 2.7503e-01
+3.35020e+04 -3.93935e+04 4010270 1 2.6656e-01
+3.46797e+04 -3.97004e+04 4010271 1 2.5763e-01
+3.58425e+04 -4.00032e+04 4010272 1 2.4781e-01
+3.69903e+04 -4.03017e+04 4010273 1 2.3429e-01
+3.81245e+04 -4.05946e+04 4010274 1 2.2569e-01
+3.92462e+04 -4.08812e+04 4010275 1 2.1723e-01
+4.03564e+04 -4.11610e+04 4010276 1 2.0896e-01
+4.14556e+04 -4.14334e+04 4010277 1 2.0026e-01
+4.25444e+04 -4.16981e+04 4010278 1 1.9164e-01
+4.36235e+04 -4.19547e+04 4010279 1 1.8355e-01
+4.46938e+04 -4.22029e+04 4010280 1 1.7609e-01
+4.57562e+04 -4.24424e+04 4010281 1 1.6922e-01
+4.68111e+04 -4.26731e+04 4010282 1 1.6304e-01
+6.23671e+03 -4.82588e+04 2010455 1 3.3756e-01
+1.08649e+04 -4.52623e+04 2010622 1 3.6466e-01
+1.23614e+04 -4.46038e+04 2010664 1 3.6856e-01
+1.38357e+04 -4.39490e+04 2010706 1 3.7026e-01
+1.38397e+04 -4.29675e+04 2010747 1 3.6638e-01
+2.40211e+01 -3.32096e+04 4010287 1 2.9627e-01
+1.56114e+03 -3.32232e+04 4010288 1 2.9690e-01
+3.09612e+03 -3.32599e+04 4010289 1 2.9806e-01
+4.62707e+03 -3.33195e+04 4010290 1 2.9986e-01
+6.15183e+03 -3.34027e+04 4010291 1 3.0283e-01
+7.66849e+03 -3.35084e+04 4010292 1 3.0586e-01
+9.17544e+03 -3.36357e+04 4010293 1 3.0894e-01
+1.06709e+04 -3.37838e+04 4010294 1 3.1244e-01
+1.21532e+04 -3.39516e+04 4010295 1 3.1551e-01
+1.36213e+04 -3.41378e+04 4010296 1 3.1811e-01
+1.50738e+04 -3.43412e+04 4010297 1 3.2033e-01
+1.65097e+04 -3.45604e+04 4010298 1 3.2187e-01
+1.79281e+04 -3.47939e+04 4010299 1 3.2255e-01
+1.93285e+04 -3.50403e+04 4010300 1 3.2235e-01
+2.07104e+04 -3.52981e+04 4010301 1 3.2139e-01
+2.20734e+04 -3.55658e+04 4010302 1 3.1948e-01
+2.34172e+04 -3.58420e+04 4010303 1 3.1655e-01
+2.47419e+04 -3.61251e+04 4010304 1 3.1251e-01
+2.60476e+04 -3.64138e+04 4010305 1 3.0778e-01
+2.73345e+04 -3.67067e+04 4010306 1 3.0260e-01
+2.86031e+04 -3.70024e+04 4010307 1 2.9647e-01
+2.98536e+04 -3.72997e+04 4010308 1 2.8913e-01
+3.10864e+04 -3.75976e+04 4010309 1 2.8050e-01
+3.23021e+04 -3.78949e+04 4010310 1 2.7302e-01
+3.35018e+04 -3.81904e+04 4010311 1 2.6505e-01
+3.46859e+04 -3.84831e+04 4010312 1 2.5654e-01
+3.58552e+04 -3.87722e+04 4010313 1 2.4668e-01
+3.70095e+04 -3.90575e+04 4010314 1 2.3475e-01
+3.81504e+04 -3.93376e+04 4010315 1 2.2656e-01
+3.92788e+04 -3.96119e+04 4010316 1 2.1848e-01
+4.03955e+04 -3.98799e+04 4010317 1 2.1059e-01
+4.15012e+04 -4.01411e+04 4010318 1 2.0231e-01
+4.25964e+04 -4.03952e+04 4010319 1 1.9388e-01
+4.36817e+04 -4.06417e+04 4010320 1 1.8595e-01
+4.47579e+04 -4.08804e+04 4010321 1 1.7859e-01
+4.58259e+04 -4.11110e+04 4010322 1 1.7177e-01
+7.81156e+03 -4.66170e+04 2010538 1 3.4958e-01
+9.34759e+03 -4.59309e+04 2010580 1 3.5806e-01
+1.52869e+04 -4.32925e+04 2010748 1 3.6995e-01
+1.67145e+04 -4.26295e+04 2010790 1 3.6745e-01
+2.39247e+01 -3.22778e+04 4010328 1 2.9231e-01
+1.55489e+03 -3.22905e+04 4010329 1 2.9288e-01
+3.08381e+03 -3.23251e+04 4010330 1 2.9394e-01
+4.60890e+03 -3.23812e+04 4010331 1 2.9554e-01
+6.12810e+03 -3.24594e+04 4010332 1 2.9825e-01
+7.63957e+03 -3.25590e+04 4010333 1 3.0098e-01
+9.14178e+03 -3.26789e+04 4010334 1 3.0369e-01
+1.06330e+04 -3.28183e+04 4010335 1 3.0688e-01
+1.21118e+04 -3.29765e+04 4010336 1 3.0972e-01
+1.35768e+04 -3.31520e+04 4010337 1 3.1212e-01
+1.50270e+04 -3.33438e+04 4010338 1 3.1413e-01
+1.64613e+04 -3.35506e+04 4010339 1 3.1555e-01
+1.78789e+04 -3.37710e+04 4010340 1 3.1617e-01
+1.92791e+04 -3.40038e+04 4010341 1 3.1613e-01
+2.06615e+04 -3.42474e+04 4010342 1 3.1526e-01
+2.20256e+04 -3.45005e+04 4010343 1 3.1347e-01
+2.33713e+04 -3.47618e+04 4010344 1 3.1070e-01
+2.46985e+04 -3.50298e+04 4010345 1 3.0692e-01
+2.60072e+04 -3.53033e+04 4010346 1 3.0285e-01
+2.72978e+04 -3.55809e+04 4010347 1 2.9799e-01
+2.85705e+04 -3.58614e+04 4010348 1 2.9224e-01
+2.98255e+04 -3.61437e+04 4010349 1 2.8514e-01
+3.10632e+04 -3.64268e+04 4010350 1 2.7769e-01
+3.22844e+04 -3.67093e+04 4010351 1 2.7066e-01
+3.34896e+04 -3.69904e+04 4010352 1 2.6313e-01
+3.46795e+04 -3.72692e+04 4010353 1 2.5507e-01
+3.58547e+04 -3.75447e+04 4010354 1 2.4461e-01
+3.70151e+04 -3.78167e+04 4010355 1 2.3474e-01
+3.81622e+04 -3.80841e+04 4010356 1 2.2699e-01
+3.92969e+04 -3.83462e+04 4010357 1 2.1931e-01
+4.04198e+04 -3.86024e+04 4010358 1 2.1176e-01
+4.15316e+04 -3.88523e+04 4010359 1 2.0396e-01
+4.26328e+04 -3.90956e+04 4010360 1 1.9577e-01
+4.37239e+04 -3.93319e+04 4010361 1 1.8806e-01
+4.48059e+04 -3.95610e+04 4010362 1 1.8080e-01
+4.58793e+04 -3.97824e+04 4010363 1 1.7407e-01
+6.26063e+03 -4.73279e+04 2010496 1 3.3980e-01
+9.36152e+03 -4.49863e+04 2010621 1 3.5675e-01
+1.08800e+04 -4.33519e+04 2010704 1 3.5932e-01
+1.38364e+04 -4.19868e+04 2010788 1 3.6200e-01
+2.38239e+01 -3.13422e+04 4010369 1 2.8814e-01
+1.54835e+03 -3.13541e+04 4010370 1 2.8865e-01
+3.07093e+03 -3.13866e+04 4010371 1 2.8959e-01
+4.58985e+03 -3.14394e+04 4010372 1 2.9097e-01
+6.10318e+03 -3.15128e+04 4010373 1 2.9340e-01
+7.60914e+03 -3.16064e+04 4010374 1 2.9589e-01
+9.10626e+03 -3.17192e+04 4010375 1 2.9839e-01
+1.05929e+04 -3.18503e+04 4010376 1 3.0126e-01
+1.20677e+04 -3.19991e+04 4010377 1 3.0387e-01
+1.35293e+04 -3.21643e+04 4010378 1 3.0608e-01
+1.49768e+04 -3.23449e+04 4010379 1 3.0790e-01
+1.64090e+04 -3.25397e+04 4010380 1 3.0920e-01
+1.78251e+04 -3.27474e+04 4010381 1 3.0987e-01
+1.92246e+04 -3.29669e+04 4010382 1 3.0983e-01
+2.06069e+04 -3.31967e+04 4010383 1 3.0904e-01
+2.19717e+04 -3.34356e+04 4010384 1 3.0735e-01
+2.33187e+04 -3.36824e+04 4010385 1 3.0472e-01
+2.46478e+04 -3.39357e+04 4010386 1 3.0154e-01
+2.59590e+04 -3.41943e+04 4010387 1 2.9775e-01
+2.72526e+04 -3.44570e+04 4010388 1 2.9318e-01
+2.85288e+04 -3.47226e+04 4010389 1 2.8771e-01
+2.97878e+04 -3.49902e+04 4010390 1 2.8078e-01
+3.10299e+04 -3.52585e+04 4010391 1 2.7457e-01
+3.22558e+04 -3.55266e+04 4010392 1 2.6798e-01
+3.34660e+04 -3.57935e+04 4010393 1 2.6089e-01
+3.46612e+04 -3.60584e+04 4010394 1 2.5319e-01
+3.58417e+04 -3.63205e+04 4010395 1 2.4164e-01
+3.70078e+04 -3.65794e+04 4010396 1 2.3436e-01
+3.81607e+04 -3.68340e+04 4010397 1 2.2704e-01
+3.93011e+04 -3.70838e+04 4010398 1 2.1977e-01
+4.04298e+04 -3.73282e+04 4010399 1 2.1257e-01
+4.15473e+04 -3.75668e+04 4010400 1 2.0526e-01
+4.26542e+04 -3.77993e+04 4010401 1 1.9736e-01
+4.37509e+04 -3.80254e+04 4010402 1 1.8984e-01
+4.48383e+04 -3.82446e+04 4010403 1 1.8277e-01
+4.59169e+04 -3.84568e+04 4010404 1 1.7616e-01
+7.82782e+03 -4.56818e+04 2010579 1 3.4940e-01
+1.08759e+04 -4.43066e+04 2010663 1 3.6229e-01
+9.36887e+03 -4.40429e+04 2010662 1 3.5472e-01
+7.84253e+03 -4.38154e+04 2010661 1 3.4687e-01
+1.23695e+04 -4.26685e+04 2010746 1 3.6158e-01
+1.08779e+04 -4.23979e+04 2010745 1 3.5584e-01
+2.37189e+01 -3.04025e+04 4010410 1 2.8367e-01
+1.54154e+03 -3.04137e+04 4010411 1 2.8412e-01
+3.05749e+03 -3.04442e+04 4010412 1 2.8499e-01
+4.56997e+03 -3.04938e+04 4010413 1 2.8621e-01
+6.07714e+03 -3.05627e+04 4010414 1 2.8843e-01
+7.57727e+03 -3.06505e+04 4010415 1 2.9071e-01
+9.06896e+03 -3.07564e+04 4010416 1 2.9301e-01
+1.05507e+04 -3.08795e+04 4010417 1 2.9559e-01
+1.20211e+04 -3.10192e+04 4010418 1 2.9799e-01
+1.34789e+04 -3.11745e+04 4010419 1 3.0002e-01
+1.49231e+04 -3.13442e+04 4010420 1 3.0166e-01
+1.63528e+04 -3.15273e+04 4010421 1 3.0290e-01
+1.77671e+04 -3.17228e+04 4010422 1 3.0352e-01
+1.91653e+04 -3.19293e+04 4010423 1 3.0349e-01
+2.05471e+04 -3.21458e+04 4010424 1 3.0275e-01
+2.19120e+04 -3.23709e+04 4010425 1 3.0116e-01
+2.32597e+04 -3.26036e+04 4010426 1 2.9886e-01
+2.45901e+04 -3.28425e+04 4010427 1 2.9604e-01
+2.59033e+04 -3.30866e+04 4010428 1 2.9250e-01
+2.71994e+04 -3.33347e+04 4010429 1 2.8820e-01
+2.84785e+04 -3.35857e+04 4010430 1 2.8297e-01
+2.97407e+04 -3.38388e+04 4010431 1 2.7694e-01
+3.09867e+04 -3.40927e+04 4010432 1 2.7124e-01
+3.22168e+04 -3.43466e+04 4010433 1 2.6506e-01
+3.34316e+04 -3.45995e+04 4010434 1 2.5837e-01
+3.46315e+04 -3.48507e+04 4010435 1 2.5104e-01
+3.58168e+04 -3.50995e+04 4010436 1 2.4053e-01
+3.69880e+04 -3.53453e+04 4010437 1 2.3366e-01
+3.81462e+04 -3.55873e+04 4010438 1 2.2677e-01
+3.92920e+04 -3.58248e+04 4010439 1 2.1991e-01
+4.04261e+04 -3.60575e+04 4010440 1 2.1312e-01
+4.15490e+04 -3.62847e+04 4010441 1 2.0630e-01
+4.26612e+04 -3.65064e+04 4010442 1 1.9865e-01
+4.37632e+04 -3.67220e+04 4010443 1 1.9141e-01
+4.48557e+04 -3.69314e+04 4010444 1 1.8452e-01
+4.59393e+04 -3.71342e+04 4010445 1 1.7808e-01
+4.69925e+03 -4.80722e+04 2010454 1 3.2769e-01
+6.27815e+03 -4.63998e+04 2010537 1 3.4097e-01
+6.29007e+03 -4.54739e+04 2010578 1 3.4126e-01
+7.83789e+03 -4.47481e+04 2010620 1 3.4844e-01
+2.36098e+01 -2.94588e+04 4010451 1 2.7906e-01
+1.53445e+03 -2.94692e+04 4010452 1 2.7947e-01
+3.04352e+03 -2.94978e+04 4010453 1 2.8025e-01
+4.54928e+03 -2.95442e+04 4010454 1 2.8138e-01
+6.04999e+03 -2.96087e+04 4010455 1 2.8337e-01
+7.54399e+03 -2.96910e+04 4010456 1 2.8546e-01
+9.02993e+03 -2.97902e+04 4010457 1 2.8757e-01
+1.05064e+04 -2.99056e+04 4010458 1 2.8989e-01
+1.19720e+04 -3.00366e+04 4010459 1 2.9208e-01
+1.34256e+04 -3.01822e+04 4010460 1 2.9393e-01
+1.48663e+04 -3.03414e+04 4010461 1 2.9540e-01
+1.62930e+04 -3.05133e+04 4010462 1 2.9657e-01
+1.77049e+04 -3.06969e+04 4010463 1 2.9717e-01
+1.91015e+04 -3.08909e+04 4010464 1 2.9714e-01
+2.04822e+04 -3.10943e+04 4010465 1 2.9642e-01
+2.18467e+04 -3.13061e+04 4010466 1 2.9501e-01
+2.31946e+04 -3.15250e+04 4010467 1 2.9307e-01
+2.45258e+04 -3.17499e+04 4010468 1 2.9047e-01
+2.58403e+04 -3.19799e+04 4010469 1 2.8716e-01
+2.71383e+04 -3.22137e+04 4010470 1 2.8308e-01
+2.84197e+04 -3.24505e+04 4010471 1 2.7805e-01
+2.96848e+04 -3.26893e+04 4010472 1 2.7302e-01
+3.09341e+04 -3.29291e+04 4010473 1 2.6774e-01
+3.21679e+04 -3.31689e+04 4010474 1 2.6195e-01
+3.33866e+04 -3.34081e+04 4010475 1 2.5566e-01
+3.45907e+04 -3.36457e+04 4010476 1 2.4859e-01
+3.57804e+04 -3.38814e+04 4010477 1 2.3917e-01
+3.69564e+04 -3.41142e+04 4010478 1 2.3275e-01
+3.81194e+04 -3.43437e+04 4010479 1 2.2627e-01
+3.92702e+04 -3.45691e+04 4010480 1 2.1981e-01
+4.04092e+04 -3.47900e+04 4010481 1 2.1340e-01
+4.15371e+04 -3.50060e+04 4010482 1 2.0710e-01
+4.26543e+04 -3.52167e+04 4010483 1 1.9977e-01
+4.37612e+04 -3.54219e+04 4010484 1 1.9276e-01
+4.48586e+04 -3.56213e+04 4010485 1 1.8611e-01
+4.59470e+04 -3.58146e+04 4010486 1 1.7984e-01
+1.08705e+04 -4.14440e+04 2010786 1 3.5194e-01
+4.73194e+03 -4.07259e+04 2010782 1 3.2736e-01
+2.34966e+01 -2.85106e+04 4010492 1 2.7432e-01
+1.52711e+03 -2.85204e+04 4010493 1 2.7469e-01
+3.02903e+03 -2.85471e+04 4010494 1 2.7541e-01
+4.52779e+03 -2.85905e+04 4010495 1 2.7645e-01
+6.02177e+03 -2.86507e+04 4010496 1 2.7823e-01
+7.50934e+03 -2.87277e+04 4010497 1 2.8015e-01
+8.98922e+03 -2.88204e+04 4010498 1 2.8204e-01
+1.04601e+04 -2.89284e+04 4010499 1 2.8407e-01
+1.19206e+04 -2.90509e+04 4010500 1 2.8607e-01
+1.33696e+04 -2.91872e+04 4010501 1 2.8779e-01
+1.48063e+04 -2.93364e+04 4010502 1 2.8917e-01
+1.62296e+04 -2.94974e+04 4010503 1 2.9025e-01
+1.76388e+04 -2.96694e+04 4010504 1 2.9081e-01
+1.90331e+04 -2.98513e+04 4010505 1 2.9077e-01
+2.04123e+04 -3.00421e+04 4010506 1 2.9014e-01
+2.17758e+04 -3.02408e+04 4010507 1 2.8903e-01
+2.31235e+04 -3.04463e+04 4010508 1 2.8726e-01
+2.44550e+04 -3.06577e+04 4010509 1 2.8486e-01
+2.57704e+04 -3.08738e+04 4010510 1 2.8176e-01
+2.70697e+04 -3.10937e+04 4010511 1 2.7789e-01
+2.83529e+04 -3.13166e+04 4010512 1 2.7335e-01
+2.96204e+04 -3.15414e+04 4010513 1 2.6898e-01
+3.08724e+04 -3.17673e+04 4010514 1 2.6413e-01
+3.21093e+04 -3.19935e+04 4010515 1 2.5873e-01
+3.33315e+04 -3.22190e+04 4010516 1 2.5277e-01
+3.45394e+04 -3.24434e+04 4010517 1 2.4582e-01
+3.57330e+04 -3.26660e+04 4010518 1 2.3765e-01
+3.69132e+04 -3.28861e+04 4010519 1 2.3167e-01
+3.80806e+04 -3.31031e+04 4010520 1 2.2559e-01
+3.92359e+04 -3.33164e+04 4010521 1 2.1953e-01
+4.03795e+04 -3.35257e+04 4010522 1 2.1352e-01
+4.15120e+04 -3.37304e+04 4010523 1 2.0759e-01
+4.26339e+04 -3.39302e+04 4010524 1 2.0071e-01
+4.37455e+04 -3.41250e+04 4010525 1 1.9396e-01
+4.48475e+04 -3.43144e+04 4010526 1 1.8753e-01
+4.59404e+04 -3.44982e+04 4010527 1 1.8146e-01
+4.71655e+03 -4.71488e+04 2010495 1 3.3045e-01
+4.72904e+03 -4.62282e+04 2010536 1 3.3219e-01
+9.37041e+03 -4.31003e+04 2010703 1 3.5215e-01
+4.73807e+03 -4.16432e+04 2010741 1 3.2949e-01
+3.16786e+03 -4.06331e+04 2010781 1 3.2319e-01
+2.33794e+01 -2.75578e+04 4010533 1 2.6941e-01
+1.51950e+03 -2.75669e+04 4010534 1 2.6973e-01
+3.01401e+03 -2.75918e+04 4010535 1 2.7037e-01
+4.50550e+03 -2.76323e+04 4010536 1 2.7129e-01
+5.99246e+03 -2.76885e+04 4010537 1 2.7285e-01
+7.47332e+03 -2.77603e+04 4010538 1 2.7457e-01
+8.94684e+03 -2.78469e+04 4010539 1 2.7632e-01
+1.04118e+04 -2.79476e+04 4010540 1 2.7817e-01
+1.18668e+04 -2.80621e+04 4010541 1 2.8004e-01
+1.33109e+04 -2.81894e+04 4010542 1 2.8165e-01
+1.47432e+04 -2.83287e+04 4010543 1 2.8295e-01
+1.61627e+04 -2.84792e+04 4010544 1 2.8393e-01
+1.75686e+04 -2.86400e+04 4010545 1 2.8446e-01
+1.89604e+04 -2.88102e+04 4010546 1 2.8447e-01
+2.03376e+04 -2.89888e+04 4010547 1 2.8403e-01
+2.16997e+04 -2.91749e+04 4010548 1 2.8307e-01
+2.30466e+04 -2.93674e+04 4010549 1 2.8146e-01
+2.43779e+04 -2.95655e+04 4010550 1 2.7923e-01
+2.56936e+04 -2.97682e+04 4010551 1 2.7633e-01
+2.69937e+04 -2.99745e+04 4010552 1 2.7260e-01
+2.82782e+04 -3.01838e+04 4010553 1 2.6893e-01
+2.95475e+04 -3.03950e+04 4010554 1 2.6490e-01
+3.08018e+04 -3.06073e+04 4010555 1 2.6042e-01
+3.20414e+04 -3.08199e+04 4010556 1 2.5542e-01
+3.32665e+04 -3.10322e+04 4010557 1 2.4979e-01
+3.44776e+04 -3.12435e+04 4010558 1 2.4240e-01
+3.56747e+04 -3.14532e+04 4010559 1 2.3603e-01
+3.68587e+04 -3.16607e+04 4010560 1 2.3046e-01
+3.80301e+04 -3.18654e+04 4010561 1 2.2481e-01
+3.91895e+04 -3.20668e+04 4010562 1 2.1915e-01
+4.03373e+04 -3.22644e+04 4010563 1 2.1352e-01
+4.14741e+04 -3.24579e+04 4010564 1 2.0796e-01
+4.26003e+04 -3.26469e+04 4010565 1 2.0152e-01
+4.37163e+04 -3.28313e+04 4010566 1 1.9507e-01
+4.48227e+04 -3.30107e+04 4010567 1 1.8889e-01
+4.59199e+04 -3.31848e+04 4010568 1 1.8302e-01
+6.29978e+03 -4.36258e+04 2010660 1 3.3966e-01
+1.23690e+04 -4.36357e+04 2010705 1 3.6531e-01
+6.29867e+03 -4.27025e+04 2010701 1 3.3797e-01
+2.32581e+01 -2.66001e+04 4010574 1 2.6412e-01
+1.51163e+03 -2.66086e+04 4010575 1 2.6442e-01
+2.99846e+03 -2.66318e+04 4010576 1 2.6502e-01
+4.48242e+03 -2.66695e+04 4010577 1 2.6588e-01
+5.96208e+03 -2.67218e+04 4010578 1 2.6730e-01
+7.43593e+03 -2.67887e+04 4010579 1 2.6890e-01
+8.90278e+03 -2.68693e+04 4010580 1 2.7054e-01
+1.03615e+04 -2.69631e+04 4010581 1 2.7222e-01
+1.18107e+04 -2.70697e+04 4010582 1 2.7397e-01
+1.32495e+04 -2.71884e+04 4010583 1 2.7550e-01
+1.46770e+04 -2.73182e+04 4010584 1 2.7673e-01
+1.60923e+04 -2.74586e+04 4010585 1 2.7764e-01
+1.74946e+04 -2.76086e+04 4010586 1 2.7819e-01
+1.88833e+04 -2.77674e+04 4010587 1 2.7831e-01
+2.02580e+04 -2.79341e+04 4010588 1 2.7796e-01
+2.16183e+04 -2.81079e+04 4010589 1 2.7711e-01
+2.29639e+04 -2.82879e+04 4010590 1 2.7569e-01
+2.42945e+04 -2.84731e+04 4010591 1 2.7363e-01
+2.56101e+04 -2.86627e+04 4010592 1 2.7089e-01
+2.69105e+04 -2.88558e+04 4010593 1 2.6778e-01
+2.81959e+04 -2.90517e+04 4010594 1 2.6453e-01
+2.94665e+04 -2.92496e+04 4010595 1 2.6083e-01
+3.07226e+04 -2.94486e+04 4010596 1 2.5669e-01
+3.19642e+04 -2.96480e+04 4010597 1 2.5206e-01
+3.31919e+04 -2.98473e+04 4010598 1 2.4670e-01
+3.44056e+04 -3.00457e+04 4010599 1 2.3942e-01
+3.56058e+04 -3.02428e+04 4010600 1 2.3437e-01
+3.67932e+04 -3.04379e+04 4010601 1 2.2922e-01
+3.79682e+04 -3.06304e+04 4010602 1 2.2399e-01
+3.91313e+04 -3.08199e+04 4010603 1 2.1870e-01
+4.02830e+04 -3.10061e+04 4010604 1 2.1346e-01
+4.14237e+04 -3.11884e+04 4010605 1 2.0826e-01
+4.25539e+04 -3.13667e+04 4010606 1 2.0231e-01
+4.36740e+04 -3.15406e+04 4010607 1 1.9613e-01
+4.47844e+04 -3.17100e+04 4010608 1 1.9018e-01
+4.58857e+04 -3.18745e+04 4010609 1 1.8452e-01
+3.16763e+03 -4.61048e+04 2010535 1 3.2579e-01
+1.60078e+03 -4.51190e+04 2010575 1 3.2340e-01
+4.74198e+03 -4.25598e+04 2010700 1 3.3121e-01
+7.83797e+03 -4.19513e+04 2010743 1 3.4209e-01
+1.52871e+04 -4.22969e+04 2010789 1 3.6548e-01
+1.23637e+04 -4.17018e+04 2010787 1 3.5743e-01
+2.31327e+01 -2.56375e+04 4010615 1 2.5870e-01
+1.50348e+03 -2.56454e+04 4010616 1 2.5897e-01
+2.98237e+03 -2.56669e+04 4010617 1 2.5953e-01
+4.45852e+03 -2.57020e+04 4010618 1 2.6035e-01
+5.93060e+03 -2.57505e+04 4010619 1 2.6164e-01
+7.39715e+03 -2.58125e+04 4010620 1 2.6314e-01
+8.85701e+03 -2.58874e+04 4010621 1 2.6468e-01
+1.03091e+04 -2.59746e+04 4010622 1 2.6623e-01
+1.17523e+04 -2.60736e+04 4010623 1 2.6789e-01
+1.31854e+04 -2.61839e+04 4010624 1 2.6933e-01
+1.46077e+04 -2.63046e+04 4010625 1 2.7051e-01
+1.60184e+04 -2.64351e+04 4010626 1 2.7141e-01
+1.74167e+04 -2.65747e+04 4010627 1 2.7200e-01
+1.88019e+04 -2.67226e+04 4010628 1 2.7219e-01
+2.01738e+04 -2.68778e+04 4010629 1 2.7194e-01
+2.15317e+04 -2.70397e+04 4010630 1 2.7122e-01
+2.28756e+04 -2.72074e+04 4010631 1 2.6996e-01
+2.42050e+04 -2.73801e+04 4010632 1 2.6807e-01
+2.55198e+04 -2.75570e+04 4010633 1 2.6565e-01
+2.68201e+04 -2.77373e+04 4010634 1 2.6313e-01
+2.81059e+04 -2.79202e+04 4010635 1 2.6018e-01
+2.93774e+04 -2.81050e+04 4010636 1 2.5680e-01
+3.06347e+04 -2.82911e+04 4010637 1 2.5299e-01
+3.18780e+04 -2.84776e+04 4010638 1 2.4866e-01
+3.31076e+04 -2.86640e+04 4010639 1 2.4346e-01
+3.43236e+04 -2.88499e+04 4010640 1 2.3738e-01
+3.55266e+04 -2.90345e+04 4010641 1 2.3275e-01
+3.67169e+04 -2.92173e+04 4010642 1 2.2800e-01
+3.78950e+04 -2.93979e+04 4010643 1 2.2317e-01
+3.90615e+04 -2.95757e+04 4010644 1 2.1830e-01
+4.02166e+04 -2.97505e+04 4010645 1 2.1343e-01
+4.13610e+04 -2.99218e+04 4010646 1 2.0858e-01
+4.24949e+04 -3.00894e+04 4010647 1 2.0310e-01
+4.36188e+04 -3.02530e+04 4010648 1 1.9719e-01
+4.47330e+04 -3.04124e+04 4010649 1 1.9149e-01
+4.58382e+04 -3.05674e+04 4010650 1 1.8606e-01
+1.59429e+03 -4.69405e+04 2010493 1 3.1967e-01
+4.73735e+03 -4.53097e+04 2010577 1 3.3297e-01
+9.35859e+03 -4.12157e+04 2010785 1 3.4559e-01
+1.59781e+03 -4.05760e+04 2010780 1 3.2078e-01
+2.30030e+01 -2.46696e+04 4010656 1 2.5313e-01
+1.49506e+03 -2.46769e+04 4010657 1 2.5338e-01
+2.96573e+03 -2.46968e+04 4010658 1 2.5391e-01
+4.43379e+03 -2.47293e+04 4010659 1 2.5469e-01
+5.89799e+03 -2.47742e+04 4010660 1 2.5587e-01
+7.35693e+03 -2.48316e+04 4010661 1 2.5729e-01
+8.80950e+03 -2.49010e+04 4010662 1 2.5876e-01
+1.02547e+04 -2.49818e+04 4010663 1 2.6023e-01
+1.16913e+04 -2.50735e+04 4010664 1 2.6174e-01
+1.31185e+04 -2.51757e+04 4010665 1 2.6312e-01
+1.45352e+04 -2.52876e+04 4010666 1 2.6429e-01
+1.59409e+04 -2.54087e+04 4010667 1 2.6521e-01
+1.73348e+04 -2.55382e+04 4010668 1 2.6585e-01
+1.87162e+04 -2.56754e+04 4010669 1 2.6612e-01
+2.00847e+04 -2.58196e+04 4010670 1 2.6598e-01
+2.14399e+04 -2.59699e+04 4010671 1 2.6537e-01
+2.27815e+04 -2.61257e+04 4010672 1 2.6427e-01
+2.41092e+04 -2.62863e+04 4010673 1 2.6263e-01
+2.54230e+04 -2.64508e+04 4010674 1 2.6080e-01
+2.67227e+04 -2.66186e+04 4010675 1 2.5857e-01
+2.80084e+04 -2.67889e+04 4010676 1 2.5594e-01
+2.92802e+04 -2.69610e+04 4010677 1 2.5287e-01
+3.05383e+04 -2.71344e+04 4010678 1 2.4936e-01
+3.17828e+04 -2.73083e+04 4010679 1 2.4527e-01
+3.30139e+04 -2.74823e+04 4010680 1 2.3986e-01
+3.42318e+04 -2.76557e+04 4010681 1 2.3538e-01
+3.54370e+04 -2.78281e+04 4010682 1 2.3121e-01
+3.66298e+04 -2.79989e+04 4010683 1 2.2687e-01
+3.78107e+04 -2.81677e+04 4010684 1 2.2245e-01
+3.89801e+04 -2.83340e+04 4010685 1 2.1797e-01
+4.01384e+04 -2.84976e+04 4010686 1 2.1346e-01
+4.12860e+04 -2.86580e+04 4010687 1 2.0898e-01
+4.24234e+04 -2.88150e+04 4010688 1 2.0397e-01
+4.35507e+04 -2.89683e+04 4010689 1 1.9833e-01
+4.46686e+04 -2.91178e+04 4010690 1 1.9289e-01
+4.57773e+04 -2.92632e+04 4010691 1 1.8764e-01
+3.14836e+03 -4.79378e+04 2010453 1 3.2073e-01
+1.66366e+04 -4.66863e+04 2010626 1 3.8130e-01
+2.46577e+01 -4.32779e+04 2010656 1 3.2227e-01
+7.84237e+03 -4.28833e+04 2010702 1 3.4471e-01
+2.34429e+04 -4.56424e+04 2010754 1 3.5537e-01
+2.45872e+01 -4.05549e+04 2010779 1 3.1943e-01
+2.45356e+01 -4.69112e+04 2010492 1 3.1729e-01
+1.65886e+04 -4.77057e+04 2010585 1 3.8262e-01
+4.40818e+03 -2.37513e+04 4010700 1 2.4889e-01
+1.51422e+04 -4.82953e+04 2010543 1 3.8226e-01
+1.58874e+03 -4.78550e+04 2010452 1 3.1640e-01
+2.45959e+01 -4.60008e+04 2010533 1 3.1976e-01
+3.15960e+03 -4.70199e+04 2010494 1 3.2373e-01
+5.86420e+03 -2.37927e+04 4010701 1 2.4995e-01
+1.22409e+04 -4.84930e+04 2010500 1 3.7387e-01
+7.31522e+03 -2.38457e+04 4010702 1 2.5127e-01
+2.44505e+01 -4.78245e+04 2010451 1 3.1383e-01
+1.59824e+03 -4.60288e+04 2010534 1 3.2196e-01
+2.06777e+04 -4.80049e+04 2010629 1 3.7276e-01
+8.76019e+03 -2.39098e+04 4010703 1 2.5263e-01
+1.01981e+04 -2.39844e+04 4010704 1 2.5402e-01
+1.93591e+04 -4.75478e+04 2010628 1 3.7746e-01
+1.16279e+04 -2.40691e+04 4010705 1 2.5549e-01
+1.37286e+04 -4.78907e+04 2010542 1 3.7904e-01
+1.30487e+04 -2.41635e+04 4010706 1 2.5687e-01
+1.44595e+04 -2.42670e+04 4010707 1 2.5807e-01
+1.58598e+04 -2.43789e+04 4010708 1 2.5904e-01
+1.72489e+04 -2.44987e+04 4010709 1 2.5975e-01
+1.86260e+04 -2.46256e+04 4010710 1 2.6011e-01
+1.99907e+04 -2.47590e+04 4010711 1 2.6008e-01
+2.13427e+04 -2.48982e+04 4010712 1 2.5960e-01
+2.26816e+04 -2.50426e+04 4010713 1 2.5871e-01
+2.40072e+04 -2.51913e+04 4010714 1 2.5764e-01
+2.53194e+04 -2.53439e+04 4010715 1 2.5610e-01
+2.66181e+04 -2.54995e+04 4010716 1 2.5416e-01
+2.79032e+04 -2.56575e+04 4010717 1 2.5183e-01
+2.91750e+04 -2.58173e+04 4010718 1 2.4907e-01
+3.04334e+04 -2.59783e+04 4010719 1 2.4583e-01
+3.16786e+04 -2.61399e+04 4010720 1 2.4189e-01
+3.29107e+04 -2.63016e+04 4010721 1 2.3707e-01
+3.41301e+04 -2.64630e+04 4010722 1 2.3349e-01
+3.53371e+04 -2.66234e+04 4010723 1 2.2975e-01
+3.65321e+04 -2.67824e+04 4010724 1 2.2586e-01
+3.77154e+04 -2.69396e+04 4010725 1 2.2188e-01
+3.88874e+04 -2.70946e+04 4010726 1 2.1778e-01
+4.00484e+04 -2.72471e+04 4010727 1 2.1365e-01
+4.11990e+04 -2.73968e+04 4010728 1 2.0951e-01
+4.23394e+04 -2.75433e+04 4010729 1 2.0500e-01
+4.34700e+04 -2.76865e+04 4010730 1 1.9961e-01
+4.45912e+04 -2.78262e+04 4010731 1 1.9439e-01
+4.57033e+04 -2.79621e+04 4010732 1 1.8937e-01
+4.68069e+04 -2.80941e+04 4010733 1 1.8451e-01
+1.79542e+04 -4.81442e+04 2010586 1 3.8165e-01
+6.29708e+03 -4.45495e+04 2010619 1 3.4078e-01
+4.74198e+03 -4.43925e+04 2010618 1 3.3299e-01
+4.74340e+03 -4.34761e+04 2010659 1 3.3239e-01
+9.36679e+03 -4.21580e+04 2010744 1 3.4905e-01
+7.82980e+03 -4.10189e+04 2010784 1 3.3910e-01
+1.60233e+03 -4.33024e+04 2010657 1 3.2400e-01
+2.59585e+04 -4.65153e+04 2010756 1 3.3674e-01
+2.46544e+01 -4.41848e+04 2010615 1 3.2213e-01
+2.46345e+01 -4.50922e+04 2010574 1 3.2136e-01
+3.17287e+03 -4.51916e+04 2010576 1 3.2693e-01
+3.17567e+03 -4.42798e+04 2010617 1 3.2730e-01
+3.17632e+03 -4.33685e+04 2010658 1 3.2707e-01
+1.60209e+03 -4.42104e+04 2010616 1 3.2401e-01
+3.07160e+04 -4.82827e+04 2010760 1 2.8686e-01
+2.07911e+04 -4.58661e+04 2010711 1 3.6997e-01
+1.80561e+04 -4.60727e+04 2010668 1 3.7850e-01
+1.94127e+04 -4.64954e+04 2010669 1 3.7621e-01
+4.65148e+04 -2.41814e+04 6010036 1 1.9144e-01
+2.70931e+04 -4.81125e+04 2010716 1 3.2487e-01
+1.80121e+04 -4.71072e+04 2010627 1 3.8062e-01
+4.42811e+04 -2.39681e+04 6010034 1 2.0023e-01
+2.12400e+04 -2.38244e+04 4010753 1 2.5403e-01
+2.07419e+04 -4.69341e+04 2010670 1 3.7192e-01
+2.25758e+04 -2.39576e+04 4010754 1 2.5356e-01
+2.19681e+04 -4.84752e+04 2010630 1 3.6535e-01
+2.33882e+04 -4.67440e+04 2010713 1 3.5669e-01
+2.38989e+04 -2.40949e+04 4010755 1 2.5275e-01
+4.31515e+04 -2.38572e+04 6010033 1 2.0479e-01
+2.33179e+04 -4.78485e+04 2010672 1 3.5696e-01
+2.52091e+04 -2.42358e+04 4010756 1 2.5154e-01
+2.58824e+04 -4.76527e+04 2010715 1 3.3615e-01
+2.65062e+04 -2.43796e+04 4010757 1 2.4992e-01
+2.77904e+04 -2.45257e+04 4010758 1 2.4788e-01
+2.90615e+04 -2.46735e+04 4010759 1 2.4541e-01
+2.45661e+04 -4.83184e+04 2010673 1 3.4704e-01
+3.03198e+04 -2.48225e+04 4010760 1 2.4241e-01
+3.15652e+04 -2.49721e+04 4010761 1 2.3844e-01
+3.27980e+04 -2.51219e+04 4010762 1 2.3500e-01
+3.40185e+04 -2.52714e+04 4010763 1 2.3184e-01
+3.52269e+04 -2.54201e+04 4010764 1 2.2850e-01
+3.64236e+04 -2.55676e+04 4010765 1 2.2502e-01
+3.76089e+04 -2.57134e+04 4010766 1 2.2143e-01
+3.87831e+04 -2.58574e+04 4010767 1 2.1775e-01
+3.99466e+04 -2.59990e+04 4010768 1 2.1401e-01
+4.10998e+04 -2.61380e+04 4010769 1 2.1024e-01
+4.22431e+04 -2.62743e+04 4010770 1 2.0620e-01
+4.33766e+04 -2.64074e+04 4010771 1 2.0106e-01
+4.45008e+04 -2.65374e+04 4010772 1 1.9607e-01
+4.56161e+04 -2.66639e+04 4010773 1 1.9122e-01
+4.67229e+04 -2.67868e+04 4010774 1 1.8655e-01
+1.65265e+04 -4.87275e+04 2010544 1 3.8281e-01
+2.46479e+04 -4.71957e+04 2010714 1 3.4737e-01
+2.95581e+04 -4.78433e+04 2010759 1 2.9974e-01
+2.71807e+04 -4.69575e+04 2010757 1 3.2611e-01
+6.29421e+03 -4.17791e+04 2010742 1 3.3578e-01
+3.17509e+03 -4.24573e+04 2010699 1 3.2631e-01
+1.60162e+03 -4.23943e+04 2010698 1 3.2347e-01
+6.28678e+03 -4.08551e+04 2010783 1 3.3321e-01
+2.46225e+01 -4.14634e+04 2010738 1 3.2089e-01
+2.46464e+01 -4.23710e+04 2010697 1 3.2187e-01
+3.08199e+04 -4.70813e+04 2010801 1 2.8961e-01
+3.19705e+04 -4.75006e+04 2010802 1 2.7397e-01
+3.17221e+03 -4.15456e+04 2010740 1 3.2496e-01
+2.47130e+04 -4.60761e+04 2010755 1 3.4658e-01
+2.84617e+04 -4.62321e+04 2010799 1 3.1322e-01
+2.21028e+04 -4.62999e+04 2010712 1 3.6379e-01
+3.42181e+04 -4.83226e+04 2010804 1 2.4727e-01
+1.60008e+03 -4.14856e+04 2010739 1 3.2235e-01
+2.96506e+04 -4.66580e+04 2010800 1 3.0196e-01
+2.72512e+04 -4.58059e+04 2010798 1 3.2620e-01
+3.14427e+04 -2.38047e+04 4010802 1 2.3577e-01
+2.82810e+04 -4.85728e+04 2010717 1 3.1111e-01
+3.26757e+04 -2.39428e+04 4010803 1 2.3321e-01
+3.38968e+04 -2.40808e+04 4010804 1 2.3046e-01
+3.51063e+04 -2.42180e+04 4010805 1 2.2754e-01
+3.63043e+04 -2.43542e+04 4010806 1 2.2447e-01
+2.20435e+04 -4.73861e+04 2010671 1 3.6501e-01
+3.74912e+04 -2.44890e+04 4010807 1 2.2127e-01
+3.86673e+04 -2.46220e+04 4010808 1 2.1798e-01
+3.98330e+04 -2.47530e+04 4010809 1 2.1460e-01
+4.09885e+04 -2.48816e+04 4010810 1 2.1118e-01
+4.21342e+04 -2.50077e+04 4010811 1 2.0764e-01
+4.32705e+04 -2.51310e+04 4010812 1 2.0275e-01
+3.31022e+04 -4.79151e+04 2010803 1 2.5967e-01
+4.43975e+04 -2.52514e+04 4010813 1 1.9797e-01
+4.55158e+04 -2.53686e+04 4010814 1 1.9333e-01
+4.66256e+04 -2.54826e+04 4010815 1 1.8882e-01
+1.92904e+04 -4.86029e+04 2010587 1 3.7793e-01
+3.18552e+04 -4.87175e+04 2010761 1 2.7136e-01
+4.54021e+04 -2.40762e+04 6010035 1 1.9577e-01
+2.83804e+04 -4.74007e+04 2010758 1 3.1278e-01
+3.53195e+04 -4.87219e+04 2010805 1 2.3439e-01
+2.43369e+01 -4.87416e+04 2010410 1 3.0925e-01
