+2.17851e+01 -4.43033e+04 2010000 1 1.3350e-01
+1.32884e+03 -4.43097e+04 2010001 1 1.3377e-01
+2.63520e+03 -4.43279e+04 2010002 1 1.3420e-01
+3.94023e+03 -4.43578e+04 2010003 1 1.3475e-01
+5.24330e+03 -4.43991e+04 2010004 1 1.3540e-01
+6.54380e+03 -4.44517e+04 2010005 1 1.3612e-01
+7.84115e+03 -4.45154e+04 2010006 1 1.3688e-01
+9.13477e+03 -4.45898e+04 2010007 1 1.3763e-01
+1.04241e+04 -4.46746e+04 2010008 1 1.3869e-01
+1.17086e+04 -4.47694e+04 2010009 1 1.3960e-01
+1.29879e+04 -4.48738e+04 2010010 1 1.4027e-01
+1.42614e+04 -4.49871e+04 2010011 1 1.4070e-01
+1.55289e+04 -4.51090e+04 2010012 1 1.4096e-01
+1.67900e+04 -4.52388e+04 2010013 1 1.4095e-01
+1.80444e+04 -4.53760e+04 2010014 1 1.4065e-01
+1.92920e+04 -4.55199e+04 2010015 1 1.4003e-01
+2.05324e+04 -4.56699e+04 2010016 1 1.3910e-01
+2.17656e+04 -4.58254e+04 2010017 1 1.3779e-01
+2.29914e+04 -4.59859e+04 2010018 1 1.3613e-01
+2.42098e+04 -4.61506e+04 2010019 1 1.3399e-01
+2.54206e+04 -4.63190e+04 2010020 1 1.3163e-01
+2.66241e+04 -4.64905e+04 2010021 1 1.2923e-01
+2.78203e+04 -4.66644e+04 2010022 1 1.2653e-01
+2.90092e+04 -4.68401e+04 2010023 1 1.2348e-01
+3.01910e+04 -4.70171e+04 2010024 1 1.2011e-01
+3.13658e+04 -4.71949e+04 2010025 1 1.1638e-01
+3.25338e+04 -4.73729e+04 2010026 1 1.1206e-01
+3.36950e+04 -4.75507e+04 2010027 1 1.0728e-01
+3.48498e+04 -4.77278e+04 2010028 1 1.0375e-01
+3.59985e+04 -4.79037e+04 2010029 1 1.0016e-01
+3.71414e+04 -4.80779e+04 2010030 1 9.6551e-02
+3.82786e+04 -4.82502e+04 2010031 1 9.2932e-02
+3.94106e+04 -4.84201e+04 2010032 1 8.9394e-02
+4.05375e+04 -4.85873e+04 2010033 1 8.5910e-02
+2.29132e+04 -4.83228e+04 11617 1 1.3349e-01
+2.41714e+04 -4.73247e+04 11659 1 1.3280e-01
+2.53790e+04 -4.74997e+04 11660 1 1.3003e-01
+2.16938e+04 -4.81493e+04 11616 1 1.3542e-01
+2.29561e+04 -4.71533e+04 11658 1 1.3508e-01
+2.17978e+01 -4.32087e+04 2010041 1 1.3411e-01
+1.32962e+03 -4.32148e+04 2010042 1 1.3437e-01
+2.63677e+03 -4.32322e+04 2010043 1 1.3476e-01
+3.94263e+03 -4.32607e+04 2010044 1 1.3527e-01
+5.24658e+03 -4.33003e+04 2010045 1 1.3588e-01
+6.54805e+03 -4.33506e+04 2010046 1 1.3655e-01
+7.84644e+03 -4.34114e+04 2010047 1 1.3726e-01
+9.14122e+03 -4.34825e+04 2010048 1 1.3796e-01
+1.04318e+04 -4.35636e+04 2010049 1 1.3897e-01
+1.17177e+04 -4.36543e+04 2010050 1 1.3980e-01
+1.29985e+04 -4.37542e+04 2010051 1 1.4045e-01
+1.42737e+04 -4.38628e+04 2010052 1 1.4093e-01
+1.55431e+04 -4.39795e+04 2010053 1 1.4119e-01
+1.68061e+04 -4.41038e+04 2010054 1 1.4120e-01
+1.80627e+04 -4.42352e+04 2010055 1 1.4093e-01
+1.93125e+04 -4.43731e+04 2010056 1 1.4037e-01
+2.05554e+04 -4.45170e+04 2010057 1 1.3951e-01
+2.17911e+04 -4.46662e+04 2010058 1 1.3832e-01
+2.30196e+04 -4.48202e+04 2010059 1 1.3674e-01
+2.42407e+04 -4.49784e+04 2010060 1 1.3471e-01
+2.54545e+04 -4.51401e+04 2010061 1 1.3272e-01
+2.66609e+04 -4.53049e+04 2010062 1 1.3047e-01
+2.78601e+04 -4.54721e+04 2010063 1 1.2791e-01
+2.90522e+04 -4.56412e+04 2010064 1 1.2505e-01
+3.02371e+04 -4.58117e+04 2010065 1 1.2187e-01
+3.14150e+04 -4.59829e+04 2010066 1 1.1829e-01
+3.25862e+04 -4.61545e+04 2010067 1 1.1418e-01
+3.37505e+04 -4.63260e+04 2010068 1 1.0992e-01
+3.49085e+04 -4.64969e+04 2010069 1 1.0655e-01
+3.60602e+04 -4.66667e+04 2010070 1 1.0313e-01
+3.72061e+04 -4.68351e+04 2010071 1 9.9661e-02
+3.83463e+04 -4.70017e+04 2010072 1 9.6205e-02
+3.94811e+04 -4.71661e+04 2010073 1 9.2783e-02
+4.06107e+04 -4.73281e+04 2010074 1 8.9415e-02
+4.17354e+04 -4.74872e+04 2010075 1 8.6167e-02
+4.28554e+04 -4.76434e+04 2010076 1 8.1861e-02
+4.39708e+04 -4.77963e+04 2010077 1 7.7650e-02
+4.50819e+04 -4.79458e+04 2010078 1 7.3707e-02
+4.61891e+04 -4.80916e+04 2010079 1 7.0095e-02
+2.05031e+04 -4.68245e+04 11656 1 1.3828e-01
+2.18046e+01 -4.21146e+04 2010082 1 1.3446e-01
+1.33003e+03 -4.21205e+04 2010083 1 1.3469e-01
+2.63761e+03 -4.21371e+04 2010084 1 1.3505e-01
+3.94393e+03 -4.21644e+04 2010085 1 1.3552e-01
+5.24840e+03 -4.22021e+04 2010086 1 1.3608e-01
+6.55046e+03 -4.22501e+04 2010087 1 1.3671e-01
+7.84954e+03 -4.23082e+04 2010088 1 1.3736e-01
+9.14511e+03 -4.23761e+04 2010089 1 1.3801e-01
+1.04366e+04 -4.24536e+04 2010090 1 1.3895e-01
+1.17236e+04 -4.25403e+04 2010091 1 1.3974e-01
+1.30055e+04 -4.26357e+04 2010092 1 1.4039e-01
+1.42821e+04 -4.27395e+04 2010093 1 1.4084e-01
+1.55528e+04 -4.28510e+04 2010094 1 1.4108e-01
+1.68175e+04 -4.29700e+04 2010095 1 1.4111e-01
+1.80759e+04 -4.30957e+04 2010096 1 1.4087e-01
+1.93276e+04 -4.32277e+04 2010097 1 1.4035e-01
+2.05725e+04 -4.33655e+04 2010098 1 1.3955e-01
+2.18104e+04 -4.35084e+04 2010099 1 1.3844e-01
+2.30412e+04 -4.36560e+04 2010100 1 1.3693e-01
+2.42648e+04 -4.38077e+04 2010101 1 1.3521e-01
+2.54811e+04 -4.39629e+04 2010102 1 1.3337e-01
+2.66902e+04 -4.41210e+04 2010103 1 1.3126e-01
+2.78922e+04 -4.42816e+04 2010104 1 1.2886e-01
+2.90870e+04 -4.44440e+04 2010105 1 1.2614e-01
+3.02748e+04 -4.46079e+04 2010106 1 1.2313e-01
+3.14556e+04 -4.47726e+04 2010107 1 1.1973e-01
+3.26296e+04 -4.49377e+04 2010108 1 1.1577e-01
+3.37968e+04 -4.51029e+04 2010109 1 1.1204e-01
+3.49577e+04 -4.52675e+04 2010110 1 1.0883e-01
+3.61124e+04 -4.54313e+04 2010111 1 1.0557e-01
+3.72610e+04 -4.55938e+04 2010112 1 1.0227e-01
+3.84040e+04 -4.57546e+04 2010113 1 9.8950e-02
+3.95414e+04 -4.59134e+04 2010114 1 9.5669e-02
+4.06736e+04 -4.60699e+04 2010115 1 9.2429e-02
+4.18008e+04 -4.62239e+04 2010116 1 8.9291e-02
+4.29231e+04 -4.63751e+04 2010117 1 8.5184e-02
+4.40407e+04 -4.65232e+04 2010118 1 8.1043e-02
+4.51539e+04 -4.66681e+04 2010119 1 7.7163e-02
+4.62630e+04 -4.68096e+04 2010120 1 7.3545e-02
+2.04669e+04 -4.79810e+04 11615 1 1.3694e-01
+2.17333e+04 -4.69864e+04 11657 1 1.3687e-01
+2.18057e+01 -4.10209e+04 2010123 1 1.3455e-01
+1.33010e+03 -4.10265e+04 2010124 1 1.3477e-01
+2.63777e+03 -4.10424e+04 2010125 1 1.3510e-01
+3.94422e+03 -4.10683e+04 2010126 1 1.3553e-01
+5.24888e+03 -4.11043e+04 2010127 1 1.3604e-01
+6.55120e+03 -4.11501e+04 2010128 1 1.3661e-01
+7.85062e+03 -4.12055e+04 2010129 1 1.3721e-01
+9.14664e+03 -4.12702e+04 2010130 1 1.3781e-01
+1.04387e+04 -4.13441e+04 2010131 1 1.3870e-01
+1.17263e+04 -4.14268e+04 2010132 1 1.3944e-01
+1.30091e+04 -4.15179e+04 2010133 1 1.4004e-01
+1.42866e+04 -4.16170e+04 2010134 1 1.4047e-01
+1.55586e+04 -4.17235e+04 2010135 1 1.4070e-01
+1.68245e+04 -4.18371e+04 2010136 1 1.4072e-01
+1.80843e+04 -4.19573e+04 2010137 1 1.4050e-01
+1.93376e+04 -4.20834e+04 2010138 1 1.4002e-01
+2.05842e+04 -4.22152e+04 2010139 1 1.3925e-01
+2.18240e+04 -4.23519e+04 2010140 1 1.3821e-01
+2.30568e+04 -4.24932e+04 2010141 1 1.3679e-01
+2.42824e+04 -4.26384e+04 2010142 1 1.3537e-01
+2.55010e+04 -4.27871e+04 2010143 1 1.3364e-01
+2.67125e+04 -4.29386e+04 2010144 1 1.3165e-01
+2.79169e+04 -4.30926e+04 2010145 1 1.2937e-01
+2.91142e+04 -4.32484e+04 2010146 1 1.2681e-01
+3.03045e+04 -4.34057e+04 2010147 1 1.2395e-01
+3.14880e+04 -4.35638e+04 2010148 1 1.2072e-01
+3.26646e+04 -4.37225e+04 2010149 1 1.1689e-01
+3.38346e+04 -4.38813e+04 2010150 1 1.1367e-01
+3.49981e+04 -4.40397e+04 2010151 1 1.1065e-01
+3.61554e+04 -4.41973e+04 2010152 1 1.0754e-01
+3.73068e+04 -4.43538e+04 2010153 1 1.0440e-01
+3.84523e+04 -4.45087e+04 2010154 1 1.0125e-01
+3.95923e+04 -4.46619e+04 2010155 1 9.8094e-02
+4.07269e+04 -4.48130e+04 2010156 1 9.4996e-02
+4.18564e+04 -4.49616e+04 2010157 1 9.1958e-02
+4.29809e+04 -4.51077e+04 2010158 1 8.8091e-02
+4.41007e+04 -4.52510e+04 2010159 1 8.4048e-02
+4.52159e+04 -4.53912e+04 2010160 1 8.0218e-02
+4.63269e+04 -4.55281e+04 2010161 1 7.6662e-02
+1.92325e+04 -4.78185e+04 11614 1 1.3808e-01
+1.92654e+04 -4.66682e+04 11655 1 1.3930e-01
+2.18017e+01 -3.99272e+04 2010164 1 1.3442e-01
+1.32986e+03 -3.99326e+04 2010165 1 1.3462e-01
+2.63731e+03 -3.99476e+04 2010166 1 1.3492e-01
+3.94358e+03 -3.99723e+04 2010167 1 1.3531e-01
+5.24812e+03 -4.00066e+04 2010168 1 1.3577e-01
+6.55038e+03 -4.00502e+04 2010169 1 1.3629e-01
+7.84983e+03 -4.01029e+04 2010170 1 1.3684e-01
+9.14598e+03 -4.01646e+04 2010171 1 1.3739e-01
+1.04383e+04 -4.02350e+04 2010172 1 1.3820e-01
+1.17263e+04 -4.03138e+04 2010173 1 1.3890e-01
+1.30096e+04 -4.04006e+04 2010174 1 1.3946e-01
+1.42878e+04 -4.04951e+04 2010175 1 1.3984e-01
+1.55605e+04 -4.05967e+04 2010176 1 1.4006e-01
+1.68274e+04 -4.07050e+04 2010177 1 1.4006e-01
+1.80883e+04 -4.08197e+04 2010178 1 1.3985e-01
+1.93428e+04 -4.09401e+04 2010179 1 1.3940e-01
+2.05909e+04 -4.10659e+04 2010180 1 1.3868e-01
+2.18322e+04 -4.11965e+04 2010181 1 1.3769e-01
+2.30666e+04 -4.13315e+04 2010182 1 1.3652e-01
+2.42942e+04 -4.14704e+04 2010183 1 1.3517e-01
+2.55147e+04 -4.16125e+04 2010184 1 1.3356e-01
+2.67282e+04 -4.17576e+04 2010185 1 1.3169e-01
+2.79347e+04 -4.19049e+04 2010186 1 1.2955e-01
+2.91343e+04 -4.20542e+04 2010187 1 1.2713e-01
+3.03270e+04 -4.22049e+04 2010188 1 1.2440e-01
+3.15128e+04 -4.23565e+04 2010189 1 1.2131e-01
+3.26918e+04 -4.25088e+04 2010190 1 1.1768e-01
+3.38642e+04 -4.26612e+04 2010191 1 1.1491e-01
+3.50302e+04 -4.28133e+04 2010192 1 1.1204e-01
+3.61900e+04 -4.29647e+04 2010193 1 1.0909e-01
+3.73438e+04 -4.31151e+04 2010194 1 1.0611e-01
+3.84917e+04 -4.32642e+04 2010195 1 1.0310e-01
+3.96341e+04 -4.34117e+04 2010196 1 1.0011e-01
+4.07710e+04 -4.35572e+04 2010197 1 9.7149e-02
+4.19027e+04 -4.37005e+04 2010198 1 9.4240e-02
+4.30294e+04 -4.38413e+04 2010199 1 9.0613e-02
+4.41513e+04 -4.39796e+04 2010200 1 8.6696e-02
+4.52684e+04 -4.41150e+04 2010201 1 8.2951e-02
+4.63813e+04 -4.42473e+04 2010202 1 7.9448e-02
+1.79907e+04 -4.76625e+04 11613 1 1.3885e-01
+2.17930e+01 -3.88333e+04 2010205 1 1.3405e-01
+1.32933e+03 -3.88383e+04 2010206 1 1.3422e-01
+2.63627e+03 -3.88527e+04 2010207 1 1.3449e-01
+3.94208e+03 -3.88761e+04 2010208 1 1.3485e-01
+5.24620e+03 -3.89087e+04 2010209 1 1.3527e-01
+6.54811e+03 -3.89502e+04 2010210 1 1.3574e-01
+7.84731e+03 -3.90003e+04 2010211 1 1.3625e-01
+9.14330e+03 -3.90590e+04 2010212 1 1.3676e-01
+1.04356e+04 -3.91260e+04 2010213 1 1.3750e-01
+1.17237e+04 -3.92010e+04 2010214 1 1.3813e-01
+1.30072e+04 -3.92836e+04 2010215 1 1.3864e-01
+1.42857e+04 -3.93735e+04 2010216 1 1.3900e-01
+1.55589e+04 -3.94702e+04 2010217 1 1.3919e-01
+1.68265e+04 -3.95735e+04 2010218 1 1.3919e-01
+1.80882e+04 -3.96827e+04 2010219 1 1.3897e-01
+1.93437e+04 -3.97975e+04 2010220 1 1.3854e-01
+2.05928e+04 -3.99174e+04 2010221 1 1.3785e-01
+2.18354e+04 -4.00420e+04 2010222 1 1.3699e-01
+2.30712e+04 -4.01708e+04 2010223 1 1.3596e-01
+2.43003e+04 -4.03033e+04 2010224 1 1.3470e-01
+2.55225e+04 -4.04391e+04 2010225 1 1.3319e-01
+2.67378e+04 -4.05776e+04 2010226 1 1.3141e-01
+2.79462e+04 -4.07185e+04 2010227 1 1.2939e-01
+2.91477e+04 -4.08612e+04 2010228 1 1.2711e-01
+3.03424e+04 -4.10054e+04 2010229 1 1.2452e-01
+3.15304e+04 -4.11506e+04 2010230 1 1.2154e-01
+3.27115e+04 -4.12964e+04 2010231 1 1.1839e-01
+3.38862e+04 -4.14424e+04 2010232 1 1.1576e-01
+3.50545e+04 -4.15882e+04 2010233 1 1.1304e-01
+3.62166e+04 -4.17335e+04 2010234 1 1.1027e-01
+3.73726e+04 -4.18778e+04 2010235 1 1.0743e-01
+3.85228e+04 -4.20210e+04 2010236 1 1.0458e-01
+3.96673e+04 -4.21627e+04 2010237 1 1.0173e-01
+4.08064e+04 -4.23026e+04 2010238 1 9.8917e-02
+4.19402e+04 -4.24404e+04 2010239 1 9.6129e-02
+4.30690e+04 -4.25760e+04 2010240 1 9.2748e-02
+4.41928e+04 -4.27092e+04 2010241 1 8.8947e-02
+4.53119e+04 -4.28397e+04 2010242 1 8.5302e-02
+4.64265e+04 -4.29673e+04 2010243 1 8.1906e-02
+1.67086e+04 -4.86541e+04 11571 1 1.3779e-01
+2.53290e+04 -4.86824e+04 11619 1 1.2813e-01
+1.80206e+04 -4.65183e+04 11654 1 1.3997e-01
+1.67687e+04 -4.63754e+04 11653 1 1.4032e-01
+2.17798e+01 -3.77388e+04 2010246 1 1.3346e-01
+1.32853e+03 -3.77437e+04 2010247 1 1.3361e-01
+2.63470e+03 -3.77573e+04 2010248 1 1.3386e-01
+3.93977e+03 -3.77796e+04 2010249 1 1.3418e-01
+5.24321e+03 -3.78105e+04 2010250 1 1.3457e-01
+6.54451e+03 -3.78498e+04 2010251 1 1.3500e-01
+7.84318e+03 -3.78975e+04 2010252 1 1.3546e-01
+9.13874e+03 -3.79532e+04 2010253 1 1.3592e-01
+1.04307e+04 -3.80168e+04 2010254 1 1.3659e-01
+1.17186e+04 -3.80881e+04 2010255 1 1.3718e-01
+1.30020e+04 -3.81666e+04 2010256 1 1.3764e-01
+1.42806e+04 -3.82521e+04 2010257 1 1.3796e-01
+1.55541e+04 -3.83440e+04 2010258 1 1.3812e-01
+1.68220e+04 -3.84422e+04 2010259 1 1.3811e-01
+1.80842e+04 -3.85461e+04 2010260 1 1.3791e-01
+1.93404e+04 -3.86554e+04 2010261 1 1.3748e-01
+2.05903e+04 -3.87695e+04 2010262 1 1.3685e-01
+2.18339e+04 -3.88882e+04 2010263 1 1.3613e-01
+2.30708e+04 -3.90109e+04 2010264 1 1.3516e-01
+2.43012e+04 -3.91372e+04 2010265 1 1.3398e-01
+2.55248e+04 -3.92666e+04 2010266 1 1.3254e-01
+2.67416e+04 -3.93988e+04 2010267 1 1.3088e-01
+2.79516e+04 -3.95332e+04 2010268 1 1.2896e-01
+2.91549e+04 -3.96694e+04 2010269 1 1.2680e-01
+3.03514e+04 -3.98071e+04 2010270 1 1.2432e-01
+3.15412e+04 -3.99458e+04 2010271 1 1.2148e-01
+3.27243e+04 -4.00852e+04 2010272 1 1.1876e-01
+3.39010e+04 -4.02249e+04 2010273 1 1.1629e-01
+3.50713e+04 -4.03644e+04 2010274 1 1.1373e-01
+3.62355e+04 -4.05035e+04 2010275 1 1.1111e-01
+3.73936e+04 -4.06418e+04 2010276 1 1.0842e-01
+3.85459e+04 -4.07790e+04 2010277 1 1.0572e-01
+3.96925e+04 -4.09149e+04 2010278 1 1.0302e-01
+4.08336e+04 -4.10491e+04 2010279 1 1.0034e-01
+4.19694e+04 -4.11815e+04 2010280 1 9.7707e-02
+4.31002e+04 -4.13117e+04 2010281 1 9.4562e-02
+4.42259e+04 -4.14397e+04 2010282 1 9.0887e-02
+4.53468e+04 -4.15652e+04 2010283 1 8.7367e-02
+4.64631e+04 -4.16881e+04 2010284 1 8.4061e-02
+1.67417e+04 -4.75137e+04 11612 1 1.3924e-01
+2.17624e+01 -3.66437e+04 2010287 1 1.3268e-01
+1.32747e+03 -3.66483e+04 2010288 1 1.3282e-01
+2.63262e+03 -3.66612e+04 2010289 1 1.3304e-01
+3.93670e+03 -3.66823e+04 2010290 1 1.3333e-01
+5.23921e+03 -3.67116e+04 2010291 1 1.3368e-01
+6.53965e+03 -3.67490e+04 2010292 1 1.3408e-01
+7.83753e+03 -3.67942e+04 2010293 1 1.3449e-01
+9.13239e+03 -3.68470e+04 2010294 1 1.3492e-01
+1.04238e+04 -3.69073e+04 2010295 1 1.3551e-01
+1.17112e+04 -3.69749e+04 2010296 1 1.3604e-01
+1.29943e+04 -3.70494e+04 2010297 1 1.3646e-01
+1.42727e+04 -3.71305e+04 2010298 1 1.3674e-01
+1.55461e+04 -3.72179e+04 2010299 1 1.3688e-01
+1.68142e+04 -3.73111e+04 2010300 1 1.3686e-01
+1.80766e+04 -3.74097e+04 2010301 1 1.3665e-01
+1.93332e+04 -3.75135e+04 2010302 1 1.3625e-01
+2.05837e+04 -3.76221e+04 2010303 1 1.3574e-01
+2.18279e+04 -3.77349e+04 2010304 1 1.3505e-01
+2.30658e+04 -3.78516e+04 2010305 1 1.3416e-01
+2.42971e+04 -3.79717e+04 2010306 1 1.3304e-01
+2.55218e+04 -3.80949e+04 2010307 1 1.3169e-01
+2.67399e+04 -3.82207e+04 2010308 1 1.3012e-01
+2.79513e+04 -3.83487e+04 2010309 1 1.2831e-01
+2.91560e+04 -3.84786e+04 2010310 1 1.2624e-01
+3.03541e+04 -3.86099e+04 2010311 1 1.2388e-01
+3.15456e+04 -3.87422e+04 2010312 1 1.2113e-01
+3.27305e+04 -3.88752e+04 2010313 1 1.1887e-01
+3.39090e+04 -3.90085e+04 2010314 1 1.1654e-01
+3.50812e+04 -3.91418e+04 2010315 1 1.1413e-01
+3.62472e+04 -3.92747e+04 2010316 1 1.1165e-01
+3.74073e+04 -3.94069e+04 2010317 1 1.0913e-01
+3.85615e+04 -3.95382e+04 2010318 1 1.0658e-01
+3.97100e+04 -3.96682e+04 2010319 1 1.0403e-01
+4.08530e+04 -3.97968e+04 2010320 1 1.0148e-01
+4.19907e+04 -3.99236e+04 2010321 1 9.8978e-02
+4.31232e+04 -4.00485e+04 2010322 1 9.6064e-02
+4.42507e+04 -4.01713e+04 2010323 1 9.2520e-02
+4.53734e+04 -4.02917e+04 2010324 1 8.9125e-02
+4.64914e+04 -4.04097e+04 2010325 1 8.5968e-02
+1.54560e+04 -4.85075e+04 11570 1 1.3808e-01
+1.41965e+04 -4.83697e+04 11569 1 1.3798e-01
+1.54858e+04 -4.73727e+04 11611 1 1.3945e-01
+1.55099e+04 -4.62400e+04 11652 1 1.4035e-01
+1.42447e+04 -4.61129e+04 11651 1 1.4020e-01
+2.17412e+01 -3.55478e+04 2010328 1 1.3171e-01
+1.32618e+03 -3.55521e+04 2010329 1 1.3184e-01
+2.63007e+03 -3.55643e+04 2010330 1 1.3204e-01
+3.93293e+03 -3.55843e+04 2010331 1 1.3231e-01
+5.23426e+03 -3.56120e+04 2010332 1 1.3263e-01
+6.53359e+03 -3.56473e+04 2010333 1 1.3298e-01
+7.83045e+03 -3.56901e+04 2010334 1 1.3336e-01
+9.12438e+03 -3.57402e+04 2010335 1 1.3374e-01
+1.04149e+04 -3.57973e+04 2010336 1 1.3428e-01
+1.17017e+04 -3.58613e+04 2010337 1 1.3475e-01
+1.29842e+04 -3.59319e+04 2010338 1 1.3512e-01
+1.42622e+04 -3.60087e+04 2010339 1 1.3537e-01
+1.55352e+04 -3.60915e+04 2010340 1 1.3549e-01
+1.68031e+04 -3.61798e+04 2010341 1 1.3545e-01
+1.80656e+04 -3.62734e+04 2010342 1 1.3524e-01
+1.93223e+04 -3.63719e+04 2010343 1 1.3493e-01
+2.05731e+04 -3.64748e+04 2010344 1 1.3446e-01
+2.18178e+04 -3.65819e+04 2010345 1 1.3381e-01
+2.30563e+04 -3.66926e+04 2010346 1 1.3296e-01
+2.42883e+04 -3.68068e+04 2010347 1 1.3191e-01
+2.55140e+04 -3.69238e+04 2010348 1 1.3063e-01
+2.67331e+04 -3.70434e+04 2010349 1 1.2915e-01
+2.79456e+04 -3.71651e+04 2010350 1 1.2744e-01
+2.91516e+04 -3.72886e+04 2010351 1 1.2547e-01
+3.03510e+04 -3.74135e+04 2010352 1 1.2322e-01
+3.15439e+04 -3.75395e+04 2010353 1 1.2082e-01
+3.27303e+04 -3.76662e+04 2010354 1 1.1874e-01
+3.39104e+04 -3.77932e+04 2010355 1 1.1655e-01
+3.50843e+04 -3.79203e+04 2010356 1 1.1428e-01
+3.62521e+04 -3.80470e+04 2010357 1 1.1196e-01
+3.74139e+04 -3.81732e+04 2010358 1 1.0958e-01
+3.85698e+04 -3.82985e+04 2010359 1 1.0717e-01
+3.97201e+04 -3.84227e+04 2010360 1 1.0476e-01
+4.08649e+04 -3.85456e+04 2010361 1 1.0236e-01
+4.20043e+04 -3.86668e+04 2010362 1 9.9993e-02
+4.31386e+04 -3.87863e+04 2010363 1 9.7315e-02
+4.42678e+04 -3.89038e+04 2010364 1 9.3915e-02
+4.53921e+04 -3.90192e+04 2010365 1 9.0637e-02
+4.65118e+04 -3.91322e+04 2010366 1 8.7580e-02
+2.41249e+04 -4.85007e+04 11618 1 1.3108e-01
+1.29732e+04 -4.59946e+04 11650 1 1.3975e-01
+2.17162e+01 -3.44507e+04 2010369 1 1.3059e-01
+1.32465e+03 -3.44548e+04 2010370 1 1.3070e-01
+2.62707e+03 -3.44663e+04 2010371 1 1.3088e-01
+3.92848e+03 -3.44852e+04 2010372 1 1.3112e-01
+5.22841e+03 -3.45114e+04 2010373 1 1.3141e-01
+6.52641e+03 -3.45448e+04 2010374 1 1.3173e-01
+7.82200e+03 -3.45852e+04 2010375 1 1.3208e-01
+9.11477e+03 -3.46325e+04 2010376 1 1.3242e-01
+1.04043e+04 -3.46865e+04 2010377 1 1.3289e-01
+1.16901e+04 -3.47470e+04 2010378 1 1.3331e-01
+1.29718e+04 -3.48137e+04 2010379 1 1.3364e-01
+1.42491e+04 -3.48864e+04 2010380 1 1.3387e-01
+1.55216e+04 -3.49647e+04 2010381 1 1.3396e-01
+1.67891e+04 -3.50483e+04 2010382 1 1.3392e-01
+1.80513e+04 -3.51369e+04 2010383 1 1.3378e-01
+1.93079e+04 -3.52301e+04 2010384 1 1.3348e-01
+2.05588e+04 -3.53276e+04 2010385 1 1.3303e-01
+2.18037e+04 -3.54290e+04 2010386 1 1.3242e-01
+2.30425e+04 -3.55340e+04 2010387 1 1.3161e-01
+2.42751e+04 -3.56421e+04 2010388 1 1.3063e-01
+2.55014e+04 -3.57531e+04 2010389 1 1.2942e-01
+2.67213e+04 -3.58666e+04 2010390 1 1.2802e-01
+2.79347e+04 -3.59821e+04 2010391 1 1.2640e-01
+2.91417e+04 -3.60994e+04 2010392 1 1.2453e-01
+3.03423e+04 -3.62180e+04 2010393 1 1.2237e-01
+3.15364e+04 -3.63377e+04 2010394 1 1.2036e-01
+3.27242e+04 -3.64581e+04 2010395 1 1.1841e-01
+3.39057e+04 -3.65789e+04 2010396 1 1.1636e-01
+3.50810e+04 -3.66997e+04 2010397 1 1.1424e-01
+3.62503e+04 -3.68204e+04 2010398 1 1.1205e-01
+3.74137e+04 -3.69405e+04 2010399 1 1.0982e-01
+3.85713e+04 -3.70599e+04 2010400 1 1.0756e-01
+3.97232e+04 -3.71783e+04 2010401 1 1.0529e-01
+4.08696e+04 -3.72955e+04 2010402 1 1.0303e-01
+4.20107e+04 -3.74111e+04 2010403 1 1.0080e-01
+4.31466e+04 -3.75252e+04 2010404 1 9.8351e-02
+4.42774e+04 -3.76374e+04 2010405 1 9.5071e-02
+4.54033e+04 -3.77476e+04 2010406 1 9.1924e-02
+4.65245e+04 -3.78557e+04 2010407 1 8.8967e-02
+1.42232e+04 -4.72403e+04 11610 1 1.3932e-01
+2.16876e+01 -3.33523e+04 2010410 1 1.2930e-01
+1.32291e+03 -3.33562e+04 2010411 1 1.2940e-01
+2.62363e+03 -3.33670e+04 2010412 1 1.2957e-01
+3.92338e+03 -3.33848e+04 2010413 1 1.2978e-01
+5.22170e+03 -3.34096e+04 2010414 1 1.3004e-01
+6.51814e+03 -3.34410e+04 2010415 1 1.3034e-01
+7.81226e+03 -3.34792e+04 2010416 1 1.3065e-01
+9.10364e+03 -3.35238e+04 2010417 1 1.3096e-01
+1.03919e+04 -3.35748e+04 2010418 1 1.3137e-01
+1.16765e+04 -3.36318e+04 2010419 1 1.3175e-01
+1.29572e+04 -3.36948e+04 2010420 1 1.3204e-01
+1.42335e+04 -3.37634e+04 2010421 1 1.3224e-01
+1.55053e+04 -3.38374e+04 2010422 1 1.3233e-01
+1.67722e+04 -3.39163e+04 2010423 1 1.3232e-01
+1.80339e+04 -3.40000e+04 2010424 1 1.3217e-01
+1.92902e+04 -3.40881e+04 2010425 1 1.3190e-01
+2.05409e+04 -3.41802e+04 2010426 1 1.3147e-01
+2.17858e+04 -3.42761e+04 2010427 1 1.3090e-01
+2.30248e+04 -3.43754e+04 2010428 1 1.3015e-01
+2.42576e+04 -3.44777e+04 2010429 1 1.2921e-01
+2.54843e+04 -3.45828e+04 2010430 1 1.2809e-01
+2.67048e+04 -3.46902e+04 2010431 1 1.2676e-01
+2.79189e+04 -3.47996e+04 2010432 1 1.2522e-01
+2.91267e+04 -3.49107e+04 2010433 1 1.2344e-01
+3.03282e+04 -3.50231e+04 2010434 1 1.2148e-01
+3.15233e+04 -3.51366e+04 2010435 1 1.1975e-01
+3.27122e+04 -3.52508e+04 2010436 1 1.1793e-01
+3.38950e+04 -3.53654e+04 2010437 1 1.1601e-01
+3.50716e+04 -3.54801e+04 2010438 1 1.1403e-01
+3.62423e+04 -3.55947e+04 2010439 1 1.1198e-01
+3.74071e+04 -3.57089e+04 2010440 1 1.0989e-01
+3.85661e+04 -3.58223e+04 2010441 1 1.0777e-01
+3.97195e+04 -3.59349e+04 2010442 1 1.0564e-01
+4.08674e+04 -3.60464e+04 2010443 1 1.0351e-01
+4.20100e+04 -3.61565e+04 2010444 1 1.0141e-01
+4.31474e+04 -3.62651e+04 2010445 1 9.9196e-02
+4.42798e+04 -3.63720e+04 2010446 1 9.6054e-02
+4.54072e+04 -3.64770e+04 2010447 1 9.3022e-02
+4.65299e+04 -3.65801e+04 2010448 1 9.0166e-02
+7.82317e+03 -4.67269e+04 11605 1 1.3517e-01
+1.04132e+04 -4.57867e+04 11648 1 1.3809e-01
+2.16556e+01 -3.22525e+04 2010451 1 1.2786e-01
+1.32096e+03 -3.22561e+04 2010452 1 1.2796e-01
+2.61978e+03 -3.22663e+04 2010453 1 1.2810e-01
+3.91765e+03 -3.22831e+04 2010454 1 1.2830e-01
+5.21415e+03 -3.23063e+04 2010455 1 1.2854e-01
+6.50883e+03 -3.23360e+04 2010456 1 1.2881e-01
+7.80127e+03 -3.23719e+04 2010457 1 1.2909e-01
+9.09105e+03 -3.24139e+04 2010458 1 1.2937e-01
+1.03778e+04 -3.24619e+04 2010459 1 1.2973e-01
+1.16610e+04 -3.25157e+04 2010460 1 1.3007e-01
+1.29404e+04 -3.25750e+04 2010461 1 1.3033e-01
+1.42157e+04 -3.26396e+04 2010462 1 1.3052e-01
+1.54865e+04 -3.27093e+04 2010463 1 1.3061e-01
+1.67525e+04 -3.27837e+04 2010464 1 1.3060e-01
+1.80135e+04 -3.28626e+04 2010465 1 1.3047e-01
+1.92693e+04 -3.29456e+04 2010466 1 1.3021e-01
+2.05196e+04 -3.30326e+04 2010467 1 1.2981e-01
+2.17643e+04 -3.31230e+04 2010468 1 1.2928e-01
+2.30031e+04 -3.32167e+04 2010469 1 1.2857e-01
+2.42360e+04 -3.33134e+04 2010470 1 1.2769e-01
+2.54629e+04 -3.34125e+04 2010471 1 1.2664e-01
+2.66837e+04 -3.35140e+04 2010472 1 1.2538e-01
+2.78983e+04 -3.36174e+04 2010473 1 1.2393e-01
+2.91067e+04 -3.37224e+04 2010474 1 1.2222e-01
+3.03089e+04 -3.38287e+04 2010475 1 1.2062e-01
+3.15049e+04 -3.39361e+04 2010476 1 1.1901e-01
+3.26947e+04 -3.40442e+04 2010477 1 1.1732e-01
+3.38785e+04 -3.41527e+04 2010478 1 1.1554e-01
+3.50563e+04 -3.42613e+04 2010479 1 1.1369e-01
+3.62281e+04 -3.43699e+04 2010480 1 1.1178e-01
+3.73942e+04 -3.44781e+04 2010481 1 1.0983e-01
+3.85545e+04 -3.45857e+04 2010482 1 1.0785e-01
+3.97093e+04 -3.46925e+04 2010483 1 1.0586e-01
+4.08586e+04 -3.47983e+04 2010484 1 1.0386e-01
+4.20025e+04 -3.49028e+04 2010485 1 1.0189e-01
+4.31414e+04 -3.50060e+04 2010486 1 9.9887e-02
+4.42752e+04 -3.51076e+04 2010487 1 9.6859e-02
+4.54040e+04 -3.52075e+04 2010488 1 9.3968e-02
+4.65281e+04 -3.53055e+04 2010489 1 9.1224e-02
+1.03806e+04 -4.80157e+04 11566 1 1.3573e-01
+9.09763e+03 -4.79196e+04 11565 1 1.3462e-01
+5.23181e+03 -4.66001e+04 11603 1 1.3350e-01
+1.16959e+04 -4.58857e+04 11649 1 1.3904e-01
+2.16202e+01 -3.11510e+04 2010492 1 1.2628e-01
+1.31880e+03 -3.11544e+04 2010493 1 1.2636e-01
+2.61552e+03 -3.11640e+04 2010494 1 1.2649e-01
+3.91132e+03 -3.11797e+04 2010495 1 1.2668e-01
+5.20580e+03 -3.12016e+04 2010496 1 1.2689e-01
+6.49851e+03 -3.12294e+04 2010497 1 1.2714e-01
+7.78905e+03 -3.12632e+04 2010498 1 1.2739e-01
+9.07703e+03 -3.13026e+04 2010499 1 1.2764e-01
+1.03620e+04 -3.13477e+04 2010500 1 1.2795e-01
+1.16437e+04 -3.13982e+04 2010501 1 1.2826e-01
+1.29216e+04 -3.14540e+04 2010502 1 1.2852e-01
+1.41956e+04 -3.15148e+04 2010503 1 1.2869e-01
+1.54651e+04 -3.15803e+04 2010504 1 1.2878e-01
+1.67301e+04 -3.16503e+04 2010505 1 1.2877e-01
+1.79902e+04 -3.17245e+04 2010506 1 1.2866e-01
+1.92452e+04 -3.18026e+04 2010507 1 1.2843e-01
+2.04949e+04 -3.18844e+04 2010508 1 1.2807e-01
+2.17391e+04 -3.19696e+04 2010509 1 1.2757e-01
+2.29777e+04 -3.20578e+04 2010510 1 1.2692e-01
+2.42104e+04 -3.21488e+04 2010511 1 1.2610e-01
+2.54373e+04 -3.22423e+04 2010512 1 1.2510e-01
+2.66582e+04 -3.23379e+04 2010513 1 1.2393e-01
+2.78731e+04 -3.24354e+04 2010514 1 1.2254e-01
+2.90818e+04 -3.25344e+04 2010515 1 1.2105e-01
+3.02846e+04 -3.26347e+04 2010516 1 1.1967e-01
+3.14812e+04 -3.27360e+04 2010517 1 1.1819e-01
+3.26718e+04 -3.28381e+04 2010518 1 1.1662e-01
+3.38565e+04 -3.29405e+04 2010519 1 1.1497e-01
+3.50352e+04 -3.30432e+04 2010520 1 1.1326e-01
+3.62081e+04 -3.31458e+04 2010521 1 1.1149e-01
+3.73752e+04 -3.32481e+04 2010522 1 1.0967e-01
+3.85367e+04 -3.33499e+04 2010523 1 1.0783e-01
+3.96927e+04 -3.34510e+04 2010524 1 1.0597e-01
+4.08432e+04 -3.35511e+04 2010525 1 1.0411e-01
+4.19885e+04 -3.36501e+04 2010526 1 1.0226e-01
+4.31286e+04 -3.37478e+04 2010527 1 1.0044e-01
+4.42638e+04 -3.38441e+04 2010528 1 9.7578e-02
+4.53939e+04 -3.39388e+04 2010529 1 9.4785e-02
+4.65194e+04 -3.40318e+04 2010530 1 9.2141e-02
+1.29305e+04 -4.82414e+04 11568 1 1.3751e-01
+1.29542e+04 -4.71170e+04 11609 1 1.3886e-01
+7.83346e+03 -4.56204e+04 11646 1 1.3620e-01
+2.15816e+01 -3.00477e+04 2010533 1 1.2454e-01
+1.31645e+03 -3.00509e+04 2010534 1 1.2461e-01
+2.61086e+03 -3.00598e+04 2010535 1 1.2472e-01
+3.90440e+03 -3.00746e+04 2010536 1 1.2488e-01
+5.19665e+03 -3.00951e+04 2010537 1 1.2507e-01
+6.48720e+03 -3.01212e+04 2010538 1 1.2529e-01
+7.77565e+03 -3.01528e+04 2010539 1 1.2553e-01
+9.06162e+03 -3.01898e+04 2010540 1 1.2577e-01
+1.03447e+04 -3.02321e+04 2010541 1 1.2605e-01
+1.16246e+04 -3.02794e+04 2010542 1 1.2635e-01
+1.29009e+04 -3.03317e+04 2010543 1 1.2659e-01
+1.41732e+04 -3.03887e+04 2010544 1 1.2677e-01
+1.54414e+04 -3.04502e+04 2010545 1 1.2686e-01
+1.67051e+04 -3.05158e+04 2010546 1 1.2687e-01
+1.79641e+04 -3.05855e+04 2010547 1 1.2677e-01
+1.92181e+04 -3.06588e+04 2010548 1 1.2657e-01
+2.04670e+04 -3.07357e+04 2010549 1 1.2624e-01
+2.17105e+04 -3.08156e+04 2010550 1 1.2579e-01
+2.29485e+04 -3.08985e+04 2010551 1 1.2519e-01
+2.41809e+04 -3.09840e+04 2010552 1 1.2444e-01
+2.54076e+04 -3.10719e+04 2010553 1 1.2351e-01
+2.66284e+04 -3.11617e+04 2010554 1 1.2240e-01
+2.78433e+04 -3.12534e+04 2010555 1 1.2110e-01
+2.90523e+04 -3.13466e+04 2010556 1 1.1993e-01
+3.02554e+04 -3.14410e+04 2010557 1 1.1867e-01
+3.14525e+04 -3.15364e+04 2010558 1 1.1731e-01
+3.26437e+04 -3.16324e+04 2010559 1 1.1587e-01
+3.38290e+04 -3.17290e+04 2010560 1 1.1435e-01
+3.50085e+04 -3.18257e+04 2010561 1 1.1276e-01
+3.61823e+04 -3.19224e+04 2010562 1 1.1113e-01
+3.73503e+04 -3.20189e+04 2010563 1 1.0946e-01
+3.85128e+04 -3.21149e+04 2010564 1 1.0774e-01
+3.96699e+04 -3.22103e+04 2010565 1 1.0602e-01
+4.08216e+04 -3.23048e+04 2010566 1 1.0429e-01
+4.19680e+04 -3.23983e+04 2010567 1 1.0256e-01
+4.31094e+04 -3.24906e+04 2010568 1 1.0086e-01
+4.42457e+04 -3.25817e+04 2010569 1 9.8189e-02
+4.53772e+04 -3.26712e+04 2010570 1 9.5516e-02
+4.65039e+04 -3.27592e+04 2010571 1 9.2982e-02
+7.81002e+03 -4.78351e+04 11564 1 1.3376e-01
+1.16793e+04 -4.70035e+04 11608 1 1.3812e-01
+2.15398e+01 -2.89424e+04 2010574 1 1.2258e-01
+1.31390e+03 -2.89453e+04 2010575 1 1.2264e-01
+2.60582e+03 -2.89537e+04 2010576 1 1.2276e-01
+3.89690e+03 -2.89675e+04 2010577 1 1.2290e-01
+5.18673e+03 -2.89867e+04 2010578 1 1.2309e-01
+6.47492e+03 -2.90111e+04 2010579 1 1.2330e-01
+7.76108e+03 -2.90406e+04 2010580 1 1.2354e-01
+9.04485e+03 -2.90753e+04 2010581 1 1.2377e-01
+1.03259e+04 -2.91148e+04 2010582 1 1.2403e-01
+1.16037e+04 -2.91591e+04 2010583 1 1.2433e-01
+1.28781e+04 -2.92080e+04 2010584 1 1.2457e-01
+1.41487e+04 -2.92613e+04 2010585 1 1.2475e-01
+1.54153e+04 -2.93188e+04 2010586 1 1.2486e-01
+1.66775e+04 -2.93803e+04 2010587 1 1.2489e-01
+1.79351e+04 -2.94455e+04 2010588 1 1.2482e-01
+1.91880e+04 -2.95141e+04 2010589 1 1.2465e-01
+2.04358e+04 -2.95861e+04 2010590 1 1.2437e-01
+2.16785e+04 -2.96610e+04 2010591 1 1.2396e-01
+2.29158e+04 -2.97386e+04 2010592 1 1.2342e-01
+2.41476e+04 -2.98187e+04 2010593 1 1.2272e-01
+2.53738e+04 -2.99011e+04 2010594 1 1.2187e-01
+2.65944e+04 -2.99854e+04 2010595 1 1.2082e-01
+2.78091e+04 -3.00713e+04 2010596 1 1.1983e-01
+2.90182e+04 -3.01588e+04 2010597 1 1.1878e-01
+3.02214e+04 -3.02474e+04 2010598 1 1.1763e-01
+3.14187e+04 -3.03369e+04 2010599 1 1.1640e-01
+3.26103e+04 -3.04271e+04 2010600 1 1.1508e-01
+3.37962e+04 -3.05178e+04 2010601 1 1.1370e-01
+3.49763e+04 -3.06087e+04 2010602 1 1.1225e-01
+3.61508e+04 -3.06996e+04 2010603 1 1.1075e-01
+3.73197e+04 -3.07903e+04 2010604 1 1.0921e-01
+3.84830e+04 -3.08806e+04 2010605 1 1.0764e-01
+3.96410e+04 -3.09704e+04 2010606 1 1.0604e-01
+4.07937e+04 -3.10593e+04 2010607 1 1.0444e-01
+4.19412e+04 -3.11474e+04 2010608 1 1.0284e-01
+4.30837e+04 -3.12344e+04 2010609 1 1.0126e-01
+4.42212e+04 -3.13201e+04 2010610 1 9.8785e-02
+4.53539e+04 -3.14045e+04 2010611 1 9.6205e-02
+4.64818e+04 -3.14875e+04 2010612 1 9.3745e-02
+1.16584e+04 -4.81232e+04 11567 1 1.3679e-01
+2.14947e+01 -2.78349e+04 2010615 1 1.2048e-01
+1.31115e+03 -2.78377e+04 2010616 1 1.2054e-01
+2.60039e+03 -2.78455e+04 2010617 1 1.2064e-01
+3.88881e+03 -2.78584e+04 2010618 1 1.2079e-01
+5.17603e+03 -2.78762e+04 2010619 1 1.2097e-01
+6.46166e+03 -2.78990e+04 2010620 1 1.2118e-01
+7.74534e+03 -2.79265e+04 2010621 1 1.2142e-01
+9.02671e+03 -2.79588e+04 2010622 1 1.2166e-01
+1.03054e+04 -2.79957e+04 2010623 1 1.2191e-01
+1.15811e+04 -2.80370e+04 2010624 1 1.2220e-01
+1.28534e+04 -2.80826e+04 2010625 1 1.2245e-01
+1.41221e+04 -2.81323e+04 2010626 1 1.2265e-01
+1.53868e+04 -2.81860e+04 2010627 1 1.2278e-01
+1.66473e+04 -2.82433e+04 2010628 1 1.2284e-01
+1.79034e+04 -2.83042e+04 2010629 1 1.2281e-01
+1.91549e+04 -2.83683e+04 2010630 1 1.2267e-01
+2.04015e+04 -2.84355e+04 2010631 1 1.2244e-01
+2.16430e+04 -2.85054e+04 2010632 1 1.2209e-01
+2.28794e+04 -2.85780e+04 2010633 1 1.2162e-01
+2.41105e+04 -2.86529e+04 2010634 1 1.2099e-01
+2.53361e+04 -2.87298e+04 2010635 1 1.2019e-01
+2.65561e+04 -2.88086e+04 2010636 1 1.1940e-01
+2.77706e+04 -2.88890e+04 2010637 1 1.1856e-01
+2.89794e+04 -2.89708e+04 2010638 1 1.1762e-01
+3.01826e+04 -2.90537e+04 2010639 1 1.1660e-01
+3.13801e+04 -2.91375e+04 2010640 1 1.1549e-01
+3.25719e+04 -2.92220e+04 2010641 1 1.1431e-01
+3.37581e+04 -2.93069e+04 2010642 1 1.1306e-01
+3.49387e+04 -2.93920e+04 2010643 1 1.1175e-01
+3.61137e+04 -2.94772e+04 2010644 1 1.1038e-01
+3.72832e+04 -2.95623e+04 2010645 1 1.0897e-01
+3.84474e+04 -2.96470e+04 2010646 1 1.0753e-01
+3.96062e+04 -2.97311e+04 2010647 1 1.0607e-01
+4.07598e+04 -2.98146e+04 2010648 1 1.0459e-01
+4.19083e+04 -2.98973e+04 2010649 1 1.0312e-01
+4.30517e+04 -2.99789e+04 2010650 1 1.0165e-01
+4.41903e+04 -3.00595e+04 2010651 1 9.9365e-02
+4.53241e+04 -3.01388e+04 2010652 1 9.6877e-02
+4.64531e+04 -3.02168e+04 2010653 1 9.4513e-02
+6.51837e+03 -4.77628e+04 11563 1 1.3287e-01
+1.03988e+04 -4.69003e+04 11607 1 1.3710e-01
+6.53757e+03 -4.55539e+04 11645 1 1.3539e-01
+2.14465e+01 -2.67251e+04 2010656 1 1.1823e-01
+1.30821e+03 -2.67277e+04 2010657 1 1.1828e-01
+2.59457e+03 -2.67349e+04 2010658 1 1.1838e-01
+3.88014e+03 -2.67469e+04 2010659 1 1.1853e-01
+5.16455e+03 -2.67635e+04 2010660 1 1.1871e-01
+6.44744e+03 -2.67846e+04 2010661 1 1.1893e-01
+7.72844e+03 -2.68103e+04 2010662 1 1.1917e-01
+9.00721e+03 -2.68403e+04 2010663 1 1.1943e-01
+1.02834e+04 -2.68745e+04 2010664 1 1.1968e-01
+1.15567e+04 -2.69130e+04 2010665 1 1.1999e-01
+1.28267e+04 -2.69554e+04 2010666 1 1.2026e-01
+1.40932e+04 -2.70016e+04 2010667 1 1.2048e-01
+1.53559e+04 -2.70515e+04 2010668 1 1.2064e-01
+1.66146e+04 -2.71049e+04 2010669 1 1.2073e-01
+1.78690e+04 -2.71615e+04 2010670 1 1.2074e-01
+1.91188e+04 -2.72212e+04 2010671 1 1.2066e-01
+2.03640e+04 -2.72837e+04 2010672 1 1.2049e-01
+2.16042e+04 -2.73489e+04 2010673 1 1.2019e-01
+2.28395e+04 -2.74165e+04 2010674 1 1.1978e-01
+2.40696e+04 -2.74862e+04 2010675 1 1.1922e-01
+2.52944e+04 -2.75579e+04 2010676 1 1.1866e-01
+2.65138e+04 -2.76313e+04 2010677 1 1.1802e-01
+2.77277e+04 -2.77063e+04 2010678 1 1.1730e-01
+2.89362e+04 -2.77826e+04 2010679 1 1.1649e-01
+3.01392e+04 -2.78599e+04 2010680 1 1.1559e-01
+3.13366e+04 -2.79380e+04 2010681 1 1.1462e-01
+3.25284e+04 -2.80169e+04 2010682 1 1.1357e-01
+3.37148e+04 -2.80961e+04 2010683 1 1.1245e-01
+3.48957e+04 -2.81757e+04 2010684 1 1.1128e-01
+3.60711e+04 -2.82552e+04 2010685 1 1.1005e-01
+3.72412e+04 -2.83347e+04 2010686 1 1.0878e-01
+3.84059e+04 -2.84138e+04 2010687 1 1.0747e-01
+3.95654e+04 -2.84925e+04 2010688 1 1.0614e-01
+4.07198e+04 -2.85706e+04 2010689 1 1.0479e-01
+4.18691e+04 -2.86479e+04 2010690 1 1.0343e-01
+4.30135e+04 -2.87243e+04 2010691 1 1.0207e-01
+4.41531e+04 -2.87997e+04 2010692 1 9.9982e-02
+4.52878e+04 -2.88740e+04 2010693 1 9.7568e-02
+4.64180e+04 -2.89470e+04 2010694 1 9.5292e-02
+2.13950e+01 -2.56128e+04 2010697 1 1.1582e-01
+1.30507e+03 -2.56151e+04 2010698 1 1.1588e-01
+2.58835e+03 -2.56219e+04 2010699 1 1.1598e-01
+3.87088e+03 -2.56330e+04 2010700 1 1.1613e-01
+5.15229e+03 -2.56483e+04 2010701 1 1.1632e-01
+6.43223e+03 -2.56679e+04 2010702 1 1.1655e-01
+7.71035e+03 -2.56917e+04 2010703 1 1.1681e-01
+8.98632e+03 -2.57195e+04 2010704 1 1.1708e-01
+1.02598e+04 -2.57512e+04 2010705 1 1.1736e-01
+1.15305e+04 -2.57868e+04 2010706 1 1.1768e-01
+1.27981e+04 -2.58262e+04 2010707 1 1.1798e-01
+1.40622e+04 -2.58690e+04 2010708 1 1.1823e-01
+1.53227e+04 -2.59153e+04 2010709 1 1.1844e-01
+1.65793e+04 -2.59648e+04 2010710 1 1.1857e-01
+1.78317e+04 -2.60173e+04 2010711 1 1.1864e-01
+1.90797e+04 -2.60727e+04 2010712 1 1.1862e-01
+2.03233e+04 -2.61307e+04 2010713 1 1.1851e-01
+2.15621e+04 -2.61911e+04 2010714 1 1.1828e-01
+2.27960e+04 -2.62538e+04 2010715 1 1.1795e-01
+2.40249e+04 -2.63186e+04 2010716 1 1.1762e-01
+2.52487e+04 -2.63852e+04 2010717 1 1.1720e-01
+2.64672e+04 -2.64534e+04 2010718 1 1.1668e-01
+2.76805e+04 -2.65230e+04 2010719 1 1.1609e-01
+2.88884e+04 -2.65939e+04 2010720 1 1.1541e-01
+3.00910e+04 -2.66658e+04 2010721 1 1.1464e-01
+3.12881e+04 -2.67384e+04 2010722 1 1.1380e-01
+3.24799e+04 -2.68117e+04 2010723 1 1.1289e-01
+3.36663e+04 -2.68855e+04 2010724 1 1.1192e-01
+3.48473e+04 -2.69595e+04 2010725 1 1.1088e-01
+3.60230e+04 -2.70335e+04 2010726 1 1.0979e-01
+3.71934e+04 -2.71075e+04 2010727 1 1.0866e-01
+3.83586e+04 -2.71812e+04 2010728 1 1.0748e-01
+3.95187e+04 -2.72545e+04 2010729 1 1.0628e-01
+4.06737e+04 -2.73272e+04 2010730 1 1.0506e-01
+4.18238e+04 -2.73993e+04 2010731 1 1.0382e-01
+4.29690e+04 -2.74705e+04 2010732 1 1.0258e-01
+4.41095e+04 -2.75408e+04 2010733 1 1.0067e-01
+4.52452e+04 -2.76101e+04 2010734 1 9.8342e-02
+4.63764e+04 -2.76782e+04 2010735 1 9.6125e-02
+3.92541e+03 -4.76560e+04 11561 1 1.3123e-01
+9.12553e+03 -4.56981e+04 11647 1 1.3699e-01
+2.13401e+01 -2.44977e+04 2010738 1 1.1327e-01
+1.30173e+03 -2.44999e+04 2010739 1 1.1332e-01
+2.58174e+03 -2.45061e+04 2010740 1 1.1343e-01
+3.86102e+03 -2.45164e+04 2010741 1 1.1359e-01
+5.13923e+03 -2.45306e+04 2010742 1 1.1379e-01
+6.41602e+03 -2.45486e+04 2010743 1 1.1404e-01
+7.69107e+03 -2.45706e+04 2010744 1 1.1432e-01
+8.96404e+03 -2.45962e+04 2010745 1 1.1463e-01
+1.02346e+04 -2.46256e+04 2010746 1 1.1494e-01
+1.15025e+04 -2.46584e+04 2010747 1 1.1528e-01
+1.27674e+04 -2.46947e+04 2010748 1 1.1562e-01
+1.40290e+04 -2.47344e+04 2010749 1 1.1592e-01
+1.52871e+04 -2.47771e+04 2010750 1 1.1618e-01
+1.65413e+04 -2.48228e+04 2010751 1 1.1637e-01
+1.77916e+04 -2.48713e+04 2010752 1 1.1651e-01
+1.90377e+04 -2.49225e+04 2010753 1 1.1655e-01
+2.02793e+04 -2.49761e+04 2010754 1 1.1651e-01
+2.15164e+04 -2.50320e+04 2010755 1 1.1642e-01
+2.27488e+04 -2.50900e+04 2010756 1 1.1629e-01
+2.39764e+04 -2.51499e+04 2010757 1 1.1608e-01
+2.51989e+04 -2.52115e+04 2010758 1 1.1578e-01
+2.64165e+04 -2.52746e+04 2010759 1 1.1540e-01
+2.76289e+04 -2.53391e+04 2010760 1 1.1494e-01
+2.88361e+04 -2.54046e+04 2010761 1 1.1440e-01
+3.00381e+04 -2.54712e+04 2010762 1 1.1378e-01
+3.12348e+04 -2.55385e+04 2010763 1 1.1308e-01
+3.24263e+04 -2.56064e+04 2010764 1 1.1231e-01
+3.36125e+04 -2.56747e+04 2010765 1 1.1148e-01
+3.47935e+04 -2.57433e+04 2010766 1 1.1059e-01
+3.59693e+04 -2.58119e+04 2010767 1 1.0965e-01
+3.71400e+04 -2.58805e+04 2010768 1 1.0865e-01
+3.83055e+04 -2.59489e+04 2010769 1 1.0761e-01
+3.94661e+04 -2.60169e+04 2010770 1 1.0654e-01
+4.06216e+04 -2.60844e+04 2010771 1 1.0544e-01
+4.17724e+04 -2.61513e+04 2010772 1 1.0432e-01
+4.29183e+04 -2.62174e+04 2010773 1 1.0319e-01
+4.40596e+04 -2.62827e+04 2010774 1 1.0145e-01
+4.51962e+04 -2.63470e+04 2010775 1 9.9191e-02
+4.63284e+04 -2.64103e+04 2010776 1 9.7046e-02
+2.12819e+01 -2.33798e+04 2010779 1 1.1057e-01
+1.29818e+03 -2.33818e+04 2010780 1 1.1061e-01
+2.57471e+03 -2.33875e+04 2010781 1 1.1073e-01
+3.85054e+03 -2.33969e+04 2010782 1 1.1090e-01
+5.12534e+03 -2.34100e+04 2010783 1 1.1112e-01
+6.39879e+03 -2.34266e+04 2010784 1 1.1140e-01
+7.67055e+03 -2.34468e+04 2010785 1 1.1172e-01
+8.94032e+03 -2.34704e+04 2010786 1 1.1206e-01
+1.02078e+04 -2.34973e+04 2010787 1 1.1242e-01
+1.14727e+04 -2.35276e+04 2010788 1 1.1280e-01
+1.27347e+04 -2.35610e+04 2010789 1 1.1319e-01
+1.39935e+04 -2.35974e+04 2010790 1 1.1355e-01
+1.52489e+04 -2.36367e+04 2010791 1 1.1387e-01
+1.65007e+04 -2.36788e+04 2010792 1 1.1414e-01
+1.77486e+04 -2.37234e+04 2010793 1 1.1434e-01
+1.89925e+04 -2.37705e+04 2010794 1 1.1450e-01
+2.02321e+04 -2.38199e+04 2010795 1 1.1461e-01
+2.14673e+04 -2.38714e+04 2010796 1 1.1467e-01
+2.26980e+04 -2.39248e+04 2010797 1 1.1467e-01
+2.39240e+04 -2.39799e+04 2010798 1 1.1459e-01
+2.51452e+04 -2.40367e+04 2010799 1 1.1444e-01
+2.63615e+04 -2.40948e+04 2010800 1 1.1420e-01
+2.75728e+04 -2.41542e+04 2010801 1 1.1389e-01
+2.87791e+04 -2.42147e+04 2010802 1 1.1349e-01
+2.99803e+04 -2.42760e+04 2010803 1 1.1302e-01
+3.11765e+04 -2.43381e+04 2010804 1 1.1248e-01
+3.23675e+04 -2.44008e+04 2010805 1 1.1186e-01
+3.35534e+04 -2.44638e+04 2010806 1 1.1118e-01
+3.47343e+04 -2.45271e+04 2010807 1 1.1044e-01
+3.59100e+04 -2.45904e+04 2010808 1 1.0964e-01
+3.70808e+04 -2.46538e+04 2010809 1 1.0878e-01
+3.82466e+04 -2.47169e+04 2010810 1 1.0789e-01
+3.94074e+04 -2.47797e+04 2010811 1 1.0694e-01
+4.05635e+04 -2.48421e+04 2010812 1 1.0597e-01
+4.17147e+04 -2.49039e+04 2010813 1 1.0496e-01
+4.28613e+04 -2.49650e+04 2010814 1 1.0394e-01
+4.40033e+04 -2.50254e+04 2010815 1 1.0239e-01
+4.51408e+04 -2.50849e+04 2010816 1 1.0019e-01
+4.62738e+04 -2.51434e+04 2010817 1 9.8111e-02
+5.22328e+03 -4.77030e+04 11562 1 1.3202e-01
+9.11325e+03 -4.68079e+04 11606 1 1.3600e-01
+2.12202e+01 -2.22587e+04 2010820 1 1.0771e-01
+1.29441e+03 -2.22606e+04 2010821 1 1.0776e-01
+2.56726e+03 -2.22658e+04 2010822 1 1.0788e-01
+3.83943e+03 -2.22744e+04 2010823 1 1.0807e-01
+5.11061e+03 -2.22864e+04 2010824 1 1.0832e-01
+6.38050e+03 -2.23016e+04 2010825 1 1.0863e-01
+7.64876e+03 -2.23200e+04 2010826 1 1.0899e-01
+8.91512e+03 -2.23417e+04 2010827 1 1.0938e-01
+1.01793e+04 -2.23663e+04 2010828 1 1.0980e-01
+1.14409e+04 -2.23940e+04 2010829 1 1.1024e-01
+1.26998e+04 -2.24246e+04 2010830 1 1.1069e-01
+1.39557e+04 -2.24580e+04 2010831 1 1.1112e-01
+1.52083e+04 -2.24940e+04 2010832 1 1.1152e-01
+1.64573e+04 -2.25325e+04 2010833 1 1.1189e-01
+1.77027e+04 -2.25734e+04 2010834 1 1.1223e-01
+1.89441e+04 -2.26166e+04 2010835 1 1.1253e-01
+2.01815e+04 -2.26618e+04 2010836 1 1.1278e-01
+2.14146e+04 -2.27090e+04 2010837 1 1.1297e-01
+2.26434e+04 -2.27579e+04 2010838 1 1.1311e-01
+2.38676e+04 -2.28085e+04 2010839 1 1.1318e-01
+2.50872e+04 -2.28606e+04 2010840 1 1.1318e-01
+2.63021e+04 -2.29139e+04 2010841 1 1.1311e-01
+2.75122e+04 -2.29684e+04 2010842 1 1.1295e-01
+2.87174e+04 -2.30239e+04 2010843 1 1.1272e-01
+2.99177e+04 -2.30802e+04 2010844 1 1.1241e-01
+3.11131e+04 -2.31372e+04 2010845 1 1.1202e-01
+3.23035e+04 -2.31947e+04 2010846 1 1.1157e-01
+3.34889e+04 -2.32526e+04 2010847 1 1.1105e-01
+3.46695e+04 -2.33107e+04 2010848 1 1.1046e-01
+3.58451e+04 -2.33689e+04 2010849 1 1.0981e-01
+3.70158e+04 -2.34271e+04 2010850 1 1.0910e-01
+3.81816e+04 -2.34851e+04 2010851 1 1.0834e-01
+3.93427e+04 -2.35428e+04 2010852 1 1.0753e-01
+4.04991e+04 -2.36002e+04 2010853 1 1.0668e-01
+4.16508e+04 -2.36570e+04 2010854 1 1.0580e-01
+4.27980e+04 -2.37132e+04 2010855 1 1.0488e-01
+4.39406e+04 -2.37688e+04 2010856 1 1.0351e-01
+4.50789e+04 -2.38235e+04 2010857 1 1.0137e-01
+4.62127e+04 -2.38774e+04 2010858 1 9.9317e-02
+5.23843e+03 -4.54989e+04 11644 1 1.3462e-01
+2.11548e+01 -2.11344e+04 2010861 1 1.0469e-01
+1.29042e+03 -2.11361e+04 2010862 1 1.0475e-01
+2.55936e+03 -2.11408e+04 2010863 1 1.0489e-01
+3.82766e+03 -2.11487e+04 2010864 1 1.0510e-01
+5.09500e+03 -2.11595e+04 2010865 1 1.0539e-01
+6.36110e+03 -2.11734e+04 2010866 1 1.0574e-01
+7.62566e+03 -2.11902e+04 2010867 1 1.0615e-01
+8.88838e+03 -2.12099e+04 2010868 1 1.0660e-01
+1.01490e+04 -2.12324e+04 2010869 1 1.0709e-01
+1.14072e+04 -2.12576e+04 2010870 1 1.0759e-01
+1.26628e+04 -2.12854e+04 2010871 1 1.0812e-01
+1.39154e+04 -2.13158e+04 2010872 1 1.0865e-01
+1.51650e+04 -2.13487e+04 2010873 1 1.0917e-01
+1.64111e+04 -2.13838e+04 2010874 1 1.0967e-01
+1.76537e+04 -2.14211e+04 2010875 1 1.1015e-01
+1.88925e+04 -2.14604e+04 2010876 1 1.1059e-01
+2.01275e+04 -2.15017e+04 2010877 1 1.1099e-01
+2.13583e+04 -2.15447e+04 2010878 1 1.1134e-01
+2.25849e+04 -2.15893e+04 2010879 1 1.1164e-01
+2.38072e+04 -2.16355e+04 2010880 1 1.1187e-01
+2.50250e+04 -2.16830e+04 2010881 1 1.1204e-01
+2.62383e+04 -2.17317e+04 2010882 1 1.1214e-01
+2.74469e+04 -2.17814e+04 2010883 1 1.1217e-01
+2.86508e+04 -2.18320e+04 2010884 1 1.1211e-01
+2.98500e+04 -2.18834e+04 2010885 1 1.1197e-01
+3.10445e+04 -2.19355e+04 2010886 1 1.1176e-01
+3.22341e+04 -2.19880e+04 2010887 1 1.1147e-01
+3.34190e+04 -2.20409e+04 2010888 1 1.1111e-01
+3.45990e+04 -2.20940e+04 2010889 1 1.1069e-01
+3.57743e+04 -2.21472e+04 2010890 1 1.1019e-01
+3.69448e+04 -2.22004e+04 2010891 1 1.0963e-01
+3.81107e+04 -2.22534e+04 2010892 1 1.0901e-01
+3.92718e+04 -2.23062e+04 2010893 1 1.0834e-01
+4.04284e+04 -2.23586e+04 2010894 1 1.0761e-01
+4.15805e+04 -2.24106e+04 2010895 1 1.0684e-01
+4.27281e+04 -2.24620e+04 2010896 1 1.0603e-01
+4.38714e+04 -2.25129e+04 2010897 1 1.0486e-01
+4.50103e+04 -2.25630e+04 2010898 1 1.0275e-01
+4.61450e+04 -2.26123e+04 2010899 1 1.0074e-01
+2.62014e+03 -4.87237e+04 11519 1 1.2859e-01
+3.93664e+03 -4.54557e+04 11643 1 1.3392e-01
+2.10856e+01 -2.00065e+04 2010902 1 1.0152e-01
+1.28620e+03 -2.00080e+04 2010903 1 1.0157e-01
+2.55100e+03 -2.00123e+04 2010904 1 1.0172e-01
+3.81519e+03 -2.00194e+04 2010905 1 1.0195e-01
+5.07848e+03 -2.00292e+04 2010906 1 1.0226e-01
+6.34056e+03 -2.00418e+04 2010907 1 1.0266e-01
+7.60118e+03 -2.00570e+04 2010908 1 1.0312e-01
+8.86004e+03 -2.00749e+04 2010909 1 1.0364e-01
+1.01169e+04 -2.00952e+04 2010910 1 1.0421e-01
+1.13714e+04 -2.01181e+04 2010911 1 1.0483e-01
+1.26235e+04 -2.01433e+04 2010912 1 1.0547e-01
+1.38727e+04 -2.01708e+04 2010913 1 1.0614e-01
+1.51190e+04 -2.02006e+04 2010914 1 1.0680e-01
+1.63620e+04 -2.02324e+04 2010915 1 1.0746e-01
+1.76016e+04 -2.02662e+04 2010916 1 1.0809e-01
+1.88376e+04 -2.03019e+04 2010917 1 1.0870e-01
+2.00698e+04 -2.03393e+04 2010918 1 1.0927e-01
+2.12982e+04 -2.03783e+04 2010919 1 1.0980e-01
+2.25224e+04 -2.04188e+04 2010920 1 1.1028e-01
+2.37425e+04 -2.04607e+04 2010921 1 1.1069e-01
+2.49584e+04 -2.05038e+04 2010922 1 1.1105e-01
+2.61698e+04 -2.05479e+04 2010923 1 1.1133e-01
+2.73768e+04 -2.05931e+04 2010924 1 1.1155e-01
+2.85793e+04 -2.06390e+04 2010925 1 1.1169e-01
+2.97772e+04 -2.06857e+04 2010926 1 1.1173e-01
+3.09705e+04 -2.07329e+04 2010927 1 1.1170e-01
+3.21592e+04 -2.07806e+04 2010928 1 1.1159e-01
+3.33433e+04 -2.08286e+04 2010929 1 1.1141e-01
+3.45227e+04 -2.08769e+04 2010930 1 1.1115e-01
+3.56975e+04 -2.09252e+04 2010931 1 1.1081e-01
+3.68678e+04 -2.09735e+04 2010932 1 1.1041e-01
+3.80334e+04 -2.10217e+04 2010933 1 1.0993e-01
+3.91946e+04 -2.10697e+04 2010934 1 1.0940e-01
+4.03513e+04 -2.11174e+04 2010935 1 1.0880e-01
+4.15036e+04 -2.11646e+04 2010936 1 1.0814e-01
+4.26516e+04 -2.12114e+04 2010937 1 1.0744e-01
+4.37954e+04 -2.12576e+04 2010938 1 1.0647e-01
+4.49349e+04 -2.13032e+04 2010939 1 1.0440e-01
+4.60703e+04 -2.13481e+04 2010940 1 1.0244e-01
+6.52916e+03 -4.66575e+04 11604 1 1.3432e-01
+2.10124e+01 -1.88748e+04 2010943 1 9.7968e-02
+1.28174e+03 -1.88761e+04 2010944 1 9.8030e-02
+2.54216e+03 -1.88800e+04 2010945 1 9.8202e-02
+3.80201e+03 -1.88864e+04 2010946 1 9.8480e-02
+5.06099e+03 -1.88953e+04 2010947 1 9.8859e-02
+6.31883e+03 -1.89066e+04 2010948 1 9.9333e-02
+7.57526e+03 -1.89203e+04 2010949 1 9.9892e-02
+8.83003e+03 -1.89363e+04 2010950 1 1.0053e-01
+1.00829e+04 -1.89547e+04 2010951 1 1.0123e-01
+1.13335e+04 -1.89753e+04 2010952 1 1.0198e-01
+1.25818e+04 -1.89980e+04 2010953 1 1.0277e-01
+1.38274e+04 -1.90228e+04 2010954 1 1.0359e-01
+1.50701e+04 -1.90496e+04 2010955 1 1.0443e-01
+1.63098e+04 -1.90782e+04 2010956 1 1.0526e-01
+1.75461e+04 -1.91087e+04 2010957 1 1.0608e-01
+1.87791e+04 -1.91408e+04 2010958 1 1.0688e-01
+2.00085e+04 -1.91745e+04 2010959 1 1.0765e-01
+2.12341e+04 -1.92097e+04 2010960 1 1.0838e-01
+2.24558e+04 -1.92462e+04 2010961 1 1.0905e-01
+2.36735e+04 -1.92839e+04 2010962 1 1.0968e-01
+2.48872e+04 -1.93227e+04 2010963 1 1.1023e-01
+2.60966e+04 -1.93625e+04 2010964 1 1.1072e-01
+2.73018e+04 -1.94032e+04 2010965 1 1.1114e-01
+2.85026e+04 -1.94447e+04 2010966 1 1.1148e-01
+2.96990e+04 -1.94867e+04 2010967 1 1.1174e-01
+3.08911e+04 -1.95293e+04 2010968 1 1.1190e-01
+3.20786e+04 -1.95724e+04 2010969 1 1.1198e-01
+3.32618e+04 -1.96157e+04 2010970 1 1.1198e-01
+3.44404e+04 -1.96592e+04 2010971 1 1.1189e-01
+3.56146e+04 -1.97028e+04 2010972 1 1.1172e-01
+3.67844e+04 -1.97464e+04 2010973 1 1.1148e-01
+3.79498e+04 -1.97899e+04 2010974 1 1.1115e-01
+3.91109e+04 -1.98333e+04 2010975 1 1.1075e-01
+4.02676e+04 -1.98763e+04 2010976 1 1.1028e-01
+4.14201e+04 -1.99190e+04 2010977 1 1.0974e-01
+4.25684e+04 -1.99612e+04 2010978 1 1.0914e-01
+4.37125e+04 -2.00030e+04 2010979 1 1.0838e-01
+4.48526e+04 -2.00442e+04 2010980 1 1.0634e-01
+4.59887e+04 -2.00847e+04 2010981 1 1.0440e-01
+3.01358e+04 -4.82244e+04 11664 1 1.1782e-01
+2.65792e+04 -4.76778e+04 11661 1 1.2750e-01
+2.09350e+01 -1.77391e+04 2010984 1 9.4201e-02
+1.27702e+03 -1.77403e+04 2010985 1 9.4273e-02
+2.53282e+03 -1.77438e+04 2010986 1 9.4478e-02
+3.78807e+03 -1.77495e+04 2010987 1 9.4812e-02
+5.04249e+03 -1.77574e+04 2010988 1 9.5269e-02
+6.29584e+03 -1.77675e+04 2010989 1 9.5841e-02
+7.54785e+03 -1.77798e+04 2010990 1 9.6518e-02
+8.79826e+03 -1.77941e+04 2010991 1 9.7287e-02
+1.00469e+04 -1.78105e+04 2010992 1 9.8138e-02
+1.12934e+04 -1.78289e+04 2010993 1 9.9056e-02
+1.25376e+04 -1.78492e+04 2010994 1 1.0003e-01
+1.37793e+04 -1.78714e+04 2010995 1 1.0104e-01
+1.50183e+04 -1.78953e+04 2010996 1 1.0207e-01
+1.62543e+04 -1.79210e+04 2010997 1 1.0311e-01
+1.74873e+04 -1.79482e+04 2010998 1 1.0414e-01
+1.87169e+04 -1.79769e+04 2010999 1 1.0516e-01
+1.99432e+04 -1.80071e+04 2011000 1 1.0615e-01
+2.11658e+04 -1.80385e+04 2011001 1 1.0710e-01
+2.23848e+04 -1.80712e+04 2011002 1 1.0801e-01
+2.35999e+04 -1.81049e+04 2011003 1 1.0885e-01
+2.48112e+04 -1.81396e+04 2011004 1 1.0963e-01
+2.60184e+04 -1.81753e+04 2011005 1 1.1034e-01
+2.72215e+04 -1.82117e+04 2011006 1 1.1098e-01
+2.84205e+04 -1.82488e+04 2011007 1 1.1153e-01
+2.96153e+04 -1.82865e+04 2011008 1 1.1200e-01
+3.08058e+04 -1.83246e+04 2011009 1 1.1238e-01
+3.19921e+04 -1.83631e+04 2011010 1 1.1267e-01
+3.31741e+04 -1.84019e+04 2011011 1 1.1285e-01
+3.43519e+04 -1.84409e+04 2011012 1 1.1295e-01
+3.55254e+04 -1.84800e+04 2011013 1 1.1296e-01
+3.66946e+04 -1.85190e+04 2011014 1 1.1287e-01
+3.78595e+04 -1.85580e+04 2011015 1 1.1270e-01
+3.90203e+04 -1.85968e+04 2011016 1 1.1244e-01
+4.01770e+04 -1.86354e+04 2011017 1 1.1209e-01
+4.13295e+04 -1.86737e+04 2011018 1 1.1167e-01
+4.24780e+04 -1.87115e+04 2011019 1 1.1117e-01
+4.36226e+04 -1.87490e+04 2011020 1 1.1060e-01
+4.47632e+04 -1.87859e+04 2011021 1 1.0863e-01
+4.58999e+04 -1.88222e+04 2011022 1 1.0669e-01
+1.32603e+03 -4.65026e+04 11600 1 1.3165e-01
+2.08532e+01 -1.65992e+04 2011025 1 9.0201e-02
+1.27203e+03 -1.66003e+04 2011026 1 9.0287e-02
+2.52294e+03 -1.66033e+04 2011027 1 9.0533e-02
+3.77333e+03 -1.66084e+04 2011028 1 9.0936e-02
+5.02294e+03 -1.66154e+04 2011029 1 9.1488e-02
+6.27152e+03 -1.66244e+04 2011030 1 9.2178e-02
+7.51884e+03 -1.66352e+04 2011031 1 9.2997e-02
+8.76466e+03 -1.66479e+04 2011032 1 9.3929e-02
+1.00087e+04 -1.66625e+04 2011033 1 9.4960e-02
+1.12509e+04 -1.66788e+04 2011034 1 9.6074e-02
+1.24908e+04 -1.66968e+04 2011035 1 9.7256e-02
+1.37284e+04 -1.67164e+04 2011036 1 9.8488e-02
+1.49633e+04 -1.67377e+04 2011037 1 9.9750e-02
+1.61955e+04 -1.67604e+04 2011038 1 1.0103e-01
+1.74248e+04 -1.67845e+04 2011039 1 1.0231e-01
+1.86509e+04 -1.68100e+04 2011040 1 1.0357e-01
+1.98738e+04 -1.68367e+04 2011041 1 1.0481e-01
+2.10933e+04 -1.68646e+04 2011042 1 1.0601e-01
+2.23092e+04 -1.68936e+04 2011043 1 1.0717e-01
+2.35216e+04 -1.69235e+04 2011044 1 1.0826e-01
+2.47302e+04 -1.69544e+04 2011045 1 1.0929e-01
+2.59350e+04 -1.69860e+04 2011046 1 1.1024e-01
+2.71359e+04 -1.70183e+04 2011047 1 1.1111e-01
+2.83328e+04 -1.70512e+04 2011048 1 1.1189e-01
+2.95257e+04 -1.70847e+04 2011049 1 1.1258e-01
+3.07146e+04 -1.71185e+04 2011050 1 1.1317e-01
+3.18995e+04 -1.71527e+04 2011051 1 1.1367e-01
+3.30802e+04 -1.71872e+04 2011052 1 1.1407e-01
+3.42569e+04 -1.72218e+04 2011053 1 1.1436e-01
+3.54294e+04 -1.72565e+04 2011054 1 1.1455e-01
+3.65979e+04 -1.72912e+04 2011055 1 1.1463e-01
+3.77624e+04 -1.73258e+04 2011056 1 1.1461e-01
+3.89228e+04 -1.73603e+04 2011057 1 1.1449e-01
+4.00793e+04 -1.73946e+04 2011058 1 1.1428e-01
+4.12318e+04 -1.74286e+04 2011059 1 1.1397e-01
+4.23804e+04 -1.74622e+04 2011060 1 1.1358e-01
+4.35253e+04 -1.74955e+04 2011061 1 1.1309e-01
+4.46663e+04 -1.75283e+04 2011062 1 1.1129e-01
+4.58036e+04 -1.75606e+04 2011063 1 1.0937e-01
+1.32129e+03 -4.87022e+04 11518 1 1.2803e-01
+2.89575e+04 -4.80408e+04 11663 1 1.2137e-01
+3.93174e+03 -4.65550e+04 11602 1 1.3277e-01
+2.63283e+03 -4.54245e+04 11642 1 1.3333e-01
+2.07668e+01 -1.54547e+04 2011066 1 8.5954e-02
+1.26676e+03 -1.54556e+04 2011067 1 8.6056e-02
+2.51250e+03 -1.54583e+04 2011068 1 8.6354e-02
+3.75774e+03 -1.54628e+04 2011069 1 8.6841e-02
+5.00226e+03 -1.54689e+04 2011070 1 8.7507e-02
+6.24581e+03 -1.54768e+04 2011071 1 8.8343e-02
+7.48816e+03 -1.54863e+04 2011072 1 8.9332e-02
+8.72909e+03 -1.54975e+04 2011073 1 9.0458e-02
+9.96839e+03 -1.55103e+04 2011074 1 9.1704e-02
+1.12058e+04 -1.55246e+04 2011075 1 9.3050e-02
+1.24412e+04 -1.55404e+04 2011076 1 9.4478e-02
+1.36744e+04 -1.55577e+04 2011077 1 9.5969e-02
+1.49051e+04 -1.55763e+04 2011078 1 9.7499e-02
+1.61332e+04 -1.55963e+04 2011079 1 9.9050e-02
+1.73585e+04 -1.56175e+04 2011080 1 1.0061e-01
+1.85808e+04 -1.56398e+04 2011081 1 1.0215e-01
+1.98001e+04 -1.56633e+04 2011082 1 1.0367e-01
+2.10162e+04 -1.56878e+04 2011083 1 1.0515e-01
+2.22289e+04 -1.57133e+04 2011084 1 1.0658e-01
+2.34382e+04 -1.57396e+04 2011085 1 1.0795e-01
+2.46439e+04 -1.57667e+04 2011086 1 1.0924e-01
+2.58461e+04 -1.57944e+04 2011087 1 1.1045e-01
+2.70445e+04 -1.58229e+04 2011088 1 1.1158e-01
+2.82392e+04 -1.58518e+04 2011089 1 1.1260e-01
+2.94301e+04 -1.58812e+04 2011090 1 1.1353e-01
+3.06172e+04 -1.59110e+04 2011091 1 1.1435e-01
+3.18004e+04 -1.59410e+04 2011092 1 1.1506e-01
+3.29797e+04 -1.59713e+04 2011093 1 1.1566e-01
+3.41551e+04 -1.60017e+04 2011094 1 1.1615e-01
+3.53266e+04 -1.60323e+04 2011095 1 1.1652e-01
+3.64942e+04 -1.60628e+04 2011096 1 1.1678e-01
+3.76580e+04 -1.60932e+04 2011097 1 1.1692e-01
+3.88180e+04 -1.61236e+04 2011098 1 1.1695e-01
+3.99741e+04 -1.61537e+04 2011099 1 1.1687e-01
+4.11265e+04 -1.61836e+04 2011100 1 1.1669e-01
+4.22752e+04 -1.62132e+04 2011101 1 1.1639e-01
+4.34203e+04 -1.62425e+04 2011102 1 1.1599e-01
+4.45617e+04 -1.62713e+04 2011103 1 1.1439e-01
+4.56996e+04 -1.62998e+04 2011104 1 1.1247e-01
+4.68340e+04 -1.63277e+04 2011105 1 1.1068e-01
+1.32393e+03 -4.76013e+04 11559 1 1.3005e-01
+3.13072e+04 -4.84086e+04 11665 1 1.1392e-01
+2.06754e+01 -1.43054e+04 2011107 1 8.1442e-02
+1.26119e+03 -1.43062e+04 2011108 1 8.1566e-02
+2.50146e+03 -1.43085e+04 2011109 1 8.1926e-02
+3.74127e+03 -1.43124e+04 2011110 1 8.2516e-02
+4.98039e+03 -1.43177e+04 2011111 1 8.3324e-02
+6.21860e+03 -1.43246e+04 2011112 1 8.4334e-02
+7.45570e+03 -1.43328e+04 2011113 1 8.5529e-02
+8.69146e+03 -1.43425e+04 2011114 1 8.6888e-02
+9.92569e+03 -1.43536e+04 2011115 1 8.8389e-02
+1.11582e+04 -1.43661e+04 2011116 1 9.0009e-02
+1.23887e+04 -1.43798e+04 2011117 1 9.1725e-02
+1.36172e+04 -1.43948e+04 2011118 1 9.3514e-02
+1.48433e+04 -1.44110e+04 2011119 1 9.5354e-02
+1.60670e+04 -1.44283e+04 2011120 1 9.7217e-02
+1.72881e+04 -1.44467e+04 2011121 1 9.9087e-02
+1.85064e+04 -1.44661e+04 2011122 1 1.0095e-01
+1.97219e+04 -1.44865e+04 2011123 1 1.0278e-01
+2.09342e+04 -1.45078e+04 2011124 1 1.0457e-01
+2.21435e+04 -1.45299e+04 2011125 1 1.0630e-01
+2.33495e+04 -1.45528e+04 2011126 1 1.0796e-01
+2.45522e+04 -1.45763e+04 2011127 1 1.0954e-01
+2.57514e+04 -1.46005e+04 2011128 1 1.1103e-01
+2.69472e+04 -1.46251e+04 2011129 1 1.1243e-01
+2.81395e+04 -1.46503e+04 2011130 1 1.1371e-01
+2.93281e+04 -1.46758e+04 2011131 1 1.1489e-01
+3.05131e+04 -1.47017e+04 2011132 1 1.1595e-01
+3.16945e+04 -1.47279e+04 2011133 1 1.1689e-01
+3.28722e+04 -1.47542e+04 2011134 1 1.1770e-01
+3.40462e+04 -1.47806e+04 2011135 1 1.1839e-01
+3.52165e+04 -1.48072e+04 2011136 1 1.1894e-01
+3.63832e+04 -1.48337e+04 2011137 1 1.1938e-01
+3.75462e+04 -1.48602e+04 2011138 1 1.1968e-01
+3.87055e+04 -1.48866e+04 2011139 1 1.1985e-01
+3.98613e+04 -1.49128e+04 2011140 1 1.1990e-01
+4.10135e+04 -1.49388e+04 2011141 1 1.1983e-01
+4.21622e+04 -1.49645e+04 2011142 1 1.1963e-01
+4.33074e+04 -1.49900e+04 2011143 1 1.1931e-01
+4.44491e+04 -1.50151e+04 2011144 1 1.1794e-01
+4.55875e+04 -1.50398e+04 2011145 1 1.1602e-01
+4.67226e+04 -1.50641e+04 2011146 1 1.1423e-01
+2.62539e+03 -4.76220e+04 11560 1 1.3057e-01
+2.17391e+01 -4.64956e+04 11599 1 1.3132e-01
+2.05787e+01 -1.31509e+04 2011148 1 7.6647e-02
+1.25529e+03 -1.31516e+04 2011149 1 7.6797e-02
+2.48978e+03 -1.31536e+04 2011150 1 7.7236e-02
+3.72383e+03 -1.31569e+04 2011151 1 7.7953e-02
+4.95725e+03 -1.31615e+04 2011152 1 7.8934e-02
+6.18982e+03 -1.31673e+04 2011153 1 8.0158e-02
+7.42135e+03 -1.31744e+04 2011154 1 8.1602e-02
+8.65163e+03 -1.31827e+04 2011155 1 8.3240e-02
+9.88048e+03 -1.31922e+04 2011156 1 8.5044e-02
+1.11077e+04 -1.32029e+04 2011157 1 8.6985e-02
+1.23331e+04 -1.32147e+04 2011158 1 8.9036e-02
+1.35566e+04 -1.32275e+04 2011159 1 9.1169e-02
+1.47779e+04 -1.32414e+04 2011160 1 9.3359e-02
+1.59969e+04 -1.32562e+04 2011161 1 9.5580e-02
+1.72135e+04 -1.32720e+04 2011162 1 9.7803e-02
+1.84275e+04 -1.32887e+04 2011163 1 1.0001e-01
+1.96388e+04 -1.33061e+04 2011164 1 1.0219e-01
+2.08472e+04 -1.33244e+04 2011165 1 1.0431e-01
+2.20527e+04 -1.33433e+04 2011166 1 1.0637e-01
+2.32552e+04 -1.33629e+04 2011167 1 1.0836e-01
+2.44546e+04 -1.33831e+04 2011168 1 1.1025e-01
+2.56507e+04 -1.34038e+04 2011169 1 1.1204e-01
+2.68436e+04 -1.34250e+04 2011170 1 1.1372e-01
+2.80332e+04 -1.34465e+04 2011171 1 1.1528e-01
+2.92194e+04 -1.34684e+04 2011172 1 1.1672e-01
+3.04022e+04 -1.34906e+04 2011173 1 1.1802e-01
+3.15815e+04 -1.35130e+04 2011174 1 1.1919e-01
+3.27574e+04 -1.35356e+04 2011175 1 1.2023e-01
+3.39299e+04 -1.35583e+04 2011176 1 1.2112e-01
+3.50988e+04 -1.35811e+04 2011177 1 1.2187e-01
+3.62644e+04 -1.36038e+04 2011178 1 1.2247e-01
+3.74264e+04 -1.36265e+04 2011179 1 1.2294e-01
+3.85851e+04 -1.36492e+04 2011180 1 1.2326e-01
+3.97403e+04 -1.36717e+04 2011181 1 1.2343e-01
+4.08922e+04 -1.36940e+04 2011182 1 1.2347e-01
+4.20408e+04 -1.37160e+04 2011183 1 1.2337e-01
+4.31861e+04 -1.37379e+04 2011184 1 1.2313e-01
+4.43282e+04 -1.37594e+04 2011185 1 1.2207e-01
+4.54670e+04 -1.37806e+04 2011186 1 1.2011e-01
+4.66028e+04 -1.38015e+04 2011187 1 1.1829e-01
+2.04764e+01 -1.19909e+04 2011189 1 7.1547e-02
+1.24905e+03 -1.19915e+04 2011190 1 7.1731e-02
+2.47742e+03 -1.19931e+04 2011191 1 7.2268e-02
+3.70539e+03 -1.19959e+04 2011192 1 7.3144e-02
+4.93276e+03 -1.19998e+04 2011193 1 7.4339e-02
+6.15936e+03 -1.20047e+04 2011194 1 7.5825e-02
+7.38498e+03 -1.20107e+04 2011195 1 7.7571e-02
+8.60946e+03 -1.20177e+04 2011196 1 7.9544e-02
+9.83260e+03 -1.20257e+04 2011197 1 8.1707e-02
+1.10542e+04 -1.20347e+04 2011198 1 8.4025e-02
+1.22742e+04 -1.20446e+04 2011199 1 8.6465e-02
+1.34924e+04 -1.20555e+04 2011200 1 8.8994e-02
+1.47085e+04 -1.20672e+04 2011201 1 9.1580e-02
+1.59226e+04 -1.20797e+04 2011202 1 9.4196e-02
+1.71343e+04 -1.20930e+04 2011203 1 9.6817e-02
+1.83437e+04 -1.21071e+04 2011204 1 9.9411e-02
+1.95506e+04 -1.21218e+04 2011205 1 1.0196e-01
+2.07548e+04 -1.21372e+04 2011206 1 1.0446e-01
+2.19563e+04 -1.21532e+04 2011207 1 1.0687e-01
+2.31550e+04 -1.21697e+04 2011208 1 1.0920e-01
+2.43508e+04 -1.21868e+04 2011209 1 1.1142e-01
+2.55436e+04 -1.22042e+04 2011210 1 1.1352e-01
+2.67333e+04 -1.22221e+04 2011211 1 1.1551e-01
+2.79200e+04 -1.22403e+04 2011212 1 1.1735e-01
+2.91035e+04 -1.22588e+04 2011213 1 1.1906e-01
+3.02839e+04 -1.22775e+04 2011214 1 1.2063e-01
+3.14610e+04 -1.22964e+04 2011215 1 1.2204e-01
+3.26350e+04 -1.23155e+04 2011216 1 1.2330e-01
+3.38057e+04 -1.23346e+04 2011217 1 1.2440e-01
+3.49732e+04 -1.23538e+04 2011218 1 1.2534e-01
+3.61374e+04 -1.23731e+04 2011219 1 1.2612e-01
+3.72984e+04 -1.23922e+04 2011220 1 1.2675e-01
+3.84562e+04 -1.24113e+04 2011221 1 1.2721e-01
+3.96109e+04 -1.24303e+04 2011222 1 1.2752e-01
+4.07624e+04 -1.24491e+04 2011223 1 1.2767e-01
+4.19108e+04 -1.24678e+04 2011224 1 1.2766e-01
+4.30561e+04 -1.24862e+04 2011225 1 1.2750e-01
+4.41984e+04 -1.25044e+04 2011226 1 1.2680e-01
+4.53377e+04 -1.25223e+04 2011227 1 1.2481e-01
+4.64741e+04 -1.25398e+04 2011228 1 1.2300e-01
+2.62959e+03 -4.65225e+04 11601 1 1.3213e-01
+2.77720e+04 -4.78584e+04 11662 1 1.2458e-01
+1.32766e+03 -4.54055e+04 11641 1 1.3288e-01
+2.03681e+01 -1.08249e+04 2011230 1 6.6121e-02
+1.24244e+03 -1.08254e+04 2011231 1 6.6348e-02
+2.46433e+03 -1.08268e+04 2011232 1 6.7009e-02
+3.68586e+03 -1.08291e+04 2011233 1 6.8086e-02
+4.90684e+03 -1.08323e+04 2011234 1 6.9548e-02
+6.12710e+03 -1.08364e+04 2011235 1 7.1358e-02
+7.34647e+03 -1.08413e+04 2011236 1 7.3472e-02
+8.56479e+03 -1.08471e+04 2011237 1 7.5847e-02
+9.78188e+03 -1.08538e+04 2011238 1 7.8435e-02
+1.09976e+04 -1.08612e+04 2011239 1 8.1194e-02
+1.22118e+04 -1.08694e+04 2011240 1 8.4082e-02
+1.34243e+04 -1.08784e+04 2011241 1 8.7059e-02
+1.46350e+04 -1.08881e+04 2011242 1 9.0092e-02
+1.58437e+04 -1.08984e+04 2011243 1 9.3148e-02
+1.70504e+04 -1.09095e+04 2011244 1 9.6199e-02
+1.82548e+04 -1.09211e+04 2011245 1 9.9219e-02
+1.94569e+04 -1.09333e+04 2011246 1 1.0218e-01
+2.06567e+04 -1.09460e+04 2011247 1 1.0507e-01
+2.18539e+04 -1.09593e+04 2011248 1 1.0786e-01
+2.30485e+04 -1.09729e+04 2011249 1 1.1055e-01
+2.42404e+04 -1.09870e+04 2011250 1 1.1312e-01
+2.54296e+04 -1.10015e+04 2011251 1 1.1556e-01
+2.66160e+04 -1.10163e+04 2011252 1 1.1785e-01
+2.77995e+04 -1.10313e+04 2011253 1 1.2000e-01
+2.89802e+04 -1.10466e+04 2011254 1 1.2199e-01
+3.01579e+04 -1.10621e+04 2011255 1 1.2381e-01
+3.13326e+04 -1.10778e+04 2011256 1 1.2547e-01
+3.25044e+04 -1.10936e+04 2011257 1 1.2696e-01
+3.36732e+04 -1.11094e+04 2011258 1 1.2828e-01
+3.48390e+04 -1.11253e+04 2011259 1 1.2942e-01
+3.60018e+04 -1.11412e+04 2011260 1 1.3038e-01
+3.71617e+04 -1.11571e+04 2011261 1 1.3116e-01
+3.83185e+04 -1.11729e+04 2011262 1 1.3177e-01
+3.94725e+04 -1.11886e+04 2011263 1 1.3220e-01
+4.06235e+04 -1.12042e+04 2011264 1 1.3246e-01
+4.17716e+04 -1.12196e+04 2011265 1 1.3254e-01
+4.29169e+04 -1.12349e+04 2011266 1 1.3246e-01
+4.40594e+04 -1.12499e+04 2011267 1 1.3221e-01
+4.51991e+04 -1.12647e+04 2011268 1 1.3021e-01
+4.63361e+04 -1.12793e+04 2011269 1 1.2833e-01
+2.16614e+01 -4.86945e+04 11517 1 1.2766e-01
+2.17046e+01 -4.75940e+04 11558 1 1.2970e-01
+2.02534e+01 -9.65266e+03 2011271 1 6.0342e-02
+1.23545e+03 -9.65305e+03 2011272 1 6.0626e-02
+2.45048e+03 -9.65418e+03 2011273 1 6.1449e-02
+3.66517e+03 -9.65604e+03 2011274 1 6.2782e-02
+4.87937e+03 -9.65862e+03 2011275 1 6.4582e-02
+6.09292e+03 -9.66191e+03 2011276 1 6.6794e-02
+7.30567e+03 -9.66591e+03 2011277 1 6.9359e-02
+8.51745e+03 -9.67060e+03 2011278 1 7.2216e-02
+9.72813e+03 -9.67596e+03 2011279 1 7.5306e-02
+1.09376e+04 -9.68196e+03 2011280 1 7.8576e-02
+1.21456e+04 -9.68860e+03 2011281 1 8.1975e-02
+1.33521e+04 -9.69584e+03 2011282 1 8.5458e-02
+1.45570e+04 -9.70367e+03 2011283 1 8.8987e-02
+1.57600e+04 -9.71204e+03 2011284 1 9.2525e-02
+1.69612e+04 -9.72094e+03 2011285 1 9.6044e-02
+1.81604e+04 -9.73034e+03 2011286 1 9.9514e-02
+1.93575e+04 -9.74020e+03 2011287 1 1.0291e-01
+2.05524e+04 -9.75049e+03 2011288 1 1.0622e-01
+2.17450e+04 -9.76118e+03 2011289 1 1.0942e-01
+2.29353e+04 -9.77224e+03 2011290 1 1.1249e-01
+2.41231e+04 -9.78362e+03 2011291 1 1.1542e-01
+2.53084e+04 -9.79530e+03 2011292 1 1.1820e-01
+2.64911e+04 -9.80725e+03 2011293 1 1.2082e-01
+2.76713e+04 -9.81942e+03 2011294 1 1.2327e-01
+2.88488e+04 -9.83179e+03 2011295 1 1.2555e-01
+3.00237e+04 -9.84431e+03 2011296 1 1.2765e-01
+3.11958e+04 -9.85696e+03 2011297 1 1.2956e-01
+3.23652e+04 -9.86971e+03 2011298 1 1.3128e-01
+3.35320e+04 -9.88252e+03 2011299 1 1.3281e-01
+3.46959e+04 -9.89536e+03 2011300 1 1.3414e-01
+3.58572e+04 -9.90821e+03 2011301 1 1.3528e-01
+3.70157e+04 -9.92103e+03 2011302 1 1.3623e-01
+3.81715e+04 -9.93380e+03 2011303 1 1.3698e-01
+3.93246e+04 -9.94649e+03 2011304 1 1.3754e-01
+4.04750e+04 -9.95907e+03 2011305 1 1.3790e-01
+4.16229e+04 -9.97153e+03 2011306 1 1.3807e-01
+4.27681e+04 -9.98384e+03 2011307 1 1.3806e-01
+4.39107e+04 -9.99598e+03 2011308 1 1.3786e-01
+4.50508e+04 -1.00079e+04 2011309 1 1.3640e-01
+4.61884e+04 -1.00197e+04 2011310 1 1.3446e-01
+2.01318e+01 -8.47359e+03 2011312 1 5.4184e-02
+1.22804e+03 -8.47390e+03 2011313 1 5.4543e-02
+2.43579e+03 -8.47478e+03 2011314 1 5.5580e-02
+3.64324e+03 -8.47624e+03 2011315 1 5.7249e-02
+4.85026e+03 -8.47826e+03 2011316 1 5.9482e-02
+6.05669e+03 -8.48084e+03 2011317 1 6.2198e-02
+7.26241e+03 -8.48398e+03 2011318 1 6.5313e-02
+8.46727e+03 -8.48765e+03 2011319 1 6.8747e-02
+9.67113e+03 -8.49185e+03 2011320 1 7.2425e-02
+1.08739e+04 -8.49656e+03 2011321 1 7.6280e-02
+1.20754e+04 -8.50176e+03 2011322 1 8.0255e-02
+1.32755e+04 -8.50743e+03 2011323 1 8.4299e-02
+1.44742e+04 -8.51357e+03 2011324 1 8.8370e-02
+1.56712e+04 -8.52013e+03 2011325 1 9.2431e-02
+1.68666e+04 -8.52711e+03 2011326 1 9.6450e-02
+1.80602e+04 -8.53447e+03 2011327 1 1.0040e-01
+1.92519e+04 -8.54220e+03 2011328 1 1.0426e-01
+2.04416e+04 -8.55027e+03 2011329 1 1.0800e-01
+2.16293e+04 -8.55865e+03 2011330 1 1.1161e-01
+2.28149e+04 -8.56731e+03 2011331 1 1.1508e-01
+2.39983e+04 -8.57623e+03 2011332 1 1.1839e-01
+2.51795e+04 -8.58539e+03 2011333 1 1.2153e-01
+2.63583e+04 -8.59475e+03 2011334 1 1.2448e-01
+2.75348e+04 -8.60429e+03 2011335 1 1.2724e-01
+2.87090e+04 -8.61398e+03 2011336 1 1.2982e-01
+2.98807e+04 -8.62379e+03 2011337 1 1.3219e-01
+3.10501e+04 -8.63371e+03 2011338 1 1.3435e-01
+3.22170e+04 -8.64370e+03 2011339 1 1.3631e-01
+3.33814e+04 -8.65374e+03 2011340 1 1.3805e-01
+3.45434e+04 -8.66380e+03 2011341 1 1.3958e-01
+3.57029e+04 -8.67386e+03 2011342 1 1.4090e-01
+3.68599e+04 -8.68390e+03 2011343 1 1.4201e-01
+3.80145e+04 -8.69391e+03 2011344 1 1.4290e-01
+3.91667e+04 -8.70384e+03 2011345 1 1.4357e-01
+4.03165e+04 -8.71370e+03 2011346 1 1.4404e-01
+4.14639e+04 -8.72346e+03 2011347 1 1.4430e-01
+4.26090e+04 -8.73309e+03 2011348 1 1.4435e-01
+4.37517e+04 -8.74260e+03 2011349 1 1.4420e-01
+4.48922e+04 -8.75196e+03 2011350 1 1.4352e-01
+4.60304e+04 -8.76115e+03 2011351 1 1.4149e-01
+4.59727e+04 -1.23238e+03 2011598 1 1.9800e-01
+2.00029e+01 -7.28723e+03 2011353 1 4.7617e-02
+1.22017e+03 -7.28746e+03 2011354 1 4.8080e-02
+2.42021e+03 -7.28812e+03 2011355 1 4.9410e-02
+3.61999e+03 -7.28922e+03 2011356 1 5.1527e-02
+4.81939e+03 -7.29074e+03 2011357 1 5.4322e-02
+6.01827e+03 -7.29269e+03 2011358 1 5.7672e-02
+7.21653e+03 -7.29505e+03 2011359 1 6.1459e-02
+8.41403e+03 -7.29781e+03 2011360 1 6.5576e-02
+9.61066e+03 -7.30098e+03 2011361 1 6.9930e-02
+1.08063e+04 -7.30452e+03 2011362 1 7.4445e-02
+1.20009e+04 -7.30844e+03 2011363 1 7.9056e-02
+1.31942e+04 -7.31272e+03 2011364 1 8.3710e-02
+1.43863e+04 -7.31733e+03 2011365 1 8.8363e-02
+1.55770e+04 -7.32228e+03 2011366 1 9.2978e-02
+1.67662e+04 -7.32753e+03 2011367 1 9.7524e-02
+1.79538e+04 -7.33308e+03 2011368 1 1.0197e-01
+1.91397e+04 -7.33890e+03 2011369 1 1.0631e-01
+2.03240e+04 -7.34497e+03 2011370 1 1.1050e-01
+2.15064e+04 -7.35128e+03 2011371 1 1.1454e-01
+2.26870e+04 -7.35781e+03 2011372 1 1.1841e-01
+2.38656e+04 -7.36453e+03 2011373 1 1.2210e-01
+2.50423e+04 -7.37142e+03 2011374 1 1.2559e-01
+2.62170e+04 -7.37847e+03 2011375 1 1.2889e-01
+2.73896e+04 -7.38565e+03 2011376 1 1.3197e-01
+2.85601e+04 -7.39295e+03 2011377 1 1.3484e-01
+2.97286e+04 -7.40034e+03 2011378 1 1.3749e-01
+3.08948e+04 -7.40780e+03 2011379 1 1.3991e-01
+3.20590e+04 -7.41532e+03 2011380 1 1.4210e-01
+3.32209e+04 -7.42288e+03 2011381 1 1.4406e-01
+3.43807e+04 -7.43045e+03 2011382 1 1.4579e-01
+3.55383e+04 -7.43802e+03 2011383 1 1.4729e-01
+3.66938e+04 -7.44558e+03 2011384 1 1.4855e-01
+3.78471e+04 -7.45310e+03 2011385 1 1.4958e-01
+3.89983e+04 -7.46058e+03 2011386 1 1.5037e-01
+4.01473e+04 -7.46799e+03 2011387 1 1.5094e-01
+4.12942e+04 -7.47533e+03 2011388 1 1.5128e-01
+4.24391e+04 -7.48258e+03 2011389 1 1.5139e-01
+4.35819e+04 -7.48972e+03 2011390 1 1.5128e-01
+4.47227e+04 -7.49675e+03 2011391 1 1.5096e-01
+4.58615e+04 -7.50366e+03 2011392 1 1.4962e-01
+2.17657e+01 -4.53988e+04 11640 1 1.3257e-01
+1.98662e+01 -6.09302e+03 2011394 1 4.0608e-02
+1.21183e+03 -6.09319e+03 2011395 1 4.1222e-02
+2.40369e+03 -6.09366e+03 2011396 1 4.2967e-02
+3.59532e+03 -6.09444e+03 2011397 1 4.5700e-02
+4.78663e+03 -6.09553e+03 2011398 1 4.9232e-02
+5.97750e+03 -6.09691e+03 2011399 1 5.3378e-02
+7.16783e+03 -6.09860e+03 2011400 1 5.7973e-02
+8.35752e+03 -6.10057e+03 2011401 1 6.2881e-02
+9.54648e+03 -6.10283e+03 2011402 1 6.7997e-02
+1.07346e+04 -6.10535e+03 2011403 1 7.3237e-02
+1.19218e+04 -6.10815e+03 2011404 1 7.8533e-02
+1.31079e+04 -6.11120e+03 2011405 1 8.3835e-02
+1.42930e+04 -6.11449e+03 2011406 1 8.9098e-02
+1.54768e+04 -6.11802e+03 2011407 1 9.4289e-02
+1.66594e+04 -6.12177e+03 2011408 1 9.9378e-02
+1.78407e+04 -6.12572e+03 2011409 1 1.0434e-01
+1.90205e+04 -6.12987e+03 2011410 1 1.0916e-01
+2.01989e+04 -6.13421e+03 2011411 1 1.1381e-01
+2.13757e+04 -6.13870e+03 2011412 1 1.1828e-01
+2.25509e+04 -6.14336e+03 2011413 1 1.2256e-01
+2.37245e+04 -6.14815e+03 2011414 1 1.2663e-01
+2.48964e+04 -6.15306e+03 2011415 1 1.3049e-01
+2.60666e+04 -6.15809e+03 2011416 1 1.3412e-01
+2.72351e+04 -6.16321e+03 2011417 1 1.3753e-01
+2.84017e+04 -6.16841e+03 2011418 1 1.4069e-01
+2.95665e+04 -6.17367e+03 2011419 1 1.4362e-01
+3.07295e+04 -6.17899e+03 2011420 1 1.4629e-01
+3.18907e+04 -6.18435e+03 2011421 1 1.4872e-01
+3.30500e+04 -6.18973e+03 2011422 1 1.5090e-01
+3.42074e+04 -6.19513e+03 2011423 1 1.5282e-01
+3.53630e+04 -6.20052e+03 2011424 1 1.5449e-01
+3.65167e+04 -6.20590e+03 2011425 1 1.5591e-01
+3.76685e+04 -6.21126e+03 2011426 1 1.5707e-01
+3.88186e+04 -6.21658e+03 2011427 1 1.5798e-01
+3.99668e+04 -6.22186e+03 2011428 1 1.5864e-01
+4.11132e+04 -6.22708e+03 2011429 1 1.5906e-01
+4.22578e+04 -6.23223e+03 2011430 1 1.5923e-01
+4.34006e+04 -6.23731e+03 2011431 1 1.5916e-01
+4.45418e+04 -6.24231e+03 2011432 1 1.5885e-01
+4.56812e+04 -6.24722e+03 2011433 1 1.5831e-01
+4.68189e+04 -6.25204e+03 2011434 1 1.5698e-01
+3.24718e+04 -4.85930e+04 11666 1 1.0941e-01
+1.97210e+01 -4.89037e+03 2011435 1 3.3122e-02
+1.20298e+03 -4.89048e+03 2011436 1 3.3971e-02
+2.38614e+03 -4.89079e+03 2011437 1 3.6337e-02
+3.56913e+03 -4.89130e+03 2011438 1 3.9935e-02
+4.75184e+03 -4.89202e+03 2011439 1 4.4437e-02
+5.93420e+03 -4.89293e+03 2011440 1 4.9563e-02
+7.11612e+03 -4.89404e+03 2011441 1 5.5102e-02
+8.29752e+03 -4.89534e+03 2011442 1 6.0897e-02
+9.47830e+03 -4.89683e+03 2011443 1 6.6839e-02
+1.06584e+04 -4.89850e+03 2011444 1 7.2846e-02
+1.18377e+04 -4.90034e+03 2011445 1 7.8856e-02
+1.30162e+04 -4.90235e+03 2011446 1 8.4824e-02
+1.41938e+04 -4.90452e+03 2011447 1 9.0710e-02
+1.53704e+04 -4.90685e+03 2011448 1 9.6486e-02
+1.65460e+04 -4.90932e+03 2011449 1 1.0212e-01
+1.77205e+04 -4.91192e+03 2011450 1 1.0761e-01
+1.88938e+04 -4.91466e+03 2011451 1 1.1291e-01
+2.00659e+04 -4.91751e+03 2011452 1 1.1802e-01
+2.12367e+04 -4.92048e+03 2011453 1 1.2293e-01
+2.24063e+04 -4.92354e+03 2011454 1 1.2761e-01
+2.35745e+04 -4.92670e+03 2011455 1 1.3207e-01
+2.47412e+04 -4.92994e+03 2011456 1 1.3629e-01
+2.59066e+04 -4.93325e+03 2011457 1 1.4027e-01
+2.70706e+04 -4.93662e+03 2011458 1 1.4399e-01
+2.82330e+04 -4.94004e+03 2011459 1 1.4745e-01
+2.93940e+04 -4.94351e+03 2011460 1 1.5065e-01
+3.05535e+04 -4.94701e+03 2011461 1 1.5358e-01
+3.17114e+04 -4.95054e+03 2011462 1 1.5624e-01
+3.28678e+04 -4.95408e+03 2011463 1 1.5862e-01
+3.40227e+04 -4.95763e+03 2011464 1 1.6074e-01
+3.51761e+04 -4.96117e+03 2011465 1 1.6258e-01
+3.63279e+04 -4.96471e+03 2011466 1 1.6414e-01
+3.74782e+04 -4.96823e+03 2011467 1 1.6543e-01
+3.86270e+04 -4.97173e+03 2011468 1 1.6646e-01
+3.97743e+04 -4.97520e+03 2011469 1 1.6721e-01
+4.09200e+04 -4.97863e+03 2011470 1 1.6769e-01
+4.20644e+04 -4.98201e+03 2011471 1 1.6791e-01
+4.32072e+04 -4.98535e+03 2011472 1 1.6788e-01
+4.43487e+04 -4.98863e+03 2011473 1 1.6758e-01
+4.54887e+04 -4.99185e+03 2011474 1 1.6704e-01
+4.66273e+04 -4.99501e+03 2011475 1 1.6624e-01
+1.95668e+01 -3.67861e+03 2011476 1 2.5122e-02
+1.19357e+03 -3.67867e+03 2011477 1 2.6373e-02
+2.36750e+03 -3.67885e+03 2011478 1 2.9731e-02
+3.54130e+03 -3.67915e+03 2011479 1 3.4562e-02
+4.71489e+03 -3.67957e+03 2011480 1 4.0305e-02
+5.88820e+03 -3.68010e+03 2011481 1 4.6585e-02
+7.06118e+03 -3.68075e+03 2011482 1 5.3165e-02
+8.23375e+03 -3.68151e+03 2011483 1 5.9899e-02
+9.40586e+03 -3.68237e+03 2011484 1 6.6691e-02
+1.05774e+04 -3.68334e+03 2011485 1 7.3474e-02
+1.17484e+04 -3.68441e+03 2011486 1 8.0199e-02
+1.29188e+04 -3.68559e+03 2011487 1 8.6829e-02
+1.40884e+04 -3.68685e+03 2011488 1 9.3333e-02
+1.52573e+04 -3.68820e+03 2011489 1 9.9688e-02
+1.64254e+04 -3.68964e+03 2011490 1 1.0587e-01
+1.75927e+04 -3.69116e+03 2011491 1 1.1187e-01
+1.87590e+04 -3.69275e+03 2011492 1 1.1765e-01
+1.99245e+04 -3.69441e+03 2011493 1 1.2322e-01
+2.10889e+04 -3.69614e+03 2011494 1 1.2856e-01
+2.22523e+04 -3.69792e+03 2011495 1 1.3366e-01
+2.34147e+04 -3.69976e+03 2011496 1 1.3850e-01
+2.45761e+04 -3.70164e+03 2011497 1 1.4308e-01
+2.57363e+04 -3.70356e+03 2011498 1 1.4739e-01
+2.68955e+04 -3.70552e+03 2011499 1 1.5143e-01
+2.80535e+04 -3.70751e+03 2011500 1 1.5518e-01
+2.92103e+04 -3.70953e+03 2011501 1 1.5865e-01
+3.03660e+04 -3.71156e+03 2011502 1 1.6183e-01
+3.15205e+04 -3.71361e+03 2011503 1 1.6472e-01
+3.26738e+04 -3.71567e+03 2011504 1 1.6732e-01
+3.38260e+04 -3.71772e+03 2011505 1 1.6962e-01
+3.49769e+04 -3.71978e+03 2011506 1 1.7163e-01
+3.61267e+04 -3.72184e+03 2011507 1 1.7334e-01
+3.72753e+04 -3.72388e+03 2011508 1 1.7476e-01
+3.84227e+04 -3.72590e+03 2011509 1 1.7588e-01
+3.95690e+04 -3.72791e+03 2011510 1 1.7672e-01
+4.07141e+04 -3.72990e+03 2011511 1 1.7727e-01
+4.18581e+04 -3.73186e+03 2011512 1 1.7753e-01
+4.30010e+04 -3.73379e+03 2011513 1 1.7752e-01
+4.41427e+04 -3.73568e+03 2011514 1 1.7723e-01
+4.52834e+04 -3.73755e+03 2011515 1 1.7667e-01
+4.64230e+04 -3.73937e+03 2011516 1 1.7584e-01
+1.94028e+01 -2.45701e+03 2011517 1 1.6571e-02
+1.18357e+03 -2.45704e+03 2011518 1 1.8643e-02
+2.34769e+03 -2.45712e+03 2011519 1 2.3682e-02
+3.51171e+03 -2.45726e+03 2011520 1 3.0205e-02
+4.67560e+03 -2.45745e+03 2011521 1 3.7404e-02
+5.83930e+03 -2.45770e+03 2011522 1 4.4907e-02
+7.00276e+03 -2.45800e+03 2011523 1 5.2533e-02
+8.16596e+03 -2.45836e+03 2011524 1 6.0182e-02
+9.32883e+03 -2.45876e+03 2011525 1 6.7791e-02
+1.04913e+04 -2.45921e+03 2011526 1 7.5316e-02
+1.16535e+04 -2.45971e+03 2011527 1 8.2724e-02
+1.28151e+04 -2.46026e+03 2011528 1 8.9989e-02
+1.39763e+04 -2.46084e+03 2011529 1 9.7089e-02
+1.51370e+04 -2.46147e+03 2011530 1 1.0400e-01
+1.62971e+04 -2.46214e+03 2011531 1 1.1072e-01
+1.74567e+04 -2.46285e+03 2011532 1 1.1721e-01
+1.86156e+04 -2.46359e+03 2011533 1 1.2348e-01
+1.97739e+04 -2.46436e+03 2011534 1 1.2950e-01
+2.09316e+04 -2.46516e+03 2011535 1 1.3526e-01
+2.20885e+04 -2.46599e+03 2011536 1 1.4076e-01
+2.32448e+04 -2.46685e+03 2011537 1 1.4598e-01
+2.44003e+04 -2.46772e+03 2011538 1 1.5092e-01
+2.55550e+04 -2.46861e+03 2011539 1 1.5557e-01
+2.67090e+04 -2.46952e+03 2011540 1 1.5992e-01
+2.78622e+04 -2.47045e+03 2011541 1 1.6397e-01
+2.90147e+04 -2.47138e+03 2011542 1 1.6771e-01
+3.01663e+04 -2.47232e+03 2011543 1 1.7114e-01
+3.13171e+04 -2.47327e+03 2011544 1 1.7426e-01
+3.24671e+04 -2.47422e+03 2011545 1 1.7706e-01
+3.36164e+04 -2.47518e+03 2011546 1 1.7955e-01
+3.47647e+04 -2.47613e+03 2011547 1 1.8172e-01
+3.59123e+04 -2.47708e+03 2011548 1 1.8357e-01
+3.70591e+04 -2.47802e+03 2011549 1 1.8511e-01
+3.82051e+04 -2.47896e+03 2011550 1 1.8633e-01
+3.93502e+04 -2.47988e+03 2011551 1 1.8724e-01
+4.04946e+04 -2.48080e+03 2011552 1 1.8785e-01
+4.16382e+04 -2.48170e+03 2011553 1 1.8815e-01
+4.27810e+04 -2.48259e+03 2011554 1 1.8815e-01
+4.39231e+04 -2.48346e+03 2011555 1 1.8786e-01
+4.50644e+04 -2.48432e+03 2011556 1 1.8727e-01
+4.62050e+04 -2.48515e+03 2011557 1 1.8641e-01
+1.92284e+01 -1.22476e+03 2011558 1 7.4688e-03
+1.17293e+03 -1.22477e+03 2011559 1 1.1773e-02
+2.32661e+03 -1.22479e+03 2011560 1 1.9493e-02
+3.48025e+03 -1.22483e+03 2011561 1 2.7889e-02
+4.63381e+03 -1.22488e+03 2011562 1 3.6451e-02
+5.78727e+03 -1.22495e+03 2011563 1 4.5031e-02
+6.94062e+03 -1.22503e+03 2011564 1 5.3565e-02
+8.09383e+03 -1.22513e+03 2011565 1 6.2011e-02
+9.24688e+03 -1.22524e+03 2011566 1 7.0343e-02
+1.03997e+04 -1.22536e+03 2011567 1 7.8536e-02
+1.15524e+04 -1.22550e+03 2011568 1 8.6570e-02
+1.27048e+04 -1.22565e+03 2011569 1 9.4425e-02
+1.38570e+04 -1.22581e+03 2011570 1 1.0209e-01
+1.50089e+04 -1.22598e+03 2011571 1 1.0953e-01
+1.61606e+04 -1.22617e+03 2011572 1 1.1676e-01
+1.73119e+04 -1.22636e+03 2011573 1 1.2374e-01
+1.84630e+04 -1.22656e+03 2011574 1 1.3046e-01
+1.96137e+04 -1.22677e+03 2011575 1 1.3693e-01
+2.07641e+04 -1.22699e+03 2011576 1 1.4311e-01
+2.19141e+04 -1.22722e+03 2011577 1 1.4901e-01
+2.30637e+04 -1.22745e+03 2011578 1 1.5461e-01
+2.42130e+04 -1.22769e+03 2011579 1 1.5990e-01
+2.53619e+04 -1.22793e+03 2011580 1 1.6489e-01
+2.65104e+04 -1.22818e+03 2011581 1 1.6955e-01
+2.76586e+04 -1.22843e+03 2011582 1 1.7389e-01
+2.88063e+04 -1.22868e+03 2011583 1 1.7790e-01
+2.99536e+04 -1.22894e+03 2011584 1 1.8158e-01
+3.11005e+04 -1.22920e+03 2011585 1 1.8492e-01
+3.22469e+04 -1.22945e+03 2011586 1 1.8792e-01
+3.33930e+04 -1.22971e+03 2011587 1 1.9059e-01
+3.45386e+04 -1.22997e+03 2011588 1 1.9292e-01
+3.56839e+04 -1.23022e+03 2011589 1 1.9491e-01
+3.68287e+04 -1.23048e+03 2011590 1 1.9656e-01
+3.79731e+04 -1.23073e+03 2011591 1 1.9787e-01
+3.91171e+04 -1.23098e+03 2011592 1 1.9886e-01
+4.02607e+04 -1.23122e+03 2011593 1 1.9951e-01
+4.14038e+04 -1.23146e+03 2011594 1 1.9984e-01
+4.25466e+04 -1.23170e+03 2011595 1 1.9985e-01
+4.36890e+04 -1.23193e+03 2011596 1 1.9954e-01
+4.48310e+04 -1.23216e+03 2011597 1 1.9893e-01
