+4.57472e+01 -1.36999e+04 6010000 1 9.4339e-01
+2.96888e+03 -1.37562e+04 6010001 1 9.4751e-01
+5.85865e+03 -1.39129e+04 6010002 1 9.5814e-01
+8.68463e+03 -1.41662e+04 6010003 1 9.7292e-01
+1.14223e+04 -1.45058e+04 6010004 1 9.8829e-01
+1.40528e+04 -1.49197e+04 6010005 1 1.0004e+00
+1.65640e+04 -1.53950e+04 6010006 1 1.0087e+00
+1.89506e+04 -1.59190e+04 6010007 1 1.0111e+00
+2.12105e+04 -1.64797e+04 6010008 1 1.0062e+00
+2.33474e+04 -1.70664e+04 6010009 1 9.9888e-01
+2.53650e+04 -1.76699e+04 6010010 1 9.8041e-01
+2.72709e+04 -1.82825e+04 6010011 1 9.6689e-01
+2.90730e+04 -1.88977e+04 6010012 1 9.3559e-01
+3.07762e+04 -1.95106e+04 6010013 1 9.1917e-01
+3.23941e+04 -2.01162e+04 6010014 1 8.9534e-01
+3.39260e+04 -2.07122e+04 6010015 1 8.5960e-01
+3.53859e+04 -2.12950e+04 6010016 1 8.4037e-01
+3.67788e+04 -2.18626e+04 6010017 1 8.1071e-01
+3.81081e+04 -2.24137e+04 6010018 1 7.7542e-01
+3.93816e+04 -2.29468e+04 6010019 1 7.5391e-01
+4.06051e+04 -2.34608e+04 6010020 1 7.3175e-01
+2.03056e+04 -2.31986e+04 4010334 1 1.2988e+00
+1.13617e+04 -2.05144e+04 4010290 1 1.3042e+00
+8.86132e+03 -2.28954e+04 2010781 1 1.4518e+00
+1.17454e+04 -2.14230e+04 4010208 1 1.3536e+00
+1.44808e+04 -2.09566e+04 4010332 1 1.3002e+00
+8.04316e+03 -2.05799e+04 4010207 1 1.3188e+00
+1.11666e+04 -2.00558e+04 4010331 1 1.2791e+00
+7.61673e+03 -1.93651e+04 4010330 1 1.2508e+00
+5.41041e+01 -1.68224e+04 4010533 1 1.1110e+00
+5.52881e+01 -1.72288e+04 4010492 1 1.1328e+00
+3.65939e+03 -1.77515e+04 4010452 1 1.1618e+00
+5.29201e+01 -1.64069e+04 4010574 1 1.0890e+00
+7.47348e+03 -1.89498e+04 4010371 1 1.2279e+00
+3.35496e+03 -1.60728e+04 4010616 1 1.0718e+00
+5.17354e+01 -1.59823e+04 4010615 1 1.0663e+00
+5.05479e+01 -1.55475e+04 4010656 1 1.0429e+00
+4.93570e+01 -1.51025e+04 4010697 1 1.0193e+00
+3.50736e+03 -1.69292e+04 4010534 1 1.1174e+00
+3.43121e+03 -1.65054e+04 4010575 1 1.0948e+00
+6.30936e+03 -1.53894e+04 4010699 1 1.0366e+00
+4.81612e+01 -1.46468e+04 4010738 1 9.9451e-01
+3.20174e+03 -1.51783e+04 4010698 1 1.0240e+00
+3.27849e+03 -1.56305e+04 4010657 1 1.0480e+00
+6.16049e+03 -1.49076e+04 4010740 1 1.0111e+00
+4.69582e+01 -1.41793e+04 4010779 1 9.6912e-01
+1.16991e+04 -1.50712e+04 4010783 1 1.0150e+00
+4.45256e+01 -1.32075e+04 6010041 1 9.1581e-01
+2.89000e+03 -1.32581e+04 6010042 1 9.1982e-01
+5.70533e+03 -1.33989e+04 6010043 1 9.3049e-01
+8.46315e+03 -1.36264e+04 6010044 1 9.4522e-01
+1.11403e+04 -1.39320e+04 6010045 1 9.6053e-01
+1.37200e+04 -1.43056e+04 6010046 1 9.7436e-01
+1.61906e+04 -1.47357e+04 6010047 1 9.8358e-01
+1.85449e+04 -1.52109e+04 6010048 1 9.8727e-01
+2.07824e+04 -1.57209e+04 6010049 1 9.8756e-01
+2.29039e+04 -1.62557e+04 6010050 1 9.7711e-01
+2.49129e+04 -1.68072e+04 6010051 1 9.6976e-01
+2.68175e+04 -1.73681e+04 6010052 1 9.5493e-01
+2.86196e+04 -1.79327e+04 6010053 1 9.3303e-01
+3.03312e+04 -1.84957e+04 6010054 1 9.1762e-01
+3.19569e+04 -1.90532e+04 6010055 1 8.8120e-01
+3.35012e+04 -1.96024e+04 6010056 1 8.6500e-01
+3.49765e+04 -2.01399e+04 6010057 1 8.4485e-01
+3.63845e+04 -2.06641e+04 6010058 1 8.1166e-01
+3.77298e+04 -2.11737e+04 6010059 1 7.8607e-01
+3.90219e+04 -2.16668e+04 6010060 1 7.6476e-01
+4.02639e+04 -2.21426e+04 6010061 1 7.4259e-01
+4.14608e+04 -2.26003e+04 6010062 1 7.1976e-01
+4.26155e+04 -2.30396e+04 6010063 1 6.9307e-01
+4.37315e+04 -2.34602e+04 6010064 1 6.6993e-01
+4.89712e+03 -2.37177e+04 2010575 1 1.4841e+00
+1.51566e+04 -2.25130e+04 4010209 1 1.3768e+00
+1.49362e+04 -2.19947e+04 4010250 1 1.3519e+00
+7.40017e+01 -2.27591e+04 2010656 1 1.4259e+00
+1.19334e+04 -2.18736e+04 4010167 1 1.3787e+00
+3.73541e+03 -1.81510e+04 4010411 1 1.1833e+00
+5.64723e+01 -1.76265e+04 4010451 1 1.1542e+00
+3.58341e+03 -1.73445e+04 4010493 1 1.1399e+00
+6.45724e+03 -1.58619e+04 4010658 1 1.0616e+00
+4.32913e+01 -1.27012e+04 6010082 1 8.8796e-01
+2.81025e+03 -1.27463e+04 6010083 1 8.9177e-01
+5.55001e+03 -1.28721e+04 6010084 1 9.0207e-01
+8.23813e+03 -1.30754e+04 6010085 1 9.1674e-01
+1.08534e+04 -1.33492e+04 6010086 1 9.3270e-01
+1.33797e+04 -1.36843e+04 6010087 1 9.4664e-01
+1.58058e+04 -1.40711e+04 6010088 1 9.5803e-01
+1.81258e+04 -1.44999e+04 6010089 1 9.6524e-01
+2.03368e+04 -1.49609e+04 6010090 1 9.6440e-01
+2.24391e+04 -1.54457e+04 6010091 1 9.6290e-01
+2.44376e+04 -1.59468e+04 6010092 1 9.5620e-01
+2.63344e+04 -1.64575e+04 6010093 1 9.3945e-01
+2.81368e+04 -1.69724e+04 6010094 1 9.2916e-01
+2.98526e+04 -1.74867e+04 6010095 1 9.1314e-01
+3.14820e+04 -1.79971e+04 6010096 1 8.8477e-01
+3.30373e+04 -1.85002e+04 6010097 1 8.7074e-01
+3.45247e+04 -1.89933e+04 6010098 1 8.4777e-01
+3.59439e+04 -1.94749e+04 6010099 1 8.1291e-01
+3.73046e+04 -1.99432e+04 6010100 1 7.9784e-01
+3.86128e+04 -2.03968e+04 6010101 1 7.7693e-01
+3.98713e+04 -2.08348e+04 6010102 1 7.5490e-01
+4.10849e+04 -2.12565e+04 6010103 1 7.3187e-01
+4.22562e+04 -2.16615e+04 6010104 1 7.0157e-01
+4.33895e+04 -2.20494e+04 6010105 1 6.8486e-01
+4.44892e+04 -2.24198e+04 6010106 1 6.6868e-01
+4.55583e+04 -2.27726e+04 6010107 1 6.5246e-01
+4.65988e+04 -2.31080e+04 6010108 1 6.3673e-01
+2.25682e+04 -2.37279e+04 4010376 1 1.2514e+00
+2.61903e+04 -2.36587e+04 4010501 1 1.1324e+00
+4.56354e+03 -2.21176e+04 2010780 1 1.4009e+00
+1.15549e+04 -2.09700e+04 4010249 1 1.3289e+00
+7.75950e+03 -1.97751e+04 4010289 1 1.2736e+00
+3.88747e+03 -1.89279e+04 4010329 1 1.2257e+00
+7.04115e+03 -1.76685e+04 4010494 1 1.1580e+00
+9.75242e+03 -1.67301e+04 4010618 1 1.1043e+00
+9.54351e+03 -1.62330e+04 4010659 1 1.0787e+00
+1.22392e+04 -1.61810e+04 4010701 1 1.0680e+00
+9.33247e+03 -1.57287e+04 4010700 1 1.0529e+00
+1.19713e+04 -1.56294e+04 4010742 1 1.0419e+00
+1.46963e+04 -1.61302e+04 4010743 1 1.0529e+00
+9.11903e+03 -1.52166e+04 4010741 1 1.0266e+00
+1.69278e+04 -1.60503e+04 4010785 1 1.0334e+00
+3.04705e+03 -1.42418e+04 4010780 1 9.7342e-01
+8.90325e+03 -1.46962e+04 4010782 1 1.0001e+00
+4.20433e+01 -1.21805e+04 6010123 1 8.5852e-01
+2.72958e+03 -1.22206e+04 6010124 1 8.6240e-01
+5.39269e+03 -1.23321e+04 6010125 1 8.7289e-01
+8.00937e+03 -1.25125e+04 6010126 1 8.8763e-01
+1.05604e+04 -1.27559e+04 6010127 1 9.0391e-01
+1.30310e+04 -1.30548e+04 6010128 1 9.1969e-01
+1.54105e+04 -1.34006e+04 6010129 1 9.3253e-01
+1.76921e+04 -1.37847e+04 6010130 1 9.3970e-01
+1.98730e+04 -1.41989e+04 6010131 1 9.4571e-01
+2.19542e+04 -1.46356e+04 6010132 1 9.4625e-01
+2.39363e+04 -1.50878e+04 6010133 1 9.3720e-01
+2.58237e+04 -1.55498e+04 6010134 1 9.3261e-01
+2.76231e+04 -1.60165e+04 6010135 1 9.2335e-01
+2.93363e+04 -1.64835e+04 6010136 1 8.9902e-01
+3.09702e+04 -1.69476e+04 6010137 1 8.8884e-01
+3.25333e+04 -1.74056e+04 6010138 1 8.7612e-01
+3.40283e+04 -1.78551e+04 6010139 1 8.3737e-01
+3.54573e+04 -1.82948e+04 6010140 1 8.2465e-01
+3.68312e+04 -1.87225e+04 6010141 1 8.1115e-01
+3.81533e+04 -1.91371e+04 6010142 1 7.9028e-01
+3.94261e+04 -1.95378e+04 6010143 1 7.6813e-01
+4.06542e+04 -1.99239e+04 6010144 1 7.4268e-01
+4.18406e+04 -2.02949e+04 6010145 1 7.1914e-01
+4.29898e+04 -2.06504e+04 6010146 1 7.0265e-01
+4.41054e+04 -2.09900e+04 6010147 1 6.8664e-01
+4.51904e+04 -2.13137e+04 6010148 1 6.7086e-01
+4.62469e+04 -2.16214e+04 6010149 1 6.5470e-01
+1.80158e+04 -2.31959e+04 4010251 1 1.3577e+00
+1.47106e+04 -2.14760e+04 4010291 1 1.3259e+00
+4.03962e+03 -1.96776e+04 4010247 1 1.2667e+00
+3.96355e+03 -1.93060e+04 4010288 1 1.2463e+00
+3.81144e+03 -1.85430e+04 4010370 1 1.2047e+00
+7.32986e+03 -1.85289e+04 4010412 1 1.2048e+00
+7.18573e+03 -1.81019e+04 4010453 1 1.1815e+00
+6.89611e+03 -1.72283e+04 4010535 1 1.1343e+00
+6.75043e+03 -1.67808e+04 4010576 1 1.1104e+00
+1.27631e+04 -1.72674e+04 4010619 1 1.1203e+00
+6.60418e+03 -1.63255e+04 4010617 1 1.0863e+00
+1.25030e+04 -1.67267e+04 4010660 1 1.0945e+00
+3.12465e+03 -1.47157e+04 4010739 1 9.9908e-01
+2.16226e+04 -1.72382e+04 4010787 1 1.0278e+00
+4.07774e+01 -1.16437e+04 6010164 1 8.2784e-01
+2.64770e+03 -1.16789e+04 6010165 1 8.3166e-01
+5.23285e+03 -1.17772e+04 6010166 1 8.4216e-01
+7.77648e+03 -1.19365e+04 6010167 1 8.5736e-01
+1.02614e+04 -1.21515e+04 6010168 1 8.7470e-01
+1.26736e+04 -1.24160e+04 6010169 1 8.9116e-01
+1.50029e+04 -1.27226e+04 6010170 1 9.0587e-01
+1.72432e+04 -1.30643e+04 6010171 1 9.1802e-01
+1.93915e+04 -1.34338e+04 6010172 1 9.2529e-01
+2.14461e+04 -1.38240e+04 6010173 1 9.2509e-01
+2.34093e+04 -1.42293e+04 6010174 1 9.2681e-01
+2.52849e+04 -1.46443e+04 6010175 1 9.2392e-01
+2.70755e+04 -1.50640e+04 6010176 1 9.0630e-01
+2.87845e+04 -1.54851e+04 6010177 1 9.0070e-01
+3.04203e+04 -1.59041e+04 6010178 1 8.9244e-01
+3.19875e+04 -1.63180e+04 6010179 1 8.7685e-01
+3.34854e+04 -1.67251e+04 6010180 1 8.4811e-01
+3.49237e+04 -1.71235e+04 6010181 1 8.3737e-01
+3.63084e+04 -1.75113e+04 6010182 1 8.2559e-01
+3.76418e+04 -1.78877e+04 6010183 1 8.0458e-01
+3.89267e+04 -1.82518e+04 6010184 1 7.8155e-01
+4.01669e+04 -1.86029e+04 6010185 1 7.5417e-01
+4.13673e+04 -1.89403e+04 6010186 1 7.3963e-01
+4.25310e+04 -1.92637e+04 6010187 1 7.2351e-01
+4.36611e+04 -1.95729e+04 6010188 1 7.0779e-01
+4.47606e+04 -1.98677e+04 6010189 1 6.9246e-01
+4.58319e+04 -2.01480e+04 6010190 1 6.7674e-01
+4.77176e+03 -2.30897e+04 2010657 1 1.4529e+00
+8.18374e+03 -2.09755e+04 4010166 1 1.3414e+00
+7.90164e+03 -2.01798e+04 4010248 1 1.2962e+00
+6.24192e+01 -1.94978e+04 4010246 1 1.2545e+00
+6.00352e+01 -1.87716e+04 4010328 1 1.2156e+00
+5.76582e+01 -1.80161e+04 4010410 1 1.1748e+00
+1.03686e+04 -1.81845e+04 4010495 1 1.1798e+00
+1.01648e+04 -1.77054e+04 4010536 1 1.1547e+00
+1.30193e+04 -1.78034e+04 4010578 1 1.1461e+00
+1.53130e+04 -1.73227e+04 4010661 1 1.1044e+00
+1.50078e+04 -1.67283e+04 4010702 1 1.0791e+00
+1.97219e+04 -1.73297e+04 4010745 1 1.0560e+00
+2.20175e+04 -1.79975e+04 4010746 1 1.0479e+00
+2.37702e+04 -1.78785e+04 4010788 1 1.0148e+00
+3.94933e+01 -1.10902e+04 6010205 1 7.9617e-01
+2.56460e+03 -1.11210e+04 6010206 1 8.0008e-01
+5.07037e+03 -1.12067e+04 6010207 1 8.1086e-01
+7.53910e+03 -1.13458e+04 6010208 1 8.2623e-01
+9.95534e+03 -1.15341e+04 6010209 1 8.4429e-01
+1.23065e+04 -1.17663e+04 6010210 1 8.6294e-01
+1.45832e+04 -1.20363e+04 6010211 1 8.8001e-01
+1.67789e+04 -1.23377e+04 6010212 1 8.9312e-01
+1.88897e+04 -1.26641e+04 6010213 1 9.0252e-01
+2.09152e+04 -1.30102e+04 6010214 1 9.1077e-01
+2.28566e+04 -1.33704e+04 6010215 1 9.1439e-01
+2.47152e+04 -1.37398e+04 6010216 1 9.0624e-01
+2.64930e+04 -1.41145e+04 6010217 1 9.0507e-01
+2.81967e+04 -1.44909e+04 6010218 1 9.0189e-01
+2.98305e+04 -1.48660e+04 6010219 1 8.9486e-01
+3.13956e+04 -1.52372e+04 6010220 1 8.6729e-01
+3.28968e+04 -1.56028e+04 6010221 1 8.6011e-01
+3.43418e+04 -1.59608e+04 6010222 1 8.5172e-01
+3.57345e+04 -1.63098e+04 6010223 1 8.4018e-01
+3.70767e+04 -1.66487e+04 6010224 1 8.1878e-01
+3.83710e+04 -1.69769e+04 6010225 1 7.8609e-01
+3.96217e+04 -1.72935e+04 6010226 1 7.7543e-01
+4.08346e+04 -1.75979e+04 6010227 1 7.6296e-01
+4.20113e+04 -1.78899e+04 6010228 1 7.4745e-01
+4.31545e+04 -1.81691e+04 6010229 1 7.3219e-01
+4.42673e+04 -1.84354e+04 6010230 1 7.1714e-01
+4.53520e+04 -1.86888e+04 6010231 1 7.0241e-01
+4.64109e+04 -1.89292e+04 6010232 1 6.8671e-01
+7.69322e+01 -2.36421e+04 2010533 1 1.4653e+00
+8.46087e+03 -2.17545e+04 4010084 1 1.3861e+00
+1.77764e+04 -2.26070e+04 4010292 1 1.3317e+00
+4.11560e+03 -2.00429e+04 4010206 1 1.2869e+00
+1.07709e+04 -1.91283e+04 4010413 1 1.2296e+00
+1.32720e+04 -1.83357e+04 4010537 1 1.1720e+00
+9.95954e+03 -1.72208e+04 4010577 1 1.1296e+00
+1.82863e+04 -1.86470e+04 4010621 1 1.1310e+00
+1.56117e+04 -1.79141e+04 4010620 1 1.1302e+00
+1.79604e+04 -1.80000e+04 4010662 1 1.1074e+00
+2.76980e+04 -1.92012e+04 4010790 1 9.7464e-01
+2.57939e+04 -1.85355e+04 4010789 1 9.9885e-01
+1.43779e+04 -1.55276e+04 4010784 1 1.0272e+00
+6.01031e+03 -1.44157e+04 4010781 1 9.8481e-01
+3.81864e+01 -1.05179e+04 6010246 1 7.6198e-01
+2.47998e+03 -1.05446e+04 6010247 1 7.6598e-01
+4.90478e+03 -1.06188e+04 6010248 1 7.7716e-01
+7.29689e+03 -1.07394e+04 6010249 1 7.9374e-01
+9.64244e+03 -1.09029e+04 6010250 1 8.1326e-01
+1.19299e+04 -1.11046e+04 6010251 1 8.3319e-01
+1.41501e+04 -1.13396e+04 6010252 1 8.5166e-01
+1.62974e+04 -1.16028e+04 6010253 1 8.6920e-01
+1.83683e+04 -1.18890e+04 6010254 1 8.8378e-01
+2.03611e+04 -1.21929e+04 6010255 1 8.9362e-01
+2.22754e+04 -1.25097e+04 6010256 1 8.9457e-01
+2.41126e+04 -1.28355e+04 6010257 1 9.0056e-01
+2.58767e+04 -1.31668e+04 6010258 1 9.0313e-01
+2.75710e+04 -1.35001e+04 6010259 1 9.0161e-01
+2.91975e+04 -1.38327e+04 6010260 1 8.8071e-01
+3.07582e+04 -1.41625e+04 6010261 1 8.7796e-01
+3.22610e+04 -1.44878e+04 6010262 1 8.7335e-01
+3.37096e+04 -1.48066e+04 6010263 1 8.6713e-01
+3.51075e+04 -1.51176e+04 6010264 1 8.5463e-01
+3.64555e+04 -1.54201e+04 6010265 1 8.3003e-01
+3.77565e+04 -1.57131e+04 6010266 1 8.0847e-01
+3.90169e+04 -1.59960e+04 6010267 1 7.9940e-01
+4.02403e+04 -1.62682e+04 6010268 1 7.8951e-01
+4.14284e+04 -1.65293e+04 6010269 1 7.7469e-01
+4.25835e+04 -1.67792e+04 6010270 1 7.5995e-01
+4.37083e+04 -1.70176e+04 6010271 1 7.4537e-01
+4.48054e+04 -1.72445e+04 6010272 1 7.3093e-01
+4.58769e+04 -1.74598e+04 6010273 1 7.1671e-01
+7.50355e+01 -2.30573e+04 2010615 1 1.4399e+00
+7.06833e+01 -2.18377e+04 2010779 1 1.3795e+00
+7.18180e+01 -2.21496e+04 2010738 1 1.3956e+00
+1.21182e+04 -2.23222e+04 4010126 1 1.4033e+00
+8.32303e+03 -2.13670e+04 4010125 1 1.3638e+00
+4.19144e+03 -2.04023e+04 4010165 1 1.3067e+00
+5.88459e+01 -1.83977e+04 4010369 1 1.1953e+00
+1.86028e+04 -1.92937e+04 4010580 1 1.1558e+00
+1.59045e+04 -1.85031e+04 4010579 1 1.1556e+00
+2.04420e+04 -1.87385e+04 4010663 1 1.0998e+00
+2.00880e+04 -1.80339e+04 4010704 1 1.0793e+00
+2.61982e+04 -1.94049e+04 4010748 1 1.0131e+00
+2.94951e+04 -1.98683e+04 4010791 1 9.5468e-01
+1.93424e+04 -1.66249e+04 4010786 1 1.0338e+00
+3.68559e+01 -9.92591e+03 6010287 1 7.2730e-01
+2.39379e+03 -9.94877e+03 6010288 1 7.3150e-01
+4.73580e+03 -1.00121e+04 6010289 1 7.4309e-01
+7.04905e+03 -1.01152e+04 6010290 1 7.6009e-01
+9.32121e+03 -1.02553e+04 6010291 1 7.8083e-01
+1.15420e+04 -1.04288e+04 6010292 1 8.0328e-01
+1.37032e+04 -1.06315e+04 6010293 1 8.2544e-01
+1.57991e+04 -1.08590e+04 6010294 1 8.4538e-01
+1.78257e+04 -1.11067e+04 6010295 1 8.6109e-01
+1.97807e+04 -1.13702e+04 6010296 1 8.7326e-01
+2.16644e+04 -1.16460e+04 6010297 1 8.8584e-01
+2.34784e+04 -1.19303e+04 6010298 1 8.9468e-01
+2.52245e+04 -1.22198e+04 6010299 1 8.9914e-01
+2.69041e+04 -1.25116e+04 6010300 1 8.8703e-01
+2.85188e+04 -1.28034e+04 6010301 1 8.8949e-01
+3.00749e+04 -1.30934e+04 6010302 1 8.8964e-01
+3.15758e+04 -1.33795e+04 6010303 1 8.8778e-01
+3.30249e+04 -1.36603e+04 6010304 1 8.8372e-01
+3.44246e+04 -1.39346e+04 6010305 1 8.6609e-01
+3.57748e+04 -1.42016e+04 6010306 1 8.3965e-01
+3.70819e+04 -1.44605e+04 6010307 1 8.3328e-01
+3.83500e+04 -1.47106e+04 6010308 1 8.2609e-01
+3.95820e+04 -1.49513e+04 6010309 1 8.1817e-01
+4.07799e+04 -1.51823e+04 6010310 1 8.0538e-01
+4.19454e+04 -1.54035e+04 6010311 1 7.9133e-01
+4.30812e+04 -1.56147e+04 6010312 1 7.7727e-01
+4.41895e+04 -1.58157e+04 6010313 1 7.6319e-01
+4.52726e+04 -1.60065e+04 6010314 1 7.4920e-01
+4.63324e+04 -1.61871e+04 6010315 1 7.3526e-01
+7.60167e+01 -2.33516e+04 2010574 1 1.4531e+00
+7.29266e+01 -2.24567e+04 2010697 1 1.4112e+00
+6.12263e+01 -1.91382e+04 4010287 1 1.2351e+00
+1.09697e+04 -1.95940e+04 4010372 1 1.2545e+00
+1.40086e+04 -1.99143e+04 4010414 1 1.2486e+00
+1.37666e+04 -1.93906e+04 4010455 1 1.2234e+00
+1.05706e+04 -1.86587e+04 4010454 1 1.2046e+00
+1.35210e+04 -1.88645e+04 4010496 1 1.1974e+00
+1.61910e+04 -1.90904e+04 4010538 1 1.1810e+00
+2.45583e+04 -1.95100e+04 4010706 1 1.0507e+00
+2.23971e+04 -1.87579e+04 4010705 1 1.0650e+00
+1.76257e+04 -1.73520e+04 4010703 1 1.0824e+00
+2.80999e+04 -2.01246e+04 4010749 1 9.8080e-01
+1.72813e+04 -1.67023e+04 4010744 1 1.0585e+00
+3.54973e+01 -9.31156e+03 6010328 1 6.8873e-01
+2.30572e+03 -9.33101e+03 6010329 1 6.9319e-01
+4.56302e+03 -9.38457e+03 6010330 1 7.0572e-01
+6.79532e+03 -9.47185e+03 6010331 1 7.2461e-01
+8.99174e+03 -9.59055e+03 6010332 1 7.4760e-01
+1.11430e+04 -9.73771e+03 6010333 1 7.7222e-01
+1.32415e+04 -9.90986e+03 6010334 1 7.9606e-01
+1.52816e+04 -1.01034e+04 6010335 1 8.1861e-01
+1.72598e+04 -1.03150e+04 6010336 1 8.4054e-01
+1.91742e+04 -1.05410e+04 6010337 1 8.5966e-01
+2.10243e+04 -1.07780e+04 6010338 1 8.7520e-01
+2.28103e+04 -1.10227e+04 6010339 1 8.8577e-01
+2.45326e+04 -1.12722e+04 6010340 1 8.8476e-01
+2.61929e+04 -1.15244e+04 6010341 1 8.9327e-01
+2.77956e+04 -1.17772e+04 6010342 1 8.9909e-01
+2.93432e+04 -1.20288e+04 6010343 1 9.0244e-01
+3.08388e+04 -1.22773e+04 6010344 1 9.0312e-01
+3.22851e+04 -1.25215e+04 6010345 1 8.9813e-01
+3.36817e+04 -1.27603e+04 6010346 1 8.6816e-01
+3.50333e+04 -1.29930e+04 6010347 1 8.6528e-01
+3.63445e+04 -1.32188e+04 6010348 1 8.6123e-01
+3.76182e+04 -1.34372e+04 6010349 1 8.5609e-01
+3.88569e+04 -1.36475e+04 6010350 1 8.4995e-01
+4.00629e+04 -1.38494e+04 6010351 1 8.3997e-01
+4.12374e+04 -1.40428e+04 6010352 1 8.2665e-01
+4.23828e+04 -1.42274e+04 6010353 1 8.1316e-01
+4.35014e+04 -1.44033e+04 6010354 1 7.9958e-01
+4.45953e+04 -1.45702e+04 6010355 1 7.8588e-01
+4.56662e+04 -1.47283e+04 6010356 1 7.7210e-01
+4.67161e+04 -1.48775e+04 6010357 1 7.5826e-01
+1.53715e+04 -2.30311e+04 4010168 1 1.4032e+00
+6.48046e+01 -2.01967e+04 4010164 1 1.2922e+00
+1.75295e+04 -2.20195e+04 4010333 1 1.3075e+00
+1.67457e+04 -2.02620e+04 4010456 1 1.2314e+00
+2.14297e+04 -2.08602e+04 4010540 1 1.1681e+00
+1.64716e+04 -1.96765e+04 4010497 1 1.2063e+00
+2.07836e+04 -1.94440e+04 4010622 1 1.1242e+00
+2.27605e+04 -1.95204e+04 4010664 1 1.0885e+00
+2.84748e+04 -2.10535e+04 4010708 1 1.0011e+00
+3.71285e+04 -2.30703e+04 4010796 1 8.0646e-01
+3.57539e+04 -2.24588e+04 4010795 1 8.3451e-01
+3.11890e+04 -2.05319e+04 4010792 1 9.1945e-01
+1.55804e+04 -2.35493e+04 4010127 1 1.4285e+00
+3.41094e+01 -8.67344e+03 6010369 1 6.4990e-01
+2.21571e+03 -8.68971e+03 6010370 1 6.5469e-01
+4.38617e+03 -8.73406e+03 6010371 1 6.6807e-01
+6.53501e+03 -8.80642e+03 6010372 1 6.8789e-01
+8.65274e+03 -8.90510e+03 6010373 1 7.1251e-01
+1.07312e+04 -9.02786e+03 6010374 1 7.3990e-01
+1.27635e+04 -9.17203e+03 6010375 1 7.6827e-01
+1.47447e+04 -9.33470e+03 6010376 1 7.9589e-01
+1.66713e+04 -9.51281e+03 6010377 1 8.2129e-01
+1.85408e+04 -9.70338e+03 6010378 1 8.4327e-01
+2.03519e+04 -9.90347e+03 6010379 1 8.5947e-01
+2.21042e+04 -1.01105e+04 6010380 1 8.7253e-01
+2.37991e+04 -1.03225e+04 6010381 1 8.8784e-01
+2.54389e+04 -1.05373e+04 6010382 1 9.0020e-01
+2.70253e+04 -1.07530e+04 6010383 1 9.0954e-01
+2.85606e+04 -1.09678e+04 6010384 1 9.1563e-01
+3.00470e+04 -1.11803e+04 6010385 1 9.1688e-01
+3.14849e+04 -1.13893e+04 6010386 1 8.9276e-01
+3.28770e+04 -1.15941e+04 6010387 1 8.9424e-01
+3.42283e+04 -1.17940e+04 6010388 1 8.9416e-01
+3.55413e+04 -1.19881e+04 6010389 1 8.9251e-01
+3.68184e+04 -1.21758e+04 6010390 1 8.8946e-01
+3.80619e+04 -1.23568e+04 6010391 1 8.8518e-01
+3.92740e+04 -1.25306e+04 6010392 1 8.7862e-01
+4.04560e+04 -1.26971e+04 6010393 1 8.6613e-01
+4.16099e+04 -1.28562e+04 6010394 1 8.5330e-01
+4.27377e+04 -1.30078e+04 6010395 1 8.4016e-01
+4.38414e+04 -1.31517e+04 6010396 1 8.2680e-01
+4.49228e+04 -1.32879e+04 6010397 1 8.1322e-01
+4.59836e+04 -1.34166e+04 6010398 1 7.9948e-01
+4.70446e+03 -2.27699e+04 2010698 1 1.4361e+00
+4.26705e+03 -2.07559e+04 4010124 1 1.3262e+00
+6.36124e+01 -1.98506e+04 4010205 1 1.2736e+00
+1.70137e+04 -2.08474e+04 4010415 1 1.2571e+00
+1.92087e+04 -2.05887e+04 4010498 1 1.2040e+00
+1.89105e+04 -1.99408e+04 4010539 1 1.1787e+00
+2.11127e+04 -2.01510e+04 4010581 1 1.1445e+00
+2.31079e+04 -2.02857e+04 4010623 1 1.1064e+00
+2.65804e+04 -2.02785e+04 4010707 1 1.0235e+00
+3.15701e+04 -2.15598e+04 4010751 1 9.1935e-01
+2.98861e+04 -2.08451e+04 4010750 1 9.6087e-01
+2.41746e+04 -1.86927e+04 4010747 1 1.0305e+00
+3.26869e+01 -8.00793e+03 6010410 1 6.0593e-01
+2.12345e+03 -8.02134e+03 6010411 1 6.1120e-01
+4.20482e+03 -8.05753e+03 6010412 1 6.2603e-01
+6.26782e+03 -8.11673e+03 6010413 1 6.4861e-01
+8.30422e+03 -8.19758e+03 6010414 1 6.7663e-01
+1.03067e+04 -8.29828e+03 6010415 1 7.0770e-01
+1.22694e+04 -8.41666e+03 6010416 1 7.3947e-01
+1.41877e+04 -8.55037e+03 6010417 1 7.7002e-01
+1.60575e+04 -8.69703e+03 6010418 1 7.9736e-01
+1.78766e+04 -8.85427e+03 6010419 1 8.2348e-01
+1.96443e+04 -9.02016e+03 6010420 1 8.4905e-01
+2.13601e+04 -9.19251e+03 6010421 1 8.7174e-01
+2.30249e+04 -9.36934e+03 6010422 1 8.9135e-01
+2.46394e+04 -9.54876e+03 6010423 1 9.0733e-01
+2.62051e+04 -9.72915e+03 6010424 1 9.1937e-01
+2.77235e+04 -9.90906e+03 6010425 1 9.2531e-01
+2.91949e+04 -1.00872e+04 6010426 1 9.1224e-01
+3.06219e+04 -1.02630e+04 6010427 1 9.1900e-01
+3.20084e+04 -1.04355e+04 6010428 1 9.2376e-01
+3.33566e+04 -1.06040e+04 6010429 1 9.2647e-01
+3.46687e+04 -1.07678e+04 6010430 1 9.2744e-01
+3.59468e+04 -1.09263e+04 6010431 1 9.2675e-01
+3.71930e+04 -1.10792e+04 6010432 1 9.2453e-01
+3.84093e+04 -1.12262e+04 6010433 1 9.2088e-01
+3.95973e+04 -1.13669e+04 6010434 1 9.1040e-01
+4.07583e+04 -1.15015e+04 6010435 1 8.9826e-01
+4.18942e+04 -1.16297e+04 6010436 1 8.8564e-01
+4.30069e+04 -1.17515e+04 6010437 1 8.7258e-01
+4.40982e+04 -1.18669e+04 6010438 1 8.5920e-01
+4.51695e+04 -1.19758e+04 6010439 1 8.4549e-01
+4.62224e+04 -1.20784e+04 6010440 1 8.3153e-01
+1.72750e+04 -2.14331e+04 4010374 1 1.2818e+00
+2.75909e+04 -2.29297e+04 4010584 1 1.0657e+00
+2.55952e+04 -2.19849e+04 4010583 1 1.1013e+00
+2.88225e+04 -2.19885e+04 4010667 1 1.0100e+00
+4.83622e+03 -2.34056e+04 2010616 1 1.4689e+00
+1.42466e+04 -2.04362e+04 4010373 1 1.2746e+00
+3.12297e+01 -7.31340e+03 6010451 1 5.6105e-01
+2.02892e+03 -7.32413e+03 6010452 1 5.6693e-01
+4.01878e+03 -7.35280e+03 6010453 1 5.8333e-01
+5.99311e+03 -7.39985e+03 6010454 1 6.0820e-01
+7.94473e+03 -7.46421e+03 6010455 1 6.3871e-01
+9.86759e+03 -7.54439e+03 6010456 1 6.7248e-01
+1.17565e+04 -7.63898e+03 6010457 1 7.0838e-01
+1.36071e+04 -7.74632e+03 6010458 1 7.4462e-01
+1.54163e+04 -7.86456e+03 6010459 1 7.7976e-01
+1.71819e+04 -7.99187e+03 6010460 1 8.1308e-01
+1.89025e+04 -8.12641e+03 6010461 1 8.4347e-01
+2.05774e+04 -8.26643e+03 6010462 1 8.7067e-01
+2.22068e+04 -8.41030e+03 6010463 1 8.9364e-01
+2.37910e+04 -8.55650e+03 6010464 1 9.1171e-01
+2.53308e+04 -8.70370e+03 6010465 1 9.2072e-01
+2.68260e+04 -8.85076e+03 6010466 1 9.2525e-01
+2.82800e+04 -8.99698e+03 6010467 1 9.3829e-01
+2.96949e+04 -9.14150e+03 6010468 1 9.4889e-01
+3.10724e+04 -9.28350e+03 6010469 1 9.5698e-01
+3.24143e+04 -9.42231e+03 6010470 1 9.6286e-01
+3.37227e+04 -9.55738e+03 6010471 1 9.6665e-01
+3.49994e+04 -9.68824e+03 6010472 1 9.6846e-01
+3.62461e+04 -9.81453e+03 6010473 1 9.6844e-01
+3.74647e+04 -9.93597e+03 6010474 1 9.6670e-01
+3.86568e+04 -1.00523e+04 6010475 1 9.6008e-01
+3.98235e+04 -1.01636e+04 6010476 1 9.4859e-01
+4.09664e+04 -1.02697e+04 6010477 1 9.3640e-01
+4.20873e+04 -1.03704e+04 6010478 1 9.2372e-01
+4.31877e+04 -1.04659e+04 6010479 1 9.1048e-01
+4.42691e+04 -1.05561e+04 6010480 1 8.9678e-01
+4.53329e+04 -1.06410e+04 6010481 1 8.8273e-01
+4.63804e+04 -1.07206e+04 6010482 1 8.6833e-01
+1.94978e+04 -2.12380e+04 4010457 1 1.2263e+00
+2.72770e+04 -2.20404e+04 4010625 1 1.0556e+00
+1.22993e+04 -2.27688e+04 4010085 1 1.4282e+00
+3.31563e+04 -2.22651e+04 4010752 1 8.9790e-01
+2.97296e+01 -6.58379e+03 6010492 1 5.1097e-01
+1.93159e+03 -6.59213e+03 6010493 1 5.1757e-01
+3.82707e+03 -6.61426e+03 6010494 1 5.3610e-01
+5.70957e+03 -6.65079e+03 6010495 1 5.6443e-01
+7.57341e+03 -6.70076e+03 6010496 1 5.9967e-01
+9.41349e+03 -6.76319e+03 6010497 1 6.3931e-01
+1.12250e+04 -6.83703e+03 6010498 1 6.8099e-01
+1.30045e+04 -6.92088e+03 6010499 1 7.2277e-01
+1.47487e+04 -7.01341e+03 6010500 1 7.6332e-01
+1.64557e+04 -7.11319e+03 6010501 1 8.0126e-01
+1.81238e+04 -7.21881e+03 6010502 1 8.3574e-01
+1.97523e+04 -7.32892e+03 6010503 1 8.6542e-01
+2.13405e+04 -7.44221e+03 6010504 1 8.8814e-01
+2.28882e+04 -7.55758e+03 6010505 1 9.0729e-01
+2.43967e+04 -7.67424e+03 6010506 1 9.3053e-01
+2.58674e+04 -7.79128e+03 6010507 1 9.5087e-01
+2.73013e+04 -7.90787e+03 6010508 1 9.6833e-01
+2.87000e+04 -8.02326e+03 6010509 1 9.8288e-01
+3.00647e+04 -8.13677e+03 6010510 1 9.9466e-01
+3.13972e+04 -8.24785e+03 6010511 1 1.0039e+00
+3.26989e+04 -8.35605e+03 6010512 1 1.0106e+00
+3.39714e+04 -8.46097e+03 6010513 1 1.0151e+00
+3.52163e+04 -8.56229e+03 6010514 1 1.0174e+00
+3.64352e+04 -8.65978e+03 6010515 1 1.0177e+00
+3.76295e+04 -8.75324e+03 6010516 1 1.0158e+00
+3.88004e+04 -8.84259e+03 6010517 1 1.0049e+00
+3.99491e+04 -8.92781e+03 6010518 1 9.9323e-01
+4.10772e+04 -9.00881e+03 6010519 1 9.8078e-01
+4.21860e+04 -9.08557e+03 6010520 1 9.6765e-01
+4.32771e+04 -9.15807e+03 6010521 1 9.5396e-01
+4.43515e+04 -9.22633e+03 6010522 1 9.3975e-01
+4.54106e+04 -9.29040e+03 6010523 1 9.2510e-01
+4.64555e+04 -9.35033e+03 6010524 1 9.1003e-01
+2.43398e+04 -2.33828e+04 4010459 1 1.1849e+00
+4.34226e+03 -2.11041e+04 4010083 1 1.3455e+00
+6.59952e+01 -2.05366e+04 4010123 1 1.3105e+00
+1.97772e+04 -2.18892e+04 4010416 1 1.2516e+00
+2.34404e+04 -2.10539e+04 4010582 1 1.1266e+00
+2.52694e+04 -2.11554e+04 4010624 1 1.0827e+00
+2.49228e+04 -2.03308e+04 4010665 1 1.0656e+00
+4.41688e+03 -2.14468e+04 4010042 1 1.3643e+00
+3.60813e+04 -2.36312e+04 4010754 1 8.2862e-01
+2.00466e+04 -2.25426e+04 4010375 1 1.2734e+00
+3.84398e+04 -2.36633e+04 4010797 1 7.7364e-01
+4.63492e+03 -2.24459e+04 2010739 1 1.4188e+00
+2.81897e+01 -5.81772e+03 6010533 1 4.5658e-01
+1.83167e+03 -5.82395e+03 6010534 1 4.6442e-01
+3.63004e+03 -5.84038e+03 6010535 1 4.8633e-01
+5.41779e+03 -5.86759e+03 6010536 1 5.1929e-01
+7.19063e+03 -5.90473e+03 6010537 1 5.5989e-01
+8.94378e+03 -5.95130e+03 6010538 1 6.0495e-01
+1.06738e+04 -6.00634e+03 6010539 1 6.5174e-01
+1.23771e+04 -6.06901e+03 6010540 1 6.9820e-01
+1.40512e+04 -6.13823e+03 6010541 1 7.4239e-01
+1.56938e+04 -6.21301e+03 6010542 1 7.8265e-01
+1.73035e+04 -6.29234e+03 6010543 1 8.2111e-01
+1.88795e+04 -6.37544e+03 6010544 1 8.5946e-01
+2.04215e+04 -6.46142e+03 6010545 1 8.9482e-01
+2.19296e+04 -6.54942e+03 6010546 1 9.2685e-01
+2.34040e+04 -6.63860e+03 6010547 1 9.5551e-01
+2.48455e+04 -6.72823e+03 6010548 1 9.8086e-01
+2.62548e+04 -6.81766e+03 6010549 1 1.0029e+00
+2.76330e+04 -6.90628e+03 6010550 1 1.0217e+00
+2.89811e+04 -6.99358e+03 6010551 1 1.0374e+00
+3.03004e+04 -7.07911e+03 6010552 1 1.0501e+00
+3.15921e+04 -7.16251e+03 6010553 1 1.0600e+00
+3.28576e+04 -7.24346e+03 6010554 1 1.0673e+00
+3.40981e+04 -7.32170e+03 6010555 1 1.0721e+00
+3.53150e+04 -7.39703e+03 6010556 1 1.0745e+00
+3.65097e+04 -7.46928e+03 6010557 1 1.0748e+00
+3.76831e+04 -7.53835e+03 6010558 1 1.0683e+00
+3.88363e+04 -7.60424e+03 6010559 1 1.0569e+00
+3.99706e+04 -7.66691e+03 6010560 1 1.0446e+00
+4.10872e+04 -7.72631e+03 6010561 1 1.0316e+00
+4.21874e+04 -7.78242e+03 6010562 1 1.0178e+00
+4.32723e+04 -7.83527e+03 6010563 1 1.0033e+00
+4.43431e+04 -7.88486e+03 6010564 1 9.8833e-01
+4.54007e+04 -7.93126e+03 6010565 1 9.7283e-01
+4.64462e+04 -7.97451e+03 6010566 1 9.5686e-01
+2.20255e+04 -2.22871e+04 4010458 1 1.2109e+00
+8.98875e+03 -2.32690e+04 2010740 1 1.4731e+00
+3.43125e+04 -2.18300e+04 4010794 1 8.5474e-01
+2.65996e+01 -5.00669e+03 6010574 1 4.0258e-01
+1.72847e+03 -5.01104e+03 6010575 1 4.1131e-01
+3.42625e+03 -5.02254e+03 6010576 1 4.3569e-01
+5.11579e+03 -5.04148e+03 6010577 1 4.7233e-01
+6.79331e+03 -5.06751e+03 6010578 1 5.1762e-01
+8.45545e+03 -5.10016e+03 6010579 1 5.6804e-01
+1.00989e+04 -5.13898e+03 6010580 1 6.2107e-01
+1.17213e+04 -5.18332e+03 6010581 1 6.7466e-01
+1.33200e+04 -5.23257e+03 6010582 1 7.2737e-01
+1.48936e+04 -5.28604e+03 6010583 1 7.7825e-01
+1.64405e+04 -5.34304e+03 6010584 1 8.2640e-01
+1.79599e+04 -5.40291e+03 6010585 1 8.7147e-01
+1.94514e+04 -5.46498e+03 6010586 1 9.1316e-01
+2.09145e+04 -5.52862e+03 6010587 1 9.5110e-01
+2.23494e+04 -5.59323e+03 6010588 1 9.8535e-01
+2.37564e+04 -5.65829e+03 6010589 1 1.0159e+00
+2.51362e+04 -5.72331e+03 6010590 1 1.0428e+00
+2.64892e+04 -5.78785e+03 6010591 1 1.0660e+00
+2.78164e+04 -5.85151e+03 6010592 1 1.0858e+00
+2.91186e+04 -5.91397e+03 6010593 1 1.1022e+00
+3.03968e+04 -5.97494e+03 6010594 1 1.1154e+00
+3.16520e+04 -6.03417e+03 6010595 1 1.1257e+00
+3.28854e+04 -6.09148e+03 6010596 1 1.1331e+00
+3.40979e+04 -6.14669e+03 6010597 1 1.1378e+00
+3.52907e+04 -6.19968e+03 6010598 1 1.1400e+00
+3.64648e+04 -6.25036e+03 6010599 1 1.1398e+00
+3.76211e+04 -6.29869e+03 6010600 1 1.1286e+00
+3.87605e+04 -6.34468e+03 6010601 1 1.1164e+00
+3.98841e+04 -6.38829e+03 6010602 1 1.1032e+00
+4.09930e+04 -6.42950e+03 6010603 1 1.0892e+00
+4.20882e+04 -6.46832e+03 6010604 1 1.0745e+00
+4.31707e+04 -6.50476e+03 6010605 1 1.0590e+00
+4.42415e+04 -6.53884e+03 6010606 1 1.0430e+00
+4.53012e+04 -6.57061e+03 6010607 1 1.0264e+00
+4.63509e+04 -6.60011e+03 6010608 1 1.0093e+00
+2.17336e+04 -2.15721e+04 4010499 1 1.1893e+00
+2.37559e+04 -2.18260e+04 4010541 1 1.1466e+00
+6.71815e+01 -2.08704e+04 4010082 1 1.3284e+00
+3.02486e+04 -2.18280e+04 4010709 1 9.6464e-01
+3.27928e+04 -2.11868e+04 4010793 1 8.9897e-01
+2.49568e+01 -4.14385e+03 6010615 1 3.3239e-01
+1.62184e+03 -4.14671e+03 6010616 1 3.4398e-01
+3.21558e+03 -4.15434e+03 6010617 1 3.7559e-01
+4.80337e+03 -4.16671e+03 6010618 1 4.2179e-01
+6.38196e+03 -4.18387e+03 6010619 1 4.7713e-01
+7.94900e+03 -4.20539e+03 6010620 1 5.3745e-01
+9.50203e+03 -4.23097e+03 6010621 1 5.9973e-01
+1.10387e+04 -4.26029e+03 6010622 1 6.6199e-01
+1.25575e+04 -4.29288e+03 6010623 1 7.2289e-01
+1.40568e+04 -4.32834e+03 6010624 1 7.8134e-01
+1.55353e+04 -4.36623e+03 6010625 1 8.3674e-01
+1.69923e+04 -4.40611e+03 6010626 1 8.8866e-01
+1.84271e+04 -4.44753e+03 6010627 1 9.3676e-01
+1.98394e+04 -4.49008e+03 6010628 1 9.8082e-01
+2.12289e+04 -4.53338e+03 6010629 1 1.0208e+00
+2.25959e+04 -4.57706e+03 6010630 1 1.0568e+00
+2.39407e+04 -4.62079e+03 6010631 1 1.0887e+00
+2.52635e+04 -4.66427e+03 6010632 1 1.1165e+00
+2.65650e+04 -4.70723e+03 6010633 1 1.1406e+00
+2.78458e+04 -4.74944e+03 6010634 1 1.1609e+00
+2.91066e+04 -4.79069e+03 6010635 1 1.1777e+00
+3.03481e+04 -4.83081e+03 6010636 1 1.1911e+00
+3.15711e+04 -4.86967e+03 6010637 1 1.2013e+00
+3.27766e+04 -4.90714e+03 6010638 1 1.2085e+00
+3.39653e+04 -4.94313e+03 6010639 1 1.2128e+00
+3.51381e+04 -4.97757e+03 6010640 1 1.2144e+00
+3.62958e+04 -5.01040e+03 6010641 1 1.2103e+00
+3.74391e+04 -5.04165e+03 6010642 1 1.1979e+00
+3.85689e+04 -5.07130e+03 6010643 1 1.1844e+00
+3.96860e+04 -5.09933e+03 6010644 1 1.1701e+00
+4.07914e+04 -5.12574e+03 6010645 1 1.1548e+00
+4.18857e+04 -5.15053e+03 6010646 1 1.1387e+00
+4.29699e+04 -5.17372e+03 6010647 1 1.1220e+00
+4.40447e+04 -5.19534e+03 6010648 1 1.1046e+00
+4.51107e+04 -5.21541e+03 6010649 1 1.0866e+00
+4.61686e+04 -5.23398e+03 6010650 1 1.0680e+00
+8.59688e+03 -2.21383e+04 4010043 1 1.4083e+00
+2.59019e+04 -2.28192e+04 4010542 1 1.1147e+00
+3.46598e+04 -2.29561e+04 4010753 1 8.6483e-01
+1.24764e+04 -2.32137e+04 4010044 1 1.4530e+00
+2.32653e+01 -3.22431e+03 6010656 1 2.5584e-01
+1.51203e+03 -3.22595e+03 6010657 1 2.7212e-01
+2.99853e+03 -3.23040e+03 6010658 1 3.1461e-01
+4.48084e+03 -3.23761e+03 6010659 1 3.7349e-01
+5.95690e+03 -3.24752e+03 6010660 1 4.4097e-01
+7.42457e+03 -3.26004e+03 6010661 1 5.1219e-01
+8.88228e+03 -3.27495e+03 6010662 1 5.8429e-01
+1.03286e+04 -3.29203e+03 6010663 1 6.5550e-01
+1.17619e+04 -3.31108e+03 6010664 1 7.2454e-01
+1.31810e+04 -3.33184e+03 6010665 1 7.9065e-01
+1.45850e+04 -3.35407e+03 6010666 1 8.5328e-01
+1.59733e+04 -3.37752e+03 6010667 1 9.1206e-01
+1.73452e+04 -3.40193e+03 6010668 1 9.6664e-01
+1.87002e+04 -3.42706e+03 6010669 1 1.0169e+00
+2.00382e+04 -3.45268e+03 6010670 1 1.0628e+00
+2.13591e+04 -3.47859e+03 6010671 1 1.1042e+00
+2.26630e+04 -3.50457e+03 6010672 1 1.1413e+00
+2.39502e+04 -3.53046e+03 6010673 1 1.1741e+00
+2.52209e+04 -3.55608e+03 6010674 1 1.2026e+00
+2.64755e+04 -3.58130e+03 6010675 1 1.2271e+00
+2.77145e+04 -3.60598e+03 6010676 1 1.2476e+00
+2.89383e+04 -3.63002e+03 6010677 1 1.2644e+00
+3.01476e+04 -3.65332e+03 6010678 1 1.2776e+00
+3.13429e+04 -3.67582e+03 6010679 1 1.2874e+00
+3.25250e+04 -3.69745e+03 6010680 1 1.2940e+00
+3.36943e+04 -3.71816e+03 6010681 1 1.2975e+00
+3.48516e+04 -3.73792e+03 6010682 1 1.2982e+00
+3.59975e+04 -3.75670e+03 6010683 1 1.2924e+00
+3.71325e+04 -3.77453e+03 6010684 1 1.2783e+00
+3.82573e+04 -3.79140e+03 6010685 1 1.2633e+00
+3.93726e+04 -3.80729e+03 6010686 1 1.2473e+00
+4.04789e+04 -3.82222e+03 6010687 1 1.2304e+00
+4.15770e+04 -3.83619e+03 6010688 1 1.2127e+00
+4.26675e+04 -3.84921e+03 6010689 1 1.1943e+00
+4.37509e+04 -3.86130e+03 6010690 1 1.1751e+00
+4.48277e+04 -3.87248e+03 6010691 1 1.1553e+00
+4.58985e+04 -3.88278e+03 6010692 1 1.1348e+00
+4.49073e+03 -2.17846e+04 4010001 1 1.3828e+00
+8.73051e+03 -2.25186e+04 4010002 1 1.4300e+00
+2.23033e+04 -2.30056e+04 4010417 1 1.2327e+00
+2.91452e+04 -2.29295e+04 4010626 1 1.0164e+00
+9.11191e+03 -2.36393e+04 2010699 1 1.4938e+00
+6.83605e+01 -2.11983e+04 4010041 1 1.3460e+00
+2.40560e+04 -2.26022e+04 4010500 1 1.1628e+00
+2.15182e+01 -2.23583e+03 6010697 1 1.7185e-01
+1.39857e+03 -2.23657e+03 6010698 1 1.9724e-01
+2.77421e+03 -2.23863e+03 6010699 1 2.5715e-01
+4.14715e+03 -2.24198e+03 6010700 1 3.3239e-01
+5.51620e+03 -2.24658e+03 6010701 1 4.1337e-01
+6.88016e+03 -2.25235e+03 6010702 1 4.9585e-01
+8.23780e+03 -2.25926e+03 6010703 1 5.7760e-01
+9.58806e+03 -2.26719e+03 6010704 1 6.5733e-01
+1.09300e+04 -2.27606e+03 6010705 1 7.3422e-01
+1.22630e+04 -2.28574e+03 6010706 1 8.0770e-01
+1.35863e+04 -2.29613e+03 6010707 1 8.7733e-01
+1.48993e+04 -2.30711e+03 6010708 1 9.4280e-01
+1.62015e+04 -2.31857e+03 6010709 1 1.0038e+00
+1.74926e+04 -2.33040e+03 6010710 1 1.0603e+00
+1.87723e+04 -2.34249e+03 6010711 1 1.1121e+00
+2.00406e+04 -2.35474e+03 6010712 1 1.1592e+00
+2.12975e+04 -2.36706e+03 6010713 1 1.2016e+00
+2.25430e+04 -2.37936e+03 6010714 1 1.2394e+00
+2.37772e+04 -2.39155e+03 6010715 1 1.2727e+00
+2.50003e+04 -2.40357e+03 6010716 1 1.3015e+00
+2.62126e+04 -2.41537e+03 6010717 1 1.3261e+00
+2.74144e+04 -2.42687e+03 6010718 1 1.3465e+00
+2.86061e+04 -2.43804e+03 6010719 1 1.3630e+00
+2.97879e+04 -2.44884e+03 6010720 1 1.3757e+00
+3.09603e+04 -2.45923e+03 6010721 1 1.3847e+00
+3.21237e+04 -2.46919e+03 6010722 1 1.3903e+00
+3.32786e+04 -2.47870e+03 6010723 1 1.3927e+00
+3.44253e+04 -2.48775e+03 6010724 1 1.3920e+00
+3.55644e+04 -2.49633e+03 6010725 1 1.3885e+00
+3.66962e+04 -2.50443e+03 6010726 1 1.3770e+00
+3.78212e+04 -2.51207e+03 6010727 1 1.3597e+00
+3.89397e+04 -2.51925e+03 6010728 1 1.3415e+00
+4.00523e+04 -2.52597e+03 6010729 1 1.3224e+00
+4.11593e+04 -2.53224e+03 6010730 1 1.3024e+00
+4.22613e+04 -2.53806e+03 6010731 1 1.2816e+00
+4.33585e+04 -2.54345e+03 6010732 1 1.2599e+00
+4.44513e+04 -2.54841e+03 6010733 1 1.2374e+00
+4.55402e+04 -2.55295e+03 6010734 1 1.2141e+00
+4.66254e+04 -2.55710e+03 6010735 1 1.1901e+00
+1.26486e+04 -2.36568e+04 4010003 1 1.4772e+00
+3.19178e+04 -2.25951e+04 4010710 1 9.3720e-01
+3.34852e+04 -2.33510e+04 4010711 1 8.9602e-01
+2.69411e+04 -2.11566e+04 4010666 1 1.0404e+00
+3.05832e+04 -2.28175e+04 4010668 1 9.6754e-01
+1.97076e+01 -1.16206e+03 6010738 1 7.9331e-02
+1.28096e+03 -1.16225e+03 6010739 1 1.2834e-01
+2.54156e+03 -1.16280e+03 6010740 1 2.1470e-01
+3.80089e+03 -1.16370e+03 6010741 1 3.0741e-01
+5.05837e+03 -1.16493e+03 6010742 1 4.0075e-01
+6.31343e+03 -1.16648e+03 6010743 1 4.9288e-01
+7.56554e+03 -1.16833e+03 6010744 1 5.8287e-01
+8.81420e+03 -1.17046e+03 6010745 1 6.7007e-01
+1.00590e+04 -1.17284e+03 6010746 1 7.5396e-01
+1.12994e+04 -1.17545e+03 6010747 1 8.3415e-01
+1.25352e+04 -1.17826e+03 6010748 1 9.1030e-01
+1.37660e+04 -1.18123e+03 6010749 1 9.8212e-01
+1.49915e+04 -1.18435e+03 6010750 1 1.0494e+00
+1.62115e+04 -1.18758e+03 6010751 1 1.1119e+00
+1.74260e+04 -1.19088e+03 6010752 1 1.1697e+00
+1.86348e+04 -1.19424e+03 6010753 1 1.2225e+00
+1.98378e+04 -1.19763e+03 6010754 1 1.2705e+00
+2.10350e+04 -1.20102e+03 6010755 1 1.3135e+00
+2.22265e+04 -1.20439e+03 6010756 1 1.3518e+00
+2.34123e+04 -1.20772e+03 6010757 1 1.3853e+00
+2.45926e+04 -1.21100e+03 6010758 1 1.4142e+00
+2.57674e+04 -1.21420e+03 6010759 1 1.4385e+00
+2.69369e+04 -1.21732e+03 6010760 1 1.4585e+00
+2.81013e+04 -1.22034e+03 6010761 1 1.4743e+00
+2.92607e+04 -1.22325e+03 6010762 1 1.4861e+00
+3.04154e+04 -1.22604e+03 6010763 1 1.4941e+00
+3.15655e+04 -1.22872e+03 6010764 1 1.4983e+00
+3.27113e+04 -1.23126e+03 6010765 1 1.4992e+00
+3.38530e+04 -1.23368e+03 6010766 1 1.4967e+00
+3.49908e+04 -1.23597e+03 6010767 1 1.4912e+00
+3.61250e+04 -1.23812e+03 6010768 1 1.4828e+00
+3.72558e+04 -1.24014e+03 6010769 1 1.4718e+00
+3.83833e+04 -1.24203e+03 6010770 1 1.4582e+00
+3.95079e+04 -1.24379e+03 6010771 1 1.4423e+00
+4.06297e+04 -1.24543e+03 6010772 1 1.4243e+00
+4.17490e+04 -1.24694e+03 6010773 1 1.4043e+00
+4.28659e+04 -1.24832e+03 6010774 1 1.3825e+00
+4.39807e+04 -1.24960e+03 6010775 1 1.3590e+00
+4.50935e+04 -1.25076e+03 6010776 1 1.3320e+00
+4.62045e+04 -1.25181e+03 6010777 1 1.3031e+00
+3.22314e+04 -2.36380e+04 4010669 1 9.4224e-01
+6.95289e+01 -2.15206e+04 4010000 1 1.3630e+00
