Vec Object: Vec_0x84000004_7 8 MPI processes
  type: mpi
Process [0]
0.0570896
0.101243
0.182088
0.267166
0.35255
0.437309
0.520967
0.603179
0.683651
0.762114
0.838314
0.912011
0.982985
1.05102
1.11591
1.17748
1.23555
1.28997
1.3406
1.38734
1.43007
1.46874
1.50328
1.53368
1.55991
1.58201
1.6
1.61394
1.62393
1.63005
1.63243
1.6312
1.62652
1.61854
1.60744
1.59339
1.57657
1.55718
1.53542
1.51146
1.48549
1.4577
1.42825
1.39733
1.36507
1.33164
1.29718
1.26182
1.22568
1.18888
1.15151
1.11367
1.07545
1.03692
0.998145
0.959188
0.920105
0.880939
0.84173
0.802514
0.763319
0.724171
0.685089
0.646092
0.607192
0.568401
0.529727
0.491178
0.452758
0.414471
0.376321
0.338311
0.300442
0.26272
0.225149
0.187741
0.150524
0.113573
0.0771481
0.0427346
0.0238896
0.101649
0.13339
0.200091
0.276701
0.356305
0.436543
0.516317
0.594979
0.672072
0.747232
0.820155
0.890558
0.958125
1.02261
1.08387
1.14172
1.19603
1.24665
1.29349
1.33646
1.3755
1.41062
1.44191
1.46946
1.49238
1.51099
1.5257
1.53658
1.54374
1.5473
1.54739
1.54415
1.53775
1.52839
1.51621
1.50141
1.48433
1.46501
1.44357
1.42017
1.39498
1.36817
1.33994
1.3104
1.27972
1.24802
1.21543
1.18206
1.14802
1.11341
1.07833
1.04284
1.00703
0.970966
0.934697
0.898278
0.861757
0.825174
0.788564
0.751957
0.71538
0.678855
0.642401
0.606034
0.569769
0.533615
0.497584
0.461685
0.425927
0.390319
0.354872
0.319601
0.284527
0.249681
0.215113
0.180915
0.147259
0.114516
0.0836012
0.0572423
0.0449099
0.176478
0.194001
0.238634
0.297748
0.363655
0.432521
0.502327
0.571881
0.640409
0.707358
0.772237
0.834692
0.894486
0.951395
1.00516
1.0555
1.10241
1.14585
1.1855
1.22136
1.25364
1.28205
1.3065
1.32761
1.34502
1.35819
1.36798
1.3759
1.38038
1.38021
1.37716
1.37176
1.36374
1.35318
1.34037
1.32558
1.30882
1.29019
1.26987
1.24805
1.22493
1.20058
1.17511
1.14864
1.1213
1.09315
1.06436
1.03498
1.0051
0.974795
0.944142
0.913194
0.882008
0.850636
0.819123
0.787509
0.75583
0.724117
0.6924
0.660704
0.629051
0.59746
0.56595
0.534538
0.503238
0.472066
0.44104
0.410174
0.379493
0.349017
0.318786
0.28884
0.259249
0.230112
0.201578
0.173896
0.147478
0.123065
0.102019
0.0868255
0.0810698
0.243072
0.254245
0.284866
0.328955
0.381184
0.437915
0.496803
0.556342
0.6155
0.673497
0.729793
0.783974
0.83562
0.884524
0.930388
0.973121
1.01251
1.04847
1.08099
1.10997
1.13544
1.15745
1.176
1.19117
1.20315
1.21178
1.21791
1.21996
1.22036
1.2186
1.21324
1.20561
1.19596
1.18449
1.17121
1.15636
1.13997
1.12224
1.10328
1.08316
1.06207
1.04012
1.01734
0.993853
0.969776
0.945189
0.920124
0.894662
0.868864
0.842788
0.816478
0.78998
0.763336
0.736578
0.709745
0.682863
0.655963
0.629067
0.602197
0.57538
0.548629
0.521967
0.49541
0.468982
0.442699
0.416582
0.390661
0.364961
0.33952
0.314385
0.289617
0.265298
0.24154
0.218502
0.196407
0.175581
0.156493
0.139824
0.12652
0.117767
0.114686
0.300907
0.308559
0.330229
0.362897
0.403243
0.448484
0.496536
0.545862
0.595319
0.644082
0.69149
0.737033
0.780337
0.821065
0.859004
0.893949
0.925782
0.954419
0.979809
1.00195
1.02087
1.03663
1.04929
1.05897
1.06578
1.06991
1.07133
1.0705
1.06686
1.06212
1.05474
1.04528
1.03436
1.02207
1.00849
0.993735
0.977906
0.96114
0.943535
0.925179
0.906192
0.886638
0.866595
0.846141
0.825311
0.804188
0.782814
0.761225
0.739456
0.717541
0.69551
0.673398
0.651235
0.62904
0.606839
0.584649
0.562494
0.540387
0.518347
0.4964
0.474556
0.452834
0.431258
0.409846
0.388625
0.367622
0.346875
0.326421
0.306314
0.286607
0.267385
0.248743
0.230811
0.213755
0.197791
0.183193
0.170301
0.15953
0.15134
0.146191
0.144429
0.350755
0.356156
0.371707
0.39575
0.426259
0.461271
0.499143
0.538531
0.578386
0.617864
0.656296
0.693154
0.728011
0.760536
0.790485
0.817677
0.84198
0.863332
0.881699
0.897109
0.909604
0.919271
0.926216
0.930569
0.932471
0.932103
0.929502
0.925159
0.918475
0.910987
0.901405
0.890413
0.878441
0.865539
0.851796
0.837307
0.822175
0.806507
0.790387
0.773893
0.757098
0.740049
0.722804
0.705409
0.687886
0.670271
0.652604
0.634893
0.617144
0.599385
0.581647
0.563926
0.546236
0.528597
0.511011
0.493498
0.476068
0.458734
0.441513
0.424421
0.407473
0.390684
0.374078
0.35768
0.341517
0.325611
0.310007
0.294745
0.279874
0.265457
0.251564
0.238283
0.225717
0.213996
0.203266
0.193698
0.185481
0.178811
0.173877
0.170843
0.169819
0.392822
0.396702
0.407967
0.425624
0.448345
0.47477
0.503619
0.533804
0.564412
0.594701
0.624081
0.652096
0.678383
0.702634
0.724598
0.744069
0.760894
0.775027
0.786452
0.795213
0.801388
0.805086
0.806437
0.805599
0.802738
0.798043
0.791634
0.783811
0.77439
0.764375
0.752788
0.740496
0.727686
0.714382
0.70068
0.68667
0.67245
0.6581
0.643681
0.629246
0.614834
0.600478
0.586201
0.572018
0.557944
0.543971
0.530121
0.51638
0.502749
0.489231
0.475832
0.462545
0.449365
0.436298
0.423346
0.410516
0.397811
0.385238
0.372813
0.360541
0.348433
0.336508
0.324778
0.313266
0.301996
0.290991
0.280285
0.269908
0.259897
0.2503
0.241165
0.232543
0.224504
0.217118
0.210463
0.204625
0.199693
0.195752
0.192877
0.191127
0.190539
0.428723
0.431422
0.439314
0.451815
0.468082
0.487175
0.508161
0.530168
0.552429
0.574279
0.595164
0.614636
0.632356
0.648082
0.661701
0.673176
0.682434
0.689375
0.693903
0.696068
0.695973
0.693758
0.689581
0.683633
0.676108
0.667195
0.657081
0.645973
0.63397
0.62159
0.608344
0.595015
0.58162
0.568217
0.554897
0.541738
0.528817
0.516185
0.503871
0.491899
0.480273
0.468986
0.45803
0.447394
0.437062
0.42701
0.417235
0.407695
0.398377
0.38927
0.380339
0.371587
0.36299
0.354539
0.346226
0.338051
0.330013
0.322102
0.314324
0.306686
0.299196
0.291852
0.28467
0.277658
0.270837
0.264223
0.257832
0.251682
0.245797
0.240201
0.23492
0.229981
0.225412
0.221242
0.217505
0.214237
0.21148
0.209275
0.207664
0.206682
0.206352
0.459032
0.460795
0.465962
0.47416
0.484867
0.497456
0.511282
0.52572
0.54018
0.554121
0.567066
0.578619
0.588459
0.596341
0.602097
0.605647
0.607039
0.606434
0.603948
0.599502
0.593127
0.58498
0.575267
0.564206
0.55203
0.538959
0.525211
0.510992
0.496582
0.482121
0.467642
0.453681
0.440218
0.427332
0.4151
0.403575
0.392791
0.382737
0.373381
0.364696
0.35666
0.349241
0.342393
0.336063
0.330181
0.324688
0.31953
0.314653
0.309999
0.305534
0.301222
0.297036
0.292954
0.288961
0.285037
0.281178
0.277378
0.273629
0.26993
0.266286
0.2627
0.259175
0.255717
0.25233
0.249023
0.24581
0.242704
0.239717
0.23686
0.234144
0.23158
0.229184
0.226962
0.224921
0.223068
0.221409
0.219961
0.218755
0.21784
0.217266
0.21707
0.483432
0.484492
0.48759
0.492463
0.498727
0.505917
0.513536
0.521107
0.52821
0.534511
0.539724
0.543583
0.54581
0.546148
0.544432
0.540596
0.534641
0.526634
0.516812
0.505495
0.492724
0.478533
0.463161
0.446876
0.42997
0.412721
0.395411
0.378287
0.361784
0.345882
0.331009
0.31751
0.305409
0.294777
0.285628
0.277919
0.271565
0.266483
0.26257
0.259656
0.257563
0.256102
0.255113
0.25446
0.254035
0.253742
0.253508
0.253287
0.253028
0.252699
0.252285
0.251772
0.251158
0.250442
0.249624
0.248708
0.247706
0.246628
0.245478
0.244269
0.243011
0.241724
0.240413
0.23908
0.237737
0.236394
0.235072
0.233782
0.232534
0.231335
0.230193
0.229118
0.228109
0.227172
0.226299
0.225461
0.224634
0.223838
0.223162
0.222708
0.222548
0.503045
0.503496
0.504807
0.506812
0.509274
0.511883
0.514285
0.516102
0.516964
0.516523
0.514504
0.510749
0.505254
0.498047
0.489008
0.477961
0.464861
0.449788
0.432902
0.414481
0.394971
0.374499
0.353224
0.331464
0.309599
0.288056
0.267322
0.247989
0.230947
0.216621
0.205613
0.197963
0.193371
0.191485
0.191958
0.194374
0.198227
0.203008
0.208271
0.213682
0.21899
0.224023
0.228668
0.232847
0.236525
0.239686
0.242347
0.244528
0.24625
0.247531
0.248399
Process [1]
0.248899
0.249077
0.248971
0.248608
0.248021
0.247249
0.246328
0.245276
0.244109
0.242871
0.24159
0.240282
0.238952
0.237606
0.23626
0.234939
0.233659
0.232437
0.231283
0.230199
0.229198
0.228269
0.227415
0.226684
0.226025
0.225264
0.224385
0.223572
0.223019
0.222827
0.51785
0.517811
0.517664
0.51728
0.516474
0.51503
0.512722
0.50932
0.504606
0.498336
0.490264
0.480177
0.46791
0.453428
0.436933
0.41869
0.398632
0.376686
0.352962
0.32768
0.30123
0.274199
0.246882
0.219606
0.192867
0.167472
0.145573
0.13042
0.124217
0.126343
0.134171
0.145483
0.158924
0.173632
0.188705
0.203407
0.217298
0.230115
0.241716
0.252011
0.260971
0.26859
0.274904
0.279992
0.283943
0.286843
0.288795
0.289899
0.290255
0.289933
0.288976
0.287468
0.285522
0.283211
0.280599
0.277702
0.27462
0.271404
0.268076
0.264664
0.261228
0.257819
0.254467
0.251178
0.247957
0.244825
0.241813
0.238938
0.236222
0.233694
0.231352
0.229217
0.227288
0.225507
0.223992
0.222869
0.221713
0.220409
0.219283
0.218559
0.218312
0.527923
0.527492
0.526176
0.523888
0.520487
0.515796
0.509603
0.501702
0.491929
0.480197
0.466483
0.450709
0.432712
0.412386
0.38969
0.364749
0.338011
0.309751
0.279995
0.248918
0.216882
0.184787
0.154202
0.126984
0.106483
0.0972934
0.100226
0.11293
0.132377
0.155665
0.180364
0.205009
0.229172
0.252191
0.273417
0.292527
0.309364
0.323916
0.336209
0.346305
0.354317
0.360344
0.364489
0.366943
0.36789
0.367477
0.36585
0.363191
0.359689
0.355462
0.350584
0.345149
0.339271
0.333115
0.326753
0.32018
0.313491
0.306792
0.30009
0.2934
0.286796
0.280308
0.273991
0.267869
0.26194
0.256232
0.250766
0.245558
0.240635
0.23604
0.231766
0.22788
0.224334
0.221197
0.218307
0.216031
0.214223
0.212602
0.211335
0.210545
0.210278
0.533723
0.532955
0.530636
0.5267
0.521055
0.513594
0.5042
0.492739
0.479066
0.463031
0.444531
0.423618
0.40048
0.37521
0.347801
0.318313
0.286957
0.254322
0.221297
0.188791
0.158055
0.130948
0.110232
0.0999378
0.105419
0.126876
0.156711
0.189806
0.223873
0.257416
0.289676
0.319821
0.347542
0.372232
0.393488
0.411038
0.424918
0.435426
0.442823
0.447365
0.449387
0.449177
0.446993
0.443167
0.438039
0.431817
0.424702
0.416859
0.408505
0.399791
0.390769
0.381496
0.372035
0.362527
0.35307
0.343616
0.334203
0.324941
0.315844
0.306897
0.298134
0.289585
0.281295
0.27331
0.265626
0.258247
0.25119
0.244466
0.238097
0.232138
0.226581
0.22151
0.216872
0.212808
0.209035
0.205832
0.203556
0.201911
0.20071
0.19996
0.199706
0.535023
0.534001
0.530923
0.525726
0.518326
0.508629
0.496555
0.482058
0.465129
0.445755
0.423915
0.399605
0.372893
0.344071
0.313651
0.282144
0.250208
0.218753
0.189253
0.164079
0.145973
0.137483
0.140916
0.158789
0.190425
0.229491
0.270666
0.311421
0.350385
0.386476
0.418964
0.446871
0.469246
0.486156
0.497956
0.505073
0.508119
0.507903
0.505091
0.500124
0.493509
0.485678
0.476902
0.467405
0.457431
0.447128
0.43659
0.425892
0.415137
0.404414
0.393729
0.38307
0.372447
0.361919
0.351544
0.341305
0.331191
0.321264
0.311538
0.302006
0.292675
0.283576
0.274745
0.266222
0.258015
0.250121
0.242551
0.235319
0.228458
0.222008
0.215998
0.210463
0.205425
0.200921
0.196883
0.193476
0.190933
0.189132
0.187876
0.187111
0.186849
0.532072
0.530843
0.527152
0.52095
0.512187
0.500822
0.486818
0.470145
0.45082
0.428926
0.40466
0.378272
0.350092
0.320552
0.290324
0.260496
0.232724
0.209017
0.191503
0.182435
0.184422
0.199158
0.226558
0.264804
0.309367
0.355278
0.399498
0.439388
0.473254
0.500255
0.520117
0.532827
0.53897
0.540092
0.5375
0.532135
0.524725
0.515945
0.506394
0.496419
0.486215
0.475907
0.465521
0.45506
0.444558
0.434039
0.423517
0.413
0.402515
0.39209
0.381724
0.3714
0.361116
0.350894
0.340768
0.33074
0.320826
0.311039
0.301396
0.29191
0.282594
0.273474
0.264584
0.255946
0.247579
0.239499
0.231716
0.224256
0.217155
0.210448
0.204168
0.198357
0.193044
0.188261
0.184055
0.180514
0.177694
0.175572
0.174086
0.173194
0.172893
0.524728
0.523352
0.519225
0.512296
0.502529
0.489927
0.474533
0.456423
0.435742
0.41267
0.387501
0.360674
0.33289
0.305165
0.278844
0.255498
0.237001
0.225962
0.224898
0.235434
0.258168
0.292652
0.335752
0.382376
0.428191
0.469613
0.503268
0.527356
0.542144
0.548921
0.549233
0.54474
0.53726
0.528381
0.519042
0.509579
0.500028
0.490444
0.480927
0.471509
0.462178
0.452896
0.443617
0.434301
0.424928
0.415491
0.405995
0.396442
0.386844
0.377217
0.367563
0.35789
0.348201
0.338515
0.328844
0.319207
0.309619
0.3001
0.290668
0.281339
0.272137
0.263083
0.254202
0.245521
0.237061
0.228845
0.220898
0.213253
0.205939
0.198993
0.192457
0.186371
0.180777
0.175725
0.171274
0.167469
0.164343
0.161905
0.160159
0.159106
0.158754
0.512991
0.511522
0.507118
0.49973
0.489347
0.476021
0.459857
0.441037
0.419837
0.396645
0.372046
0.346837
0.322043
0.298961
0.2795
0.266028
0.26072
0.265388
0.281912
0.310674
0.349497
0.394416
0.440264
0.481154
0.512454
0.532646
0.542397
0.543676
0.539033
0.530911
0.521184
0.511121
0.501337
0.491987
0.483186
0.474845
0.466813
0.458967
0.451212
0.443494
0.435773
0.428009
0.420165
0.412205
0.404111
0.395873
0.387493
0.378975
0.370328
0.361568
0.352705
0.343749
0.334709
0.325608
0.316453
0.307267
0.29807
0.288881
0.27972
0.270608
0.261568
0.252621
0.243796
0.235117
0.226609
0.218304
0.210232
0.202422
0.194908
0.187732
0.180938
0.174572
0.168682
0.163327
0.158565
0.154438
0.150991
0.148258
0.146272
0.145067
0.14466
0.496673
0.495164
0.490643
0.483053
0.472407
0.458829
0.442523
0.423822
0.403169
0.381176
0.358635
0.336726
0.317063
0.301519
0.291961
0.290712
0.300185
0.321351
0.353389
0.39384
0.437183
0.475988
0.505023
0.522358
0.528208
0.524879
0.516351
0.506019
0.495435
0.485208
0.475702
0.467077
0.459297
0.452109
0.445373
0.438997
0.432844
0.42682
0.420822
0.414782
0.40865
0.402387
0.395964
0.38935
0.38253
0.375494
0.368242
0.360779
0.353114
0.345259
0.337227
0.329031
0.320686
0.312215
0.303628
0.294947
0.286193
0.277389
0.268553
0.259709
0.25088
0.242092
0.233371
0.224744
0.216242
0.207894
0.199729
0.191782
0.184091
0.176698
0.16965
0.162998
0.156802
0.151121
0.146016
0.141546
0.137772
0.134751
0.132539
0.131187
0.13073
0.475672
0.474183
0.469702
0.46216
0.451611
0.438264
0.422447
0.404647
0.385514
0.365982
0.347253
0.330747
0.318264
0.31218
0.314805
0.327597
0.351317
0.384967
0.423483
0.459102
0.485842
0.500704
0.503466
0.497122
0.486214
0.474124
0.462446
0.451954
0.442956
0.435172
0.42833
0.422251
0.416857
0.411945
0.40733
0.402919
0.398628
0.394371
0.390067
0.385645
0.381053
0.376257
0.371225
0.365937
0.360374
0.354529
0.348403
0.342
0.335326
0.328396
0.321222
0.313819
0.306205
0.298402
0.290422
0.282289
0.274024
0.265649
0.257188
0.248661
0.240095
0.231517
0.222953
0.214432
0.205981
0.19763
0.189412
0.181363
0.173523
0.165934
0.158646
0.151718
0.145217
0.139199
0.133733
0.1289
0.12478
0.121457
0.119009
0.117508
0.117001
0.449707
0.448303
0.44405
0.43684
0.426776
0.414163
0.399524
0.383539
0.367114
0.351382
0.337935
0.328739
0.325839
0.331132
0.3464
0.371693
0.403257
0.434404
0.458686
0.471621
0.472144
0.46357
0.450819
0.43723
0.424713
0.414073
0.405082
0.397459
0.391155
0.386005
0.381705
0.378006
0.374822
0.372027
0.369446
0.366931
0.364436
0.361877
0.3592
0.356332
0.353227
0.349847
0.346167
0.342169
0.337835
0.333161
0.328145
0.322794
0.317113
0.311114
0.304811
0.298221
0.291359
0.284251
0.276909
0.269359
0.261621
0.253718
0.245674
0.237513
0.22926
0.220941
0.212581
0.204211
0.195858
0.187552
0.179326
0.171215
0.163259
0.155504
0.148006
0.140821
0.134008
0.127643
0.121809
0.116603
0.112119
0.108471
0.105765
0.104097
0.103532
Process [2]
0.418481
0.417215
0.413386
0.406819
0.397668
0.386381
0.373678
0.360484
0.348037
0.337851
0.331628
0.331466
0.339435
0.35631
0.379942
0.405283
0.426063
0.436889
0.436112
0.426355
0.412118
0.397103
0.383482
0.371963
0.362569
0.355151
0.349328
0.344662
0.341001
0.338299
0.336316
0.334824
0.333656
0.332813
0.332097
0.331383
0.330574
0.329626
0.328484
0.327096
0.325408
0.323385
0.321006
0.318252
0.31511
0.311573
0.307643
0.303324
0.298624
0.293551
0.288123
0.282353
0.276259
0.269865
0.263187
0.256247
0.249069
0.241675
0.234088
0.226332
0.218434
0.210417
0.202309
0.194138
0.185931
0.177719
0.169532
0.161405
0.153377
0.145502
0.137825
0.130397
0.123291
0.11659
0.110378
0.104767
0.0998809
0.0958632
0.0928572
0.0909862
0.0903507
0.381703
0.380686
0.377515
0.371936
0.364157
0.354904
0.345119
0.335996
0.329055
0.326116
0.329008
0.338784
0.354743
0.373485
0.389564
0.397822
0.395971
0.385509
0.370315
0.354261
0.339669
0.327317
0.317297
0.309485
0.303524
0.299107
0.296061
0.294058
0.292856
0.292393
0.29253
0.293054
0.29376
0.294663
0.29565
0.296581
0.297348
0.297898
0.298187
0.298184
0.297831
0.297095
0.295952
0.294386
0.292388
0.289948
0.28707
0.283757
0.280017
0.27586
0.271299
0.26635
0.26103
0.255362
0.249363
0.243056
0.236462
0.229605
0.222508
0.215195
0.207691
0.200021
0.192209
0.184286
0.176276
0.168208
0.160113
0.152025
0.143982
0.136033
0.128214
0.120586
0.113221
0.106192
0.0995994
0.0935671
0.0882386
0.08378
0.0803798
0.0782327
0.0774924
0.338837
0.338191
0.336041
0.331942
0.326193
0.319957
0.31444
0.311092
0.311465
0.31668
0.32651
0.338723
0.349402
0.354484
0.351431
0.340679
0.325265
0.308793
0.293619
0.280646
0.27012
0.261924
0.255668
0.251155
0.248223
0.246541
0.245934
0.246241
0.247209
0.24872
0.250726
0.253036
0.255459
0.25791
0.26042
0.262822
0.265032
0.266955
0.268565
0.269835
0.270725
0.271191
0.271211
0.27077
0.269858
0.268468
0.266599
0.264257
0.261452
0.258188
0.254482
0.250346
0.245799
0.240861
0.235552
0.229892
0.223902
0.217608
0.211029
0.204193
0.19712
0.189838
0.182369
0.174741
0.166982
0.159117
0.151176
0.143187
0.135188
0.127225
0.11933
0.111563
0.103991
0.0966833
0.0897445
0.0832976
0.0774928
0.0725212
0.0686169
0.0660545
0.0651379
0.289669
0.289499
0.288787
0.286912
0.284258
0.282511
0.282711
0.285638
0.291278
0.298346
0.304281
0.306133
0.301802
0.291269
0.276717
0.261086
0.246307
0.233362
0.2227
0.214257
0.207728
0.202999
0.199868
0.198097
0.197605
0.198178
0.199601
0.20179
0.204559
0.207746
0.211308
0.215133
0.219048
0.222882
0.226695
0.230395
0.233874
0.237044
0.239853
0.242279
0.244302
0.245877
0.246979
0.247589
0.2477
0.247304
0.246398
0.244989
0.243082
0.240688
0.237816
0.234482
0.230701
0.226493
0.22188
0.216878
0.211509
0.205798
0.199766
0.193436
0.186832
0.179979
0.172899
0.165619
0.158164
0.150562
0.142836
0.135017
0.127138
0.11924
0.111356
0.10354
0.0958528
0.088362
0.0811687
0.0743907
0.0681825
0.062749
0.0583496
0.0553271
0.0541851
0.234969
0.235384
0.236429
0.237422
0.238578
0.241182
0.244863
0.248963
0.252
0.25222
0.248124
0.239401
0.227272
0.213846
0.20116
0.190264
0.180887
0.172807
0.166002
0.160578
0.156499
0.153746
0.152349
0.152174
0.153136
0.155129
0.157931
0.161424
0.165495
0.16996
0.174725
0.179739
0.184846
0.189874
0.194771
0.19957
0.204134
0.208394
0.212269
0.215734
0.218774
0.221357
0.223449
0.225035
0.226098
0.226635
0.226641
0.226118
0.225074
0.223518
0.221458
0.218909
0.215885
0.212404
0.208486
0.204151
0.199417
0.194309
0.188847
0.183055
0.176955
0.17057
0.163925
0.157045
0.149953
0.142675
0.135237
0.127667
0.119993
0.112255
0.104486
0.0967315
0.0890502
0.0815061
0.0741924
0.0672279
0.0607698
0.0550343
0.0503086
0.0469951
0.0457096
0.179189
0.180065
0.182426
0.185379
0.188641
0.192358
0.195024
0.195935
0.194381
0.190353
0.184305
0.176919
0.169061
0.161549
0.154803
0.148557
0.142551
0.136814
0.13136
0.126345
0.122073
0.118852
0.116976
0.116487
0.117281
0.119299
0.122348
0.126242
0.130864
0.136011
0.141521
0.147309
0.153251
0.159186
0.164953
0.170613
0.176072
0.181237
0.186033
0.190412
0.194346
0.197828
0.200816
0.20329
0.205233
0.206639
0.207502
0.207819
0.207598
0.206847
0.205574
0.20379
0.201511
0.19875
0.195528
0.191864
0.187775
0.183285
0.178414
0.173184
0.167619
0.16174
0.155573
0.149139
0.142465
0.135573
0.128489
0.121241
0.113855
0.106365
0.0988089
0.0912245
0.0836664
0.0761977
0.0689019
0.0618917
0.0553169
0.0493907
0.0444219
0.0408623
0.0394451
0.137904
0.138707
0.140758
0.143253
0.145843
0.148389
0.149997
0.150507
0.149937
0.148458
0.146285
0.14369
0.140833
0.137726
0.134247
0.13027
0.125689
0.120552
0.115125
0.109834
0.105011
0.100684
0.0969631
0.0942699
0.0929997
0.0933002
0.0950435
0.097997
0.102017
0.106925
0.112474
0.118472
0.124783
0.131222
0.137595
0.143841
0.149963
0.155832
0.161379
0.166526
0.171237
0.175498
0.179281
0.182557
0.185305
0.187514
0.189178
0.190289
0.190851
0.190871
0.190357
0.189318
0.187767
0.185716
0.183184
0.18019
0.176751
0.172887
0.16862
0.163972
0.158964
0.153619
0.147961
0.142012
0.135795
0.129337
0.122661
0.115793
0.108761
0.101595
0.0943285
0.0870003
0.0796572
0.0723579
0.065177
0.0582177
0.0516259
0.0456092
0.0404679
0.0366835
0.0351358
0.114998
0.115562
0.117042
0.119054
0.121422
0.124032
0.126539
0.128734
0.130528
0.131874
0.132715
0.132974
0.13253
0.131188
0.128818
0.125463
0.121411
0.11704
0.11239
0.107154
0.101362
0.0955977
0.090395
0.085822
0.0819277
0.0792299
0.0782363
0.0788856
0.0809557
0.084328
0.0888329
0.0942115
0.100221
0.106614
0.113171
0.119688
0.126171
0.132506
0.138595
0.144341
0.149699
0.154618
0.159092
0.16308
0.16656
0.16951
0.171918
0.173778
0.175082
0.175836
0.176047
0.175723
0.174874
0.173513
0.171655
0.169316
0.166516
0.163273
0.159609
0.155544
0.151099
0.146299
0.141164
0.135719
0.129987
0.12399
0.117756
0.111307
0.104672
0.0978792
0.0909598
0.08395
0.076891
0.0698365
0.0628529
0.0560326
0.049505
0.0434671
0.0382258
0.034281
0.0326378
0.105396
0.105959
0.107545
0.109949
0.112981
0.11646
0.120152
0.123808
0.127206
0.13013
0.132349
0.133647
0.133898
0.133165
0.131697
0.12968
0.126876
0.122859
0.117765
0.112274
0.106671
0.100571
0.0939562
0.087648
0.0820757
0.0770633
0.0729075
0.0703519
0.0695703
0.0703368
0.072513
0.0760797
0.0808282
0.0864058
0.0924968
0.0988275
0.105262
0.111746
0.118119
0.12427
0.130112
0.135576
0.14063
0.145245
0.14938
0.153001
0.15609
0.158633
0.160621
0.162052
0.162931
0.163267
0.16307
0.16235
0.161123
0.159403
0.15721
0.154561
0.151476
0.147976
0.144083
0.139818
0.135205
0.130265
0.125022
0.119501
0.113723
0.107717
0.101505
0.0951183
0.0885849
0.0819387
0.0752185
0.0684691
0.0617526
0.0551466
0.0487663
0.0427885
0.0375023
0.0334281
0.0316813
0.104498
0.105163
0.107082
0.110072
0.113881
0.118243
0.122857
0.127417
0.131633
0.135269
0.138176
0.140322
0.141733
0.142337
0.141866
0.140093
0.137175
0.133551
0.129335
0.124152
0.117949
0.111393
0.104829
0.0978151
0.0904929
0.0838276
0.0780303
0.0726986
0.0685226
0.0663328
0.0657617
0.0664063
0.0686179
0.0724011
0.0772019
0.0826022
0.0883631
0.094488
0.100862
0.107222
0.113385
0.119249
0.124717
0.129778
0.1344
0.138542
0.142169
0.145264
0.147814
0.149813
0.151261
0.152164
0.152532
0.152376
0.151711
0.150548
0.148907
0.146803
0.144257
0.141288
0.137918
0.134166
0.130057
0.125611
0.120852
0.115803
0.110488
0.104932
0.0991604
0.0932
0.0870805
0.0808329
0.0744928
0.0681025
0.0617132
0.0553938
0.0492441
0.0434156
0.0381689
0.034006
0.0321641
0.109529
0.110284
0.11247
0.115876
0.12021
0.125144
0.130356
0.135563
0.140524
0.145043
Process [3]
0.148928
0.151967
0.153961
0.154843
0.154699
0.153628
0.151547
0.148334
0.144095
0.139126
0.133464
0.12701
0.11996
0.112684
0.105265
0.0976657
0.0902572
0.0835742
0.0777035
0.0726638
0.0689768
0.0671623
0.0668839
0.0676974
0.0698916
0.0736956
0.078544
0.0837484
0.0892423
0.095019
0.100922
0.106746
0.112313
0.117501
0.122286
0.126648
0.130553
0.133973
0.136887
0.139285
0.141158
0.142504
0.143328
0.143639
0.143447
0.142765
0.141609
0.139993
0.137934
0.135453
0.132567
0.129298
0.125667
0.121695
0.117406
0.112821
0.107966
0.102863
0.0975379
0.0920181
0.0863311
0.0805079
0.0745827
0.0685939
0.062588
0.0566248
0.0507882
0.0452059
0.0401071
0.035974
0.0341097
0.118411
0.119217
0.121591
0.125313
0.130062
0.1355
0.141284
0.147086
0.152602
0.157583
0.161839
0.165247
0.167736
0.169223
0.169606
0.168862
0.167072
0.164306
0.160532
0.155795
0.150258
0.144061
0.137216
0.129844
0.122199
0.114426
0.106596
0.098984
0.0919266
0.0856183
0.0802399
0.0760726
0.0733424
0.0720694
0.072178
0.0735866
0.0761701
0.0797303
0.0839252
0.0885575
0.0934708
0.0985153
0.103552
0.108442
0.113059
0.117348
0.121267
0.12478
0.127855
0.130469
0.132609
0.134263
0.135426
0.136102
0.136294
0.136014
0.135272
0.134082
0.132457
0.130415
0.127975
0.125154
0.121972
0.118452
0.114614
0.11048
0.106075
0.101422
0.0965457
0.0914729
0.0862319
0.0808526
0.0753683
0.0698161
0.0642408
0.0586965
0.0532559
0.0480278
0.0432036
0.0392016
0.0373481
0.130493
0.131351
0.133843
0.137724
0.142654
0.148274
0.154236
0.160223
0.165971
0.171245
0.175816
0.179538
0.182303
0.184053
0.184757
0.184381
0.18291
0.180394
0.176899
0.172472
0.167167
0.161107
0.154416
0.147164
0.13948
0.131545
0.123497
0.115479
0.107716
0.100448
0.093877
0.0882252
0.0837082
0.0804651
0.0785296
0.0778922
0.0784757
0.0801654
0.0827229
0.0859311
0.0896311
0.0936683
0.0978784
0.102144
0.10633
0.110324
0.114059
0.117485
0.120555
0.123238
0.125507
0.127346
0.128741
0.129685
0.130178
0.130224
0.129829
0.129005
0.127762
0.126114
0.124077
0.121669
0.118908
0.115813
0.112406
0.108708
0.104741
0.10053
0.0960997
0.0914763
0.0866881
0.0817651
0.0767411
0.071654
0.0665462
0.0614716
0.0564983
0.0517219
0.0472989
0.0435793
0.0417954
0.144804
0.14565
0.148098
0.151902
0.15675
0.162305
0.168231
0.174212
0.179966
0.185225
0.189835
0.193661
0.196577
0.198495
0.199366
0.199175
0.197922
0.195622
0.19232
0.188081
0.182976
0.177075
0.170488
0.163319
0.155664
0.147658
0.139443
0.131156
0.122959
0.115051
0.107626
0.100884
0.0950357
0.0902561
0.0866493
0.084265
0.0830902
0.0830618
0.0840592
0.085862
0.0883128
0.0912732
0.0945672
0.0980698
0.101661
0.105211
0.108624
0.111831
0.114776
0.117412
0.119706
0.121629
0.123162
0.124291
0.12501
0.125314
0.125206
0.124692
0.123781
0.122483
0.120812
0.118782
0.116411
0.113717
0.110719
0.107438
0.103896
0.100117
0.0961252
0.091948
0.0876137
0.0831532
0.078601
0.073995
0.0693822
0.0648154
0.0603645
0.0561244
0.0522451
0.0490046
0.0474644
0.160294
0.161055
0.163286
0.166798
0.171319
0.176544
0.182162
0.187878
0.193394
0.198493
0.203004
0.206769
0.209667
0.211614
0.212552
0.212448
0.211303
0.209136
0.20598
0.20189
0.196931
0.191173
0.184702
0.177619
0.170021
0.162018
0.153738
0.145307
0.136863
0.12857
0.120597
0.113124
0.10634
0.100426
0.0955249
0.0917274
0.0890758
0.0875539
0.0871122
0.0875932
0.088835
0.0907164
0.0930705
0.095764
0.098676
0.10169
0.104687
0.107585
0.110314
0.112818
0.115052
0.116981
0.118578
0.119822
0.1207
0.121203
0.121327
0.121075
0.120451
0.119462
0.118119
0.116435
0.114425
0.112105
0.109493
0.10661
0.103477
0.100117
0.0965539
0.0928157
0.0889309
0.0849318
0.0808534
0.0767372
0.07263
0.0685901
0.0646919
0.0610399
0.057786
0.0552136
0.0540843
0.174539
0.175215
0.177218
0.180414
0.184576
0.189429
0.194683
0.200046
0.205253
0.210107
0.214425
0.218048
0.220856
0.22276
0.223696
0.22363
0.222559
0.220496
0.217469
0.213523
0.208715
0.203111
0.19679
0.189841
0.182356
0.174436
0.166194
0.157743
0.149206
0.140723
0.132441
0.124516
0.117115
0.11041
0.104553
0.0996594
0.0958114
0.0930369
0.0913228
0.0906006
0.0907129
0.0915553
0.0929836
0.0948617
0.0970678
0.0994912
0.102015
0.10454
0.106989
0.109296
0.111408
0.113281
0.114881
0.116181
0.117163
0.117814
0.118122
0.118087
0.117709
0.116992
0.115943
0.114573
0.112896
0.110924
0.108677
0.106171
0.103428
0.100471
0.0973231
0.0940124
0.0905678
0.0870221
0.0834122
0.0797805
0.076177
0.0726635
0.069319
0.0662518
0.0636239
0.0617047
0.0609539
0.186413
0.187028
0.188872
0.191823
0.19568
0.200196
0.205102
0.210118
0.21502
0.219613
0.223715
0.227174
0.22987
0.231708
0.232625
0.232591
0.231596
0.229641
0.226754
0.22297
0.21834
0.212923
0.206794
0.200032
0.192722
0.184957
0.176837
0.168469
0.15996
0.151433
0.143019
0.134853
0.127081
0.119857
0.113329
0.107626
0.102846
0.0990558
0.0962692
0.0944766
0.0935689
0.0934432
0.0939885
0.0950709
0.0965751
0.0983882
0.100406
0.10252
0.104644
0.106707
0.108647
0.110416
0.111972
0.113282
0.114322
0.115074
0.115525
0.115668
0.115498
0.115018
0.114231
0.113146
0.111773
0.110125
0.108218
0.106068
0.103696
0.101124
0.0983749
0.0954761
0.0924571
0.0893511
0.0861954
0.0830337
0.0799172
0.0769096
0.0740906
0.0715655
0.0694855
0.0680569
0.0675345
0.19612
0.196684
0.198382
0.20111
0.204681
0.208876
0.213444
0.218128
0.222728
0.227057
0.23094
0.23423
0.236806
0.238573
0.239476
0.239479
0.238563
0.236728
0.233995
0.230393
0.225965
0.220769
0.214868
0.208336
0.201251
0.193699
0.185772
0.177564
0.169176
0.160715
0.152298
0.144046
0.136087
0.128556
0.121591
0.11532
0.109849
0.105264
0.10161
0.0989002
0.0970972
0.0960969
0.0958225
0.09615
0.0969753
0.0981867
0.0996841
0.101366
0.103139
0.104926
0.106659
0.108286
0.109759
0.111041
0.112102
0.112918
0.113474
0.113759
0.113764
0.113489
0.112934
0.112106
0.111011
0.109661
0.10807
0.106255
0.104233
0.102025
0.0996548
0.0971491
0.0945365
0.0918502
0.0891277
0.0864122
0.0837548
0.0812167
0.0788745
0.0768237
0.0751848
0.0741059
0.0737241
0.203954
0.204473
0.206031
0.20854
0.211836
0.215718
0.21995
0.224307
0.228608
0.232673
0.236334
0.239449
0.241898
0.243595
0.244484
0.244524
0.243689
0.241981
0.239411
0.236004
0.231797
0.226842
0.221196
0.214927
0.208105
0.200809
0.193124
0.185135
0.176936
0.168624
0.160303
0.152081
0.144071
0.136395
0.129176
0.122536
0.116581
0.111404
0.107072
0.103615
0.101042
0.0992777
0.0982637
0.0978942
0.098078
0.0987125
0.0996972
0.100941
0.102349
0.10384
0.105343
0.1068
0.108161
0.109383
0.110433
0.111282
0.111912
0.112306
0.112457
0.112357
0.112006
0.111407
0.110564
0.109488
0.10819
0.106685
0.10499
0.103125
0.101112
0.0989768
0.0967475
0.0944566
0.0921398
0.0898398
0.0876046
0.0854911
0.0835682
0.0819153
0.0806264
0.0797958
0.0795088
0.210172
0.210646
0.212071
0.214369
0.217396
0.220969
0.224873
0.228912
0.232916
0.236714
0.240148
0.243082
0.245401
0.247024
0.247894
0.247966
0.247212
0.24563
0.243227
0.240019
0.236042
0.23134
0.225967
0.21998
0.213446
0.206437
0.19903
0.191305
0.183346
0.175242
0.167088
0.158982
0.151025
0.143326
0.135995
0.129144
0.122875
0.117284
0.112446
0.108407
0.105195
0.102784
0.101122
0.100125
0.0997189
0.0998111
0.100307
0.101118
0.102159
0.103345
0.104604
0.105873
0.107099
0.108238
0.109251
0.110107
0.110783
0.111261
0.111528
0.111577
0.111403
0.111007
0.110392
0.109564
0.108534
0.107316
0.105925
0.104379
0.102699
0.100909
0.0990365
0.0971123
0.0951702
0.0932497
0.0913949
0.0896577
0.0880951
0.0867711
0.0857542
0.0851117
0.0848918
Process [4]
0.214991
0.215422
0.216719
0.218816
0.221583
0.224859
0.228448
0.232174
0.235883
0.239413
0.242616
0.245364
0.247548
0.249092
0.249935
0.250029
0.249352
0.247891
0.245649
0.242642
0.238895
0.234452
0.229359
0.223666
0.217434
0.210732
0.203628
0.196195
0.188513
0.180662
0.172728
0.164802
0.156975
0.149344
0.142009
0.135072
0.12863
0.122772
0.117578
0.113107
0.109394
0.106446
0.104234
0.102691
0.101755
0.101349
0.101389
0.101788
0.102468
0.103349
0.104357
0.105426
0.106503
0.107539
0.108495
0.109336
0.110036
0.110573
0.110933
0.111105
0.111083
0.110865
0.110452
0.109849
0.109064
0.108108
0.106995
0.105743
0.10437
0.102899
0.101354
0.0997657
0.0981641
0.096585
0.0950683
0.0936576
0.0924001
0.0913465
0.0905479
0.0900472
0.0898763
0.218603
0.218993
0.22017
0.222077
0.224597
0.227586
0.230869
0.234292
0.237708
0.24097
0.243942
0.246502
0.248546
0.250003
0.250808
0.25092
0.250308
0.248959
0.246871
0.244055
0.240537
0.236351
0.231537
0.226142
0.220222
0.213836
0.20705
0.19993
0.192549
0.184982
0.177308
0.169608
0.161969
0.154476
0.147219
0.140293
0.133786
0.127783
0.122363
0.117589
0.113502
0.110127
0.107465
0.105457
0.104059
0.103208
0.10283
0.102847
0.103183
0.103765
0.104522
0.105388
0.106306
0.107227
0.108109
0.108916
0.10962
0.110196
0.110626
0.110899
0.111006
0.110942
0.110707
0.110304
0.109738
0.109021
0.108161
0.107177
0.106084
0.104903
0.103656
0.102371
0.101075
0.0997989
0.0985778
0.0974478
0.0964479
0.0956168
0.0949915
0.0946018
0.0944696
0.221173
0.221524
0.222589
0.224314
0.226598
0.229314
0.232304
0.235431
0.238561
0.241561
0.244303
0.246673
0.248572
0.249934
0.250695
0.250811
0.250254
0.249006
0.247062
0.244429
0.241131
0.237195
0.232656
0.227557
0.221948
0.215884
0.209422
0.202627
0.195564
0.188303
0.180916
0.173479
0.166068
0.158764
0.151649
0.144808
0.138322
0.132271
0.12673
0.121764
0.117418
0.113722
0.110702
0.108314
0.106524
0.105284
0.104533
0.104202
0.10422
0.104516
0.105028
0.10569
0.106445
0.107242
0.108038
0.108797
0.109487
0.110084
0.110565
0.110919
0.111132
0.1112
0.11112
0.110893
0.110523
0.110017
0.109387
0.108643
0.107802
0.106882
0.105903
0.104888
0.103863
0.102852
0.101888
0.100997
0.100213
0.0995649
0.0990794
0.0987784
0.0986758
0.222836
0.223152
0.224111
0.225664
0.227726
0.230183
0.232893
0.235736
0.23859
0.241334
0.24385
0.246026
0.24778
0.249039
0.249747
0.249859
0.249345
0.248185
0.246371
0.243911
0.240821
0.237126
0.232854
0.228045
0.222744
0.217
0.210866
0.204401
0.197666
0.190723
0.183642
0.176491
0.169341
0.162264
0.155337
0.148638
0.14224
0.136219
0.130644
0.125576
0.121068
0.11715
0.113856
0.11117
0.109059
0.107491
0.106415
0.105772
0.105499
0.105532
0.105809
0.106272
0.106862
0.107531
0.108234
0.108932
0.109595
0.110195
0.110711
0.111124
0.111425
0.111604
0.111656
0.111582
0.111383
0.111065
0.110636
0.110107
0.10949
0.108802
0.10806
0.107284
0.106495
0.105716
0.104971
0.104284
0.10368
0.103182
0.10281
0.10258
0.102502
0.223709
0.223991
0.224851
0.226245
0.228098
0.230312
0.232758
0.235331
0.237919
0.240414
0.242707
0.244695
0.246298
0.24745
0.248098
0.248196
0.247714
0.246629
0.244934
0.242634
0.23974
0.236273
0.232257
0.227729
0.222729
0.2173
0.211492
0.205358
0.198954
0.192339
0.185575
0.178727
0.171859
0.165038
0.158335
0.151821
0.145563
0.139631
0.13409
0.128998
0.124407
0.120352
0.116865
0.113953
0.111589
0.109751
0.1084
0.107487
0.106955
0.106748
0.106807
0.107077
0.107507
0.108045
0.108648
0.109278
0.109902
0.110491
0.111024
0.111481
0.111848
0.112117
0.112281
0.112337
0.112286
0.112131
0.111879
0.111537
0.111118
0.110633
0.110098
0.109529
0.108945
0.108365
0.107807
0.107292
0.106839
0.106465
0.106186
0.106014
0.105955
0.223892
0.224145
0.224913
0.226158
0.227817
0.229802
0.232
0.234317
0.236654
0.238908
0.240982
0.242784
0.244236
0.24528
0.245862
0.245938
0.245476
0.244456
0.242868
0.240714
0.238003
0.234751
0.23098
0.226723
0.222013
0.216893
0.211405
0.205599
0.199527
0.193243
0.186803
0.180268
0.173697
0.167153
0.1607
0.154402
0.148324
0.142528
0.137075
0.13202
0.127412
0.12329
0.119683
0.116612
0.114058
0.112007
0.11043
0.109286
0.108528
0.108106
0.107966
0.108057
0.10833
0.108739
0.109239
0.109794
0.110368
0.110935
0.11147
0.111953
0.11237
0.11271
0.112964
0.113128
0.113202
0.113186
0.113085
0.112906
0.112656
0.112347
0.111991
0.111601
0.111193
0.110781
0.110382
0.110011
0.109683
0.109412
0.109209
0.109084
0.109041
0.223472
0.223697
0.22438
0.22549
0.226968
0.228741
0.230706
0.232781
0.234877
0.236901
0.238766
0.240386
0.241692
0.242625
0.243136
0.243182
0.242732
0.241767
0.240274
0.238255
0.235714
0.232664
0.229126
0.225126
0.220698
0.215877
0.210702
0.205219
0.199476
0.193521
0.187409
0.181194
0.17493
0.168676
0.162492
0.156435
0.150565
0.144942
0.139619
0.13465
0.13008
0.125948
0.122284
0.119111
0.116424
0.114213
0.112456
0.111121
0.110171
0.10956
0.109241
0.109167
0.109293
0.109573
0.109969
0.110443
0.11096
0.111493
0.112016
0.112511
0.11296
0.113352
0.113676
0.113927
0.114104
0.114204
0.11423
0.114188
0.114083
0.113923
0.113719
0.11348
0.11322
0.112951
0.112684
0.112433
0.112209
0.112023
0.111883
0.111796
0.111767
0.222521
0.22272
0.223325
0.224309
0.225621
0.227195
0.228944
0.230793
0.232662
0.234469
0.236135
0.237581
0.238742
0.239565
0.240002
0.240012
0.239569
0.23865
0.237244
0.235346
0.232962
0.230103
0.226785
0.223033
0.218875
0.214343
0.209472
0.204305
0.198886
0.193259
0.187474
0.181581
0.17563
0.169676
0.163773
0.157975
0.152337
0.146913
0.141753
0.136907
0.132418
0.128324
0.124653
0.121432
0.118659
0.116335
0.114442
0.112955
0.111844
0.11107
0.110592
0.110369
0.110356
0.110515
0.110806
0.111193
0.111646
0.112135
0.112636
0.113127
0.113592
0.114017
0.114392
0.11471
0.114967
0.115161
0.115291
0.115362
0.115376
0.115341
0.115263
0.115151
0.115014
0.114863
0.114707
0.114555
0.114416
0.114299
0.11421
0.114155
0.114136
0.221097
0.221273
0.221807
0.222676
0.223835
0.225227
0.226776
0.228414
0.230072
0.231675
0.233152
0.234432
0.235453
0.236169
0.236531
0.236505
0.236064
0.235184
0.233854
0.232069
0.229831
0.227151
0.224043
0.220527
0.216627
0.212374
0.207799
0.20294
0.197839
0.192536
0.187075
0.181503
0.17587
0.170221
0.164608
0.159081
0.153691
0.148487
0.143516
0.138823
0.134449
0.13043
0.126794
0.123568
0.120751
0.118355
0.116364
0.11476
0.113518
0.112607
0.11199
0.111631
0.11149
0.111533
0.11172
0.112019
0.112401
0.112837
0.113302
0.113777
0.114242
0.114684
0.115091
0.115456
0.115772
0.116037
0.116249
0.116409
0.11652
0.116585
0.11661
0.116602
0.116566
0.116511
0.116444
0.116373
0.116303
0.116242
0.116195
0.116165
0.116155
0.219252
0.219407
0.219876
0.22064
0.22166
0.222886
0.224251
0.225696
0.227158
0.228571
0.229871
0.230994
0.231883
0.232493
0.232785
0.232723
0.232279
0.231434
0.230173
0.228492
0.226393
0.223882
0.220973
0.217682
0.214031
0.210046
0.205758
0.201201
0.19641
0.191425
0.186286
0.181034
0.175717
0.170377
0.165059
0.159813
0.154681
0.149713
0.14495
0.140433
0.1362
0.132286
0.128717
0.125522
0.1227
0.120264
0.11821
0.116519
0.115174
0.114147
0.11341
0.112929
0.112671
0.112602
0.112688
0.112898
0.113202
0.113576
0.113995
0.114439
0.114889
0.115331
0.115753
0.116145
0.116501
0.116816
0.117088
0.117316
0.1175
0.117644
0.11775
0.117823
0.117867
0.117889
0.117893
0.117886
0.117872
0.117856
0.117842
0.117832
0.117828
0.217028
0.217164
0.217575
0.218244
0.219138
0.220212
0.22141
0.222677
0.223959
0.225198
Process [5]
0.226333
0.22731
0.228075
0.22859
0.228814
0.228716
0.228271
0.227457
0.22626
0.224678
0.22271
0.220361
0.217642
0.214567
0.211155
0.207431
0.203421
0.199157
0.194671
0.189998
0.185176
0.180243
0.17524
0.170209
0.165191
0.160229
0.155366
0.150643
0.146101
0.141777
0.137706
0.133921
0.130446
0.127309
0.124512
0.122066
0.119974
0.118224
0.116799
0.115678
0.114838
0.114249
0.113881
0.113705
0.113691
0.11381
0.114033
0.114337
0.114699
0.115098
0.115519
0.115944
0.116362
0.116763
0.117139
0.117484
0.117795
0.118069
0.118306
0.118507
0.118673
0.118807
0.118912
0.118993
0.119052
0.119094
0.119123
0.119141
0.119152
0.119158
0.11916
0.21446
0.214579
0.214937
0.21552
0.216301
0.217239
0.218285
0.219391
0.220511
0.221589
0.222575
0.223419
0.224072
0.224498
0.224662
0.224532
0.224085
0.223301
0.222169
0.220682
0.21884
0.216647
0.214111
0.211244
0.208064
0.204593
0.200855
0.196877
0.192689
0.188323
0.183812
0.179194
0.174504
0.169781
0.165064
0.16039
0.1558
0.151331
0.14702
0.142902
0.139008
0.135368
0.132007
0.128951
0.126201
0.123772
0.121665
0.119876
0.118392
0.117195
0.116265
0.115578
0.11511
0.114831
0.114717
0.114742
0.114879
0.115105
0.1154
0.115744
0.116119
0.116511
0.116908
0.117299
0.117676
0.118031
0.11836
0.118661
0.11893
0.119167
0.119374
0.11955
0.119698
0.119821
0.119919
0.119998
0.120057
0.120101
0.120131
0.120148
0.120154
0.211572
0.211677
0.211988
0.212496
0.213175
0.213992
0.214903
0.215866
0.216838
0.217774
0.218627
0.219351
0.219905
0.220253
0.220363
0.220207
0.219763
0.219012
0.217944
0.216552
0.214834
0.212792
0.210434
0.207771
0.204817
0.201593
0.19812
0.194422
0.190526
0.186462
0.182259
0.177952
0.173573
0.169157
0.164739
0.160355
0.156041
0.15183
0.147757
0.143853
0.140147
0.136666
0.133434
0.130476
0.127791
0.125396
0.123294
0.121484
0.119957
0.118698
0.11769
0.116915
0.116351
0.115973
0.11576
0.115687
0.115732
0.115873
0.11609
0.116364
0.116681
0.117025
0.117383
0.117746
0.118103
0.118449
0.118777
0.119083
0.119365
0.11962
0.119848
0.120048
0.120222
0.120371
0.120495
0.120597
0.120677
0.120738
0.120781
0.120806
0.120814
0.208389
0.20848
0.208751
0.209192
0.209782
0.210492
0.211284
0.212121
0.212965
0.213776
0.214511
0.215132
0.215599
0.215881
0.215947
0.215774
0.21534
0.214628
0.213627
0.21233
0.210735
0.208844
0.206662
0.204199
0.201468
0.198487
0.195274
0.191852
0.188244
0.184477
0.180578
0.176578
0.172507
0.168396
0.164278
0.160184
0.156146
0.152196
0.148365
0.144681
0.14117
0.137857
0.134765
0.131915
0.12931
0.126964
0.124882
0.123063
0.121504
0.120194
0.119119
0.118262
0.117606
0.117132
0.116817
0.116643
0.116589
0.116635
0.116763
0.116957
0.1172
0.117479
0.117782
0.118097
0.118417
0.118734
0.119041
0.119333
0.119607
0.119861
0.120092
0.120299
0.120483
0.120642
0.120779
0.120892
0.120983
0.121054
0.121103
0.121133
0.121142
0.204926
0.205005
0.20524
0.205624
0.206137
0.206755
0.207445
0.208173
0.208907
0.20961
0.210247
0.21078
0.211176
0.211405
0.211442
0.211262
0.210846
0.21018
0.209252
0.208055
0.206586
0.204846
0.20284
0.200577
0.198068
0.195327
0.192372
0.189223
0.1859
0.182427
0.178829
0.175134
0.171367
0.16756
0.163739
0.159933
0.156172
0.152484
0.148897
0.145435
0.142125
0.138984
0.136039
0.133306
0.130789
0.128502
0.12645
0.124634
0.123052
0.121699
0.120562
0.119628
0.118883
0.11831
0.117892
0.117611
0.117451
0.117393
0.117421
0.117519
0.117674
0.117871
0.118101
0.118352
0.118615
0.118883
0.119149
0.119408
0.119656
0.119889
0.120105
0.120302
0.120479
0.120636
0.120771
0.120884
0.120977
0.121049
0.1211
0.12113
0.12114
0.201192
0.201261
0.201467
0.201803
0.202252
0.202792
0.203395
0.204033
0.204675
0.20529
0.205846
0.20631
0.206653
0.206846
0.206867
0.206694
0.206309
0.205699
0.204852
0.203761
0.202423
0.200839
0.199013
0.196952
0.194665
0.192165
0.189467
0.186589
0.183549
0.180368
0.177069
0.173676
0.170213
0.166706
0.163181
0.159662
0.156177
0.15275
0.149406
0.146169
0.14306
0.140094
0.137301
0.134689
0.132265
0.130043
0.128027
0.126221
0.124624
0.12323
0.122034
0.121025
0.120191
0.119519
0.118993
0.1186
0.118324
0.118151
0.118066
0.118055
0.118106
0.118205
0.118344
0.11851
0.118697
0.118897
0.119102
0.119309
0.11951
0.119704
0.119887
0.120057
0.120212
0.12035
0.120471
0.120574
0.120658
0.120724
0.120771
0.120799
0.120808
0.197196
0.197257
0.197439
0.197735
0.198131
0.198609
0.199143
0.199708
0.200279
0.200826
0.201321
0.201736
0.202044
0.20222
0.202243
0.202092
0.201753
0.20121
0.200455
0.199481
0.198283
0.196862
0.195221
0.193366
0.191305
0.189048
0.186609
0.184003
0.181246
0.178357
0.175356
0.172264
0.169102
0.165894
0.162662
0.159428
0.156217
0.15305
0.149948
0.146933
0.144025
0.141234
0.138594
0.136106
0.133778
0.131622
0.129647
0.127854
0.126243
0.124813
0.123558
0.122473
0.121548
0.120772
0.120133
0.11962
0.11922
0.11892
0.118708
0.118573
0.118503
0.118486
0.118514
0.118578
0.118668
0.118779
0.118903
0.119036
0.119172
0.119308
0.119439
0.119564
0.119681
0.119786
0.11988
0.11996
0.120027
0.120079
0.120117
0.12014
0.120148
0.192941
0.192995
0.193159
0.193424
0.19378
0.194209
0.194692
0.195204
0.195723
0.196223
0.196679
0.197067
0.197361
0.19754
0.197584
0.197474
0.197197
0.196738
0.196089
0.195244
0.194197
0.19295
0.191503
0.189862
0.188033
0.186024
0.183848
0.181517
0.179045
0.176448
0.173745
0.170954
0.168092
0.165181
0.16224
0.159289
0.156349
0.153438
0.150576
0.147782
0.145073
0.142455
0.139966
0.137601
0.135367
0.13328
0.131344
0.129564
0.12794
0.126473
0.125159
0.123995
0.122973
0.122088
0.121329
0.120686
0.120151
0.119712
0.119359
0.119083
0.118874
0.118723
0.118621
0.118561
0.118534
0.118535
0.118557
0.118595
0.118645
0.118702
0.118763
0.118826
0.118887
0.118945
0.118998
0.119045
0.119084
0.119116
0.119139
0.119153
0.119157
0.188424
0.188474
0.188625
0.188869
0.189197
0.189595
0.190042
0.190521
0.191009
0.191485
0.191926
0.19231
0.192614
0.192818
0.192905
0.192858
0.192662
0.192306
0.191781
0.191081
0.190201
0.18914
0.1879
0.186483
0.184894
0.183142
0.181234
0.179182
0.176999
0.174698
0.172294
0.169803
0.167241
0.164626
0.161974
0.159302
0.15663
0.153972
0.151346
0.148767
0.146254
0.143806
0.141465
0.139219
0.137078
0.135055
0.133157
0.131387
0.129748
0.128241
0.126865
0.125617
0.124494
0.12349
0.122601
0.121819
0.121135
0.120543
0.120034
0.119601
0.119235
0.118929
0.118677
0.118471
0.118305
0.118173
0.118071
0.117992
0.117934
0.117892
0.117863
0.117844
0.117833
0.117828
0.117826
0.117827
0.117829
0.117831
0.117834
0.117835
0.117836
0.183643
0.18369
0.183833
0.184066
0.184379
0.18476
0.185192
0.185658
0.186139
0.186615
0.187066
0.187471
0.187811
0.188066
0.188221
0.18826
0.188169
0.187939
0.187559
0.187024
0.186328
0.18547
0.18445
0.183271
0.181934
0.180447
0.178817
0.177051
0.175162
0.17316
0.171058
0.16887
0.166607
0.164286
0.161921
0.159527
0.157118
0.154709
0.152313
0.149946
0.147622
0.145339
0.14314
0.141007
0.138954
0.136991
0.135126
0.133362
0.131703
0.130151
0.128707
0.127369
0.126137
0.125008
0.123977
0.123042
0.122196
0.121436
0.120754
0.120144
0.119602
0.119121
0.118696
0.118322
0.117993
0.117706
0.117455
0.117237
0.117047
0.116884
0.116744
0.116623
0.116521
0.116435
0.116364
0.116306
0.11626
0.116225
0.1162
0.116186
0.116181
Process [6]
0.178587
0.178634
0.178776
0.179007
0.179319
0.179701
0.180138
0.180614
0.181112
0.181614
0.182102
0.182557
0.182961
0.183296
0.183547
0.1837
0.183741
0.183662
0.183451
0.183104
0.182614
0.181979
0.181198
0.180271
0.179201
0.177992
0.176649
0.175179
0.173591
0.171894
0.170097
0.168213
0.16625
0.164223
0.162143
0.160021
0.157872
0.155705
0.153535
0.151371
0.14923
0.147106
0.145042
0.143015
0.141042
0.139133
0.137293
0.135529
0.133843
0.132239
0.130719
0.129284
0.127934
0.126668
0.125486
0.124385
0.123362
0.122415
0.121541
0.120737
0.119997
0.119319
0.118698
0.118132
0.117616
0.117147
0.116723
0.116339
0.115995
0.115686
0.115411
0.115168
0.114955
0.114771
0.114614
0.114482
0.114376
0.114294
0.114236
0.114202
0.11419
0.173248
0.173297
0.173444
0.173684
0.17401
0.174411
0.174874
0.175385
0.175927
0.176484
0.177039
0.177575
0.178074
0.178521
0.1789
0.179198
0.179402
0.179503
0.17949
0.179356
0.179097
0.178708
0.178187
0.177532
0.176745
0.175828
0.174786
0.173623
0.172344
0.170958
0.169471
0.167892
0.166231
0.164496
0.162697
0.160845
0.158949
0.15702
0.155068
0.153101
0.15113
0.14916
0.14722
0.145292
0.143391
0.141526
0.139704
0.13793
0.136209
0.134544
0.132939
0.131396
0.129918
0.128504
0.127157
0.125877
0.124662
0.123513
0.122428
0.121406
0.120447
0.119547
0.118706
0.117922
0.117192
0.116515
0.11589
0.115315
0.114789
0.114309
0.113875
0.113485
0.113139
0.112836
0.112575
0.112355
0.112176
0.112037
0.111938
0.111879
0.111859
0.167613
0.167666
0.167826
0.168087
0.168442
0.168882
0.169395
0.169967
0.170582
0.171226
0.171882
0.172533
0.173164
0.173758
0.174301
0.174779
0.175181
0.175495
0.175711
0.175823
0.175822
0.175705
0.175467
0.175106
0.174621
0.174014
0.173287
0.172442
0.171482
0.170414
0.169241
0.167972
0.166611
0.165167
0.163647
0.162059
0.160412
0.158711
0.156969
0.155193
0.153379
0.151555
0.14973
0.147889
0.14605
0.14422
0.142405
0.140611
0.138844
0.137108
0.135407
0.133745
0.132126
0.130553
0.129027
0.127552
0.126128
0.124759
0.123444
0.122185
0.120982
0.119837
0.118749
0.117719
0.116747
0.115834
0.114979
0.114183
0.113445
0.112766
0.112145
0.111583
0.11108
0.110636
0.110251
0.109925
0.109658
0.10945
0.109302
0.109213
0.109183
0.161665
0.161725
0.161905
0.1622
0.162603
0.163104
0.163693
0.164356
0.165078
0.165845
0.166639
0.167445
0.168247
0.169029
0.169776
0.170475
0.171113
0.171678
0.17216
0.172549
0.172839
0.173022
0.173094
0.173051
0.172891
0.172613
0.172216
0.171701
0.171071
0.170328
0.169475
0.168516
0.167457
0.166301
0.165057
0.163727
0.162319
0.160841
0.159296
0.157703
0.156034
0.154347
0.152623
0.150859
0.149069
0.147261
0.145442
0.143618
0.141793
0.139974
0.138166
0.136373
0.1346
0.132852
0.131133
0.129447
0.127798
0.126189
0.124623
0.123105
0.121636
0.120219
0.118858
0.117554
0.116311
0.11513
0.114014
0.112964
0.111983
0.111074
0.110236
0.109472
0.108785
0.108174
0.107643
0.10719
0.106819
0.106529
0.106322
0.106197
0.106155
0.155384
0.155454
0.155664
0.156006
0.156478
0.157066
0.157762
0.15855
0.159417
0.160346
0.161322
0.162328
0.163346
0.164362
0.165359
0.166324
0.167241
0.168099
0.168886
0.169591
0.170206
0.170722
0.171133
0.171435
0.171622
0.171691
0.171641
0.171471
0.17118
0.170769
0.170239
0.169594
0.168834
0.167965
0.166988
0.165911
0.164736
0.16347
0.162111
0.160686
0.159154
0.15759
0.155954
0.154253
0.152499
0.150702
0.148866
0.146997
0.145103
0.143188
0.141259
0.139321
0.137381
0.135445
0.133517
0.131604
0.129711
0.127843
0.126006
0.124205
0.122446
0.120732
0.119069
0.117462
0.115916
0.114435
0.113024
0.111687
0.110429
0.109254
0.108166
0.107168
0.106264
0.105458
0.104753
0.104152
0.103656
0.103269
0.102991
0.102824
0.102768
0.148748
0.148832
0.14908
0.14949
0.150052
0.150759
0.151596
0.15255
0.153605
0.154745
0.155952
0.157208
0.158495
0.159797
0.161095
0.162375
0.16362
0.164817
0.165952
0.167014
0.167992
0.168875
0.169657
0.17033
0.170888
0.171326
0.171639
0.171826
0.171883
0.171811
0.171608
0.171276
0.170814
0.170226
0.169513
0.168678
0.167724
0.166659
0.165481
0.164198
0.1628
0.161341
0.159779
0.158126
0.156395
0.154593
0.152726
0.150799
0.148821
0.146796
0.144733
0.142637
0.140515
0.138375
0.136223
0.134065
0.131911
0.129765
0.127636
0.12553
0.123454
0.121416
0.119424
0.117483
0.115602
0.113786
0.112045
0.110384
0.108811
0.107333
0.105956
0.104688
0.103533
0.102499
0.10159
0.100812
0.100169
0.0996653
0.099303
0.099085
0.0990121
0.141731
0.141833
0.142133
0.14263
0.143315
0.144174
0.145195
0.146363
0.147658
0.149063
0.150558
0.152123
0.153738
0.155384
0.157041
0.158691
0.160317
0.161904
0.163435
0.164897
0.166278
0.167565
0.16875
0.169822
0.170773
0.171599
0.172291
0.172846
0.173261
0.173532
0.173658
0.173637
0.173469
0.173156
0.172698
0.172097
0.171354
0.170467
0.169468
0.168301
0.167032
0.165658
0.164154
0.162534
0.16081
0.158988
0.157074
0.155075
0.152997
0.150849
0.148636
0.146366
0.144048
0.141688
0.139295
0.136877
0.134443
0.132
0.129557
0.127124
0.124709
0.12232
0.119968
0.117663
0.115413
0.113228
0.111119
0.109095
0.107167
0.105345
0.103638
0.102056
0.100611
0.0993094
0.0981617
0.0971753
0.0963577
0.095715
0.0952523
0.0949731
0.0948799
0.13431
0.134434
0.134805
0.135415
0.136254
0.137311
0.138567
0.140004
0.141601
0.143335
0.145185
0.147126
0.149136
0.151191
0.15327
0.155353
0.157419
0.159449
0.161426
0.163334
0.165159
0.166886
0.168504
0.170002
0.171371
0.172601
0.173686
0.17462
0.175398
0.176015
0.176468
0.176755
0.176876
0.176829
0.176614
0.17623
0.175692
0.174974
0.174123
0.173064
0.171908
0.170599
0.169137
0.167534
0.165799
0.16394
0.161963
0.159875
0.157683
0.155394
0.153017
0.150558
0.148028
0.145433
0.142783
0.140088
0.137356
0.134597
0.131821
0.129038
0.126259
0.123494
0.120756
0.118054
0.115402
0.112812
0.110296
0.107868
0.105541
0.103329
0.101246
0.0993058
0.0975228
0.0959104
0.0944817
0.093249
0.0922236
0.0914153
0.0908317
0.0904792
0.0903614
0.126457
0.126611
0.127069
0.127826
0.128865
0.130173
0.131726
0.133501
0.135472
0.137613
0.139894
0.142289
0.144769
0.147308
0.14988
0.152461
0.155027
0.157558
0.160032
0.162433
0.164742
0.166944
0.169026
0.170975
0.17278
0.174431
0.17592
0.177239
0.178383
0.179345
0.180123
0.180712
0.181111
0.181319
0.181337
0.181165
0.180786
0.180256
0.179501
0.17856
0.177488
0.176227
0.174788
0.173182
0.171419
0.169505
0.167448
0.165253
0.16293
0.160485
0.157926
0.155264
0.152504
0.14966
0.146736
0.143747
0.1407
0.137607
0.134477
0.131324
0.128159
0.124993
0.121839
0.118713
0.115626
0.112594
0.109633
0.106758
0.103987
0.101338
0.098828
0.0964773
0.0943047
0.092329
0.0905693
0.089044
0.0877698
0.0867618
0.0860322
0.085591
0.0854431
0.118137
0.118329
0.118903
0.119847
0.121144
0.122771
0.124698
0.126896
0.129331
0.131969
0.134773
0.13771
0.140746
0.14385
0.14699
0.150139
0.15327
0.156358
0.159381
0.162318
0.16515
0.167859
0.170432
0.172853
0.175111
0.177195
0.179094
0.180802
0.182311
0.183614
0.184709
0.18559
0.186258
0.18671
0.186935
0.186956
0.186747
0.186356
0.185676
0.184854
0.183837
0.182602
0.181166
0.179539
0.177726
0.175739
0.173582
0.171263
0.168791
0.166171
0.163417
0.160531
0.15753
0.154416
0.151205
0.147906
0.144526
0.141082
0.137582
0.134038
0.130465
0.126876
0.123282
0.119701
0.116149
0.112641
0.109196
0.105832
0.10257
0.0994325
0.0964421
0.093623
0.0910009
0.0886019
0.0864528
0.0845796
0.0830069
0.0817574
0.0808503
0.0802997
0.0801154
0.109317
0.10956
0.110284
0.111472
0.1131
0.115134
0.117535
0.120262
0.123267
0.126508
Process [7]
0.12994
0.133519
0.137205
0.140959
0.144747
0.148535
0.152294
0.155995
0.159614
0.163128
0.166517
0.169763
0.172848
0.175757
0.178479
0.181002
0.183315
0.185409
0.187279
0.188917
0.190317
0.191479
0.192402
0.193064
0.193515
0.193665
0.193654
0.193318
0.192745
0.192007
0.191016
0.18979
0.188334
0.186663
0.184782
0.182699
0.180423
0.17796
0.17532
0.172509
0.169537
0.166417
0.163151
0.159756
0.156241
0.152613
0.148887
0.145076
0.141187
0.137236
0.133236
0.129202
0.125147
0.121087
0.117039
0.113023
0.109057
0.105164
0.101366
0.0976888
0.0941606
0.0908116
0.0876742
0.0847832
0.0821747
0.0798853
0.0779509
0.0764056
0.0752782
0.0745923
0.0743617
0.0999595
0.10027
0.101192
0.102702
0.10476
0.107318
0.110319
0.113704
0.11741
0.12138
0.125556
0.129886
0.13432
0.138814
0.143328
0.147823
0.152268
0.156633
0.160891
0.165017
0.168991
0.172792
0.176406
0.179814
0.183007
0.185968
0.188692
0.191168
0.193387
0.19535
0.197038
0.198471
0.19961
0.200513
0.201078
0.201457
0.201517
0.201234
0.200788
0.200081
0.199097
0.197853
0.196357
0.194615
0.192646
0.190443
0.188028
0.1854
0.18257
0.179551
0.176344
0.172965
0.169426
0.16573
0.16189
0.157923
0.153837
0.149641
0.145348
0.140974
0.136531
0.132035
0.127498
0.122937
0.118371
0.113818
0.1093
0.104839
0.100461
0.0961953
0.0920726
0.0881291
0.084405
0.0809441
0.0777941
0.0750056
0.0726303
0.0707184
0.0693155
0.0684578
0.0681689
0.0900251
0.0904267
0.0916186
0.0935581
0.0961841
0.0994203
0.103182
0.107383
0.111942
0.116781
0.121829
0.127023
0.132305
0.137623
0.142934
0.1482
0.153382
0.158452
0.163382
0.168144
0.172724
0.177095
0.181244
0.185156
0.188814
0.192215
0.195336
0.198187
0.200738
0.203011
0.204973
0.20664
0.20802
0.209041
0.209842
0.210328
0.210378
0.210248
0.209855
0.209145
0.208151
0.206857
0.205293
0.203468
0.201373
0.199032
0.196456
0.193639
0.190598
0.187347
0.183891
0.180234
0.176396
0.172387
0.168216
0.163888
0.159421
0.154827
0.15012
0.145311
0.140413
0.135437
0.130401
0.125323
0.120218
0.115108
0.110011
0.104952
0.0999566
0.095056
0.0902848
0.085683
0.0812974
0.0771814
0.0733957
0.0700079
0.067091
0.0647196
0.0629644
0.0618844
0.0615197
0.0794775
0.080008
0.0815715
0.0840983
0.0874817
0.0915991
0.0963231
0.101532
0.107114
0.112973
0.119021
0.125186
0.131404
0.137623
0.143794
0.149876
0.155833
0.16164
0.167263
0.172678
0.17787
0.182819
0.1875
0.191909
0.196035
0.199851
0.203367
0.206573
0.20944
0.211991
0.214228
0.216094
0.217634
0.218896
0.219808
0.220252
0.220449
0.220406
0.22002
0.219279
0.218231
0.216882
0.215221
0.213263
0.211032
0.208534
0.205763
0.202732
0.199459
0.195955
0.192227
0.188278
0.184123
0.179777
0.175251
0.170555
0.165701
0.160698
0.155558
0.150296
0.144928
0.139465
0.133922
0.128316
0.122661
0.116977
0.111283
0.105602
0.0999607
0.094389
0.0889232
0.0836055
0.0784868
0.0736282
0.0691029
0.0649976
0.0614123
0.0584566
0.0562409
0.0548649
0.0543983
0.0682736
0.0689912
0.0710936
0.074443
0.0788517
0.0841168
0.0900465
0.0964734
0.103256
0.110276
0.117439
0.124666
0.131895
0.139069
0.14614
0.153071
0.159826
0.16638
0.17271
0.178786
0.184587
0.190097
0.195316
0.200218
0.204783
0.209002
0.212893
0.216437
0.219612
0.2224
0.224843
0.226954
0.22869
0.230034
0.230897
0.231506
0.231811
0.231761
0.231356
0.230568
0.229429
0.227968
0.226191
0.224104
0.221701
0.218992
0.216001
0.212738
0.209212
0.205434
0.20141
0.197143
0.192653
0.187954
0.183056
0.177972
0.172712
0.167287
0.161711
0.155995
0.15015
0.144189
0.138129
0.131984
0.125769
0.119502
0.113202
0.106888
0.100585
0.0943207
0.0881295
0.0820522
0.0761401
0.0704577
0.0650869
0.0601318
0.0557225
0.0520149
0.0491835
0.0473977
0.0467867
0.056373
0.0573824
0.0602998
0.0648362
0.0706404
0.0773812
0.084784
0.0926351
0.100771
0.109068
0.117429
0.125777
0.134054
0.142211
0.150205
0.157999
0.165562
0.172867
0.179888
0.186606
0.193014
0.199097
0.204829
0.210198
0.215192
0.219798
0.224015
0.227869
0.231332
0.234393
0.237044
0.239276
0.241047
0.242429
0.243505
0.24419
0.244484
0.244395
0.243926
0.243082
0.241842
0.240233
0.238283
0.236002
0.233398
0.230478
0.227254
0.223735
0.219929
0.215838
0.211482
0.206877
0.202033
0.196963
0.191679
0.18619
0.18051
0.174651
0.168623
0.162439
0.156112
0.149654
0.143078
0.136397
0.129625
0.122776
0.115868
0.10892
0.101953
0.0949894
0.0880598
0.0812
0.0744565
0.0678899
0.0615821
0.0556452
0.0502335
0.0455554
0.0418771
0.0394974
0.0386696
0.0437541
0.0452623
0.0494861
0.0557645
0.0634344
0.0719957
0.0811054
0.090532
0.100117
0.109747
0.119339
0.128829
0.138164
0.147303
0.156209
0.164852
0.173205
0.181243
0.188947
0.196305
0.203308
0.209929
0.216156
0.221978
0.227386
0.232371
0.236923
0.241036
0.244701
0.247904
0.250668
0.253056
0.255016
0.256541
0.257636
0.258306
0.258555
0.258392
0.257821
0.256852
0.255492
0.253751
0.251629
0.249122
0.246266
0.243076
0.239562
0.235735
0.231607
0.227189
0.222492
0.21753
0.212313
0.206855
0.201166
0.19526
0.189147
0.182841
0.176353
0.169696
0.16288
0.155919
0.148824
0.141608
0.134283
0.126863
0.119362
0.111793
0.104175
0.0965265
0.0888713
0.0812369
0.0736599
0.066189
0.0588934
0.0518748
0.0452886
0.0393771
0.034513
0.0312165
0.0300335
0.0304165
0.0328992
0.0393634
0.048148
0.0581459
0.068765
0.0796845
0.0907175
0.101745
0.112686
0.123479
0.134077
0.144439
0.154534
0.164331
0.173804
0.182931
0.191689
0.200061
0.208029
0.215578
0.222692
0.22936
0.235576
0.24136
0.246685
0.251542
0.255926
0.259834
0.263267
0.266222
0.268703
0.270711
0.272251
0.273327
0.273946
0.274114
0.273839
0.27313
0.271995
0.270444
0.268489
0.266139
0.263406
0.260303
0.25684
0.253032
0.24889
0.244428
0.239657
0.234592
0.229245
0.223624
0.217741
0.211618
0.205265
0.198697
0.191924
0.18496
0.177815
0.170503
0.163034
0.15542
0.147673
0.139804
0.131824
0.123746
0.115581
0.107343
0.099046
0.0907056
0.0823409
0.0739757
0.0656418
0.0573844
0.0492736
0.0414259
0.0340528
0.0275646
0.022763
0.0209082
0.0166977
0.0215118
0.0317209
0.0435699
0.0559748
0.0685576
0.081148
0.0936501
0.106001
0.118152
0.130064
0.141704
0.153041
0.164049
0.174701
0.184975
0.194851
0.204308
0.21333
0.221901
0.230007
0.237636
0.244777
0.25142
0.257559
0.263188
0.268302
0.2729
0.276979
0.28054
0.283585
0.286117
0.288139
0.289656
0.290676
0.291206
0.291254
0.290829
0.289941
0.288601
0.28682
0.284611
0.281985
0.278956
0.275537
0.271741
0.267583
0.263075
0.258232
0.253068
0.247596
0.241832
0.235788
0.229479
0.222917
0.216117
0.209091
0.201852
0.194412
0.186784
0.178981
0.171012
0.162891
0.154627
0.146232
0.137717
0.129091
0.120366
0.111551
0.102656
0.0936939
0.0846751
0.075613
0.0665233
0.0574272
0.0483551
0.0393587
0.0305405
0.0221443
0.0149107
0.0114915
0.0088517
0.0159537
0.0288206
0.0423356
0.0559172
0.0694318
0.0828143
0.0960194
0.10901
0.121752
0.134216
0.146371
0.158192
0.169653
0.18073
0.1914
0.201645
0.211443
0.220779
0.229637
0.238003
0.245866
0.253214
0.260041
0.266337
0.2721
0.277324
0.282007
0.286151
0.289754
0.292821
0.295353
0.297357
0.298839
0.299806
0.300266
0.300228
0.299703
0.298701
0.297235
0.295316
0.292957
0.290172
0.286974
0.283377
0.279396
0.275044
0.270337
0.265288
0.259913
0.254226
0.248242
0.241974
0.235438
0.228646
0.221612
0.21435
0.206872
0.199193
0.191322
0.183274
0.175059
0.166689
0.158175
0.149527
0.140755
0.13187
0.122881
0.113798
0.104629
0.095383
0.0860695
0.0766971
0.0672752
0.057814
0.0483257
0.0388275
0.0293498
0.0199708
0.011075
0.00616912
