Vec Object: Vec_0x84000004_8 8 MPI processes
  type: mpi
Process [0]
3.37471e-15
6.21193e-15
1.12924e-14
1.65616e-14
2.17788e-14
2.68695e-14
3.17841e-14
3.6478e-14
4.09095e-14
4.5039e-14
4.88286e-14
5.22424e-14
5.52491e-14
5.78228e-14
5.99433e-14
6.15992e-14
6.27875e-14
6.35146e-14
6.37969e-14
6.36591e-14
6.3134e-14
6.22605e-14
6.10819e-14
5.96433e-14
5.79902e-14
5.61665e-14
5.42135e-14
5.21681e-14
5.00632e-14
4.79268e-14
4.57825e-14
4.36497e-14
4.1544e-14
3.94776e-14
3.74601e-14
3.54982e-14
3.35973e-14
3.17608e-14
2.99911e-14
2.82894e-14
2.66562e-14
2.50913e-14
2.35942e-14
2.2164e-14
2.07993e-14
1.94986e-14
1.82604e-14
1.70829e-14
1.59641e-14
1.49022e-14
1.38953e-14
1.29413e-14
1.20383e-14
1.11843e-14
1.03774e-14
9.61551e-15
8.89687e-15
8.21952e-15
7.58158e-15
6.98119e-15
6.41651e-15
5.8857e-15
5.38699e-15
4.91857e-15
4.4787e-15
4.06571e-15
3.67787e-15
3.31355e-15
2.97114e-15
2.64908e-15
2.34582e-15
2.05987e-15
1.78973e-15
1.53393e-15
1.29101e-15
1.05949e-15
8.37915e-16
6.24973e-16
4.20156e-16
2.2895e-16
1.23661e-16
6.22941e-15
8.12329e-15
1.20693e-14
1.65684e-14
2.11927e-14
2.57838e-14
3.03477e-14
3.46669e-14
3.87118e-14
4.24832e-14
4.60874e-14
4.92233e-14
5.19608e-14
5.44467e-14
5.63452e-14
5.79462e-14
5.90444e-14
5.97297e-14
6.00511e-14
5.98987e-14
5.95134e-14
5.86668e-14
5.76666e-14
5.63684e-14
5.48259e-14
5.3243e-14
5.1471e-14
4.95789e-14
4.76379e-14
4.57353e-14
4.37993e-14
4.18267e-14
3.98778e-14
3.79633e-14
3.60909e-14
3.42669e-14
3.24957e-14
3.07805e-14
2.91236e-14
2.75264e-14
2.59895e-14
2.4513e-14
2.30969e-14
2.17406e-14
2.0443e-14
1.92032e-14
1.80201e-14
1.68894e-14
1.58109e-14
1.47906e-14
1.38209e-14
1.29e-14
1.20261e-14
1.11976e-14
1.04129e-14
9.67019e-15
8.96788e-15
8.30429e-15
7.67772e-15
7.08649e-15
6.52899e-15
6.00353e-15
5.50845e-15
5.04301e-15
4.60922e-15
4.19655e-15
3.80693e-15
3.43974e-15
3.09349e-15
2.76671e-15
2.45798e-15
2.16594e-15
1.88924e-15
1.62661e-15
1.37687e-15
1.139e-15
9.12352e-16
6.97276e-16
4.97181e-16
3.27116e-16
2.47383e-16
1.12733e-14
1.21396e-14
1.4386e-14
1.74115e-14
2.08235e-14
2.43739e-14
2.79618e-14
3.14678e-14
3.48345e-14
3.80141e-14
4.0964e-14
4.36393e-14
4.60159e-14
4.80728e-14
4.97767e-14
5.11236e-14
5.21164e-14
5.27465e-14
5.30312e-14
5.29905e-14
5.26557e-14
5.20494e-14
5.12168e-14
5.01797e-14
4.8977e-14
4.76408e-14
4.61998e-14
4.46788e-14
4.31115e-14
4.14798e-14
3.98722e-14
3.82359e-14
3.6591e-14
3.49705e-14
3.33798e-14
3.18231e-14
3.03038e-14
2.88243e-14
2.7387e-14
2.59932e-14
2.46326e-14
2.33138e-14
2.20591e-14
2.085e-14
1.96768e-14
1.85542e-14
1.74837e-14
1.64554e-14
1.5467e-14
1.45281e-14
1.36314e-14
1.27736e-14
1.19572e-14
1.11805e-14
1.04411e-14
9.73894e-15
9.07144e-15
8.43724e-15
7.83538e-15
7.26645e-15
6.72803e-15
6.21557e-15
5.73009e-15
5.27027e-15
4.83501e-15
4.42658e-15
4.03735e-15
3.66702e-15
3.31583e-15
2.98257e-15
2.66609e-15
2.3653e-15
2.07924e-15
1.80715e-15
1.54941e-15
1.30694e-15
1.07647e-15
8.63938e-16
6.78303e-16
5.40145e-16
4.86129e-16
1.56898e-14
1.61597e-14
1.7426e-14
1.93692e-14
2.17167e-14
2.43045e-14
2.70022e-14
2.97144e-14
3.23698e-14
3.49167e-14
3.73018e-14
3.94916e-14
4.14472e-14
4.31447e-14
4.45561e-14
4.56679e-14
4.64798e-14
4.69788e-14
4.71799e-14
4.71161e-14
4.68043e-14
4.62709e-14
4.55504e-14
4.46603e-14
4.3645e-14
4.25209e-14
4.13234e-14
4.00618e-14
3.87591e-14
3.74239e-14
3.60875e-14
3.47163e-14
3.335e-14
3.2003e-14
3.06765e-14
2.93733e-14
2.80922e-14
2.68124e-14
2.55809e-14
2.4367e-14
2.31949e-14
2.20477e-14
2.0941e-14
1.9867e-14
1.88277e-14
1.7827e-14
1.68611e-14
1.59305e-14
1.50372e-14
1.41784e-14
1.33543e-14
1.25653e-14
1.18089e-14
1.10859e-14
1.03945e-14
9.73436e-15
9.10407e-15
8.50353e-15
7.93022e-15
7.38538e-15
6.86498e-15
6.37076e-15
5.90033e-15
5.45104e-15
5.02643e-15
4.62014e-15
4.23254e-15
3.86641e-15
3.51647e-15
3.18149e-15
2.86232e-15
2.5601e-15
2.27294e-15
1.99785e-15
1.73765e-15
1.49366e-15
1.26874e-15
1.06844e-15
9.03053e-16
7.89502e-16
7.4824e-16
1.95632e-14
1.98151e-14
2.05631e-14
2.17672e-14
2.33006e-14
2.50704e-14
2.6989e-14
2.89814e-14
3.09814e-14
3.29351e-14
3.47815e-14
3.64869e-14
3.80263e-14
3.93604e-14
4.04557e-14
4.13006e-14
4.18838e-14
4.21987e-14
4.22665e-14
4.21044e-14
4.17301e-14
4.11779e-14
4.04813e-14
3.96607e-14
3.87571e-14
3.7783e-14
3.67616e-14
3.57048e-14
3.4627e-14
3.35328e-14
3.24226e-14
3.13118e-14
3.02151e-14
2.9099e-14
2.80188e-14
2.69258e-14
2.58518e-14
2.47899e-14
2.37446e-14
2.27181e-14
2.17127e-14
2.07272e-14
1.97667e-14
1.883e-14
1.79185e-14
1.70325e-14
1.61742e-14
1.53426e-14
1.45385e-14
1.3762e-14
1.30128e-14
1.22912e-14
1.15965e-14
1.09284e-14
1.02867e-14
9.67083e-15
9.08021e-15
8.51426e-15
7.97228e-15
7.45354e-15
6.95736e-15
6.48259e-15
6.02874e-15
5.59534e-15
5.18023e-15
4.78452e-15
4.40536e-15
4.04402e-15
3.6974e-15
3.36813e-15
3.05134e-15
2.75159e-15
2.46557e-15
2.19357e-15
1.939e-15
1.70512e-15
1.49175e-15
1.30735e-15
1.16139e-15
1.06587e-15
1.03236e-15
2.2817e-14
2.29374e-14
2.34114e-14
2.41447e-14
2.51122e-14
2.62683e-14
2.75585e-14
2.89351e-14
3.03493e-14
3.17576e-14
3.31188e-14
3.43821e-14
3.55119e-14
3.64871e-14
3.72592e-14
3.78057e-14
3.81242e-14
3.82122e-14
3.80721e-14
3.7742e-14
3.72431e-14
3.66168e-14
3.58752e-14
3.50721e-14
3.42282e-14
3.33593e-14
3.24782e-14
3.15951e-14
3.07101e-14
2.98278e-14
2.89348e-14
2.80471e-14
2.71769e-14
2.62927e-14
2.54142e-14
2.45351e-14
2.36613e-14
2.27905e-14
2.19278e-14
2.10727e-14
2.02281e-14
1.93945e-14
1.85742e-14
1.77683e-14
1.69779e-14
1.62043e-14
1.54497e-14
1.47131e-14
1.39969e-14
1.33007e-14
1.26252e-14
1.19706e-14
1.13369e-14
1.07243e-14
1.01327e-14
9.56214e-15
9.0123e-15
8.48294e-15
7.97354e-15
7.48368e-15
7.01287e-15
6.56061e-15
6.12639e-15
5.70964e-15
5.30981e-15
4.92644e-15
4.5586e-15
4.2063e-15
3.86913e-15
3.54588e-15
3.23766e-15
2.94402e-15
2.66501e-15
2.4024e-15
2.15836e-15
1.93354e-15
1.73568e-15
1.56974e-15
1.44079e-15
1.35885e-15
1.33063e-15
2.55847e-14
2.56651e-14
2.59198e-14
2.63463e-14
2.69188e-14
2.76187e-14
2.84223e-14
2.93049e-14
3.02333e-14
3.11739e-14
3.2093e-14
3.29529e-14
3.37093e-14
3.43214e-14
3.47592e-14
3.50012e-14
3.5011e-14
3.48255e-14
3.4427e-14
3.38643e-14
3.31812e-14
3.24116e-14
3.16038e-14
3.07764e-14
2.99651e-14
2.91808e-14
2.84239e-14
2.76975e-14
2.69904e-14
2.63036e-14
2.56191e-14
2.49496e-14
2.42706e-14
2.35949e-14
2.29146e-14
2.22314e-14
2.15438e-14
2.08517e-14
2.01592e-14
1.94625e-14
1.87678e-14
1.8076e-14
1.73891e-14
1.67083e-14
1.60326e-14
1.53664e-14
1.47105e-14
1.40656e-14
1.34329e-14
1.28145e-14
1.22102e-14
1.16212e-14
1.10474e-14
1.04894e-14
9.94761e-15
9.42249e-15
8.914e-15
8.422e-15
7.94623e-15
7.48657e-15
7.04275e-15
6.61468e-15
6.20196e-15
5.80445e-15
5.42187e-15
5.05383e-15
4.70012e-15
4.36046e-15
4.0347e-15
3.72283e-15
3.42521e-15
3.14238e-15
2.87443e-15
2.62408e-15
2.39222e-15
2.18304e-15
1.99924e-15
1.8495e-15
1.7353e-15
1.66385e-15
1.63952e-15
2.78211e-14
2.79002e-14
2.80366e-14
2.82528e-14
2.85507e-14
2.89258e-14
2.93719e-14
2.9874e-14
3.04116e-14
3.09667e-14
3.15085e-14
3.20055e-14
3.24147e-14
3.27007e-14
3.27936e-14
3.2696e-14
3.238e-14
3.18521e-14
3.11415e-14
3.02921e-14
2.93583e-14
2.84113e-14
2.74944e-14
2.66439e-14
2.58732e-14
2.51812e-14
2.45571e-14
2.39854e-14
2.34597e-14
2.2961e-14
2.24801e-14
2.19996e-14
2.15248e-14
2.10407e-14
2.05484e-14
2.00443e-14
1.95301e-14
1.90052e-14
1.84681e-14
1.79212e-14
1.73674e-14
1.68065e-14
1.62427e-14
1.56765e-14
1.51096e-14
1.45435e-14
1.39805e-14
1.34213e-14
1.28686e-14
1.23232e-14
1.17866e-14
1.126e-14
1.07435e-14
1.02386e-14
9.74587e-15
9.26567e-15
8.79845e-15
8.34399e-15
7.90224e-15
7.47334e-15
7.05742e-15
6.65459e-15
6.26484e-15
5.88815e-15
5.52465e-15
5.17414e-15
4.83644e-15
4.51179e-15
4.20039e-15
3.90232e-15
3.61824e-15
3.34893e-15
3.09546e-15
2.85939e-15
2.64231e-15
2.44787e-15
2.28025e-15
2.14323e-15
2.04067e-15
1.97865e-15
1.95948e-15
2.97318e-14
2.97274e-14
2.97691e-14
2.98422e-14
2.995e-14
3.00933e-14
3.02712e-14
3.04817e-14
3.07173e-14
3.09659e-14
3.12006e-14
3.1381e-14
3.14764e-14
3.14411e-14
3.12039e-14
3.07455e-14
3.00341e-14
2.91059e-14
2.80046e-14
2.68007e-14
2.55794e-14
2.4445e-14
2.34413e-14
2.25967e-14
2.19004e-14
2.13318e-14
2.08649e-14
2.0473e-14
2.01353e-14
1.98292e-14
1.95336e-14
1.92389e-14
1.89449e-14
1.86396e-14
1.83197e-14
1.79818e-14
1.76263e-14
1.72509e-14
1.6858e-14
1.64466e-14
1.6023e-14
1.55868e-14
1.51365e-14
1.46759e-14
1.42126e-14
1.3741e-14
1.32658e-14
1.27891e-14
1.23124e-14
1.18379e-14
1.13664e-14
1.08992e-14
1.04385e-14
9.98528e-15
9.54043e-15
9.10444e-15
8.67778e-15
8.26042e-15
7.85231e-15
7.45403e-15
7.06634e-15
6.68927e-15
6.32314e-15
5.96838e-15
5.62507e-15
5.29343e-15
4.97361e-15
4.66577e-15
4.37045e-15
4.08796e-15
3.8194e-15
3.5655e-15
3.32797e-15
3.10818e-15
2.90734e-15
2.72805e-15
2.57382e-15
2.44964e-15
2.35761e-15
2.3037e-15
2.28511e-15
3.11695e-14
3.11508e-14
3.11314e-14
3.11063e-14
3.10768e-14
3.10499e-14
3.10332e-14
3.103e-14
3.10343e-14
3.10391e-14
3.10193e-14
3.09451e-14
3.07658e-14
3.04102e-14
2.98318e-14
2.89654e-14
2.78107e-14
2.63802e-14
2.47993e-14
2.32108e-14
2.17634e-14
2.05453e-14
1.95683e-14
1.88166e-14
1.82539e-14
1.7838e-14
1.75251e-14
1.72928e-14
1.71097e-14
1.69454e-14
1.68119e-14
1.66719e-14
1.65233e-14
1.63635e-14
1.61824e-14
1.59807e-14
1.57571e-14
1.55116e-14
1.52451e-14
1.49577e-14
1.46501e-14
1.4324e-14
1.39835e-14
1.36296e-14
1.32638e-14
1.28875e-14
1.25034e-14
1.2113e-14
1.17179e-14
1.13189e-14
1.09174e-14
1.0515e-14
1.01131e-14
9.71434e-15
9.31873e-15
8.92747e-15
8.54234e-15
8.16293e-15
7.78966e-15
7.42345e-15
7.06568e-15
6.71611e-15
6.3753e-15
6.04449e-15
5.72333e-15
5.41243e-15
5.11228e-15
4.82334e-15
4.5461e-15
4.28107e-15
4.02972e-15
3.79225e-15
3.57107e-15
3.36917e-15
3.18562e-15
3.02054e-15
2.87917e-15
2.76646e-15
2.68397e-15
2.63535e-15
2.61836e-15
3.22022e-14
3.21952e-14
3.21358e-14
3.20383e-14
3.19113e-14
3.17648e-14
3.1607e-14
3.14456e-14
3.12786e-14
3.11015e-14
3.08835e-14
3.0592e-14
3.01658e-14
2.95285e-14
2.8578e-14
2.72522e-14
2.55336e-14
2.35587e-14
2.15604e-14
1.97712e-14
1.83084e-14
1.71668e-14
1.63156e-14
1.56933e-14
1.52457e-14
1.49322e-14
1.47193e-14
1.45808e-14
1.4491e-14
1.44194e-14
1.43739e-14
1.43357e-14
1.42822e-14
1.4217e-14
1.41322e-14
1.40271e-14
1.3903e-14
1.37535e-14
1.35844e-14
1.33936e-14
1.31822e-14
1.29529e-14
1.27062e-14
1.24442e-14
1.21691e-14
1.18812e-14
1.15833e-14
1.12762e-14
1.09614e-14
1.06404e-14
1.03147e-14
Process [1]
9.98346e-15
9.64841e-15
9.31174e-15
8.97379e-15
8.63632e-15
8.3011e-15
7.96836e-15
7.63907e-15
7.31404e-15
6.99508e-15
6.68144e-15
6.37456e-15
6.07547e-15
5.78382e-15
5.50078e-15
5.2265e-15
4.96223e-15
4.7086e-15
4.46531e-15
4.23591e-15
4.01816e-15
3.81529e-15
3.63307e-15
3.46752e-15
3.31807e-15
3.19125e-15
3.09051e-15
3.01828e-15
2.97321e-15
2.95801e-15
3.29091e-14
3.2882e-14
3.27918e-14
3.26451e-14
3.24516e-14
3.22216e-14
3.19642e-14
3.16888e-14
3.13991e-14
3.1086e-14
3.07282e-14
3.02754e-14
2.96463e-14
2.87252e-14
2.73888e-14
2.55423e-14
2.33012e-14
2.09784e-14
1.88817e-14
1.71707e-14
1.58095e-14
1.47395e-14
1.39142e-14
1.33017e-14
1.28645e-14
1.25737e-14
1.23942e-14
1.2296e-14
1.22553e-14
1.22431e-14
1.22542e-14
1.22763e-14
1.22927e-14
1.2295e-14
1.22799e-14
1.2245e-14
1.21886e-14
1.21118e-14
1.20103e-14
1.18889e-14
1.17466e-14
1.15841e-14
1.14078e-14
1.1214e-14
1.10059e-14
1.07835e-14
1.05505e-14
1.03076e-14
1.00566e-14
9.79827e-15
9.53437e-15
9.26512e-15
8.99315e-15
8.71869e-15
8.44128e-15
8.16187e-15
7.88283e-15
7.60419e-15
7.32605e-15
7.05108e-15
6.77957e-15
6.51154e-15
6.24799e-15
5.99055e-15
5.738e-15
5.49281e-15
5.25427e-15
5.02425e-15
4.80281e-15
4.59099e-15
4.39128e-15
4.20137e-15
4.02639e-15
3.86878e-15
3.72414e-15
3.59665e-15
3.49126e-15
3.40827e-15
3.34879e-15
3.31155e-15
3.299e-15
3.32682e-14
3.32291e-14
3.31175e-14
3.29382e-14
3.26997e-14
3.24131e-14
3.20916e-14
3.17465e-14
3.13836e-14
3.09957e-14
3.05469e-14
2.99905e-14
2.92106e-14
2.80561e-14
2.63673e-14
2.40948e-14
2.15782e-14
1.92316e-14
1.72463e-14
1.55763e-14
1.41734e-14
1.30214e-14
1.20927e-14
1.13919e-14
1.09006e-14
1.05772e-14
1.03949e-14
1.03217e-14
1.03222e-14
1.03715e-14
1.04468e-14
1.0529e-14
1.06061e-14
1.06723e-14
1.07206e-14
1.07469e-14
1.07494e-14
1.0728e-14
1.06836e-14
1.06144e-14
1.05235e-14
1.04124e-14
1.02836e-14
1.01367e-14
9.97483e-15
9.79891e-15
9.61131e-15
9.41328e-15
9.20647e-15
8.99311e-15
8.77383e-15
8.55061e-15
8.32267e-15
8.094e-15
7.86334e-15
7.63072e-15
7.39759e-15
7.16455e-15
6.932e-15
6.70186e-15
6.47387e-15
6.24859e-15
6.02781e-15
5.81171e-15
5.60032e-15
5.39508e-15
5.19597e-15
5.00463e-15
4.8207e-15
4.64624e-15
4.48168e-15
4.32693e-15
4.18683e-15
4.05897e-15
3.94136e-15
3.84135e-15
3.76192e-15
3.70092e-15
3.65777e-15
3.63073e-15
3.62163e-15
3.32939e-14
3.32526e-14
3.3129e-14
3.29298e-14
3.26654e-14
3.23476e-14
3.19921e-14
3.16146e-14
3.12222e-14
3.08102e-14
3.03572e-14
2.97851e-14
2.89758e-14
2.77163e-14
2.57503e-14
2.32468e-14
2.07083e-14
1.84207e-14
1.63785e-14
1.45731e-14
1.3005e-14
1.16826e-14
1.06141e-14
9.79162e-15
9.21939e-15
8.85234e-15
8.66606e-15
8.62227e-15
8.67549e-15
8.78885e-15
8.93546e-15
9.09526e-15
9.2453e-15
9.37661e-15
9.48913e-15
9.57518e-15
9.63352e-15
9.66316e-15
9.66609e-15
9.6423e-15
9.59473e-15
9.52386e-15
9.43324e-15
9.32398e-15
9.19753e-15
9.05705e-15
8.90316e-15
8.73869e-15
8.56599e-15
8.38483e-15
8.19793e-15
8.00547e-15
7.80993e-15
7.61134e-15
7.41127e-15
7.21036e-15
7.00937e-15
6.80846e-15
6.60885e-15
6.41123e-15
6.21636e-15
6.02525e-15
5.83793e-15
5.65562e-15
5.47837e-15
5.30716e-15
5.14224e-15
4.98449e-15
4.83438e-15
4.69299e-15
4.56061e-15
4.43827e-15
4.32759e-15
4.22709e-15
4.13701e-15
4.06195e-15
4.00391e-15
3.96076e-15
3.93077e-15
3.91306e-15
3.90845e-15
3.30165e-14
3.29736e-14
3.28441e-14
3.26369e-14
3.23652e-14
3.20415e-14
3.16856e-14
3.13178e-14
3.09554e-14
3.06023e-14
3.02467e-14
2.98198e-14
2.91736e-14
2.78828e-14
2.57017e-14
2.30459e-14
2.0456e-14
1.80575e-14
1.58618e-14
1.38887e-14
1.21423e-14
1.06454e-14
9.41187e-15
8.45295e-15
7.77337e-15
7.36093e-15
7.17913e-15
7.17874e-15
7.30279e-15
7.50162e-15
7.73666e-15
7.97949e-15
8.21363e-15
8.42101e-15
8.5995e-15
8.74515e-15
8.85718e-15
8.93544e-15
8.98141e-15
8.99657e-15
8.98433e-15
8.94646e-15
8.88555e-15
8.80453e-15
8.7049e-15
8.58931e-15
8.45994e-15
8.31907e-15
8.16849e-15
8.00946e-15
7.84355e-15
7.67283e-15
7.49808e-15
7.32018e-15
7.14084e-15
6.96083e-15
6.78123e-15
6.60228e-15
6.42496e-15
6.25007e-15
6.07858e-15
5.91061e-15
5.74726e-15
5.58877e-15
5.43598e-15
5.28902e-15
5.14863e-15
5.01517e-15
4.88935e-15
4.77156e-15
4.66242e-15
4.56254e-15
4.47213e-15
4.3914e-15
4.32123e-15
4.26334e-15
4.21843e-15
4.18552e-15
4.16344e-15
4.15016e-15
4.14555e-15
3.24473e-14
3.24109e-14
3.2284e-14
3.20822e-14
3.18189e-14
3.15148e-14
3.11948e-14
3.08906e-14
3.0632e-14
3.04414e-14
3.03426e-14
3.02845e-14
2.9935e-14
2.85444e-14
2.60359e-14
2.31952e-14
2.04734e-14
1.79391e-14
1.55885e-14
1.34485e-14
1.15314e-14
9.85613e-15
8.44521e-15
7.33832e-15
6.54292e-15
6.07465e-15
5.90901e-15
5.97422e-15
6.19727e-15
6.50694e-15
6.84954e-15
7.1938e-15
7.51504e-15
7.80358e-15
8.05101e-15
8.25511e-15
8.4178e-15
8.53991e-15
8.6238e-15
8.67215e-15
8.68837e-15
8.6755e-15
8.63672e-15
8.57476e-15
8.49266e-15
8.39308e-15
8.2784e-15
8.15089e-15
8.01269e-15
7.8656e-15
7.71111e-15
7.55135e-15
7.38735e-15
7.22045e-15
7.05218e-15
6.88326e-15
6.71473e-15
6.54747e-15
6.38223e-15
6.21978e-15
6.06079e-15
5.90606e-15
5.75616e-15
5.61126e-15
5.47231e-15
5.33944e-15
5.2131e-15
5.09389e-15
4.98212e-15
4.87821e-15
4.78249e-15
4.69535e-15
4.61713e-15
4.54809e-15
4.48893e-15
4.44022e-15
4.402e-15
4.37371e-15
4.3547e-15
4.34295e-15
4.33907e-15
3.16281e-14
3.15898e-14
3.1474e-14
3.12907e-14
3.10579e-14
3.0804e-14
3.05635e-14
3.03855e-14
3.03242e-14
3.04336e-14
3.07817e-14
3.13039e-14
3.11527e-14
2.93822e-14
2.64978e-14
2.34889e-14
2.06501e-14
1.79834e-14
1.54973e-14
1.32047e-14
1.1137e-14
9.29102e-15
7.70939e-15
6.43284e-15
5.50482e-15
4.98253e-15
4.84038e-15
5.00265e-15
5.35499e-15
5.79922e-15
6.26696e-15
6.72031e-15
7.13489e-15
7.50017e-15
7.81295e-15
8.07363e-15
8.28327e-15
8.44406e-15
8.56024e-15
8.6356e-15
8.67381e-15
8.67928e-15
8.65504e-15
8.60522e-15
8.53304e-15
8.4413e-15
8.33299e-15
8.21025e-15
8.07585e-15
7.93178e-15
7.77963e-15
7.62178e-15
7.45963e-15
7.29449e-15
7.12748e-15
6.96004e-15
6.79311e-15
6.62792e-15
6.46482e-15
6.3049e-15
6.14874e-15
5.99691e-15
5.85023e-15
5.70898e-15
5.57397e-15
5.44521e-15
5.32338e-15
5.20879e-15
5.1017e-15
5.00242e-15
4.91147e-15
4.8289e-15
4.75512e-15
4.69038e-15
4.63496e-15
4.58906e-15
4.55258e-15
4.52513e-15
4.50629e-15
4.49489e-15
4.49107e-15
3.05814e-14
3.054e-14
3.04394e-14
3.02899e-14
3.0115e-14
2.99459e-14
2.98411e-14
2.98591e-14
3.01009e-14
3.06606e-14
3.16448e-14
3.27753e-14
3.25067e-14
3.01757e-14
2.70217e-14
2.39069e-14
2.09443e-14
1.81526e-14
1.55456e-14
1.31268e-14
1.09084e-14
8.90638e-15
7.15679e-15
5.71055e-15
4.63941e-15
4.04735e-15
3.95463e-15
4.25248e-15
4.76738e-15
5.36312e-15
5.96084e-15
6.52079e-15
7.0246e-15
7.46153e-15
7.83615e-15
8.14602e-15
8.39422e-15
8.59186e-15
8.73389e-15
8.83075e-15
8.88628e-15
8.90444e-15
8.89002e-15
8.84664e-15
8.77824e-15
8.68801e-15
8.58011e-15
8.45576e-15
8.31835e-15
8.17052e-15
8.01434e-15
7.85105e-15
7.68297e-15
7.51194e-15
7.33854e-15
7.16462e-15
6.99141e-15
6.81948e-15
6.65003e-15
6.48421e-15
6.32199e-15
6.16445e-15
6.01227e-15
5.866e-15
5.72592e-15
5.59282e-15
5.46686e-15
5.34843e-15
5.2378e-15
5.13542e-15
5.04176e-15
4.95666e-15
4.88071e-15
4.81383e-15
4.75635e-15
4.70834e-15
4.66972e-15
4.64019e-15
4.61929e-15
4.60736e-15
4.60319e-15
2.93018e-14
2.92809e-14
2.92109e-14
2.91137e-14
2.90217e-14
2.89861e-14
2.90679e-14
2.93695e-14
3.00103e-14
3.11773e-14
3.29307e-14
3.44315e-14
3.37569e-14
3.09149e-14
2.76053e-14
2.43923e-14
2.13349e-14
1.84272e-14
1.57094e-14
1.31665e-14
1.08152e-14
8.67867e-15
6.7689e-15
5.15262e-15
3.92439e-15
3.25779e-15
3.24329e-15
3.71561e-15
4.41314e-15
5.16224e-15
5.88381e-15
6.54097e-15
7.12317e-15
7.62667e-15
8.05166e-15
8.40945e-15
8.69091e-15
8.91533e-15
9.0779e-15
9.19418e-15
9.26233e-15
9.28925e-15
9.28063e-15
9.2406e-15
9.17246e-15
9.08076e-15
8.96857e-15
8.83837e-15
8.6944e-15
8.53828e-15
8.37243e-15
8.1991e-15
8.02044e-15
7.83777e-15
7.65228e-15
7.46586e-15
7.27973e-15
7.09523e-15
6.91311e-15
6.73399e-15
6.55919e-15
6.38913e-15
6.22446e-15
6.06585e-15
5.91404e-15
5.76939e-15
5.63229e-15
5.50317e-15
5.38243e-15
5.27035e-15
5.16748e-15
5.07391e-15
4.98998e-15
4.91585e-15
4.85172e-15
4.79774e-15
4.75378e-15
4.71976e-15
4.69569e-15
4.68108e-15
4.67625e-15
2.78555e-14
2.78516e-14
2.78218e-14
2.77984e-14
2.7823e-14
2.79563e-14
2.8295e-14
2.89543e-14
3.00979e-14
3.19415e-14
3.44404e-14
3.60447e-14
3.48409e-14
3.16669e-14
2.82351e-14
2.49274e-14
2.17734e-14
1.87751e-14
1.59443e-14
1.32943e-14
1.0832e-14
8.56222e-15
6.51517e-15
4.73015e-15
3.33467e-15
2.59739e-15
2.69566e-15
3.37498e-15
4.25635e-15
5.14717e-15
5.97458e-15
6.71771e-15
7.36666e-15
7.92508e-15
8.39575e-15
8.78768e-15
9.10015e-15
9.34865e-15
9.53792e-15
9.66325e-15
9.74249e-15
9.77731e-15
9.77198e-15
9.73332e-15
9.66349e-15
9.56788e-15
9.45024e-15
9.31272e-15
9.1586e-15
8.99173e-15
8.81392e-15
8.62744e-15
8.43446e-15
8.23651e-15
8.03574e-15
7.83341e-15
7.63056e-15
7.42907e-15
7.22951e-15
7.03293e-15
6.8405e-15
6.65272e-15
6.47039e-15
6.2943e-15
6.1253e-15
5.96352e-15
5.80987e-15
5.66464e-15
5.52834e-15
5.40145e-15
5.28433e-15
5.17733e-15
5.08087e-15
4.99518e-15
4.92069e-15
4.85739e-15
4.80549e-15
4.76504e-15
4.73617e-15
4.71884e-15
4.71313e-15
2.62806e-14
2.62766e-14
2.63016e-14
2.63761e-14
2.65555e-14
2.69083e-14
2.75538e-14
2.86319e-14
3.03331e-14
3.28817e-14
3.60108e-14
3.75077e-14
3.58064e-14
3.24242e-14
2.88964e-14
2.55027e-14
2.22514e-14
1.91611e-14
1.62369e-14
1.34823e-14
1.09148e-14
8.53208e-15
6.35903e-15
4.42864e-15
2.85889e-15
2.05598e-15
2.30323e-15
3.20257e-15
4.2557e-15
5.26529e-15
6.17894e-15
6.9919e-15
7.69654e-15
8.30228e-15
8.81156e-15
9.23422e-15
9.57761e-15
9.8448e-15
1.00475e-14
1.01938e-14
1.02803e-14
1.03209e-14
1.03192e-14
1.02805e-14
1.0209e-14
1.01088e-14
9.98381e-15
9.83807e-15
9.67433e-15
9.4952e-15
9.30409e-15
9.10274e-15
8.89421e-15
8.67968e-15
8.46149e-15
8.24051e-15
8.01895e-15
7.79801e-15
7.57815e-15
7.36108e-15
7.14783e-15
6.93937e-15
6.73613e-15
6.53878e-15
6.34857e-15
6.16619e-15
5.99175e-15
5.82622e-15
5.67039e-15
5.52443e-15
5.38903e-15
5.26473e-15
5.15207e-15
5.05144e-15
4.96326e-15
4.88803e-15
4.82596e-15
4.77739e-15
4.74252e-15
4.72144e-15
4.71447e-15
Process [2]
2.45501e-14
2.45878e-14
2.46829e-14
2.48808e-14
2.52438e-14
2.5863e-14
2.68706e-14
2.84049e-14
3.0679e-14
3.38734e-14
3.7464e-14
3.87998e-14
3.67004e-14
3.31785e-14
2.9568e-14
2.60928e-14
2.27571e-14
1.95754e-14
1.65561e-14
1.37096e-14
1.10413e-14
8.56275e-15
6.28622e-15
4.21999e-15
2.48701e-15
1.62824e-15
2.04835e-15
3.17259e-15
4.36687e-15
5.46567e-15
6.4509e-15
7.31924e-15
8.07206e-15
8.71801e-15
9.26108e-15
9.71206e-15
1.00785e-14
1.03675e-14
1.05872e-14
1.07393e-14
1.08388e-14
1.08854e-14
1.08868e-14
1.08484e-14
1.07748e-14
1.06703e-14
1.05391e-14
1.03849e-14
1.02105e-14
1.00194e-14
9.81516e-15
9.59961e-15
9.37502e-15
9.1432e-15
8.90651e-15
8.66685e-15
8.425e-15
8.1828e-15
7.94214e-15
7.7034e-15
7.46744e-15
7.23597e-15
7.00936e-15
6.78902e-15
6.57517e-15
6.36925e-15
6.17142e-15
5.98312e-15
5.80448e-15
5.63643e-15
5.47972e-15
5.33498e-15
5.20304e-15
5.08459e-15
4.98031e-15
4.89069e-15
4.81649e-15
4.75814e-15
4.71617e-15
4.69078e-15
4.68233e-15
2.2754e-14
2.28145e-14
2.29948e-14
2.33446e-14
2.39302e-14
2.48481e-14
2.62371e-14
2.82494e-14
3.10609e-14
3.48084e-14
3.87345e-14
3.99319e-14
3.75582e-14
3.39327e-14
3.02536e-14
2.66925e-14
2.32718e-14
1.99997e-14
1.68921e-14
1.3956e-14
1.12034e-14
8.63559e-15
6.26068e-15
4.09549e-15
2.20185e-15
1.31182e-15
1.91955e-15
3.24085e-15
4.53563e-15
5.71596e-15
6.75323e-15
7.66766e-15
8.46131e-15
9.13992e-15
9.71488e-15
1.01922e-14
1.058e-14
1.08869e-14
1.11195e-14
1.12835e-14
1.13926e-14
1.14464e-14
1.14532e-14
1.14117e-14
1.13376e-14
1.12291e-14
1.10919e-14
1.09305e-14
1.07463e-14
1.05446e-14
1.03274e-14
1.00974e-14
9.85694e-15
9.60878e-15
9.35407e-15
9.09483e-15
8.83346e-15
8.57049e-15
8.30762e-15
8.04642e-15
7.78756e-15
7.53246e-15
7.28203e-15
7.03688e-15
6.79827e-15
6.56716e-15
6.34424e-15
6.13092e-15
5.92769e-15
5.73522e-15
5.55496e-15
5.38748e-15
5.23393e-15
5.09531e-15
4.97257e-15
4.86665e-15
4.77849e-15
4.70894e-15
4.65862e-15
4.62826e-15
4.61826e-15
2.08935e-14
2.0977e-14
2.12645e-14
2.17916e-14
2.26269e-14
2.38749e-14
2.56542e-14
2.81133e-14
3.14054e-14
3.5603e-14
3.97838e-14
4.0922e-14
3.83938e-14
3.46869e-14
3.09091e-14
2.72888e-14
2.37941e-14
2.04156e-14
1.72324e-14
1.42119e-14
1.13745e-14
8.72523e-15
6.26778e-15
4.01199e-15
1.98542e-15
1.10586e-15
1.89997e-15
3.37359e-15
4.74546e-15
5.97757e-15
7.06887e-15
8.01716e-15
8.84711e-15
9.55396e-15
1.01549e-14
1.06549e-14
1.10626e-14
1.13855e-14
1.16329e-14
1.181e-14
1.19264e-14
1.19838e-14
1.19969e-14
1.19616e-14
1.18819e-14
1.17689e-14
1.16266e-14
1.14576e-14
1.12653e-14
1.10533e-14
1.08248e-14
1.05813e-14
1.03267e-14
1.00619e-14
9.79069e-15
9.51357e-15
9.23229e-15
8.94974e-15
8.66563e-15
8.38163e-15
8.09938e-15
7.82084e-15
7.54629e-15
7.27609e-15
7.01227e-15
6.75558e-15
6.50712e-15
6.26769e-15
6.03821e-15
5.82003e-15
5.61436e-15
5.42226e-15
5.24528e-15
5.08458e-15
4.9414e-15
4.81728e-15
4.7135e-15
4.63139e-15
4.57167e-15
4.53585e-15
4.52391e-15
1.89619e-14
1.91068e-14
1.95163e-14
2.02494e-14
2.13637e-14
2.29533e-14
2.51212e-14
2.79791e-14
3.16632e-14
3.62048e-14
4.05934e-14
4.17832e-14
3.92037e-14
3.54186e-14
3.15897e-14
2.7872e-14
2.429e-14
2.08038e-14
1.75706e-14
1.44577e-14
1.1545e-14
8.82036e-15
6.29069e-15
3.96022e-15
1.83044e-15
9.99907e-16
1.96877e-15
3.54476e-15
4.97301e-15
6.24445e-15
7.37094e-15
8.35671e-15
9.21342e-15
9.94785e-15
1.05701e-14
1.10903e-14
1.15161e-14
1.18536e-14
1.21136e-14
1.23015e-14
1.24245e-14
1.24872e-14
1.25019e-14
1.24662e-14
1.2392e-14
1.22762e-14
1.21315e-14
1.19568e-14
1.17574e-14
1.15365e-14
1.12972e-14
1.10419e-14
1.07734e-14
1.04951e-14
1.02072e-14
9.91262e-15
9.61306e-15
9.31077e-15
9.00658e-15
8.70161e-15
8.39765e-15
8.09572e-15
7.79691e-15
7.50262e-15
7.2136e-15
6.9313e-15
6.65642e-15
6.39042e-15
6.13449e-15
5.88986e-15
5.65784e-15
5.43987e-15
5.23806e-15
5.05346e-15
4.88831e-15
4.74434e-15
4.62341e-15
4.52722e-15
4.45705e-15
4.41495e-15
4.40093e-15
1.70558e-14
1.72239e-14
1.77782e-14
1.87374e-14
2.01506e-14
2.20859e-14
2.46088e-14
2.78166e-14
3.18001e-14
3.65737e-14
4.11554e-14
4.25174e-14
3.99886e-14
3.61544e-14
3.22451e-14
2.84424e-14
2.47596e-14
2.12311e-14
1.78745e-14
1.469e-14
1.16989e-14
8.90584e-15
6.3162e-15
3.92697e-15
1.74181e-15
9.89523e-16
2.10274e-15
3.73414e-15
5.20329e-15
6.5087e-15
7.66386e-15
8.67207e-15
9.55518e-15
1.03113e-14
1.09554e-14
1.14908e-14
1.19318e-14
1.22843e-14
1.25548e-14
1.27524e-14
1.2883e-14
1.29537e-14
1.29696e-14
1.29374e-14
1.28604e-14
1.27487e-14
1.2597e-14
1.24193e-14
1.22135e-14
1.19854e-14
1.17363e-14
1.14709e-14
1.11909e-14
1.08983e-14
1.05959e-14
1.02858e-14
9.96994e-15
9.64959e-15
9.32608e-15
9.00102e-15
8.67608e-15
8.35203e-15
8.03061e-15
7.71251e-15
7.39899e-15
7.09162e-15
6.7909e-15
6.49854e-15
6.216e-15
5.94441e-15
5.68566e-15
5.44113e-15
5.2132e-15
5.00372e-15
4.81502e-15
4.64965e-15
4.50996e-15
4.39835e-15
4.31661e-15
4.2674e-15
4.25103e-15
1.50932e-14
1.53455e-14
1.60678e-14
1.72772e-14
1.90059e-14
2.12693e-14
2.41194e-14
2.76019e-14
3.17936e-14
3.66861e-14
4.14764e-14
4.31176e-14
4.07535e-14
3.6872e-14
3.28783e-14
2.89832e-14
2.5211e-14
2.15942e-14
1.81447e-14
1.48821e-14
1.18527e-14
8.97621e-15
6.32846e-15
3.89482e-15
1.70471e-15
1.04652e-15
2.27791e-15
3.93715e-15
5.42932e-15
6.76125e-15
7.93946e-15
8.97107e-15
9.86891e-15
1.06428e-14
1.13026e-14
1.18529e-14
1.23068e-14
1.26714e-14
1.29514e-14
1.31576e-14
1.32953e-14
1.33707e-14
1.3391e-14
1.3362e-14
1.32871e-14
1.3174e-14
1.30169e-14
1.28399e-14
1.26282e-14
1.23937e-14
1.21371e-14
1.18625e-14
1.15722e-14
1.12682e-14
1.09533e-14
1.06291e-14
1.02978e-14
9.96065e-15
9.61966e-15
9.27603e-15
8.93151e-15
8.58685e-15
8.24372e-15
7.90326e-15
7.5667e-15
7.23478e-15
6.90925e-15
6.59139e-15
6.28249e-15
5.98426e-15
5.69832e-15
5.42696e-15
5.17224e-15
4.93685e-15
4.72342e-15
4.53513e-15
4.37515e-15
4.24669e-15
4.15212e-15
4.09501e-15
4.07592e-15
1.31689e-14
1.34857e-14
1.44043e-14
1.58959e-14
1.79408e-14
2.05129e-14
2.36414e-14
2.73368e-14
3.16395e-14
3.66208e-14
4.15325e-14
4.35658e-14
4.14855e-14
3.75804e-14
3.34894e-14
2.94976e-14
2.56306e-14
2.19211e-14
1.83906e-14
1.50578e-14
1.19303e-14
9.02394e-15
6.32763e-15
3.8584e-15
1.70053e-15
1.15723e-15
2.46833e-15
4.13908e-15
5.6448e-15
6.99595e-15
8.19041e-15
9.23747e-15
1.01532e-14
1.09387e-14
1.16102e-14
1.21721e-14
1.26364e-14
1.30093e-14
1.32999e-14
1.3513e-14
1.36576e-14
1.37393e-14
1.37643e-14
1.37388e-14
1.36639e-14
1.35491e-14
1.33991e-14
1.32088e-14
1.29996e-14
1.27589e-14
1.24964e-14
1.22142e-14
1.19152e-14
1.16011e-14
1.12747e-14
1.09383e-14
1.05934e-14
1.02419e-14
9.88503e-15
9.52475e-15
9.16203e-15
8.7983e-15
8.43517e-15
8.07384e-15
7.71484e-15
7.36033e-15
7.01086e-15
6.66829e-15
6.334e-15
6.00972e-15
5.69709e-15
5.39848e-15
5.1169e-15
4.85474e-15
4.61557e-15
4.40308e-15
4.22125e-15
4.07438e-15
3.96573e-15
3.89935e-15
3.87729e-15
1.12779e-14
1.16702e-14
1.28164e-14
1.4612e-14
1.69687e-14
1.98277e-14
2.31806e-14
2.70259e-14
3.13736e-14
3.63443e-14
4.13232e-14
4.3835e-14
4.21785e-14
3.82737e-14
3.40782e-14
2.99844e-14
2.60097e-14
2.2205e-14
1.85871e-14
1.51831e-14
1.19919e-14
9.02716e-15
6.30084e-15
3.81064e-15
1.72157e-15
1.30216e-15
2.6726e-15
4.33954e-15
5.85786e-15
7.21286e-15
8.41637e-15
9.47611e-15
1.0396e-14
1.11949e-14
1.18758e-14
1.24474e-14
1.29195e-14
1.33009e-14
1.35977e-14
1.38178e-14
1.3969e-14
1.40554e-14
1.40842e-14
1.40643e-14
1.39895e-14
1.3876e-14
1.37242e-14
1.35373e-14
1.3323e-14
1.30781e-14
1.28112e-14
1.2523e-14
1.22166e-14
1.18947e-14
1.15589e-14
1.12117e-14
1.08551e-14
1.04904e-14
1.01194e-14
9.74399e-15
9.36531e-15
8.98456e-15
8.60314e-15
8.22255e-15
7.84324e-15
7.46716e-15
7.0957e-15
6.72949e-15
6.37091e-15
6.0214e-15
5.68286e-15
5.35767e-15
5.04886e-15
4.75959e-15
4.49378e-15
4.25572e-15
4.05062e-15
3.88346e-15
3.76019e-15
3.68267e-15
3.65686e-15
9.41526e-15
9.91376e-15
1.13235e-14
1.34457e-14
1.61099e-14
1.92154e-14
2.27412e-14
2.66827e-14
3.10572e-14
3.59096e-14
4.08771e-14
4.38918e-14
4.27972e-14
3.89545e-14
3.46525e-14
3.04342e-14
2.63526e-14
2.2439e-14
1.87372e-14
1.52556e-14
1.20099e-14
9.01622e-15
6.24915e-15
3.75217e-15
1.75544e-15
1.4695e-15
2.8726e-15
4.53231e-15
6.05157e-15
7.41304e-15
8.61822e-15
9.68179e-15
1.06051e-14
1.14128e-14
1.20979e-14
1.26765e-14
1.3155e-14
1.35412e-14
1.38451e-14
1.40708e-14
1.4226e-14
1.43182e-14
1.43511e-14
1.43329e-14
1.42626e-14
1.41509e-14
1.4e-14
1.38138e-14
1.3596e-14
1.33533e-14
1.30817e-14
1.27872e-14
1.24757e-14
1.21472e-14
1.18035e-14
1.14475e-14
1.1081e-14
1.07055e-14
1.03225e-14
9.93373e-15
9.54081e-15
9.14502e-15
8.74709e-15
8.34874e-15
7.95145e-15
7.55562e-15
7.16327e-15
6.77569e-15
6.39403e-15
6.0205e-15
5.65683e-15
5.30577e-15
4.97019e-15
4.6536e-15
4.36041e-15
4.0958e-15
3.86575e-15
3.67697e-15
3.53544e-15
3.44901e-15
3.41972e-15
7.59425e-15
8.23429e-15
9.96317e-15
1.24286e-14
1.53711e-14
1.86879e-14
2.23366e-14
2.63138e-14
3.06519e-14
3.53665e-14
4.02367e-14
4.3714e-14
4.32989e-14
3.96284e-14
3.52136e-14
3.08421e-14
2.66389e-14
2.26184e-14
1.88256e-14
1.52765e-14
1.19829e-14
8.9394e-15
6.17058e-15
3.68288e-15
1.80416e-15
1.65275e-15
3.07757e-15
4.71654e-15
6.22516e-15
7.58647e-15
8.79157e-15
9.85382e-15
1.07827e-14
1.15865e-14
1.22729e-14
1.28563e-14
1.33391e-14
1.37312e-14
1.40382e-14
1.42695e-14
1.44307e-14
1.45263e-14
1.45636e-14
1.45464e-14
1.44822e-14
1.4373e-14
1.42239e-14
1.4039e-14
1.38212e-14
1.35741e-14
1.33025e-14
1.30063e-14
1.26914e-14
1.23577e-14
1.20083e-14
1.16454e-14
1.12705e-14
1.0886e-14
1.0493e-14
1.00932e-14
9.68783e-15
9.27875e-15
8.8665e-15
8.45278e-15
8.03909e-15
7.6256e-15
7.21432e-15
6.80674e-15
6.40391e-15
6.00805e-15
5.62082e-15
5.24481e-15
4.88296e-15
4.53932e-15
4.21835e-15
3.92625e-15
3.6696e-15
3.45654e-15
3.29681e-15
3.19512e-15
3.16097e-15
5.86017e-15
6.67551e-15
8.77313e-15
1.15863e-14
1.47739e-14
1.82487e-14
2.19742e-14
2.59796e-14
3.02096e-14
3.47567e-14
Process [3]
3.94605e-14
4.32877e-14
4.36312e-14
4.0287e-14
3.57546e-14
3.12222e-14
2.68696e-14
2.27355e-14
1.88502e-14
1.52411e-14
1.19051e-14
8.85268e-15
6.06525e-15
3.60717e-15
1.86646e-15
1.84741e-15
3.27755e-15
4.89315e-15
6.38834e-15
7.73617e-15
8.93413e-15
9.99169e-15
1.09152e-14
1.17179e-14
1.24055e-14
1.29879e-14
1.34724e-14
1.38676e-14
1.41793e-14
1.4414e-14
1.45795e-14
1.46801e-14
1.47216e-14
1.47068e-14
1.46486e-14
1.45425e-14
1.43961e-14
1.42129e-14
1.39967e-14
1.37509e-14
1.34789e-14
1.31851e-14
1.28658e-14
1.25263e-14
1.2173e-14
1.18046e-14
1.14238e-14
1.10319e-14
1.06305e-14
1.02219e-14
9.80658e-15
9.38615e-15
8.96166e-15
8.53463e-15
8.10603e-15
7.6773e-15
7.2494e-15
6.82367e-15
6.40142e-15
5.98523e-15
5.57585e-15
5.17628e-15
4.78954e-15
4.41934e-15
4.07053e-15
3.74975e-15
3.46494e-15
3.22612e-15
3.04335e-15
2.92827e-15
2.88945e-15
4.23026e-15
5.27965e-15
7.81923e-15
1.09444e-14
1.43253e-14
1.79009e-14
2.16626e-14
2.55777e-14
2.9767e-14
3.41202e-14
3.86255e-14
4.26313e-14
4.37474e-14
4.09104e-14
3.62808e-14
3.15545e-14
2.70411e-14
2.27918e-14
1.88191e-14
1.51533e-14
1.17833e-14
8.69125e-15
5.94834e-15
3.53488e-15
1.94423e-15
2.05159e-15
3.4657e-15
5.0549e-15
6.52535e-15
7.85451e-15
9.04013e-15
1.00885e-14
1.10047e-14
1.18022e-14
1.24877e-14
1.30693e-14
1.35549e-14
1.39517e-14
1.42654e-14
1.4505e-14
1.46745e-14
1.47795e-14
1.48254e-14
1.48152e-14
1.47613e-14
1.46596e-14
1.4517e-14
1.43365e-14
1.41231e-14
1.38786e-14
1.36069e-14
1.33114e-14
1.29897e-14
1.26535e-14
1.22974e-14
1.19259e-14
1.15407e-14
1.11436e-14
1.07364e-14
1.03201e-14
9.8967e-15
9.46702e-15
9.03254e-15
8.59428e-15
8.15356e-15
7.7114e-15
7.26901e-15
6.82766e-15
6.38854e-15
5.95344e-15
5.52391e-15
5.10247e-15
4.69213e-15
4.2962e-15
3.91987e-15
3.57008e-15
3.25562e-15
2.98811e-15
2.78065e-15
2.64843e-15
2.60334e-15
2.85177e-15
4.1477e-15
7.16953e-15
1.05359e-14
1.40344e-14
1.76544e-14
2.1409e-14
2.53068e-14
2.93316e-14
3.35004e-14
3.77867e-14
4.17991e-14
4.36202e-14
4.14485e-14
3.67797e-14
3.18419e-14
2.71508e-14
2.27709e-14
1.8721e-14
1.50076e-14
1.16154e-14
8.5603e-15
5.81788e-15
3.47629e-15
2.04553e-15
2.25692e-15
3.64388e-15
5.19126e-15
6.6354e-15
7.94151e-15
9.10728e-15
1.01425e-14
1.10484e-14
1.18385e-14
1.25191e-14
1.31001e-14
1.35843e-14
1.39813e-14
1.42986e-14
1.45408e-14
1.47146e-14
1.48242e-14
1.48774e-14
1.48726e-14
1.48212e-14
1.47244e-14
1.4586e-14
1.44103e-14
1.42004e-14
1.39592e-14
1.36897e-14
1.33949e-14
1.30779e-14
1.2741e-14
1.23835e-14
1.20088e-14
1.16217e-14
1.12213e-14
1.081e-14
1.03884e-14
9.95885e-15
9.52231e-15
9.07971e-15
8.63274e-15
8.18196e-15
7.7287e-15
7.2741e-15
6.81929e-15
6.3654e-15
5.91402e-15
5.46666e-15
5.02542e-15
4.59322e-15
4.17299e-15
3.76994e-15
3.39098e-15
3.04561e-15
2.74622e-15
2.51228e-15
2.3586e-15
2.30414e-15
2.11554e-15
3.54025e-15
6.89852e-15
1.03681e-14
1.39012e-14
1.75151e-14
2.12212e-14
2.50259e-14
2.89283e-14
3.29136e-14
3.69759e-14
4.08773e-14
4.32586e-14
4.18294e-14
3.72557e-14
3.20756e-14
2.71885e-14
2.2677e-14
1.8554e-14
1.48117e-14
1.1422e-14
8.38495e-15
5.6942e-15
3.44522e-15
2.17278e-15
2.46342e-15
3.80486e-15
5.30263e-15
6.71066e-15
7.98934e-15
9.13355e-15
1.01505e-14
1.10455e-14
1.1826e-14
1.25012e-14
1.30757e-14
1.35594e-14
1.39575e-14
1.42765e-14
1.45225e-14
1.47002e-14
1.48114e-14
1.48733e-14
1.48749e-14
1.48291e-14
1.4738e-14
1.46053e-14
1.44349e-14
1.42298e-14
1.3993e-14
1.37274e-14
1.34357e-14
1.31206e-14
1.27834e-14
1.24279e-14
1.20548e-14
1.16676e-14
1.12655e-14
1.08519e-14
1.04275e-14
9.99386e-15
9.5525e-15
9.10428e-15
8.65037e-15
8.19202e-15
7.73015e-15
7.2656e-15
6.79978e-15
6.33359e-15
5.86847e-15
5.40557e-15
4.94706e-15
4.49498e-15
4.05268e-15
3.62449e-15
3.2167e-15
2.83916e-15
2.50672e-15
2.23772e-15
2.06045e-15
1.99838e-15
2.46988e-15
3.83781e-15
7.03642e-15
1.04404e-14
1.39209e-14
1.7476e-14
2.11026e-14
2.48033e-14
2.8565e-14
3.23764e-14
3.62189e-14
3.99578e-14
4.26951e-14
4.20035e-14
3.76487e-14
3.22537e-14
2.71468e-14
2.25113e-14
1.83303e-14
1.45656e-14
1.12115e-14
8.21432e-15
5.59166e-15
3.45693e-15
2.32801e-15
2.66553e-15
3.94668e-15
5.38419e-15
6.74997e-15
7.99597e-15
9.11406e-15
1.01121e-14
1.09913e-14
1.1762e-14
1.24278e-14
1.29994e-14
1.34812e-14
1.38792e-14
1.42011e-14
1.44503e-14
1.46338e-14
1.47489e-14
1.4815e-14
1.48247e-14
1.47858e-14
1.47014e-14
1.45754e-14
1.44116e-14
1.42124e-14
1.39813e-14
1.37209e-14
1.3434e-14
1.31228e-14
1.27895e-14
1.24366e-14
1.20662e-14
1.16788e-14
1.12775e-14
1.08634e-14
1.0438e-14
1.00026e-14
9.5584e-15
9.10648e-15
8.64816e-15
8.18449e-15
7.71603e-15
7.2444e-15
6.77009e-15
6.29427e-15
5.81801e-15
5.34263e-15
4.86927e-15
4.40039e-15
3.93826e-15
3.48689e-15
3.05192e-15
2.6421e-15
2.2734e-15
1.96627e-15
1.75817e-15
1.68347e-15
3.59327e-15
4.75799e-15
7.52061e-15
1.0723e-14
1.4087e-14
1.75349e-14
2.10517e-14
2.46237e-14
2.82687e-14
3.18958e-14
3.55267e-14
3.90937e-14
4.19976e-14
4.19486e-14
3.79502e-14
3.23321e-14
2.70126e-14
2.22797e-14
1.80624e-14
1.43231e-14
1.1002e-14
8.0684e-15
5.53382e-15
3.52114e-15
2.51587e-15
2.86173e-15
4.06045e-15
5.43114e-15
6.74567e-15
7.95518e-15
9.04494e-15
1.00196e-14
1.08843e-14
1.16424e-14
1.23018e-14
1.28685e-14
1.33483e-14
1.3747e-14
1.40718e-14
1.43266e-14
1.45123e-14
1.46375e-14
1.47071e-14
1.47244e-14
1.46925e-14
1.4616e-14
1.44976e-14
1.43412e-14
1.41495e-14
1.39255e-14
1.36716e-14
1.33909e-14
1.30851e-14
1.27569e-14
1.24081e-14
1.20411e-14
1.16574e-14
1.12581e-14
1.08456e-14
1.0421e-14
9.98565e-15
9.5408e-15
9.08763e-15
8.62715e-15
8.16027e-15
7.68815e-15
7.21154e-15
6.73148e-15
6.24863e-15
5.76407e-15
5.27896e-15
4.79411e-15
4.31152e-15
3.83303e-15
3.36156e-15
2.90157e-15
2.46124e-15
2.05345e-15
1.70525e-15
1.45462e-15
1.36122e-15
4.97484e-15
5.91153e-15
8.25772e-15
1.12036e-14
1.43859e-14
1.76898e-14
2.10766e-14
2.45146e-14
2.80045e-14
3.14587e-14
3.49246e-14
3.83235e-14
4.12341e-14
4.16892e-14
3.80589e-14
3.22831e-14
2.67889e-14
2.19908e-14
1.77695e-14
1.40696e-14
1.0818e-14
7.96647e-15
5.5341e-15
3.64658e-15
2.73523e-15
3.04821e-15
4.14314e-15
5.43673e-15
6.69651e-15
7.86341e-15
8.92473e-15
9.87569e-15
1.07221e-14
1.147e-14
1.21214e-14
1.26792e-14
1.3158e-14
1.35626e-14
1.38884e-14
1.41452e-14
1.43384e-14
1.44717e-14
1.45491e-14
1.45741e-14
1.45511e-14
1.44833e-14
1.43737e-14
1.42261e-14
1.40429e-14
1.38269e-14
1.35808e-14
1.33077e-14
1.30089e-14
1.26873e-14
1.23445e-14
1.19826e-14
1.16034e-14
1.12085e-14
1.07994e-14
1.03778e-14
9.9445e-15
9.50106e-15
9.04862e-15
8.58815e-15
8.12057e-15
7.64699e-15
7.16813e-15
6.68488e-15
6.19785e-15
5.70806e-15
5.21635e-15
4.72344e-15
4.2306e-15
3.73961e-15
3.25189e-15
2.77113e-15
2.30263e-15
1.85853e-15
1.45908e-15
1.15731e-15
1.03961e-15
6.41045e-15
7.17465e-15
9.17043e-15
1.18297e-14
1.48031e-14
1.79373e-14
2.11703e-14
2.4461e-14
2.77844e-14
3.11387e-14
3.43929e-14
3.76337e-14
4.04805e-14
4.12524e-14
3.79257e-14
3.20436e-14
2.64543e-14
2.16264e-14
1.74642e-14
1.38398e-14
1.06808e-14
7.93418e-15
5.61146e-15
3.84622e-15
2.98836e-15
3.2303e-15
4.20239e-15
5.40336e-15
6.59794e-15
7.72033e-15
8.74699e-15
9.67297e-15
1.05095e-14
1.12419e-14
1.18869e-14
1.24428e-14
1.29215e-14
1.33232e-14
1.36534e-14
1.39157e-14
1.41158e-14
1.4257e-14
1.43424e-14
1.43771e-14
1.43634e-14
1.43055e-14
1.42059e-14
1.40678e-14
1.38942e-14
1.36874e-14
1.34509e-14
1.31864e-14
1.28961e-14
1.25824e-14
1.2247e-14
1.18921e-14
1.15192e-14
1.113e-14
1.07263e-14
1.03091e-14
9.88015e-15
9.44021e-15
8.99063e-15
8.5323e-15
8.06674e-15
7.59377e-15
7.11505e-15
6.63144e-15
6.14305e-15
5.65134e-15
5.15633e-15
4.65887e-15
4.16012e-15
3.66074e-15
3.16204e-15
2.66582e-15
2.17522e-15
1.69795e-15
1.25007e-15
8.78457e-16
7.18427e-16
7.84975e-15
8.48815e-15
1.01965e-14
1.25763e-14
1.5325e-14
1.82782e-14
2.13441e-14
2.44798e-14
2.76475e-14
3.08154e-14
3.39648e-14
3.70577e-14
3.98039e-14
4.06745e-14
3.75018e-14
3.16251e-14
2.6013e-14
2.12467e-14
1.71823e-14
1.36696e-14
1.06221e-14
7.99198e-15
5.78513e-15
4.1236e-15
3.27806e-15
3.41036e-15
4.24017e-15
5.33117e-15
6.45308e-15
7.52893e-15
8.52242e-15
9.42557e-15
1.02374e-14
1.09602e-14
1.15979e-14
1.21527e-14
1.26304e-14
1.30349e-14
1.33695e-14
1.36378e-14
1.38454e-14
1.39952e-14
1.40895e-14
1.41347e-14
1.41312e-14
1.40839e-14
1.39949e-14
1.3868e-14
1.37055e-14
1.35096e-14
1.32832e-14
1.30287e-14
1.27482e-14
1.24438e-14
1.21173e-14
1.17709e-14
1.1406e-14
1.10246e-14
1.06279e-14
1.02173e-14
9.79372e-15
9.35934e-15
8.91468e-15
8.46084e-15
7.99923e-15
7.52955e-15
7.05372e-15
6.57217e-15
6.08553e-15
5.59459e-15
5.09986e-15
4.60188e-15
4.10127e-15
3.59853e-15
3.09462e-15
2.59025e-15
2.08639e-15
1.58664e-15
1.09622e-15
6.46342e-16
4.19689e-16
9.29308e-15
9.82528e-15
1.13005e-14
1.3422e-14
1.59436e-14
1.86984e-14
2.15984e-14
2.45703e-14
2.75853e-14
3.06065e-14
3.35966e-14
3.65443e-14
3.9175e-14
3.99622e-14
3.67656e-14
3.09608e-14
2.54788e-14
2.08647e-14
1.69499e-14
1.35834e-14
1.06721e-14
8.16402e-15
6.0631e-15
4.48034e-15
3.61193e-15
3.60655e-15
4.26444e-15
5.23137e-15
6.27276e-15
7.29192e-15
8.24819e-15
9.12248e-15
9.91733e-15
1.06287e-14
1.12595e-14
1.18124e-14
1.22904e-14
1.26984e-14
1.30372e-14
1.33139e-14
1.35292e-14
1.36876e-14
1.37942e-14
1.38497e-14
1.38569e-14
1.38217e-14
1.37447e-14
1.36298e-14
1.3479e-14
1.32947e-14
1.30799e-14
1.28368e-14
1.25672e-14
1.22734e-14
1.19574e-14
1.16207e-14
1.12654e-14
1.08926e-14
1.05052e-14
1.01024e-14
9.68721e-15
9.25979e-15
8.82197e-15
8.3746e-15
7.91894e-15
7.45534e-15
6.98483e-15
6.50822e-15
6.02621e-15
5.53926e-15
5.04842e-15
4.55351e-15
4.05574e-15
3.55508e-15
3.05222e-15
2.54776e-15
2.04212e-15
1.53577e-15
1.0306e-15
5.34601e-16
2.53921e-16
Process [4]
1.07173e-14
1.11754e-14
1.24537e-14
1.43455e-14
1.66469e-14
1.92005e-14
2.19213e-14
2.47417e-14
2.76001e-14
3.04732e-14
3.333e-14
3.61436e-14
3.86135e-14
3.90947e-14
3.57049e-14
3.00808e-14
2.48851e-14
2.05277e-14
1.68101e-14
1.36098e-14
1.08403e-14
8.44584e-15
6.44514e-15
4.9079e-15
3.99722e-15
3.83036e-15
4.29598e-15
5.11544e-15
6.05955e-15
7.01426e-15
7.92369e-15
8.77482e-15
9.54961e-15
1.02502e-14
1.08746e-14
1.14245e-14
1.1905e-14
1.23163e-14
1.26624e-14
1.29468e-14
1.31705e-14
1.33395e-14
1.34569e-14
1.35239e-14
1.35444e-14
1.35209e-14
1.34571e-14
1.33547e-14
1.32169e-14
1.30456e-14
1.28433e-14
1.26126e-14
1.23553e-14
1.20734e-14
1.17689e-14
1.14434e-14
1.1099e-14
1.07371e-14
1.03588e-14
9.96733e-15
9.56128e-15
9.14344e-15
8.71365e-15
8.27525e-15
7.82771e-15
7.37222e-15
6.90949e-15
6.44063e-15
5.96586e-15
5.48633e-15
5.00246e-15
4.51485e-15
4.02429e-15
3.53117e-15
3.03616e-15
2.54043e-15
2.04479e-15
1.55179e-15
1.06764e-15
6.17501e-16
3.8533e-16
1.2132e-14
1.25298e-14
1.36455e-14
1.53328e-14
1.74229e-14
1.97913e-14
2.23272e-14
2.49838e-14
2.76896e-14
3.04199e-14
3.31506e-14
3.58279e-14
3.80792e-14
3.80149e-14
3.43392e-14
2.90752e-14
2.43034e-14
2.02763e-14
1.67836e-14
1.3762e-14
1.11301e-14
8.85147e-15
6.92713e-15
5.41789e-15
4.44177e-15
4.10164e-15
4.35657e-15
5.00236e-15
5.8319e-15
6.70965e-15
7.57012e-15
8.38825e-15
9.14191e-15
9.83114e-15
1.0448e-14
1.09977e-14
1.14793e-14
1.18954e-14
1.22473e-14
1.25392e-14
1.27744e-14
1.2954e-14
1.30826e-14
1.31625e-14
1.31952e-14
1.31856e-14
1.31351e-14
1.30464e-14
1.29218e-14
1.27642e-14
1.25762e-14
1.23585e-14
1.21143e-14
1.18453e-14
1.15536e-14
1.12408e-14
1.09087e-14
1.05587e-14
1.01928e-14
9.81051e-15
9.4168e-15
9.01019e-15
8.59108e-15
8.16374e-15
7.72643e-15
7.28131e-15
6.82856e-15
6.36992e-15
5.90544e-15
5.43601e-15
4.96284e-15
4.48613e-15
4.00731e-15
3.52702e-15
3.04655e-15
2.56749e-15
2.09367e-15
1.63017e-15
1.19286e-15
8.31711e-16
6.75079e-16
1.35468e-14
1.38852e-14
1.48641e-14
1.63706e-14
1.82661e-14
2.04468e-14
2.28109e-14
2.52985e-14
2.78646e-14
3.04627e-14
3.30599e-14
3.56027e-14
3.74594e-14
3.66457e-14
3.27801e-14
2.80538e-14
2.37983e-14
2.01183e-14
1.68902e-14
1.40486e-14
1.15493e-14
9.36831e-15
7.50427e-15
6.00295e-15
4.94902e-15
4.43669e-15
4.46983e-15
4.91955e-15
5.60716e-15
6.3949e-15
7.19688e-15
7.97568e-15
8.70481e-15
9.37962e-15
9.98878e-15
1.05364e-14
1.10185e-14
1.1439e-14
1.17979e-14
1.20981e-14
1.23438e-14
1.25349e-14
1.26747e-14
1.27667e-14
1.28144e-14
1.28173e-14
1.27825e-14
1.2707e-14
1.2597e-14
1.24538e-14
1.22799e-14
1.20767e-14
1.18465e-14
1.15918e-14
1.13138e-14
1.1015e-14
1.06962e-14
1.03596e-14
1.00066e-14
9.63857e-15
9.25716e-15
8.86221e-15
8.45681e-15
8.04166e-15
7.61595e-15
7.18347e-15
6.74295e-15
6.29699e-15
5.84535e-15
5.38928e-15
4.92998e-15
4.4678e-15
4.00478e-15
3.54201e-15
3.08169e-15
2.62666e-15
2.18298e-15
1.75977e-15
1.38062e-15
1.09607e-15
9.83027e-16
1.49443e-14
1.52395e-14
1.60996e-14
1.74507e-14
1.91727e-14
2.11684e-14
2.33692e-14
2.57016e-14
2.81165e-14
3.05833e-14
3.30629e-14
3.53966e-14
3.6595e-14
3.5008e-14
3.12385e-14
2.7153e-14
2.34386e-14
2.01069e-14
1.71302e-14
1.44648e-14
1.20866e-14
9.98273e-15
8.16023e-15
6.65478e-15
5.5224e-15
4.84654e-15
4.65867e-15
4.89288e-15
5.41507e-15
6.08807e-15
6.81807e-15
7.54806e-15
8.2483e-15
8.90267e-15
9.50301e-15
1.00451e-14
1.05296e-14
1.09507e-14
1.13177e-14
1.16276e-14
1.18825e-14
1.20856e-14
1.2238e-14
1.2343e-14
1.2404e-14
1.24225e-14
1.24006e-14
1.23405e-14
1.22454e-14
1.21172e-14
1.1958e-14
1.177e-14
1.15552e-14
1.13152e-14
1.10521e-14
1.07678e-14
1.04637e-14
1.01416e-14
9.80303e-15
9.4493e-15
9.08148e-15
8.70006e-15
8.30846e-15
7.90744e-15
7.49782e-15
7.07972e-15
6.65368e-15
6.22283e-15
5.78625e-15
5.34625e-15
4.90361e-15
4.45966e-15
4.0161e-15
3.57482e-15
3.13927e-15
2.71369e-15
2.30491e-15
1.92869e-15
1.60461e-15
1.37386e-15
1.28843e-15
1.63322e-14
1.65952e-14
1.73592e-14
1.85637e-14
2.01247e-14
2.19573e-14
2.39966e-14
2.61833e-14
2.84545e-14
3.07939e-14
3.31216e-14
3.50796e-14
3.53738e-14
3.3281e-14
2.99346e-14
2.64991e-14
2.32536e-14
2.02517e-14
1.74951e-14
1.49792e-14
1.2703e-14
1.0669e-14
8.87566e-15
7.35782e-15
6.15677e-15
5.33274e-15
4.9362e-15
4.94952e-15
5.28347e-15
5.81808e-15
6.4525e-15
7.12427e-15
7.78422e-15
8.41511e-15
9.00179e-15
9.53733e-15
1.00174e-14
1.04446e-14
1.08162e-14
1.11325e-14
1.13971e-14
1.16115e-14
1.17766e-14
1.18951e-14
1.19693e-14
1.20012e-14
1.19942e-14
1.19499e-14
1.18698e-14
1.17572e-14
1.16136e-14
1.14411e-14
1.1242e-14
1.10178e-14
1.07703e-14
1.05015e-14
1.02131e-14
9.90666e-15
9.58361e-15
9.24522e-15
8.89355e-15
8.5274e-15
8.15443e-15
7.76883e-15
7.3718e-15
6.97003e-15
6.56212e-15
6.14704e-15
5.72894e-15
5.30707e-15
4.88401e-15
4.46075e-15
4.04002e-15
3.62376e-15
3.21633e-15
2.82368e-15
2.45278e-15
2.11906e-15
1.84601e-15
1.65915e-15
1.59169e-15
1.77164e-14
1.79487e-14
1.86299e-14
1.97077e-14
2.11216e-14
2.2807e-14
2.47004e-14
2.67312e-14
2.88705e-14
3.10719e-14
3.31598e-14
3.44548e-14
3.39277e-14
3.17765e-14
2.89822e-14
2.60793e-14
2.32347e-14
2.05122e-14
1.79518e-14
1.5572e-14
1.33885e-14
1.14051e-14
9.63755e-15
8.10187e-15
6.83713e-15
5.88861e-15
5.30687e-15
5.10393e-15
5.23524e-15
5.6102e-15
6.13198e-15
6.72227e-15
7.33157e-15
7.92872e-15
8.49595e-15
9.0194e-15
9.49658e-15
9.92263e-15
1.02983e-14
1.06215e-14
1.08947e-14
1.1119e-14
1.12957e-14
1.1427e-14
1.15142e-14
1.15608e-14
1.15685e-14
1.15388e-14
1.14746e-14
1.13775e-14
1.12494e-14
1.10931e-14
1.09094e-14
1.07014e-14
1.0471e-14
1.02186e-14
9.94657e-15
9.65659e-15
9.35015e-15
9.02844e-15
8.69378e-15
8.3448e-15
7.98688e-15
7.62075e-15
7.24281e-15
6.85633e-15
6.46677e-15
6.07206e-15
5.67255e-15
5.27219e-15
4.87037e-15
4.47055e-15
4.07499e-15
3.68606e-15
3.30944e-15
2.95051e-15
2.61757e-15
2.32637e-15
2.09369e-15
1.93903e-15
1.88477e-15
1.9096e-14
1.93011e-14
1.99103e-14
2.08805e-14
2.21674e-14
2.37092e-14
2.54566e-14
2.73573e-14
2.93563e-14
3.137e-14
3.30214e-14
3.35401e-14
3.25986e-14
3.07206e-14
2.83818e-14
2.58859e-14
2.3348e-14
2.08563e-14
1.84672e-14
1.62098e-14
1.40996e-14
1.2164e-14
1.04111e-14
8.86433e-15
7.54723e-15
6.49887e-15
5.75993e-15
5.3609e-15
5.28878e-15
5.48596e-15
5.87061e-15
6.36395e-15
6.90702e-15
7.45981e-15
7.99875e-15
8.50609e-15
8.97395e-15
9.3976e-15
9.77224e-15
1.01001e-14
1.03804e-14
1.06133e-14
1.08002e-14
1.09432e-14
1.10427e-14
1.11037e-14
1.11257e-14
1.11106e-14
1.10618e-14
1.09801e-14
1.08679e-14
1.07279e-14
1.05611e-14
1.03702e-14
1.01561e-14
9.92093e-15
9.6661e-15
9.39365e-15
9.10444e-15
8.8006e-15
8.48295e-15
8.15448e-15
7.81225e-15
7.46156e-15
7.1037e-15
6.7395e-15
6.36999e-15
5.99633e-15
5.61875e-15
5.23989e-15
4.86254e-15
4.48766e-15
4.1188e-15
3.7598e-15
3.41426e-15
3.089e-15
2.79485e-15
2.53995e-15
2.33981e-15
2.21072e-15
2.16595e-15
2.047e-14
2.06522e-14
2.11974e-14
2.20749e-14
2.32497e-14
2.46636e-14
2.62711e-14
2.80396e-14
2.9896e-14
3.16112e-14
3.26587e-14
3.26308e-14
3.1645e-14
3.00373e-14
2.8045e-14
2.58429e-14
2.35437e-14
2.12445e-14
1.89955e-14
1.68438e-14
1.48096e-14
1.29188e-14
1.11876e-14
9.62817e-15
8.27055e-15
7.14328e-15
6.28135e-15
5.71314e-15
5.44992e-15
5.46303e-15
5.6938e-15
6.07093e-15
6.53025e-15
7.02523e-15
7.52455e-15
8.00732e-15
8.45948e-15
8.87443e-15
9.2477e-15
9.57683e-15
9.86119e-15
1.01015e-14
1.02967e-14
1.04503e-14
1.05628e-14
1.06353e-14
1.06702e-14
1.067e-14
1.06357e-14
1.05701e-14
1.04743e-14
1.03503e-14
1.02004e-14
1.00259e-14
9.82897e-15
9.61126e-15
9.37415e-15
9.11947e-15
8.84862e-15
8.56331e-15
8.26491e-15
7.95374e-15
7.63451e-15
7.30304e-15
6.96491e-15
6.62107e-15
6.27255e-15
5.92076e-15
5.56616e-15
5.21104e-15
4.85913e-15
4.51089e-15
4.17022e-15
3.84072e-15
3.52768e-15
3.23604e-15
2.97401e-15
2.75268e-15
2.58447e-15
2.4764e-15
2.439e-15
2.18372e-14
2.2003e-14
2.24956e-14
2.3288e-14
2.43541e-14
2.56624e-14
2.71697e-14
2.88172e-14
3.04477e-14
3.17081e-14
3.22367e-14
3.19754e-14
3.10537e-14
2.96368e-14
2.78676e-14
2.58761e-14
2.37675e-14
2.16256e-14
1.95058e-14
1.74472e-14
1.54841e-14
1.36436e-14
1.19288e-14
1.03723e-14
8.99109e-15
7.80543e-15
6.84507e-15
6.1416e-15
5.71193e-15
5.54976e-15
5.61794e-15
5.86136e-15
6.22e-15
6.64258e-15
7.08985e-15
7.53657e-15
7.96593e-15
8.3682e-15
8.73261e-15
9.05889e-15
9.34494e-15
9.59033e-15
9.79173e-15
9.95332e-15
1.00762e-14
1.01604e-14
1.02077e-14
1.02211e-14
1.02012e-14
1.015e-14
1.007e-14
9.9624e-15
9.82886e-15
9.67139e-15
9.49187e-15
9.29173e-15
9.07284e-15
8.83653e-15
8.58471e-15
8.31823e-15
8.03908e-15
7.74926e-15
7.44703e-15
7.1403e-15
6.82392e-15
6.50144e-15
6.17517e-15
5.84587e-15
5.51409e-15
5.18519e-15
4.85945e-15
4.5386e-15
4.22666e-15
3.92709e-15
3.64521e-15
3.38578e-15
3.15541e-15
2.96257e-15
2.81608e-15
2.72671e-15
2.69741e-15
2.31927e-14
2.33469e-14
2.38027e-14
2.45358e-14
2.55286e-14
2.67601e-14
2.81664e-14
2.96185e-14
3.08712e-14
3.16697e-14
3.18878e-14
3.15246e-14
3.06463e-14
2.93512e-14
2.77412e-14
2.59162e-14
2.3963e-14
2.19604e-14
1.99612e-14
1.7989e-14
1.61054e-14
1.42974e-14
1.26304e-14
1.10817e-14
9.68074e-15
8.46368e-15
7.43578e-15
6.62483e-15
6.05729e-15
5.73589e-15
5.64732e-15
5.74947e-15
5.99261e-15
6.32638e-15
6.70916e-15
7.10962e-15
7.50566e-15
7.88535e-15
8.23766e-15
8.55701e-15
8.83988e-15
9.08498e-15
9.29115e-15
9.4586e-15
9.58917e-15
9.68392e-15
9.74319e-15
9.76881e-15
9.76191e-15
9.72511e-15
9.65987e-15
9.56762e-15
9.45041e-15
9.30986e-15
9.14782e-15
8.96576e-15
8.76491e-15
8.54724e-15
8.31455e-15
8.06777e-15
7.80869e-15
7.53857e-15
7.25996e-15
6.97178e-15
6.67624e-15
6.37659e-15
6.07383e-15
5.7694e-15
5.4647e-15
5.16172e-15
4.86203e-15
4.56891e-15
4.28579e-15
4.01589e-15
3.76419e-15
3.53433e-15
3.33263e-15
3.16569e-15
3.04028e-15
2.96506e-15
2.94013e-15
2.44992e-14
2.46423e-14
2.50672e-14
2.57611e-14
2.66955e-14
2.78251e-14
2.90298e-14
3.01657e-14
3.1048e-14
3.1533e-14
Process [5]
3.15603e-14
3.11287e-14
3.0276e-14
2.90721e-14
2.75915e-14
2.5903e-14
2.41146e-14
2.22196e-14
2.0318e-14
1.8459e-14
1.66472e-14
1.48947e-14
1.32699e-14
1.17308e-14
1.03377e-14
9.1091e-15
8.01682e-15
7.14729e-15
6.46472e-15
6.01098e-15
5.77798e-15
5.74009e-15
5.85988e-15
6.09243e-15
6.39755e-15
6.73923e-15
7.09251e-15
7.44196e-15
7.77344e-15
8.07955e-15
8.35446e-15
8.59571e-15
8.80289e-15
8.97466e-15
9.11072e-15
9.21238e-15
9.28049e-15
9.31706e-15
9.32224e-15
9.29851e-15
9.24751e-15
9.1703e-15
9.0686e-15
8.94466e-15
8.79938e-15
8.63517e-15
8.45255e-15
8.25372e-15
8.04028e-15
7.81334e-15
7.5749e-15
7.32557e-15
7.06852e-15
6.80085e-15
6.53185e-15
6.25616e-15
5.97686e-15
5.69652e-15
5.41617e-15
5.13764e-15
4.86565e-15
4.60064e-15
4.34577e-15
4.10482e-15
3.8808e-15
3.67839e-15
3.50258e-15
3.3602e-15
3.25477e-15
3.18873e-15
3.16618e-15
2.55022e-14
2.56357e-14
2.60322e-14
2.66736e-14
2.75202e-14
2.84927e-14
2.94712e-14
3.03267e-14
3.09422e-14
3.12282e-14
3.11421e-14
3.06767e-14
2.98586e-14
2.87391e-14
2.73891e-14
2.58077e-14
2.41487e-14
2.23812e-14
2.06042e-14
1.88259e-14
1.70911e-14
1.54161e-14
1.38238e-14
1.23327e-14
1.09526e-14
9.70389e-15
8.60362e-15
7.67e-15
6.91257e-15
6.35434e-15
5.99735e-15
5.83064e-15
5.82647e-15
5.95116e-15
6.16709e-15
6.4389e-15
6.73806e-15
7.04864e-15
7.35099e-15
7.636e-15
7.89861e-15
8.13115e-15
8.33409e-15
8.50502e-15
8.6443e-15
8.75124e-15
8.82672e-15
8.87208e-15
8.88765e-15
8.87579e-15
8.83779e-15
8.7743e-15
8.68779e-15
8.57899e-15
8.45037e-15
8.30298e-15
8.13872e-15
7.9587e-15
7.76451e-15
7.55747e-15
7.33949e-15
7.11137e-15
6.87509e-15
6.63226e-15
6.38467e-15
6.13118e-15
5.87606e-15
5.62072e-15
5.36678e-15
5.11597e-15
4.87012e-15
4.63158e-15
4.40419e-15
4.19005e-15
3.99265e-15
3.81693e-15
3.66559e-15
3.54176e-15
3.45012e-15
3.39376e-15
3.37469e-15
2.59746e-14
2.61025e-14
2.64784e-14
2.70735e-14
2.7821e-14
2.86438e-14
2.9446e-14
3.0115e-14
3.0567e-14
3.07358e-14
3.05909e-14
3.01225e-14
2.93503e-14
2.8314e-14
2.70598e-14
2.56242e-14
2.40698e-14
2.244e-14
2.07661e-14
1.90929e-14
1.74436e-14
1.58398e-14
1.43044e-14
1.28529e-14
1.15e-14
1.02649e-14
9.15651e-15
8.18748e-15
7.38297e-15
6.74774e-15
6.29057e-15
6.00967e-15
5.88979e-15
5.90543e-15
6.02614e-15
6.21886e-15
6.45385e-15
6.71554e-15
6.98034e-15
7.23896e-15
7.47823e-15
7.69998e-15
7.89408e-15
8.06096e-15
8.1991e-15
8.30775e-15
8.38729e-15
8.43909e-15
8.46309e-15
8.46101e-15
8.43371e-15
8.38309e-15
8.31049e-15
8.21691e-15
8.10389e-15
7.9732e-15
7.82658e-15
7.66469e-15
7.4892e-15
7.30227e-15
7.10455e-15
6.89766e-15
6.68243e-15
6.46315e-15
6.23664e-15
6.00671e-15
5.7758e-15
5.54534e-15
5.31676e-15
5.09185e-15
4.87241e-15
4.6607e-15
4.45926e-15
4.27116e-15
4.09881e-15
3.94526e-15
3.8137e-15
3.7075e-15
3.62928e-15
3.58104e-15
3.56498e-15
2.60016e-14
2.61283e-14
2.64799e-14
2.70117e-14
2.76738e-14
2.84012e-14
2.90635e-14
2.9608e-14
2.99721e-14
3.00655e-14
2.98994e-14
2.94512e-14
2.87394e-14
2.77924e-14
2.66425e-14
2.53307e-14
2.38986e-14
2.23838e-14
2.08291e-14
1.92571e-14
1.76977e-14
1.61711e-14
1.4702e-14
1.33038e-14
1.19889e-14
1.07749e-14
9.66969e-15
8.69412e-15
7.85594e-15
7.16679e-15
6.63446e-15
6.26157e-15
6.03989e-15
5.95373e-15
5.97836e-15
6.08754e-15
6.25354e-15
6.45612e-15
6.6744e-15
6.89771e-15
7.11019e-15
7.31226e-15
7.48859e-15
7.64839e-15
7.78066e-15
7.88715e-15
7.96905e-15
8.024e-15
8.054e-15
8.05925e-15
8.04201e-15
8.00229e-15
7.94201e-15
7.8622e-15
7.76396e-15
7.64886e-15
7.51862e-15
7.37428e-15
7.21745e-15
7.04974e-15
6.8718e-15
6.68593e-15
6.49189e-15
6.29464e-15
6.09003e-15
5.88327e-15
5.67817e-15
5.4736e-15
5.26749e-15
5.06632e-15
4.87216e-15
4.68568e-15
4.509e-15
4.34445e-15
4.1949e-15
4.06346e-15
3.95087e-15
3.86013e-15
3.79353e-15
3.75305e-15
3.73945e-15
2.57345e-14
2.5848e-14
2.61761e-14
2.6665e-14
2.72221e-14
2.78734e-14
2.84408e-14
2.89019e-14
2.91874e-14
2.92593e-14
2.90912e-14
2.86799e-14
2.80334e-14
2.71749e-14
2.61317e-14
2.49364e-14
2.36241e-14
2.22334e-14
2.07884e-14
1.9322e-14
1.7856e-14
1.6415e-14
1.50164e-14
1.36766e-14
1.24101e-14
1.12282e-14
1.01438e-14
9.17388e-15
8.32127e-15
7.59892e-15
7.01372e-15
6.5711e-15
6.26481e-15
6.08828e-15
6.02221e-15
6.04662e-15
6.13831e-15
6.27624e-15
6.44175e-15
6.62067e-15
6.8005e-15
6.9736e-15
7.13351e-15
7.27616e-15
7.39887e-15
7.49938e-15
7.57844e-15
7.63458e-15
7.66736e-15
7.67759e-15
7.66823e-15
7.63742e-15
7.58727e-15
7.51865e-15
7.43396e-15
7.33357e-15
7.21883e-15
7.09128e-15
6.9519e-15
6.80251e-15
6.64378e-15
6.47794e-15
6.30493e-15
6.12847e-15
5.94547e-15
5.76414e-15
5.58157e-15
5.39799e-15
5.21727e-15
5.04065e-15
4.8691e-15
4.70535e-15
4.55166e-15
4.40928e-15
4.2802e-15
4.16643e-15
4.07004e-15
3.99442e-15
3.93904e-15
3.90486e-15
3.89338e-15
2.52774e-14
2.53812e-14
2.56627e-14
2.6083e-14
2.66094e-14
2.71506e-14
2.76534e-14
2.80508e-14
2.82966e-14
2.83526e-14
2.81984e-14
2.78285e-14
2.72499e-14
2.64786e-14
2.55386e-14
2.44584e-14
2.32642e-14
2.19885e-14
2.06553e-14
1.92936e-14
1.79273e-14
1.65732e-14
1.52527e-14
1.39803e-14
1.27678e-14
1.16279e-14
1.05786e-14
9.62242e-15
8.76968e-15
8.03143e-15
7.41298e-15
6.92014e-15
6.5492e-15
6.29632e-15
6.15026e-15
6.09512e-15
6.11184e-15
6.18237e-15
6.28992e-15
6.41915e-15
6.55862e-15
6.69871e-15
6.83279e-15
6.95518e-15
7.06288e-15
7.15312e-15
7.22459e-15
7.27701e-15
7.30922e-15
7.32258e-15
7.31646e-15
7.29243e-15
7.25078e-15
7.1924e-15
7.11914e-15
7.03152e-15
6.93112e-15
6.81866e-15
6.69587e-15
6.56345e-15
6.42287e-15
6.27567e-15
6.12285e-15
5.96639e-15
5.80501e-15
5.64556e-15
5.48327e-15
5.32255e-15
5.16381e-15
5.00935e-15
4.86066e-15
4.71939e-15
4.58653e-15
4.46407e-15
4.35365e-15
4.2568e-15
4.17506e-15
4.10983e-15
4.06231e-15
4.03341e-15
4.02371e-15
2.46989e-14
2.47864e-14
2.50317e-14
2.54079e-14
2.58598e-14
2.63351e-14
2.67734e-14
2.7121e-14
2.73343e-14
2.73827e-14
2.72469e-14
2.69212e-14
2.64092e-14
2.57232e-14
2.48818e-14
2.39077e-14
2.28268e-14
2.16627e-14
2.04425e-14
1.91867e-14
1.79192e-14
1.66573e-14
1.54175e-14
1.42171e-14
1.30634e-14
1.19805e-14
1.0968e-14
1.0038e-14
9.19857e-15
8.45848e-15
7.82369e-15
7.29681e-15
6.8788e-15
6.56716e-15
6.35356e-15
6.22702e-15
6.17287e-15
6.17666e-15
6.22335e-15
6.29924e-15
6.39282e-15
6.4942e-15
6.59656e-15
6.69341e-15
6.78061e-15
6.85557e-15
6.91588e-15
6.96062e-15
6.98898e-15
7.00059e-15
6.99574e-15
6.97503e-15
6.93908e-15
6.88842e-15
6.8243e-15
6.74747e-15
6.65916e-15
6.5603e-15
6.45199e-15
6.33528e-15
6.2115e-15
6.08167e-15
5.94793e-15
5.80896e-15
5.66947e-15
5.5283e-15
5.38596e-15
5.24626e-15
5.10834e-15
4.97451e-15
4.84599e-15
4.72421e-15
4.61136e-15
4.50664e-15
4.41285e-15
4.33089e-15
4.26194e-15
4.2071e-15
4.16724e-15
4.14304e-15
4.13493e-15
2.40424e-14
2.41146e-14
2.43306e-14
2.46555e-14
2.5049e-14
2.54606e-14
2.58411e-14
2.61453e-14
2.63335e-14
2.63785e-14
2.62628e-14
2.59795e-14
2.55299e-14
2.49238e-14
2.41751e-14
2.3303e-14
2.2331e-14
2.12764e-14
2.01642e-14
1.90138e-14
1.78441e-14
1.66738e-14
1.55216e-14
1.43969e-14
1.33118e-14
1.22831e-14
1.13171e-14
1.04216e-14
9.60469e-15
8.87632e-15
8.23818e-15
7.69255e-15
7.2431e-15
6.88774e-15
6.61976e-15
6.43249e-15
6.31568e-15
6.25663e-15
6.24401e-15
6.26517e-15
6.30961e-15
6.36839e-15
6.43387e-15
6.49979e-15
6.56152e-15
6.61589e-15
6.66052e-15
6.693e-15
6.71273e-15
6.71905e-15
6.7123e-15
6.69179e-15
6.65842e-15
6.61246e-15
6.55497e-15
6.48664e-15
6.40787e-15
6.32038e-15
6.22443e-15
6.12175e-15
6.01274e-15
5.89844e-15
5.78116e-15
5.659e-15
5.53826e-15
5.41406e-15
5.29057e-15
5.16878e-15
5.0499e-15
4.93501e-15
4.82516e-15
4.72139e-15
4.62458e-15
4.53576e-15
4.45619e-15
4.38706e-15
4.32965e-15
4.2838e-15
4.25051e-15
4.23033e-15
4.22356e-15
2.33363e-14
2.34021e-14
2.35836e-14
2.38623e-14
2.42001e-14
2.45564e-14
2.4887e-14
2.51526e-14
2.53197e-14
2.53633e-14
2.52666e-14
2.50226e-14
2.46311e-14
2.40988e-14
2.34374e-14
2.26616e-14
2.17897e-14
2.08411e-14
1.98323e-14
1.87839e-14
1.77132e-14
1.66365e-14
1.55684e-14
1.45229e-14
1.35108e-14
1.25428e-14
1.1628e-14
1.07746e-14
9.99143e-15
9.28205e-15
8.65084e-15
8.09883e-15
7.63285e-15
7.2475e-15
6.93959e-15
6.70407e-15
6.53398e-15
6.41867e-15
6.34992e-15
6.31734e-15
6.31202e-15
6.32574e-15
6.35103e-15
6.38214e-15
6.41407e-15
6.4433e-15
6.46695e-15
6.48317e-15
6.4902e-15
6.48729e-15
6.47403e-15
6.45011e-15
6.41564e-15
6.3711e-15
6.31711e-15
6.25386e-15
6.18242e-15
6.1033e-15
6.01752e-15
5.92584e-15
5.82923e-15
5.72878e-15
5.62416e-15
5.51939e-15
5.4119e-15
5.3035e-15
5.19637e-15
5.09124e-15
4.98903e-15
4.89048e-15
4.79651e-15
4.70796e-15
4.62575e-15
4.55073e-15
4.48374e-15
4.42555e-15
4.37687e-15
4.33835e-15
4.31048e-15
4.2936e-15
4.28795e-15
2.25976e-14
2.26507e-14
2.28083e-14
2.30463e-14
2.33364e-14
2.36426e-14
2.39291e-14
2.41615e-14
2.431e-14
2.43527e-14
2.42741e-14
2.40661e-14
2.37281e-14
2.32636e-14
2.26823e-14
2.19964e-14
2.12203e-14
2.03713e-14
1.9464e-14
1.85123e-14
1.75421e-14
1.65582e-14
1.55765e-14
1.46111e-14
1.36712e-14
1.2769e-14
1.19121e-14
1.11079e-14
1.03601e-14
9.67777e-15
9.06248e-15
8.51759e-15
8.04256e-15
7.63864e-15
7.30291e-15
7.03002e-15
6.81637e-15
6.65401e-15
6.53564e-15
6.45357e-15
6.40032e-15
6.36871e-15
6.35239e-15
6.34593e-15
6.34473e-15
6.34507e-15
6.34404e-15
6.33922e-15
6.32904e-15
6.31243e-15
6.28871e-15
6.25729e-15
6.21806e-15
6.17112e-15
6.11687e-15
6.05552e-15
5.98785e-15
5.91398e-15
5.83518e-15
5.75173e-15
5.66438e-15
5.57431e-15
5.48201e-15
5.38839e-15
5.29277e-15
5.19946e-15
5.10774e-15
5.01615e-15
4.92743e-15
4.84228e-15
4.76142e-15
4.68546e-15
4.61469e-15
4.55093e-15
4.49439e-15
4.44543e-15
4.40456e-15
4.37221e-15
4.3488e-15
4.33473e-15
4.33003e-15
Process [6]
2.18381e-14
2.18852e-14
2.20174e-14
2.22195e-14
2.24677e-14
2.27316e-14
2.29795e-14
2.31832e-14
2.3316e-14
2.33586e-14
2.32965e-14
2.31219e-14
2.28325e-14
2.24313e-14
2.19243e-14
2.13216e-14
2.06373e-14
1.98817e-14
1.90705e-14
1.82194e-14
1.73406e-14
1.64476e-14
1.55527e-14
1.4669e-14
1.38056e-14
1.2971e-14
1.21746e-14
1.14208e-14
1.07169e-14
1.0066e-14
9.47493e-15
8.94156e-15
8.46985e-15
8.05715e-15
7.70243e-15
7.40488e-15
7.15794e-15
6.95649e-15
6.79571e-15
6.66967e-15
6.57183e-15
6.49694e-15
6.43929e-15
6.39442e-15
6.35812e-15
6.32664e-15
6.29741e-15
6.26806e-15
6.23688e-15
6.20254e-15
6.16405e-15
6.12087e-15
6.07272e-15
6.01937e-15
5.96082e-15
5.89745e-15
5.82969e-15
5.75763e-15
5.68195e-15
5.60323e-15
5.52221e-15
5.43905e-15
5.3548e-15
5.26934e-15
5.1861e-15
5.10165e-15
5.01882e-15
4.93824e-15
4.86061e-15
4.78649e-15
4.71641e-15
4.65093e-15
4.5906e-15
4.53596e-15
4.48751e-15
4.44565e-15
4.41074e-15
4.38333e-15
4.36363e-15
4.35163e-15
4.34768e-15
2.10628e-14
2.11015e-14
2.1215e-14
2.13881e-14
2.16003e-14
2.1828e-14
2.20442e-14
2.22237e-14
2.23442e-14
2.23879e-14
2.23422e-14
2.21988e-14
2.1955e-14
2.16119e-14
2.11746e-14
2.0651e-14
2.00509e-14
1.93851e-14
1.86675e-14
1.79086e-14
1.71225e-14
1.63204e-14
1.55123e-14
1.47091e-14
1.39214e-14
1.31573e-14
1.24223e-14
1.17263e-14
1.10674e-14
1.04534e-14
9.89044e-15
9.3767e-15
8.91297e-15
8.50144e-15
8.13712e-15
7.82205e-15
7.55025e-15
7.31857e-15
7.12294e-15
6.95876e-15
6.82167e-15
6.70695e-15
6.6103e-15
6.5276e-15
6.45558e-15
6.39112e-15
6.33148e-15
6.27475e-15
6.21909e-15
6.16333e-15
6.1063e-15
6.04727e-15
5.9859e-15
5.92181e-15
5.85501e-15
5.78538e-15
5.71332e-15
5.63891e-15
5.56248e-15
5.48461e-15
5.40562e-15
5.32555e-15
5.24627e-15
5.16654e-15
5.08721e-15
5.00963e-15
4.93571e-15
4.8633e-15
4.79333e-15
4.72687e-15
4.66407e-15
4.6051e-15
4.55199e-15
4.50415e-15
4.46188e-15
4.4255e-15
4.39534e-15
4.37159e-15
4.35449e-15
4.34417e-15
4.34072e-15
2.02757e-14
2.03083e-14
2.04048e-14
2.05537e-14
2.07373e-14
2.09358e-14
2.11257e-14
2.12862e-14
2.13983e-14
2.14456e-14
2.14165e-14
2.13034e-14
2.11027e-14
2.08148e-14
2.04431e-14
1.99936e-14
1.94745e-14
1.88957e-14
1.82664e-14
1.75975e-14
1.69028e-14
1.6188e-14
1.5465e-14
1.47432e-14
1.40323e-14
1.33379e-14
1.2666e-14
1.20242e-14
1.14155e-14
1.08441e-14
1.03131e-14
9.82211e-15
9.37323e-15
8.96786e-15
8.60282e-15
8.27674e-15
7.98819e-15
7.73419e-15
7.51103e-15
7.31556e-15
7.14452e-15
6.9946e-15
6.86136e-15
6.74329e-15
6.6364e-15
6.53853e-15
6.44782e-15
6.36177e-15
6.27922e-15
6.19906e-15
6.11999e-15
6.04154e-15
5.96297e-15
5.8841e-15
5.80462e-15
5.72454e-15
5.64382e-15
5.56257e-15
5.48104e-15
5.39964e-15
5.31825e-15
5.2378e-15
5.15773e-15
5.08025e-15
5.00344e-15
4.92878e-15
4.85678e-15
4.78775e-15
4.72219e-15
4.66034e-15
4.60255e-15
4.5492e-15
4.50053e-15
4.45687e-15
4.41846e-15
4.38553e-15
4.35829e-15
4.3369e-15
4.32154e-15
4.3123e-15
4.30919e-15
1.94732e-14
1.95024e-14
1.95864e-14
1.97164e-14
1.9878e-14
2.0053e-14
2.02237e-14
2.03715e-14
2.04795e-14
2.05336e-14
2.05228e-14
2.04403e-14
2.0282e-14
2.00471e-14
1.97383e-14
1.93601e-14
1.89187e-14
1.84216e-14
1.78794e-14
1.72979e-14
1.66891e-14
1.6061e-14
1.54225e-14
1.47812e-14
1.41455e-14
1.35223e-14
1.29158e-14
1.23313e-14
1.1774e-14
1.12458e-14
1.07471e-14
1.02848e-14
9.85577e-15
9.46026e-15
9.09769e-15
8.76869e-15
8.47008e-15
8.19876e-15
7.95526e-15
7.73339e-15
7.53404e-15
7.35296e-15
7.18843e-15
7.03729e-15
6.89753e-15
6.76724e-15
6.64515e-15
6.52898e-15
6.41819e-15
6.31135e-15
6.20776e-15
6.10655e-15
6.00746e-15
5.91002e-15
5.81371e-15
5.71882e-15
5.62515e-15
5.53262e-15
5.4415e-15
5.3518e-15
5.26387e-15
5.17785e-15
5.09385e-15
5.01263e-15
4.93404e-15
4.8582e-15
4.78566e-15
4.7167e-15
4.65165e-15
4.59072e-15
4.5342e-15
4.48229e-15
4.43522e-15
4.39319e-15
4.35639e-15
4.32488e-15
4.29798e-15
4.27742e-15
4.26287e-15
4.25411e-15
4.25119e-15
1.86585e-14
1.86835e-14
1.87586e-14
1.88742e-14
1.90193e-14
1.91789e-14
1.93374e-14
1.94786e-14
1.95882e-14
1.9653e-14
1.96636e-14
1.96132e-14
1.94976e-14
1.93155e-14
1.90681e-14
1.87593e-14
1.83934e-14
1.79769e-14
1.75178e-14
1.70223e-14
1.64992e-14
1.59549e-14
1.54006e-14
1.48387e-14
1.42781e-14
1.37233e-14
1.31812e-14
1.26551e-14
1.21477e-14
1.16638e-14
1.12044e-14
1.07703e-14
1.03615e-14
9.97988e-15
9.62607e-15
9.29697e-15
8.99276e-15
8.7107e-15
8.4496e-15
8.20856e-15
7.98542e-15
7.7777e-15
7.5843e-15
7.40356e-15
7.23357e-15
7.0727e-15
6.91983e-15
6.77395e-15
6.63426e-15
6.49962e-15
6.36949e-15
6.24314e-15
6.12059e-15
6.00135e-15
5.88452e-15
5.77089e-15
5.66013e-15
5.55198e-15
5.44675e-15
5.34454e-15
5.24493e-15
5.14899e-15
5.05639e-15
4.96695e-15
4.88155e-15
4.80005e-15
4.72266e-15
4.64959e-15
4.58108e-15
4.51732e-15
4.4585e-15
4.40478e-15
4.35629e-15
4.31318e-15
4.27559e-15
4.24335e-15
4.21574e-15
4.195e-15
4.18028e-15
4.1714e-15
4.16846e-15
1.78241e-14
1.7849e-14
1.79174e-14
1.8024e-14
1.81594e-14
1.83107e-14
1.84638e-14
1.86057e-14
1.87227e-14
1.88038e-14
1.884e-14
1.88249e-14
1.87537e-14
1.86257e-14
1.84411e-14
1.82005e-14
1.79088e-14
1.75721e-14
1.71935e-14
1.67821e-14
1.63422e-14
1.58824e-14
1.54071e-14
1.49233e-14
1.44378e-14
1.39526e-14
1.34734e-14
1.3005e-14
1.25499e-14
1.21104e-14
1.16871e-14
1.12827e-14
1.08996e-14
1.05349e-14
1.01909e-14
9.86407e-15
9.55659e-15
9.26695e-15
8.99443e-15
8.73763e-15
8.49394e-15
8.26434e-15
8.04534e-15
7.83749e-15
7.63934e-15
7.44948e-15
7.26742e-15
7.09239e-15
6.92398e-15
6.76082e-15
6.60302e-15
6.44977e-15
6.30172e-15
6.15748e-15
6.01755e-15
5.88179e-15
5.74999e-15
5.6224e-15
5.49898e-15
5.37904e-15
5.26429e-15
5.15383e-15
5.04657e-15
4.94528e-15
4.84867e-15
4.75682e-15
4.66997e-15
4.58838e-15
4.51217e-15
4.44152e-15
4.37661e-15
4.31751e-15
4.26434e-15
4.21722e-15
4.17622e-15
4.1414e-15
4.11286e-15
4.0906e-15
4.07467e-15
4.06513e-15
4.06193e-15
1.69719e-14
1.6993e-14
1.70587e-14
1.71621e-14
1.72945e-14
1.74443e-14
1.76005e-14
1.77505e-14
1.78825e-14
1.79864e-14
1.80538e-14
1.80782e-14
1.80557e-14
1.79836e-14
1.78616e-14
1.76909e-14
1.74748e-14
1.72159e-14
1.69189e-14
1.65901e-14
1.62337e-14
1.58544e-14
1.54588e-14
1.50518e-14
1.46377e-14
1.42204e-14
1.38044e-14
1.33922e-14
1.29862e-14
1.259e-14
1.22054e-14
1.18326e-14
1.14733e-14
1.11247e-14
1.07905e-14
1.04703e-14
1.01635e-14
9.86927e-15
9.5871e-15
9.31598e-15
9.05625e-15
8.8064e-15
8.56622e-15
8.33373e-15
8.10905e-15
7.89233e-15
7.68319e-15
7.47941e-15
7.28219e-15
7.09054e-15
6.90429e-15
6.72347e-15
6.54774e-15
6.37712e-15
6.21147e-15
6.05058e-15
5.89432e-15
5.74443e-15
5.59774e-15
5.45854e-15
5.32158e-15
5.19277e-15
5.06922e-15
4.9509e-15
4.83697e-15
4.72977e-15
4.62931e-15
4.53502e-15
4.4471e-15
4.36568e-15
4.29053e-15
4.2217e-15
4.1603e-15
4.10593e-15
4.05866e-15
4.01855e-15
3.98567e-15
3.96005e-15
3.94172e-15
3.93071e-15
3.92705e-15
1.60872e-14
1.61113e-14
1.61778e-14
1.62829e-14
1.64194e-14
1.65766e-14
1.67443e-14
1.69112e-14
1.70668e-14
1.72014e-14
1.73072e-14
1.73778e-14
1.74081e-14
1.73961e-14
1.73409e-14
1.72421e-14
1.71014e-14
1.69222e-14
1.67085e-14
1.64611e-14
1.61845e-14
1.58859e-14
1.5568e-14
1.52353e-14
1.48914e-14
1.45413e-14
1.41852e-14
1.38278e-14
1.34711e-14
1.31165e-14
1.2768e-14
1.24239e-14
1.20875e-14
1.17573e-14
1.14351e-14
1.11215e-14
1.08154e-14
1.05184e-14
1.02287e-14
9.94618e-15
9.67116e-15
9.40332e-15
9.14246e-15
8.8871e-15
8.63912e-15
8.39693e-15
8.15999e-15
7.9291e-15
7.70376e-15
7.48331e-15
7.26884e-15
7.05906e-15
6.85507e-15
6.65615e-15
6.46269e-15
6.27507e-15
6.09197e-15
5.91571e-15
5.74407e-15
5.58111e-15
5.4194e-15
5.26724e-15
5.12191e-15
4.98262e-15
4.84973e-15
4.72352e-15
4.60427e-15
4.49224e-15
4.38764e-15
4.29062e-15
4.20143e-15
4.12023e-15
4.04715e-15
3.98234e-15
3.92592e-15
3.878e-15
3.83866e-15
3.80799e-15
3.78603e-15
3.77284e-15
3.76844e-15
1.51749e-14
1.51977e-14
1.5269e-14
1.53819e-14
1.55299e-14
1.57035e-14
1.58927e-14
1.6087e-14
1.62762e-14
1.64512e-14
1.6604e-14
1.67283e-14
1.68189e-14
1.68726e-14
1.6888e-14
1.68647e-14
1.6802e-14
1.67029e-14
1.65695e-14
1.64042e-14
1.62099e-14
1.59908e-14
1.57493e-14
1.54878e-14
1.52125e-14
1.49245e-14
1.46261e-14
1.4321e-14
1.40115e-14
1.36976e-14
1.33823e-14
1.30678e-14
1.27519e-14
1.24388e-14
1.21293e-14
1.18207e-14
1.15169e-14
1.12158e-14
1.09187e-14
1.06254e-14
1.03367e-14
1.00521e-14
9.77131e-15
9.4951e-15
9.22336e-15
8.9567e-15
8.69361e-15
8.43586e-15
8.18252e-15
7.93388e-15
7.6898e-15
7.45159e-15
7.21799e-15
6.98985e-15
6.76821e-15
6.55e-15
6.34027e-15
6.13356e-15
5.9381e-15
5.7424e-15
5.55666e-15
5.37921e-15
5.20817e-15
5.04391e-15
4.88678e-15
4.73714e-15
4.59532e-15
4.46162e-15
4.33636e-15
4.21982e-15
4.11227e-15
4.01398e-15
3.92522e-15
3.84623e-15
3.77723e-15
3.71844e-15
3.67007e-15
3.63226e-15
3.60515e-15
3.58885e-15
3.58341e-15
1.42216e-14
1.42469e-14
1.43261e-14
1.44538e-14
1.46222e-14
1.48229e-14
1.50451e-14
1.52787e-14
1.55135e-14
1.57404e-14
1.59509e-14
1.61383e-14
1.62975e-14
1.64245e-14
1.65167e-14
1.6572e-14
1.65911e-14
1.65744e-14
1.65236e-14
1.64398e-14
1.63253e-14
1.61829e-14
1.60141e-14
1.58245e-14
1.56147e-14
1.53861e-14
1.51425e-14
1.4887e-14
1.46199e-14
1.4344e-14
1.40607e-14
1.37713e-14
1.3476e-14
1.31767e-14
1.28763e-14
1.25737e-14
1.227e-14
1.19653e-14
1.16605e-14
1.13568e-14
1.10536e-14
1.07517e-14
1.04522e-14
1.01548e-14
9.86005e-15
9.5688e-15
9.2796e-15
8.99474e-15
8.71355e-15
8.43617e-15
8.16315e-15
7.8952e-15
7.63181e-15
7.37243e-15
7.12237e-15
6.87215e-15
6.63528e-15
6.39629e-15
6.16856e-15
5.94927e-15
5.73598e-15
5.52563e-15
5.3224e-15
5.13066e-15
4.94653e-15
4.77051e-15
4.60297e-15
4.44429e-15
4.29488e-15
4.15517e-15
4.02557e-15
3.90621e-15
3.79699e-15
3.69962e-15
3.61418e-15
3.54104e-15
3.48059e-15
3.43318e-15
3.39908e-15
3.37854e-15
3.37167e-15
1.32188e-14
1.3249e-14
1.33417e-14
1.34931e-14
1.36934e-14
1.39334e-14
1.42027e-14
1.449e-14
1.47848e-14
1.5077e-14
Process [7]
1.53577e-14
1.56199e-14
1.58573e-14
1.60653e-14
1.62407e-14
1.63806e-14
1.64853e-14
1.65529e-14
1.65854e-14
1.6584e-14
1.6548e-14
1.64802e-14
1.63837e-14
1.62605e-14
1.61121e-14
1.59401e-14
1.57481e-14
1.55369e-14
1.53094e-14
1.50675e-14
1.48099e-14
1.45435e-14
1.42659e-14
1.39801e-14
1.36861e-14
1.33856e-14
1.30796e-14
1.27698e-14
1.24565e-14
1.21405e-14
1.18218e-14
1.15031e-14
1.11836e-14
1.08642e-14
1.05455e-14
1.02291e-14
9.91398e-15
9.60083e-15
9.29147e-15
8.98516e-15
8.68298e-15
8.38413e-15
8.08925e-15
7.80316e-15
7.51594e-15
7.23981e-15
6.97042e-15
6.69823e-15
6.44052e-15
6.18989e-15
5.94551e-15
5.70781e-15
5.47726e-15
5.25429e-15
5.03934e-15
4.83287e-15
4.63531e-15
4.44715e-15
4.26891e-15
4.10116e-15
3.94446e-15
3.79946e-15
3.66684e-15
3.54735e-15
3.4417e-15
3.35067e-15
3.27498e-15
3.2153e-15
3.17221e-15
3.14617e-15
3.13746e-15
1.2157e-14
1.21945e-14
1.23101e-14
1.24951e-14
1.27411e-14
1.3037e-14
1.33705e-14
1.37292e-14
1.41008e-14
1.44744e-14
1.48401e-14
1.51895e-14
1.55162e-14
1.58145e-14
1.608e-14
1.63115e-14
1.65044e-14
1.6659e-14
1.67749e-14
1.68537e-14
1.6895e-14
1.69004e-14
1.68726e-14
1.68119e-14
1.67208e-14
1.66017e-14
1.64556e-14
1.62837e-14
1.60902e-14
1.58771e-14
1.56439e-14
1.53947e-14
1.51304e-14
1.48519e-14
1.45617e-14
1.42611e-14
1.3951e-14
1.36333e-14
1.33084e-14
1.29779e-14
1.26435e-14
1.23045e-14
1.19643e-14
1.16224e-14
1.12785e-14
1.09353e-14
1.05927e-14
1.0252e-14
9.91353e-15
9.57568e-15
9.24409e-15
8.91408e-15
8.58924e-15
8.26671e-15
7.95668e-15
7.64001e-15
7.33645e-15
7.04149e-15
6.75202e-15
6.4685e-15
6.1863e-15
5.91162e-15
5.64968e-15
5.39541e-15
5.14931e-15
4.91177e-15
4.68333e-15
4.4645e-15
4.25589e-15
4.05819e-15
3.87249e-15
3.69837e-15
3.53743e-15
3.39109e-15
3.26055e-15
3.14705e-15
3.05189e-15
2.97631e-15
2.92141e-15
2.8881e-15
2.87692e-15
1.1025e-14
1.10778e-14
1.12255e-14
1.14573e-14
1.1768e-14
1.21405e-14
1.25599e-14
1.3011e-14
1.34796e-14
1.3953e-14
1.44199e-14
1.4871e-14
1.52987e-14
1.56962e-14
1.60595e-14
1.63843e-14
1.66694e-14
1.69122e-14
1.71131e-14
1.72715e-14
1.73868e-14
1.74624e-14
1.74978e-14
1.74952e-14
1.74562e-14
1.73823e-14
1.72759e-14
1.71404e-14
1.69756e-14
1.67842e-14
1.65704e-14
1.63341e-14
1.6078e-14
1.58035e-14
1.55132e-14
1.52081e-14
1.48893e-14
1.45602e-14
1.42205e-14
1.38735e-14
1.35191e-14
1.31589e-14
1.27947e-14
1.24272e-14
1.20573e-14
1.16858e-14
1.13127e-14
1.09446e-14
1.05727e-14
1.02069e-14
9.84001e-15
9.48335e-15
9.11833e-15
8.77023e-15
8.42656e-15
8.07632e-15
7.73768e-15
7.40939e-15
7.08677e-15
6.77026e-15
6.46031e-15
6.15729e-15
5.86163e-15
5.5737e-15
5.29389e-15
5.02264e-15
4.76041e-15
4.50775e-15
4.26527e-15
4.03372e-15
3.81396e-15
3.60708e-15
3.41433e-15
3.23721e-15
3.07742e-15
2.93693e-15
2.81782e-15
2.72225e-15
2.65224e-15
2.60947e-15
2.59509e-15
9.82289e-15
9.88661e-15
1.00767e-14
1.0383e-14
1.07816e-14
1.12581e-14
1.17906e-14
1.236e-14
1.29488e-14
1.3542e-14
1.41276e-14
1.46941e-14
1.52334e-14
1.57398e-14
1.6206e-14
1.66307e-14
1.70092e-14
1.73403e-14
1.76229e-14
1.78585e-14
1.80451e-14
1.81848e-14
1.82778e-14
1.83276e-14
1.83345e-14
1.83006e-14
1.82281e-14
1.81197e-14
1.79773e-14
1.78043e-14
1.76024e-14
1.73727e-14
1.71193e-14
1.68426e-14
1.65452e-14
1.6231e-14
1.59e-14
1.55545e-14
1.51968e-14
1.48287e-14
1.44513e-14
1.40658e-14
1.36733e-14
1.32799e-14
1.28798e-14
1.2476e-14
1.20779e-14
1.16695e-14
1.12716e-14
1.08718e-14
1.04674e-14
1.00792e-14
9.69245e-15
9.29604e-15
8.91433e-15
8.54122e-15
8.17308e-15
7.81045e-15
7.45378e-15
7.10344e-15
6.75987e-15
6.42335e-15
6.09423e-15
5.77285e-15
5.4595e-15
5.15455e-15
4.85841e-15
4.57153e-15
4.2945e-15
4.02803e-15
3.77303e-15
3.53065e-15
3.30234e-15
3.08994e-15
2.89573e-15
2.72247e-15
2.57337e-15
2.45198e-15
2.36193e-15
2.30638e-15
2.2876e-15
8.52779e-15
8.61485e-15
8.86903e-15
9.27645e-15
9.80204e-15
1.04176e-14
1.1097e-14
1.1814e-14
1.25481e-14
1.32822e-14
1.40023e-14
1.46974e-14
1.53587e-14
1.59791e-14
1.65535e-14
1.70786e-14
1.7551e-14
1.79677e-14
1.83302e-14
1.86381e-14
1.88893e-14
1.90884e-14
1.92337e-14
1.93287e-14
1.93743e-14
1.93713e-14
1.93258e-14
1.92388e-14
1.91122e-14
1.89481e-14
1.87498e-14
1.85198e-14
1.82614e-14
1.79773e-14
1.76678e-14
1.73376e-14
1.69887e-14
1.66219e-14
1.62384e-14
1.58458e-14
1.5442e-14
1.5023e-14
1.46082e-14
1.41724e-14
1.37486e-14
1.33077e-14
1.28706e-14
1.24423e-14
1.19973e-14
1.15595e-14
1.11324e-14
1.07074e-14
1.02829e-14
9.84979e-15
9.43388e-15
9.02571e-15
8.62299e-15
8.22624e-15
7.83582e-15
7.4521e-15
7.0754e-15
6.706e-15
6.34411e-15
5.98999e-15
5.64385e-15
5.30593e-15
4.97653e-15
4.65598e-15
4.34473e-15
4.04338e-15
3.7527e-15
3.4738e-15
3.20812e-15
2.95765e-15
2.72505e-15
2.51384e-15
2.32851e-15
2.17455e-15
2.05812e-15
1.9852e-15
1.96033e-15
7.12468e-15
7.24902e-15
7.6071e-15
8.1648e-15
8.86777e-15
9.66817e-15
1.05315e-14
1.1428e-14
1.23298e-14
1.32243e-14
1.40916e-14
1.49239e-14
1.57141e-14
1.64527e-14
1.71364e-14
1.7761e-14
1.83242e-14
1.88254e-14
1.92623e-14
1.96355e-14
1.99468e-14
2.01971e-14
2.03864e-14
2.05174e-14
2.05934e-14
2.06158e-14
2.05869e-14
2.05094e-14
2.03904e-14
2.02274e-14
2.00234e-14
1.97868e-14
1.95177e-14
1.92112e-14
1.88886e-14
1.85315e-14
1.81596e-14
1.77626e-14
1.73565e-14
1.69223e-14
1.64961e-14
1.6035e-14
1.55824e-14
1.51284e-14
1.4648e-14
1.41744e-14
1.37075e-14
1.32388e-14
1.27638e-14
1.22775e-14
1.18104e-14
1.13473e-14
1.08879e-14
1.04327e-14
9.98261e-15
9.53813e-15
9.09977e-15
8.66799e-15
8.24314e-15
7.82553e-15
7.41538e-15
7.01289e-15
6.61822e-15
6.23149e-15
5.85281e-15
5.4823e-15
5.12007e-15
4.7663e-15
4.42124e-15
4.08526e-15
3.75889e-15
3.44297e-15
3.13872e-15
2.84793e-15
2.57324e-15
2.31854e-15
2.08937e-15
1.89345e-15
1.74078e-15
1.64265e-15
1.60864e-15
5.61588e-15
5.80394e-15
6.32976e-15
7.10712e-15
8.04883e-15
9.08749e-15
1.01728e-14
1.12693e-14
1.23633e-14
1.34277e-14
1.44464e-14
1.54299e-14
1.63405e-14
1.72053e-14
1.79884e-14
1.87175e-14
1.93602e-14
1.9946e-14
2.04422e-14
2.08851e-14
2.12367e-14
2.1539e-14
2.17525e-14
2.19224e-14
2.20068e-14
2.20545e-14
2.20203e-14
2.19595e-14
2.18194e-14
2.16605e-14
2.14374e-14
2.11796e-14
2.09002e-14
2.0556e-14
2.02072e-14
1.98345e-14
1.94078e-14
1.89823e-14
1.85453e-14
1.80854e-14
1.75885e-14
1.7104e-14
1.66135e-14
1.6115e-14
1.56104e-14
1.50878e-14
1.45611e-14
1.40497e-14
1.35386e-14
1.3029e-14
1.2522e-14
1.20187e-14
1.15198e-14
1.10263e-14
1.05388e-14
1.00577e-14
9.58374e-15
9.11715e-15
8.65827e-15
8.20736e-15
7.76457e-15
7.33003e-15
6.90379e-15
6.48587e-15
6.07627e-15
5.67495e-15
5.28188e-15
4.89703e-15
4.52042e-15
4.15214e-15
3.79241e-15
3.44165e-15
3.10059e-15
2.77047e-15
2.45337e-15
2.15267e-15
1.87396e-15
1.62638e-15
1.42436e-15
1.28826e-15
1.2396e-15
3.95329e-15
4.27122e-15
5.09716e-15
6.21494e-15
7.46977e-15
8.78358e-15
1.01134e-14
1.1431e-14
1.27175e-14
1.39594e-14
1.51405e-14
1.62394e-14
1.72899e-14
1.82694e-14
1.91723e-14
1.99721e-14
2.06907e-14
2.13494e-14
2.19264e-14
2.2404e-14
2.27858e-14
2.31218e-14
2.33827e-14
2.3558e-14
2.36355e-14
2.36825e-14
2.36688e-14
2.3595e-14
2.34366e-14
2.32296e-14
2.2999e-14
2.27234e-14
2.24069e-14
2.20504e-14
2.1629e-14
2.12019e-14
2.07587e-14
2.02919e-14
1.98047e-14
1.93e-14
1.87805e-14
1.82489e-14
1.77026e-14
1.71291e-14
1.65731e-14
1.60172e-14
1.54595e-14
1.49018e-14
1.43455e-14
1.37918e-14
1.3242e-14
1.2697e-14
1.21577e-14
1.1625e-14
1.10994e-14
1.05814e-14
1.00717e-14
9.57039e-15
9.07786e-15
8.59426e-15
8.1197e-15
7.65421e-15
7.19776e-15
6.75027e-15
6.31162e-15
5.88165e-15
5.46015e-15
5.04694e-15
4.64179e-15
4.24452e-15
3.855e-15
3.47321e-15
3.09928e-15
2.73368e-15
2.37741e-15
2.03248e-15
1.7028e-15
1.39617e-15
1.12852e-15
9.3174e-16
8.56018e-16
2.22328e-15
2.84841e-15
4.17552e-15
5.70928e-15
7.30043e-15
8.89329e-15
1.04602e-14
1.19841e-14
1.34528e-14
1.48567e-14
1.61882e-14
1.7441e-14
1.86102e-14
1.96918e-14
2.06829e-14
2.15816e-14
2.23867e-14
2.3098e-14
2.37161e-14
2.42423e-14
2.4678e-14
2.50131e-14
2.52317e-14
2.54096e-14
2.55135e-14
2.55433e-14
2.55036e-14
2.53984e-14
2.52321e-14
2.50091e-14
2.47338e-14
2.44106e-14
2.40439e-14
2.36379e-14
2.31967e-14
2.2724e-14
2.22238e-14
2.16998e-14
2.11551e-14
2.05932e-14
2.0017e-14
1.94292e-14
1.88327e-14
1.82297e-14
1.76223e-14
1.70129e-14
1.64031e-14
1.57884e-14
1.51648e-14
1.45636e-14
1.39689e-14
1.33806e-14
1.27995e-14
1.22264e-14
1.16619e-14
1.11066e-14
1.05608e-14
1.00249e-14
9.49904e-15
8.98335e-15
8.47788e-15
7.98259e-15
7.49737e-15
7.02205e-15
6.55641e-15
6.10016e-15
5.65299e-15
5.21453e-15
4.78439e-15
4.36217e-15
3.94744e-15
3.53982e-15
3.13893e-15
2.7445e-15
2.35648e-15
1.97517e-15
1.60174e-15
1.23943e-15
8.97336e-16
6.04947e-16
4.67961e-16
1.18804e-15
2.11992e-15
3.81553e-15
5.58757e-15
7.3503e-15
9.07995e-15
1.07627e-14
1.23878e-14
1.39464e-14
1.54307e-14
1.68341e-14
1.81509e-14
1.93765e-14
2.05073e-14
2.15407e-14
2.2475e-14
2.33094e-14
2.40439e-14
2.46793e-14
2.52173e-14
2.566e-14
2.60101e-14
2.6271e-14
2.64462e-14
2.65399e-14
2.65563e-14
2.64999e-14
2.63754e-14
2.61874e-14
2.59408e-14
2.56402e-14
2.52904e-14
2.48959e-14
2.44612e-14
2.39906e-14
2.34883e-14
2.29582e-14
2.24042e-14
2.18296e-14
2.1238e-14
2.06324e-14
2.00158e-14
1.93909e-14
1.876e-14
1.81256e-14
1.74898e-14
1.68543e-14
1.6221e-14
1.55913e-14
1.49666e-14
1.43481e-14
1.37368e-14
1.31335e-14
1.25392e-14
1.19543e-14
1.13794e-14
1.08148e-14
1.02609e-14
9.71779e-15
9.1856e-15
8.66432e-15
8.15387e-15
7.65412e-15
7.16484e-15
6.68576e-15
6.21654e-15
5.75681e-15
5.30614e-15
4.86406e-15
4.43005e-15
4.0036e-15
3.58414e-15
3.17109e-15
2.76389e-15
2.36198e-15
1.96487e-15
1.57225e-15
1.18432e-15
8.03194e-16
4.4366e-16
2.46863e-16
