Vec Object: Vec_0x84000004_8 8 MPI processes
  type: mpi
Process [0]
3.22479e-15
5.92546e-15
1.0769e-14
1.58018e-14
2.07965e-14
2.56855e-14
3.04242e-14
3.49737e-14
3.92972e-14
4.33586e-14
4.71224e-14
5.0555e-14
5.36253e-14
5.63059e-14
5.85734e-14
6.04115e-14
6.18103e-14
6.2768e-14
6.32916e-14
6.33963e-14
6.31056e-14
6.24501e-14
6.1466e-14
6.01932e-14
5.86744e-14
5.69522e-14
5.50681e-14
5.30615e-14
5.09681e-14
4.88197e-14
4.66442e-14
4.44649e-14
4.23014e-14
4.01693e-14
3.80812e-14
3.60468e-14
3.40732e-14
3.21657e-14
3.03278e-14
2.85619e-14
2.6869e-14
2.52493e-14
2.37026e-14
2.22279e-14
2.08239e-14
1.94889e-14
1.82211e-14
1.70185e-14
1.58787e-14
1.47997e-14
1.37792e-14
1.28149e-14
1.19045e-14
1.10457e-14
1.02362e-14
9.47397e-15
8.75666e-15
8.08211e-15
7.44819e-15
6.85281e-15
6.29391e-15
5.76948e-15
5.27753e-15
4.81618e-15
4.38357e-15
3.97787e-15
3.5973e-15
3.24015e-15
2.90476e-15
2.58951e-15
2.29284e-15
2.01322e-15
1.74915e-15
1.49917e-15
1.26181e-15
1.03561e-15
8.19137e-16
6.11117e-16
4.11091e-16
2.24617e-16
1.22324e-16
5.99971e-15
7.78949e-15
1.1538e-14
1.58577e-14
2.03153e-14
2.47467e-14
2.90711e-14
3.32321e-14
3.71922e-14
4.10402e-14
4.45283e-14
4.76481e-14
5.05168e-14
5.30732e-14
5.50982e-14
5.68784e-14
5.81782e-14
5.90345e-14
5.96185e-14
5.96572e-14
5.9469e-14
5.88812e-14
5.79426e-14
5.68761e-14
5.54711e-14
5.38625e-14
5.22141e-14
5.03993e-14
4.84594e-14
4.64737e-14
4.44656e-14
4.25011e-14
4.05496e-14
3.85715e-14
3.66323e-14
3.474e-14
3.2901e-14
3.11199e-14
2.94e-14
2.77436e-14
2.61518e-14
2.46251e-14
2.31634e-14
2.17663e-14
2.04329e-14
1.91565e-14
1.79384e-14
1.67901e-14
1.56993e-14
1.46641e-14
1.36824e-14
1.27525e-14
1.18725e-14
1.10403e-14
1.0254e-14
9.51169e-15
8.81142e-15
8.15125e-15
7.52927e-15
6.9436e-15
6.39239e-15
5.87378e-15
5.38715e-15
4.93321e-15
4.50239e-15
4.09668e-15
3.71492e-15
3.35553e-15
3.01694e-15
2.69765e-15
2.39623e-15
2.11125e-15
1.84139e-15
1.58536e-15
1.34199e-15
1.11025e-15
8.89508e-16
6.80114e-16
4.8543e-16
3.20199e-16
2.42911e-16
1.08011e-14
1.16288e-14
1.37781e-14
1.66814e-14
1.99675e-14
2.34073e-14
2.68909e-14
3.03111e-14
3.36075e-14
3.67497e-14
3.96866e-14
4.23841e-14
4.48153e-14
4.69536e-14
4.87646e-14
5.0254e-14
5.14053e-14
5.22032e-14
5.267e-14
5.28029e-14
5.26376e-14
5.21805e-14
5.14757e-14
5.05508e-14
4.9435e-14
4.81574e-14
4.67523e-14
4.52487e-14
4.36635e-14
4.2053e-14
4.03632e-14
3.87194e-14
3.70414e-14
3.53644e-14
3.37163e-14
3.21027e-14
3.0528e-14
2.89955e-14
2.75084e-14
2.60682e-14
2.46764e-14
2.33244e-14
2.2016e-14
2.07764e-14
1.95866e-14
1.84427e-14
1.73409e-14
1.6298e-14
1.53027e-14
1.43507e-14
1.3442e-14
1.25814e-14
1.17627e-14
1.09843e-14
1.02453e-14
9.54509e-15
8.88105e-15
8.25188e-15
7.65819e-15
7.09536e-15
6.56207e-15
6.05763e-15
5.58058e-15
5.13026e-15
4.70753e-15
4.30469e-15
3.92306e-15
3.56178e-15
3.21956e-15
2.89514e-15
2.58732e-15
2.29501e-15
2.01748e-15
1.7563e-15
1.50612e-15
1.26834e-15
1.04497e-15
8.39335e-16
6.59952e-16
5.26676e-16
4.74653e-16
1.50369e-14
1.54878e-14
1.67077e-14
1.85862e-14
2.08608e-14
2.33746e-14
2.60044e-14
2.86596e-14
3.12782e-14
3.38029e-14
3.61913e-14
3.84082e-14
4.04174e-14
4.21877e-14
4.37035e-14
4.49466e-14
4.58948e-14
4.65569e-14
4.69217e-14
4.7008e-14
4.68329e-14
4.6423e-14
4.58012e-14
4.49914e-14
4.40326e-14
4.29417e-14
4.17511e-14
4.04864e-14
3.9161e-14
3.78003e-14
3.64174e-14
3.50102e-14
3.36105e-14
3.22444e-14
3.08606e-14
2.95025e-14
2.8148e-14
2.68315e-14
2.55674e-14
2.43165e-14
2.31088e-14
2.19355e-14
2.08014e-14
1.97026e-14
1.86481e-14
1.76269e-14
1.66496e-14
1.5708e-14
1.48055e-14
1.39419e-14
1.31132e-14
1.2323e-14
1.15664e-14
1.08456e-14
1.01573e-14
9.50213e-15
8.87781e-15
8.28377e-15
7.71898e-15
7.18108e-15
6.67127e-15
6.18528e-15
5.72386e-15
5.28706e-15
4.86973e-15
4.47353e-15
4.09946e-15
3.74122e-15
3.39998e-15
3.07567e-15
2.76958e-15
2.47587e-15
2.19595e-15
1.93028e-15
1.67924e-15
1.44406e-15
1.22827e-15
1.03787e-15
8.79181e-16
7.70373e-16
7.30901e-16
1.87506e-14
1.8989e-14
1.97198e-14
2.08955e-14
2.2393e-14
2.4125e-14
2.60085e-14
2.79707e-14
2.99509e-14
3.18989e-14
3.37612e-14
3.55067e-14
3.70992e-14
3.85146e-14
3.97199e-14
4.06901e-14
4.1416e-14
4.18923e-14
4.21076e-14
4.20872e-14
4.18448e-14
4.13979e-14
4.07723e-14
4.00075e-14
3.91224e-14
3.81544e-14
3.71146e-14
3.60263e-14
3.49011e-14
3.37612e-14
3.2608e-14
3.14518e-14
3.02761e-14
2.91219e-14
2.79889e-14
2.68761e-14
2.5759e-14
2.46654e-14
2.35881e-14
2.25349e-14
2.15035e-14
2.04986e-14
1.95195e-14
1.8568e-14
1.7644e-14
1.67492e-14
1.58833e-14
1.5047e-14
1.42401e-14
1.34626e-14
1.27142e-14
1.19947e-14
1.13038e-14
1.0641e-14
1.00057e-14
9.3973e-15
8.81507e-15
8.25829e-15
7.72597e-15
7.21739e-15
6.73181e-15
6.26785e-15
5.82528e-15
5.40304e-15
4.9995e-15
4.6155e-15
4.24767e-15
3.89816e-15
3.56325e-15
3.24388e-15
2.94064e-15
2.64967e-15
2.37396e-15
2.11508e-15
1.87013e-15
1.64345e-15
1.43898e-15
1.26281e-15
1.1258e-15
1.03557e-15
1.00367e-15
2.19065e-14
2.2014e-14
2.24766e-14
2.31959e-14
2.41497e-14
2.52872e-14
2.65611e-14
2.79258e-14
2.93377e-14
3.07549e-14
3.21419e-14
3.34516e-14
3.4651e-14
3.57176e-14
3.66012e-14
3.72974e-14
3.77733e-14
3.80266e-14
3.80554e-14
3.78705e-14
3.74922e-14
3.69406e-14
3.62615e-14
3.5477e-14
3.46193e-14
3.37191e-14
3.27838e-14
3.18332e-14
3.0883e-14
2.99269e-14
2.89761e-14
2.80421e-14
2.70987e-14
2.61732e-14
2.52385e-14
2.43267e-14
2.3418e-14
2.25205e-14
2.16337e-14
2.07591e-14
1.98969e-14
1.90506e-14
1.82196e-14
1.74052e-14
1.66103e-14
1.58343e-14
1.50781e-14
1.43427e-14
1.3629e-14
1.29367e-14
1.22665e-14
1.1618e-14
1.09921e-14
1.0388e-14
9.8064e-15
9.24622e-15
8.70735e-15
8.18943e-15
7.69185e-15
7.2141e-15
6.75568e-15
6.31599e-15
5.89446e-15
5.49058e-15
5.10372e-15
4.73331e-15
4.37862e-15
4.03901e-15
3.71465e-15
3.40403e-15
3.1082e-15
2.8263e-15
2.55973e-15
2.30771e-15
2.07532e-15
1.86137e-15
1.67162e-15
1.51292e-15
1.3928e-15
1.31526e-15
1.28854e-15
2.45486e-14
2.46514e-14
2.49041e-14
2.53254e-14
2.58929e-14
2.65884e-14
2.73901e-14
2.82736e-14
2.92109e-14
3.01728e-14
3.11265e-14
3.20396e-14
3.28775e-14
3.35998e-14
3.41791e-14
3.45915e-14
3.47911e-14
3.47873e-14
3.4583e-14
3.41903e-14
3.36084e-14
3.29085e-14
3.21209e-14
3.12703e-14
3.04088e-14
2.95445e-14
2.86935e-14
2.78627e-14
2.70581e-14
2.62788e-14
2.55221e-14
2.47693e-14
2.40389e-14
2.3314e-14
2.2591e-14
2.18718e-14
2.11573e-14
2.04433e-14
1.97318e-14
1.90246e-14
1.83213e-14
1.76227e-14
1.69313e-14
1.62474e-14
1.55738e-14
1.49104e-14
1.42589e-14
1.36203e-14
1.29959e-14
1.23863e-14
1.17918e-14
1.12131e-14
1.06506e-14
1.01051e-14
9.57631e-15
9.06451e-15
8.56946e-15
8.09107e-15
7.62916e-15
7.18348e-15
6.75386e-15
6.33999e-15
5.94159e-15
5.55851e-15
5.19029e-15
4.83663e-15
4.49722e-15
4.1717e-15
3.85992e-15
3.56194e-15
3.27758e-15
3.00775e-15
2.75317e-15
2.51421e-15
2.29496e-15
2.09554e-15
1.92274e-15
1.78044e-15
1.67231e-15
1.60494e-15
1.58203e-15
2.68e-14
2.68197e-14
2.69529e-14
2.71704e-14
2.74712e-14
2.78507e-14
2.83012e-14
2.88113e-14
2.93661e-14
2.99503e-14
3.05337e-14
3.10961e-14
3.15977e-14
3.20088e-14
3.22844e-14
3.23914e-14
3.23119e-14
3.20157e-14
3.15234e-14
3.08469e-14
3.00328e-14
2.91335e-14
2.81946e-14
2.72567e-14
2.6364e-14
2.55332e-14
2.47656e-14
2.40631e-14
2.34134e-14
2.28088e-14
2.22384e-14
2.16817e-14
2.1146e-14
2.0609e-14
2.00783e-14
1.95458e-14
1.9009e-14
1.84665e-14
1.79198e-14
1.7367e-14
1.68093e-14
1.62485e-14
1.56866e-14
1.51248e-14
1.45641e-14
1.40059e-14
1.34525e-14
1.29045e-14
1.2364e-14
1.18324e-14
1.13098e-14
1.07979e-14
1.02971e-14
9.80813e-15
9.33138e-15
8.86706e-15
8.41532e-15
7.97642e-15
7.55038e-15
7.13733e-15
6.73721e-15
6.35014e-15
5.97618e-15
5.61531e-15
5.26751e-15
4.9325e-15
4.61052e-15
4.30135e-15
4.005e-15
3.72177e-15
3.45215e-15
3.19685e-15
2.95694e-15
2.7337e-15
2.52874e-15
2.34602e-15
2.18704e-15
2.05932e-15
1.9638e-15
1.90453e-15
1.88455e-15
2.85621e-14
2.859e-14
2.86344e-14
2.87138e-14
2.88276e-14
2.89773e-14
2.91631e-14
2.93854e-14
2.96408e-14
2.9916e-14
3.01977e-14
3.04627e-14
3.06802e-14
3.0796e-14
3.0777e-14
3.058e-14
3.01716e-14
2.95475e-14
2.87151e-14
2.76951e-14
2.65824e-14
2.54343e-14
2.43199e-14
2.33038e-14
2.24044e-14
2.16318e-14
2.09801e-14
2.04223e-14
1.99426e-14
1.95228e-14
1.91297e-14
1.87674e-14
1.8427e-14
1.80764e-14
1.77237e-14
1.7361e-14
1.69907e-14
1.66048e-14
1.62073e-14
1.57972e-14
1.53759e-14
1.49418e-14
1.45008e-14
1.40509e-14
1.35961e-14
1.31372e-14
1.26753e-14
1.22123e-14
1.17502e-14
1.12921e-14
1.08384e-14
1.03902e-14
9.94811e-15
9.51346e-15
9.08639e-15
8.66794e-15
8.25827e-15
7.85765e-15
7.46691e-15
7.08626e-15
6.71576e-15
6.35573e-15
6.00677e-15
5.66901e-15
5.34254e-15
5.02764e-15
4.72444e-15
4.43306e-15
4.15388e-15
3.8873e-15
3.63408e-15
3.39513e-15
3.17165e-15
2.96521e-15
2.77674e-15
2.60861e-15
2.46473e-15
2.34755e-15
2.26311e-15
2.21154e-15
2.19378e-15
2.99666e-14
2.99735e-14
2.99624e-14
2.99414e-14
2.99181e-14
2.98991e-14
2.98916e-14
2.98991e-14
2.99234e-14
2.9962e-14
2.9999e-14
3.00172e-14
2.99657e-14
2.98161e-14
2.95228e-14
2.90141e-14
2.82509e-14
2.72243e-14
2.59683e-14
2.45378e-14
2.30348e-14
2.16312e-14
2.04086e-14
1.93811e-14
1.85719e-14
1.79298e-14
1.74387e-14
1.70575e-14
1.67558e-14
1.65087e-14
1.62915e-14
1.60964e-14
1.59128e-14
1.5719e-14
1.55194e-14
1.53049e-14
1.50729e-14
1.48238e-14
1.45585e-14
1.42739e-14
1.39724e-14
1.36559e-14
1.33256e-14
1.29821e-14
1.26285e-14
1.22666e-14
1.18957e-14
1.15182e-14
1.11366e-14
1.0751e-14
1.03652e-14
9.97973e-15
9.59475e-15
9.21298e-15
8.83555e-15
8.46243e-15
8.09417e-15
7.73227e-15
7.37741e-15
7.02995e-15
6.68999e-15
6.35819e-15
6.03556e-15
5.72231e-15
5.41852e-15
5.12521e-15
4.84213e-15
4.56977e-15
4.30907e-15
4.06032e-15
3.82499e-15
3.60315e-15
3.3963e-15
3.20762e-15
3.03663e-15
2.88296e-15
2.75112e-15
2.64623e-15
2.56863e-15
2.52343e-15
2.50861e-15
3.10081e-14
3.09972e-14
3.09399e-14
3.08476e-14
3.07273e-14
3.0588e-14
3.04385e-14
3.02841e-14
3.01359e-14
2.99884e-14
2.98285e-14
2.96435e-14
2.93849e-14
2.90063e-14
2.84258e-14
2.75774e-14
2.64185e-14
2.49094e-14
2.31226e-14
2.12456e-14
1.94895e-14
1.7984e-14
1.67824e-14
1.58759e-14
1.52118e-14
1.47349e-14
1.44027e-14
1.41686e-14
1.40075e-14
1.3891e-14
1.37925e-14
1.37144e-14
1.36541e-14
1.35719e-14
1.34799e-14
1.33722e-14
1.32449e-14
1.30985e-14
1.29341e-14
1.27488e-14
1.25457e-14
1.23247e-14
1.2088e-14
1.18374e-14
1.15733e-14
1.1298e-14
1.10122e-14
1.07166e-14
1.04131e-14
1.0103e-14
9.78773e-15
Process [1]
9.46806e-15
9.14492e-15
8.82116e-15
8.49816e-15
8.17632e-15
7.85648e-15
7.53969e-15
7.2274e-15
6.91981e-15
6.61684e-15
6.31991e-15
6.03015e-15
5.74732e-15
5.47179e-15
5.20529e-15
4.94682e-15
4.69803e-15
4.45922e-15
4.23084e-15
4.01574e-15
3.81283e-15
3.62334e-15
3.45332e-15
3.3001e-15
3.16132e-15
3.04317e-15
2.94981e-15
2.88163e-15
2.84182e-15
2.82786e-15
3.17049e-14
3.16713e-14
3.15831e-14
3.14405e-14
3.12514e-14
3.10243e-14
3.07706e-14
3.04992e-14
3.02222e-14
2.99375e-14
2.96383e-14
2.92939e-14
2.88665e-14
2.82822e-14
2.74277e-14
2.62236e-14
2.45768e-14
2.25142e-14
2.02932e-14
1.82015e-14
1.64324e-14
1.50451e-14
1.39817e-14
1.3187e-14
1.26078e-14
1.22094e-14
1.1953e-14
1.18028e-14
1.1725e-14
1.16932e-14
1.1686e-14
1.16964e-14
1.17026e-14
1.17057e-14
1.16899e-14
1.16558e-14
1.16032e-14
1.15293e-14
1.14342e-14
1.13192e-14
1.11833e-14
1.10291e-14
1.08587e-14
1.06729e-14
1.04729e-14
1.02612e-14
1.00376e-14
9.80484e-15
9.56423e-15
9.3175e-15
9.06527e-15
8.80714e-15
8.54424e-15
8.27919e-15
8.01258e-15
7.74492e-15
7.47736e-15
7.21107e-15
6.94658e-15
6.68511e-15
6.42623e-15
6.17137e-15
5.92185e-15
5.67719e-15
5.43819e-15
5.20637e-15
4.98071e-15
4.76343e-15
4.55444e-15
4.35442e-15
4.16648e-15
3.98839e-15
3.82359e-15
3.67636e-15
3.54214e-15
3.42296e-15
3.32445e-15
3.24743e-15
3.19114e-15
3.15868e-15
3.14739e-15
3.20528e-14
3.20168e-14
3.19069e-14
3.17288e-14
3.14905e-14
3.12022e-14
3.08762e-14
3.05257e-14
3.01582e-14
2.97799e-14
2.93801e-14
2.89316e-14
2.83734e-14
2.76221e-14
2.65397e-14
2.49696e-14
2.28348e-14
2.03666e-14
1.80413e-14
1.60321e-14
1.43638e-14
1.3023e-14
1.19545e-14
1.11488e-14
1.05551e-14
1.01628e-14
9.93279e-15
9.8288e-15
9.81687e-15
9.86196e-15
9.93671e-15
1.00204e-14
1.01028e-14
1.01791e-14
1.02309e-14
1.02609e-14
1.02674e-14
1.02497e-14
1.02066e-14
1.01418e-14
1.00536e-14
9.94579e-15
9.82057e-15
9.67822e-15
9.52177e-15
9.35144e-15
9.16988e-15
8.97903e-15
8.78082e-15
8.57579e-15
8.36599e-15
8.15083e-15
7.93204e-15
7.71081e-15
7.48745e-15
7.26294e-15
7.03822e-15
6.81404e-15
6.59083e-15
6.36999e-15
6.15151e-15
5.93648e-15
5.72613e-15
5.51982e-15
5.31898e-15
5.12398e-15
4.93487e-15
4.75348e-15
4.57954e-15
4.41458e-15
4.25944e-15
4.1129e-15
3.97977e-15
3.85955e-15
3.74883e-15
3.65431e-15
3.57944e-15
3.52226e-15
3.48112e-15
3.45762e-15
3.4499e-15
3.20919e-14
3.20493e-14
3.19249e-14
3.17232e-14
3.14526e-14
3.11239e-14
3.07515e-14
3.03498e-14
2.99335e-14
2.95048e-14
2.90649e-14
2.8574e-14
2.79778e-14
2.71467e-14
2.58849e-14
2.40175e-14
2.1597e-14
1.90451e-14
1.67418e-14
1.47492e-14
1.30248e-14
1.15717e-14
1.03809e-14
9.46575e-15
8.81012e-15
8.40702e-15
8.2047e-15
8.16465e-15
8.23247e-15
8.36721e-15
8.53501e-15
8.7105e-15
8.87298e-15
9.02127e-15
9.1461e-15
9.23796e-15
9.29904e-15
9.33017e-15
9.33218e-15
9.30719e-15
9.25696e-15
9.18349e-15
9.0902e-15
8.97825e-15
8.85072e-15
8.70925e-15
8.55581e-15
8.39232e-15
8.22019e-15
8.04154e-15
7.85725e-15
7.66828e-15
7.47597e-15
7.28154e-15
7.08558e-15
6.88889e-15
6.6925e-15
6.49747e-15
6.30356e-15
6.11204e-15
5.92356e-15
5.73904e-15
5.55899e-15
5.3837e-15
5.21383e-15
5.04988e-15
4.89223e-15
4.74179e-15
4.59889e-15
4.4644e-15
4.33858e-15
4.2218e-15
4.11617e-15
4.02061e-15
3.93445e-15
3.86274e-15
3.80737e-15
3.76662e-15
3.73792e-15
3.72218e-15
3.71669e-15
3.18371e-14
3.17867e-14
3.16533e-14
3.14382e-14
3.11495e-14
3.07994e-14
3.04072e-14
2.99882e-14
2.95585e-14
2.91356e-14
2.8723e-14
2.82872e-14
2.77647e-14
2.7017e-14
2.57236e-14
2.3616e-14
2.09982e-14
1.84191e-14
1.60502e-14
1.39247e-14
1.20388e-14
1.04167e-14
9.0738e-15
8.03494e-15
7.31129e-15
6.89572e-15
6.73879e-15
6.78485e-15
6.95966e-15
7.21223e-15
7.49289e-15
7.77124e-15
8.02966e-15
8.25336e-15
8.44407e-15
8.59661e-15
8.70806e-15
8.78238e-15
8.82162e-15
8.82861e-15
8.80655e-15
8.75814e-15
8.68667e-15
8.59485e-15
8.48563e-15
8.36106e-15
8.2235e-15
8.07509e-15
7.91775e-15
7.75316e-15
7.58274e-15
7.40819e-15
7.23044e-15
7.05113e-15
6.87072e-15
6.69021e-15
6.51071e-15
6.33249e-15
6.15691e-15
5.98425e-15
5.81522e-15
5.65036e-15
5.49042e-15
5.33581e-15
5.18685e-15
5.04412e-15
4.90793e-15
4.77873e-15
4.65707e-15
4.5433e-15
4.4379e-15
4.34144e-15
4.25426e-15
4.1763e-15
4.10841e-15
4.05225e-15
4.00896e-15
3.9774e-15
3.95633e-15
3.94331e-15
3.93902e-15
3.12876e-14
3.12461e-14
3.11108e-14
3.08913e-14
3.05974e-14
3.02457e-14
2.98559e-14
2.9452e-14
2.90624e-14
2.87145e-14
2.84267e-14
2.81783e-14
2.79423e-14
2.746e-14
2.60921e-14
2.36692e-14
2.08571e-14
1.81546e-14
1.56511e-14
1.33581e-14
1.13036e-14
9.51026e-15
8.00526e-15
6.82922e-15
6.0206e-15
5.59674e-15
5.51397e-15
5.68103e-15
6.00484e-15
6.39806e-15
6.80907e-15
7.19757e-15
7.54986e-15
7.85557e-15
8.11084e-15
8.31547e-15
8.47196e-15
8.58294e-15
8.65213e-15
8.68366e-15
8.68127e-15
8.6491e-15
8.59058e-15
8.50919e-15
8.40841e-15
8.29074e-15
8.15896e-15
8.01556e-15
7.86228e-15
7.70165e-15
7.53513e-15
7.36443e-15
7.19096e-15
7.01597e-15
6.84053e-15
6.66533e-15
6.49172e-15
6.32029e-15
6.1519e-15
5.98702e-15
5.82641e-15
5.67069e-15
5.52033e-15
5.37571e-15
5.23717e-15
5.10518e-15
4.98004e-15
4.86206e-15
4.75171e-15
4.64923e-15
4.55499e-15
4.4693e-15
4.39243e-15
4.32454e-15
4.26639e-15
4.21843e-15
4.18094e-15
4.15322e-15
4.13453e-15
4.12306e-15
4.11928e-15
3.05072e-14
3.04528e-14
3.03182e-14
3.01041e-14
2.98199e-14
2.94888e-14
2.91342e-14
2.87872e-14
2.84918e-14
2.83013e-14
2.8248e-14
2.83935e-14
2.86692e-14
2.8428e-14
2.67455e-14
2.39127e-14
2.09128e-14
1.80777e-14
1.5437e-14
1.2992e-14
1.07863e-14
8.8206e-15
7.14377e-15
5.81811e-15
4.91539e-15
4.49687e-15
4.52268e-15
4.85897e-15
5.35759e-15
5.91007e-15
6.4525e-15
6.95381e-15
7.39254e-15
7.77245e-15
8.08682e-15
8.34275e-15
8.53663e-15
8.67421e-15
8.76725e-15
8.81633e-15
8.82702e-15
8.80466e-15
8.75214e-15
8.67449e-15
8.57516e-15
8.45701e-15
8.3232e-15
8.17655e-15
8.01978e-15
7.85486e-15
7.6839e-15
7.50867e-15
7.3301e-15
7.15051e-15
6.97105e-15
6.79209e-15
6.61441e-15
6.4402e-15
6.26915e-15
6.10238e-15
5.94034e-15
5.78363e-15
5.633e-15
5.48849e-15
5.3506e-15
5.21979e-15
5.09619e-15
4.98016e-15
4.87211e-15
4.7723e-15
4.68075e-15
4.59789e-15
4.52394e-15
4.45901e-15
4.40353e-15
4.35753e-15
4.321e-15
4.29354e-15
4.27472e-15
4.26334e-15
4.25947e-15
2.94691e-14
2.94232e-14
2.9298e-14
2.90986e-14
2.88426e-14
2.85535e-14
2.82661e-14
2.80309e-14
2.79056e-14
2.79773e-14
2.83245e-14
2.90477e-14
2.99337e-14
2.96471e-14
2.73984e-14
2.42422e-14
2.10968e-14
1.81378e-14
1.53644e-14
1.27881e-14
1.04379e-14
8.31328e-15
6.46946e-15
4.98385e-15
3.97065e-15
3.5772e-15
3.75924e-15
4.30531e-15
4.99772e-15
5.70697e-15
6.37383e-15
6.97251e-15
7.49145e-15
7.93247e-15
8.29666e-15
8.59019e-15
8.81441e-15
8.98041e-15
9.09202e-15
9.15507e-15
9.17457e-15
9.15755e-15
9.10677e-15
9.02819e-15
8.92577e-15
8.80285e-15
8.6622e-15
8.50768e-15
8.34204e-15
8.16722e-15
7.98583e-15
7.79954e-15
7.61023e-15
7.41953e-15
7.2285e-15
7.03828e-15
6.85021e-15
6.66504e-15
6.48361e-15
6.30679e-15
6.13519e-15
5.96948e-15
5.80994e-15
5.65738e-15
5.51196e-15
5.37406e-15
5.24394e-15
5.12202e-15
5.00851e-15
4.90369e-15
4.80772e-15
4.72099e-15
4.64352e-15
4.57546e-15
4.51694e-15
4.46821e-15
4.4289e-15
4.39892e-15
4.37763e-15
4.36541e-15
4.36128e-15
2.82205e-14
2.81878e-14
2.80775e-14
2.79074e-14
2.76974e-14
2.74808e-14
2.73023e-14
2.72329e-14
2.73589e-14
2.78014e-14
2.87042e-14
3.0166e-14
3.1487e-14
3.08163e-14
2.79978e-14
2.46314e-14
2.13767e-14
1.82942e-14
1.54049e-14
1.27076e-14
1.02208e-14
7.96658e-15
5.96893e-15
4.30633e-15
3.17597e-15
2.82791e-15
3.22003e-15
4.00047e-15
4.88042e-15
5.7293e-15
6.50277e-15
7.18141e-15
7.76601e-15
8.25888e-15
8.66246e-15
8.98976e-15
9.24058e-15
9.427e-15
9.55613e-15
9.6252e-15
9.65275e-15
9.63833e-15
9.58818e-15
9.50693e-15
9.39948e-15
9.26889e-15
9.11968e-15
8.95488e-15
8.77755e-15
8.59009e-15
8.39462e-15
8.19439e-15
7.99011e-15
7.78392e-15
7.57685e-15
7.37084e-15
7.16677e-15
6.96547e-15
6.76813e-15
6.57586e-15
6.38821e-15
6.20734e-15
6.03322e-15
5.86584e-15
5.70624e-15
5.55464e-15
5.41183e-15
5.27746e-15
5.15232e-15
5.03647e-15
4.93022e-15
4.83376e-15
4.74739e-15
4.67125e-15
4.60546e-15
4.54999e-15
4.50489e-15
4.47003e-15
4.44537e-15
4.43055e-15
4.42553e-15
2.67923e-14
2.67716e-14
2.66858e-14
2.65606e-14
2.64177e-14
2.63073e-14
2.62856e-14
2.64497e-14
2.69003e-14
2.78205e-14
2.93832e-14
3.16179e-14
3.30606e-14
3.18243e-14
2.85812e-14
2.50761e-14
2.17161e-14
1.8525e-14
1.55271e-14
1.27199e-14
1.01108e-14
7.7374e-15
5.59862e-15
3.76675e-15
2.50229e-15
2.24411e-15
2.89338e-15
3.90448e-15
4.94433e-15
5.9063e-15
6.76066e-15
7.5067e-15
8.1424e-15
8.67744e-15
9.11721e-15
9.4704e-15
9.74938e-15
9.94885e-15
1.00864e-14
1.01718e-14
1.02019e-14
1.0191e-14
1.01407e-14
1.00563e-14
9.9431e-15
9.80536e-15
9.64695e-15
9.47088e-15
9.28143e-15
9.08016e-15
8.86997e-15
8.65312e-15
8.43182e-15
8.20816e-15
7.98314e-15
7.75819e-15
7.53548e-15
7.31485e-15
7.09801e-15
6.88605e-15
6.67958e-15
6.47917e-15
6.28564e-15
6.09939e-15
5.92105e-15
5.75112e-15
5.59017e-15
5.43863e-15
5.29664e-15
5.16499e-15
5.0436e-15
4.93307e-15
4.83348e-15
4.74519e-15
4.66847e-15
4.60328e-15
4.54988e-15
4.5083e-15
4.47865e-15
4.46074e-15
4.45482e-15
2.52135e-14
2.52059e-14
2.51543e-14
2.50872e-14
2.50414e-14
2.50722e-14
2.52591e-14
2.57085e-14
2.65654e-14
2.80254e-14
3.02907e-14
3.31654e-14
3.45026e-14
3.26892e-14
2.91832e-14
2.55625e-14
2.20986e-14
1.88106e-14
1.57065e-14
1.27952e-14
1.00891e-14
7.59695e-15
5.33777e-15
3.34971e-15
1.94919e-15
1.81674e-15
2.75257e-15
3.96465e-15
5.12619e-15
6.17339e-15
7.09382e-15
7.88888e-15
8.5678e-15
9.13719e-15
9.60759e-15
9.98581e-15
1.0281e-14
1.05011e-14
1.06518e-14
1.0742e-14
1.0777e-14
1.07701e-14
1.0722e-14
1.06355e-14
1.05173e-14
1.03721e-14
1.0205e-14
1.0019e-14
9.81667e-15
9.60185e-15
9.37678e-15
9.14412e-15
8.90537e-15
8.66334e-15
8.41937e-15
8.17539e-15
7.93212e-15
7.69101e-15
7.45306e-15
7.21935e-15
6.99126e-15
6.76878e-15
6.553e-15
6.34504e-15
6.14482e-15
5.95339e-15
5.77133e-15
5.5988e-15
5.43659e-15
5.28528e-15
5.1452e-15
5.01671e-15
4.90052e-15
4.79683e-15
4.70617e-15
4.62872e-15
4.56491e-15
4.51499e-15
4.47916e-15
4.45769e-15
4.4505e-15
Process [2]
2.35127e-14
2.35169e-14
2.35096e-14
2.35249e-14
2.36064e-14
2.3819e-14
2.4259e-14
2.50518e-14
2.63624e-14
2.83888e-14
3.13185e-14
3.46687e-14
3.57735e-14
3.34811e-14
2.97976e-14
2.60681e-14
2.25015e-14
1.91152e-14
1.59165e-14
1.29141e-14
1.01149e-14
7.52699e-15
5.16019e-15
3.03848e-15
1.51149e-15
1.53922e-15
2.76086e-15
4.12709e-15
5.3773e-15
6.48444e-15
7.45528e-15
8.29279e-15
9.00526e-15
9.60437e-15
1.01002e-14
1.05013e-14
1.08131e-14
1.10476e-14
1.12115e-14
1.13108e-14
1.13558e-14
1.13436e-14
1.12987e-14
1.12124e-14
1.10909e-14
1.09403e-14
1.07657e-14
1.05701e-14
1.03567e-14
1.01289e-14
9.89029e-15
9.6423e-15
9.38731e-15
9.12751e-15
8.86457e-15
8.60087e-15
8.33763e-15
8.07526e-15
7.81578e-15
7.55991e-15
7.30903e-15
7.06366e-15
6.82486e-15
6.5929e-15
6.36911e-15
6.15411e-15
5.9485e-15
5.75274e-15
5.56787e-15
5.3942e-15
5.23263e-15
5.08369e-15
4.94801e-15
4.82636e-15
4.71928e-15
4.62737e-15
4.55126e-15
4.49149e-15
4.4484e-15
4.42255e-15
4.41398e-15
2.17281e-14
2.17327e-14
2.17843e-14
2.19033e-14
2.21403e-14
2.25766e-14
2.33165e-14
2.44945e-14
2.62697e-14
2.88433e-14
3.23422e-14
3.60025e-14
3.68871e-14
3.42486e-14
3.0422e-14
2.65893e-14
2.29253e-14
1.94361e-14
1.61462e-14
1.30499e-14
1.01706e-14
7.49942e-15
5.04451e-15
2.81468e-15
1.20619e-15
1.3981e-15
2.88015e-15
4.34241e-15
5.65488e-15
6.80846e-15
7.81579e-15
8.68775e-15
9.43121e-15
1.00566e-14
1.05736e-14
1.09926e-14
1.13219e-14
1.15706e-14
1.17457e-14
1.18521e-14
1.19051e-14
1.19048e-14
1.18513e-14
1.17635e-14
1.16442e-14
1.14889e-14
1.13086e-14
1.11047e-14
1.08815e-14
1.0643e-14
1.03914e-14
1.01294e-14
9.85927e-15
9.58377e-15
9.30346e-15
9.0207e-15
8.73727e-15
8.45469e-15
8.17403e-15
7.89615e-15
7.62246e-15
7.35403e-15
7.09128e-15
6.83503e-15
6.58709e-15
6.34752e-15
6.11731e-15
5.89705e-15
5.68761e-15
5.48991e-15
5.30479e-15
5.13327e-15
4.97602e-15
4.83429e-15
4.70876e-15
4.60049e-15
4.5104e-15
4.43935e-15
4.38789e-15
4.3571e-15
4.34679e-15
1.98546e-14
1.98795e-14
2.00063e-14
2.02568e-14
2.06851e-14
2.13807e-14
2.24544e-14
2.4026e-14
2.62514e-14
2.93103e-14
3.32621e-14
3.71261e-14
3.78641e-14
3.49872e-14
3.10317e-14
2.7105e-14
2.33385e-14
1.97555e-14
1.63709e-14
1.31941e-14
1.02359e-14
7.49649e-15
4.97476e-15
2.67164e-15
1.06882e-15
1.40479e-15
3.06306e-15
4.58243e-15
5.9351e-15
7.12717e-15
8.16105e-15
9.06089e-15
9.82781e-15
1.04732e-14
1.10119e-14
1.14485e-14
1.17934e-14
1.20536e-14
1.22399e-14
1.2358e-14
1.24142e-14
1.24186e-14
1.23736e-14
1.2285e-14
1.2161e-14
1.20034e-14
1.18191e-14
1.16092e-14
1.13786e-14
1.11306e-14
1.0868e-14
1.05939e-14
1.03102e-14
1.00187e-14
9.72268e-15
9.42263e-15
9.12144e-15
8.81877e-15
8.51815e-15
8.21949e-15
7.92351e-15
7.63205e-15
7.34628e-15
7.06656e-15
6.7941e-15
6.52959e-15
6.27401e-15
6.02852e-15
5.79376e-15
5.57074e-15
5.36106e-15
5.1655e-15
4.98514e-15
4.82151e-15
4.6758e-15
4.54952e-15
4.44392e-15
4.36024e-15
4.2995e-15
4.26261e-15
4.25049e-15
1.79098e-14
1.79821e-14
1.82033e-14
1.86125e-14
1.92686e-14
2.02558e-14
2.16735e-14
2.36375e-14
2.62817e-14
2.97281e-14
3.40101e-14
3.80354e-14
3.87227e-14
3.57196e-14
3.16656e-14
2.76254e-14
2.37101e-14
2.0058e-14
1.65842e-14
1.33296e-14
1.03041e-14
7.49957e-15
4.93096e-15
2.58768e-15
1.09778e-15
1.55797e-15
3.27259e-15
4.82751e-15
6.20685e-15
7.42169e-15
8.482e-15
9.40015e-15
1.01898e-14
1.08533e-14
1.14075e-14
1.1858e-14
1.22162e-14
1.24893e-14
1.26852e-14
1.28124e-14
1.28758e-14
1.28852e-14
1.28445e-14
1.27597e-14
1.26325e-14
1.24717e-14
1.22886e-14
1.20739e-14
1.1837e-14
1.15817e-14
1.13102e-14
1.10253e-14
1.073e-14
1.04254e-14
1.01147e-14
9.79953e-15
9.48108e-15
9.16122e-15
8.84134e-15
8.52266e-15
8.20637e-15
7.8933e-15
7.58498e-15
7.28196e-15
6.9856e-15
6.69667e-15
6.41638e-15
6.14547e-15
5.88521e-15
5.63667e-15
5.40154e-15
5.18078e-15
4.97624e-15
4.7893e-15
4.62194e-15
4.47613e-15
4.35349e-15
4.25582e-15
4.18511e-15
4.14162e-15
4.12669e-15
1.59474e-14
1.60688e-14
1.64044e-14
1.70051e-14
1.79215e-14
1.92237e-14
2.0994e-14
2.33244e-14
2.63137e-14
3.00604e-14
3.45627e-14
3.8717e-14
3.94704e-14
3.64262e-14
3.22396e-14
2.80941e-14
2.40928e-14
2.03567e-14
1.67821e-14
1.34498e-14
1.03587e-14
7.50446e-15
4.89756e-15
2.54841e-15
1.21562e-15
1.80251e-15
3.49939e-15
5.06329e-15
6.45883e-15
7.69009e-15
8.76671e-15
9.70383e-15
1.05059e-14
1.11859e-14
1.17536e-14
1.2216e-14
1.25872e-14
1.28701e-14
1.30766e-14
1.32117e-14
1.32838e-14
1.32984e-14
1.32615e-14
1.31797e-14
1.30577e-14
1.28966e-14
1.27071e-14
1.24908e-14
1.2251e-14
1.19898e-14
1.17111e-14
1.14177e-14
1.11121e-14
1.07966e-14
1.04737e-14
1.01447e-14
9.81139e-15
9.47547e-15
9.13837e-15
8.8016e-15
8.46592e-15
8.13248e-15
7.80335e-15
7.4784e-15
7.15924e-15
6.84706e-15
6.54232e-15
6.24657e-15
5.96113e-15
5.68714e-15
5.42605e-15
5.17992e-15
4.95018e-15
4.73912e-15
4.54896e-15
4.38213e-15
4.24103e-15
4.12832e-15
4.04558e-15
3.9957e-15
3.97908e-15
1.4007e-14
1.41554e-14
1.4633e-14
1.54584e-14
1.66628e-14
1.82999e-14
2.0412e-14
2.30687e-14
2.63391e-14
3.02909e-14
3.49323e-14
3.91883e-14
4.0117e-14
3.71012e-14
3.28158e-14
2.85415e-14
2.44537e-14
2.05747e-14
1.69353e-14
1.3528e-14
1.03939e-14
7.4988e-15
4.86794e-15
2.54826e-15
1.36312e-15
2.04964e-15
3.71789e-15
5.28481e-15
6.68746e-15
7.92921e-15
9.01812e-15
9.96209e-15
1.07765e-14
1.14676e-14
1.2049e-14
1.25216e-14
1.29009e-14
1.31944e-14
1.34094e-14
1.35535e-14
1.36323e-14
1.36553e-14
1.36227e-14
1.35442e-14
1.34249e-14
1.32677e-14
1.30797e-14
1.28556e-14
1.26181e-14
1.23508e-14
1.20674e-14
1.17672e-14
1.14537e-14
1.11288e-14
1.07954e-14
1.04544e-14
1.01083e-14
9.75823e-15
9.40617e-15
9.05284e-15
8.69974e-15
8.34835e-15
7.99931e-15
7.65386e-15
7.3135e-15
6.97862e-15
6.65086e-15
6.33136e-15
6.02135e-15
5.72215e-15
5.43564e-15
5.16387e-15
4.90862e-15
4.67256e-15
4.45851e-15
4.26952e-15
4.10853e-15
3.97908e-15
3.88447e-15
3.82658e-15
3.80576e-15
1.20429e-14
1.22667e-14
1.29188e-14
1.40027e-14
1.55256e-14
1.74947e-14
1.99284e-14
2.28608e-14
2.63364e-14
3.04065e-14
3.51164e-14
3.94626e-14
4.06409e-14
3.77623e-14
3.3373e-14
2.89537e-14
2.47446e-14
2.07694e-14
1.70537e-14
1.35715e-14
1.03991e-14
7.47919e-15
4.83535e-15
2.56626e-15
1.529e-15
2.29878e-15
3.92699e-15
5.48501e-15
6.88741e-15
8.13185e-15
9.22556e-15
1.01777e-14
1.09978e-14
1.16972e-14
1.22837e-14
1.27679e-14
1.31551e-14
1.346e-14
1.36825e-14
1.38347e-14
1.3921e-14
1.39482e-14
1.39233e-14
1.38505e-14
1.37344e-14
1.35806e-14
1.33929e-14
1.31732e-14
1.29271e-14
1.26618e-14
1.23757e-14
1.20705e-14
1.17513e-14
1.14194e-14
1.10771e-14
1.07265e-14
1.03696e-14
1.00075e-14
9.64192e-15
9.27441e-15
8.90576e-15
8.53761e-15
8.17103e-15
7.807e-15
7.4467e-15
7.09121e-15
6.7419e-15
6.39958e-15
6.06602e-15
5.74251e-15
5.43118e-15
5.13385e-15
4.85305e-15
4.59162e-15
4.3528e-15
4.1404e-15
3.95835e-15
3.81081e-15
3.70248e-15
3.63466e-15
3.61219e-15
1.01062e-14
1.04168e-14
1.12865e-14
1.26745e-14
1.4527e-14
1.68191e-14
1.95374e-14
2.26911e-14
2.63099e-14
3.04164e-14
3.5059e-14
3.95088e-14
4.1032e-14
3.83813e-14
3.38955e-14
2.93232e-14
2.49906e-14
2.0914e-14
1.71124e-14
1.35862e-14
1.03782e-14
7.43778e-15
4.80142e-15
2.60668e-15
1.70621e-15
2.52937e-15
4.12072e-15
5.6618e-15
7.05669e-15
8.29846e-15
9.39051e-15
1.0346e-14
1.11687e-14
1.18736e-14
1.24668e-14
1.29565e-14
1.33534e-14
1.36627e-14
1.38939e-14
1.40546e-14
1.41483e-14
1.41837e-14
1.41649e-14
1.40969e-14
1.39856e-14
1.38358e-14
1.36513e-14
1.34346e-14
1.31922e-14
1.29196e-14
1.26355e-14
1.23267e-14
1.20034e-14
1.16665e-14
1.13177e-14
1.09595e-14
1.05935e-14
1.02214e-14
9.84471e-15
9.46445e-15
9.08263e-15
8.69982e-15
8.31747e-15
7.93668e-15
7.55843e-15
7.18407e-15
6.81442e-15
6.45128e-15
6.09561e-15
5.74869e-15
5.41356e-15
5.09146e-15
4.78514e-15
4.49808e-15
4.23403e-15
3.9971e-15
3.7925e-15
3.62552e-15
3.5016e-15
3.42418e-15
3.3986e-15
8.21922e-15
8.63247e-15
9.77345e-15
1.15039e-14
1.37013e-14
1.62862e-14
1.92435e-14
2.25609e-14
2.62671e-14
3.03915e-14
3.49181e-14
3.93696e-14
4.12751e-14
3.89529e-14
3.43706e-14
2.96427e-14
2.51756e-14
2.09992e-14
1.71293e-14
1.35598e-14
1.0321e-14
7.38087e-15
4.76859e-15
2.66359e-15
1.89322e-15
2.7494e-15
4.29701e-15
5.81333e-15
7.19371e-15
8.42681e-15
9.50641e-15
1.04649e-14
1.12892e-14
1.1994e-14
1.25914e-14
1.30866e-14
1.34887e-14
1.38061e-14
1.40449e-14
1.4212e-14
1.43129e-14
1.43541e-14
1.4344e-14
1.42837e-14
1.41783e-14
1.40334e-14
1.38527e-14
1.364e-14
1.3399e-14
1.31313e-14
1.28443e-14
1.25341e-14
1.22094e-14
1.18689e-14
1.15158e-14
1.1152e-14
1.0779e-14
1.03992e-14
1.00132e-14
9.62302e-15
9.22978e-15
8.83421e-15
8.43839e-15
8.04289e-15
7.64872e-15
7.25738e-15
6.86955e-15
6.48696e-15
6.11059e-15
5.7424e-15
5.38416e-15
5.0384e-15
4.7072e-15
4.39453e-15
4.10463e-15
3.84243e-15
3.61382e-15
3.42536e-15
3.28516e-15
3.19621e-15
3.16637e-15
6.40613e-15
6.94465e-15
8.42318e-15
1.05323e-14
1.30522e-14
1.58957e-14
1.90334e-14
2.24655e-14
2.62069e-14
3.02879e-14
3.46927e-14
3.90649e-14
4.13591e-14
3.9444e-14
3.47979e-14
2.98988e-14
2.52924e-14
2.10153e-14
1.70845e-14
1.35025e-14
1.02361e-14
7.30974e-15
4.73876e-15
2.744e-15
2.08898e-15
2.95469e-15
4.45361e-15
5.93536e-15
7.29455e-15
8.51023e-15
9.58685e-15
1.05328e-14
1.13554e-14
1.20605e-14
1.26574e-14
1.31561e-14
1.35631e-14
1.38868e-14
1.41325e-14
1.43072e-14
1.4417e-14
1.447e-14
1.44633e-14
1.44099e-14
1.43121e-14
1.41737e-14
1.39986e-14
1.37908e-14
1.35532e-14
1.32898e-14
1.30024e-14
1.26966e-14
1.23693e-14
1.20271e-14
1.16717e-14
1.13044e-14
1.09266e-14
1.05409e-14
1.01478e-14
9.74939e-15
9.3468e-15
8.94111e-15
8.53362e-15
8.12553e-15
7.71749e-15
7.31106e-15
6.90714e-15
6.50704e-15
6.1121e-15
5.72402e-15
5.34439e-15
4.97572e-15
4.62073e-15
4.283e-15
3.96719e-15
3.67879e-15
3.42475e-15
3.2134e-15
3.05351e-15
2.95451e-15
2.92075e-15
4.64655e-15
5.39558e-15
7.29956e-15
9.79552e-15
1.26032e-14
1.565e-14
1.89124e-14
2.24066e-14
2.61514e-14
3.01293e-14
Process [3]
3.43983e-14
3.86572e-14
4.12836e-14
3.98165e-14
3.51666e-14
3.00824e-14
2.53332e-14
2.09704e-14
1.69893e-14
1.33768e-14
1.01293e-14
7.23074e-15
4.72409e-15
2.84775e-15
2.29186e-15
3.14943e-15
4.5818e-15
6.0247e-15
7.35553e-15
8.54711e-15
9.61442e-15
1.05496e-14
1.13649e-14
1.20681e-14
1.26646e-14
1.31669e-14
1.35776e-14
1.3907e-14
1.41599e-14
1.4342e-14
1.44592e-14
1.45217e-14
1.45232e-14
1.44781e-14
1.43879e-14
1.42574e-14
1.40892e-14
1.38874e-14
1.36554e-14
1.3396e-14
1.31128e-14
1.28067e-14
1.24832e-14
1.21409e-14
1.17857e-14
1.14163e-14
1.10363e-14
1.06463e-14
1.02486e-14
9.84411e-15
9.43427e-15
9.02032e-15
8.60351e-15
8.18472e-15
7.7653e-15
7.34596e-15
6.92802e-15
6.51274e-15
6.10113e-15
5.69487e-15
5.29572e-15
4.90589e-15
4.52814e-15
4.16623e-15
3.82448e-15
3.50936e-15
3.22883e-15
2.99203e-15
2.81193e-15
2.69574e-15
2.65631e-15
3.08532e-15
4.08033e-15
6.50196e-15
9.33665e-15
1.23631e-14
1.5542e-14
1.88826e-14
2.23929e-14
2.60965e-14
2.99606e-14
3.40846e-14
3.8189e-14
4.10632e-14
4.00373e-14
3.54581e-14
3.01948e-14
2.52876e-14
2.08459e-14
1.68607e-14
1.32262e-14
1.00059e-14
7.15875e-15
4.73265e-15
2.97871e-15
2.50172e-15
3.3211e-15
4.68407e-15
6.07681e-15
7.37436e-15
8.54368e-15
9.58953e-15
1.05118e-14
1.13193e-14
1.20165e-14
1.26132e-14
1.31168e-14
1.35321e-14
1.38667e-14
1.41264e-14
1.43162e-14
1.44459e-14
1.45103e-14
1.45243e-14
1.4489e-14
1.44075e-14
1.42853e-14
1.41252e-14
1.3931e-14
1.37058e-14
1.34526e-14
1.31744e-14
1.28731e-14
1.25531e-14
1.22115e-14
1.1859e-14
1.14894e-14
1.11084e-14
1.07166e-14
1.03159e-14
9.90744e-15
9.49255e-15
9.07263e-15
8.64865e-15
8.22155e-15
7.79264e-15
7.36286e-15
6.93302e-15
6.50454e-15
6.07855e-15
5.65645e-15
5.2398e-15
4.83076e-15
4.43185e-15
4.04661e-15
3.67975e-15
3.33748e-15
3.02894e-15
2.76498e-15
2.56043e-15
2.42743e-15
2.38221e-15
2.04267e-15
3.24189e-15
6.13632e-15
9.18259e-15
1.23209e-14
1.55674e-14
1.89293e-14
2.24255e-14
2.60644e-14
2.98291e-14
3.37575e-14
3.77078e-14
4.07206e-14
4.00938e-14
3.56324e-14
3.01856e-14
2.5158e-14
2.06388e-14
1.66358e-14
1.30561e-14
9.88521e-15
7.10971e-15
4.77738e-15
3.14575e-15
2.71925e-15
3.47814e-15
4.7589e-15
6.0898e-15
7.34516e-15
8.48815e-15
9.51012e-15
1.04191e-14
1.12154e-14
1.19086e-14
1.25035e-14
1.30078e-14
1.34268e-14
1.37664e-14
1.40327e-14
1.42344e-14
1.43682e-14
1.44451e-14
1.44685e-14
1.44432e-14
1.43721e-14
1.4259e-14
1.41085e-14
1.39235e-14
1.37063e-14
1.34606e-14
1.31889e-14
1.28938e-14
1.25778e-14
1.2242e-14
1.189e-14
1.15232e-14
1.11444e-14
1.07524e-14
1.03508e-14
9.94054e-15
9.52273e-15
9.09874e-15
8.66981e-15
8.23669e-15
7.80059e-15
7.36247e-15
6.92317e-15
6.48397e-15
6.04596e-15
5.61013e-15
5.17836e-15
4.75214e-15
4.33406e-15
3.92726e-15
3.53614e-15
3.16707e-15
2.82962e-15
2.5352e-15
2.30362e-15
2.1532e-15
2.10018e-15
2.17356e-15
3.37846e-15
6.26489e-15
9.32472e-15
1.24772e-14
1.57205e-14
1.90554e-14
2.24985e-14
2.60545e-14
2.97205e-14
3.3469e-14
3.7241e-14
4.02938e-14
3.99736e-14
3.56392e-14
3.0076e-14
2.49131e-14
2.03987e-14
1.64019e-14
1.28852e-14
9.78519e-15
7.09792e-15
4.87443e-15
3.3526e-15
2.94602e-15
3.61605e-15
4.79857e-15
6.06383e-15
7.27047e-15
8.3805e-15
9.37674e-15
1.027e-14
1.10547e-14
1.1743e-14
1.23351e-14
1.284e-14
1.32635e-14
1.36092e-14
1.38793e-14
1.40904e-14
1.42356e-14
1.43237e-14
1.43583e-14
1.43431e-14
1.42834e-14
1.41815e-14
1.40413e-14
1.3866e-14
1.36585e-14
1.34219e-14
1.31582e-14
1.28704e-14
1.25608e-14
1.22317e-14
1.1884e-14
1.15211e-14
1.11441e-14
1.07553e-14
1.03544e-14
9.94418e-15
9.5256e-15
9.09982e-15
8.66796e-15
8.23099e-15
7.79007e-15
7.34577e-15
6.89951e-15
6.45202e-15
6.00442e-15
5.55743e-15
5.11287e-15
4.67207e-15
4.23711e-15
3.81079e-15
3.39714e-15
3.00218e-15
2.6345e-15
2.30924e-15
2.04377e-15
1.86694e-15
1.80483e-15
3.30737e-15
4.33695e-15
6.82663e-15
9.73668e-15
1.28086e-14
1.59854e-14
1.92504e-14
2.26192e-14
2.60693e-14
2.9597e-14
3.31944e-14
3.67899e-14
3.98173e-14
3.96822e-14
3.54765e-14
2.98198e-14
2.46016e-14
2.00935e-14
1.6164e-14
1.27277e-14
9.7271e-15
7.14509e-15
5.02981e-15
3.60286e-15
3.1837e-15
3.74163e-15
4.80915e-15
5.99755e-15
7.14906e-15
8.21958e-15
9.19132e-15
1.00648e-14
1.08379e-14
1.15203e-14
1.21111e-14
1.26181e-14
1.30436e-14
1.33944e-14
1.36769e-14
1.3894e-14
1.40494e-14
1.41486e-14
1.41947e-14
1.41916e-14
1.41438e-14
1.40538e-14
1.39253e-14
1.37613e-14
1.35648e-14
1.33381e-14
1.3084e-14
1.28051e-14
1.25036e-14
1.21816e-14
1.18411e-14
1.14838e-14
1.11108e-14
1.07259e-14
1.03281e-14
9.91992e-15
9.5024e-15
9.07689e-15
8.64421e-15
8.20564e-15
7.762e-15
7.31421e-15
6.86319e-15
6.4099e-15
5.95514e-15
5.49979e-15
5.04506e-15
4.59233e-15
4.14329e-15
3.70022e-15
3.26632e-15
2.84708e-15
2.44999e-15
2.09052e-15
1.78821e-15
1.58043e-15
1.50537e-15
4.75225e-15
5.58752e-15
7.68912e-15
1.03631e-14
1.32853e-14
1.63588e-14
1.95322e-14
2.27902e-14
2.61255e-14
2.95241e-14
3.29622e-14
3.64043e-14
3.93148e-14
3.92195e-14
3.50438e-14
2.93467e-14
2.4183e-14
1.97604e-14
1.59346e-14
1.26181e-14
9.73235e-15
7.26411e-15
5.26227e-15
3.89947e-15
3.43892e-15
3.86119e-15
4.79539e-15
5.89051e-15
6.98067e-15
8.00856e-15
8.95267e-15
9.80806e-15
1.05625e-14
1.12409e-14
1.18314e-14
1.23386e-14
1.27694e-14
1.31273e-14
1.34177e-14
1.3645e-14
1.38119e-14
1.3922e-14
1.39812e-14
1.3991e-14
1.39562e-14
1.38792e-14
1.37635e-14
1.36117e-14
1.34271e-14
1.32117e-14
1.29687e-14
1.26999e-14
1.2408e-14
1.20947e-14
1.17621e-14
1.14119e-14
1.10461e-14
1.06661e-14
1.02731e-14
9.86887e-15
9.4545e-15
9.03117e-15
8.59991e-15
8.16192e-15
7.7178e-15
7.2687e-15
6.81546e-15
6.35879e-15
5.89954e-15
5.43858e-15
4.97679e-15
4.51508e-15
4.05516e-15
3.59842e-15
3.14761e-15
2.70646e-15
2.28244e-15
1.88623e-15
1.54408e-15
1.29742e-15
1.20466e-15
6.27618e-15
6.95392e-15
8.741e-15
1.11581e-14
1.38924e-14
1.68251e-14
1.98771e-14
2.30147e-14
2.62312e-14
2.94928e-14
3.27887e-14
3.60876e-14
3.88197e-14
3.85869e-14
3.43613e-14
2.87324e-14
2.36969e-14
1.94294e-14
1.57529e-14
1.25723e-14
9.8223e-15
7.47412e-15
5.56944e-15
4.25226e-15
3.71987e-15
3.98251e-15
4.7604e-15
5.75029e-15
6.77439e-15
7.75059e-15
8.66317e-15
9.4964e-15
1.02436e-14
1.09115e-14
1.14974e-14
1.20074e-14
1.24439e-14
1.28087e-14
1.31086e-14
1.33464e-14
1.3525e-14
1.36485e-14
1.37206e-14
1.37442e-14
1.37228e-14
1.366e-14
1.3558e-14
1.34194e-14
1.32478e-14
1.30453e-14
1.28143e-14
1.2557e-14
1.22759e-14
1.19728e-14
1.16497e-14
1.13082e-14
1.09505e-14
1.05775e-14
1.01911e-14
9.79267e-15
9.38328e-15
8.96416e-15
8.53632e-15
8.10108e-15
7.65863e-15
7.21052e-15
6.75736e-15
6.29979e-15
5.83899e-15
5.37524e-15
4.90923e-15
4.44212e-15
3.97477e-15
3.50821e-15
3.04436e-15
2.58586e-15
2.13716e-15
1.70807e-15
1.32003e-15
1.02045e-15
9.00838e-16
7.79985e-15
8.36793e-15
9.90184e-15
1.20747e-14
1.46118e-14
1.73749e-14
2.02875e-14
2.33026e-14
2.63831e-14
2.95143e-14
3.26716e-14
3.58062e-14
3.83013e-14
3.77383e-14
3.33997e-14
2.79645e-14
2.31809e-14
1.91285e-14
1.56446e-14
1.26275e-14
1.00133e-14
7.78061e-15
5.95868e-15
4.66293e-15
4.03849e-15
4.1242e-15
4.72976e-15
5.59198e-15
6.5292e-15
7.45442e-15
8.33028e-15
9.13828e-15
9.87344e-15
1.05332e-14
1.11178e-14
1.16296e-14
1.20698e-14
1.24441e-14
1.27528e-14
1.30021e-14
1.31932e-14
1.33304e-14
1.34156e-14
1.34535e-14
1.34475e-14
1.33994e-14
1.33119e-14
1.31875e-14
1.30302e-14
1.28411e-14
1.26232e-14
1.23787e-14
1.21096e-14
1.1818e-14
1.15057e-14
1.11747e-14
1.08263e-14
1.0462e-14
1.00838e-14
9.69299e-15
9.29006e-15
8.87725e-15
8.45467e-15
8.02393e-15
7.58573e-15
7.14085e-15
6.6903e-15
6.23455e-15
5.77466e-15
5.31089e-15
4.84417e-15
4.37494e-15
3.90397e-15
3.43203e-15
2.9602e-15
2.4896e-15
2.02355e-15
1.56615e-15
1.13164e-15
7.64027e-16
5.9985e-16
9.3166e-15
9.80249e-15
1.1131e-14
1.30724e-14
1.54125e-14
1.80101e-14
2.07703e-14
2.36441e-14
2.65904e-14
2.95858e-14
3.26121e-14
3.55845e-14
3.77196e-14
3.6636e-14
3.21976e-14
2.71149e-14
2.26899e-14
1.89098e-14
1.56452e-14
1.27897e-14
1.03169e-14
8.18435e-15
6.43106e-15
5.13368e-15
4.40515e-15
4.30328e-15
4.71444e-15
5.4275e-15
6.26411e-15
7.12464e-15
7.96036e-15
8.74293e-15
9.46047e-15
1.01112e-14
1.06952e-14
1.12074e-14
1.16553e-14
1.20361e-14
1.2356e-14
1.26162e-14
1.28202e-14
1.29713e-14
1.30716e-14
1.31243e-14
1.31338e-14
1.31007e-14
1.30279e-14
1.29194e-14
1.27766e-14
1.2602e-14
1.23983e-14
1.21675e-14
1.19114e-14
1.16329e-14
1.13326e-14
1.1013e-14
1.06755e-14
1.0322e-14
9.95298e-15
9.57054e-15
9.1765e-15
8.77167e-15
8.35699e-15
7.93245e-15
7.50043e-15
7.06105e-15
6.61535e-15
6.16399e-15
5.7077e-15
5.24712e-15
4.7827e-15
4.31501e-15
3.84448e-15
3.37193e-15
2.89766e-15
2.42239e-15
1.94726e-15
1.47343e-15
1.00608e-15
5.64657e-16
3.31999e-16
1.08283e-14
1.12426e-14
1.24045e-14
1.41437e-14
1.62911e-14
1.87127e-14
2.13153e-14
2.40459e-14
2.68531e-14
2.97191e-14
3.26189e-14
3.54023e-14
3.69742e-14
3.52457e-14
3.08522e-14
2.62734e-14
2.2269e-14
1.8794e-14
1.57625e-14
1.30765e-14
1.07249e-14
8.68732e-15
6.98158e-15
5.6678e-15
4.83099e-15
4.53771e-15
4.73801e-15
5.27966e-15
5.99966e-15
6.78265e-15
7.56641e-15
8.31617e-15
9.01579e-15
9.6576e-15
1.02355e-14
1.07496e-14
1.12015e-14
1.15905e-14
1.19208e-14
1.21928e-14
1.24099e-14
1.25753e-14
1.26909e-14
1.27589e-14
1.27841e-14
1.27665e-14
1.27104e-14
1.26175e-14
1.24901e-14
1.2331e-14
1.2142e-14
1.19258e-14
1.16845e-14
1.14194e-14
1.11325e-14
1.08254e-14
1.05003e-14
1.01582e-14
9.80095e-15
9.42976e-15
9.04519e-15
8.64958e-15
8.24399e-15
7.82795e-15
7.40406e-15
6.97225e-15
6.53403e-15
6.08933e-15
5.63947e-15
5.18502e-15
4.72594e-15
4.26345e-15
3.79777e-15
3.32961e-15
2.85909e-15
2.38701e-15
1.91365e-15
1.43978e-15
9.67481e-16
5.05707e-16
2.43952e-16
Process [4]
1.23248e-14
1.26794e-14
1.37044e-14
1.52665e-14
1.72281e-14
1.94804e-14
2.19202e-14
2.45101e-14
2.71822e-14
2.99202e-14
3.26816e-14
3.51837e-14
3.59476e-14
3.36159e-14
2.95303e-14
2.55375e-14
2.19929e-14
1.88236e-14
1.60018e-14
1.34851e-14
1.12437e-14
9.28039e-15
7.60219e-15
6.26171e-15
5.31938e-15
4.84175e-15
4.82467e-15
5.17372e-15
5.75073e-15
6.43679e-15
7.16145e-15
7.87061e-15
8.54576e-15
9.17256e-15
9.74744e-15
1.026e-14
1.07153e-14
1.11146e-14
1.14538e-14
1.17378e-14
1.19681e-14
1.21476e-14
1.22785e-14
1.23631e-14
1.24033e-14
1.24023e-14
1.23615e-14
1.22849e-14
1.21747e-14
1.20309e-14
1.18581e-14
1.16575e-14
1.14308e-14
1.11802e-14
1.09075e-14
1.06145e-14
1.03025e-14
9.97356e-15
9.6287e-15
9.26882e-15
8.89651e-15
8.5134e-15
8.11714e-15
7.71118e-15
7.29805e-15
6.8759e-15
6.4471e-15
6.01156e-15
5.57077e-15
5.12497e-15
4.67492e-15
4.22129e-15
3.7646e-15
3.30586e-15
2.84531e-15
2.38442e-15
1.92456e-15
1.46828e-15
1.02464e-15
6.2432e-16
4.28846e-16
1.38012e-14
1.41142e-14
1.50222e-14
1.64273e-14
1.82249e-14
2.03072e-14
2.25933e-14
2.50352e-14
2.7578e-14
3.01863e-14
3.27794e-14
3.47671e-14
3.45846e-14
3.19488e-14
2.84175e-14
2.5003e-14
2.18583e-14
1.89934e-14
1.63751e-14
1.39936e-14
1.18486e-14
9.93844e-15
8.2861e-15
6.90974e-15
5.86889e-15
5.22271e-15
4.99211e-15
5.13467e-15
5.54656e-15
6.11818e-15
6.76112e-15
7.42164e-15
8.06656e-15
8.67495e-15
9.23952e-15
9.75117e-15
1.02089e-14
1.06131e-14
1.09616e-14
1.12574e-14
1.14991e-14
1.16925e-14
1.18386e-14
1.19386e-14
1.19953e-14
1.20105e-14
1.19868e-14
1.19266e-14
1.18323e-14
1.17057e-14
1.15492e-14
1.1364e-14
1.11531e-14
1.09179e-14
1.06604e-14
1.03822e-14
1.00847e-14
9.76966e-15
9.43845e-15
9.09214e-15
8.73349e-15
8.36185e-15
7.9787e-15
7.58589e-15
7.18351e-15
6.77284e-15
6.35586e-15
5.93171e-15
5.50267e-15
5.06833e-15
4.63013e-15
4.18896e-15
3.74537e-15
3.30068e-15
2.8561e-15
2.41378e-15
1.97721e-15
1.55427e-15
1.15993e-15
8.40917e-16
7.05996e-16
1.52664e-14
1.55448e-14
1.63522e-14
1.76182e-14
1.92632e-14
2.11845e-14
2.33253e-14
2.56251e-14
2.80315e-14
3.05061e-14
3.28018e-14
3.39869e-14
3.30379e-14
3.05175e-14
2.75863e-14
2.46783e-14
2.1896e-14
1.92749e-14
1.68355e-14
1.45833e-14
1.25173e-14
1.06514e-14
9.00733e-15
7.59985e-15
6.47567e-15
5.67986e-15
5.251e-15
5.18233e-15
5.40944e-15
5.8416e-15
6.38855e-15
6.98563e-15
7.58809e-15
8.17021e-15
8.72234e-15
9.22843e-15
9.68657e-15
1.00933e-14
1.04498e-14
1.07549e-14
1.10102e-14
1.12174e-14
1.13763e-14
1.1492e-14
1.15639e-14
1.15959e-14
1.15887e-14
1.15454e-14
1.14673e-14
1.13572e-14
1.12173e-14
1.10492e-14
1.08543e-14
1.06353e-14
1.03936e-14
1.01308e-14
9.84878e-15
9.54888e-15
9.23223e-15
8.90101e-15
8.55542e-15
8.19888e-15
7.82912e-15
7.44977e-15
7.0616e-15
6.66542e-15
6.26051e-15
5.85101e-15
5.43544e-15
5.01562e-15
4.59226e-15
4.16658e-15
3.73992e-15
3.31361e-15
2.88999e-15
2.47282e-15
2.06686e-15
1.68322e-15
1.34539e-15
1.09329e-15
9.96146e-16
1.67217e-14
1.69687e-14
1.76913e-14
1.88336e-14
2.034e-14
2.2118e-14
2.41194e-14
2.62825e-14
2.85429e-14
3.0812e-14
3.25708e-14
3.29129e-14
3.16399e-14
2.95044e-14
2.70773e-14
2.45635e-14
2.20661e-14
1.96567e-14
1.73633e-14
1.52148e-14
1.32195e-14
1.1393e-14
9.75306e-15
8.31721e-15
7.12101e-15
6.20065e-15
5.59809e-15
5.32876e-15
5.36282e-15
5.63543e-15
6.06484e-15
6.57871e-15
7.12802e-15
7.67646e-15
8.20682e-15
8.7012e-15
9.15524e-15
9.56507e-15
9.92643e-15
1.02401e-14
1.05058e-14
1.07251e-14
1.08975e-14
1.10277e-14
1.11147e-14
1.11619e-14
1.1171e-14
1.11445e-14
1.10833e-14
1.09903e-14
1.08671e-14
1.07155e-14
1.05373e-14
1.0335e-14
1.01097e-14
9.86294e-15
9.5971e-15
9.31305e-15
9.01227e-15
8.69641e-15
8.3666e-15
8.0247e-15
7.67144e-15
7.3068e-15
6.93365e-15
6.55282e-15
6.16442e-15
5.76905e-15
5.37045e-15
4.96723e-15
4.56132e-15
4.15427e-15
3.74745e-15
3.34326e-15
2.94515e-15
2.55679e-15
2.18561e-15
1.84559e-15
1.55868e-15
1.35651e-15
1.28195e-15
1.81641e-14
1.83878e-14
1.90389e-14
2.00776e-14
2.14377e-14
2.30973e-14
2.49585e-14
2.69782e-14
2.908e-14
3.09962e-14
3.20667e-14
3.18657e-14
3.0658e-14
2.88855e-14
2.6818e-14
2.45925e-14
2.23268e-14
2.0089e-14
1.79278e-14
1.58681e-14
1.39297e-14
1.21357e-14
1.05004e-14
9.0437e-15
7.78967e-15
6.77073e-15
6.02442e-15
5.57351e-15
5.41742e-15
5.5183e-15
5.81037e-15
6.22441e-15
6.70348e-15
7.20715e-15
7.70647e-15
8.18377e-15
8.62939e-15
9.03522e-15
9.39901e-15
9.71805e-15
9.99286e-15
1.02222e-14
1.04073e-14
1.05496e-14
1.06518e-14
1.07143e-14
1.07392e-14
1.07283e-14
1.06834e-14
1.06067e-14
1.05008e-14
1.03658e-14
1.02046e-14
1.00193e-14
9.81089e-15
9.581e-15
9.33183e-15
9.0645e-15
8.78036e-15
8.4811e-15
8.16777e-15
7.84165e-15
7.50463e-15
7.15859e-15
6.80164e-15
6.43736e-15
6.06613e-15
5.68802e-15
5.30732e-15
4.92348e-15
4.53711e-15
4.15108e-15
3.76716e-15
3.38807e-15
3.01739e-15
2.66062e-15
2.3277e-15
2.02844e-15
1.78343e-15
1.61829e-15
1.55958e-15
1.95979e-14
1.97986e-14
2.03919e-14
2.13372e-14
2.25906e-14
2.41149e-14
2.58431e-14
2.77287e-14
2.96109e-14
3.09982e-14
3.15106e-14
3.11223e-14
3.00615e-14
2.8536e-14
2.67098e-14
2.4704e-14
2.26207e-14
2.05296e-14
1.84773e-14
1.64976e-14
1.4616e-14
1.28563e-14
1.12312e-14
9.76104e-15
8.46532e-15
7.37055e-15
6.50714e-15
5.90426e-15
5.57492e-15
5.5005e-15
5.64137e-15
5.93751e-15
6.33091e-15
6.77371e-15
7.23273e-15
7.68451e-15
8.11325e-15
8.51281e-15
8.8758e-15
9.19748e-15
9.47605e-15
9.71409e-15
9.91047e-15
1.00647e-14
1.01799e-14
1.02564e-14
1.02961e-14
1.03011e-14
1.02724e-14
1.0212e-14
1.01223e-14
1.00042e-14
9.86023e-15
9.69151e-15
9.49999e-15
9.2876e-15
9.05539e-15
8.8052e-15
8.53837e-15
8.2564e-15
7.9607e-15
7.65198e-15
7.33303e-15
7.00182e-15
6.66278e-15
6.31678e-15
5.96491e-15
5.60784e-15
5.24715e-15
4.88399e-15
4.51927e-15
4.15632e-15
3.7973e-15
3.44523e-15
3.10453e-15
2.78026e-15
2.48149e-15
2.22199e-15
2.01547e-15
1.87952e-15
1.83196e-15
2.10231e-14
2.12045e-14
2.17405e-14
2.26134e-14
2.37874e-14
2.52125e-14
2.68533e-14
2.85415e-14
2.99961e-14
3.08866e-14
3.10906e-14
3.06514e-14
2.96873e-14
2.83201e-14
2.66677e-14
2.48293e-14
2.2899e-14
2.0933e-14
1.89816e-14
1.70798e-14
1.52572e-14
1.35334e-14
1.19253e-14
1.04513e-14
9.12844e-15
7.97881e-15
7.02715e-15
6.30118e-15
5.81797e-15
5.58356e-15
5.57038e-15
5.73585e-15
6.02705e-15
6.39616e-15
6.80162e-15
7.21776e-15
7.62541e-15
8.00963e-15
8.3647e-15
8.68445e-15
8.96567e-15
9.20971e-15
9.41378e-15
9.57873e-15
9.7052e-15
9.79381e-15
9.84739e-15
9.86668e-15
9.85282e-15
9.808e-15
9.73456e-15
9.63292e-15
9.50509e-15
9.35409e-15
9.17991e-15
8.98441e-15
8.76993e-15
8.5374e-15
8.28836e-15
8.02444e-15
7.74665e-15
7.45689e-15
7.15483e-15
6.84542e-15
6.52622e-15
6.19912e-15
5.86668e-15
5.52997e-15
5.19032e-15
4.84829e-15
4.50707e-15
4.16917e-15
3.83634e-15
3.51251e-15
3.20187e-15
2.91017e-15
2.6455e-15
2.41872e-15
2.24461e-15
2.13193e-15
2.09258e-15
2.24337e-14
2.26013e-14
2.31007e-14
2.39187e-14
2.50284e-14
2.63702e-14
2.78145e-14
2.91611e-14
3.01886e-14
3.07391e-14
3.07682e-14
3.02949e-14
2.93872e-14
2.81292e-14
2.66119e-14
2.49186e-14
2.31203e-14
2.12684e-14
1.94142e-14
1.75893e-14
1.5829e-14
1.41475e-14
1.25668e-14
1.10972e-14
9.76246e-15
8.57801e-15
7.56347e-15
6.74574e-15
6.14026e-15
5.75889e-15
5.59785e-15
5.62715e-15
5.80455e-15
6.08422e-15
6.42489e-15
6.79421e-15
7.16915e-15
7.5319e-15
7.87436e-15
8.18804e-15
8.46875e-15
8.71444e-15
8.92334e-15
9.09551e-15
9.23101e-15
9.33051e-15
9.39603e-15
9.42912e-15
9.42948e-15
9.39966e-15
9.34111e-15
9.2555e-15
9.14457e-15
9.00979e-15
8.8526e-15
8.67491e-15
8.47787e-15
8.26344e-15
8.03238e-15
7.78698e-15
7.52782e-15
7.25705e-15
6.97454e-15
6.6848e-15
6.38422e-15
6.07759e-15
5.76626e-15
5.45142e-15
5.13435e-15
4.81685e-15
4.50067e-15
4.18814e-15
3.88227e-15
3.58686e-15
3.30606e-15
3.04542e-15
2.81322e-15
2.61872e-15
2.46829e-15
2.37279e-15
2.34029e-15
2.36337e-14
2.3796e-14
2.42758e-14
2.50442e-14
2.60539e-14
2.72219e-14
2.84028e-14
2.94266e-14
3.01435e-14
3.04836e-14
3.04023e-14
2.99116e-14
2.90583e-14
2.78905e-14
2.64911e-14
2.49226e-14
2.32443e-14
2.15056e-14
1.9756e-14
1.80212e-14
1.63323e-14
1.46809e-14
1.3135e-14
1.16906e-14
1.03538e-14
9.15163e-15
8.0947e-15
7.2072e-15
6.50814e-15
6.00986e-15
5.71652e-15
5.6132e-15
5.67146e-15
5.85199e-15
6.11501e-15
6.42543e-15
6.7579e-15
7.09181e-15
7.41429e-15
7.71597e-15
7.99054e-15
8.23403e-15
8.44446e-15
8.62177e-15
8.76379e-15
8.87276e-15
8.94904e-15
8.99248e-15
9.00621e-15
8.98994e-15
8.94592e-15
8.87571e-15
8.78032e-15
8.66186e-15
8.52155e-15
8.36099e-15
8.18168e-15
7.98501e-15
7.77263e-15
7.54584e-15
7.30585e-15
7.05448e-15
6.79192e-15
6.52217e-15
6.24211e-15
5.95737e-15
5.67051e-15
5.37786e-15
5.08321e-15
4.78815e-15
4.49729e-15
4.21129e-15
3.93283e-15
3.66556e-15
3.41455e-15
3.18457e-15
2.98074e-15
2.81076e-15
2.68204e-15
2.60151e-15
2.57407e-15
2.43396e-14
2.44955e-14
2.49498e-14
2.56644e-14
2.6571e-14
2.75599e-14
2.85153e-14
2.93118e-14
2.98488e-14
3.00566e-14
2.99153e-14
2.94305e-14
2.86301e-14
2.75657e-14
2.62777e-14
2.48249e-14
2.3265e-14
2.16386e-14
1.99911e-14
1.83447e-14
1.67294e-14
1.51273e-14
1.36276e-14
1.22229e-14
1.08826e-14
9.69568e-15
8.60833e-15
7.67546e-15
6.90806e-15
6.31965e-15
5.91106e-15
5.68814e-15
5.62897e-15
5.70499e-15
5.8809e-15
6.12373e-15
6.4037e-15
6.69939e-15
6.99393e-15
7.27669e-15
7.53861e-15
7.77624e-15
7.98475e-15
8.16262e-15
8.30932e-15
8.42448e-15
8.5086e-15
8.56201e-15
8.5866e-15
8.58317e-15
8.55254e-15
8.49631e-15
8.41595e-15
8.31326e-15
8.1893e-15
8.04554e-15
7.88351e-15
7.70488e-15
7.51099e-15
7.30271e-15
7.08224e-15
6.85047e-15
6.60839e-15
6.35938e-15
6.10058e-15
5.8386e-15
5.57327e-15
5.30347e-15
5.03317e-15
4.76401e-15
4.49793e-15
4.23747e-15
3.98633e-15
3.74688e-15
3.52313e-15
3.31972e-15
3.1417e-15
2.99681e-15
2.88844e-15
2.82041e-15
2.79717e-15
2.45301e-14
2.46781e-14
2.51044e-14
2.57616e-14
2.65711e-14
2.74288e-14
2.82319e-14
2.88838e-14
2.93068e-14
2.94505e-14
Process [5]
2.92878e-14
2.8832e-14
2.80978e-14
2.71301e-14
2.59489e-14
2.46163e-14
2.31744e-14
2.16641e-14
2.01106e-14
1.85497e-14
1.70072e-14
1.54993e-14
1.40449e-14
1.26644e-14
1.13711e-14
1.01754e-14
9.09129e-15
8.13165e-15
7.31965e-15
6.66669e-15
6.16542e-15
5.83793e-15
5.6722e-15
5.64468e-15
5.7293e-15
5.89532e-15
6.11457e-15
6.36305e-15
6.62244e-15
6.87931e-15
7.12349e-15
7.34887e-15
7.55027e-15
7.72565e-15
7.8724e-15
7.99144e-15
8.08101e-15
8.14235e-15
8.176e-15
8.18335e-15
8.16442e-15
8.12107e-15
8.05476e-15
7.96691e-15
7.85862e-15
7.73114e-15
7.58624e-15
7.42519e-15
7.24941e-15
7.06002e-15
6.85872e-15
6.64676e-15
6.42535e-15
6.19699e-15
5.96036e-15
5.71945e-15
5.47741e-15
5.2311e-15
4.98472e-15
4.74027e-15
4.49986e-15
4.2656e-15
4.04039e-15
3.82757e-15
3.63029e-15
3.45236e-15
3.29808e-15
3.17194e-15
3.07798e-15
3.02013e-15
3.00048e-15
2.4365e-14
2.4492e-14
2.49e-14
2.54829e-14
2.62065e-14
2.69695e-14
2.76448e-14
2.82289e-14
2.85767e-14
2.86949e-14
2.85361e-14
2.81216e-14
2.74598e-14
2.65807e-14
2.55136e-14
2.43019e-14
2.29772e-14
2.15747e-14
2.01281e-14
1.86629e-14
1.72021e-14
1.57673e-14
1.43743e-14
1.30428e-14
1.17818e-14
1.06118e-14
9.53393e-15
8.56847e-15
7.72531e-15
7.02184e-15
6.45866e-15
6.04869e-15
5.78993e-15
5.66609e-15
5.66031e-15
5.74584e-15
5.89719e-15
6.09129e-15
6.30702e-15
6.53141e-15
6.75102e-15
6.95877e-15
7.14856e-15
7.31618e-15
7.46e-15
7.57829e-15
7.67121e-15
7.73777e-15
7.77863e-15
7.79395e-15
7.7856e-15
7.75399e-15
7.70062e-15
7.62623e-15
7.53238e-15
7.42071e-15
7.29221e-15
7.14821e-15
6.98992e-15
6.81929e-15
6.63706e-15
6.4448e-15
6.24418e-15
6.03573e-15
5.82215e-15
5.60207e-15
5.3823e-15
5.16046e-15
4.93788e-15
4.71776e-15
4.5021e-15
4.29299e-15
4.09312e-15
3.90547e-15
3.73263e-15
3.57792e-15
3.4447e-15
3.33665e-15
3.25683e-15
3.20746e-15
3.19101e-15
2.39805e-14
2.41026e-14
2.44592e-14
2.49683e-14
2.56413e-14
2.63107e-14
2.6897e-14
2.74105e-14
2.772e-14
2.7816e-14
2.76873e-14
2.73223e-14
2.67324e-14
2.59452e-14
2.49868e-14
2.38863e-14
2.26753e-14
2.13855e-14
2.0043e-14
1.8675e-14
1.73023e-14
1.59449e-14
1.46204e-14
1.33438e-14
1.2131e-14
1.0989e-14
9.93042e-15
8.97085e-15
8.11834e-15
7.38469e-15
6.77724e-15
6.30537e-15
5.96879e-15
5.76175e-15
5.67014e-15
5.6757e-15
5.7557e-15
5.88913e-15
6.05436e-15
6.23936e-15
6.42751e-15
6.61314e-15
6.78533e-15
6.94205e-15
7.07811e-15
7.19331e-15
7.28519e-15
7.35376e-15
7.39875e-15
7.42094e-15
7.4207e-15
7.39874e-15
7.35634e-15
7.29438e-15
7.21413e-15
7.11692e-15
7.00382e-15
6.87634e-15
6.73528e-15
6.58258e-15
6.41901e-15
6.24614e-15
6.06553e-15
5.87719e-15
5.6858e-15
5.48801e-15
5.28814e-15
5.08979e-15
4.89198e-15
4.69552e-15
4.50378e-15
4.31872e-15
4.14274e-15
3.97846e-15
3.8281e-15
3.69437e-15
3.58002e-15
3.48756e-15
3.41948e-15
3.37798e-15
3.36402e-15
2.3461e-14
2.35616e-14
2.3889e-14
2.43505e-14
2.49126e-14
2.55058e-14
2.60534e-14
2.64894e-14
2.6773e-14
2.68695e-14
2.67612e-14
2.64459e-14
2.59314e-14
2.52352e-14
2.43783e-14
2.33863e-14
2.22859e-14
2.11046e-14
1.98685e-14
1.85994e-14
1.73148e-14
1.604e-14
1.47873e-14
1.35728e-14
1.24087e-14
1.13088e-14
1.02823e-14
9.33771e-15
8.48772e-15
7.74178e-15
7.10741e-15
6.59112e-15
6.19513e-15
5.91763e-15
5.75161e-15
5.68184e-15
5.6911e-15
5.76114e-15
5.87335e-15
6.0122e-15
6.16354e-15
6.3188e-15
6.46791e-15
6.60845e-15
6.73119e-15
6.83891e-15
6.9281e-15
6.99504e-15
7.04207e-15
7.06763e-15
7.07362e-15
7.05957e-15
7.02638e-15
6.97513e-15
6.90698e-15
6.82304e-15
6.72434e-15
6.61212e-15
6.48754e-15
6.35159e-15
6.20633e-15
6.05213e-15
5.89033e-15
5.72328e-15
5.55083e-15
5.37649e-15
5.19817e-15
5.02017e-15
4.8438e-15
4.67069e-15
4.50234e-15
4.34063e-15
4.18741e-15
4.04471e-15
3.91472e-15
3.79972e-15
3.7019e-15
3.62333e-15
3.5658e-15
3.53069e-15
3.51888e-15
2.28599e-14
2.29514e-14
2.32227e-14
2.36363e-14
2.41326e-14
2.46519e-14
2.51346e-14
2.55254e-14
2.57837e-14
2.58792e-14
2.57955e-14
2.55281e-14
2.50817e-14
2.44687e-14
2.37074e-14
2.2818e-14
2.18243e-14
2.07488e-14
1.96153e-14
1.8443e-14
1.72523e-14
1.60608e-14
1.48828e-14
1.37359e-14
1.26301e-14
1.15761e-14
1.05869e-14
9.66755e-15
8.83239e-15
8.08609e-15
7.43797e-15
6.89354e-15
6.45525e-15
6.12415e-15
5.89481e-15
5.75799e-15
5.70063e-15
5.70751e-15
5.76318e-15
5.85262e-15
5.96275e-15
6.08296e-15
6.20605e-15
6.32362e-15
6.4311e-15
6.52598e-15
6.60603e-15
6.66817e-15
6.71339e-15
6.74075e-15
6.74929e-15
6.74036e-15
6.71469e-15
6.67237e-15
6.61447e-15
6.54219e-15
6.45655e-15
6.35829e-15
6.24888e-15
6.12917e-15
6.00065e-15
5.86423e-15
5.72115e-15
5.57343e-15
5.41997e-15
5.26639e-15
5.11001e-15
4.9529e-15
4.79793e-15
4.64623e-15
4.49908e-15
4.35822e-15
4.22548e-15
4.10257e-15
3.99126e-15
3.89316e-15
3.8099e-15
3.74323e-15
3.69455e-15
3.6649e-15
3.65495e-15
2.22106e-14
2.22939e-14
2.25281e-14
2.28822e-14
2.33136e-14
2.37669e-14
2.41926e-14
2.45414e-14
2.47771e-14
2.48721e-14
2.48106e-14
2.45859e-14
2.42011e-14
2.3665e-14
2.29921e-14
2.21991e-14
2.13051e-14
2.03311e-14
1.9297e-14
1.82207e-14
1.71217e-14
1.60135e-14
1.49149e-14
1.38389e-14
1.27942e-14
1.17936e-14
1.08468e-14
9.96213e-15
9.1491e-15
8.41514e-15
7.7652e-15
7.20488e-15
6.73826e-15
6.36825e-15
6.08832e-15
5.89537e-15
5.77821e-15
5.72604e-15
5.7256e-15
5.76414e-15
5.82971e-15
5.91168e-15
6.00157e-15
6.09263e-15
6.17944e-15
6.25763e-15
6.32527e-15
6.37924e-15
6.41906e-15
6.44353e-15
6.45313e-15
6.44716e-15
6.42583e-15
6.39023e-15
6.34089e-15
6.27845e-15
6.20385e-15
6.11798e-15
6.02218e-15
5.91714e-15
5.80397e-15
5.68403e-15
5.5593e-15
5.42835e-15
5.295e-15
5.15758e-15
5.02328e-15
4.88638e-15
4.75079e-15
4.61869e-15
4.49197e-15
4.37042e-15
4.25606e-15
4.15055e-15
4.05539e-15
3.9721e-15
3.90222e-15
3.84593e-15
3.80494e-15
3.78001e-15
3.77165e-15
2.15333e-14
2.16042e-14
2.18044e-14
2.21106e-14
2.24823e-14
2.28777e-14
2.32504e-14
2.35605e-14
2.37741e-14
2.38674e-14
2.38242e-14
2.36371e-14
2.33074e-14
2.28409e-14
2.22475e-14
2.1543e-14
2.07434e-14
1.98659e-14
1.89266e-14
1.79447e-14
1.69362e-14
1.59144e-14
1.48937e-14
1.38892e-14
1.29084e-14
1.19652e-14
1.1067e-14
1.0223e-14
9.43953e-15
8.72416e-15
8.08329e-15
7.52095e-15
7.03768e-15
6.6397e-15
6.32304e-15
6.08478e-15
5.91688e-15
5.8116e-15
5.75854e-15
5.74697e-15
5.76642e-15
5.80746e-15
5.86171e-15
5.92231e-15
5.98384e-15
6.04146e-15
6.09256e-15
6.13426e-15
6.16516e-15
6.18418e-15
6.19048e-15
6.18389e-15
6.16483e-15
6.13335e-15
6.08966e-15
6.03485e-15
5.96949e-15
5.89418e-15
5.81017e-15
5.71815e-15
5.61909e-15
5.51421e-15
5.4046e-15
5.28985e-15
5.17422e-15
5.05501e-15
4.93593e-15
4.81884e-15
4.70232e-15
4.58822e-15
4.47923e-15
4.37524e-15
4.27759e-15
4.18781e-15
4.1071e-15
4.03657e-15
3.97794e-15
3.93072e-15
3.89745e-15
3.87708e-15
3.87012e-15
2.08428e-14
2.09016e-14
2.10735e-14
2.13355e-14
2.16558e-14
2.19971e-14
2.23227e-14
2.25961e-14
2.27893e-14
2.2879e-14
2.28504e-14
2.26957e-14
2.24141e-14
2.20092e-14
2.14898e-14
2.08664e-14
2.01538e-14
1.937e-14
1.85221e-14
1.76271e-14
1.67054e-14
1.57682e-14
1.48266e-14
1.38954e-14
1.29817e-14
1.20984e-14
1.12521e-14
1.04525e-14
9.7058e-15
9.01627e-15
8.38945e-15
7.8335e-15
7.34752e-15
6.93352e-15
6.59104e-15
6.31723e-15
6.10841e-15
5.95814e-15
5.85793e-15
5.79921e-15
5.7735e-15
5.77273e-15
5.7893e-15
5.81664e-15
5.84927e-15
5.88282e-15
5.91368e-15
5.93931e-15
5.95744e-15
5.96695e-15
5.96698e-15
5.95697e-15
5.93658e-15
5.90626e-15
5.86589e-15
5.81598e-15
5.75736e-15
5.69021e-15
5.61588e-15
5.53461e-15
5.44749e-15
5.35558e-15
5.25916e-15
5.15995e-15
5.05846e-15
4.95648e-15
4.85259e-15
4.74998e-15
4.64988e-15
4.55399e-15
4.46055e-15
4.37164e-15
4.28874e-15
4.21284e-15
4.14507e-15
4.0863e-15
4.03705e-15
3.99769e-15
3.96915e-15
3.95184e-15
3.94604e-15
2.0146e-14
2.01975e-14
2.0342e-14
2.05654e-14
2.08396e-14
2.11339e-14
2.14168e-14
2.16574e-14
2.18306e-14
2.19156e-14
2.18989e-14
2.17713e-14
2.1533e-14
2.11841e-14
2.07292e-14
2.0181e-14
1.95492e-14
1.88465e-14
1.80852e-14
1.72807e-14
1.6443e-14
1.5588e-14
1.47255e-14
1.38671e-14
1.30221e-14
1.22005e-14
1.14094e-14
1.06569e-14
9.94879e-15
9.29195e-15
8.68961e-15
8.14637e-15
7.66275e-15
7.24287e-15
6.88485e-15
6.5874e-15
6.34619e-15
6.15847e-15
6.01763e-15
5.91675e-15
5.84879e-15
5.80767e-15
5.78607e-15
5.77859e-15
5.78016e-15
5.78643e-15
5.79384e-15
5.79955e-15
5.80171e-15
5.79833e-15
5.7884e-15
5.7713e-15
5.7466e-15
5.7142e-15
5.6738e-15
5.62611e-15
5.5714e-15
5.50981e-15
5.44237e-15
5.36941e-15
5.29181e-15
5.21051e-15
5.12531e-15
5.03883e-15
4.94927e-15
4.86138e-15
4.77172e-15
4.68316e-15
4.59676e-15
4.51332e-15
4.43363e-15
4.35849e-15
4.28865e-15
4.2249e-15
4.16791e-15
4.11836e-15
4.07686e-15
4.044e-15
4.0202e-15
4.00579e-15
4.00096e-15
1.94469e-14
1.9489e-14
1.96131e-14
1.98029e-14
2.00377e-14
2.0291e-14
2.05365e-14
2.0748e-14
2.09028e-14
2.09832e-14
2.09759e-14
2.08727e-14
2.06709e-14
2.0371e-14
1.99774e-14
1.94977e-14
1.89404e-14
1.83162e-14
1.76373e-14
1.69147e-14
1.6161e-14
1.53855e-14
1.46006e-14
1.38145e-14
1.30378e-14
1.22795e-14
1.15456e-14
1.08431e-14
1.01791e-14
9.55859e-15
8.98305e-15
8.4582e-15
7.98558e-15
7.56576e-15
7.20046e-15
6.88737e-15
6.6236e-15
6.4066e-15
6.23187e-15
6.09445e-15
5.98896e-15
5.90976e-15
5.85152e-15
5.80926e-15
5.77874e-15
5.75584e-15
5.7373e-15
5.72044e-15
5.70304e-15
5.68335e-15
5.66016e-15
5.63259e-15
5.59992e-15
5.56199e-15
5.51847e-15
5.46958e-15
5.41537e-15
5.35645e-15
5.29298e-15
5.22544e-15
5.15449e-15
5.08093e-15
5.00452e-15
4.9277e-15
4.84835e-15
4.77111e-15
4.69311e-15
4.61607e-15
4.54132e-15
4.46937e-15
4.40092e-15
4.33666e-15
4.27712e-15
4.22293e-15
4.17468e-15
4.13286e-15
4.09797e-15
4.07039e-15
4.05047e-15
4.03843e-15
4.03441e-15
Process [6]
1.87477e-14
1.87845e-14
1.88887e-14
1.90504e-14
1.92514e-14
1.947e-14
1.9683e-14
1.98691e-14
2.00083e-14
2.00844e-14
2.00855e-14
2.00037e-14
1.98356e-14
1.95807e-14
1.92421e-14
1.88252e-14
1.8338e-14
1.77884e-14
1.71869e-14
1.65426e-14
1.58671e-14
1.5169e-14
1.44594e-14
1.37458e-14
1.30378e-14
1.23423e-14
1.16656e-14
1.10185e-14
1.03993e-14
9.81744e-15
9.27358e-15
8.77216e-15
8.31415e-15
7.90236e-15
7.53647e-15
7.21423e-15
6.93543e-15
6.69696e-15
6.49548e-15
6.32758e-15
6.18934e-15
6.07607e-15
5.98332e-15
5.90788e-15
5.84527e-15
5.79253e-15
5.74651e-15
5.70488e-15
5.66548e-15
5.62657e-15
5.58692e-15
5.54543e-15
5.50139e-15
5.45449e-15
5.40426e-15
5.35068e-15
5.29388e-15
5.23385e-15
5.17103e-15
5.10564e-15
5.03814e-15
4.96921e-15
4.89871e-15
4.82811e-15
4.75633e-15
4.68692e-15
4.61726e-15
4.54902e-15
4.48316e-15
4.42015e-15
4.36049e-15
4.30475e-15
4.25334e-15
4.20672e-15
4.16537e-15
4.12966e-15
4.09994e-15
4.0765e-15
4.05951e-15
4.04929e-15
4.04588e-15
1.8047e-14
1.80782e-14
1.81679e-14
1.83065e-14
1.84798e-14
1.86688e-14
1.88554e-14
1.90204e-14
1.91469e-14
1.92204e-14
1.92301e-14
1.91683e-14
1.90312e-14
1.88178e-14
1.85296e-14
1.8172e-14
1.77498e-14
1.727e-14
1.67414e-14
1.61731e-14
1.55726e-14
1.4951e-14
1.43147e-14
1.36717e-14
1.30324e-14
1.24004e-14
1.1784e-14
1.11872e-14
1.06163e-14
1.00745e-14
9.56482e-15
9.0895e-15
8.65293e-15
8.25264e-15
7.89107e-15
7.56574e-15
7.27809e-15
7.02436e-15
6.80321e-15
6.61086e-15
6.44497e-15
6.30154e-15
6.17863e-15
6.07172e-15
5.9787e-15
5.89653e-15
5.82255e-15
5.75487e-15
5.69156e-15
5.63101e-15
5.57202e-15
5.51364e-15
5.45504e-15
5.39571e-15
5.33521e-15
5.2734e-15
5.21019e-15
5.14568e-15
5.07989e-15
5.01314e-15
4.94557e-15
4.87747e-15
4.80984e-15
4.74166e-15
4.67477e-15
4.60953e-15
4.54493e-15
4.48249e-15
4.42263e-15
4.36571e-15
4.31221e-15
4.26246e-15
4.21683e-15
4.17568e-15
4.13928e-15
4.10797e-15
4.08198e-15
4.06151e-15
4.04683e-15
4.03788e-15
4.03493e-15
1.73447e-14
1.73724e-14
1.74491e-14
1.7569e-14
1.77195e-14
1.78857e-14
1.80514e-14
1.82003e-14
1.83176e-14
1.83908e-14
1.841e-14
1.83679e-14
1.82607e-14
1.80864e-14
1.78466e-14
1.75441e-14
1.71835e-14
1.67705e-14
1.6312e-14
1.58162e-14
1.52891e-14
1.47418e-14
1.41769e-14
1.36029e-14
1.30296e-14
1.24613e-14
1.19018e-14
1.13601e-14
1.08369e-14
1.03362e-14
9.86299e-15
9.41866e-15
9.00273e-15
8.61835e-15
8.26526e-15
7.94276e-15
7.65121e-15
7.3883e-15
7.15123e-15
6.93947e-15
6.75099e-15
6.58264e-15
6.43244e-15
6.2976e-15
6.17594e-15
6.06581e-15
5.96423e-15
5.87001e-15
5.78194e-15
5.69815e-15
5.61771e-15
5.53988e-15
5.46377e-15
5.38881e-15
5.31468e-15
5.2411e-15
5.16794e-15
5.09507e-15
5.02257e-15
4.95055e-15
4.87915e-15
4.80868e-15
4.73908e-15
4.67084e-15
4.60468e-15
4.53977e-15
4.47716e-15
4.41719e-15
4.36015e-15
4.30677e-15
4.25735e-15
4.21095e-15
4.16856e-15
4.12978e-15
4.09608e-15
4.06745e-15
4.04377e-15
4.0252e-15
4.01181e-15
4.0038e-15
4.00109e-15
1.66381e-14
1.66611e-14
1.67295e-14
1.68355e-14
1.6969e-14
1.71175e-14
1.72676e-14
1.74057e-14
1.75182e-14
1.75944e-14
1.76253e-14
1.76039e-14
1.7526e-14
1.73904e-14
1.71976e-14
1.69477e-14
1.66466e-14
1.62981e-14
1.59068e-14
1.54801e-14
1.50243e-14
1.45463e-14
1.40523e-14
1.35476e-14
1.30404e-14
1.25337e-14
1.20325e-14
1.15428e-14
1.10684e-14
1.06117e-14
1.01754e-14
9.76096e-15
9.36977e-15
9.00331e-15
8.66213e-15
8.34492e-15
8.05336e-15
7.78432e-15
7.53736e-15
7.31146e-15
7.10495e-15
6.91511e-15
6.74144e-15
6.58157e-15
6.43415e-15
6.29691e-15
6.1692e-15
6.04919e-15
5.93568e-15
5.82761e-15
5.72444e-15
5.6251e-15
5.52903e-15
5.43588e-15
5.3449e-15
5.25631e-15
5.16961e-15
5.08472e-15
5.00175e-15
4.92057e-15
4.84143e-15
4.76434e-15
4.68946e-15
4.61692e-15
4.54685e-15
4.47971e-15
4.41604e-15
4.35513e-15
4.29759e-15
4.24376e-15
4.19382e-15
4.14799e-15
4.10644e-15
4.06933e-15
4.03683e-15
4.0091e-15
3.98623e-15
3.96834e-15
3.95552e-15
3.94779e-15
3.94521e-15
1.59229e-14
1.59453e-14
1.60058e-14
1.61017e-14
1.62235e-14
1.63605e-14
1.65011e-14
1.66337e-14
1.67466e-14
1.683e-14
1.68755e-14
1.68771e-14
1.68307e-14
1.67338e-14
1.65862e-14
1.63892e-14
1.61456e-14
1.58588e-14
1.5534e-14
1.51746e-14
1.4788e-14
1.43788e-14
1.39538e-14
1.35153e-14
1.30719e-14
1.26271e-14
1.21832e-14
1.17466e-14
1.13199e-14
1.09059e-14
1.05056e-14
1.01232e-14
9.75833e-15
9.41138e-15
9.08452e-15
8.77499e-15
8.48507e-15
8.21389e-15
7.96114e-15
7.72355e-15
7.50199e-15
7.29497e-15
7.10135e-15
6.91943e-15
6.74816e-15
6.58668e-15
6.43394e-15
6.28898e-15
6.15028e-15
6.01806e-15
5.89094e-15
5.76895e-15
5.651e-15
5.53722e-15
5.42712e-15
5.32021e-15
5.2167e-15
5.11643e-15
5.01935e-15
4.92512e-15
4.83448e-15
4.74659e-15
4.66265e-15
4.5816e-15
4.50434e-15
4.43082e-15
4.36109e-15
4.29531e-15
4.23368e-15
4.17635e-15
4.12347e-15
4.0752e-15
4.03166e-15
3.99297e-15
3.95922e-15
3.93052e-15
3.90692e-15
3.8885e-15
3.8753e-15
3.86737e-15
3.86473e-15
1.51971e-14
1.52178e-14
1.52742e-14
1.53641e-14
1.5479e-14
1.56106e-14
1.57484e-14
1.58814e-14
1.60002e-14
1.60957e-14
1.61602e-14
1.6188e-14
1.61749e-14
1.61184e-14
1.60177e-14
1.58733e-14
1.56871e-14
1.54616e-14
1.52014e-14
1.49093e-14
1.45897e-14
1.42495e-14
1.38907e-14
1.35171e-14
1.31359e-14
1.27495e-14
1.23633e-14
1.19784e-14
1.15978e-14
1.12262e-14
1.08632e-14
1.05119e-14
1.01719e-14
9.84626e-15
9.53284e-15
9.23442e-15
8.95036e-15
8.6797e-15
8.42098e-15
8.17546e-15
7.94296e-15
7.72101e-15
7.50937e-15
7.30799e-15
7.11512e-15
6.93145e-15
6.75498e-15
6.58572e-15
6.42312e-15
6.26632e-15
6.11524e-15
5.96932e-15
5.82857e-15
5.69203e-15
5.56039e-15
5.43311e-15
5.30999e-15
5.19085e-15
5.07654e-15
4.96572e-15
4.85969e-15
4.75724e-15
4.6604e-15
4.56703e-15
4.47796e-15
4.39431e-15
4.31521e-15
4.24095e-15
4.1716e-15
4.10735e-15
4.0483e-15
3.99456e-15
3.94624e-15
3.9034e-15
3.86615e-15
3.83451e-15
3.80856e-15
3.78833e-15
3.77386e-15
3.76517e-15
3.76227e-15
1.44541e-14
1.44751e-14
1.45301e-14
1.46181e-14
1.47322e-14
1.48643e-14
1.50054e-14
1.5146e-14
1.52771e-14
1.53906e-14
1.54794e-14
1.55379e-14
1.55617e-14
1.55486e-14
1.5497e-14
1.54065e-14
1.52784e-14
1.51149e-14
1.49182e-14
1.46916e-14
1.44395e-14
1.41645e-14
1.3871e-14
1.3562e-14
1.32424e-14
1.29134e-14
1.25816e-14
1.22468e-14
1.19133e-14
1.15816e-14
1.12551e-14
1.09338e-14
1.06203e-14
1.03139e-14
1.00163e-14
9.72837e-15
9.44961e-15
9.17915e-15
8.91894e-15
8.66766e-15
8.42452e-15
8.1894e-15
7.96273e-15
7.74372e-15
7.53181e-15
7.32713e-15
7.12881e-15
6.93614e-15
6.74967e-15
6.56908e-15
6.39364e-15
6.22351e-15
6.05857e-15
5.89872e-15
5.74375e-15
5.59359e-15
5.44857e-15
5.30896e-15
5.17274e-15
5.04389e-15
4.91728e-15
4.79835e-15
4.68439e-15
4.5738e-15
4.46999e-15
4.37209e-15
4.27971e-15
4.19297e-15
4.1121e-15
4.03724e-15
3.96849e-15
3.90596e-15
3.84976e-15
3.8e-15
3.7567e-15
3.71998e-15
3.68985e-15
3.66638e-15
3.6496e-15
3.63952e-15
3.63615e-15
1.36912e-14
1.37105e-14
1.37685e-14
1.38594e-14
1.39782e-14
1.41175e-14
1.42692e-14
1.4425e-14
1.45759e-14
1.47146e-14
1.48341e-14
1.49291e-14
1.49951e-14
1.5029e-14
1.50293e-14
1.49954e-14
1.49273e-14
1.48264e-14
1.46944e-14
1.45337e-14
1.43476e-14
1.41381e-14
1.39082e-14
1.36615e-14
1.34017e-14
1.3129e-14
1.28499e-14
1.25636e-14
1.22729e-14
1.19805e-14
1.16871e-14
1.13968e-14
1.11075e-14
1.0821e-14
1.05382e-14
1.02601e-14
9.98741e-15
9.7195e-15
9.45693e-15
9.19927e-15
8.94775e-15
8.70159e-15
8.46073e-15
8.22497e-15
7.99493e-15
7.77028e-15
7.55078e-15
7.33595e-15
7.12625e-15
6.92185e-15
6.72223e-15
6.52792e-15
6.33838e-15
6.15392e-15
5.97445e-15
5.79967e-15
5.63178e-15
5.46733e-15
5.31015e-15
5.15611e-15
5.01129e-15
4.86937e-15
4.73302e-15
4.60492e-15
4.48269e-15
4.36657e-15
4.25685e-15
4.15369e-15
4.05735e-15
3.968e-15
3.88578e-15
3.81089e-15
3.74346e-15
3.68365e-15
3.63155e-15
3.58729e-15
3.55094e-15
3.52259e-15
3.50229e-15
3.49009e-15
3.48604e-15
1.29041e-14
1.29235e-14
1.29842e-14
1.3083e-14
1.32126e-14
1.33672e-14
1.35381e-14
1.37173e-14
1.38967e-14
1.40688e-14
1.42269e-14
1.43652e-14
1.44793e-14
1.4566e-14
1.46228e-14
1.46488e-14
1.46429e-14
1.46064e-14
1.45398e-14
1.44449e-14
1.43242e-14
1.4179e-14
1.40115e-14
1.38266e-14
1.36236e-14
1.34052e-14
1.31749e-14
1.29346e-14
1.26863e-14
1.24312e-14
1.21713e-14
1.19067e-14
1.16393e-14
1.13715e-14
1.11033e-14
1.08346e-14
1.05667e-14
1.02999e-14
1.00351e-14
9.77263e-15
9.51352e-15
9.25632e-15
9.00191e-15
8.75089e-15
8.50257e-15
8.25849e-15
8.01848e-15
7.78198e-15
7.5498e-15
7.32128e-15
7.09743e-15
6.87832e-15
6.66374e-15
6.45397e-15
6.24985e-15
6.04908e-15
5.85594e-15
5.66596e-15
5.48528e-15
5.30495e-15
5.13527e-15
4.97196e-15
4.81411e-15
4.65967e-15
4.51463e-15
4.3773e-15
4.24708e-15
4.12424e-15
4.00907e-15
3.90185e-15
3.80282e-15
3.71229e-15
3.63047e-15
3.55761e-15
3.49395e-15
3.43969e-15
3.39501e-15
3.36009e-15
3.33504e-15
3.31998e-15
3.31494e-15
1.20786e-14
1.21016e-14
1.21727e-14
1.2284e-14
1.24324e-14
1.26107e-14
1.28104e-14
1.30235e-14
1.32415e-14
1.34569e-14
1.36627e-14
1.3853e-14
1.40226e-14
1.41683e-14
1.42869e-14
1.43769e-14
1.44365e-14
1.44666e-14
1.44673e-14
1.44382e-14
1.43827e-14
1.4301e-14
1.41951e-14
1.40676e-14
1.39202e-14
1.37533e-14
1.35701e-14
1.33738e-14
1.31633e-14
1.29418e-14
1.27109e-14
1.24711e-14
1.22255e-14
1.19739e-14
1.17166e-14
1.14558e-14
1.11928e-14
1.09263e-14
1.06588e-14
1.03901e-14
1.01222e-14
9.85351e-15
9.58562e-15
9.31859e-15
9.0528e-15
8.79019e-15
8.5292e-15
8.27107e-15
8.01596e-15
7.76385e-15
7.51551e-15
7.27098e-15
7.03089e-15
6.79639e-15
6.56348e-15
6.34021e-15
6.11643e-15
5.90495e-15
5.69337e-15
5.48857e-15
5.29336e-15
5.10398e-15
4.92063e-15
4.74156e-15
4.56964e-15
4.4079e-15
4.25378e-15
4.10772e-15
3.97006e-15
3.84119e-15
3.72155e-15
3.61153e-15
3.51156e-15
3.42205e-15
3.34342e-15
3.27609e-15
3.22041e-15
3.17672e-15
3.1453e-15
3.12636e-15
3.12004e-15
1.12141e-14
1.12432e-14
1.13268e-14
1.14583e-14
1.16347e-14
1.18472e-14
1.20875e-14
1.23465e-14
1.26152e-14
1.28854e-14
Process [7]
1.31498e-14
1.34017e-14
1.36356e-14
1.38476e-14
1.40343e-14
1.4193e-14
1.43221e-14
1.44199e-14
1.44884e-14
1.45266e-14
1.45365e-14
1.45173e-14
1.44699e-14
1.43984e-14
1.43031e-14
1.41838e-14
1.40457e-14
1.38887e-14
1.37129e-14
1.35219e-14
1.33182e-14
1.31007e-14
1.28722e-14
1.26338e-14
1.2386e-14
1.21311e-14
1.18688e-14
1.1602e-14
1.13305e-14
1.10539e-14
1.07755e-14
1.04952e-14
1.02126e-14
9.92924e-15
9.64614e-15
9.36265e-15
9.08092e-15
8.80021e-15
8.52164e-15
8.24546e-15
7.97304e-15
7.70313e-15
7.4356e-15
7.1765e-15
6.91512e-15
6.66536e-15
6.41739e-15
6.17121e-15
5.93728e-15
5.7084e-15
5.48352e-15
5.26041e-15
5.04947e-15
4.84585e-15
4.64937e-15
4.46044e-15
4.27949e-15
4.10698e-15
3.94341e-15
3.7893e-15
3.64523e-15
3.5118e-15
3.38967e-15
3.27953e-15
3.1821e-15
3.09809e-15
3.0282e-15
2.97307e-15
2.93326e-15
2.9092e-15
2.90114e-15
1.03035e-14
1.03397e-14
1.04421e-14
1.0602e-14
1.0818e-14
1.10785e-14
1.13736e-14
1.1693e-14
1.20268e-14
1.23654e-14
1.27006e-14
1.30252e-14
1.33329e-14
1.36192e-14
1.388e-14
1.41122e-14
1.43141e-14
1.44844e-14
1.4621e-14
1.47255e-14
1.47993e-14
1.484e-14
1.48502e-14
1.48316e-14
1.47847e-14
1.47109e-14
1.46128e-14
1.44904e-14
1.43476e-14
1.41829e-14
1.40008e-14
1.3802e-14
1.35863e-14
1.33581e-14
1.31169e-14
1.28639e-14
1.2602e-14
1.23311e-14
1.2052e-14
1.1767e-14
1.14765e-14
1.11815e-14
1.08833e-14
1.05823e-14
1.02791e-14
9.97568e-15
9.67167e-15
9.36802e-15
9.06447e-15
8.7653e-15
8.466e-15
8.16886e-15
7.87756e-15
7.58847e-15
7.30032e-15
7.0245e-15
6.74804e-15
6.47214e-15
6.20936e-15
5.95184e-15
5.69982e-15
5.45371e-15
5.21391e-15
4.98084e-15
4.75182e-15
4.53177e-15
4.32243e-15
4.12167e-15
3.93006e-15
3.74826e-15
3.57704e-15
3.41693e-15
3.26857e-15
3.13352e-15
3.01296e-15
2.90807e-15
2.82007e-15
2.75014e-15
2.69933e-15
2.66848e-15
2.65814e-15
9.33923e-15
9.38158e-15
9.51176e-15
9.71371e-15
9.98436e-15
1.03099e-14
1.0678e-14
1.10759e-14
1.14914e-14
1.19137e-14
1.23335e-14
1.27425e-14
1.3134e-14
1.35027e-14
1.38441e-14
1.41548e-14
1.44326e-14
1.46748e-14
1.48824e-14
1.50536e-14
1.51883e-14
1.52864e-14
1.53503e-14
1.53805e-14
1.53781e-14
1.53457e-14
1.52828e-14
1.51913e-14
1.50735e-14
1.4932e-14
1.47678e-14
1.45816e-14
1.43764e-14
1.4154e-14
1.39155e-14
1.36624e-14
1.33954e-14
1.31174e-14
1.28296e-14
1.2532e-14
1.22271e-14
1.19156e-14
1.15989e-14
1.12776e-14
1.09546e-14
1.06281e-14
1.02987e-14
9.97284e-15
9.64398e-15
9.31685e-15
8.9911e-15
8.6711e-15
8.34463e-15
8.03258e-15
7.72227e-15
7.40572e-15
7.10222e-15
6.80536e-15
6.51313e-15
6.22598e-15
5.94435e-15
5.6686e-15
5.39545e-15
5.12909e-15
4.87423e-15
4.62688e-15
4.38745e-15
4.15648e-15
3.93459e-15
3.72246e-15
3.52097e-15
3.3311e-15
3.15358e-15
2.98994e-15
2.84223e-15
2.71226e-15
2.60199e-15
2.51346e-15
2.44857e-15
2.40893e-15
2.39559e-15
8.31282e-15
8.36793e-15
8.53e-15
8.79378e-15
9.14075e-15
9.55412e-15
1.00177e-14
1.05152e-14
1.10318e-14
1.1555e-14
1.20737e-14
1.2579e-14
1.30641e-14
1.35225e-14
1.395e-14
1.43423e-14
1.4698e-14
1.50132e-14
1.529e-14
1.55245e-14
1.57184e-14
1.58721e-14
1.59858e-14
1.60608e-14
1.60983e-14
1.61002e-14
1.60681e-14
1.60024e-14
1.59066e-14
1.57808e-14
1.56303e-14
1.54526e-14
1.52521e-14
1.50304e-14
1.47893e-14
1.45301e-14
1.42548e-14
1.3966e-14
1.36644e-14
1.33513e-14
1.30284e-14
1.26966e-14
1.23611e-14
1.2017e-14
1.16674e-14
1.13207e-14
1.0962e-14
1.06132e-14
1.0254e-14
9.89938e-15
9.5526e-15
9.19428e-15
8.84433e-15
8.50276e-15
8.16388e-15
7.82588e-15
7.48364e-15
7.15578e-15
6.83407e-15
6.51752e-15
6.20651e-15
5.90139e-15
5.60251e-15
5.31018e-15
5.02476e-15
4.74658e-15
4.47609e-15
4.21372e-15
3.96006e-15
3.7158e-15
3.4818e-15
3.25917e-15
3.04928e-15
2.85387e-15
2.67507e-15
2.51546e-15
2.37804e-15
2.26613e-15
2.18306e-15
2.13182e-15
2.11449e-15
7.20281e-15
7.27789e-15
7.50062e-15
7.85258e-15
8.30236e-15
8.83395e-15
9.42145e-15
1.00424e-14
1.06811e-14
1.13219e-14
1.19533e-14
1.25659e-14
1.31523e-14
1.37063e-14
1.42234e-14
1.46997e-14
1.51334e-14
1.55227e-14
1.58652e-14
1.61611e-14
1.64103e-14
1.66143e-14
1.67737e-14
1.68882e-14
1.69601e-14
1.69901e-14
1.69824e-14
1.69361e-14
1.68547e-14
1.67406e-14
1.6595e-14
1.64203e-14
1.62181e-14
1.59934e-14
1.57441e-14
1.54738e-14
1.51841e-14
1.48827e-14
1.45616e-14
1.42261e-14
1.38872e-14
1.35269e-14
1.3172e-14
1.27952e-14
1.24271e-14
1.20483e-14
1.16608e-14
1.12852e-14
1.09022e-14
1.05084e-14
1.01296e-14
9.75258e-15
9.3771e-15
9.00005e-15
8.6182e-15
8.25172e-15
7.89022e-15
7.53328e-15
7.1814e-15
6.83483e-15
6.49398e-15
6.1591e-15
5.83049e-15
5.5084e-15
5.19306e-15
4.88475e-15
4.58379e-15
4.29052e-15
4.0054e-15
3.72901e-15
3.46212e-15
3.20578e-15
2.96136e-15
2.73073e-15
2.5164e-15
2.32165e-15
2.15066e-15
2.00854e-15
1.90102e-15
1.83366e-15
1.8107e-15
6.00957e-15
6.12473e-15
6.43411e-15
6.90565e-15
7.5038e-15
8.19045e-15
8.93205e-15
9.70357e-15
1.04825e-14
1.12563e-14
1.20107e-14
1.27401e-14
1.34311e-14
1.40859e-14
1.46945e-14
1.52539e-14
1.57638e-14
1.62249e-14
1.66306e-14
1.69832e-14
1.72832e-14
1.75335e-14
1.77304e-14
1.78771e-14
1.79757e-14
1.80308e-14
1.80394e-14
1.80035e-14
1.79323e-14
1.7823e-14
1.76724e-14
1.74985e-14
1.72855e-14
1.7049e-14
1.67871e-14
1.64995e-14
1.61926e-14
1.5869e-14
1.55193e-14
1.51726e-14
1.47908e-14
1.44129e-14
1.40308e-14
1.36215e-14
1.32163e-14
1.28139e-14
1.24071e-14
1.19858e-14
1.15624e-14
1.11509e-14
1.07396e-14
1.03296e-14
9.92157e-15
9.51634e-15
9.11454e-15
8.71197e-15
8.30932e-15
7.92181e-15
7.54001e-15
7.16389e-15
6.79376e-15
6.42985e-15
6.07236e-15
5.72145e-15
5.37728e-15
5.04e-15
4.70978e-15
4.38683e-15
4.07143e-15
3.76395e-15
3.46497e-15
3.17528e-15
2.89606e-15
2.62901e-15
2.37662e-15
2.1425e-15
1.9318e-15
1.75167e-15
1.61133e-15
1.52113e-15
1.48987e-15
4.72114e-15
4.88536e-15
5.343e-15
6.00403e-15
6.8045e-15
7.68835e-15
8.61584e-15
9.55792e-15
1.04878e-14
1.14057e-14
1.22961e-14
1.31351e-14
1.39398e-14
1.46972e-14
1.53864e-14
1.60387e-14
1.66149e-14
1.71444e-14
1.76104e-14
1.801e-14
1.83638e-14
1.86394e-14
1.88808e-14
1.90417e-14
1.91712e-14
1.92328e-14
1.92497e-14
1.9231e-14
1.91422e-14
1.90382e-14
1.88832e-14
1.86808e-14
1.8469e-14
1.82129e-14
1.79149e-14
1.76154e-14
1.72916e-14
1.69232e-14
1.65483e-14
1.6168e-14
1.57727e-14
1.53605e-14
1.4919e-14
1.44885e-14
1.40544e-14
1.36148e-14
1.31711e-14
1.27248e-14
1.2277e-14
1.18235e-14
1.13619e-14
1.0917e-14
1.04755e-14
1.00375e-14
9.60364e-15
9.17446e-15
8.75047e-15
8.33211e-15
7.91974e-15
7.51362e-15
7.114e-15
6.72103e-15
6.33484e-15
5.9555e-15
5.58306e-15
5.21756e-15
4.85902e-15
4.50747e-15
4.16299e-15
3.8257e-15
3.49587e-15
3.17392e-15
2.8606e-15
2.5571e-15
2.26537e-15
1.9886e-15
1.73199e-15
1.50403e-15
1.31803e-15
1.19278e-15
1.14798e-15
3.33329e-15
3.6013e-15
4.29805e-15
5.24051e-15
6.30458e-15
7.42133e-15
8.54531e-15
9.66412e-15
1.0761e-14
1.18233e-14
1.28424e-14
1.38119e-14
1.47247e-14
1.55559e-14
1.63398e-14
1.70666e-14
1.77276e-14
1.83206e-14
1.88189e-14
1.92634e-14
1.96549e-14
1.9981e-14
2.02414e-14
2.04089e-14
2.05361e-14
2.06179e-14
2.06447e-14
2.0619e-14
2.05231e-14
2.03771e-14
2.02125e-14
2.00075e-14
1.97651e-14
1.94884e-14
1.91774e-14
1.88119e-14
1.84434e-14
1.80597e-14
1.76559e-14
1.72345e-14
1.6798e-14
1.63485e-14
1.58883e-14
1.54193e-14
1.49435e-14
1.44616e-14
1.39594e-14
1.34676e-14
1.2982e-14
1.24969e-14
1.20135e-14
1.15329e-14
1.10558e-14
1.05831e-14
1.01154e-14
9.65335e-15
9.19738e-15
8.74791e-15
8.30524e-15
7.86961e-15
7.44121e-15
7.02012e-15
6.60641e-15
6.20006e-15
5.80103e-15
5.40923e-15
5.02454e-15
4.64685e-15
4.27601e-15
3.91191e-15
3.55448e-15
3.20376e-15
2.85993e-15
2.52347e-15
2.19535e-15
1.87748e-15
1.57354e-15
1.29079e-15
1.044e-15
8.62609e-16
7.92838e-16
1.86844e-15
2.39416e-15
3.51129e-15
4.80339e-15
6.14532e-15
7.49083e-15
8.81714e-15
1.01102e-14
1.13601e-14
1.25589e-14
1.37005e-14
1.47796e-14
1.5792e-14
1.67341e-14
1.76034e-14
1.83979e-14
1.91165e-14
1.97584e-14
2.03238e-14
2.08131e-14
2.1222e-14
2.15246e-14
2.17866e-14
2.1987e-14
2.21211e-14
2.21917e-14
2.2202e-14
2.21551e-14
2.20545e-14
2.19036e-14
2.17058e-14
2.14648e-14
2.11839e-14
2.08666e-14
2.05163e-14
2.01362e-14
1.97295e-14
1.92993e-14
1.88485e-14
1.83799e-14
1.78962e-14
1.73997e-14
1.6893e-14
1.6378e-14
1.58569e-14
1.53315e-14
1.48036e-14
1.42746e-14
1.37461e-14
1.32193e-14
1.26954e-14
1.21754e-14
1.16603e-14
1.11506e-14
1.06473e-14
1.01508e-14
9.65629e-15
9.16696e-15
8.69408e-15
8.2294e-15
7.77292e-15
7.3247e-15
6.88471e-15
6.45287e-15
6.02906e-15
5.61308e-15
5.20471e-15
4.80369e-15
4.41174e-15
4.02669e-15
3.64527e-15
3.26995e-15
2.90044e-15
2.53654e-15
2.17822e-15
1.8258e-15
1.48038e-15
1.14492e-15
8.27729e-16
5.55913e-16
4.28199e-16
1.00312e-15
1.78252e-15
3.2041e-15
4.69223e-15
6.17474e-15
7.63204e-15
9.05295e-15
1.04289e-14
1.17526e-14
1.30178e-14
1.42191e-14
1.53517e-14
1.64117e-14
1.7396e-14
1.8302e-14
1.91281e-14
1.98732e-14
2.05369e-14
2.11193e-14
2.16214e-14
2.20445e-14
2.23903e-14
2.2661e-14
2.28593e-14
2.2988e-14
2.30503e-14
2.30495e-14
2.29892e-14
2.2873e-14
2.27047e-14
2.24879e-14
2.22264e-14
2.1924e-14
2.15842e-14
2.12106e-14
2.08066e-14
2.03757e-14
1.99211e-14
1.94457e-14
1.89525e-14
1.84443e-14
1.79235e-14
1.73927e-14
1.68542e-14
1.63099e-14
1.57618e-14
1.52116e-14
1.46611e-14
1.41116e-14
1.35644e-14
1.30208e-14
1.24817e-14
1.1948e-14
1.14206e-14
1.09001e-14
1.0387e-14
9.88188e-15
9.385e-15
8.89664e-15
8.41698e-15
7.94612e-15
7.48407e-15
7.03078e-15
6.58613e-15
6.14996e-15
5.72202e-15
5.30205e-15
4.88971e-15
4.48464e-15
4.08644e-15
3.69467e-15
3.30888e-15
2.92859e-15
2.55333e-15
2.18264e-15
1.81612e-15
1.45353e-15
1.09511e-15
7.42883e-16
4.10659e-16
2.28967e-16
