Vec Object: Vec_0x84000004_7 8 MPI processes
  type: mpi
Process [0]
0.106922
0.193127
0.349601
0.513481
0.677475
0.839775
0.999391
1.15555
1.30758
1.45483
1.59671
1.73261
1.86199
1.98433
2.09911
2.20586
2.30419
2.39371
2.47417
2.5453
2.60693
2.65899
2.70147
2.73446
2.75811
2.77267
2.77844
2.77582
2.76521
2.74712
2.72211
2.69076
2.65363
2.61131
2.56438
2.51341
2.45895
2.40152
2.34159
2.27966
2.21612
2.15138
2.08577
2.0196
1.95315
1.88665
1.8203
1.75429
1.68875
1.62383
1.5596
1.49617
1.43357
1.37187
1.3111
1.25127
1.19239
1.13447
1.07749
1.02144
0.966301
0.912044
0.858643
0.806065
0.754274
0.703235
0.652912
0.603267
0.554262
0.505861
0.458028
0.410726
0.363923
0.317586
0.271687
0.226204
0.181136
0.136538
0.0926869
0.0513321
0.0287125
0.187611
0.253168
0.388577
0.541935
0.699884
0.857945
1.01398
1.16663
1.31488
1.4579
1.59496
1.72543
1.84857
1.96365
2.07046
2.16869
2.25808
2.33847
2.40894
2.46933
2.52027
2.56199
2.59588
2.62129
2.63517
2.64057
2.63797
2.62786
2.61117
2.58848
2.55982
2.52571
2.4868
2.4436
2.3967
2.3466
2.29377
2.23867
2.18175
2.12331
2.06369
2.0032
1.94211
1.88067
1.81907
1.75754
1.69621
1.63523
1.57472
1.51478
1.45548
1.3969
1.33909
1.28207
1.22588
1.17052
1.11601
1.06233
1.00949
0.957481
0.906281
0.855864
0.806211
0.757293
0.709085
0.66156
0.61469
0.568446
0.522801
0.477731
0.433211
0.389228
0.345773
0.302851
0.260492
0.218776
0.177879
0.138219
0.10087
0.0690965
0.0542622
0.32252
0.362718
0.462141
0.589784
0.728893
0.871738
1.01428
1.15409
1.28959
1.41951
1.54282
1.65885
1.76681
1.86633
1.95689
2.03827
2.11029
2.1728
2.22595
2.26986
2.30465
2.33056
2.34878
2.35703
2.35957
2.35606
2.34437
2.3265
2.30342
2.27578
2.24388
2.20839
2.16957
2.12803
2.08411
2.03809
1.99043
1.94142
1.89129
1.8403
1.78868
1.7366
1.68425
1.63178
1.57933
1.52701
1.47493
1.42317
1.37181
1.32091
1.27051
1.22066
1.17141
1.12279
1.0748
1.02745
0.980749
0.934714
0.889327
0.84459
0.800488
0.757022
0.714179
0.671952
0.630321
0.589263
0.548778
0.508855
0.469491
0.430689
0.392465
0.354844
0.317884
0.28168
0.246391
0.212293
0.179865
0.149979
0.124269
0.105728
0.0987076
0.441107
0.469554
0.544934
0.648947
0.767733
0.892914
1.01949
1.14423
1.26492
1.37997
1.48815
1.58853
1.68044
1.76335
1.83699
1.90118
1.9559
2.0013
2.03761
2.06515
2.08439
2.09577
2.10001
2.09699
2.08745
2.07356
2.05435
2.03007
2.0022
1.97125
1.93763
1.90177
1.86401
1.8247
1.78412
1.74254
1.70015
1.65719
1.61378
1.57006
1.52616
1.48218
1.43823
1.39434
1.35062
1.30711
1.26387
1.22092
1.17831
1.13606
1.09424
1.05283
1.01187
0.971368
0.931335
0.891808
0.852761
0.814213
0.776167
0.738623
0.701594
0.665066
0.629042
0.593531
0.55853
0.524046
0.490089
0.456674
0.423824
0.391574
0.359984
0.329134
0.299141
0.270181
0.242508
0.216501
0.192718
0.171976
0.155428
0.144533
0.140696
0.541962
0.56382
0.623413
0.708581
0.808556
0.915771
1.02515
1.13325
1.23765
1.33659
1.42874
1.51307
1.58873
1.65511
1.71195
1.75924
1.79715
1.82601
1.84627
1.85847
1.86324
1.86124
1.85299
1.83876
1.81996
1.79767
1.77125
1.74199
1.71062
1.67756
1.64318
1.60781
1.57173
1.53518
1.49835
1.46139
1.4244
1.3875
1.35072
1.3141
1.2777
1.24153
1.20562
1.16998
1.1346
1.09949
1.06466
1.03011
0.995868
0.961919
0.928283
0.894976
0.861986
0.82933
0.797022
0.765067
0.733475
0.702248
0.671398
0.640942
0.610875
0.581221
0.551984
0.523182
0.494827
0.466957
0.43959
0.41276
0.386521
0.36093
0.336074
0.312059
0.289031
0.267185
0.246774
0.228126
0.21166
0.19789
0.187405
0.180799
0.178536
0.626218
0.643988
0.693204
0.764888
0.850188
0.942249
1.0361
1.12816
1.2158
1.2972
1.37112
1.43692
1.49439
1.54345
1.58368
1.61459
1.6363
1.64933
1.65436
1.65216
1.64356
1.62908
1.60952
1.58546
1.55867
1.52886
1.497
1.46393
1.4301
1.39586
1.36145
1.32709
1.29301
1.25939
1.22638
1.19405
1.16243
1.13153
1.10133
1.07176
1.04276
1.0143
0.986316
0.958736
0.931529
0.904644
0.878032
0.851681
0.825582
0.799696
0.774013
0.748555
0.7233
0.698256
0.673436
0.648841
0.62449
0.600393
0.576564
0.553024
0.52978
0.506857
0.484281
0.462076
0.440265
0.418892
0.397991
0.377611
0.357804
0.338644
0.320209
0.302604
0.285955
0.270418
0.256177
0.243453
0.232497
0.223578
0.216962
0.212883
0.211503
0.701689
0.715773
0.755219
0.813548
0.883824
0.960336
1.0387
1.1156
1.18841
1.25494
1.31345
1.36287
1.40269
1.43306
1.45489
1.46904
1.47509
1.47299
1.46357
1.44781
1.42669
1.40069
1.37079
1.33845
1.30404
1.26834
1.23231
1.19622
1.16017
1.12458
1.09
1.05688
1.02538
0.995518
0.967236
0.940431
0.914972
0.890731
0.867554
0.845322
0.823896
0.803154
0.782992
0.763308
0.744022
0.725067
0.70637
0.687898
0.669602
0.651465
0.633452
0.615554
0.59776
0.580075
0.562497
0.54503
0.527691
0.510497
0.493453
0.476585
0.459917
0.443468
0.427266
0.411344
0.395737
0.380482
0.365619
0.351191
0.337254
0.323861
0.311077
0.298978
0.287655
0.277205
0.267743
0.259399
0.252313
0.246624
0.242456
0.23991
0.239056
0.763422
0.775233
0.808351
0.857327
0.916038
0.979068
1.04213
1.10209
1.15693
1.20569
1.24782
1.28217
1.30717
1.32214
1.32747
1.32447
1.31474
1.29812
1.27494
1.24635
1.21336
1.17668
1.13774
1.09756
1.05677
1.01631
0.976009
0.936636
0.899475
0.865041
0.833398
0.804418
0.777932
0.753767
0.731738
0.711653
0.693298
0.676429
0.660831
0.646301
0.632631
0.619645
0.607203
0.595179
0.583445
0.571933
0.560554
0.549275
0.538053
0.526854
0.515663
0.504473
0.493271
0.482063
0.470863
0.459667
0.44849
0.437354
0.426284
0.415282
0.404374
0.393593
0.382952
0.372484
0.362221
0.352198
0.342445
0.332996
0.323896
0.315182
0.306895
0.299085
0.291806
0.285117
0.279076
0.273754
0.269234
0.265604
0.262944
0.261321
0.260774
0.81881
0.828104
0.854233
0.892992
0.939573
0.989718
1.03992
1.08717
1.12863
1.16176
1.18551
1.2006
1.20862
1.20882
1.19954
1.18133
1.15616
1.12539
1.08897
1.04808
1.00387
0.957292
0.910171
0.863077
0.816946
0.771838
0.729894
0.692316
0.659068
0.630011
0.604955
0.583655
0.56581
0.550992
0.538673
0.528304
0.519455
0.511729
0.504795
0.498433
0.492448
0.486676
0.481029
0.475427
0.469789
0.464097
0.458313
0.452409
0.446401
0.440277
0.434023
0.427665
0.421206
0.414641
0.407997
0.401291
0.394526
0.387725
0.380924
0.374124
0.367343
0.360608
0.353939
0.347352
0.340875
0.334547
0.328389
0.322422
0.316677
0.311185
0.305969
0.301054
0.296476
0.292269
0.288445
0.285026
0.282055
0.279613
0.277785
0.276652
0.27627
0.864087
0.871591
0.892787
0.92414
0.961214
0.999563
1.03543
1.06634
1.09146
1.11055
1.12184
1.12268
1.11292
1.09559
1.07174
1.03942
0.999748
0.95509
0.905817
0.853033
0.798127
0.742747
0.688533
0.636721
0.589018
0.548754
0.51654
0.491989
0.474676
0.46353
0.457214
0.454292
0.453514
0.453968
0.454949
0.455899
0.456485
0.456495
0.455797
0.454381
0.452278
0.449501
0.44617
0.44235
0.4381
0.433503
0.428623
0.423479
0.418168
0.412743
0.407216
0.401624
0.396008
0.390369
0.384731
0.379133
0.373568
0.368043
0.362604
0.357256
0.351992
0.346825
0.341771
0.336825
0.332002
0.327333
0.32284
0.318528
0.314409
0.31051
0.306838
0.303398
0.300209
0.297315
0.294707
0.292311
0.290095
0.288148
0.286622
0.285655
0.285326
0.903289
0.909053
0.925066
0.948213
0.974817
1.00176
1.02655
1.04664
1.05884
1.06092
1.05425
1.041
1.01862
0.985537
0.945395
0.899237
0.845717
0.787385
0.725499
0.66121
0.596963
0.536633
0.483854
0.44383
0.4202
0.410046
0.410414
0.418693
0.431385
0.446098
0.461377
0.476225
0.489723
0.501128
0.510051
0.516408
0.520277
0.521816
0.521292
0.518991
0.515165
0.510042
0.503868
0.496862
0.489216
0.481115
0.472641
0.46389
0.455001
0.446083
0.437209
Process [1]
0.428458
0.419841
0.411383
0.403154
0.395185
0.38745
0.379948
0.372735
0.365816
0.359183
0.352839
0.346782
0.340988
0.335461
0.330226
0.325297
0.320666
0.316341
0.312336
0.308644
0.305259
0.302152
0.299372
0.297075
0.295018
0.292922
0.290945
0.289359
0.288359
0.288023
0.935691
0.939812
0.951308
0.967927
0.986602
1.0038
1.01597
1.02095
1.01909
1.01038
0.991298
0.96071
0.923095
0.87749
0.822195
0.761395
0.694526
0.622674
0.54898
0.475872
0.41446
0.378578
0.36756
0.375462
0.394473
0.421465
0.4541
0.488142
0.521324
0.552227
0.579248
0.601135
0.617633
0.629018
0.635865
0.638789
0.638366
0.635114
0.629539
0.62212
0.613237
0.603172
0.592175
0.580466
0.568279
0.55579
0.543074
0.530225
0.517315
0.504416
0.491673
0.479177
0.46688
0.454804
0.443065
0.431701
0.420677
0.410007
0.399749
0.389901
0.380478
0.371517
0.362994
0.354883
0.347192
0.339944
0.333138
0.326774
0.320864
0.315419
0.310462
0.305927
0.301873
0.298175
0.295144
0.292692
0.290322
0.288187
0.286539
0.285525
0.285186
0.961461
0.964334
0.972089
0.982382
0.992135
0.998697
1.00069
0.99656
0.982874
0.957907
0.925133
0.883842
0.830823
0.770799
0.702855
0.627409
0.548073
0.465499
0.393977
0.35058
0.339191
0.353102
0.384807
0.42806
0.478123
0.531893
0.583605
0.629547
0.667467
0.695625
0.71419
0.724879
0.729396
0.729077
0.725036
0.718231
0.709377
0.698959
0.687327
0.674802
0.661633
0.647966
0.633929
0.61961
0.605123
0.590602
0.576102
0.561628
0.547208
0.532871
0.518699
0.50478
0.491107
0.477655
0.464483
0.451659
0.439182
0.427046
0.415262
0.403851
0.392842
0.382299
0.372202
0.362534
0.353316
0.344572
0.336289
0.328472
0.321189
0.314395
0.308214
0.30248
0.297422
0.292875
0.288728
0.285445
0.282927
0.28098
0.279537
0.278647
0.278349
0.982523
0.983979
0.987659
0.991876
0.994604
0.993531
0.985546
0.968087
0.942223
0.908374
0.862308
0.806461
0.742903
0.668745
0.588735
0.502418
0.41788
0.351325
0.320045
0.328456
0.363497
0.41545
0.479352
0.549103
0.617933
0.676606
0.72018
0.749034
0.764723
0.770468
0.769613
0.764447
0.756547
0.746996
0.736377
0.725015
0.71309
0.700677
0.687807
0.67453
0.660913
0.647008
0.632865
0.618532
0.604071
0.589559
0.575052
0.560576
0.546148
0.531783
0.517542
0.503497
0.489673
0.476058
0.462677
0.449594
0.436824
0.424359
0.412204
0.4004
0.388983
0.37798
0.367403
0.357259
0.347565
0.338317
0.329512
0.321176
0.313368
0.306083
0.299371
0.293189
0.287673
0.282745
0.27826
0.27463
0.27204
0.270232
0.268954
0.268172
0.267905
0.997391
0.997766
0.998395
0.997798
0.993634
0.983249
0.965429
0.940216
0.904694
0.857045
0.801286
0.73471
0.65844
0.575488
0.486584
0.402599
0.336739
0.312038
0.330943
0.378988
0.447237
0.528408
0.611643
0.682768
0.734044
0.7632
0.775082
0.775902
0.77104
0.763902
0.755754
0.746967
0.7378
0.728318
0.718483
0.70826
0.697608
0.6865
0.674915
0.662862
0.650371
0.637481
0.624242
0.610705
0.596928
0.582975
0.568899
0.554743
0.540548
0.526356
0.512214
0.49817
0.484257
0.47052
0.456991
0.443696
0.430663
0.417908
0.405461
0.393348
0.38159
0.370209
0.359235
0.348698
0.338596
0.32893
0.319715
0.310995
0.302802
0.295149
0.288058
0.281557
0.275701
0.270479
0.265921
0.262152
0.259264
0.257183
0.25575
0.254891
0.2546
1.00745
1.00683
1.00444
0.998746
0.988063
0.971222
0.946455
0.910797
0.864842
0.810122
0.743078
0.667523
0.583781
0.495331
0.412106
0.347149
0.319831
0.336188
0.390773
0.469715
0.562482
0.649525
0.71468
0.750587
0.76285
0.761524
0.754771
0.746844
0.739218
0.732029
0.725133
0.718299
0.711305
0.703978
0.69621
0.687941
0.67912
0.669713
0.659722
0.649154
0.638036
0.626401
0.614299
0.601777
0.588893
0.575706
0.562275
0.548653
0.534888
0.521026
0.507119
0.493216
0.479365
0.465607
0.451978
0.438517
0.42526
0.412244
0.399496
0.387035
0.374891
0.363101
0.351702
0.340705
0.33012
0.319963
0.310269
0.301079
0.292407
0.284276
0.276716
0.269776
0.263501
0.25791
0.253041
0.248939
0.245651
0.243156
0.241403
0.240354
0.240003
1.0128
1.01118
1.00597
0.996233
0.980612
0.957005
0.923544
0.880994
0.828399
0.763609
0.690536
0.608282
0.521765
0.438944
0.372582
0.33912
0.345469
0.394364
0.478242
0.576176
0.664397
0.719262
0.739884
0.73916
0.729921
0.720632
0.712549
0.706022
0.700714
0.695911
0.691334
0.686814
0.68206
0.676892
0.671203
0.664925
0.658001
0.650406
0.642133
0.633184
0.623576
0.613344
0.602525
0.591173
0.579342
0.567086
0.554468
0.541541
0.528365
0.514993
0.501486
0.487885
0.474239
0.460596
0.447004
0.433505
0.420138
0.40694
0.39394
0.381176
0.368691
0.35652
0.344683
0.333205
0.322108
0.31143
0.301214
0.291476
0.282245
0.27355
0.265435
0.257964
0.251162
0.245065
0.239708
0.235126
0.231377
0.228457
0.226363
0.225104
0.224679
1.01282
1.01048
1.00314
0.989797
0.968899
0.93934
0.900971
0.851867
0.791355
0.722214
0.643333
0.559646
0.477358
0.407844
0.365941
0.360396
0.395522
0.472808
0.573887
0.661816
0.707892
0.716423
0.703918
0.690247
0.678986
0.671225
0.665934
0.661901
0.659138
0.656812
0.654554
0.652282
0.649773
0.646785
0.643206
0.638965
0.634013
0.628316
0.621848
0.614613
0.606625
0.597909
0.588503
0.578456
0.567818
0.556645
0.544997
0.532931
0.520502
0.50777
0.494796
0.481631
0.468329
0.454943
0.441521
0.428107
0.41474
0.401464
0.388323
0.375359
0.362607
0.350097
0.337864
0.325938
0.314364
0.303181
0.292414
0.282094
0.272257
0.262939
0.254212
0.246118
0.238693
0.231982
0.226031
0.220891
0.21663
0.213266
0.21083
0.209351
0.208853
1.00841
1.00537
0.995908
0.979197
0.954456
0.920811
0.876572
0.82176
0.757795
0.683753
0.603894
0.522939
0.450135
0.398952
0.379529
0.398457
0.46012
0.556769
0.646735
0.690405
0.686932
0.665279
0.645792
0.632315
0.624399
0.61912
0.616703
0.615165
0.614608
0.614759
0.614858
0.614776
0.614502
0.61372
0.612285
0.610121
0.607182
0.603434
0.598838
0.59339
0.587102
0.579995
0.572103
0.563469
0.554144
0.544178
0.533626
0.522552
0.511011
0.499063
0.486769
0.474185
0.461363
0.448359
0.435224
0.42201
0.408764
0.395534
0.382362
0.369287
0.356348
0.343581
0.331029
0.318737
0.306741
0.295074
0.283772
0.272873
0.262416
0.252471
0.243091
0.234318
0.226207
0.218812
0.212188
0.206426
0.201597
0.197753
0.19495
0.193241
0.192666
0.9992
0.995543
0.984391
0.96522
0.937129
0.898994
0.850882
0.793119
0.725125
0.650223
0.571907
0.497173
0.437725
0.403836
0.404845
0.446372
0.52938
0.622746
0.669634
0.661499
0.629307
0.600758
0.583255
0.572933
0.568084
0.565326
0.564991
0.566233
0.567637
0.570071
0.572593
0.574703
0.576571
0.577999
0.578723
0.578656
0.577741
0.575964
0.57328
0.569669
0.565137
0.559705
0.553398
0.54626
0.538333
0.529671
0.520326
0.510354
0.499816
0.48877
0.477274
0.465391
0.453174
0.440681
0.427966
0.415083
0.402077
0.388999
0.375893
0.362802
0.349773
0.33685
0.32408
0.311496
0.299137
0.287042
0.275249
0.263802
0.252766
0.242201
0.232149
0.222667
0.213826
0.205692
0.198348
0.191912
0.186459
0.182081
0.178872
0.17691
0.176245
0.98506
0.980964
0.968501
0.94709
0.916074
0.875347
0.824631
0.763703
0.694925
0.620766
0.546298
0.48102
0.434266
0.417351
0.43709
0.498887
0.590282
0.648524
0.642415
0.600056
0.559393
0.532923
0.519273
0.51254
0.509817
0.510162
0.51148
0.515159
0.519089
0.523271
0.528152
0.532635
0.53649
0.540052
0.542926
0.544953
0.546066
0.546243
0.545476
0.543723
0.540978
0.537258
0.532587
0.526999
0.520534
0.513246
0.505184
0.496403
0.486961
0.476915
0.466323
0.455251
0.443751
0.431881
0.419695
0.407249
0.394592
0.381776
0.36885
0.355863
0.342859
0.329882
0.316976
0.304179
0.291535
0.279081
0.266865
0.254946
0.243381
0.232213
0.221499
0.211314
0.201731
0.192827
0.184723
0.177539
0.171386
0.166403
0.162718
0.160446
0.159676
Process [2]
0.966235
0.961744
0.948124
0.925043
0.892241
0.849329
0.796329
0.734741
0.666225
0.594409
0.526472
0.470281
0.437356
0.435542
0.473174
0.551601
0.623248
0.630019
0.582599
0.527722
0.486819
0.464544
0.454783
0.451137
0.450769
0.453433
0.45734
0.462528
0.469245
0.475393
0.482103
0.488935
0.495
0.500415
0.505374
0.509458
0.512587
0.514696
0.515804
0.515899
0.514945
0.512949
0.509933
0.505927
0.500968
0.495103
0.488381
0.480853
0.472578
0.46361
0.454008
0.443831
0.43314
0.421988
0.410432
0.398529
0.386332
0.373892
0.361258
0.348478
0.335599
0.322666
0.309723
0.296811
0.283975
0.271264
0.258726
0.246407
0.234367
0.22265
0.211325
0.200469
0.19015
0.180477
0.171583
0.163594
0.156659
0.150954
0.146665
0.143981
0.143059
0.942368
0.937605
0.923234
0.899014
0.864677
0.82033
0.766833
0.705268
0.638248
0.57089
0.509553
0.464174
0.443325
0.45739
0.512844
0.590275
0.619311
0.577379
0.510114
0.452725
0.414424
0.397234
0.390575
0.389939
0.391755
0.396369
0.402928
0.409892
0.418347
0.42725
0.43542
0.444166
0.452526
0.459868
0.466607
0.472674
0.477749
0.481777
0.484706
0.486591
0.4874
0.487119
0.485755
0.483341
0.479906
0.475492
0.470145
0.463918
0.45686
0.44903
0.440485
0.431279
0.421475
0.411128
0.400293
0.389026
0.377382
0.365411
0.353165
0.340692
0.328039
0.315251
0.302379
0.289466
0.276558
0.263698
0.250931
0.238306
0.225884
0.213713
0.201859
0.190397
0.179411
0.169023
0.159354
0.150546
0.142777
0.136258
0.131233
0.127976
0.126811
0.913404
0.908456
0.893545
0.868506
0.833429
0.788741
0.735211
0.674729
0.610832
0.548448
0.49523
0.459913
0.452893
0.482503
0.550474
0.602374
0.580098
0.508211
0.43506
0.379985
0.346694
0.332565
0.328608
0.329987
0.334242
0.340566
0.349023
0.358337
0.368004
0.378895
0.38932
0.399268
0.409502
0.419001
0.427369
0.435144
0.442064
0.447918
0.452652
0.456242
0.45875
0.460139
0.460406
0.459568
0.457654
0.454699
0.450747
0.445846
0.440045
0.433396
0.425958
0.417782
0.408928
0.399455
0.389415
0.378864
0.367858
0.356446
0.344682
0.332616
0.320295
0.307768
0.29508
0.282277
0.269404
0.256504
0.243624
0.230813
0.218129
0.205623
0.193354
0.181412
0.169889
0.158888
0.148545
0.139017
0.130505
0.123246
0.117531
0.113723
0.112313
0.879148
0.874092
0.858914
0.833595
0.798333
0.753723
0.701143
0.642994
0.582975
0.526708
0.482182
0.458346
0.465049
0.511798
0.57451
0.581711
0.518752
0.43543
0.365024
0.315746
0.286741
0.274107
0.271242
0.2739
0.280198
0.287882
0.297649
0.308704
0.319918
0.331652
0.344118
0.355597
0.36691
0.378142
0.388418
0.397573
0.406089
0.413626
0.420059
0.425324
0.429425
0.432413
0.434259
0.434964
0.434552
0.433049
0.430494
0.426929
0.422404
0.416966
0.410669
0.403568
0.395715
0.387171
0.37799
0.368226
0.357932
0.347163
0.335969
0.324401
0.312508
0.300337
0.287935
0.275348
0.262621
0.2498
0.236931
0.224062
0.211244
0.19854
0.186013
0.173745
0.161824
0.150359
0.139489
0.129385
0.120262
0.112393
0.106114
0.101851
0.100236
0.839323
0.834265
0.819064
0.793777
0.758824
0.715169
0.664483
0.60949
0.554342
0.505618
0.47059
0.459494
0.48245
0.538773
0.573265
0.53356
0.450036
0.369625
0.308842
0.266014
0.239226
0.226468
0.223529
0.226212
0.232644
0.241589
0.251411
0.263067
0.275463
0.287767
0.300739
0.313969
0.326111
0.338274
0.350078
0.360817
0.370514
0.379502
0.387452
0.394287
0.399932
0.404407
0.407752
0.409947
0.410995
0.410919
0.409746
0.407516
0.404268
0.400053
0.394918
0.388917
0.382102
0.374529
0.366252
0.357326
0.347805
0.337742
0.327187
0.316193
0.304807
0.29308
0.281056
0.268783
0.256306
0.243672
0.230925
0.218116
0.205298
0.192529
0.179874
0.167406
0.155219
0.143422
0.132157
0.121604
0.111987
0.103595
0.0968093
0.0921391
0.0903455
0.793563
0.78856
0.773601
0.748837
0.714854
0.672861
0.624901
0.574128
0.525537
0.485041
0.461816
0.465005
0.504171
0.551867
0.54233
0.471805
0.389103
0.321368
0.271249
0.235504
0.211265
0.197389
0.192149
0.193017
0.197572
0.20516
0.21453
0.224827
0.236848
0.249376
0.261847
0.275236
0.288501
0.300879
0.313365
0.325359
0.336274
0.346263
0.355485
0.363686
0.37078
0.376691
0.38143
0.385034
0.387485
0.388788
0.38896
0.388032
0.386041
0.383032
0.379051
0.374149
0.368377
0.36179
0.354439
0.346381
0.337667
0.328352
0.318486
0.308121
0.297305
0.286088
0.274516
0.262636
0.250495
0.238138
0.225612
0.212967
0.200253
0.187526
0.174851
0.162299
0.149962
0.137946
0.126394
0.115481
0.105446
0.0965973
0.0893455
0.084256
0.0822736
0.741611
0.736773
0.722332
0.698514
0.666142
0.626739
0.582719
0.5378
0.496742
0.467009
0.456682
0.47726
0.522724
0.538682
0.490881
0.413493
0.344639
0.293582
0.255979
0.227359
0.20567
0.190583
0.182257
0.17889
0.179859
0.183724
0.190201
0.198445
0.207648
0.218778
0.230446
0.242187
0.255189
0.26791
0.280033
0.292364
0.304221
0.31507
0.325117
0.334452
0.342827
0.350088
0.356152
0.361015
0.364721
0.367277
0.368687
0.368972
0.368161
0.366294
0.363415
0.359572
0.354813
0.349192
0.34276
0.335569
0.327673
0.319123
0.309972
0.300267
0.290062
0.279402
0.268336
0.25691
0.245171
0.233163
0.220935
0.208532
0.196007
0.183414
0.170815
0.158278
0.14589
0.133757
0.122012
0.110832
0.100453
0.0911958
0.0835058
0.078016
0.0758308
0.682801
0.678297
0.664854
0.642814
0.613139
0.577646
0.539104
0.50136
0.470207
0.452555
0.458987
0.493555
0.522715
0.499732
0.435666
0.3711
0.323199
0.288254
0.260773
0.237715
0.218201
0.202982
0.191086
0.183665
0.179662
0.178942
0.181094
0.18529
0.191762
0.198988
0.208551
0.218776
0.229073
0.24118
0.253055
0.264277
0.276109
0.287894
0.2987
0.308484
0.317534
0.325708
0.332821
0.338765
0.343502
0.347069
0.349499
0.35081
0.351026
0.350176
0.348296
0.345428
0.341618
0.336912
0.33136
0.325012
0.317918
0.31013
0.301698
0.292669
0.283095
0.273022
0.262498
0.251568
0.240279
0.228676
0.216806
0.204715
0.192452
0.180071
0.16763
0.155197
0.142852
0.130692
0.118849
0.10749
0.0968487
0.0872514
0.079163
0.0732889
0.0709115
0.61744
0.613568
0.602016
0.582963
0.557404
0.52735
0.495828
0.4673
0.447597
0.445687
0.468961
0.500114
0.496786
0.451156
0.39579
0.353706
0.323937
0.30039
0.279651
0.26026
0.243133
0.226945
0.213205
0.20194
0.193651
0.188471
0.185642
0.1863
0.188121
0.192833
0.198489
0.205901
0.215025
0.224
0.234212
0.245453
0.256138
0.266673
0.277277
0.287397
0.296535
0.304812
0.312234
0.31871
0.324153
0.328483
0.331696
0.33382
0.334875
0.334882
0.333869
0.331866
0.328913
0.32505
0.320321
0.314773
0.308452
0.301405
0.293681
0.285329
0.276394
0.266924
0.256965
0.246563
0.235761
0.224608
0.213146
0.201423
0.189486
0.177387
0.16518
0.152931
0.140714
0.128622
0.116771
0.105324
0.0945057
0.0846378
0.0762078
0.0699811
0.0674315
0.549016
0.546051
0.537248
0.522342
0.502059
0.478707
0.455697
0.438031
0.433217
0.448702
0.476362
0.484257
0.456898
0.415205
0.381602
0.35849
0.340537
0.323945
0.306945
0.290834
0.274226
0.258074
0.242905
0.228964
0.217659
0.208165
0.201977
0.197633
0.196532
0.196974
0.199582
0.203914
0.209783
0.216872
0.224646
0.233395
0.242755
0.251958
0.261155
0.27032
0.279147
0.287213
0.294532
0.301076
0.306768
0.311539
0.315313
0.318054
0.319771
0.320481
0.320198
0.318946
0.316753
0.313653
0.309682
0.304882
0.299293
0.29296
0.285927
0.278239
0.269943
0.261083
0.251704
0.24185
0.231567
0.220897
0.209887
0.19858
0.187025
0.175268
0.163365
0.151375
0.139367
0.127427
0.115665
0.104227
0.0933248
0.0832731
0.0745625
0.0680088
0.0652782
0.484751
0.482611
0.476197
0.465245
0.450648
0.434944
0.422197
0.418742
0.430851
0.453791
Process [3]
0.46577
0.452946
0.426967
0.404692
0.389644
0.378197
0.366682
0.353399
0.339823
0.324872
0.308907
0.293067
0.276696
0.261545
0.247181
0.234995
0.224605
0.216842
0.21128
0.208372
0.207232
0.208069
0.210694
0.214897
0.220141
0.226241
0.233428
0.241157
0.24889
0.256734
0.264603
0.272242
0.279258
0.285637
0.29132
0.29623
0.300304
0.303476
0.305701
0.306971
0.307296
0.306686
0.305159
0.302741
0.299461
0.295352
0.290451
0.284797
0.27843
0.271393
0.263728
0.255479
0.246688
0.237398
0.227653
0.217497
0.206972
0.196124
0.184997
0.173639
0.162101
0.150439
0.138719
0.127018
0.115434
0.104104
0.0932191
0.0830745
0.0741601
0.0673252
0.0644208
0.427756
0.426409
0.422324
0.415505
0.407285
0.401076
0.401881
0.413581
0.432305
0.444936
0.442806
0.431865
0.42217
0.416258
0.411743
0.405793
0.396907
0.386711
0.374626
0.360417
0.345492
0.329077
0.312482
0.2956
0.279479
0.264338
0.250956
0.239454
0.230213
0.223337
0.218706
0.215971
0.21518
0.216266
0.218901
0.222592
0.227308
0.233175
0.239516
0.246024
0.252704
0.259463
0.266032
0.272095
0.277604
0.282484
0.286655
0.290057
0.292634
0.294338
0.295155
0.295085
0.294136
0.292322
0.289665
0.286192
0.281933
0.276921
0.271193
0.264786
0.257741
0.250097
0.241897
0.233181
0.223991
0.21437
0.204359
0.194004
0.183347
0.172437
0.16132
0.150051
0.138691
0.127311
0.116
0.104878
0.0941166
0.0839888
0.074953
0.0678963
0.0648529
0.38081
0.380412
0.379351
0.37802
0.378203
0.383687
0.395783
0.41171
0.424846
0.431001
0.432892
0.43508
0.438181
0.440484
0.440003
0.435832
0.429631
0.42094
0.409396
0.396261
0.381075
0.364746
0.347308
0.329482
0.311614
0.294369
0.278219
0.263621
0.250938
0.240412
0.232286
0.226243
0.222233
0.22019
0.220104
0.221488
0.223987
0.227638
0.232413
0.23762
0.24311
0.248805
0.254602
0.260229
0.265438
0.270156
0.274297
0.277785
0.280557
0.282567
0.28377
0.284144
0.283687
0.282403
0.280305
0.277412
0.273748
0.269339
0.264219
0.25842
0.251979
0.244932
0.23732
0.229181
0.220557
0.211488
0.202016
0.192183
0.182033
0.171611
0.160965
0.150148
0.139215
0.128233
0.117284
0.106473
0.0959522
0.0859611
0.0769209
0.0696776
0.0665038
0.348926
0.349821
0.352667
0.357874
0.366097
0.378493
0.393627
0.408636
0.421704
0.43356
0.445199
0.455806
0.464007
0.468534
0.469194
0.467259
0.462079
0.453699
0.443032
0.429891
0.414869
0.398124
0.38019
0.361404
0.342252
0.323245
0.304875
0.287691
0.272088
0.258445
0.247063
0.237999
0.231028
0.226145
0.223276
0.222336
0.222781
0.224409
0.227252
0.231124
0.235421
0.240061
0.244925
0.24988
0.254687
0.259134
0.263136
0.266605
0.269464
0.271655
0.273135
0.273864
0.273819
0.272993
0.271391
0.269023
0.265906
0.262062
0.257517
0.2523
0.246444
0.239982
0.232953
0.225392
0.217339
0.208833
0.199916
0.19063
0.181016
0.17112
0.160989
0.150673
0.140228
0.129717
0.119216
0.108818
0.0986579
0.0889388
0.0800277
0.0727277
0.0694297
0.337624
0.339575
0.345309
0.354489
0.366712
0.382079
0.399651
0.417599
0.43577
0.453507
0.46934
0.482034
0.490971
0.496282
0.498467
0.496876
0.492002
0.484295
0.473711
0.460672
0.445461
0.428461
0.410001
0.390452
0.370256
0.349875
0.32983
0.310625
0.292726
0.276547
0.262392
0.250589
0.240972
0.233511
0.228098
0.224759
0.22321
0.222993
0.224005
0.226235
0.229363
0.232932
0.236867
0.241015
0.24524
0.24933
0.253099
0.256455
0.259313
0.2616
0.263259
0.264249
0.264538
0.264103
0.262935
0.261038
0.258421
0.2551
0.251096
0.246434
0.241142
0.235251
0.228794
0.221807
0.214328
0.206393
0.198044
0.189321
0.180267
0.170927
0.161348
0.151579
0.141676
0.131701
0.121725
0.111838
0.102159
0.0928652
0.0842706
0.0770931
0.0737518
0.344782
0.347055
0.353834
0.364857
0.379907
0.398126
0.41788
0.438708
0.459486
0.478408
0.494304
0.507016
0.516555
0.522531
0.524609
0.5234
0.518949
0.511276
0.500737
0.487652
0.472307
0.454996
0.436065
0.415914
0.394954
0.373631
0.352419
0.331779
0.312185
0.294041
0.2777
0.263497
0.251569
0.241788
0.234144
0.228513
0.224944
0.222988
0.222344
0.222929
0.224687
0.227216
0.2302
0.233546
0.237074
0.240666
0.244126
0.247289
0.250064
0.25237
0.254137
0.255311
0.255855
0.25574
0.254948
0.25347
0.251306
0.248468
0.24497
0.240833
0.236082
0.230743
0.224846
0.218426
0.211516
0.204156
0.196383
0.188237
0.179762
0.171002
0.162004
0.15282
0.143504
0.134119
0.124739
0.11545
0.10637
0.0976575
0.0895866
0.0827384
0.0794918
0.35981
0.362193
0.369888
0.382788
0.399904
0.419125
0.440096
0.461889
0.482545
0.50072
0.516573
0.529739
0.539175
0.54489
0.547322
0.546287
0.54177
0.534099
0.523559
0.510363
0.494802
0.477213
0.457974
0.437466
0.416078
0.394215
0.372299
0.350747
0.329994
0.310435
0.292443
0.276317
0.262384
0.250596
0.240948
0.233343
0.227757
0.224106
0.221918
0.221029
0.22133
0.222719
0.224771
0.227289
0.230123
0.233122
0.23616
0.239064
0.241688
0.243941
0.245748
0.247044
0.24778
0.247921
0.247443
0.246329
0.244573
0.242178
0.239151
0.235509
0.231271
0.226463
0.221112
0.215247
0.208903
0.202114
0.194921
0.18736
0.179476
0.171313
0.16292
0.154349
0.145657
0.136909
0.128182
0.119567
0.111183
0.103196
0.0958626
0.0896938
0.086763
0.377114
0.37959
0.387971
0.401959
0.419506
0.439018
0.460374
0.481948
0.50178
0.519956
0.535968
0.548615
0.557718
0.563605
0.566002
0.564744
0.560125
0.552391
0.541711
0.528354
0.512656
0.494978
0.475673
0.455094
0.433598
0.411553
0.389325
0.367297
0.345854
0.325366
0.306198
0.288657
0.273063
0.259587
0.248188
0.238864
0.231493
0.226126
0.22249
0.220226
0.21922
0.219341
0.220434
0.222124
0.224245
0.226647
0.229187
0.231737
0.23415
0.236291
0.238077
0.239435
0.240308
0.240652
0.240434
0.239633
0.238236
0.23624
0.233648
0.23047
0.22672
0.22242
0.217595
0.212273
0.206484
0.200263
0.193646
0.186674
0.179389
0.171835
0.164062
0.156125
0.148084
0.140006
0.131974
0.124086
0.116472
0.109314
0.102897
0.0977618
0.0954745
0.395156
0.397619
0.406142
0.420233
0.437332
0.456706
0.477895
0.498842
0.51819
0.536092
0.551562
0.563575
0.572512
0.578128
0.58007
0.578505
0.573696
0.565774
0.554966
0.541587
0.525971
0.508443
0.489325
0.468942
0.447623
0.425693
0.403484
0.381335
0.359589
0.33859
0.318672
0.300154
0.283314
0.268449
0.255589
0.244759
0.235885
0.228914
0.223852
0.220319
0.2181
0.217063
0.217076
0.217941
0.219343
0.221132
0.223165
0.225301
0.227422
0.229397
0.231108
0.232474
0.233432
0.233928
0.233923
0.23339
0.232309
0.230671
0.228474
0.225726
0.222435
0.21862
0.2143
0.209503
0.204256
0.198593
0.192549
0.186163
0.179477
0.172537
0.165395
0.158104
0.150728
0.143341
0.136029
0.128898
0.122092
0.115808
0.110357
0.106293
0.104663
0.413377
0.415782
0.424104
0.437764
0.454164
0.472992
0.493466
0.51318
0.531821
0.54903
0.563389
0.574703
0.583021
0.587908
0.589259
0.587361
0.582321
0.5743
0.563547
0.550373
0.535063
0.517907
0.499203
0.479247
0.458339
0.436773
0.414848
0.392865
0.371132
0.349963
0.329665
0.310545
0.29287
0.276927
0.262897
0.250797
0.240632
0.232318
0.225857
0.221136
0.217791
0.215692
0.214683
0.214633
0.215329
0.216494
0.218004
0.219717
0.221498
0.223237
0.224824
0.226151
0.227145
0.227746
0.227909
0.2276
0.226794
0.225476
0.22364
0.221288
0.218426
0.215067
0.21123
0.206938
0.202217
0.197099
0.191617
0.18581
0.17972
0.173394
0.166882
0.160241
0.153537
0.146847
0.140261
0.133895
0.127896
0.122471
0.117927
0.114734
0.113549
Process [4]
0.432112
0.434393
0.442217
0.454941
0.470151
0.487858
0.506843
0.524994
0.542381
0.558108
0.571057
0.581348
0.588702
0.592763
0.593634
0.59147
0.586344
0.578413
0.567935
0.55516
0.540346
0.523752
0.505646
0.486302
0.465993
0.444986
0.42355
0.40196
0.380495
0.359435
0.339061
0.319661
0.301495
0.28482
0.269885
0.256775
0.245521
0.236086
0.228415
0.222517
0.218152
0.215061
0.213127
0.21218
0.212109
0.212662
0.213639
0.21491
0.216341
0.217809
0.21921
0.220451
0.221438
0.222101
0.222389
0.222263
0.221692
0.220658
0.219147
0.217158
0.214695
0.211767
0.208387
0.204579
0.200364
0.195774
0.19084
0.185601
0.180097
0.174376
0.168488
0.162492
0.156455
0.150455
0.144587
0.138967
0.133743
0.129115
0.125357
0.12283
0.121925
0.449958
0.451979
0.459033
0.470312
0.483901
0.499845
0.516679
0.532956
0.548587
0.562542
0.5741
0.583279
0.589713
0.593137
0.593687
0.591412
0.58637
0.578713
0.568669
0.556446
0.542272
0.526379
0.509011
0.49042
0.470854
0.450556
0.429774
0.408755
0.38775
0.367018
0.346816
0.327405
0.309036
0.291949
0.276379
0.262508
0.250381
0.240012
0.231354
0.224376
0.219041
0.215053
0.212254
0.210503
0.209653
0.209563
0.210012
0.210831
0.211893
0.213076
0.214265
0.215367
0.2163
0.216985
0.21736
0.217378
0.217004
0.216216
0.214997
0.213339
0.211243
0.208715
0.205768
0.202419
0.19869
0.194608
0.190205
0.185517
0.180586
0.175456
0.170179
0.164814
0.159429
0.154101
0.148924
0.144013
0.139509
0.135593
0.132491
0.130466
0.129754
0.463346
0.465097
0.471255
0.481045
0.492967
0.507017
0.52181
0.536274
0.550178
0.562559
0.572895
0.581097
0.586785
0.589768
0.590133
0.587883
0.583055
0.575799
0.566296
0.554728
0.541289
0.526193
0.509662
0.491924
0.473203
0.453725
0.433715
0.4134
0.393009
0.372779
0.352944
0.333743
0.315409
0.298171
0.282244
0.267838
0.25506
0.243945
0.234477
0.226621
0.220351
0.215554
0.211964
0.209465
0.207914
0.207157
0.207061
0.20743
0.208112
0.20899
0.209951
0.210894
0.211732
0.212393
0.212814
0.212939
0.212727
0.212149
0.211187
0.209827
0.208067
0.205911
0.203368
0.200452
0.197184
0.193588
0.189695
0.185539
0.18116
0.176603
0.171917
0.167162
0.162403
0.157718
0.153196
0.148946
0.145096
0.141801
0.139241
0.1376
0.137034
0.471482
0.47301
0.478374
0.486895
0.497354
0.509714
0.522744
0.535585
0.547964
0.558998
0.568276
0.575648
0.580739
0.583408
0.583679
0.581544
0.577014
0.570228
0.561327
0.550471
0.537826
0.523586
0.507951
0.49113
0.473324
0.45474
0.435589
0.416077
0.396415
0.376818
0.357502
0.338685
0.320582
0.303409
0.287368
0.272651
0.25943
0.247757
0.237648
0.229086
0.222029
0.216451
0.212164
0.208976
0.206775
0.205415
0.20475
0.204656
0.204957
0.205518
0.206231
0.206995
0.207719
0.208326
0.208751
0.208942
0.208856
0.208454
0.207714
0.20662
0.205166
0.20335
0.201182
0.198671
0.195837
0.192702
0.189294
0.185645
0.181794
0.177784
0.173666
0.169492
0.165328
0.161248
0.157336
0.15369
0.150423
0.147663
0.145548
0.144212
0.143754
0.475468
0.476803
0.481469
0.488894
0.498065
0.508918
0.520413
0.53182
0.542837
0.552701
0.56105
0.567693
0.572296
0.574715
0.574957
0.572977
0.568789
0.562497
0.554228
0.544104
0.53228
0.518921
0.504215
0.488342
0.471492
0.453853
0.435616
0.416977
0.398126
0.379261
0.360579
0.342281
0.324569
0.307636
0.291677
0.276867
0.263386
0.25134
0.240756
0.231638
0.223964
0.217687
0.212758
0.208958
0.206159
0.204242
0.203055
0.202477
0.202386
0.202627
0.203078
0.203643
0.20423
0.204761
0.205167
0.205391
0.20539
0.205127
0.204574
0.203713
0.202531
0.201025
0.1992
0.197066
0.194637
0.191934
0.188982
0.185814
0.182463
0.178972
0.175388
0.171763
0.168158
0.16464
0.161286
0.158184
0.15543
0.153128
0.151384
0.150291
0.149918
0.476229
0.477396
0.48145
0.487922
0.495959
0.505483
0.51562
0.525736
0.535543
0.544368
0.551871
0.557872
0.562045
0.564259
0.564489
0.562683
0.558844
0.553052
0.545408
0.536015
0.525009
0.512534
0.49876
0.483849
0.467972
0.451303
0.434018
0.416293
0.398309
0.380247
0.362287
0.344613
0.32741
0.31086
0.295142
0.280424
0.266862
0.25461
0.243711
0.234184
0.226029
0.219206
0.213673
0.209336
0.206
0.203568
0.201901
0.200875
0.200372
0.200279
0.200464
0.200815
0.201246
0.201676
0.202037
0.20227
0.202326
0.202168
0.201766
0.2011
0.200156
0.198928
0.197414
0.195623
0.193569
0.191267
0.188742
0.186022
0.183139
0.180134
0.17705
0.173935
0.170846
0.167843
0.164995
0.162378
0.160073
0.158162
0.156725
0.155832
0.155528
0.474503
0.475522
0.479039
0.484673
0.491702
0.500048
0.508987
0.517942
0.526652
0.534536
0.541276
0.546682
0.550468
0.552492
0.552713
0.551085
0.547577
0.542268
0.535225
0.526546
0.516337
0.504731
0.491875
0.477918
0.463013
0.447321
0.431001
0.414219
0.397138
0.379925
0.362749
0.345775
0.329177
0.313121
0.297774
0.283292
0.269819
0.257506
0.246442
0.23665
0.228141
0.220901
0.214879
0.210037
0.206236
0.203339
0.201227
0.199787
0.198902
0.198459
0.198358
0.198486
0.198745
0.199054
0.199345
0.199559
0.199645
0.199563
0.199283
0.19878
0.198039
0.197051
0.195815
0.194333
0.192618
0.190684
0.188552
0.186246
0.183797
0.181241
0.178618
0.175972
0.173354
0.170817
0.168423
0.166235
0.164319
0.162739
0.16156
0.160829
0.160582
0.470839
0.471728
0.474776
0.479677
0.485817
0.493118
0.500976
0.508888
0.516606
0.523635
0.529664
0.534522
0.537945
0.539782
0.539997
0.538519
0.535327
0.530465
0.523993
0.515992
0.506547
0.495781
0.483818
0.470794
0.456848
0.442126
0.426772
0.41094
0.394783
0.37845
0.362096
0.345881
0.329959
0.314483
0.299607
0.285479
0.272233
0.259998
0.248901
0.238975
0.230236
0.222691
0.216306
0.211029
0.206806
0.203503
0.200986
0.199161
0.197919
0.197148
0.19675
0.196634
0.196706
0.196876
0.197076
0.197246
0.197334
0.197298
0.197108
0.196736
0.196166
0.195386
0.194392
0.193185
0.191774
0.190171
0.188393
0.186465
0.184411
0.182264
0.180061
0.17784
0.175647
0.173528
0.171535
0.169721
0.168141
0.166845
0.165881
0.165286
0.165084
0.46567
0.466445
0.46908
0.473335
0.478691
0.48506
0.491959
0.498927
0.505742
0.511984
0.51736
0.521699
0.524774
0.526434
0.526621
0.525277
0.522366
0.517915
0.511977
0.504609
0.495892
0.485926
0.474821
0.462701
0.449691
0.435918
0.421522
0.406637
0.391408
0.375971
0.360469
0.345051
0.329855
0.315023
0.300698
0.287018
0.274107
0.262081
0.25106
0.24112
0.23227
0.224526
0.217875
0.212277
0.207672
0.204012
0.201138
0.19896
0.197381
0.196301
0.195623
0.195253
0.195113
0.195126
0.195213
0.195315
0.195378
0.19536
0.195228
0.194955
0.194522
0.193915
0.193127
0.192159
0.191016
0.189707
0.188247
0.186656
0.184957
0.183178
0.18135
0.17951
0.177694
0.175944
0.174303
0.172814
0.171522
0.170467
0.169684
0.169202
0.169039
0.459328
0.460002
0.462277
0.465968
0.470622
0.476165
0.482198
0.488315
0.494313
0.499834
0.504599
0.508456
0.511199
0.512672
0.512821
0.511588
0.508922
0.504847
0.499398
0.492621
0.484589
0.475378
0.465093
0.453842
0.441733
0.428888
0.41543
0.401483
0.387176
0.372641
0.358007
0.343406
0.328973
0.314834
0.301121
0.28796
0.275469
0.263755
0.252919
0.243064
0.234209
0.226368
0.219545
0.213713
0.208819
0.204828
0.201643
0.199149
0.197259
0.195884
0.194934
0.194322
0.193967
0.193796
0.193745
0.193753
0.193765
0.193737
0.193632
0.193425
0.193094
0.192624
0.192007
0.19124
0.190325
0.189271
0.188089
0.186795
0.185409
0.183954
0.182459
0.180953
0.179469
0.178041
0.176704
0.175495
0.174447
0.173595
0.172964
0.172576
0.172446
0.452062
0.452644
0.454608
0.457794
0.461836
0.466644
0.471907
0.477256
0.482507
0.487367
Process [5]
0.491571
0.494971
0.497391
0.498684
0.498783
0.49763
0.495187
0.491449
0.486444
0.480218
0.472823
0.464325
0.45482
0.444397
0.433156
0.421209
0.408663
0.395634
0.382242
0.368604
0.354841
0.341075
0.327426
0.314013
0.300958
0.288373
0.276368
0.265046
0.254494
0.244807
0.23604
0.228194
0.221284
0.215299
0.210197
0.205943
0.202469
0.199698
0.197526
0.195874
0.194661
0.193807
0.193236
0.192879
0.192671
0.192556
0.192486
0.192416
0.192308
0.192133
0.19187
0.191501
0.191016
0.190411
0.189686
0.188846
0.1879
0.18686
0.185743
0.18457
0.183362
0.182145
0.180947
0.179795
0.178719
0.177747
0.176907
0.176224
0.17572
0.17541
0.175306
0.444066
0.444571
0.446257
0.449006
0.4525
0.456658
0.461229
0.465888
0.470469
0.474722
0.478403
0.481379
0.483497
0.484608
0.484646
0.483561
0.481308
0.477871
0.473278
0.467559
0.460756
0.452931
0.444162
0.434527
0.42412
0.413038
0.401377
0.389246
0.376752
0.364002
0.351108
0.33818
0.32533
0.312667
0.3003
0.288333
0.276869
0.265999
0.255807
0.246369
0.237761
0.229996
0.223079
0.217014
0.21177
0.207327
0.203611
0.200579
0.198156
0.196248
0.194783
0.193691
0.192901
0.192348
0.191972
0.191719
0.19154
0.191395
0.191248
0.19107
0.190837
0.190532
0.190141
0.189658
0.189082
0.188414
0.18766
0.186832
0.185941
0.185004
0.184038
0.183066
0.182109
0.18119
0.180332
0.179559
0.178891
0.17835
0.17795
0.177705
0.177623
0.435481
0.435918
0.437362
0.439725
0.44274
0.446326
0.45028
0.45432
0.458294
0.461995
0.465202
0.467786
0.469614
0.470551
0.470528
0.469494
0.467406
0.464246
0.460029
0.454777
0.448529
0.441338
0.433262
0.424379
0.414771
0.40452
0.393717
0.38246
0.370845
0.358969
0.346936
0.334847
0.322802
0.310901
0.299245
0.287928
0.277043
0.266673
0.256898
0.247782
0.239395
0.231779
0.224927
0.218848
0.213525
0.208948
0.205053
0.201796
0.199131
0.196987
0.195285
0.193959
0.192948
0.192191
0.191633
0.191223
0.190915
0.19067
0.190452
0.190234
0.189993
0.189709
0.18937
0.188968
0.188498
0.187958
0.187355
0.186693
0.185983
0.185237
0.18447
0.183698
0.182939
0.182211
0.181532
0.180921
0.180395
0.179969
0.179654
0.179462
0.179397
0.426416
0.426793
0.428028
0.430053
0.432645
0.435724
0.439131
0.442623
0.446055
0.449258
0.452032
0.454257
0.455818
0.456595
0.456509
0.455516
0.45358
0.450674
0.446802
0.441987
0.436262
0.429665
0.422249
0.414085
0.40524
0.395789
0.385816
0.375409
0.364652
0.353636
0.342454
0.331197
0.319958
0.308827
0.297896
0.287249
0.276971
0.26714
0.257824
0.249086
0.240979
0.233561
0.226837
0.220804
0.215457
0.210796
0.206768
0.203337
0.200458
0.198082
0.196153
0.1946
0.193366
0.192397
0.191642
0.191057
0.190596
0.190224
0.189907
0.189616
0.18933
0.18903
0.188702
0.188336
0.187926
0.18747
0.18697
0.186429
0.185854
0.185254
0.18464
0.184025
0.183422
0.182846
0.18231
0.181828
0.181413
0.181078
0.180831
0.18068
0.180629
0.416946
0.417269
0.418322
0.420053
0.422277
0.424915
0.42784
0.430845
0.433796
0.436552
0.438941
0.440846
0.442165
0.442793
0.442653
0.441703
0.439906
0.437235
0.43369
0.429289
0.424054
0.41802
0.411237
0.403758
0.395646
0.386968
0.3778
0.368218
0.358298
0.348124
0.337781
0.32735
0.316914
0.306555
0.296356
0.286393
0.276743
0.267475
0.258652
0.25033
0.242558
0.235378
0.22883
0.222896
0.217574
0.212875
0.208753
0.205184
0.202129
0.199544
0.197385
0.195605
0.194147
0.192959
0.191996
0.191215
0.190579
0.190051
0.189602
0.189205
0.188838
0.188482
0.188123
0.18775
0.187357
0.18694
0.186497
0.18603
0.185544
0.185044
0.184539
0.184037
0.183549
0.183085
0.182655
0.18227
0.181941
0.181674
0.181479
0.181359
0.181319
0.407121
0.407398
0.408297
0.409772
0.411675
0.41393
0.416434
0.419014
0.421546
0.423909
0.425958
0.42758
0.428686
0.429188
0.429008
0.428104
0.426441
0.423998
0.420768
0.41676
0.411994
0.406501
0.400324
0.393504
0.386099
0.37817
0.369783
0.361005
0.351904
0.342557
0.333039
0.323424
0.313784
0.304196
0.294731
0.285461
0.276451
0.267764
0.259457
0.251581
0.244177
0.237284
0.230936
0.225147
0.219893
0.215194
0.211015
0.207337
0.204133
0.201366
0.198997
0.196985
0.195293
0.193876
0.192691
0.191697
0.190861
0.19015
0.189538
0.188998
0.188511
0.188058
0.187626
0.187203
0.186781
0.186355
0.185923
0.185484
0.185041
0.184596
0.184154
0.183723
0.183308
0.182919
0.182561
0.182243
0.181972
0.181754
0.181594
0.181497
0.181464
0.396973
0.397212
0.397976
0.399234
0.400862
0.402789
0.404931
0.407144
0.409314
0.411338
0.413094
0.414476
0.415406
0.415806
0.415603
0.414757
0.413236
0.41102
0.408095
0.404469
0.40016
0.395193
0.3896
0.38342
0.376703
0.369503
0.361877
0.353883
0.345585
0.33705
0.328345
0.319534
0.310683
0.301861
0.29313
0.284554
0.27619
0.268097
0.260321
0.252909
0.245901
0.239326
0.233211
0.227589
0.22244
0.217775
0.213567
0.209808
0.206477
0.203544
0.20098
0.19875
0.19682
0.195158
0.19373
0.192503
0.191443
0.190522
0.189713
0.188996
0.18835
0.187759
0.18721
0.186691
0.186194
0.185713
0.185244
0.184785
0.184337
0.1839
0.183478
0.183074
0.182694
0.182342
0.182022
0.181741
0.181504
0.181314
0.181176
0.181092
0.181064
0.386519
0.386724
0.387377
0.38845
0.389846
0.391496
0.393332
0.395235
0.397101
0.398841
0.400354
0.401542
0.402333
0.402661
0.402462
0.401694
0.400328
0.398341
0.395725
0.39248
0.388623
0.38417
0.379149
0.373596
0.367554
0.361068
0.354187
0.346963
0.339454
0.331717
0.323812
0.315795
0.307725
0.299662
0.291661
0.283778
0.276063
0.268566
0.26133
0.254396
0.247797
0.241562
0.235712
0.230269
0.225249
0.220645
0.216434
0.212615
0.209174
0.20609
0.20334
0.200897
0.198734
0.196823
0.195137
0.19365
0.192336
0.191172
0.190135
0.189203
0.188358
0.187587
0.186876
0.186215
0.185595
0.18501
0.184456
0.183929
0.183428
0.182953
0.182506
0.182088
0.181701
0.181349
0.181035
0.180762
0.180534
0.180353
0.180222
0.180142
0.180116
0.37576
0.375937
0.376497
0.377418
0.378621
0.380044
0.381628
0.383277
0.384897
0.38641
0.387731
0.388773
0.38947
0.389765
0.389601
0.388936
0.387743
0.386003
0.383706
0.38085
0.377443
0.373502
0.369051
0.36412
0.358745
0.352963
0.346815
0.340351
0.33362
0.326672
0.319556
0.312323
0.305025
0.297712
0.290435
0.283239
0.27617
0.26927
0.262577
0.256125
0.249943
0.244059
0.238491
0.23325
0.228365
0.22384
0.219645
0.215783
0.212246
0.209021
0.206091
0.203436
0.201037
0.198871
0.196918
0.195156
0.193565
0.192126
0.19082
0.189632
0.188547
0.187551
0.186632
0.185781
0.18499
0.184251
0.183562
0.182917
0.182315
0.181755
0.181236
0.18076
0.180326
0.179938
0.179596
0.179302
0.179058
0.178866
0.178729
0.178645
0.178618
0.364684
0.364838
0.365325
0.366126
0.367175
0.368419
0.369805
0.371256
0.372687
0.37403
0.375214
0.376162
0.376815
0.37712
0.377028
0.376501
0.375512
0.374043
0.372082
0.369627
0.366681
0.363261
0.359385
0.355077
0.350366
0.345283
0.339866
0.334157
0.328196
0.322027
0.315692
0.309233
0.302697
0.296126
0.289563
0.283047
0.276617
0.270309
0.264155
0.258184
0.252422
0.246892
0.241613
0.236588
0.231852
0.227404
0.223237
0.219344
0.215721
0.212362
0.209255
0.206388
0.203747
0.201317
0.199082
0.197027
0.195137
0.193396
0.191792
0.190311
0.188942
0.187674
0.186498
0.185405
0.18439
0.183446
0.182569
0.181755
0.181001
0.180307
0.17967
0.179091
0.178569
0.178106
0.177702
0.177357
0.177074
0.176852
0.176694
0.176598
0.176566
Process [6]
0.353274
0.353412
0.353844
0.354552
0.355486
0.356596
0.357837
0.359145
0.360447
0.361682
0.362788
0.3637
0.364363
0.364728
0.364755
0.364408
0.36366
0.362493
0.360896
0.358865
0.356402
0.353519
0.350229
0.346552
0.342509
0.338129
0.333445
0.328488
0.323294
0.317899
0.312336
0.306643
0.30086
0.29502
0.289161
0.283314
0.277513
0.271787
0.266163
0.260667
0.255319
0.25014
0.245151
0.240344
0.235767
0.2314
0.227255
0.223336
0.219634
0.216143
0.21286
0.209778
0.206889
0.204183
0.201651
0.199283
0.197068
0.194997
0.193061
0.19125
0.189557
0.187973
0.186492
0.185109
0.183818
0.182614
0.181495
0.180457
0.179498
0.178617
0.177812
0.177084
0.17643
0.175852
0.17535
0.174925
0.174575
0.174303
0.174108
0.173991
0.173952
0.341497
0.341626
0.342019
0.342665
0.343522
0.344546
0.345697
0.346922
0.348157
0.349348
0.35044
0.351377
0.352109
0.352594
0.352793
0.352676
0.352214
0.351391
0.350196
0.348623
0.346673
0.344351
0.341667
0.338634
0.335273
0.331607
0.32766
0.323459
0.319031
0.314405
0.309608
0.304674
0.299633
0.294514
0.289344
0.284154
0.278967
0.273809
0.268703
0.263669
0.258726
0.253889
0.24918
0.244589
0.240168
0.235888
0.231764
0.227807
0.224021
0.2204
0.216938
0.213636
0.210489
0.207496
0.20465
0.201948
0.199384
0.196953
0.194651
0.192472
0.190412
0.188467
0.186634
0.184908
0.183288
0.18177
0.180354
0.179037
0.177818
0.176696
0.175671
0.174743
0.173912
0.173177
0.172539
0.171999
0.171556
0.171211
0.170964
0.170816
0.170767
0.329328
0.32945
0.329824
0.330437
0.331256
0.332242
0.333358
0.334559
0.335791
0.337005
0.338151
0.339183
0.340053
0.340724
0.34116
0.34133
0.341211
0.340785
0.34004
0.338968
0.337567
0.335837
0.333786
0.331424
0.328766
0.325828
0.322629
0.319189
0.315529
0.311669
0.307635
0.303451
0.299141
0.294728
0.290234
0.285682
0.281092
0.276485
0.271877
0.267289
0.262734
0.258226
0.253779
0.249399
0.245121
0.240923
0.23682
0.232823
0.228938
0.225172
0.221525
0.217994
0.214581
0.211286
0.20811
0.205053
0.202114
0.199294
0.196592
0.194007
0.191538
0.189187
0.186951
0.184831
0.182827
0.180939
0.179168
0.177514
0.175977
0.174559
0.173259
0.17208
0.171022
0.170085
0.169271
0.16858
0.168014
0.167573
0.167257
0.167068
0.167005
0.316714
0.316836
0.31721
0.317818
0.31864
0.319638
0.320779
0.322023
0.323324
0.324636
0.325916
0.32712
0.328206
0.329137
0.329881
0.330411
0.330701
0.330734
0.330495
0.329976
0.329168
0.328073
0.326693
0.325033
0.323103
0.320914
0.318477
0.315807
0.312915
0.309823
0.306546
0.303103
0.299512
0.295789
0.291952
0.288018
0.284004
0.279924
0.275794
0.271628
0.267439
0.263244
0.259035
0.254853
0.250701
0.246571
0.242478
0.238435
0.234448
0.230523
0.22667
0.222894
0.2192
0.215588
0.212064
0.20863
0.205292
0.202053
0.198918
0.195889
0.19297
0.190166
0.187479
0.184912
0.182469
0.180153
0.177968
0.175917
0.174002
0.172227
0.170595
0.169108
0.16777
0.166583
0.165549
0.16467
0.163948
0.163385
0.162983
0.16274
0.162659
0.303606
0.303738
0.304128
0.304771
0.30564
0.306706
0.307938
0.309298
0.310745
0.312238
0.313735
0.315197
0.316584
0.317862
0.319
0.319969
0.320746
0.32131
0.321645
0.321739
0.321583
0.321173
0.320508
0.319588
0.318416
0.316998
0.315339
0.313447
0.311331
0.309005
0.30648
0.303766
0.300878
0.297827
0.294625
0.291285
0.287821
0.28424
0.280561
0.276791
0.272938
0.26903
0.265037
0.261031
0.256984
0.252902
0.248803
0.244698
0.240596
0.236506
0.232437
0.228398
0.224397
0.220446
0.21655
0.212717
0.208954
0.205268
0.201666
0.198157
0.194747
0.191445
0.188257
0.185191
0.182253
0.179451
0.17679
0.174279
0.171923
0.169728
0.167702
0.165848
0.164172
0.162681
0.161379
0.160269
0.159356
0.158642
0.15813
0.157823
0.15772
0.289965
0.290109
0.290542
0.291251
0.292217
0.293411
0.294803
0.296359
0.298039
0.299805
0.301617
0.303436
0.305225
0.30695
0.308578
0.310081
0.311433
0.312612
0.313598
0.314378
0.314939
0.315272
0.315371
0.315232
0.314852
0.314229
0.313363
0.312261
0.310926
0.309364
0.307581
0.305583
0.303379
0.300976
0.298384
0.295608
0.292662
0.289551
0.286287
0.28288
0.279338
0.275674
0.27188
0.268017
0.264048
0.259991
0.255863
0.251675
0.247439
0.243166
0.238866
0.234551
0.230233
0.225922
0.22163
0.217369
0.213149
0.208983
0.204882
0.200855
0.196914
0.193069
0.189333
0.185714
0.182226
0.178877
0.17568
0.172644
0.169781
0.1671
0.164611
0.162324
0.16025
0.158396
0.156771
0.155382
0.154236
0.153339
0.152694
0.152306
0.152176
0.275714
0.275879
0.276378
0.277196
0.278315
0.279709
0.281345
0.28319
0.285206
0.287355
0.289595
0.291888
0.294195
0.29648
0.298709
0.300851
0.302879
0.304767
0.306494
0.30804
0.30939
0.310529
0.311446
0.31213
0.312572
0.312769
0.312716
0.312413
0.31186
0.311055
0.310001
0.308701
0.307158
0.305375
0.30336
0.301115
0.298651
0.295972
0.293087
0.290001
0.286742
0.283271
0.279655
0.275896
0.271975
0.267914
0.26373
0.259434
0.25504
0.250561
0.246009
0.241398
0.236742
0.232054
0.227348
0.222639
0.217939
0.213265
0.208629
0.204047
0.199532
0.1951
0.190765
0.186542
0.182445
0.17849
0.174691
0.171064
0.167624
0.164385
0.161364
0.158574
0.156031
0.153748
0.151738
0.150015
0.148588
0.147468
0.146662
0.146177
0.146014
0.26079
0.260991
0.261585
0.262564
0.263906
0.265584
0.267565
0.269812
0.272285
0.274941
0.277739
0.280636
0.283591
0.286564
0.28952
0.292422
0.29524
0.297944
0.300508
0.302908
0.305122
0.30713
0.308916
0.310463
0.311763
0.312804
0.313578
0.31408
0.314303
0.314244
0.313902
0.313274
0.312361
0.311167
0.30969
0.307937
0.305912
0.303621
0.301075
0.29827
0.295237
0.291931
0.288454
0.284757
0.280849
0.27675
0.272477
0.268044
0.263464
0.258753
0.253924
0.248993
0.243975
0.238887
0.233744
0.228562
0.223359
0.218149
0.212952
0.207782
0.20266
0.1976
0.192622
0.187744
0.182984
0.178362
0.173897
0.169609
0.165518
0.161645
0.158012
0.15464
0.15155
0.148763
0.146298
0.144175
0.142412
0.141023
0.140022
0.139417
0.139215
0.245147
0.245391
0.246121
0.247321
0.248969
0.251032
0.253475
0.256253
0.259323
0.262635
0.266143
0.269798
0.273553
0.277364
0.281188
0.284986
0.288719
0.292352
0.295855
0.299195
0.302347
0.305287
0.307993
0.310447
0.312634
0.314537
0.316146
0.317449
0.318438
0.319107
0.319448
0.319461
0.319144
0.318495
0.317513
0.316205
0.314574
0.312626
0.310351
0.307808
0.304917
0.301764
0.298366
0.294688
0.290752
0.286577
0.282179
0.277574
0.272777
0.267803
0.262668
0.25739
0.251986
0.246472
0.240867
0.235188
0.229454
0.223685
0.217895
0.21211
0.206344
0.200619
0.194958
0.189378
0.183904
0.178559
0.173366
0.168349
0.163535
0.15895
0.154624
0.150584
0.14686
0.143483
0.14048
0.137883
0.135715
0.134002
0.132763
0.132013
0.131762
0.228689
0.228995
0.229906
0.231407
0.233466
0.236045
0.239098
0.242572
0.246413
0.250562
0.254961
0.259555
0.264286
0.269102
0.273952
0.278788
0.283566
0.288244
0.292784
0.297152
0.301316
0.305249
0.308923
0.312317
0.315411
0.318185
0.320626
0.322719
0.324454
0.325822
0.326814
0.32743
0.327661
0.327508
0.326972
0.326059
0.324763
0.323092
0.321073
0.318686
0.31591
0.312865
0.309486
0.305781
0.301771
0.297476
0.292913
0.288097
0.283045
0.277775
0.272303
0.266647
0.260829
0.254862
0.248768
0.242567
0.236277
0.22992
0.223515
0.217081
0.210642
0.204221
0.197836
0.191514
0.18528
0.179159
0.173179
0.167368
0.161759
0.156384
0.151279
0.146482
0.14203
0.137966
0.134331
0.131167
0.128514
0.126407
0.124878
0.12395
0.123639
0.21133
0.21172
0.21288
0.214786
0.217397
0.22066
0.224515
0.228892
0.233718
0.238921
Process [7]
0.244427
0.250164
0.256066
0.262068
0.268108
0.274131
0.280085
0.285922
0.2916
0.297078
0.302321
0.307295
0.311973
0.316328
0.320337
0.323979
0.327238
0.330099
0.332548
0.334577
0.336178
0.337343
0.338069
0.338359
0.338216
0.337622
0.336609
0.335163
0.333331
0.331007
0.328348
0.325324
0.321909
0.318125
0.313992
0.309529
0.304754
0.299685
0.294338
0.288734
0.282888
0.276825
0.270556
0.26411
0.2575
0.250749
0.243879
0.236908
0.229859
0.222754
0.215614
0.208464
0.201326
0.194227
0.187191
0.180247
0.173427
0.166763
0.160291
0.154048
0.148079
0.142429
0.137148
0.132291
0.127915
0.124078
0.120839
0.118252
0.116365
0.115217
0.114832
0.193013
0.193516
0.195016
0.197471
0.200822
0.204993
0.209894
0.21543
0.221501
0.228011
0.234865
0.241974
0.249254
0.25663
0.264028
0.271386
0.278643
0.285747
0.292648
0.299304
0.305675
0.311726
0.317426
0.322747
0.327664
0.332157
0.336207
0.339799
0.34292
0.345561
0.347713
0.349372
0.350529
0.351207
0.351369
0.351051
0.350232
0.348989
0.347181
0.344942
0.342319
0.339242
0.335732
0.331812
0.327499
0.322814
0.31778
0.312408
0.306724
0.300742
0.294487
0.287973
0.281229
0.274267
0.26711
0.259786
0.252308
0.244698
0.236983
0.229184
0.221319
0.213415
0.205496
0.197588
0.189718
0.181916
0.174212
0.166641
0.159244
0.152062
0.145145
0.138548
0.132331
0.126564
0.121322
0.116684
0.112735
0.109557
0.107225
0.105799
0.105319
0.173667
0.17433
0.176295
0.179502
0.183851
0.189223
0.195484
0.202496
0.210123
0.218231
0.226704
0.235428
0.244303
0.25324
0.262158
0.270984
0.279655
0.288111
0.296302
0.304183
0.311712
0.318853
0.325575
0.331849
0.337652
0.342961
0.347761
0.352035
0.355772
0.358964
0.361608
0.363685
0.365205
0.3662
0.366585
0.366461
0.365838
0.364577
0.362803
0.360617
0.357919
0.35472
0.351051
0.346931
0.342378
0.337417
0.332064
0.326338
0.320269
0.313863
0.307154
0.300156
0.292891
0.285385
0.277656
0.269721
0.26161
0.253343
0.244941
0.236423
0.227812
0.219134
0.210414
0.201676
0.192947
0.184256
0.175635
0.167118
0.158745
0.150563
0.142624
0.134989
0.127729
0.120927
0.114677
0.109088
0.104275
0.100362
0.0974644
0.0956808
0.0950782
0.153192
0.154081
0.156709
0.160962
0.166675
0.17365
0.181678
0.190558
0.200099
0.210131
0.220503
0.231085
0.241758
0.252426
0.262998
0.273401
0.283565
0.293433
0.302953
0.312079
0.32077
0.328994
0.336716
0.343911
0.350558
0.356636
0.362125
0.367021
0.371311
0.374967
0.378045
0.380434
0.382313
0.383405
0.384069
0.384073
0.383365
0.382115
0.380395
0.378104
0.37525
0.37186
0.367963
0.363571
0.358719
0.353409
0.347681
0.341554
0.335035
0.328158
0.320952
0.313427
0.305603
0.297513
0.289176
0.280613
0.27184
0.262885
0.253771
0.244518
0.235148
0.225685
0.21615
0.206569
0.196965
0.187366
0.177804
0.168313
0.158931
0.149704
0.140683
0.131933
0.12353
0.115568
0.108161
0.101445
0.0955796
0.0907412
0.087112
0.0848561
0.0840907
0.131499
0.132725
0.136326
0.142079
0.149681
0.158795
0.169097
0.180294
0.192136
0.204413
0.216949
0.229596
0.242235
0.25476
0.26708
0.279127
0.290827
0.302133
0.312986
0.323351
0.333183
0.342456
0.351136
0.359204
0.366635
0.373414
0.379531
0.384964
0.389734
0.393766
0.397214
0.399821
0.401833
0.403274
0.403892
0.403735
0.403098
0.401861
0.400005
0.397509
0.394416
0.390771
0.386562
0.381823
0.376594
0.370885
0.364707
0.358102
0.351093
0.343701
0.335939
0.327831
0.31941
0.310699
0.301719
0.292493
0.283041
0.273378
0.263532
0.253526
0.24338
0.233117
0.222758
0.212325
0.201842
0.191333
0.180827
0.170354
0.159948
0.149651
0.139512
0.129592
0.119968
0.110736
0.102022
0.0939882
0.0868386
0.0808234
0.076224
0.073321
0.072326
0.108507
0.11027
0.115369
0.123333
0.133568
0.145502
0.158648
0.17262
0.187118
0.201908
0.216807
0.231666
0.246366
0.260814
0.274932
0.288639
0.301876
0.314606
0.326776
0.338332
0.349264
0.359543
0.369112
0.377978
0.386142
0.393533
0.400169
0.406109
0.411246
0.415531
0.419188
0.422129
0.424278
0.425436
0.425969
0.425991
0.425289
0.423833
0.421708
0.418946
0.415561
0.411542
0.406932
0.401774
0.39609
0.389904
0.383227
0.376079
0.3685
0.360517
0.352152
0.343429
0.334372
0.325005
0.315348
0.305419
0.295245
0.284851
0.274258
0.263486
0.252556
0.241488
0.230303
0.219021
0.207663
0.196251
0.184808
0.173361
0.161939
0.150576
0.139314
0.128206
0.117319
0.106743
0.0966018
0.087067
0.0783777
0.0708623
0.0649461
0.0611126
0.0597785
0.0841745
0.0868602
0.0944138
0.105693
0.119535
0.135032
0.151552
0.168659
0.186049
0.203501
0.220851
0.23797
0.254758
0.271126
0.287008
0.302359
0.317116
0.331226
0.344647
0.357342
0.369296
0.380508
0.390929
0.400528
0.409278
0.417169
0.424289
0.430594
0.436052
0.440656
0.444375
0.44705
0.449114
0.450477
0.45105
0.45085
0.449894
0.448188
0.445711
0.442536
0.438706
0.434243
0.429172
0.423519
0.417306
0.410562
0.403303
0.395545
0.387335
0.378701
0.36967
0.360265
0.350512
0.340436
0.330058
0.319403
0.308493
0.29735
0.285994
0.274447
0.262727
0.250855
0.238848
0.226726
0.214508
0.202211
0.189856
0.177463
0.165055
0.152659
0.140306
0.128034
0.115897
0.103964
0.0923376
0.0811708
0.0707007
0.0613026
0.0535627
0.0483083
0.0464205
0.0585153
0.0630378
0.0748689
0.0910243
0.109467
0.12908
0.149246
0.169599
0.189904
0.209997
0.229755
0.249081
0.267896
0.286131
0.303726
0.32063
0.336821
0.352254
0.366884
0.38068
0.393617
0.405667
0.416814
0.427044
0.436341
0.444692
0.45207
0.458462
0.464038
0.468745
0.472543
0.475442
0.477455
0.478601
0.478898
0.478368
0.477032
0.474915
0.47204
0.468436
0.464128
0.459142
0.453478
0.44719
0.440322
0.432902
0.42496
0.416523
0.407619
0.398278
0.388525
0.378388
0.367894
0.357066
0.345931
0.334512
0.322831
0.31091
0.298771
0.286434
0.273918
0.261241
0.24842
0.235473
0.222416
0.209266
0.196037
0.182746
0.169409
0.156045
0.142674
0.129321
0.116018
0.102808
0.0897567
0.0769651
0.0646085
0.0530091
0.0428004
0.0352406
0.0323161
0.0321545
0.0411299
0.0602553
0.0825089
0.105811
0.129423
0.153004
0.17636
0.199358
0.221898
0.243904
0.265311
0.28605
0.306065
0.325305
0.343725
0.361284
0.377946
0.393679
0.408459
0.422261
0.435068
0.446866
0.457644
0.467397
0.476122
0.483821
0.490498
0.496159
0.500818
0.504488
0.507187
0.508934
0.509751
0.50966
0.508689
0.506864
0.504212
0.500766
0.496553
0.491606
0.485957
0.479637
0.472679
0.465116
0.45698
0.448303
0.439115
0.42945
0.419335
0.408802
0.397878
0.386591
0.374969
0.363036
0.350818
0.338337
0.325617
0.312678
0.299541
0.286224
0.272746
0.259122
0.24537
0.231503
0.217535
0.20348
0.189351
0.175158
0.160915
0.146633
0.132325
0.118007
0.103696
0.0894196
0.0752182
0.0611651
0.0474112
0.0343276
0.0230581
0.0177353
0.0170683
0.0304586
0.0548475
0.0804876
0.106226
0.131789
0.157039
0.181879
0.206226
0.230008
0.253159
0.275616
0.297322
0.318225
0.338277
0.357435
0.375658
0.392914
0.409172
0.424406
0.438596
0.451726
0.463783
0.47476
0.484654
0.493464
0.501196
0.507856
0.513457
0.518012
0.521539
0.524058
0.525591
0.526163
0.5258
0.524532
0.522387
0.519398
0.515595
0.511012
0.505683
0.499641
0.492921
0.485556
0.477581
0.469029
0.459933
0.450326
0.44024
0.429706
0.418755
0.407415
0.395715
0.383683
0.371343
0.358722
0.345842
0.332726
0.319395
0.305869
0.292167
0.278307
0.264304
0.250174
0.235931
0.221588
0.207157
0.192649
0.178074
0.163442
0.148761
0.13404
0.119287
0.10451
0.0897195
0.0749271
0.0601525
0.0454357
0.0308898
0.0171067
0.00952177
