Vec Object: Vec_0x84000004_9 4 MPI processes
  type: mpi
Process [0]
8.18851e-16
1.36391e-15
2.39296e-15
3.48997e-15
4.59411e-15
5.69048e-15
6.77179e-15
7.83289e-15
8.8695e-15
9.87777e-15
1.08541e-14
1.17952e-14
1.26978e-14
1.3559e-14
1.4376e-14
1.51463e-14
1.58674e-14
1.65373e-14
1.71541e-14
1.77162e-14
1.82223e-14
1.86716e-14
1.90632e-14
1.93968e-14
1.96724e-14
1.98904e-14
2.00513e-14
2.01561e-14
2.02062e-14
2.02031e-14
2.01487e-14
2.00452e-14
1.98948e-14
1.97003e-14
1.94642e-14
1.91896e-14
1.88795e-14
1.85368e-14
1.81647e-14
1.77663e-14
1.73446e-14
1.69027e-14
1.64434e-14
1.59696e-14
1.5484e-14
1.49891e-14
1.44872e-14
1.39805e-14
1.3471e-14
1.29607e-14
1.2451e-14
1.19435e-14
1.14394e-14
1.09398e-14
1.04458e-14
9.95808e-15
9.4773e-15
9.00401e-15
8.53859e-15
8.08131e-15
7.63234e-15
7.19174e-15
6.75946e-15
6.33541e-15
5.91938e-15
5.51109e-15
5.11025e-15
4.71648e-15
4.32937e-15
3.94847e-15
3.57331e-15
3.20341e-15
2.83827e-15
2.47741e-15
2.12041e-15
1.76695e-15
1.41698e-15
1.07115e-15
7.32514e-16
4.18541e-16
2.5388e-16
1.43795e-15
1.80775e-15
2.60892e-15
3.54855e-15
4.5346e-15
5.53341e-15
6.52903e-15
7.51212e-15
8.47618e-15
9.41613e-15
1.03277e-14
1.12071e-14
1.2051e-14
1.28564e-14
1.36205e-14
1.43407e-14
1.50147e-14
1.56405e-14
1.62162e-14
1.67406e-14
1.72125e-14
1.76679e-14
1.80619e-14
1.83726e-14
1.86285e-14
1.88304e-14
1.89785e-14
1.90742e-14
1.91184e-14
1.91128e-14
1.90591e-14
1.89595e-14
1.88162e-14
1.86316e-14
1.84084e-14
1.81491e-14
1.78567e-14
1.75339e-14
1.71838e-14
1.68091e-14
1.64128e-14
1.59977e-14
1.55661e-14
1.51212e-14
1.4665e-14
1.42001e-14
1.37467e-14
1.32944e-14
1.28138e-14
1.23321e-14
1.1851e-14
1.13717e-14
1.08955e-14
1.04235e-14
9.9564e-15
9.49508e-15
9.04014e-15
8.59207e-15
8.15125e-15
7.71794e-15
7.29232e-15
6.87444e-15
6.4643e-15
6.06182e-15
5.66682e-15
5.27911e-15
4.89842e-15
4.52444e-15
4.15685e-15
3.79531e-15
3.43947e-15
3.089e-15
2.74363e-15
2.40319e-15
2.06772e-15
1.73769e-15
1.41442e-15
1.10133e-15
8.07329e-16
5.59596e-16
4.46318e-16
2.50173e-15
2.68167e-15
3.15513e-15
3.80537e-15
4.54967e-15
5.34114e-15
6.15313e-15
6.96941e-15
7.789e-15
8.60448e-15
9.3844e-15
1.01389e-14
1.08644e-14
1.15574e-14
1.2215e-14
1.28346e-14
1.34231e-14
1.40024e-14
1.4503e-14
1.49532e-14
1.5357e-14
1.57138e-14
1.60305e-14
1.6341e-14
1.65643e-14
1.67314e-14
1.68516e-14
1.69262e-14
1.69727e-14
1.70064e-14
1.6954e-14
1.68589e-14
1.67261e-14
1.65577e-14
1.63605e-14
1.61727e-14
1.59222e-14
1.5634e-14
1.53222e-14
1.49896e-14
1.46384e-14
1.4271e-14
1.38899e-14
1.35147e-14
1.31405e-14
1.27295e-14
1.23123e-14
1.18913e-14
1.14679e-14
1.10436e-14
1.06198e-14
1.01974e-14
9.77759e-15
9.3612e-15
8.94895e-15
8.54153e-15
8.13948e-15
7.74321e-15
7.3531e-15
6.96937e-15
6.5922e-15
6.2217e-15
5.85788e-15
5.50071e-15
5.15012e-15
4.806e-15
4.46822e-15
4.13663e-15
3.81109e-15
3.49149e-15
3.17778e-15
2.87002e-15
2.56843e-15
2.27354e-15
1.98641e-15
1.70901e-15
1.44501e-15
1.20138e-15
9.91473e-16
8.40035e-16
7.82758e-16
3.46056e-15
3.56175e-15
3.84707e-15
4.27447e-15
4.79981e-15
5.38771e-15
6.01627e-15
6.67268e-15
7.32763e-15
7.97791e-15
8.61668e-15
9.24251e-15
9.8714e-15
1.04532e-14
1.10008e-14
1.15309e-14
1.20469e-14
1.24952e-14
1.29152e-14
1.33271e-14
1.36619e-14
1.39665e-14
1.42586e-14
1.44688e-14
1.46614e-14
1.48233e-14
1.49091e-14
1.49944e-14
1.50249e-14
1.49975e-14
1.49764e-14
1.48927e-14
1.47633e-14
1.4644e-14
1.44692e-14
1.42528e-14
1.40382e-14
1.38071e-14
1.35253e-14
1.32265e-14
1.2941e-14
1.26349e-14
1.22954e-14
1.19468e-14
1.15911e-14
1.12532e-14
1.09045e-14
1.05345e-14
1.0163e-14
9.79119e-15
9.42022e-15
9.05098e-15
8.68419e-15
8.32727e-15
7.98698e-15
7.63146e-15
7.27936e-15
6.93242e-15
6.59096e-15
6.25519e-15
5.92527e-15
5.60131e-15
5.28336e-15
4.97146e-15
4.66558e-15
4.36575e-15
4.07193e-15
3.78417e-15
3.50252e-15
3.22714e-15
2.95829e-15
2.69643e-15
2.44229e-15
2.19701e-15
1.96243e-15
1.7414e-15
1.5384e-15
1.36033e-15
1.21736e-15
1.12267e-15
1.08923e-15
4.3008e-15
4.36182e-15
4.53871e-15
4.81534e-15
5.17102e-15
5.58527e-15
6.04584e-15
6.53232e-15
7.03018e-15
7.53591e-15
8.05379e-15
8.54649e-15
9.03746e-15
9.51495e-15
9.95978e-15
1.04005e-14
1.07952e-14
1.11826e-14
1.15223e-14
1.18448e-14
1.21286e-14
1.23767e-14
1.2602e-14
1.27762e-14
1.29323e-14
1.30441e-14
1.3121e-14
1.31749e-14
1.31795e-14
1.317e-14
1.31162e-14
1.30391e-14
1.29379e-14
1.27976e-14
1.26507e-14
1.24613e-14
1.22724e-14
1.20443e-14
1.18135e-14
1.15645e-14
1.1288e-14
1.10297e-14
1.07314e-14
1.04331e-14
1.01491e-14
9.83208e-15
9.51137e-15
9.21157e-15
8.90261e-15
8.57958e-15
8.25807e-15
7.93889e-15
7.63558e-15
7.3375e-15
7.02688e-15
6.72048e-15
6.41865e-15
6.12169e-15
5.82976e-15
5.54308e-15
5.2618e-15
4.98601e-15
4.71581e-15
4.45126e-15
4.19366e-15
3.94933e-15
3.70299e-15
3.46085e-15
3.22508e-15
2.99605e-15
2.77426e-15
2.56046e-15
2.35567e-15
2.16128e-15
1.97928e-15
1.81235e-15
1.66415e-15
1.53939e-15
1.44375e-15
1.38318e-15
1.36236e-15
5.0272e-15
5.06461e-15
5.1744e-15
5.34984e-15
5.58133e-15
5.85897e-15
6.17378e-15
6.51273e-15
6.87543e-15
7.2455e-15
7.62194e-15
7.99599e-15
8.36838e-15
8.72408e-15
9.07339e-15
9.4046e-15
9.71344e-15
1.00046e-14
1.02726e-14
1.05154e-14
1.07312e-14
1.09198e-14
1.10828e-14
1.12167e-14
1.13214e-14
1.13978e-14
1.14468e-14
1.14683e-14
1.14619e-14
1.14306e-14
1.13719e-14
1.12895e-14
1.11856e-14
1.10608e-14
1.09154e-14
1.07495e-14
1.05699e-14
1.0378e-14
1.01655e-14
9.94671e-15
9.71985e-15
9.47317e-15
9.23586e-15
8.9726e-15
8.72587e-15
8.45652e-15
8.19445e-15
7.93633e-15
7.65884e-15
7.39958e-15
7.14176e-15
6.87061e-15
6.60282e-15
6.35255e-15
6.10402e-15
5.847e-15
5.59451e-15
5.34669e-15
5.10376e-15
4.86584e-15
4.64115e-15
4.42103e-15
4.19753e-15
3.97944e-15
3.76693e-15
3.5601e-15
3.35917e-15
3.16441e-15
2.97618e-15
2.79494e-15
2.62133e-15
2.45612e-15
2.30031e-15
2.15515e-15
2.02218e-15
1.90328e-15
1.80067e-15
1.71686e-15
1.65445e-15
1.61584e-15
1.60278e-15
5.6452e-15
5.66741e-15
5.73294e-15
5.83861e-15
5.9779e-15
6.15062e-15
6.34991e-15
6.57177e-15
6.8069e-15
7.05518e-15
7.3099e-15
7.56428e-15
7.8191e-15
8.06851e-15
8.30955e-15
8.53956e-15
8.75627e-15
8.95738e-15
9.14155e-15
9.30755e-15
9.45235e-15
9.57863e-15
9.68145e-15
9.76137e-15
9.82036e-15
9.85581e-15
9.87058e-15
9.86212e-15
9.83218e-15
9.78036e-15
9.7103e-15
9.62335e-15
9.51652e-15
9.39258e-15
9.2555e-15
9.10478e-15
8.94119e-15
8.76784e-15
8.58455e-15
8.39277e-15
8.19384e-15
7.99058e-15
7.78435e-15
7.56862e-15
7.35347e-15
7.14067e-15
6.91647e-15
6.70682e-15
6.48107e-15
6.27275e-15
6.0548e-15
5.83588e-15
5.6366e-15
5.42349e-15
5.21194e-15
5.01353e-15
4.82271e-15
4.62351e-15
4.42892e-15
4.23914e-15
4.05422e-15
3.87655e-15
3.711e-15
3.54126e-15
3.3756e-15
3.21536e-15
3.06078e-15
2.91212e-15
2.76978e-15
2.63416e-15
2.50583e-15
2.38542e-15
2.27366e-15
2.17141e-15
2.07962e-15
1.9993e-15
1.9315e-15
1.87729e-15
1.83768e-15
1.81352e-15
1.80539e-15
6.15568e-15
6.16302e-15
6.19817e-15
6.25588e-15
6.33281e-15
6.426e-15
6.53546e-15
6.65829e-15
6.79144e-15
6.93147e-15
7.07656e-15
7.22369e-15
7.37021e-15
7.51359e-15
7.65314e-15
7.78431e-15
7.9066e-15
8.01907e-15
8.11854e-15
8.20456e-15
8.27628e-15
8.33217e-15
8.37292e-15
8.39856e-15
8.40475e-15
8.39831e-15
8.37123e-15
8.33107e-15
8.27474e-15
8.20384e-15
8.11796e-15
8.01954e-15
7.90821e-15
7.78875e-15
7.6572e-15
7.51886e-15
7.37254e-15
7.21982e-15
7.06163e-15
6.89929e-15
6.734e-15
6.56648e-15
6.39684e-15
6.22523e-15
6.05409e-15
5.8843e-15
5.70988e-15
5.54199e-15
5.37586e-15
5.20478e-15
5.04597e-15
4.87768e-15
4.72097e-15
4.56447e-15
4.40265e-15
4.25768e-15
4.10863e-15
3.95804e-15
3.81191e-15
3.67827e-15
3.5456e-15
3.41144e-15
3.28181e-15
3.15677e-15
3.03642e-15
2.92087e-15
2.81027e-15
2.70485e-15
2.60668e-15
2.51453e-15
2.42566e-15
2.34333e-15
2.26803e-15
2.20022e-15
2.14039e-15
2.08902e-15
2.04652e-15
2.01318e-15
1.98921e-15
1.97476e-15
1.96993e-15
6.55812e-15
6.56283e-15
6.57666e-15
6.59869e-15
6.62625e-15
6.66015e-15
6.70027e-15
6.74476e-15
6.79258e-15
6.84268e-15
6.89395e-15
6.94444e-15
6.99316e-15
7.03895e-15
7.08067e-15
7.11742e-15
7.14683e-15
7.16963e-15
7.18371e-15
7.18783e-15
7.18302e-15
7.16725e-15
7.14295e-15
7.10698e-15
7.05892e-15
7.00252e-15
6.93441e-15
6.85821e-15
6.77155e-15
6.67651e-15
6.57641e-15
6.46823e-15
6.35427e-15
6.23576e-15
6.11476e-15
5.98823e-15
5.8619e-15
5.73331e-15
5.60666e-15
5.47737e-15
5.35095e-15
5.22344e-15
5.09735e-15
4.97206e-15
4.84816e-15
4.72618e-15
4.60627e-15
4.48755e-15
4.36966e-15
4.25529e-15
4.14392e-15
4.02869e-15
3.92371e-15
3.81039e-15
3.70957e-15
3.60298e-15
3.49869e-15
3.40493e-15
3.30482e-15
3.20709e-15
3.11426e-15
3.03012e-15
2.94287e-15
2.85819e-15
2.77717e-15
2.69981e-15
2.62625e-15
2.55664e-15
2.49112e-15
2.43049e-15
2.37514e-15
2.32275e-15
2.27526e-15
2.23298e-15
2.19621e-15
2.16527e-15
2.14034e-15
2.12142e-15
2.10825e-15
2.10048e-15
2.09792e-15
6.86925e-15
6.86844e-15
6.86435e-15
6.85733e-15
6.8497e-15
6.83825e-15
6.82435e-15
6.8072e-15
6.78649e-15
6.76207e-15
6.73385e-15
6.70087e-15
6.66365e-15
6.62102e-15
6.57324e-15
6.51891e-15
6.45934e-15
6.39399e-15
6.32183e-15
6.24345e-15
6.16039e-15
6.06921e-15
5.97152e-15
5.86982e-15
5.76455e-15
5.65333e-15
5.53955e-15
5.42308e-15
5.30521e-15
5.18716e-15
5.0694e-15
4.95473e-15
4.8408e-15
4.73153e-15
4.62661e-15
4.52671e-15
4.42993e-15
4.33875e-15
4.25203e-15
4.17065e-15
4.09347e-15
4.01933e-15
3.94882e-15
3.87973e-15
3.81306e-15
3.74761e-15
3.68306e-15
3.61981e-15
3.55665e-15
3.49401e-15
3.43213e-15
3.36987e-15
3.30614e-15
3.24611e-15
3.18154e-15
3.1229e-15
3.05899e-15
2.99911e-15
2.94078e-15
2.87973e-15
2.82107e-15
2.76755e-15
2.71278e-15
2.65908e-15
2.60755e-15
2.55857e-15
2.51188e-15
2.46833e-15
2.42774e-15
2.38893e-15
2.35294e-15
2.32009e-15
2.29052e-15
2.26448e-15
2.24183e-15
2.22305e-15
2.20872e-15
2.19891e-15
2.19281e-15
2.18942e-15
2.1883e-15
7.07953e-15
7.07256e-15
7.05746e-15
7.03251e-15
6.99644e-15
6.9507e-15
6.8949e-15
6.82931e-15
6.7538e-15
6.66928e-15
6.57489e-15
6.47191e-15
6.36003e-15
6.23898e-15
6.11075e-15
5.97398e-15
5.83039e-15
5.68014e-15
5.52324e-15
5.36153e-15
5.19492e-15
5.02447e-15
4.85283e-15
4.67868e-15
4.50526e-15
4.3344e-15
4.16863e-15
4.00889e-15
3.85732e-15
3.71728e-15
3.5903e-15
3.47916e-15
3.38283e-15
3.30385e-15
3.24042e-15
3.19146e-15
3.15559e-15
3.13164e-15
3.11634e-15
3.10912e-15
3.10582e-15
3.10572e-15
3.10682e-15
3.10691e-15
3.10615e-15
3.10189e-15
3.09494e-15
3.08481e-15
3.07106e-15
3.05367e-15
3.0328e-15
3.00853e-15
2.98126e-15
2.95042e-15
2.9184e-15
2.88368e-15
2.84753e-15
2.80977e-15
2.77177e-15
2.7325e-15
2.69332e-15
2.65485e-15
2.61664e-15
2.57902e-15
2.54241e-15
2.50741e-15
2.47378e-15
2.44141e-15
2.41071e-15
2.38234e-15
2.356e-15
2.33186e-15
2.31005e-15
2.29097e-15
2.27426e-15
2.25974e-15
2.24918e-15
2.24392e-15
2.24187e-15
2.24054e-15
2.23993e-15
7.19286e-15
7.18488e-15
7.16079e-15
7.12035e-15
7.06359e-15
6.99112e-15
6.90298e-15
6.79963e-15
6.68093e-15
6.5481e-15
6.40068e-15
6.23955e-15
6.06501e-15
5.87804e-15
5.67964e-15
5.46949e-15
5.24941e-15
5.02056e-15
4.78223e-15
4.53811e-15
4.28884e-15
4.03412e-15
3.77937e-15
3.52483e-15
3.27509e-15
3.03218e-15
2.80456e-15
2.59544e-15
2.4146e-15
2.26744e-15
2.16382e-15
2.1054e-15
2.09272e-15
2.11769e-15
2.17059e-15
2.24096e-15
2.32462e-15
2.41414e-15
2.50566e-15
2.59522e-15
2.68054e-15
2.75953e-15
2.83004e-15
2.89137e-15
2.94313e-15
2.98471e-15
3.01656e-15
3.03874e-15
3.05149e-15
3.05552e-15
3.051e-15
3.03928e-15
3.02116e-15
2.9974e-15
2.96911e-15
2.93781e-15
2.90166e-15
2.86547e-15
2.82476e-15
2.7849e-15
2.74438e-15
2.70167e-15
2.66155e-15
2.62203e-15
2.58293e-15
2.54343e-15
2.50666e-15
2.472e-15
2.43887e-15
2.40779e-15
2.37943e-15
2.35324e-15
2.32953e-15
2.30846e-15
2.29072e-15
2.27378e-15
2.2604e-15
2.255e-15
2.25351e-15
2.25152e-15
2.25033e-15
7.21509e-15
7.20457e-15
7.17318e-15
7.12137e-15
7.04876e-15
6.95591e-15
6.84276e-15
6.71021e-15
6.55822e-15
6.38716e-15
6.19769e-15
5.99066e-15
5.76692e-15
5.52632e-15
5.26972e-15
4.99848e-15
4.712e-15
4.41415e-15
4.10596e-15
3.78674e-15
3.45748e-15
3.12192e-15
2.78401e-15
2.44266e-15
2.10246e-15
1.7685e-15
1.45136e-15
1.17252e-15
1.03692e-15
1.08262e-15
1.20561e-15
1.36419e-15
1.5484e-15
1.74957e-15
1.95876e-15
2.16834e-15
2.37132e-15
2.56279e-15
2.73844e-15
2.89637e-15
3.03583e-15
3.15574e-15
3.25487e-15
3.33459e-15
3.39662e-15
3.44207e-15
3.47329e-15
3.48994e-15
3.49343e-15
3.48313e-15
3.46143e-15
3.43029e-15
3.39125e-15
3.34623e-15
3.2955e-15
3.24027e-15
3.1841e-15
3.12238e-15
3.06346e-15
2.99864e-15
2.93846e-15
2.87662e-15
2.81396e-15
2.75573e-15
2.69861e-15
2.64264e-15
2.58769e-15
2.53793e-15
2.49097e-15
2.44683e-15
2.40676e-15
2.36985e-15
2.33666e-15
2.30668e-15
2.28186e-15
2.25924e-15
2.2398e-15
2.22839e-15
2.2222e-15
2.21736e-15
2.2153e-15
7.14379e-15
7.13216e-15
7.09505e-15
7.03467e-15
6.95018e-15
6.84207e-15
6.71023e-15
6.55594e-15
6.37889e-15
6.17981e-15
5.95902e-15
5.71803e-15
5.45651e-15
5.17579e-15
4.87654e-15
4.56012e-15
4.22739e-15
3.87932e-15
3.51864e-15
3.1467e-15
2.76616e-15
2.3807e-15
1.99614e-15
1.62314e-15
1.28275e-15
1.01364e-15
8.58129e-16
8.21118e-16
9.28262e-16
1.19086e-15
1.52316e-15
1.86429e-15
2.19681e-15
2.50955e-15
2.80244e-15
3.0702e-15
3.31105e-15
3.52622e-15
3.71521e-15
3.87475e-15
4.00677e-15
4.10775e-15
4.18023e-15
4.22717e-15
4.25262e-15
4.25714e-15
4.2437e-15
4.2132e-15
4.16682e-15
4.10756e-15
4.03767e-15
3.95995e-15
3.87688e-15
3.78975e-15
3.69955e-15
3.60714e-15
3.51435e-15
3.42115e-15
3.32726e-15
3.23599e-15
3.14426e-15
3.05489e-15
2.96959e-15
2.88505e-15
2.80367e-15
2.72727e-15
2.65468e-15
2.58648e-15
2.52239e-15
2.46226e-15
2.40779e-15
2.35828e-15
2.31367e-15
2.27359e-15
2.2389e-15
2.21103e-15
2.18588e-15
2.16444e-15
2.14993e-15
2.1421e-15
2.13962e-15
6.97903e-15
6.96752e-15
6.92606e-15
6.85956e-15
6.76658e-15
6.64755e-15
6.50318e-15
6.3335e-15
6.13953e-15
5.92133e-15
5.68053e-15
5.41726e-15
5.13276e-15
4.8287e-15
4.50604e-15
4.16738e-15
3.81525e-15
3.45173e-15
3.08354e-15
2.71622e-15
2.36017e-15
2.02993e-15
1.74648e-15
1.53157e-15
1.40775e-15
1.40644e-15
1.56672e-15
1.85514e-15
2.20482e-15
2.57226e-15
2.9377e-15
3.29414e-15
3.63173e-15
3.94308e-15
4.22401e-15
4.46935e-15
4.67122e-15
4.833e-15
4.95963e-15
5.04908e-15
5.1035e-15
5.12376e-15
5.1177e-15
5.08831e-15
5.03912e-15
4.97238e-15
4.89105e-15
4.79591e-15
4.68875e-15
4.57423e-15
4.45379e-15
4.33047e-15
4.20607e-15
4.08113e-15
3.9563e-15
3.83293e-15
3.71136e-15
3.59144e-15
3.47464e-15
3.3603e-15
3.2488e-15
3.14049e-15
3.03716e-15
2.93729e-15
2.84256e-15
2.75251e-15
2.66711e-15
2.58666e-15
2.51179e-15
2.44166e-15
2.37693e-15
2.31824e-15
2.26506e-15
2.21751e-15
2.17567e-15
2.14247e-15
2.11316e-15
2.08612e-15
2.066e-15
2.05569e-15
2.05271e-15
6.72605e-15
6.71083e-15
6.66625e-15
6.5961e-15
6.49765e-15
6.37235e-15
6.22008e-15
6.04192e-15
5.83892e-15
5.61189e-15
5.36202e-15
5.09113e-15
4.8012e-15
4.49474e-15
4.17581e-15
3.84848e-15
3.51991e-15
3.19784e-15
2.89569e-15
2.62901e-15
2.41564e-15
2.27697e-15
2.23695e-15
2.31094e-15
2.49066e-15
2.75797e-15
3.08976e-15
3.46063e-15
3.84512e-15
4.22241e-15
4.5768e-15
4.89559e-15
5.17126e-15
5.40184e-15
5.58484e-15
5.71894e-15
5.80664e-15
5.85207e-15
5.86171e-15
5.83626e-15
5.7817e-15
5.70432e-15
5.60988e-15
5.50222e-15
5.38457e-15
5.25989e-15
5.13004e-15
4.99755e-15
4.8625e-15
4.72525e-15
4.58628e-15
4.44639e-15
4.30716e-15
4.16915e-15
4.03289e-15
3.89874e-15
3.76728e-15
3.63867e-15
3.513e-15
3.39078e-15
3.2716e-15
3.15662e-15
3.04539e-15
2.93936e-15
2.83752e-15
2.74027e-15
2.64817e-15
2.56116e-15
2.47929e-15
2.40252e-15
2.33126e-15
2.26604e-15
2.20672e-15
2.15352e-15
2.10698e-15
2.06762e-15
2.03331e-15
2.00356e-15
1.98155e-15
1.96988e-15
1.96622e-15
6.3751e-15
6.35902e-15
6.31549e-15
6.24294e-15
6.14282e-15
6.01522e-15
5.86136e-15
5.68212e-15
5.47945e-15
5.25485e-15
5.01067e-15
4.75081e-15
4.47799e-15
4.19864e-15
3.92037e-15
3.65276e-15
3.40729e-15
3.19748e-15
3.04587e-15
2.97042e-15
2.98142e-15
3.08529e-15
3.28515e-15
3.57004e-15
3.91512e-15
4.29167e-15
4.67245e-15
5.03864e-15
5.37463e-15
5.66811e-15
5.90514e-15
6.08344e-15
6.20446e-15
6.27506e-15
6.29761e-15
6.28074e-15
6.23234e-15
6.16226e-15
6.07662e-15
5.97993e-15
5.87374e-15
5.75775e-15
5.63334e-15
5.50339e-15
5.37011e-15
5.23593e-15
5.10161e-15
4.96788e-15
4.83488e-15
4.70144e-15
4.56716e-15
4.43195e-15
4.29677e-15
4.16212e-15
4.02841e-15
3.89618e-15
3.76569e-15
3.63721e-15
3.51102e-15
3.38756e-15
3.26656e-15
3.14899e-15
3.03448e-15
2.92418e-15
2.8175e-15
2.71536e-15
2.61784e-15
2.52503e-15
2.43717e-15
2.3545e-15
2.2773e-15
2.20597e-15
2.14075e-15
2.08219e-15
2.03107e-15
1.98625e-15
1.94794e-15
1.9167e-15
1.89368e-15
1.87976e-15
1.87518e-15
5.92726e-15
5.91721e-15
5.87202e-15
5.8004e-15
5.70194e-15
5.5778e-15
5.4297e-15
5.25885e-15
5.06822e-15
4.86124e-15
4.64294e-15
4.41882e-15
4.19505e-15
3.98135e-15
3.79095e-15
3.64138e-15
3.54461e-15
3.51267e-15
3.55905e-15
3.69805e-15
3.92524e-15
4.21946e-15
4.55888e-15
4.91571e-15
5.26776e-15
5.59195e-15
5.86749e-15
6.08328e-15
6.23975e-15
6.3372e-15
6.3793e-15
6.37886e-15
6.34904e-15
6.29955e-15
6.23429e-15
6.15478e-15
6.06506e-15
5.96924e-15
5.87129e-15
5.77281e-15
5.67395e-15
5.57134e-15
5.46417e-15
5.35259e-15
5.23808e-15
5.12114e-15
5.00199e-15
4.8806e-15
4.75786e-15
4.63379e-15
4.50847e-15
4.38181e-15
4.25412e-15
4.12592e-15
3.99769e-15
3.86979e-15
3.74257e-15
3.6164e-15
3.49157e-15
3.36829e-15
3.24711e-15
3.12794e-15
3.01158e-15
2.89796e-15
2.78796e-15
2.68148e-15
2.57918e-15
2.4812e-15
2.38792e-15
2.29973e-15
2.21679e-15
2.13963e-15
2.06867e-15
2.00439e-15
1.9474e-15
1.89841e-15
1.85654e-15
1.823e-15
1.79855e-15
1.78368e-15
1.77869e-15
5.38804e-15
5.3784e-15
5.33588e-15
5.26794e-15
5.17653e-15
5.06341e-15
4.93143e-15
4.78218e-15
4.62057e-15
4.4523e-15
4.28666e-15
4.13308e-15
4.0007e-15
3.9013e-15
3.84929e-15
3.86591e-15
3.95748e-15
4.12429e-15
4.35371e-15
4.62873e-15
4.93392e-15
5.24298e-15
5.52699e-15
5.76025e-15
5.93963e-15
6.05759e-15
6.12e-15
6.13947e-15
6.13151e-15
6.1027e-15
6.05598e-15
5.99847e-15
5.93771e-15
5.87751e-15
5.82047e-15
5.76278e-15
5.70275e-15
5.63882e-15
5.56972e-15
5.4963e-15
5.41935e-15
5.33924e-15
5.25478e-15
5.16584e-15
5.07224e-15
4.97462e-15
4.8723e-15
4.76583e-15
4.65606e-15
4.54331e-15
4.42812e-15
4.31056e-15
4.19115e-15
4.07017e-15
3.94813e-15
3.82537e-15
3.70231e-15
3.57927e-15
3.45661e-15
3.33469e-15
3.21385e-15
3.09435e-15
2.97673e-15
2.86126e-15
2.74851e-15
2.63876e-15
2.5325e-15
2.43014e-15
2.33202e-15
2.23847e-15
2.15004e-15
2.06758e-15
1.99149e-15
1.9218e-15
1.85948e-15
1.80513e-15
1.75945e-15
1.7231e-15
1.69668e-15
1.68067e-15
1.67529e-15
4.7604e-15
4.74445e-15
4.70644e-15
4.64677e-15
4.56976e-15
4.47979e-15
4.37954e-15
4.27288e-15
4.16633e-15
4.06847e-15
3.99096e-15
3.94828e-15
3.95415e-15
4.0137e-15
4.12894e-15
4.29306e-15
4.50203e-15
4.74061e-15
4.98056e-15
5.19516e-15
5.36963e-15
5.49766e-15
5.57451e-15
5.60873e-15
5.61302e-15
5.59492e-15
5.56306e-15
5.52674e-15
5.49462e-15
5.46702e-15
5.44564e-15
5.42896e-15
5.40861e-15
5.38553e-15
5.36207e-15
5.3384e-15
5.31199e-15
5.28096e-15
5.24276e-15
5.19745e-15
5.14581e-15
5.08851e-15
5.02577e-15
4.95765e-15
4.88396e-15
4.80428e-15
4.7184e-15
4.62732e-15
4.53136e-15
4.43108e-15
4.32689e-15
4.21933e-15
4.10885e-15
3.9958e-15
3.88064e-15
3.76378e-15
3.64562e-15
3.52656e-15
3.40694e-15
3.28717e-15
3.16762e-15
3.04867e-15
2.93075e-15
2.8143e-15
2.69975e-15
2.5876e-15
2.47823e-15
2.37209e-15
2.26992e-15
2.17175e-15
2.07835e-15
1.99072e-15
1.90935e-15
1.83438e-15
1.76703e-15
1.70814e-15
1.65852e-15
1.61902e-15
1.5903e-15
1.57282e-15
1.56699e-15
4.02773e-15
4.01433e-15
3.9852e-15
3.94255e-15
3.89478e-15
3.84552e-15
3.79996e-15
3.7666e-15
3.75306e-15
3.76543e-15
3.80646e-15
3.88129e-15
3.9949e-15
4.14577e-15
4.31449e-15
4.47557e-15
4.61616e-15
4.72828e-15
4.8011e-15
4.83875e-15
4.84886e-15
4.838e-15
4.81342e-15
4.78655e-15
4.76571e-15
4.75662e-15
4.76091e-15
4.77265e-15
4.78784e-15
4.80561e-15
4.82576e-15
4.8513e-15
4.87322e-15
4.88993e-15
4.90245e-15
4.91062e-15
4.91409e-15
4.91133e-15
4.90076e-15
4.88237e-15
4.85545e-15
4.8215e-15
4.78015e-15
4.73214e-15
4.67657e-15
4.61405e-15
4.54472e-15
4.46873e-15
4.38681e-15
4.29935e-15
4.20678e-15
4.10972e-15
4.00874e-15
3.90418e-15
3.79652e-15
3.68622e-15
3.57366e-15
3.45931e-15
3.34352e-15
3.22671e-15
3.10933e-15
Process [1]
2.99174e-15
2.87441e-15
2.75782e-15
2.64238e-15
2.5286e-15
2.41697e-15
2.30805e-15
2.20205e-15
2.1002e-15
2.00262e-15
1.90987e-15
1.82302e-15
1.74357e-15
1.67179e-15
1.60827e-15
1.55456e-15
1.51161e-15
1.48027e-15
1.4612e-15
1.4548e-15
3.19453e-15
3.18719e-15
3.17486e-15
3.16729e-15
3.16968e-15
3.17883e-15
3.20098e-15
3.24499e-15
3.31455e-15
3.40519e-15
3.50745e-15
3.6078e-15
3.70305e-15
3.78585e-15
3.84641e-15
3.88262e-15
3.89704e-15
3.88862e-15
3.86282e-15
3.83651e-15
3.81746e-15
3.81392e-15
3.82839e-15
3.85353e-15
3.88697e-15
3.92912e-15
3.98355e-15
4.0449e-15
4.10682e-15
4.168e-15
4.23063e-15
4.29142e-15
4.34866e-15
4.3994e-15
4.44445e-15
4.48304e-15
4.51386e-15
4.53714e-15
4.55189e-15
4.55726e-15
4.55396e-15
4.54169e-15
4.5202e-15
4.49122e-15
4.45375e-15
4.40819e-15
4.35446e-15
4.29356e-15
4.2255e-15
4.15082e-15
4.0703e-15
3.98407e-15
3.89281e-15
3.79711e-15
3.69742e-15
3.59423e-15
3.48783e-15
3.37885e-15
3.26758e-15
3.15451e-15
3.04001e-15
2.92457e-15
2.80865e-15
2.69273e-15
2.57719e-15
2.46265e-15
2.34952e-15
2.23844e-15
2.12973e-15
2.02461e-15
1.92294e-15
1.82589e-15
1.73512e-15
1.65052e-15
1.57334e-15
1.50508e-15
1.44696e-15
1.40022e-15
1.36594e-15
1.34503e-15
1.33797e-15
2.19656e-15
2.20472e-15
2.2253e-15
2.26191e-15
2.31371e-15
2.37349e-15
2.44117e-15
2.51433e-15
2.59e-15
2.65818e-15
2.71513e-15
2.75636e-15
2.77809e-15
2.78131e-15
2.76666e-15
2.74589e-15
2.7303e-15
2.72416e-15
2.73433e-15
2.75806e-15
2.79309e-15
2.8437e-15
2.91161e-15
2.98994e-15
3.0769e-15
3.16733e-15
3.26426e-15
3.36449e-15
3.4655e-15
3.5645e-15
3.66199e-15
3.75271e-15
3.8406e-15
3.92106e-15
3.99392e-15
4.05906e-15
4.11537e-15
4.16237e-15
4.19988e-15
4.22765e-15
4.24553e-15
4.25348e-15
4.25118e-15
4.23994e-15
4.21943e-15
4.18988e-15
4.1515e-15
4.10501e-15
4.05044e-15
3.9886e-15
3.91976e-15
3.84434e-15
3.76321e-15
3.67678e-15
3.58534e-15
3.48958e-15
3.38987e-15
3.28678e-15
3.1806e-15
3.07183e-15
2.96094e-15
2.84835e-15
2.73457e-15
2.61998e-15
2.50519e-15
2.39064e-15
2.27671e-15
2.16434e-15
2.05356e-15
1.94559e-15
1.84097e-15
1.74006e-15
1.64462e-15
1.55584e-15
1.47387e-15
1.40074e-15
1.33802e-15
1.2872e-15
1.24971e-15
1.22668e-15
1.21892e-15
1.17759e-15
1.18304e-15
1.2117e-15
1.26436e-15
1.32892e-15
1.39561e-15
1.45848e-15
1.50957e-15
1.54703e-15
1.56524e-15
1.57272e-15
1.57375e-15
1.57245e-15
1.57441e-15
1.58173e-15
1.59785e-15
1.62684e-15
1.66894e-15
1.72912e-15
1.8063e-15
1.89453e-15
1.99364e-15
2.10295e-15
2.22143e-15
2.34664e-15
2.47521e-15
2.60654e-15
2.73832e-15
2.86989e-15
2.99886e-15
3.12359e-15
3.24241e-15
3.35508e-15
3.46044e-15
3.55713e-15
3.64546e-15
3.72362e-15
3.79211e-15
3.85001e-15
3.89765e-15
3.93406e-15
3.9599e-15
3.97558e-15
3.9813e-15
3.97674e-15
3.96247e-15
3.93889e-15
3.90598e-15
3.86458e-15
3.81519e-15
3.75771e-15
3.69333e-15
3.62216e-15
3.54504e-15
3.4622e-15
3.37405e-15
3.2816e-15
3.18466e-15
3.08407e-15
2.9802e-15
2.87342e-15
2.76428e-15
2.65328e-15
2.54078e-15
2.42734e-15
2.31353e-15
2.19965e-15
2.08648e-15
1.97455e-15
1.86449e-15
1.75685e-15
1.65336e-15
1.55375e-15
1.45981e-15
1.37353e-15
1.29629e-15
1.22875e-15
1.17354e-15
1.13246e-15
1.1071e-15
1.09855e-15
4.15371e-16
4.20542e-16
4.3607e-16
4.59005e-16
4.87519e-16
5.14023e-16
5.33147e-16
5.44686e-16
5.48237e-16
5.4707e-16
5.48345e-16
5.56637e-16
5.75136e-16
6.03712e-16
6.45693e-16
6.98306e-16
7.63906e-16
8.41414e-16
9.32912e-16
1.03855e-15
1.15583e-15
1.28298e-15
1.41957e-15
1.56349e-15
1.71249e-15
1.86556e-15
2.02042e-15
2.1751e-15
2.32833e-15
2.47865e-15
2.62368e-15
2.76378e-15
2.89714e-15
3.02242e-15
3.13862e-15
3.24569e-15
3.3433e-15
3.42952e-15
3.50544e-15
3.57017e-15
3.62382e-15
3.66652e-15
3.69798e-15
3.71914e-15
3.72943e-15
3.72913e-15
3.71938e-15
3.69933e-15
3.67073e-15
3.63303e-15
3.5869e-15
3.53317e-15
3.47205e-15
3.40418e-15
3.32995e-15
3.24989e-15
3.16446e-15
3.07424e-15
2.9795e-15
2.88091e-15
2.77882e-15
2.6737e-15
2.56601e-15
2.45625e-15
2.34484e-15
2.23239e-15
2.11922e-15
2.00604e-15
1.89353e-15
1.78192e-15
1.67252e-15
1.56594e-15
1.46274e-15
1.36524e-15
1.27444e-15
1.19133e-15
1.1186e-15
1.05852e-15
1.01342e-15
9.85345e-16
9.75802e-16
4.65151e-16
4.6691e-16
4.68339e-16
4.68828e-16
4.72067e-16
4.77356e-16
4.81623e-16
4.83306e-16
4.81844e-16
4.77826e-16
4.71812e-16
4.72338e-16
4.80949e-16
4.9493e-16
5.10066e-16
5.27047e-16
5.47457e-16
5.72596e-16
6.07568e-16
6.57751e-16
7.2739e-16
8.1939e-16
9.32729e-16
1.06385e-15
1.2087e-15
1.36304e-15
1.52291e-15
1.68614e-15
1.85046e-15
2.01268e-15
2.17082e-15
2.32501e-15
2.47206e-15
2.61237e-15
2.74375e-15
2.86583e-15
2.97777e-15
3.07974e-15
3.17065e-15
3.25004e-15
3.31854e-15
3.37594e-15
3.42205e-15
3.45661e-15
3.48009e-15
3.49316e-15
3.49612e-15
3.48855e-15
3.47139e-15
3.44507e-15
3.40991e-15
3.3664e-15
3.31504e-15
3.2562e-15
3.19057e-15
3.11859e-15
3.04049e-15
2.95707e-15
2.86854e-15
2.77565e-15
2.67857e-15
2.57791e-15
2.47409e-15
2.36755e-15
2.25881e-15
2.14827e-15
2.03645e-15
1.92409e-15
1.81131e-15
1.69933e-15
1.58811e-15
1.47959e-15
1.3734e-15
1.27179e-15
1.17668e-15
1.08847e-15
1.01026e-15
9.448e-16
8.95023e-16
8.63815e-16
8.53112e-16
9.78178e-16
9.82925e-16
9.9308e-16
1.01035e-15
1.03276e-15
1.05945e-15
1.08776e-15
1.11472e-15
1.13811e-15
1.15571e-15
1.16323e-15
1.16134e-15
1.1475e-15
1.12168e-15
1.08489e-15
1.03537e-15
9.76709e-16
9.13815e-16
8.53236e-16
8.01262e-16
7.67e-16
7.57077e-16
7.76033e-16
8.2661e-16
9.08776e-16
1.01863e-15
1.14985e-15
1.29679e-15
1.45232e-15
1.61265e-15
1.77262e-15
1.93155e-15
2.08594e-15
2.23503e-15
2.37575e-15
2.50901e-15
2.63271e-15
2.74598e-15
2.84888e-15
2.94098e-15
3.02165e-15
3.0914e-15
3.14981e-15
3.19672e-15
3.23231e-15
3.25747e-15
3.27158e-15
3.27562e-15
3.26948e-15
3.25373e-15
3.22887e-15
3.19519e-15
3.15318e-15
3.10343e-15
3.04615e-15
2.98206e-15
2.91137e-15
2.83491e-15
2.7528e-15
2.66582e-15
2.57404e-15
2.47821e-15
2.37867e-15
2.27587e-15
2.17027e-15
2.06233e-15
1.95255e-15
1.8413e-15
1.72946e-15
1.6171e-15
1.5055e-15
1.39472e-15
1.28681e-15
1.18158e-15
1.08125e-15
9.88773e-16
9.05014e-16
8.33553e-16
7.78413e-16
7.4324e-16
7.31168e-16
1.41979e-15
1.42748e-15
1.44789e-15
1.48104e-15
1.52212e-15
1.56898e-15
1.61659e-15
1.66171e-15
1.70026e-15
1.72977e-15
1.74666e-15
1.74907e-15
1.73649e-15
1.70751e-15
1.66299e-15
1.60177e-15
1.52461e-15
1.4357e-15
1.33669e-15
1.23161e-15
1.12696e-15
1.03002e-15
9.49707e-16
8.95577e-16
8.76186e-16
8.95479e-16
9.52752e-16
1.04425e-15
1.16133e-15
1.29683e-15
1.44265e-15
1.5937e-15
1.74603e-15
1.89613e-15
2.04116e-15
2.17965e-15
2.30958e-15
2.43152e-15
2.54367e-15
2.64516e-15
2.73607e-15
2.81595e-15
2.88487e-15
2.94244e-15
2.98872e-15
3.02429e-15
3.04897e-15
3.06316e-15
3.06718e-15
3.06137e-15
3.04614e-15
3.02172e-15
2.98865e-15
2.9474e-15
2.89846e-15
2.84212e-15
2.77901e-15
2.70942e-15
2.6339e-15
2.55285e-15
2.4668e-15
2.37606e-15
2.28116e-15
2.18248e-15
2.08052e-15
1.97566e-15
1.86842e-15
1.75915e-15
1.64845e-15
1.53702e-15
1.42488e-15
1.3137e-15
1.20329e-15
1.09536e-15
9.91806e-16
8.93204e-16
8.02938e-16
7.2461e-16
6.62862e-16
6.24047e-16
6.10562e-16
1.78042e-15
1.79061e-15
1.8181e-15
1.86129e-15
1.91529e-15
1.97595e-15
2.0375e-15
2.09614e-15
2.1467e-15
2.18602e-15
2.21197e-15
2.2209e-15
2.21247e-15
2.18548e-15
2.13949e-15
2.07572e-15
1.99453e-15
1.89768e-15
1.78676e-15
1.66569e-15
1.53629e-15
1.4047e-15
1.27543e-15
1.15696e-15
1.05764e-15
9.86819e-16
9.53295e-16
9.60936e-16
1.00876e-15
1.0909e-15
1.19962e-15
1.32569e-15
1.46236e-15
1.60324e-15
1.74453e-15
1.88244e-15
2.01497e-15
2.14055e-15
2.25828e-15
2.36632e-15
2.46431e-15
2.55244e-15
2.62986e-15
2.69598e-15
2.75142e-15
2.79617e-15
2.83022e-15
2.85366e-15
2.86702e-15
2.87012e-15
2.8636e-15
2.84803e-15
2.8235e-15
2.79038e-15
2.74944e-15
2.70067e-15
2.64474e-15
2.58217e-15
2.51322e-15
2.43828e-15
2.35801e-15
2.27272e-15
2.1827e-15
2.08853e-15
1.99063e-15
1.88937e-15
1.78519e-15
1.67845e-15
1.56975e-15
1.45962e-15
1.34811e-15
1.23673e-15
1.12509e-15
1.01525e-15
9.07868e-16
8.04285e-16
7.07553e-16
6.22201e-16
5.53185e-16
5.06579e-16
4.90048e-16
2.07633e-15
2.08597e-15
2.11845e-15
2.16729e-15
2.22955e-15
2.29889e-15
2.3703e-15
2.43829e-15
2.49836e-15
2.54613e-15
2.57954e-15
2.59509e-15
2.59223e-15
2.56979e-15
2.52736e-15
2.46534e-15
2.38442e-15
2.28628e-15
2.17262e-15
2.04482e-15
1.90695e-15
1.76254e-15
1.61391e-15
1.46726e-15
1.32708e-15
1.20242e-15
1.10128e-15
1.03191e-15
1.0016e-15
1.0123e-15
1.06178e-15
1.14283e-15
1.24712e-15
1.36628e-15
1.49358e-15
1.62346e-15
1.75222e-15
1.87698e-15
1.99588e-15
2.10726e-15
2.20951e-15
2.30312e-15
2.38683e-15
2.46001e-15
2.52306e-15
2.57529e-15
2.61744e-15
2.64913e-15
2.6705e-15
2.68185e-15
2.68352e-15
2.6759e-15
2.65915e-15
2.63406e-15
2.60062e-15
2.5593e-15
2.51042e-15
2.4546e-15
2.39218e-15
2.32352e-15
2.24911e-15
2.16927e-15
2.08455e-15
1.99522e-15
1.9018e-15
1.80453e-15
1.7039e-15
1.60037e-15
1.49436e-15
1.38606e-15
1.27623e-15
1.16524e-15
1.0537e-15
9.42113e-16
8.3236e-16
7.24546e-16
6.21485e-16
5.26875e-16
4.47834e-16
3.92575e-16
3.72067e-16
2.31403e-15
2.3252e-15
2.36028e-15
2.41252e-15
2.47903e-15
2.55404e-15
2.63146e-15
2.70593e-15
2.77257e-15
2.82759e-15
2.86755e-15
2.88967e-15
2.89275e-15
2.87595e-15
2.83799e-15
2.78081e-15
2.70286e-15
2.60728e-15
2.49495e-15
2.36767e-15
2.22793e-15
2.07913e-15
1.9231e-15
1.7641e-15
1.60575e-15
1.45438e-15
1.31565e-15
1.19655e-15
1.10577e-15
1.04974e-15
1.03306e-15
1.05525e-15
1.11172e-15
1.19479e-15
1.29609e-15
1.40862e-15
1.5262e-15
1.64451e-15
1.76025e-15
1.87081e-15
1.97515e-15
2.07142e-15
2.15881e-15
2.23735e-15
2.30572e-15
2.36445e-15
2.41304e-15
2.45133e-15
2.47967e-15
2.49843e-15
2.50748e-15
2.50719e-15
2.49799e-15
2.48e-15
2.45365e-15
2.41938e-15
2.37743e-15
2.32824e-15
2.27222e-15
2.2098e-15
2.14136e-15
2.06724e-15
1.98793e-15
1.9037e-15
1.81502e-15
1.72226e-15
1.62576e-15
1.52597e-15
1.42308e-15
1.31775e-15
1.21021e-15
1.10069e-15
9.90149e-16
8.78603e-16
7.6677e-16
6.56519e-16
5.48175e-16
4.44981e-16
3.52642e-16
2.83028e-16
2.55671e-16
2.5078e-15
2.52e-15
2.55373e-15
2.60781e-15
2.67634e-15
2.75405e-15
2.83496e-15
2.91334e-15
2.98498e-15
3.04489e-15
3.08993e-15
3.11762e-15
3.12634e-15
3.11555e-15
3.08358e-15
3.03089e-15
2.95856e-15
2.86824e-15
2.75968e-15
2.63578e-15
2.49801e-15
2.34929e-15
2.1922e-15
2.02927e-15
1.8639e-15
1.70018e-15
1.5427e-15
1.39676e-15
1.26852e-15
1.16538e-15
1.09324e-15
1.05807e-15
1.05985e-15
1.09606e-15
1.16032e-15
1.245e-15
1.34306e-15
1.44783e-15
1.55507e-15
1.66075e-15
1.76253e-15
1.85888e-15
1.94807e-15
2.02922e-15
2.10136e-15
2.16459e-15
2.2181e-15
2.26246e-15
2.29682e-15
2.32183e-15
2.33741e-15
2.34373e-15
2.34116e-15
2.32986e-15
2.31026e-15
2.28263e-15
2.24708e-15
2.20436e-15
2.15472e-15
2.09845e-15
2.03596e-15
1.96762e-15
1.89388e-15
1.81503e-15
1.73146e-15
1.64356e-15
1.55164e-15
1.45613e-15
1.35735e-15
1.25546e-15
1.15117e-15
1.04447e-15
9.35946e-16
8.2571e-16
7.14772e-16
6.02787e-16
4.91067e-16
3.81593e-16
2.77161e-16
1.87452e-16
1.46555e-16
2.66236e-15
2.67388e-15
2.70785e-15
2.7619e-15
2.83049e-15
2.90873e-15
2.9911e-15
3.07154e-15
3.14544e-15
3.20876e-15
3.25809e-15
3.29104e-15
3.30532e-15
3.2995e-15
3.27354e-15
3.22734e-15
3.16158e-15
3.07647e-15
2.9735e-15
2.85473e-15
2.72173e-15
2.57641e-15
2.42151e-15
2.25929e-15
2.0923e-15
1.92449e-15
1.75839e-15
1.59908e-15
1.45031e-15
1.31827e-15
1.20911e-15
1.1285e-15
1.08093e-15
1.06847e-15
1.08895e-15
1.13752e-15
1.20757e-15
1.29162e-15
1.38433e-15
1.48027e-15
1.57583e-15
1.6688e-15
1.75676e-15
1.83838e-15
1.91237e-15
1.9782e-15
2.03549e-15
2.08401e-15
2.12335e-15
2.15351e-15
2.17462e-15
2.18693e-15
2.19025e-15
2.18507e-15
2.17158e-15
2.15019e-15
2.12094e-15
2.08448e-15
2.04091e-15
1.99065e-15
1.93414e-15
1.87166e-15
1.80358e-15
1.73028e-15
1.65211e-15
1.56943e-15
1.4826e-15
1.39191e-15
1.29776e-15
1.20034e-15
1.10014e-15
9.97496e-16
8.92366e-16
7.85604e-16
6.77013e-16
5.66997e-16
4.56347e-16
3.45019e-16
2.33989e-16
1.27354e-16
6.68965e-17
2.78392e-15
2.79535e-15
2.82974e-15
2.88195e-15
2.94959e-15
3.02707e-15
3.10857e-15
3.1897e-15
3.26475e-15
3.33024e-15
3.38255e-15
3.41916e-15
3.43783e-15
3.43734e-15
3.41735e-15
3.37729e-15
3.31767e-15
3.23934e-15
3.14329e-15
3.03064e-15
2.90362e-15
2.7639e-15
2.61359e-15
2.45443e-15
2.28969e-15
2.12178e-15
1.95339e-15
1.78795e-15
1.62918e-15
1.48148e-15
1.34969e-15
1.23855e-15
1.15389e-15
1.09962e-15
1.07754e-15
1.0865e-15
1.12258e-15
1.17954e-15
1.25142e-15
1.3324e-15
1.41767e-15
1.50323e-15
1.58696e-15
1.66634e-15
1.74009e-15
1.80709e-15
1.86654e-15
1.91771e-15
1.96063e-15
1.99495e-15
2.02087e-15
2.038e-15
2.04663e-15
2.04693e-15
2.03916e-15
2.02348e-15
2.00012e-15
1.96958e-15
1.93195e-15
1.88757e-15
1.83699e-15
1.78031e-15
1.71802e-15
1.65044e-15
1.57792e-15
1.5008e-15
1.41941e-15
1.33412e-15
1.24528e-15
1.15311e-15
1.05811e-15
9.60573e-16
8.60586e-16
7.58903e-16
6.55524e-16
5.50982e-16
4.45949e-16
3.41132e-16
2.3856e-16
1.44792e-16
9.59381e-17
2.87966e-15
2.89108e-15
2.92289e-15
2.97426e-15
3.03951e-15
3.11488e-15
3.19476e-15
3.27482e-15
3.34981e-15
3.4162e-15
3.47042e-15
3.50968e-15
3.5321e-15
3.53637e-15
3.52171e-15
3.48781e-15
3.43463e-15
3.36312e-15
3.27449e-15
3.16915e-15
3.04852e-15
2.91532e-15
2.7709e-15
2.61732e-15
2.45678e-15
2.29172e-15
2.12459e-15
1.95759e-15
1.7953e-15
1.63999e-15
1.49508e-15
1.36558e-15
1.25601e-15
1.17077e-15
1.11337e-15
1.0855e-15
1.08634e-15
1.11251e-15
1.15878e-15
1.2196e-15
1.28983e-15
1.3648e-15
1.44107e-15
1.51562e-15
1.58672e-15
1.65263e-15
1.71239e-15
1.76514e-15
1.81044e-15
1.84779e-15
1.8772e-15
1.89838e-15
1.91168e-15
1.91682e-15
1.91403e-15
1.90361e-15
1.88574e-15
1.86067e-15
1.82874e-15
1.79028e-15
1.74536e-15
1.69458e-15
1.6381e-15
1.5764e-15
1.50972e-15
1.4384e-15
1.3629e-15
1.28354e-15
1.20057e-15
1.11444e-15
1.0256e-15
9.34217e-16
8.40957e-16
7.46093e-16
6.50402e-16
5.54529e-16
4.59685e-16
3.67909e-16
2.84062e-16
2.18153e-16
1.91105e-16
2.95273e-15
2.96367e-15
2.99457e-15
3.04249e-15
3.1052e-15
3.17777e-15
3.25537e-15
3.33319e-15
3.40726e-15
3.47326e-15
3.52828e-15
3.56939e-15
3.59514e-15
3.60338e-15
3.59348e-15
3.56512e-15
3.51837e-15
3.45369e-15
3.37158e-15
3.27388e-15
3.16122e-15
3.03518e-15
2.89797e-15
2.75024e-15
2.59516e-15
2.43492e-15
2.27115e-15
2.10699e-15
1.944e-15
1.78565e-15
1.63479e-15
1.49517e-15
1.37023e-15
1.26422e-15
1.1805e-15
1.12275e-15
1.092e-15
1.08737e-15
1.10601e-15
1.14352e-15
1.19499e-15
1.25552e-15
1.3209e-15
1.38797e-15
1.45383e-15
1.51663e-15
1.5749e-15
1.6274e-15
1.67384e-15
1.71298e-15
1.74503e-15
1.76938e-15
1.7864e-15
1.79561e-15
1.79736e-15
1.79182e-15
1.77887e-15
1.75906e-15
1.73257e-15
1.69947e-15
1.66034e-15
1.61523e-15
1.56469e-15
1.50885e-15
1.44816e-15
1.383e-15
1.31368e-15
1.2406e-15
1.16413e-15
1.08472e-15
1.00272e-15
9.18676e-16
8.33167e-16
7.46784e-16
6.60418e-16
5.75309e-16
4.93404e-16
4.17598e-16
3.52013e-16
3.05758e-16
2.88686e-16
3.00712e-15
3.01704e-15
3.04587e-15
3.09181e-15
3.15125e-15
3.22027e-15
3.29461e-15
3.36975e-15
3.44173e-15
3.50681e-15
3.56199e-15
3.60446e-15
3.63199e-15
3.64341e-15
3.63792e-15
3.61446e-15
3.5737e-15
3.51555e-15
3.4406e-15
3.34994e-15
3.24479e-15
3.12635e-15
2.99634e-15
2.85646e-15
2.70824e-15
2.55378e-15
2.39523e-15
2.2345e-15
2.07376e-15
1.91589e-15
1.76323e-15
1.61865e-15
1.48509e-15
1.36603e-15
1.26489e-15
1.18506e-15
1.12884e-15
1.09712e-15
1.08906e-15
1.10216e-15
1.13245e-15
1.17575e-15
1.22757e-15
1.28415e-15
1.34256e-15
1.40027e-15
1.45516e-15
1.50607e-15
1.55191e-15
1.59189e-15
1.62535e-15
1.65213e-15
1.67185e-15
1.68449e-15
1.6901e-15
1.6888e-15
1.68046e-15
1.6655e-15
1.644e-15
1.61627e-15
1.58252e-15
1.54316e-15
1.49831e-15
1.44844e-15
1.3939e-15
1.33502e-15
1.27216e-15
1.20572e-15
1.13614e-15
1.06388e-15
9.89475e-16
9.13447e-16
8.36496e-16
7.59464e-16
6.83514e-16
6.10018e-16
5.40778e-16
4.7937e-16
4.29594e-16
3.96447e-16
3.84716e-16
3.04502e-15
3.05418e-15
3.08089e-15
3.12427e-15
3.18054e-15
3.24603e-15
3.31658e-15
3.38854e-15
3.45791e-15
3.52115e-15
3.57553e-15
3.6184e-15
3.64735e-15
3.66144e-15
3.6593e-15
3.64048e-15
3.60524e-15
3.55316e-15
3.48513e-15
3.40174e-15
3.30398e-15
3.19318e-15
3.07081e-15
2.93844e-15
2.79741e-15
2.64971e-15
2.49723e-15
2.34163e-15
2.18511e-15
2.02995e-15
1.87794e-15
1.7318e-15
1.59442e-15
1.46791e-15
1.35602e-15
1.26119e-15
1.18608e-15
1.13264e-15
1.10137e-15
1.09139e-15
1.10041e-15
1.12492e-15
1.16112e-15
1.20525e-15
1.25398e-15
1.30456e-15
1.35445e-15
1.40201e-15
1.44603e-15
1.4853e-15
1.51915e-15
1.54734e-15
1.56904e-15
1.58441e-15
1.5932e-15
1.59548e-15
1.59123e-15
1.58061e-15
1.56386e-15
1.54114e-15
1.51266e-15
1.4787e-15
1.4396e-15
1.39569e-15
1.34729e-15
1.29474e-15
1.23846e-15
1.1789e-15
1.11651e-15
1.05177e-15
9.85222e-16
9.17633e-16
8.49639e-16
7.82311e-16
7.16734e-16
6.5434e-16
5.97479e-16
5.48397e-16
5.09761e-16
4.83956e-16
4.75272e-16
3.06956e-15
3.07792e-15
3.10381e-15
3.14412e-15
3.19584e-15
3.257e-15
3.32397e-15
3.39237e-15
3.45879e-15
3.51985e-15
3.57279e-15
3.6152e-15
3.64533e-15
3.66123e-15
3.66209e-15
3.64755e-15
3.61702e-15
3.57044e-15
3.50871e-15
3.4321e-15
3.34157e-15
3.23858e-15
3.12389e-15
2.9991e-15
2.8656e-15
2.72503e-15
2.57921e-15
2.42953e-15
2.27817e-15
2.12705e-15
1.97792e-15
1.83305e-15
1.69464e-15
1.56504e-15
1.4467e-15
1.34242e-15
1.25431e-15
1.18477e-15
1.13493e-15
1.10517e-15
1.09444e-15
1.10048e-15
1.12034e-15
1.15066e-15
1.1881e-15
1.22972e-15
1.27299e-15
1.31582e-15
1.35656e-15
1.39404e-15
1.42724e-15
1.45567e-15
1.4786e-15
1.49582e-15
1.50713e-15
1.51249e-15
1.51176e-15
1.50508e-15
1.49261e-15
1.4746e-15
1.45111e-15
1.42245e-15
1.38892e-15
1.35082e-15
1.30849e-15
1.26231e-15
1.21265e-15
1.16001e-15
1.10485e-15
1.04772e-15
9.89197e-16
9.30017e-16
8.70952e-16
8.13078e-16
7.57242e-16
7.05346e-16
6.58868e-16
6.18876e-16
5.88442e-16
5.69431e-16
5.62931e-16
3.0827e-15
3.0903e-15
3.11447e-15
3.15089e-15
3.19997e-15
3.25774e-15
3.31966e-15
3.38396e-15
3.44702e-15
3.50559e-15
3.5568e-15
3.59845e-15
3.62861e-15
3.64608e-15
3.64931e-15
3.63808e-15
3.61173e-15
3.57075e-15
3.51462e-15
3.44448e-15
3.36108e-15
3.26532e-15
3.15815e-15
3.041e-15
2.91501e-15
2.78197e-15
2.64308e-15
2.50017e-15
2.35475e-15
2.20849e-15
2.06339e-15
1.92121e-15
1.78388e-15
1.65375e-15
1.53256e-15
1.42281e-15
1.32645e-15
1.2458e-15
1.18224e-15
1.13673e-15
1.10915e-15
1.09836e-15
1.10239e-15
1.11851e-15
1.14382e-15
1.17538e-15
1.21071e-15
1.2475e-15
1.2838e-15
1.31836e-15
1.34985e-15
1.37756e-15
1.40086e-15
1.4192e-15
1.43235e-15
1.44013e-15
1.44244e-15
1.43929e-15
1.43075e-15
1.41702e-15
1.39819e-15
1.37448e-15
1.34633e-15
1.31384e-15
1.2774e-15
1.23744e-15
1.19435e-15
1.14855e-15
1.10055e-15
1.05091e-15
1.00022e-15
9.49211e-16
8.98662e-16
8.49563e-16
8.02735e-16
7.59904e-16
7.21737e-16
6.89629e-16
6.65859e-16
6.51058e-16
6.46026e-16
3.08609e-15
3.09329e-15
3.115e-15
3.14884e-15
3.19487e-15
3.24694e-15
3.30618e-15
3.36645e-15
3.42535e-15
3.48076e-15
3.52989e-15
3.5704e-15
3.60038e-15
3.61854e-15
3.62372e-15
3.61527e-15
3.5928e-15
3.5561e-15
3.50563e-15
3.44156e-15
3.36482e-15
3.27594e-15
3.1761e-15
3.06638e-15
2.94803e-15
2.82235e-15
2.69068e-15
2.55456e-15
2.41539e-15
2.27528e-15
2.13505e-15
1.99666e-15
1.86206e-15
1.73308e-15
1.61155e-15
1.49919e-15
1.39823e-15
1.31036e-15
1.23699e-15
1.1797e-15
1.13865e-15
1.1136e-15
1.10339e-15
1.106e-15
1.11916e-15
1.14027e-15
1.1668e-15
1.19655e-15
1.22752e-15
1.25813e-15
1.28703e-15
1.3133e-15
1.33601e-15
1.35475e-15
1.36907e-15
1.37869e-15
1.38339e-15
1.38319e-15
1.37816e-15
1.36832e-15
1.35384e-15
1.33483e-15
1.31167e-15
1.28455e-15
1.25382e-15
1.21986e-15
1.18308e-15
1.14387e-15
1.10276e-15
1.06029e-15
1.01704e-15
9.73725e-16
9.31034e-16
8.89901e-16
8.50992e-16
8.15859e-16
7.84772e-16
7.5896e-16
7.40088e-16
7.2842e-16
7.2447e-16
Process [2]
3.08115e-15
3.0882e-15
3.10748e-15
3.13989e-15
3.18038e-15
3.23042e-15
3.28391e-15
3.33973e-15
3.39609e-15
3.44804e-15
3.49437e-15
3.53322e-15
3.56263e-15
3.58107e-15
3.58763e-15
3.5814e-15
3.56224e-15
3.52964e-15
3.48409e-15
3.42564e-15
3.35505e-15
3.27273e-15
3.17986e-15
3.07746e-15
2.9665e-15
2.8478e-15
2.7235e-15
2.59439e-15
2.46195e-15
2.32793e-15
2.19322e-15
2.05978e-15
1.92887e-15
1.80241e-15
1.68213e-15
1.56942e-15
1.46618e-15
1.37404e-15
1.29446e-15
1.22881e-15
1.17767e-15
1.1412e-15
1.11891e-15
1.10954e-15
1.11131e-15
1.12211e-15
1.13972e-15
1.16196e-15
1.18687e-15
1.21282e-15
1.23838e-15
1.26239e-15
1.28393e-15
1.30233e-15
1.31713e-15
1.32795e-15
1.3346e-15
1.33691e-15
1.33484e-15
1.32842e-15
1.31784e-15
1.30316e-15
1.2847e-15
1.2626e-15
1.23723e-15
1.20895e-15
1.1781e-15
1.14513e-15
1.11051e-15
1.07475e-15
1.03839e-15
1.00213e-15
9.66496e-16
9.32477e-16
9.00363e-16
8.71666e-16
8.46726e-16
8.25736e-16
8.10587e-16
8.01327e-16
7.98201e-16
3.06928e-15
3.07565e-15
3.09306e-15
3.12265e-15
3.15962e-15
3.20589e-15
3.25486e-15
3.30814e-15
3.35868e-15
3.40786e-15
3.45229e-15
3.48921e-15
3.51751e-15
3.53583e-15
3.54319e-15
3.53879e-15
3.5223e-15
3.49344e-15
3.45217e-15
3.39881e-15
3.33385e-15
3.25789e-15
3.17168e-15
3.0761e-15
2.97204e-15
2.86089e-15
2.74368e-15
2.62163e-15
2.49596e-15
2.368e-15
2.23931e-15
2.11109e-15
1.98491e-15
1.86199e-15
1.74387e-15
1.63239e-15
1.52897e-15
1.43472e-15
1.35151e-15
1.28029e-15
1.22185e-15
1.17675e-15
1.14482e-15
1.12539e-15
1.11704e-15
1.11831e-15
1.12726e-15
1.14197e-15
1.16057e-15
1.1814e-15
1.20302e-15
1.22415e-15
1.24392e-15
1.26146e-15
1.27618e-15
1.28768e-15
1.29568e-15
1.29993e-15
1.30039e-15
1.29699e-15
1.28984e-15
1.27905e-15
1.26485e-15
1.2474e-15
1.22699e-15
1.20394e-15
1.17861e-15
1.1514e-15
1.12275e-15
1.09313e-15
1.06305e-15
1.03309e-15
1.00374e-15
9.75863e-16
9.49697e-16
9.26224e-16
9.06236e-16
8.89838e-16
8.77122e-16
8.69672e-16
8.67187e-16
3.05116e-15
3.05692e-15
3.0728e-15
3.09962e-15
3.13489e-15
3.1754e-15
3.22238e-15
3.26917e-15
3.31753e-15
3.36334e-15
3.40364e-15
3.4383e-15
3.46555e-15
3.48371e-15
3.49175e-15
3.48907e-15
3.47482e-15
3.44906e-15
3.41171e-15
3.36295e-15
3.30324e-15
3.23311e-15
3.15311e-15
3.06403e-15
2.9669e-15
2.8627e-15
2.75244e-15
2.6373e-15
2.5185e-15
2.39703e-15
2.27431e-15
2.15173e-15
2.03033e-15
1.91175e-15
1.79706e-15
1.68785e-15
1.58527e-15
1.49086e-15
1.406e-15
1.3313e-15
1.26804e-15
1.21672e-15
1.17743e-15
1.14979e-15
1.13301e-15
1.12589e-15
1.12696e-15
1.13449e-15
1.14681e-15
1.16237e-15
1.17975e-15
1.19766e-15
1.21511e-15
1.23129e-15
1.24547e-15
1.25713e-15
1.26592e-15
1.27168e-15
1.27414e-15
1.27329e-15
1.26917e-15
1.26182e-15
1.25142e-15
1.23818e-15
1.22226e-15
1.20398e-15
1.18368e-15
1.16171e-15
1.13845e-15
1.11435e-15
1.08987e-15
1.06543e-15
1.04166e-15
1.01889e-15
9.98027e-16
9.78851e-16
9.62705e-16
9.49752e-16
9.40225e-16
9.34406e-16
9.3244e-16
3.02811e-15
3.0333e-15
3.0475e-15
3.07179e-15
3.10417e-15
3.14058e-15
3.18358e-15
3.22625e-15
3.27187e-15
3.31284e-15
3.35124e-15
3.38469e-15
3.41022e-15
3.42754e-15
3.43554e-15
3.43329e-15
3.42101e-15
3.39821e-15
3.36421e-15
3.31967e-15
3.26482e-15
3.19992e-15
3.12576e-15
3.04299e-15
2.95237e-15
2.85482e-15
2.75128e-15
2.64293e-15
2.53069e-15
2.41577e-15
2.29944e-15
2.18225e-15
2.0665e-15
1.95242e-15
1.84167e-15
1.73546e-15
1.63515e-15
1.54156e-15
1.45621e-15
1.38013e-15
1.31387e-15
1.25842e-15
1.21371e-15
1.17982e-15
1.15619e-15
1.14207e-15
1.13616e-15
1.13714e-15
1.14357e-15
1.154e-15
1.16705e-15
1.18155e-15
1.19646e-15
1.21079e-15
1.224e-15
1.23544e-15
1.24466e-15
1.25142e-15
1.25545e-15
1.25672e-15
1.25513e-15
1.25077e-15
1.2437e-15
1.23412e-15
1.22221e-15
1.2082e-15
1.19239e-15
1.17507e-15
1.15662e-15
1.13741e-15
1.11781e-15
1.09825e-15
1.07922e-15
1.061e-15
1.04417e-15
1.02931e-15
1.01604e-15
1.00556e-15
9.98006e-16
9.93401e-16
9.91846e-16
3.00022e-15
3.00492e-15
3.01795e-15
3.03981e-15
3.0691e-15
3.1021e-15
3.14116e-15
3.18176e-15
3.22172e-15
3.25938e-15
3.29642e-15
3.32617e-15
3.34981e-15
3.36625e-15
3.37443e-15
3.37362e-15
3.36264e-15
3.34183e-15
3.31117e-15
3.27039e-15
3.21979e-15
3.15991e-15
3.09132e-15
3.01432e-15
2.9298e-15
2.83843e-15
2.7417e-15
2.63993e-15
2.53424e-15
2.42557e-15
2.31535e-15
2.20425e-15
2.09382e-15
1.98467e-15
1.87827e-15
1.77581e-15
1.67811e-15
1.58668e-15
1.50204e-15
1.42557e-15
1.35803e-15
1.29978e-15
1.25138e-15
1.21287e-15
1.18399e-15
1.16414e-15
1.15241e-15
1.14773e-15
1.14877e-15
1.15439e-15
1.16326e-15
1.17432e-15
1.18646e-15
1.19885e-15
1.21076e-15
1.22157e-15
1.23084e-15
1.2382e-15
1.24338e-15
1.24628e-15
1.24679e-15
1.24495e-15
1.24076e-15
1.23437e-15
1.22595e-15
1.21568e-15
1.2038e-15
1.19058e-15
1.17634e-15
1.16138e-15
1.14603e-15
1.13072e-15
1.11563e-15
1.10143e-15
1.08806e-15
1.07613e-15
1.06614e-15
1.05808e-15
1.05159e-15
1.04774e-15
1.04651e-15
2.96883e-15
2.97301e-15
2.98453e-15
3.00433e-15
3.03071e-15
3.06088e-15
3.09589e-15
3.13347e-15
3.16912e-15
3.20511e-15
3.23749e-15
3.26484e-15
3.28675e-15
3.30217e-15
3.31004e-15
3.30975e-15
3.30058e-15
3.28145e-15
3.25367e-15
3.21607e-15
3.16968e-15
3.1143e-15
3.05068e-15
2.97925e-15
2.90039e-15
2.81551e-15
2.72454e-15
2.62918e-15
2.52994e-15
2.42758e-15
2.32319e-15
2.21829e-15
2.11324e-15
2.0094e-15
1.90768e-15
1.80907e-15
1.71471e-15
1.62582e-15
1.54293e-15
1.46697e-15
1.39921e-15
1.33965e-15
1.28884e-15
1.24723e-15
1.21448e-15
1.19012e-15
1.17363e-15
1.16411e-15
1.1605e-15
1.16172e-15
1.16673e-15
1.17441e-15
1.18381e-15
1.1941e-15
1.20451e-15
1.21444e-15
1.2234e-15
1.23101e-15
1.23696e-15
1.2411e-15
1.24328e-15
1.24348e-15
1.24172e-15
1.23805e-15
1.2326e-15
1.22556e-15
1.21707e-15
1.2074e-15
1.19679e-15
1.1855e-15
1.17384e-15
1.16202e-15
1.15055e-15
1.13935e-15
1.1292e-15
1.12005e-15
1.11185e-15
1.10557e-15
1.10099e-15
1.0982e-15
1.09726e-15
2.93357e-15
2.93751e-15
2.94806e-15
2.9657e-15
2.98947e-15
3.0179e-15
3.04824e-15
3.08223e-15
3.11455e-15
3.148e-15
3.17678e-15
3.20182e-15
3.22196e-15
3.23616e-15
3.24361e-15
3.24354e-15
3.23534e-15
3.21857e-15
3.19248e-15
3.15811e-15
3.11531e-15
3.06414e-15
3.0051e-15
2.93873e-15
2.86585e-15
2.78607e-15
2.70175e-15
2.61225e-15
2.51879e-15
2.42274e-15
2.32487e-15
2.22521e-15
2.12562e-15
2.02701e-15
1.93043e-15
1.83619e-15
1.74556e-15
1.65939e-15
1.57861e-15
1.5044e-15
1.43705e-15
1.37725e-15
1.32522e-15
1.28146e-15
1.24596e-15
1.21824e-15
1.19797e-15
1.18451e-15
1.17692e-15
1.17434e-15
1.17582e-15
1.18036e-15
1.18709e-15
1.19523e-15
1.20404e-15
1.21289e-15
1.22129e-15
1.22883e-15
1.23522e-15
1.24021e-15
1.24367e-15
1.24551e-15
1.24569e-15
1.24429e-15
1.24137e-15
1.23702e-15
1.23144e-15
1.2248e-15
1.21726e-15
1.20911e-15
1.20052e-15
1.19184e-15
1.1831e-15
1.1749e-15
1.16703e-15
1.16001e-15
1.15417e-15
1.14945e-15
1.1456e-15
1.14317e-15
1.14245e-15
2.8958e-15
2.89915e-15
2.90851e-15
2.92446e-15
2.94575e-15
2.97037e-15
2.99859e-15
3.02922e-15
3.05842e-15
3.08863e-15
3.11478e-15
3.13753e-15
3.15589e-15
3.16889e-15
3.17574e-15
3.17566e-15
3.16821e-15
3.15291e-15
3.12893e-15
3.09751e-15
3.05783e-15
3.01054e-15
2.9558e-15
2.89424e-15
2.82656e-15
2.75224e-15
2.67355e-15
2.58925e-15
2.50209e-15
2.41177e-15
2.3194e-15
2.22668e-15
2.13212e-15
2.03932e-15
1.94654e-15
1.85671e-15
1.77016e-15
1.68749e-15
1.61011e-15
1.53758e-15
1.4713e-15
1.41191e-15
1.35983e-15
1.31488e-15
1.27746e-15
1.24737e-15
1.22424e-15
1.2075e-15
1.1966e-15
1.19078e-15
1.18908e-15
1.1908e-15
1.19503e-15
1.20104e-15
1.20818e-15
1.21583e-15
1.22348e-15
1.23072e-15
1.23723e-15
1.24275e-15
1.24709e-15
1.25016e-15
1.25191e-15
1.25235e-15
1.25146e-15
1.24938e-15
1.24622e-15
1.24207e-15
1.23717e-15
1.23163e-15
1.22569e-15
1.21946e-15
1.21334e-15
1.20721e-15
1.20158e-15
1.1966e-15
1.19193e-15
1.18829e-15
1.18573e-15
1.18416e-15
1.18363e-15
2.85539e-15
2.85837e-15
2.86655e-15
2.88079e-15
2.89982e-15
2.92148e-15
2.94722e-15
2.97465e-15
3.00102e-15
3.02705e-15
3.05184e-15
3.07241e-15
3.08901e-15
3.10077e-15
3.10689e-15
3.10673e-15
3.09983e-15
3.08566e-15
3.06358e-15
3.03447e-15
2.998e-15
2.95425e-15
2.90365e-15
2.84638e-15
2.78337e-15
2.7146e-15
2.64048e-15
2.5625e-15
2.48112e-15
2.39658e-15
2.30971e-15
2.2215e-15
2.13388e-15
2.04479e-15
1.95802e-15
1.87311e-15
1.79068e-15
1.7115e-15
1.63627e-15
1.56681e-15
1.50221e-15
1.44411e-15
1.39164e-15
1.34639e-15
1.30802e-15
1.27628e-15
1.25102e-15
1.23197e-15
1.21853e-15
1.20977e-15
1.20546e-15
1.20453e-15
1.20646e-15
1.21046e-15
1.21589e-15
1.22224e-15
1.22899e-15
1.23571e-15
1.24209e-15
1.24782e-15
1.25276e-15
1.25675e-15
1.25966e-15
1.26147e-15
1.26227e-15
1.262e-15
1.26079e-15
1.25876e-15
1.25597e-15
1.25262e-15
1.24882e-15
1.24479e-15
1.24057e-15
1.23646e-15
1.23261e-15
1.22883e-15
1.22578e-15
1.22333e-15
1.22152e-15
1.22041e-15
1.22004e-15
2.812e-15
2.8147e-15
2.82241e-15
2.83496e-15
2.85202e-15
2.87136e-15
2.89439e-15
2.91788e-15
2.9426e-15
2.96548e-15
2.98821e-15
3.00674e-15
3.02165e-15
3.03217e-15
3.0376e-15
3.03728e-15
3.03078e-15
3.0171e-15
2.99725e-15
2.97021e-15
2.93656e-15
2.89604e-15
2.84913e-15
2.79614e-15
2.73796e-15
2.67371e-15
2.6054e-15
2.53211e-15
2.45617e-15
2.37715e-15
2.29584e-15
2.21288e-15
2.13082e-15
2.04679e-15
1.96522e-15
1.88491e-15
1.8067e-15
1.73125e-15
1.65934e-15
1.59154e-15
1.53021e-15
1.47245e-15
1.42164e-15
1.37681e-15
1.33795e-15
1.30509e-15
1.27825e-15
1.2571e-15
1.24136e-15
1.23059e-15
1.2237e-15
1.22066e-15
1.22042e-15
1.22246e-15
1.22629e-15
1.23129e-15
1.23703e-15
1.24306e-15
1.24909e-15
1.25481e-15
1.25999e-15
1.26449e-15
1.26825e-15
1.27116e-15
1.27314e-15
1.27434e-15
1.27468e-15
1.27431e-15
1.27326e-15
1.27171e-15
1.26966e-15
1.26736e-15
1.26483e-15
1.26232e-15
1.25968e-15
1.25745e-15
1.2555e-15
1.2537e-15
1.25224e-15
1.2515e-15
1.25124e-15
2.767e-15
2.76936e-15
2.77586e-15
2.78729e-15
2.80237e-15
2.81967e-15
2.84023e-15
2.86094e-15
2.88335e-15
2.90383e-15
2.92324e-15
2.94068e-15
2.95407e-15
2.96342e-15
2.96813e-15
2.96758e-15
2.96108e-15
2.94867e-15
2.93027e-15
2.9053e-15
2.87416e-15
2.83681e-15
2.79346e-15
2.74451e-15
2.69013e-15
2.63058e-15
2.56727e-15
2.49924e-15
2.4281e-15
2.35442e-15
2.27853e-15
2.20177e-15
2.12393e-15
2.04529e-15
1.96836e-15
1.89262e-15
1.81859e-15
1.74707e-15
1.67863e-15
1.61383e-15
1.55468e-15
1.49874e-15
1.4493e-15
1.40505e-15
1.36626e-15
1.33295e-15
1.30505e-15
1.28247e-15
1.26487e-15
1.25242e-15
1.24344e-15
1.23842e-15
1.23605e-15
1.23639e-15
1.23861e-15
1.24223e-15
1.24685e-15
1.25203e-15
1.2575e-15
1.26296e-15
1.26816e-15
1.27295e-15
1.27715e-15
1.28077e-15
1.28371e-15
1.28592e-15
1.2875e-15
1.28839e-15
1.28875e-15
1.28853e-15
1.28798e-15
1.28699e-15
1.28588e-15
1.28448e-15
1.28321e-15
1.28195e-15
1.28058e-15
1.27961e-15
1.2789e-15
1.27846e-15
1.27831e-15
2.71933e-15
2.72158e-15
2.72778e-15
2.73762e-15
2.75088e-15
2.76657e-15
2.78479e-15
2.80339e-15
2.82288e-15
2.84169e-15
2.85864e-15
2.87371e-15
2.88601e-15
2.89442e-15
2.89841e-15
2.89748e-15
2.89159e-15
2.88027e-15
2.86297e-15
2.8401e-15
2.81133e-15
2.77686e-15
2.73694e-15
2.69157e-15
2.6411e-15
2.58642e-15
2.5271e-15
2.46463e-15
2.39859e-15
2.32992e-15
2.25933e-15
2.18738e-15
2.11411e-15
2.04153e-15
1.96827e-15
1.897e-15
1.82726e-15
1.75965e-15
1.69475e-15
1.63327e-15
1.57648e-15
1.52266e-15
1.47461e-15
1.43129e-15
1.39294e-15
1.35955e-15
1.33109e-15
1.30756e-15
1.28862e-15
1.27462e-15
1.26397e-15
1.25713e-15
1.25296e-15
1.25159e-15
1.25227e-15
1.25447e-15
1.25789e-15
1.2621e-15
1.26684e-15
1.27181e-15
1.27677e-15
1.28155e-15
1.28597e-15
1.28997e-15
1.29349e-15
1.29642e-15
1.29884e-15
1.30069e-15
1.30206e-15
1.30296e-15
1.30343e-15
1.30363e-15
1.30344e-15
1.30318e-15
1.30276e-15
1.30214e-15
1.30169e-15
1.3013e-15
1.30099e-15
1.30079e-15
1.30072e-15
2.67036e-15
2.67221e-15
2.67733e-15
2.68642e-15
2.69769e-15
2.71214e-15
2.72768e-15
2.74497e-15
2.76176e-15
2.77884e-15
2.7943e-15
2.80752e-15
2.81812e-15
2.8255e-15
2.82906e-15
2.82832e-15
2.82275e-15
2.81206e-15
2.79629e-15
2.77513e-15
2.7487e-15
2.71691e-15
2.68003e-15
2.63831e-15
2.59193e-15
2.54107e-15
2.48654e-15
2.42826e-15
2.36713e-15
2.30352e-15
2.23781e-15
2.17057e-15
2.10293e-15
2.03443e-15
1.96672e-15
1.89933e-15
1.8336e-15
1.76991e-15
1.70879e-15
1.65098e-15
1.59583e-15
1.54519e-15
1.49792e-15
1.45581e-15
1.41814e-15
1.38495e-15
1.35627e-15
1.33209e-15
1.31223e-15
1.29696e-15
1.28477e-15
1.27639e-15
1.27059e-15
1.26763e-15
1.26677e-15
1.26754e-15
1.26971e-15
1.27283e-15
1.27668e-15
1.28096e-15
1.28544e-15
1.28995e-15
1.29432e-15
1.29841e-15
1.30219e-15
1.30553e-15
1.30849e-15
1.31099e-15
1.31306e-15
1.3147e-15
1.31603e-15
1.31694e-15
1.31764e-15
1.3181e-15
1.31826e-15
1.31844e-15
1.31851e-15
1.31853e-15
1.31837e-15
1.31826e-15
1.31826e-15
2.61884e-15
2.62053e-15
2.62557e-15
2.63342e-15
2.64353e-15
2.65637e-15
2.67017e-15
2.68546e-15
2.70075e-15
2.71538e-15
2.7293e-15
2.74143e-15
2.75098e-15
2.75752e-15
2.76054e-15
2.75957e-15
2.75441e-15
2.74471e-15
2.73017e-15
2.71086e-15
2.68657e-15
2.65748e-15
2.62365e-15
2.58521e-15
2.54255e-15
2.49582e-15
2.44536e-15
2.39174e-15
2.33519e-15
2.27633e-15
2.21552e-15
2.15326e-15
2.08994e-15
2.02654e-15
1.96295e-15
1.90027e-15
1.83887e-15
1.77903e-15
1.72126e-15
1.66604e-15
1.61403e-15
1.56533e-15
1.52042e-15
1.47919e-15
1.44218e-15
1.4094e-15
1.38072e-15
1.3562e-15
1.33585e-15
1.31916e-15
1.30581e-15
1.29597e-15
1.28876e-15
1.28416e-15
1.28175e-15
1.28111e-15
1.28194e-15
1.28387e-15
1.28667e-15
1.29008e-15
1.29387e-15
1.29786e-15
1.30189e-15
1.30582e-15
1.30958e-15
1.31306e-15
1.31625e-15
1.31906e-15
1.32158e-15
1.3237e-15
1.32552e-15
1.32701e-15
1.32826e-15
1.32916e-15
1.32995e-15
1.33056e-15
1.33092e-15
1.33115e-15
1.33136e-15
1.33148e-15
1.33152e-15
2.56616e-15
2.5676e-15
2.57168e-15
2.57858e-15
2.58791e-15
2.59896e-15
2.61172e-15
2.62494e-15
2.6389e-15
2.6523e-15
2.66455e-15
2.67525e-15
2.68386e-15
2.6898e-15
2.6926e-15
2.69185e-15
2.68713e-15
2.67829e-15
2.66515e-15
2.64754e-15
2.62544e-15
2.59893e-15
2.56802e-15
2.5329e-15
2.49384e-15
2.45099e-15
2.40472e-15
2.35537e-15
2.3033e-15
2.24892e-15
2.19276e-15
2.13524e-15
2.07667e-15
2.01763e-15
1.95871e-15
1.90026e-15
1.84269e-15
1.78659e-15
1.73239e-15
1.68049e-15
1.6311e-15
1.58473e-15
1.54148e-15
1.50196e-15
1.46591e-15
1.43364e-15
1.40511e-15
1.38037e-15
1.35914e-15
1.34148e-15
1.3272e-15
1.31581e-15
1.3073e-15
1.30114e-15
1.29709e-15
1.29497e-15
1.29436e-15
1.295e-15
1.2966e-15
1.29896e-15
1.30185e-15
1.3051e-15
1.30855e-15
1.31205e-15
1.3155e-15
1.31881e-15
1.32194e-15
1.32485e-15
1.32747e-15
1.32983e-15
1.33189e-15
1.33371e-15
1.33521e-15
1.33652e-15
1.3376e-15
1.3384e-15
1.33907e-15
1.33958e-15
1.33993e-15
1.34014e-15
1.34021e-15
2.5109e-15
2.51211e-15
2.51588e-15
2.52219e-15
2.53063e-15
2.54053e-15
2.55202e-15
2.56416e-15
2.57638e-15
2.58849e-15
2.5998e-15
2.60966e-15
2.61754e-15
2.623e-15
2.62561e-15
2.62507e-15
2.62103e-15
2.61318e-15
2.60142e-15
2.58561e-15
2.56571e-15
2.54172e-15
2.5137e-15
2.48183e-15
2.44623e-15
2.40715e-15
2.36493e-15
2.31977e-15
2.27206e-15
2.22219e-15
2.17052e-15
2.11743e-15
2.06346e-15
2.00886e-15
1.95424e-15
1.89993e-15
1.84636e-15
1.79399e-15
1.74308e-15
1.69419e-15
1.64764e-15
1.6035e-15
1.56226e-15
1.52409e-15
1.48909e-15
1.45739e-15
1.42908e-15
1.40414e-15
1.38255e-15
1.36409e-15
1.34864e-15
1.33602e-15
1.32601e-15
1.31835e-15
1.31283e-15
1.30912e-15
1.30695e-15
1.30611e-15
1.30637e-15
1.3075e-15
1.30929e-15
1.31156e-15
1.31415e-15
1.31694e-15
1.31982e-15
1.32272e-15
1.32553e-15
1.32818e-15
1.33072e-15
1.33299e-15
1.33511e-15
1.33694e-15
1.33859e-15
1.34001e-15
1.34118e-15
1.34217e-15
1.34297e-15
1.34358e-15
1.344e-15
1.34425e-15
1.34434e-15
2.45372e-15
2.45481e-15
2.4585e-15
2.46427e-15
2.47172e-15
2.48093e-15
2.49103e-15
2.50223e-15
2.51366e-15
2.52473e-15
2.53506e-15
2.54418e-15
2.55161e-15
2.55692e-15
2.55968e-15
2.55955e-15
2.55623e-15
2.54954e-15
2.53929e-15
2.52534e-15
2.50764e-15
2.48621e-15
2.46111e-15
2.43238e-15
2.4003e-15
2.36495e-15
2.32662e-15
2.28559e-15
2.24213e-15
2.19658e-15
2.1493e-15
2.10066e-15
2.05098e-15
2.00074e-15
1.95037e-15
1.90006e-15
1.85032e-15
1.80152e-15
1.75399e-15
1.70808e-15
1.6641e-15
1.62236e-15
1.583e-15
1.54625e-15
1.51234e-15
1.48139e-15
1.45331e-15
1.42828e-15
1.40611e-15
1.38691e-15
1.37041e-15
1.3566e-15
1.34515e-15
1.33597e-15
1.32881e-15
1.32345e-15
1.31968e-15
1.31725e-15
1.31598e-15
1.31566e-15
1.31611e-15
1.31715e-15
1.31866e-15
1.32048e-15
1.32256e-15
1.32472e-15
1.32691e-15
1.32912e-15
1.3312e-15
1.33323e-15
1.33507e-15
1.33678e-15
1.3383e-15
1.33964e-15
1.3408e-15
1.34176e-15
1.34255e-15
1.34318e-15
1.34361e-15
1.34387e-15
1.34396e-15
2.39453e-15
2.39567e-15
2.3994e-15
2.40437e-15
2.41107e-15
2.41981e-15
2.42926e-15
2.43947e-15
2.45003e-15
2.46047e-15
2.47029e-15
2.47905e-15
2.48631e-15
2.49168e-15
2.49479e-15
2.49532e-15
2.493e-15
2.48761e-15
2.47899e-15
2.46699e-15
2.45162e-15
2.43282e-15
2.41061e-15
2.38513e-15
2.35646e-15
2.32481e-15
2.29037e-15
2.25338e-15
2.21409e-15
2.17279e-15
2.12981e-15
2.08548e-15
2.04008e-15
1.99405e-15
1.9477e-15
1.9014e-15
1.85534e-15
1.81003e-15
1.76577e-15
1.72276e-15
1.68136e-15
1.64178e-15
1.60424e-15
1.56901e-15
1.53609e-15
1.50585e-15
1.47797e-15
1.45289e-15
1.43028e-15
1.41034e-15
1.39282e-15
1.37768e-15
1.36484e-15
1.35408e-15
1.34523e-15
1.33815e-15
1.33259e-15
1.32841e-15
1.32542e-15
1.32346e-15
1.32235e-15
1.32194e-15
1.32208e-15
1.32272e-15
1.32365e-15
1.3248e-15
1.32617e-15
1.32756e-15
1.32904e-15
1.33046e-15
1.33185e-15
1.33316e-15
1.33436e-15
1.33543e-15
1.33638e-15
1.33723e-15
1.3379e-15
1.3384e-15
1.33877e-15
1.33899e-15
1.33906e-15
2.33326e-15
2.33456e-15
2.33796e-15
2.3426e-15
2.3489e-15
2.357e-15
2.36596e-15
2.37585e-15
2.38598e-15
2.39601e-15
2.40558e-15
2.41425e-15
2.42163e-15
2.42736e-15
2.4311e-15
2.43255e-15
2.43143e-15
2.42757e-15
2.42078e-15
2.41092e-15
2.39797e-15
2.38188e-15
2.3627e-15
2.34047e-15
2.31529e-15
2.28735e-15
2.25673e-15
2.22375e-15
2.18858e-15
2.15146e-15
2.11272e-15
2.07262e-15
2.03144e-15
1.98946e-15
1.94707e-15
1.90452e-15
1.86216e-15
1.82021e-15
1.77905e-15
1.73882e-15
1.69984e-15
1.66249e-15
1.62669e-15
1.59287e-15
1.56097e-15
1.53126e-15
1.50369e-15
1.47847e-15
1.4554e-15
1.43464e-15
1.4161e-15
1.39972e-15
1.38534e-15
1.37293e-15
1.36226e-15
1.3533e-15
1.34585e-15
1.33974e-15
1.33488e-15
1.33103e-15
1.32812e-15
1.32599e-15
1.32456e-15
1.32367e-15
1.32317e-15
1.32311e-15
1.32325e-15
1.32366e-15
1.32415e-15
1.32478e-15
1.32545e-15
1.32612e-15
1.32676e-15
1.32742e-15
1.32801e-15
1.32848e-15
1.32888e-15
1.32919e-15
1.32942e-15
1.32955e-15
1.3296e-15
2.26976e-15
2.27091e-15
2.27425e-15
2.27883e-15
2.2849e-15
2.29276e-15
2.30141e-15
2.31104e-15
2.32099e-15
2.33103e-15
2.34073e-15
2.34969e-15
2.35757e-15
2.36401e-15
2.3687e-15
2.37135e-15
2.37173e-15
2.36964e-15
2.36488e-15
2.35739e-15
2.34702e-15
2.33385e-15
2.3177e-15
2.29887e-15
2.27722e-15
2.25295e-15
2.22635e-15
2.19734e-15
2.16621e-15
2.13327e-15
2.09865e-15
2.06263e-15
2.02555e-15
1.98761e-15
1.94904e-15
1.91014e-15
1.87134e-15
1.83257e-15
1.79444e-15
1.75688e-15
1.72035e-15
1.68493e-15
1.6509e-15
1.61827e-15
1.5874e-15
1.55814e-15
1.53084e-15
1.50539e-15
1.4819e-15
1.46028e-15
1.44064e-15
1.42289e-15
1.40694e-15
1.39274e-15
1.38019e-15
1.36922e-15
1.35969e-15
1.35148e-15
1.3445e-15
1.33857e-15
1.3336e-15
1.3295e-15
1.32621e-15
1.32345e-15
1.32134e-15
1.31964e-15
1.31836e-15
1.31739e-15
1.31671e-15
1.31621e-15
1.31588e-15
1.3157e-15
1.31563e-15
1.31556e-15
1.31553e-15
1.31553e-15
1.3157e-15
1.31579e-15
1.31581e-15
1.31582e-15
1.31583e-15
2.20389e-15
2.2048e-15
2.20781e-15
2.21283e-15
2.21889e-15
2.2265e-15
2.2355e-15
2.24509e-15
2.2553e-15
2.26565e-15
2.27581e-15
2.28543e-15
2.29416e-15
2.30167e-15
2.30767e-15
2.31188e-15
2.31406e-15
2.31402e-15
2.31162e-15
2.30667e-15
Process [3]
2.29915e-15
2.28899e-15
2.27617e-15
2.2608e-15
2.24279e-15
2.22235e-15
2.19957e-15
2.17458e-15
2.14757e-15
2.11872e-15
2.08828e-15
2.0563e-15
2.02327e-15
1.98913e-15
1.95434e-15
1.91905e-15
1.88361e-15
1.84795e-15
1.81266e-15
1.77765e-15
1.74338e-15
1.70988e-15
1.67737e-15
1.64602e-15
1.61588e-15
1.58714e-15
1.5599e-15
1.53422e-15
1.5101e-15
1.48764e-15
1.46679e-15
1.44759e-15
1.42997e-15
1.41394e-15
1.39937e-15
1.38623e-15
1.37443e-15
1.36388e-15
1.35457e-15
1.34634e-15
1.33902e-15
1.33268e-15
1.32719e-15
1.32231e-15
1.31825e-15
1.3146e-15
1.3116e-15
1.30896e-15
1.30674e-15
1.30487e-15
1.3033e-15
1.30195e-15
1.3008e-15
1.29993e-15
1.29927e-15
1.29863e-15
1.29813e-15
1.29774e-15
1.29747e-15
1.29731e-15
1.29726e-15
2.13547e-15
2.13641e-15
2.13921e-15
2.14399e-15
2.15082e-15
2.15852e-15
2.16771e-15
2.17789e-15
2.18867e-15
2.19972e-15
2.21079e-15
2.22147e-15
2.23146e-15
2.24045e-15
2.24817e-15
2.2543e-15
2.25866e-15
2.26103e-15
2.26124e-15
2.25918e-15
2.25475e-15
2.24782e-15
2.23851e-15
2.22673e-15
2.21252e-15
2.19601e-15
2.17721e-15
2.15626e-15
2.1334e-15
2.10859e-15
2.08225e-15
2.05422e-15
2.0251e-15
1.99487e-15
1.96363e-15
1.9319e-15
1.8996e-15
1.86703e-15
1.83446e-15
1.80189e-15
1.76965e-15
1.73796e-15
1.70688e-15
1.67649e-15
1.64711e-15
1.61881e-15
1.59158e-15
1.56552e-15
1.54071e-15
1.51728e-15
1.49514e-15
1.47435e-15
1.45495e-15
1.43687e-15
1.42008e-15
1.40467e-15
1.39044e-15
1.37735e-15
1.3654e-15
1.35466e-15
1.3447e-15
1.33585e-15
1.3278e-15
1.32055e-15
1.31409e-15
1.3083e-15
1.30309e-15
1.29855e-15
1.29444e-15
1.29086e-15
1.28769e-15
1.285e-15
1.28264e-15
1.28056e-15
1.2788e-15
1.27732e-15
1.27627e-15
1.2756e-15
1.27497e-15
1.27459e-15
1.27446e-15
2.06429e-15
2.06529e-15
2.06827e-15
2.07314e-15
2.07982e-15
2.08861e-15
2.09833e-15
2.10922e-15
2.12102e-15
2.13325e-15
2.14562e-15
2.15785e-15
2.16957e-15
2.18049e-15
2.19035e-15
2.19886e-15
2.20579e-15
2.21095e-15
2.21415e-15
2.21529e-15
2.2142e-15
2.21088e-15
2.20524e-15
2.1973e-15
2.18702e-15
2.17449e-15
2.15979e-15
2.14301e-15
2.12419e-15
2.10355e-15
2.0812e-15
2.05727e-15
2.03191e-15
2.00541e-15
1.97776e-15
1.94924e-15
1.92008e-15
1.89034e-15
1.86028e-15
1.83011e-15
1.79977e-15
1.76976e-15
1.73995e-15
1.7106e-15
1.68183e-15
1.65368e-15
1.62632e-15
1.59982e-15
1.57422e-15
1.54962e-15
1.52606e-15
1.50362e-15
1.48224e-15
1.46207e-15
1.44295e-15
1.42489e-15
1.40808e-15
1.39232e-15
1.37743e-15
1.36389e-15
1.35103e-15
1.33933e-15
1.3284e-15
1.31848e-15
1.30921e-15
1.30094e-15
1.29318e-15
1.28629e-15
1.28003e-15
1.27438e-15
1.26934e-15
1.26482e-15
1.26088e-15
1.25762e-15
1.25469e-15
1.25221e-15
1.2502e-15
1.24863e-15
1.24753e-15
1.24686e-15
1.24664e-15
1.98909e-15
1.99019e-15
1.99347e-15
1.99934e-15
2.00704e-15
2.01608e-15
2.02688e-15
2.03926e-15
2.05227e-15
2.06622e-15
2.08038e-15
2.09465e-15
2.1086e-15
2.12197e-15
2.13447e-15
2.14583e-15
2.1558e-15
2.16418e-15
2.17078e-15
2.17546e-15
2.17808e-15
2.17859e-15
2.17692e-15
2.17302e-15
2.16687e-15
2.15858e-15
2.14807e-15
2.13546e-15
2.12084e-15
2.10428e-15
2.08589e-15
2.06596e-15
2.04437e-15
2.02137e-15
1.9972e-15
1.97196e-15
1.94573e-15
1.91868e-15
1.89108e-15
1.86299e-15
1.83459e-15
1.80594e-15
1.77728e-15
1.74871e-15
1.72038e-15
1.69234e-15
1.66473e-15
1.63763e-15
1.61111e-15
1.58528e-15
1.5602e-15
1.53599e-15
1.51256e-15
1.48991e-15
1.46829e-15
1.44773e-15
1.42777e-15
1.40917e-15
1.39124e-15
1.37436e-15
1.35851e-15
1.3435e-15
1.32944e-15
1.31642e-15
1.30401e-15
1.29281e-15
1.28222e-15
1.27253e-15
1.2637e-15
1.25563e-15
1.24836e-15
1.2418e-15
1.23595e-15
1.23079e-15
1.22637e-15
1.22295e-15
1.22001e-15
1.21765e-15
1.21598e-15
1.21497e-15
1.21463e-15
1.91164e-15
1.91287e-15
1.91652e-15
1.92252e-15
1.93076e-15
1.94112e-15
1.95377e-15
1.96748e-15
1.98253e-15
1.99862e-15
2.01515e-15
2.03203e-15
2.04877e-15
2.06517e-15
2.08085e-15
2.09556e-15
2.10907e-15
2.12118e-15
2.13161e-15
2.14025e-15
2.14697e-15
2.15167e-15
2.15424e-15
2.15463e-15
2.15282e-15
2.1488e-15
2.14261e-15
2.13428e-15
2.1239e-15
2.11151e-15
2.09719e-15
2.08104e-15
2.06317e-15
2.04377e-15
2.02291e-15
2.00068e-15
1.97729e-15
1.95284e-15
1.92749e-15
1.90134e-15
1.8746e-15
1.84733e-15
1.81966e-15
1.79172e-15
1.76362e-15
1.73548e-15
1.70758e-15
1.67974e-15
1.65212e-15
1.62482e-15
1.5982e-15
1.57197e-15
1.54611e-15
1.52124e-15
1.49687e-15
1.47308e-15
1.45057e-15
1.4282e-15
1.40739e-15
1.38672e-15
1.36765e-15
1.34885e-15
1.33143e-15
1.31485e-15
1.29894e-15
1.28436e-15
1.27058e-15
1.25763e-15
1.2458e-15
1.23487e-15
1.22491e-15
1.21599e-15
1.20792e-15
1.20077e-15
1.19456e-15
1.1893e-15
1.18499e-15
1.18164e-15
1.17924e-15
1.1778e-15
1.17732e-15
1.82951e-15
1.83093e-15
1.83515e-15
1.84209e-15
1.8516e-15
1.86389e-15
1.87833e-15
1.89415e-15
1.91176e-15
1.93061e-15
1.95012e-15
1.97024e-15
1.99042e-15
2.01044e-15
2.02989e-15
2.04863e-15
2.06623e-15
2.08248e-15
2.09726e-15
2.11037e-15
2.12157e-15
2.13076e-15
2.13785e-15
2.14281e-15
2.14552e-15
2.14605e-15
2.14435e-15
2.14043e-15
2.13428e-15
2.12605e-15
2.11572e-15
2.10339e-15
2.0892e-15
2.07318e-15
2.05547e-15
2.03623e-15
2.01558e-15
1.99357e-15
1.97025e-15
1.94592e-15
1.92058e-15
1.89439e-15
1.86752e-15
1.84021e-15
1.81223e-15
1.78382e-15
1.75519e-15
1.72664e-15
1.69778e-15
1.6689e-15
1.6406e-15
1.61196e-15
1.58394e-15
1.55639e-15
1.52886e-15
1.50253e-15
1.476e-15
1.45088e-15
1.4258e-15
1.40189e-15
1.37878e-15
1.35607e-15
1.33495e-15
1.31424e-15
1.29454e-15
1.27615e-15
1.25865e-15
1.24204e-15
1.22673e-15
1.21251e-15
1.19939e-15
1.18753e-15
1.17693e-15
1.1674e-15
1.15909e-15
1.15202e-15
1.14621e-15
1.14167e-15
1.13842e-15
1.13646e-15
1.13581e-15
1.74345e-15
1.74511e-15
1.75006e-15
1.75819e-15
1.76936e-15
1.78383e-15
1.80068e-15
1.81933e-15
1.84e-15
1.86238e-15
1.88558e-15
1.90961e-15
1.934e-15
1.95827e-15
1.98233e-15
2.0055e-15
2.02791e-15
2.04896e-15
2.06849e-15
2.08654e-15
2.10264e-15
2.11669e-15
2.12866e-15
2.13852e-15
2.14602e-15
2.15119e-15
2.154e-15
2.15454e-15
2.1528e-15
2.14869e-15
2.14232e-15
2.13373e-15
2.12307e-15
2.11052e-15
2.09588e-15
2.07938e-15
2.06114e-15
2.04141e-15
2.02016e-15
1.99731e-15
1.97314e-15
1.94808e-15
1.92195e-15
1.89458e-15
1.86655e-15
1.83815e-15
1.80851e-15
1.77891e-15
1.74888e-15
1.71813e-15
1.68801e-15
1.65678e-15
1.62674e-15
1.5956e-15
1.56591e-15
1.53523e-15
1.50617e-15
1.47653e-15
1.44799e-15
1.42027e-15
1.39235e-15
1.36609e-15
1.34049e-15
1.31519e-15
1.29148e-15
1.2688e-15
1.247e-15
1.22626e-15
1.20698e-15
1.18894e-15
1.1722e-15
1.15686e-15
1.14318e-15
1.13087e-15
1.12005e-15
1.1108e-15
1.10317e-15
1.0972e-15
1.09292e-15
1.09034e-15
1.08948e-15
1.65309e-15
1.65507e-15
1.66094e-15
1.67061e-15
1.68388e-15
1.70056e-15
1.72082e-15
1.74315e-15
1.76763e-15
1.79409e-15
1.822e-15
1.85076e-15
1.87999e-15
1.90951e-15
1.93859e-15
1.96729e-15
1.9948e-15
2.02148e-15
2.04626e-15
2.06979e-15
2.09109e-15
2.11038e-15
2.1278e-15
2.14252e-15
2.15499e-15
2.16525e-15
2.17267e-15
2.17764e-15
2.18039e-15
2.18035e-15
2.17777e-15
2.17312e-15
2.16601e-15
2.15636e-15
2.14458e-15
2.13113e-15
2.11506e-15
2.09715e-15
2.07789e-15
2.0563e-15
2.03331e-15
2.00922e-15
1.98293e-15
1.95629e-15
1.92789e-15
1.89847e-15
1.86869e-15
1.83714e-15
1.80609e-15
1.7731e-15
1.74108e-15
1.70726e-15
1.67447e-15
1.64062e-15
1.60697e-15
1.57396e-15
1.53977e-15
1.50722e-15
1.47445e-15
1.44154e-15
1.41023e-15
1.37927e-15
1.34826e-15
1.31888e-15
1.29047e-15
1.26295e-15
1.23616e-15
1.21099e-15
1.18717e-15
1.16474e-15
1.14381e-15
1.12448e-15
1.10711e-15
1.09145e-15
1.07761e-15
1.06574e-15
1.05592e-15
1.04821e-15
1.04266e-15
1.03932e-15
1.0382e-15
1.55807e-15
1.56044e-15
1.56751e-15
1.57912e-15
1.59505e-15
1.61496e-15
1.63848e-15
1.66546e-15
1.69511e-15
1.72661e-15
1.75987e-15
1.79429e-15
1.82947e-15
1.86488e-15
1.8999e-15
1.9348e-15
1.96817e-15
2.00099e-15
2.03157e-15
2.06113e-15
2.0879e-15
2.11338e-15
2.13565e-15
2.15627e-15
2.17375e-15
2.1887e-15
2.2014e-15
2.21058e-15
2.21792e-15
2.22185e-15
2.22327e-15
2.22238e-15
2.218e-15
2.21215e-15
2.20293e-15
2.19151e-15
2.1782e-15
2.16166e-15
2.14431e-15
2.12351e-15
2.10207e-15
2.07771e-15
2.05247e-15
2.02502e-15
1.99659e-15
1.9663e-15
1.93543e-15
1.90245e-15
1.86983e-15
1.83455e-15
1.80052e-15
1.76399e-15
1.72792e-15
1.69179e-15
1.65373e-15
1.61713e-15
1.58017e-15
1.54192e-15
1.50521e-15
1.46883e-15
1.43178e-15
1.39548e-15
1.36042e-15
1.32599e-15
1.2921e-15
1.25884e-15
1.2273e-15
1.197e-15
1.16804e-15
1.1406e-15
1.11481e-15
1.09101e-15
1.0692e-15
1.04948e-15
1.03204e-15
1.01701e-15
1.00452e-15
9.94684e-16
9.87589e-16
9.83305e-16
9.81871e-16
1.45653e-15
1.45943e-15
1.46806e-15
1.48223e-15
1.50208e-15
1.52683e-15
1.55516e-15
1.58724e-15
1.62251e-15
1.6604e-15
1.70024e-15
1.74139e-15
1.78346e-15
1.82546e-15
1.86755e-15
1.9093e-15
1.94926e-15
1.98873e-15
2.02603e-15
2.06143e-15
2.09519e-15
2.12564e-15
2.15476e-15
2.17986e-15
2.20362e-15
2.22302e-15
2.24109e-15
2.25453e-15
2.26658e-15
2.27398e-15
2.28012e-15
2.28154e-15
2.28176e-15
2.27736e-15
2.27192e-15
2.26195e-15
2.25114e-15
2.23586e-15
2.22019e-15
2.19994e-15
2.17967e-15
2.15502e-15
2.1304e-15
2.10229e-15
2.07306e-15
2.04277e-15
2.00903e-15
1.97624e-15
1.94019e-15
1.90353e-15
1.867e-15
1.82732e-15
1.78816e-15
1.74901e-15
1.7076e-15
1.66613e-15
1.6254e-15
1.58417e-15
1.54134e-15
1.49977e-15
1.45869e-15
1.41783e-15
1.37681e-15
1.33607e-15
1.29691e-15
1.2586e-15
1.22131e-15
1.1852e-15
1.15047e-15
1.11722e-15
1.086e-15
1.05685e-15
1.02994e-15
1.00549e-15
9.83728e-16
9.64871e-16
9.49124e-16
9.36671e-16
9.27657e-16
9.222e-16
9.20375e-16
1.35086e-15
1.35442e-15
1.365e-15
1.38233e-15
1.40597e-15
1.43537e-15
1.46986e-15
1.50874e-15
1.55131e-15
1.59683e-15
1.64431e-15
1.69334e-15
1.74328e-15
1.79298e-15
1.84281e-15
1.89224e-15
1.93987e-15
1.98587e-15
2.03102e-15
2.0728e-15
2.11264e-15
2.15067e-15
2.18416e-15
2.21648e-15
2.24487e-15
2.26973e-15
2.29279e-15
2.31045e-15
2.32711e-15
2.33858e-15
2.34771e-15
2.35387e-15
2.35522e-15
2.35574e-15
2.3505e-15
2.34438e-15
2.33434e-15
2.32072e-15
2.30639e-15
2.28655e-15
2.2664e-15
2.2433e-15
2.21619e-15
2.1895e-15
2.159e-15
2.12594e-15
2.09318e-15
2.057e-15
2.01863e-15
1.98081e-15
1.94105e-15
1.89797e-15
1.85591e-15
1.81314e-15
1.76873e-15
1.7222e-15
1.67698e-15
1.63134e-15
1.58528e-15
1.53783e-15
1.49051e-15
1.44425e-15
1.39817e-15
1.35244e-15
1.30723e-15
1.26248e-15
1.21831e-15
1.17599e-15
1.13507e-15
1.09576e-15
1.05831e-15
1.02302e-15
9.90196e-16
9.6015e-16
9.3321e-16
9.09704e-16
8.89954e-16
8.74238e-16
8.62826e-16
8.5589e-16
8.53567e-16
1.23759e-15
1.24203e-15
1.25523e-15
1.27677e-15
1.30601e-15
1.34215e-15
1.38429e-15
1.43147e-15
1.48282e-15
1.5372e-15
1.59373e-15
1.65183e-15
1.71077e-15
1.76961e-15
1.8274e-15
1.88505e-15
1.94148e-15
1.99551e-15
2.04661e-15
2.09674e-15
2.14417e-15
2.18678e-15
2.22782e-15
2.26625e-15
2.29912e-15
2.32978e-15
2.35793e-15
2.38e-15
2.39994e-15
2.41728e-15
2.42825e-15
2.4374e-15
2.44388e-15
2.44391e-15
2.44264e-15
2.43873e-15
2.42852e-15
2.41719e-15
2.40367e-15
2.38422e-15
2.36341e-15
2.34114e-15
2.31451e-15
2.28427e-15
2.25415e-15
2.22154e-15
2.18401e-15
2.14622e-15
2.10749e-15
2.06681e-15
2.02203e-15
1.97714e-15
1.93187e-15
1.88528e-15
1.83711e-15
1.78604e-15
1.73603e-15
1.68562e-15
1.63457e-15
1.58303e-15
1.53093e-15
1.4774e-15
1.42517e-15
1.3734e-15
1.32197e-15
1.27107e-15
1.22093e-15
1.17177e-15
1.12387e-15
1.07751e-15
1.03299e-15
9.90748e-16
9.51263e-16
9.14819e-16
8.81856e-16
8.52856e-16
8.28282e-16
8.08606e-16
7.94216e-16
7.85448e-16
7.82498e-16
1.11767e-15
1.1233e-15
1.13998e-15
1.16702e-15
1.2035e-15
1.2482e-15
1.29984e-15
1.35713e-15
1.41884e-15
1.4837e-15
1.55061e-15
1.61896e-15
1.68789e-15
1.75671e-15
1.82483e-15
1.89085e-15
1.95466e-15
2.01748e-15
2.07788e-15
2.13537e-15
2.18777e-15
2.23835e-15
2.28622e-15
2.33042e-15
2.36838e-15
2.4041e-15
2.43697e-15
2.46552e-15
2.4873e-15
2.50759e-15
2.52459e-15
2.53657e-15
2.54238e-15
2.54735e-15
2.54873e-15
2.54452e-15
2.53563e-15
2.52596e-15
2.51283e-15
2.49449e-15
2.47189e-15
2.44893e-15
2.42296e-15
2.39338e-15
2.35838e-15
2.32364e-15
2.28683e-15
2.24761e-15
2.20526e-15
2.15882e-15
2.11311e-15
2.06578e-15
2.01674e-15
1.96614e-15
1.91306e-15
1.85767e-15
1.80326e-15
1.74792e-15
1.69171e-15
1.63477e-15
1.57728e-15
1.51936e-15
1.46075e-15
1.40128e-15
1.34327e-15
1.28567e-15
1.22861e-15
1.17233e-15
1.11713e-15
1.06331e-15
1.01123e-15
9.61312e-16
9.14028e-16
8.69916e-16
8.29584e-16
7.93698e-16
7.6297e-16
7.38106e-16
7.19778e-16
7.08539e-16
7.04745e-16
9.90554e-16
9.97825e-16
1.01922e-15
1.05369e-15
1.09962e-15
1.15523e-15
1.21864e-15
1.28813e-15
1.36212e-15
1.43924e-15
1.51833e-15
1.59837e-15
1.67809e-15
1.75637e-15
1.83434e-15
1.9106e-15
1.98466e-15
2.05613e-15
2.12461e-15
2.1878e-15
2.24832e-15
2.30627e-15
2.36038e-15
2.41049e-15
2.4553e-15
2.49407e-15
2.53129e-15
2.56433e-15
2.59301e-15
2.6162e-15
2.63268e-15
2.64796e-15
2.65919e-15
2.66616e-15
2.66784e-15
2.6629e-15
2.65725e-15
2.64796e-15
2.63483e-15
2.61772e-15
2.59372e-15
2.56873e-15
2.5415e-15
2.51105e-15
2.47751e-15
2.4407e-15
2.39811e-15
2.3554e-15
2.31102e-15
2.26428e-15
2.21529e-15
2.16423e-15
2.1112e-15
2.05429e-15
1.99643e-15
1.93858e-15
1.87937e-15
1.81892e-15
1.75739e-15
1.69493e-15
1.63167e-15
1.56778e-15
1.50341e-15
1.43869e-15
1.37276e-15
1.30763e-15
1.24338e-15
1.17967e-15
1.11676e-15
1.05499e-15
9.94716e-16
9.36401e-16
8.80574e-16
8.27876e-16
7.79066e-16
7.35032e-16
6.96784e-16
6.65412e-16
6.42003e-16
6.2751e-16
6.22601e-16
8.53682e-16
8.63355e-16
8.91623e-16
9.36508e-16
9.9532e-16
1.06519e-15
1.14345e-15
1.22779e-15
1.31609e-15
1.40663e-15
1.49869e-15
1.59105e-15
1.68284e-15
1.77335e-15
1.86199e-15
1.94825e-15
2.03169e-15
2.11195e-15
2.18841e-15
2.25866e-15
2.32685e-15
2.39147e-15
2.45175e-15
2.50754e-15
2.55874e-15
2.60527e-15
2.64505e-15
2.67918e-15
2.71127e-15
2.7386e-15
2.76115e-15
2.77895e-15
2.79205e-15
2.79854e-15
2.79913e-15
2.79847e-15
2.79347e-15
2.78419e-15
2.77074e-15
2.75324e-15
2.73148e-15
2.70252e-15
2.67264e-15
2.64031e-15
2.60463e-15
2.56574e-15
2.52378e-15
2.47889e-15
2.43123e-15
2.38069e-15
2.32486e-15
2.26905e-15
2.21197e-15
2.15288e-15
2.09192e-15
2.02924e-15
1.96498e-15
1.89929e-15
1.83231e-15
1.76418e-15
1.69506e-15
1.62508e-15
1.5544e-15
1.48313e-15
1.41026e-15
1.33805e-15
1.26647e-15
1.19513e-15
1.12427e-15
1.0542e-15
9.85291e-16
9.17973e-16
8.52801e-16
7.90466e-16
7.31843e-16
6.78034e-16
6.30401e-16
5.90558e-16
5.60276e-16
5.41251e-16
5.34751e-16
7.10441e-16
7.2369e-16
7.61893e-16
8.21149e-16
8.96706e-16
9.84124e-16
1.07976e-15
1.18079e-15
1.28506e-15
1.39096e-15
1.4972e-15
1.60281e-15
1.70699e-15
1.80907e-15
1.90853e-15
2.00489e-15
2.09779e-15
2.18687e-15
2.27186e-15
2.3525e-15
2.42683e-15
2.4955e-15
2.56178e-15
2.62311e-15
2.67935e-15
2.73044e-15
2.77632e-15
2.81697e-15
2.85237e-15
2.88253e-15
2.90748e-15
2.92479e-15
2.9363e-15
2.94588e-15
2.95051e-15
2.95029e-15
2.94531e-15
2.93569e-15
2.92157e-15
2.90306e-15
2.8803e-15
2.85344e-15
2.82205e-15
2.7835e-15
2.74458e-15
2.70293e-15
2.65797e-15
2.60984e-15
2.55872e-15
2.50477e-15
2.44813e-15
2.38896e-15
2.32744e-15
2.26369e-15
2.1979e-15
2.13019e-15
2.06072e-15
1.98963e-15
1.91707e-15
1.84273e-15
1.76552e-15
1.68926e-15
1.61241e-15
1.5348e-15
1.45658e-15
1.37793e-15
1.299e-15
1.21999e-15
1.14113e-15
1.06267e-15
9.84913e-16
9.08264e-16
8.33219e-16
7.60441e-16
6.90823e-16
6.25584e-16
5.66394e-16
5.15478e-16
4.75636e-16
4.49973e-16
4.41074e-16
5.56137e-16
5.75454e-16
6.29585e-16
7.09966e-16
8.08017e-16
9.17267e-16
1.03326e-15
1.15301e-15
1.27443e-15
1.39606e-15
1.5168e-15
1.63581e-15
1.75241e-15
1.86605e-15
1.97627e-15
2.08267e-15
2.18491e-15
2.2827e-15
2.37578e-15
2.46393e-15
2.54696e-15
2.62471e-15
2.69705e-15
2.76386e-15
2.82508e-15
2.88063e-15
2.93044e-15
2.97112e-15
3.00718e-15
3.03981e-15
3.06679e-15
3.08817e-15
3.10401e-15
3.1144e-15
3.11945e-15
3.11924e-15
3.11391e-15
3.10358e-15
3.08838e-15
3.06847e-15
3.044e-15
3.01512e-15
2.98199e-15
2.94479e-15
2.90366e-15
2.8588e-15
2.81037e-15
2.7569e-15
2.69861e-15
2.64055e-15
2.57971e-15
2.51616e-15
2.45005e-15
2.38157e-15
2.31086e-15
2.23808e-15
2.16338e-15
2.08691e-15
2.00881e-15
1.92922e-15
1.84829e-15
1.76614e-15
1.68292e-15
1.59875e-15
1.51378e-15
1.42813e-15
1.34197e-15
1.25543e-15
1.16871e-15
1.08199e-15
9.95515e-16
9.09587e-16
8.24593e-16
7.41067e-16
6.59768e-16
5.81819e-16
5.08937e-16
4.43785e-16
3.90435e-16
3.54424e-16
3.41552e-16
3.9027e-16
4.21447e-16
5.02916e-16
6.13916e-16
7.404e-16
8.7471e-16
1.01269e-15
1.15191e-15
1.29079e-15
1.42827e-15
1.56352e-15
1.69592e-15
1.82494e-15
1.95015e-15
2.07067e-15
2.18402e-15
2.29486e-15
2.40114e-15
2.50211e-15
2.59755e-15
2.68732e-15
2.77126e-15
2.84924e-15
2.92117e-15
2.98698e-15
3.04661e-15
3.10005e-15
3.14727e-15
3.18829e-15
3.22313e-15
3.25186e-15
3.27454e-15
3.29124e-15
3.30207e-15
3.30713e-15
3.30655e-15
3.30045e-15
3.28899e-15
3.27231e-15
3.25058e-15
3.22397e-15
3.19264e-15
3.15677e-15
3.11655e-15
3.07216e-15
3.02379e-15
2.97161e-15
2.91582e-15
2.8566e-15
2.79414e-15
2.72861e-15
2.6602e-15
2.58907e-15
2.51541e-15
2.43938e-15
2.36113e-15
2.28084e-15
2.19864e-15
2.11469e-15
2.02914e-15
1.94211e-15
1.85374e-15
1.76416e-15
1.67349e-15
1.58187e-15
1.4894e-15
1.39621e-15
1.30242e-15
1.20816e-15
1.11358e-15
1.01883e-15
9.2411e-16
8.29659e-16
7.35792e-16
6.42824e-16
5.52112e-16
4.647e-16
3.82853e-16
3.11137e-16
2.58383e-16
2.38093e-16
2.20716e-16
2.79061e-16
4.05292e-16
5.53302e-16
7.08756e-16
8.66585e-16
1.02447e-15
1.1811e-15
1.33561e-15
1.48734e-15
1.63576e-15
1.78041e-15
1.92087e-15
2.0568e-15
2.18785e-15
2.31372e-15
2.43415e-15
2.54889e-15
2.65772e-15
2.76046e-15
2.85694e-15
2.94701e-15
3.03057e-15
3.10753e-15
3.17782e-15
3.24139e-15
3.29823e-15
3.34834e-15
3.39174e-15
3.42848e-15
3.45861e-15
3.48221e-15
3.49938e-15
3.51023e-15
3.51489e-15
3.5135e-15
3.5062e-15
3.49315e-15
3.47454e-15
3.45052e-15
3.4213e-15
3.38706e-15
3.34799e-15
3.3043e-15
3.25618e-15
3.20384e-15
3.14748e-15
3.0873e-15
3.02351e-15
2.95629e-15
2.88584e-15
2.81237e-15
2.73604e-15
2.65705e-15
2.57558e-15
2.49179e-15
2.40584e-15
2.31791e-15
2.22814e-15
2.13668e-15
2.04366e-15
1.94923e-15
1.8535e-15
1.75661e-15
1.65866e-15
1.55976e-15
1.46003e-15
1.35955e-15
1.25844e-15
1.15679e-15
1.05469e-15
9.52271e-16
8.49641e-16
7.46955e-16
6.44422e-16
5.4236e-16
4.41326e-16
3.4245e-16
2.48476e-16
1.67789e-16
1.29898e-16
1.22424e-16
2.06887e-16
3.65271e-16
5.33802e-16
7.03625e-16
8.72675e-16
1.03999e-15
1.20493e-15
1.36696e-15
1.52562e-15
1.6805e-15
1.8312e-15
1.97737e-15
2.11865e-15
2.25475e-15
2.38537e-15
2.51024e-15
2.62914e-15
2.74184e-15
2.84815e-15
2.94792e-15
3.04101e-15
3.1273e-15
3.2067e-15
3.27916e-15
3.34463e-15
3.4031e-15
3.45457e-15
3.49907e-15
3.53666e-15
3.56738e-15
3.59135e-15
3.60865e-15
3.6194e-15
3.62375e-15
3.62183e-15
3.61381e-15
3.59986e-15
3.58015e-15
3.55487e-15
3.52422e-15
3.4884e-15
3.44761e-15
3.40207e-15
3.35197e-15
3.29753e-15
3.23897e-15
3.17649e-15
3.1103e-15
3.0406e-15
2.96761e-15
2.89151e-15
2.8125e-15
2.73077e-15
2.64651e-15
2.55988e-15
2.47106e-15
2.38022e-15
2.2875e-15
2.19306e-15
2.09704e-15
1.99958e-15
1.90079e-15
1.80081e-15
1.69974e-15
1.59769e-15
1.49477e-15
1.39106e-15
1.28665e-15
1.18163e-15
1.07608e-15
9.70068e-16
8.63671e-16
7.56968e-16
6.50043e-16
5.43001e-16
4.36e-16
3.29345e-16
2.2389e-16
1.24099e-16
6.95391e-17
