Vec Object: Vec_0x84000004_7 8 MPI processes
  type: mpi
Process [0]
0.077923
0.139174
0.250943
0.368331
0.485988
0.602617
0.717536
0.830232
0.94027
1.04724
1.15073
1.25041
1.3459
1.43688
1.52304
1.6041
1.67979
1.74989
1.81418
1.87251
1.92474
1.97077
2.01058
2.04414
2.0715
2.09273
2.10794
2.1173
2.12101
2.11928
2.11237
2.10057
2.08416
2.06346
2.03883
2.01058
1.97905
1.94456
1.90743
1.86798
1.82649
1.78324
1.73849
1.6925
1.64547
1.59761
1.54912
1.50014
1.45084
1.40134
1.35176
1.30219
1.25272
1.20342
1.15436
1.10557
1.05711
1.009
0.961268
0.913927
0.86699
0.820461
0.774343
0.728632
0.683322
0.638407
0.593873
0.549711
0.505906
0.462446
0.419315
0.376502
0.33399
0.29177
0.249832
0.208171
0.166805
0.125799
0.0854282
0.0473215
0.0264688
0.13777
0.182875
0.276993
0.384459
0.495688
0.60744
0.718184
0.826988
0.933185
1.03622
1.13563
1.231
1.32196
1.40818
1.48939
1.56534
1.63558
1.69976
1.75799
1.81021
1.85637
1.89654
1.93095
1.96025
1.9824
1.99809
2.00812
2.01276
2.01215
2.00662
1.99645
1.982
1.96385
1.942
1.91665
1.88816
1.85686
1.82302
1.78693
1.7489
1.70918
1.66801
1.62563
1.58222
1.53798
1.49309
1.44768
1.40191
1.3559
1.30975
1.26355
1.21741
1.17137
1.12551
1.07986
1.03449
0.989405
0.944646
0.900235
0.856178
0.812491
0.769178
0.726241
0.683678
0.641487
0.599662
0.558195
0.517083
0.476317
0.435891
0.395803
0.356054
0.316652
0.277617
0.238993
0.200866
0.163415
0.127038
0.0927354
0.0635235
0.0498715
0.238207
0.264216
0.329696
0.415325
0.509877
0.607941
0.706685
0.804446
0.900114
0.992788
1.08188
1.16692
1.24739
1.3229
1.3933
1.45816
1.51746
1.57102
1.61868
1.66061
1.69652
1.72689
1.75122
1.7708
1.7839
1.79186
1.79722
1.79669
1.79087
1.78117
1.76774
1.75111
1.73126
1.70858
1.68345
1.65594
1.62635
1.59496
1.56205
1.52774
1.49221
1.45567
1.41829
1.38022
1.34158
1.30251
1.26311
1.22349
1.18373
1.14391
1.10409
1.06433
1.02467
0.985165
0.945858
0.906764
0.867918
0.829342
0.791049
0.753055
0.715368
0.677997
0.640944
0.604214
0.567813
0.531745
0.496016
0.460628
0.425597
0.390934
0.356669
0.322836
0.289502
0.256766
0.224782
0.193815
0.164316
0.137096
0.11366
0.0967552
0.0903557
0.326936
0.344287
0.391235
0.45768
0.535176
0.618265
0.70356
0.788876
0.872686
0.953968
1.03185
1.10572
1.17509
1.23956
1.29882
1.3527
1.40104
1.44376
1.48088
1.51242
1.53852
1.55929
1.57496
1.5857
1.59199
1.59348
1.59063
1.58516
1.57567
1.56226
1.54613
1.52752
1.50667
1.48381
1.45913
1.43291
1.40527
1.37648
1.34665
1.31595
1.28456
1.25255
1.22004
1.18713
1.15394
1.12053
1.08696
1.0533
1.01959
0.985897
0.952246
0.918679
0.88524
0.851948
0.818829
0.785903
0.753192
0.720704
0.688452
0.65646
0.624732
0.593286
0.562132
0.531284
0.50074
0.470524
0.440655
0.411154
0.382055
0.353398
0.325245
0.297677
0.270812
0.244821
0.219943
0.196534
0.175106
0.156412
0.141501
0.131691
0.12824
0.40385
0.416267
0.450985
0.502302
0.564448
0.632907
0.704466
0.776797
0.848251
0.917559
0.983781
1.04618
1.10419
1.15742
1.20556
1.24842
1.28592
1.31803
1.34482
1.36642
1.38299
1.39478
1.40203
1.40506
1.40398
1.39955
1.39101
1.38046
1.36688
1.35044
1.3321
1.31208
1.29059
1.26782
1.24395
1.21918
1.19366
1.16753
1.14089
1.11388
1.08656
1.05902
1.03132
1.0035
0.9756
0.947694
0.9198
0.891933
0.864123
0.836392
0.808765
0.781259
0.753896
0.726675
0.699613
0.672732
0.646043
0.619555
0.593287
0.567254
0.541459
0.515917
0.490648
0.465679
0.441026
0.41671
0.392763
0.369225
0.346148
0.32359
0.301638
0.280392
0.259991
0.240616
0.222502
0.205952
0.191344
0.179139
0.169859
0.16402
0.162024
0.468867
0.47823
0.504783
0.544892
0.594442
0.649879
0.708362
0.767769
0.826481
0.883293
0.937318
0.987847
1.03433
1.07633
1.11345
1.14549
1.17236
1.19413
1.2109
1.22289
1.23034
1.23355
1.23284
1.22856
1.22091
1.21043
1.19703
1.18214
1.16472
1.14576
1.12568
1.10465
1.08288
1.06053
1.03775
1.01471
0.991492
0.968213
0.944918
0.921683
0.898521
0.875484
0.852576
0.829809
0.807184
0.784715
0.762398
0.740227
0.718202
0.696329
0.674604
0.653029
0.631605
0.610338
0.589238
0.568301
0.547536
0.526964
0.506597
0.48644
0.466506
0.446814
0.427385
0.408246
0.389417
0.370936
0.352841
0.335171
0.31798
0.301335
0.285315
0.270013
0.255542
0.242047
0.22969
0.218667
0.209195
0.201501
0.195805
0.192299
0.191115
0.524703
0.531799
0.55213
0.583321
0.622472
0.666759
0.713781
0.761568
0.808536
0.853446
0.895351
0.933578
0.967696
0.997527
1.02304
1.04416
1.06062
1.0723
1.07935
1.08204
1.08069
1.07567
1.06737
1.05614
1.04231
1.02624
1.0085
0.989438
0.968969
0.947942
0.926543
0.904934
0.883296
0.861774
0.840495
0.819531
0.798923
0.778724
0.758959
0.739649
0.720783
0.702359
0.684336
0.666702
0.649409
0.632428
0.615732
0.599271
0.583037
0.567003
0.551156
0.535469
0.519934
0.504556
0.489325
0.474243
0.459311
0.444535
0.429944
0.415519
0.401292
0.387275
0.373493
0.359961
0.34671
0.333771
0.321181
0.308975
0.297194
0.28589
0.275121
0.264949
0.25545
0.246708
0.238817
0.231881
0.226011
0.221312
0.217879
0.215787
0.215083
0.573265
0.578496
0.593603
0.616952
0.646497
0.680143
0.716016
0.752513
0.78828
0.822151
0.853132
0.880449
0.903567
0.922162
0.936108
0.945607
0.951086
0.952717
0.950272
0.9439
0.933996
0.921003
0.905377
0.88753
0.8678
0.846598
0.824791
0.802044
0.779202
0.756614
0.734437
0.712837
0.691874
0.6716
0.652136
0.633598
0.616067
0.599529
0.583941
0.569224
0.555296
0.542076
0.529464
0.517394
0.505779
0.494553
0.483649
0.473016
0.462613
0.452399
0.442349
0.432428
0.422637
0.412945
0.403354
0.393863
0.384466
0.37516
0.365966
0.356895
0.34794
0.339127
0.330469
0.321986
0.313698
0.305627
0.2978
0.290247
0.282997
0.276078
0.269522
0.26337
0.257661
0.252434
0.247733
0.243609
0.240119
0.237323
0.235279
0.23403
0.233612
0.613222
0.617124
0.628409
0.645873
0.667869
0.692646
0.71855
0.744159
0.768366
0.790409
0.809827
0.826136
0.838725
0.846987
0.850642
0.849738
0.844528
0.835654
0.823641
0.80835
0.790035
0.769215
0.746429
0.722147
0.696824
0.67099
0.645305
0.61978
0.595294
0.572003
0.54992
0.529072
0.509806
0.492414
0.476909
0.463161
0.450998
0.440228
0.43067
0.42214
0.414469
0.407505
0.401103
0.395147
0.38954
0.384188
0.379012
0.373969
0.369009
0.364099
0.359212
0.354334
0.349463
0.344576
0.339676
0.334775
0.329864
0.324955
0.320053
0.315184
0.310343
0.305547
0.300804
0.296135
0.291558
0.287085
0.282741
0.278547
0.274525
0.270686
0.267049
0.263634
0.260465
0.257554
0.25491
0.252544
0.250486
0.248782
0.247496
0.246696
0.246424
0.647699
0.650342
0.657962
0.669763
0.684615
0.701273
0.718492
0.735058
0.749797
0.761688
0.769986
0.774391
0.775106
0.77246
0.766023
0.755239
0.740194
0.721353
0.699505
0.675228
0.648514
0.619881
0.589986
0.559429
0.52883
0.498961
0.470298
0.443508
0.419257
0.397619
0.379106
0.364235
0.352792
0.344262
0.338134
0.333915
0.331161
0.32949
0.328555
0.32807
0.327821
0.327634
0.327383
0.326985
0.326406
0.325604
0.324556
0.323269
0.321756
0.320017
0.318077
0.315963
0.313699
0.311297
0.308772
0.306153
0.303464
0.300709
0.297907
0.295088
0.292269
0.289453
0.286648
0.28387
0.281138
0.278461
0.275856
0.273347
0.270951
0.268673
0.266518
0.264495
0.262623
0.260911
0.259349
0.257896
0.256518
0.255259
0.254233
0.253566
0.253337
0.675184
0.676898
0.681787
0.689179
0.698084
0.707378
0.715991
0.723081
0.728093
0.730539
0.72972
0.72479
0.715227
0.70114
0.683439
0.662596
0.637944
0.609534
0.578046
0.544492
0.509237
0.472662
0.435608
0.39907
0.364335
0.333185
0.306969
0.286832
0.27344
0.266987
0.266334
0.269759
0.27586
0.283556
0.29206
0.300776
0.309188
0.316876
0.323586
0.329191
0.33366
0.337011
0.339302
0.340616
0.341071
0.340755
0.339769
0.338215
0.336162
0.333665
0.330823
Process [1]
0.327726
0.324437
0.320985
0.31741
0.313778
0.310126
0.306465
0.302812
0.29922
0.295715
0.292305
0.288992
0.285782
0.282689
0.279714
0.276876
0.274197
0.271695
0.269369
0.267214
0.265231
0.263425
0.261789
0.260421
0.259211
0.257915
0.256574
0.255427
0.254682
0.254427
0.697757
0.698551
0.700771
0.70396
0.707475
0.710546
0.712316
0.711811
0.708087
0.700551
0.689231
0.674504
0.655989
0.632822
0.604868
0.573102
0.538568
0.500753
0.459825
0.416827
0.372952
0.328792
0.285438
0.246653
0.219266
0.206513
0.207082
0.217493
0.23458
0.255162
0.277266
0.299569
0.321177
0.341528
0.359959
0.375975
0.389386
0.400204
0.408536
0.414513
0.418313
0.420192
0.420395
0.419136
0.416612
0.413029
0.408602
0.4035
0.397807
0.391615
0.385064
0.378273
0.371371
0.364383
0.357324
0.350316
0.343412
0.336608
0.329926
0.323427
0.317139
0.31109
0.305291
0.299741
0.294443
0.289403
0.28463
0.280167
0.276013
0.272181
0.268674
0.265468
0.262623
0.26
0.257828
0.256157
0.254472
0.252787
0.251421
0.250566
0.250278
0.714452
0.714557
0.714732
0.714556
0.713397
0.710525
0.705278
0.697252
0.686118
0.671276
0.65185
0.627394
0.598618
0.566361
0.529891
0.488814
0.444172
0.397284
0.348044
0.297216
0.248326
0.20746
0.181477
0.174481
0.184898
0.207831
0.238753
0.274623
0.312131
0.349256
0.38453
0.416904
0.445594
0.46964
0.488851
0.503531
0.514004
0.52071
0.524132
0.524711
0.522837
0.518943
0.513437
0.506596
0.498672
0.489882
0.48046
0.47061
0.460418
0.449972
0.439336
0.428604
0.417937
0.407379
0.396891
0.386547
0.37644
0.366572
0.356934
0.347565
0.338489
0.329733
0.32135
0.31333
0.30566
0.298356
0.291416
0.284894
0.278787
0.273097
0.267879
0.263088
0.258819
0.255017
0.251533
0.248772
0.246618
0.244843
0.243495
0.242662
0.242381
0.726567
0.725995
0.724186
0.720861
0.715628
0.708004
0.69738
0.682998
0.664266
0.64118
0.614126
0.582752
0.546195
0.50472
0.459811
0.411573
0.359868
0.306547
0.255025
0.208884
0.17429
0.161232
0.174487
0.206289
0.248892
0.298008
0.35006
0.402052
0.450625
0.493859
0.530535
0.559871
0.581234
0.59525
0.603124
0.606141
0.605294
0.601359
0.595072
0.586998
0.57753
0.567002
0.555739
0.543955
0.531788
0.519343
0.506737
0.494105
0.481504
0.46893
0.456397
0.443939
0.431654
0.419595
0.407714
0.396018
0.384601
0.373478
0.362622
0.352042
0.341771
0.33184
0.322303
0.313158
0.304393
0.296015
0.28804
0.280494
0.273386
0.266742
0.260599
0.25497
0.249908
0.245429
0.241288
0.237853
0.235436
0.233731
0.232504
0.231744
0.231486
0.733417
0.73234
0.729017
0.723182
0.714416
0.702237
0.686283
0.666393
0.64231
0.61341
0.579195
0.540296
0.497537
0.450555
0.399562
0.346715
0.29447
0.245623
0.205474
0.181713
0.179792
0.203553
0.249162
0.307577
0.371957
0.437158
0.498585
0.551158
0.592149
0.621215
0.639555
0.64875
0.650914
0.648039
0.64164
0.632967
0.622872
0.611866
0.600311
0.588428
0.576299
0.563961
0.551474
0.538885
0.526224
0.513508
0.500773
0.488072
0.475438
0.462869
0.450363
0.437934
0.425629
0.413489
0.401519
0.389733
0.378164
0.366828
0.355737
0.3449
0.334347
0.324112
0.314222
0.304693
0.295535
0.28676
0.278382
0.270416
0.262887
0.255828
0.249277
0.243272
0.237833
0.232966
0.228656
0.225068
0.222368
0.220434
0.219094
0.218286
0.21801
0.735815
0.734253
0.729504
0.721385
0.709652
0.69402
0.674093
0.649387
0.619704
0.585404
0.546709
0.503243
0.455408
0.404976
0.353598
0.303412
0.258846
0.226255
0.210202
0.214977
0.244322
0.298361
0.36911
0.445284
0.516606
0.576368
0.620873
0.648889
0.662763
0.665979
0.662012
0.654151
0.644628
0.634386
0.623749
0.612903
0.601987
0.591061
0.580118
0.569121
0.558028
0.546799
0.53542
0.52389
0.512224
0.500438
0.488556
0.47661
0.464626
0.45262
0.440605
0.428604
0.416649
0.404769
0.392989
0.381333
0.369821
0.358482
0.347338
0.336409
0.325721
0.315299
0.30517
0.295361
0.285896
0.276793
0.268065
0.259735
0.251833
0.244398
0.237478
0.231102
0.225295
0.220094
0.21554
0.211714
0.20866
0.206343
0.204717
0.203744
0.203418
0.73328
0.731359
0.72554
0.715652
0.701436
0.682619
0.659065
0.630792
0.597718
0.559605
0.516827
0.470552
0.421877
0.372296
0.324952
0.284917
0.256707
0.245045
0.254866
0.287664
0.3458
0.423026
0.503118
0.572655
0.622082
0.650252
0.660987
0.659942
0.652478
0.642279
0.631387
0.620806
0.610775
0.601224
0.591982
0.582905
0.573878
0.564812
0.555647
0.546329
0.536821
0.527086
0.517107
0.506883
0.496422
0.485744
0.474866
0.463822
0.452633
0.44133
0.429935
0.418473
0.406979
0.395472
0.383987
0.37255
0.361194
0.349946
0.338829
0.32787
0.317094
0.306532
0.296214
0.286172
0.276431
0.267011
0.257937
0.249239
0.240953
0.233129
0.225803
0.219011
0.212796
0.207201
0.202273
0.198071
0.194622
0.191928
0.189998
0.188834
0.188443
0.7262
0.723959
0.717196
0.705789
0.68961
0.668551
0.642467
0.611251
0.575135
0.534754
0.490764
0.444148
0.396935
0.352623
0.315238
0.288973
0.27988
0.290965
0.325656
0.385834
0.46421
0.542079
0.60063
0.634315
0.646482
0.643467
0.632829
0.620638
0.608987
0.598289
0.588731
0.580207
0.572352
0.564953
0.557812
0.550799
0.543774
0.536626
0.529284
0.521692
0.513814
0.505622
0.497097
0.488239
0.47905
0.469551
0.459761
0.449707
0.439417
0.428918
0.418239
0.407409
0.396464
0.385429
0.374338
0.363224
0.352116
0.341041
0.330032
0.319115
0.308324
0.297692
0.28725
0.277025
0.267047
0.257345
0.24795
0.238898
0.230238
0.222009
0.214252
0.207015
0.200345
0.194292
0.188916
0.184277
0.180407
0.177343
0.175121
0.17377
0.173315
0.714284
0.711811
0.704372
0.69186
0.674166
0.651238
0.623182
0.590274
0.55287
0.511589
0.467669
0.423243
0.381323
0.345125
0.319952
0.310642
0.320699
0.354792
0.413219
0.4892
0.558889
0.604161
0.622292
0.619123
0.606814
0.59297
0.579625
0.568108
0.558661
0.550616
0.543616
0.537578
0.532121
0.526967
0.521978
0.517024
0.511991
0.506756
0.501239
0.495388
0.489165
0.482544
0.47551
0.468058
0.460192
0.45193
0.443291
0.434298
0.424981
0.415366
0.405488
0.395376
0.385069
0.374592
0.363979
0.353267
0.342487
0.331669
0.320849
0.310059
0.299332
0.2887
0.278193
0.267844
0.257686
0.24775
0.238076
0.228708
0.219686
0.211052
0.202857
0.195155
0.188003
0.181454
0.175592
0.170473
0.166162
0.162717
0.160199
0.158662
0.158145
0.697552
0.694901
0.686943
0.673603
0.654873
0.630845
0.601707
0.567843
0.52999
0.489336
0.447804
0.407723
0.372562
0.34745
0.336025
0.343837
0.37427
0.428833
0.498624
0.557315
0.588968
0.592919
0.580137
0.562861
0.546467
0.532947
0.522231
0.513539
0.506908
0.501656
0.497259
0.493586
0.490505
0.487632
0.484789
0.481878
0.478814
0.475479
0.471782
0.46767
0.463107
0.458067
0.45254
0.446517
0.440005
0.433016
0.425571
0.41769
0.409402
0.400737
0.391725
0.3824
0.3728
0.362954
0.352899
0.342668
0.332298
0.321821
0.311273
0.300686
0.290093
0.279528
0.269025
0.258617
0.248339
0.238232
0.228334
0.218683
0.209323
0.200305
0.191686
0.183518
0.175864
0.168804
0.162422
0.156795
0.152009
0.148159
0.145327
0.143593
0.143006
0.67582
0.673073
0.664802
0.650958
0.631591
0.606908
0.577326
0.543514
0.506542
0.467974
0.429904
0.395979
0.370036
0.356222
0.360385
0.385334
0.434272
0.495366
0.542847
0.561258
0.553294
0.533786
0.513253
0.495932
0.482517
0.472147
0.464575
0.458779
0.454694
0.452089
0.450275
0.448882
0.448042
0.447385
0.446673
0.445761
0.444606
0.443132
0.441226
0.438834
0.435916
0.432451
0.428426
0.423837
0.418688
0.41299
0.406762
0.400024
0.392804
0.385132
0.377038
0.368558
0.359726
0.350578
0.341147
0.33147
0.321582
0.311518
0.301313
0.290999
0.280614
0.27019
0.259763
0.249371
0.23905
0.228835
0.218763
0.208877
0.199225
0.189861
0.180837
0.172209
0.16406
0.15648
0.149552
0.143383
0.138083
0.133781
0.130598
0.128636
0.127971
Process [2]
0.648837
0.646046
0.637637
0.623588
0.604026
0.579294
0.55
0.517075
0.481837
0.446387
0.413758
0.387027
0.371132
0.370765
0.389871
0.431609
0.483002
0.519345
0.525638
0.508363
0.483573
0.460491
0.44222
0.428418
0.418547
0.411563
0.406996
0.404256
0.40269
0.402509
0.403165
0.404096
0.405282
0.406721
0.408052
0.409102
0.409776
0.410083
0.409916
0.409199
0.407891
0.405972
0.403429
0.40026
0.396467
0.392062
0.387058
0.381481
0.375354
0.368706
0.361568
0.353973
0.345959
0.337559
0.328808
0.319741
0.310398
0.300811
0.291016
0.281049
0.270944
0.260738
0.250466
0.240164
0.229865
0.219609
0.209431
0.199374
0.189488
0.179825
0.170431
0.161384
0.152765
0.144659
0.137166
0.130416
0.124549
0.119726
0.116113
0.113864
0.113096
0.616472
0.613676
0.60529
0.591286
0.57188
0.547579
0.519173
0.487886
0.455568
0.424491
0.397816
0.38019
0.375485
0.389086
0.42308
0.464872
0.489857
0.485119
0.460017
0.4306
0.405423
0.386197
0.372187
0.362463
0.35593
0.352212
0.350488
0.350562
0.35159
0.353586
0.356484
0.359695
0.362823
0.366145
0.369378
0.3723
0.374748
0.376722
0.378206
0.379097
0.379345
0.378926
0.377828
0.376047
0.373588
0.370459
0.366677
0.362261
0.357235
0.351627
0.345467
0.338788
0.331625
0.324014
0.31599
0.307587
0.298844
0.289794
0.280474
0.270921
0.261168
0.25125
0.241202
0.231062
0.220862
0.21064
0.200433
0.19028
0.180231
0.170335
0.160645
0.151238
0.142184
0.133574
0.125525
0.118173
0.11168
0.106238
0.102068
0.0994077
0.0984809
0.578179
0.575468
0.567303
0.553655
0.534804
0.511417
0.484581
0.455773
0.427023
0.401421
0.382571
0.374661
0.383545
0.410443
0.442692
0.456801
0.442409
0.410012
0.37593
0.348692
0.328785
0.314774
0.305089
0.299146
0.295951
0.295104
0.296118
0.298565
0.302052
0.306099
0.310895
0.316118
0.321232
0.326177
0.33113
0.335754
0.339904
0.343448
0.346459
0.348863
0.350589
0.351605
0.351899
0.351461
0.350299
0.34842
0.34584
0.342574
0.338647
0.334084
0.328916
0.323172
0.316887
0.310098
0.302838
0.295141
0.287047
0.278587
0.269799
0.260718
0.25138
0.241819
0.232069
0.222166
0.212145
0.202039
0.191887
0.181726
0.171605
0.161575
0.151681
0.141995
0.13259
0.123557
0.115014
0.107103
0.099997
0.0939131
0.0891129
0.0859155
0.0847407
0.533755
0.531158
0.523356
0.510292
0.49235
0.470395
0.445702
0.420179
0.396382
0.377456
0.368064
0.373455
0.394413
0.41743
0.421404
0.399399
0.362117
0.324409
0.29455
0.273424
0.258963
0.24922
0.243382
0.240506
0.24018
0.24169
0.244949
0.249403
0.254871
0.260792
0.267158
0.274003
0.280895
0.287401
0.293782
0.29992
0.305586
0.310642
0.31504
0.318838
0.321945
0.324315
0.325931
0.326781
0.326866
0.326198
0.324786
0.322649
0.319808
0.316286
0.312111
0.307313
0.301924
0.295978
0.289512
0.282558
0.275151
0.26733
0.259126
0.250577
0.241716
0.232578
0.223199
0.213611
0.20385
0.193952
0.183951
0.173886
0.1638
0.153741
0.143756
0.133911
0.124279
0.11495
0.106044
0.0977049
0.0901192
0.0835263
0.0782254
0.0746137
0.0732538
0.482528
0.48015
0.472947
0.460786
0.444144
0.424166
0.402488
0.381342
0.364009
0.355041
0.359183
0.375133
0.388924
0.384384
0.358246
0.320676
0.283928
0.253588
0.230602
0.21391
0.202383
0.194976
0.191044
0.18989
0.191065
0.194046
0.198572
0.204411
0.211154
0.21851
0.226123
0.23412
0.242339
0.250322
0.257867
0.265259
0.272224
0.278627
0.284326
0.289361
0.293728
0.297353
0.300206
0.302275
0.303552
0.304045
0.303763
0.302725
0.300948
0.298454
0.295266
0.291416
0.286932
0.281846
0.276195
0.270011
0.263329
0.256183
0.24861
0.240643
0.232317
0.223666
0.214726
0.205529
0.196111
0.186506
0.17675
0.166879
0.156933
0.146959
0.137007
0.127135
0.117417
0.107939
0.0988173
0.0901975
0.0822689
0.0752856
0.0695864
0.0656185
0.06408
0.423951
0.421881
0.415517
0.40463
0.389882
0.372822
0.355722
0.34189
0.335802
0.340468
0.351557
0.356832
0.346018
0.319056
0.285183
0.253912
0.228369
0.207972
0.191225
0.177619
0.166788
0.15891
0.153947
0.152019
0.152589
0.155255
0.159529
0.165433
0.172506
0.180437
0.188748
0.197377
0.206368
0.215384
0.223992
0.232275
0.24029
0.247793
0.254667
0.260811
0.266286
0.271045
0.275037
0.278239
0.280642
0.282242
0.283044
0.283067
0.282325
0.280837
0.278625
0.275716
0.272138
0.267921
0.263098
0.257703
0.251769
0.24533
0.238422
0.231079
0.223335
0.215224
0.20678
0.198038
0.189031
0.179794
0.170362
0.160771
0.151061
0.141274
0.131459
0.121671
0.111981
0.102471
0.0932503
0.0844657
0.0763087
0.069037
0.0630047
0.0587304
0.0570418
0.358129
0.356519
0.351558
0.342901
0.33167
0.320645
0.312913
0.311438
0.31633
0.322286
0.321213
0.308191
0.28527
0.259453
0.236504
0.218063
0.202543
0.188569
0.175695
0.16362
0.152613
0.143451
0.136403
0.131429
0.128908
0.129081
0.131322
0.135323
0.141159
0.148368
0.156451
0.16497
0.174005
0.183397
0.192713
0.201612
0.210305
0.218637
0.226438
0.233576
0.240005
0.245759
0.250779
0.255025
0.258479
0.261127
0.262967
0.264005
0.264259
0.263744
0.262482
0.260493
0.257806
0.254448
0.25045
0.245846
0.240667
0.234948
0.228723
0.222027
0.214892
0.207355
0.199448
0.191205
0.18266
0.173846
0.1648
0.155556
0.146153
0.136632
0.127038
0.117424
0.107855
0.0984095
0.0891899
0.0803334
0.0720256
0.0645332
0.0582281
0.0536647
0.0518381
0.291497
0.290803
0.288705
0.285057
0.281175
0.279828
0.28179
0.285692
0.287764
0.284126
0.273563
0.258643
0.243209
0.22959
0.218324
0.208153
0.198173
0.187758
0.176729
0.165663
0.155272
0.145087
0.135536
0.127791
0.12187
0.117799
0.116471
0.11731
0.120003
0.124776
0.131268
0.138667
0.14675
0.155637
0.164911
0.174097
0.183013
0.191802
0.200227
0.208138
0.215405
0.222
0.22793
0.233126
0.237545
0.241163
0.24397
0.24596
0.247144
0.24754
0.247167
0.246048
0.244205
0.241668
0.238464
0.234626
0.230185
0.225175
0.219628
0.213581
0.207064
0.200113
0.192762
0.185042
0.17699
0.168638
0.16002
0.151171
0.142129
0.132933
0.123627
0.114259
0.104889
0.0955892
0.0864557
0.077612
0.0692372
0.0615869
0.055046
0.0502127
0.0482242
0.238435
0.238888
0.240144
0.241797
0.244059
0.247826
0.251263
0.252807
0.251133
0.246729
0.241064
0.235298
0.230085
0.225277
0.220175
0.214104
0.206507
0.197639
0.188452
0.178754
0.167913
0.157107
0.146896
0.13666
0.127823
0.120805
0.115186
0.112094
0.111371
0.112307
0.115525
0.120785
0.126919
0.134033
0.142306
0.151048
0.15972
0.168362
0.177087
0.185554
0.193516
0.200813
0.207414
0.213338
0.21853
0.222947
0.226562
0.229368
0.231363
0.232557
0.232971
0.232627
0.231548
0.229759
0.227289
0.224166
0.220422
0.216087
0.211195
0.205778
0.199869
0.193502
0.18671
0.179525
0.171981
0.164112
0.155951
0.147532
0.138892
0.130068
0.121101
0.11204
0.102937
0.0938569
0.0848864
0.0761405
0.0677826
0.060056
0.0533395
0.0482687
0.0461347
0.20561
0.206643
0.209461
0.213218
0.21734
0.221864
0.225728
0.228723
0.231063
0.232956
0.234488
0.235613
0.235982
0.235113
0.232367
0.227648
0.221749
0.215116
0.206749
0.196921
0.18699
0.176223
0.164715
0.154044
0.143453
0.133515
0.125676
0.119065
0.114266
0.112319
0.111866
0.11321
0.117175
0.122226
0.127862
0.134944
0.143187
0.15149
0.159585
0.167694
0.175684
0.183296
0.190285
0.196558
0.202147
0.207027
0.211169
0.214548
0.217154
0.218988
0.220051
0.220361
0.219939
0.218808
0.216992
0.214518
0.211413
0.207707
0.203431
0.198617
0.193294
0.187497
0.181257
0.174606
0.167577
0.160203
0.152517
0.144553
0.136345
0.127931
0.11935
0.110645
0.101867
0.0930756
0.0843458
0.0757802
0.0675263
0.0598079
0.0529961
0.0477523
0.0455166
0.192014
0.193085
0.196018
0.200266
0.205518
0.211736
0.218483
0.22535
0.232066
0.238318
Process [3]
0.243746
0.247896
0.250226
0.25046
0.248989
0.246393
0.242167
0.235725
0.228074
0.219613
0.209563
0.198814
0.187771
0.176071
0.164647
0.153763
0.143439
0.134682
0.127479
0.121932
0.118643
0.1173
0.117743
0.120054
0.12386
0.128773
0.134654
0.141398
0.148528
0.155703
0.162859
0.169872
0.176593
0.182841
0.188492
0.193523
0.197905
0.201606
0.204602
0.206882
0.208439
0.209274
0.209396
0.208824
0.207577
0.205677
0.20315
0.200021
0.196318
0.19207
0.187307
0.182059
0.176357
0.170233
0.163719
0.156846
0.149647
0.142155
0.134404
0.12643
0.118271
0.109968
0.101568
0.0931259
0.0847097
0.0764091
0.0683533
0.0607434
0.0539253
0.0485559
0.0462157
0.190767
0.191967
0.195433
0.200857
0.207919
0.21626
0.225379
0.234728
0.243782
0.251977
0.258782
0.263866
0.267249
0.269176
0.269443
0.267504
0.263653
0.258454
0.251582
0.243162
0.233769
0.223252
0.21195
0.200279
0.188236
0.176388
0.16503
0.154411
0.145135
0.137336
0.131251
0.12711
0.12482
0.124375
0.125564
0.128093
0.131772
0.136452
0.14194
0.147801
0.153844
0.159964
0.165993
0.171814
0.177256
0.182204
0.186611
0.190435
0.193639
0.196198
0.198097
0.199326
0.199883
0.199774
0.199013
0.197617
0.195604
0.192998
0.189822
0.186104
0.181869
0.177147
0.171967
0.166359
0.160354
0.153983
0.147276
0.140269
0.132993
0.125484
0.117778
0.109916
0.101941
0.0939053
0.0858696
0.0779144
0.0701513
0.0627539
0.0560347
0.0506271
0.0482019
0.196951
0.198351
0.202488
0.209054
0.217563
0.227437
0.238026
0.248668
0.258692
0.267677
0.275428
0.281805
0.286525
0.289218
0.28987
0.288743
0.285766
0.280913
0.274536
0.266666
0.257428
0.247153
0.235928
0.224031
0.211754
0.19927
0.187001
0.175203
0.164243
0.154489
0.146166
0.139526
0.134666
0.131607
0.130314
0.130538
0.13206
0.134733
0.138404
0.142838
0.147659
0.152752
0.157946
0.163105
0.168107
0.172793
0.177062
0.180856
0.184127
0.186833
0.18895
0.190458
0.191347
0.191613
0.19126
0.190297
0.188739
0.186603
0.18391
0.180683
0.176945
0.172724
0.168046
0.162941
0.157436
0.151563
0.145352
0.138836
0.132048
0.125023
0.117795
0.110405
0.102897
0.0953176
0.0877259
0.0801931
0.0728177
0.0657499
0.0592513
0.0539127
0.0514772
0.207731
0.209269
0.213844
0.221096
0.230416
0.241098
0.252448
0.263731
0.274513
0.284439
0.293076
0.300039
0.305179
0.308449
0.309751
0.309059
0.306513
0.302184
0.296134
0.288559
0.279593
0.269405
0.258235
0.24624
0.23369
0.2208
0.207849
0.195143
0.182974
0.171692
0.161585
0.152909
0.145869
0.140528
0.136963
0.135046
0.134558
0.135343
0.137247
0.140135
0.1437
0.147692
0.151972
0.156376
0.160777
0.165053
0.169057
0.172702
0.175924
0.178671
0.180906
0.182598
0.183729
0.184288
0.18427
0.183677
0.182517
0.180802
0.178549
0.175775
0.172503
0.168756
0.164559
0.15994
0.154925
0.149544
0.143827
0.137806
0.131514
0.124985
0.118255
0.111364
0.104355
0.0972748
0.0901801
0.0831394
0.076243
0.0696218
0.0634968
0.0583497
0.0559558
0.221273
0.222849
0.227599
0.23514
0.244837
0.255996
0.267805
0.279506
0.290712
0.300954
0.30989
0.317263
0.322758
0.326301
0.327925
0.327615
0.325378
0.32131
0.315515
0.308117
0.299293
0.289202
0.278033
0.265981
0.253256
0.240086
0.226703
0.213386
0.2004
0.188047
0.176625
0.166392
0.157596
0.150373
0.144818
0.140964
0.138634
0.137666
0.137928
0.139265
0.14153
0.144401
0.147717
0.151312
0.155044
0.15879
0.162427
0.165826
0.168907
0.171607
0.173874
0.175671
0.17697
0.17775
0.178001
0.177719
0.176904
0.175563
0.173706
0.171351
0.168512
0.165213
0.161475
0.157324
0.152786
0.147888
0.142661
0.137134
0.131342
0.125317
0.119098
0.112725
0.106239
0.0996909
0.0931377
0.0866478
0.0803098
0.074246
0.0686505
0.0639254
0.0616637
0.236935
0.238528
0.243308
0.250888
0.260621
0.271781
0.283417
0.295066
0.306286
0.3166
0.32561
0.332927
0.338461
0.342147
0.343903
0.343714
0.341612
0.337659
0.331983
0.324714
0.315998
0.305998
0.294886
0.282854
0.270093
0.256816
0.243235
0.229587
0.216117
0.203082
0.190764
0.179411
0.169276
0.160554
0.153353
0.147792
0.14381
0.141246
0.139985
0.139886
0.140814
0.142572
0.144908
0.14766
0.150685
0.153845
0.157024
0.160101
0.162967
0.165545
0.167775
0.169609
0.171011
0.171952
0.172414
0.172387
0.171867
0.170855
0.169356
0.167382
0.164947
0.162068
0.158767
0.155065
0.150988
0.146562
0.141815
0.136779
0.131486
0.12597
0.120269
0.114423
0.108479
0.102485
0.096504
0.0906076
0.0848877
0.0794723
0.0745603
0.0705258
0.0686416
0.254132
0.25566
0.260242
0.267517
0.276882
0.287557
0.298702
0.309951
0.320781
0.330729
0.339354
0.346394
0.351762
0.355324
0.357004
0.356777
0.354677
0.350789
0.345218
0.338079
0.329513
0.319671
0.308717
0.296827
0.284182
0.270971
0.257389
0.243645
0.22996
0.216555
0.203685
0.191584
0.180492
0.170626
0.16213
0.15513
0.149697
0.145712
0.143064
0.141646
0.141314
0.141943
0.143312
0.145212
0.147507
0.150054
0.152726
0.155415
0.158005
0.160403
0.162535
0.164348
0.165797
0.166845
0.167468
0.167649
0.167377
0.166651
0.165472
0.163845
0.161783
0.159298
0.156409
0.153136
0.149503
0.145535
0.141259
0.136705
0.131906
0.126896
0.121714
0.116402
0.111005
0.105579
0.100186
0.0949043
0.0898343
0.0851144
0.0809609
0.0777599
0.0764091
0.271601
0.272967
0.277136
0.283801
0.292406
0.302166
0.312489
0.322973
0.333091
0.342366
0.350387
0.356998
0.362028
0.365342
0.366855
0.366544
0.364458
0.36066
0.355236
0.348292
0.339957
0.33037
0.31968
0.308055
0.295656
0.282657
0.269237
0.255583
0.241891
0.228361
0.215214
0.202669
0.190945
0.180259
0.170783
0.162646
0.155977
0.150755
0.146874
0.144254
0.142778
0.14231
0.142726
0.143789
0.145347
0.147266
0.149413
0.151668
0.153933
0.156101
0.158089
0.159831
0.161277
0.162386
0.163124
0.163469
0.163406
0.162928
0.16203
0.160717
0.158996
0.156878
0.154377
0.151512
0.148304
0.144778
0.140958
0.136876
0.132562
0.128052
0.123385
0.118602
0.113753
0.108894
0.104091
0.0994254
0.095005
0.0909768
0.0875585
0.0851019
0.0841679
0.286491
0.287699
0.291423
0.297424
0.305195
0.314022
0.323459
0.333078
0.342387
0.350911
0.358327
0.364463
0.369132
0.37219
0.373548
0.373201
0.371176
0.36752
0.362304
0.355627
0.347599
0.33835
0.32802
0.316755
0.304708
0.292037
0.278907
0.265485
0.251947
0.238479
0.225271
0.212525
0.200438
0.189216
0.179041
0.170052
0.162382
0.156111
0.151165
0.147476
0.144962
0.143498
0.142973
0.143229
0.144062
0.145349
0.146959
0.148768
0.150668
0.152567
0.154371
0.156002
0.157404
0.158531
0.159344
0.159815
0.159923
0.159656
0.159008
0.157976
0.156567
0.154787
0.152649
0.15017
0.147366
0.144263
0.140885
0.137259
0.133418
0.129396
0.125231
0.120969
0.116657
0.112354
0.108127
0.104061
0.100263
0.096877
0.0941006
0.0922104
0.0915266
0.297933
0.299011
0.302358
0.307769
0.314779
0.322763
0.331358
0.340154
0.348687
0.356506
0.363356
0.369043
0.373377
0.376207
0.377457
0.377118
0.375196
0.371727
0.366771
0.360412
0.352751
0.343904
0.333999
0.32317
0.311554
0.299298
0.286553
0.273472
0.260216
0.24695
0.233848
0.221089
0.208857
0.197335
0.186705
0.177115
0.168693
0.161559
0.15572
0.151108
0.14767
0.145313
0.143915
0.143384
0.143521
0.144187
0.145258
0.146613
0.148137
0.149734
0.151319
0.152807
0.154132
0.155241
0.156093
0.156654
0.156899
0.156811
0.156379
0.1556
0.154473
0.153004
0.151203
0.149085
0.146665
0.143964
0.141007
0.137821
0.134435
0.130885
0.127209
0.123449
0.119657
0.115889
0.112212
0.108712
0.105487
0.10267
0.100424
0.0989483
0.0984271
Process [4]
0.306418
0.307381
0.310385
0.315249
0.321559
0.328776
0.33659
0.344614
0.352411
0.359581
0.365903
0.371172
0.375196
0.377829
0.379005
0.378698
0.376906
0.373653
0.368987
0.36298
0.355724
0.347321
0.337887
0.327543
0.316414
0.304635
0.292346
0.279688
0.266806
0.253852
0.240982
0.228359
0.216149
0.204521
0.193643
0.183665
0.174719
0.166921
0.160353
0.15497
0.150733
0.147581
0.145409
0.144128
0.143602
0.143672
0.144215
0.145113
0.146256
0.147541
0.148879
0.150195
0.151414
0.152476
0.153335
0.153954
0.154305
0.154365
0.15412
0.153563
0.152691
0.151507
0.150018
0.148235
0.146175
0.143855
0.141298
0.138529
0.135579
0.13248
0.129271
0.125992
0.122694
0.119432
0.116271
0.113289
0.110579
0.108251
0.106436
0.105269
0.104864
0.312441
0.313302
0.31599
0.320353
0.326024
0.332535
0.339614
0.346906
0.354013
0.360583
0.366406
0.371275
0.375009
0.377467
0.378583
0.37832
0.376669
0.373646
0.369282
0.363644
0.356813
0.348876
0.339939
0.330109
0.319503
0.308245
0.296462
0.284283
0.271843
0.259282
0.246741
0.234368
0.222313
0.210731
0.199775
0.189593
0.180314
0.172051
0.16491
0.158907
0.154003
0.150162
0.147308
0.145357
0.144196
0.143703
0.143737
0.144189
0.144949
0.145917
0.146999
0.148119
0.149205
0.150195
0.151035
0.151684
0.152111
0.15229
0.152204
0.151841
0.151197
0.150271
0.149068
0.147597
0.145871
0.143908
0.141727
0.139354
0.136815
0.134144
0.131375
0.12855
0.125715
0.122924
0.120236
0.117723
0.115465
0.113552
0.112083
0.111153
0.110834
0.316429
0.317198
0.319597
0.323499
0.328576
0.334433
0.340822
0.347433
0.353898
0.359901
0.365242
0.369729
0.373189
0.37548
0.376537
0.37632
0.374813
0.372014
0.367954
0.362689
0.356284
0.348821
0.340391
0.331091
0.321029
0.310317
0.299073
0.287414
0.275467
0.263356
0.251215
0.239176
0.227379
0.215961
0.205065
0.194829
0.185379
0.176827
0.169273
0.16279
0.15735
0.152933
0.149488
0.14695
0.145213
0.144187
0.143743
0.143765
0.144149
0.144798
0.14562
0.146534
0.147467
0.14836
0.149158
0.149812
0.150289
0.15056
0.150605
0.15041
0.149966
0.149272
0.148329
0.147143
0.145727
0.144095
0.142266
0.140262
0.138109
0.135837
0.133481
0.131078
0.128672
0.126312
0.124053
0.121956
0.120089
0.118525
0.117337
0.116592
0.116338
0.318717
0.319401
0.321534
0.325014
0.329549
0.334802
0.340555
0.346529
0.352388
0.35785
0.362734
0.366856
0.370048
0.372171
0.373169
0.372994
0.371617
0.369035
0.365271
0.360368
0.354383
0.347389
0.339465
0.330697
0.321187
0.311034
0.300346
0.289233
0.277809
0.266194
0.254503
0.242863
0.2314
0.220239
0.209511
0.199344
0.189859
0.181163
0.173351
0.166514
0.160667
0.155786
0.151848
0.148803
0.146564
0.145043
0.144152
0.143769
0.143792
0.144127
0.144686
0.145388
0.14616
0.146938
0.147668
0.148306
0.14881
0.149148
0.149299
0.149245
0.148976
0.148486
0.147776
0.14685
0.145717
0.144389
0.142884
0.141222
0.139426
0.137525
0.135549
0.133534
0.13152
0.12955
0.127674
0.125942
0.124412
0.12314
0.122183
0.121588
0.121386
0.319588
0.320196
0.322089
0.325184
0.329226
0.333924
0.339085
0.344459
0.349747
0.354701
0.35915
0.362917
0.365841
0.367802
0.368735
0.368588
0.367328
0.364948
0.361462
0.356904
0.351327
0.344789
0.33736
0.32912
0.320158
0.310567
0.300443
0.289889
0.279011
0.267915
0.256714
0.245518
0.234446
0.223613
0.213136
0.203137
0.193726
0.185007
0.177073
0.170005
0.163865
0.158632
0.154296
0.150826
0.148156
0.146203
0.144894
0.144134
0.143815
0.143848
0.144147
0.144634
0.145236
0.14589
0.146538
0.147136
0.147643
0.148026
0.148258
0.148321
0.1482
0.147889
0.147386
0.146692
0.145814
0.144763
0.143554
0.142205
0.140736
0.139173
0.137544
0.135882
0.134221
0.1326
0.131061
0.129647
0.128406
0.12738
0.126612
0.126137
0.125975
0.31928
0.319818
0.321495
0.324237
0.327827
0.332013
0.336625
0.341443
0.346201
0.350675
0.354705
0.358125
0.360791
0.362589
0.363448
0.363313
0.362155
0.35996
0.356732
0.3525
0.347309
0.341209
0.334259
0.326533
0.318112
0.309075
0.299515
0.289525
0.279202
0.268644
0.257955
0.247237
0.236598
0.226145
0.215985
0.206229
0.196981
0.188338
0.18039
0.173213
0.166879
0.161398
0.156758
0.152945
0.149914
0.147593
0.145914
0.144802
0.144165
0.14391
0.143957
0.14423
0.144657
0.145177
0.145732
0.146275
0.146765
0.147168
0.147458
0.147612
0.147615
0.147456
0.147132
0.146643
0.145994
0.145191
0.144248
0.14318
0.142007
0.14075
0.139434
0.138087
0.136741
0.135428
0.134185
0.133046
0.13205
0.131231
0.13062
0.130242
0.130114
0.317975
0.318451
0.319931
0.322354
0.325533
0.329253
0.33336
0.337663
0.341927
0.345944
0.349572
0.352664
0.35508
0.356709
0.357482
0.35735
0.356278
0.354247
0.351253
0.347327
0.3425
0.336815
0.330326
0.323098
0.315199
0.306706
0.297704
0.288276
0.27851
0.268498
0.258335
0.248117
0.237942
0.227908
0.218114
0.208661
0.199646
0.191159
0.183286
0.176101
0.169667
0.16403
0.159176
0.1551
0.151777
0.149146
0.147152
0.145723
0.14479
0.144267
0.144072
0.144134
0.144385
0.144764
0.145215
0.14569
0.146146
0.146551
0.146874
0.147094
0.147195
0.147163
0.146992
0.14668
0.146229
0.145646
0.144939
0.144122
0.143212
0.142227
0.141189
0.140122
0.139053
0.138009
0.137022
0.136119
0.135331
0.134684
0.134204
0.133907
0.133807
0.315836
0.316256
0.31756
0.319693
0.3225
0.325793
0.329436
0.33326
0.337061
0.340653
0.343905
0.34668
0.348849
0.350306
0.350991
0.35085
0.349847
0.347957
0.345181
0.341537
0.33705
0.331756
0.325706
0.318955
0.311562
0.303599
0.295141
0.286267
0.277056
0.267593
0.257964
0.248259
0.238568
0.22898
0.219588
0.210483
0.201756
0.19349
0.185765
0.178651
0.172208
0.16649
0.161504
0.157242
0.153694
0.150812
0.148552
0.146853
0.145648
0.144874
0.144452
0.144311
0.144386
0.144619
0.144957
0.145351
0.145758
0.146146
0.146484
0.146748
0.14692
0.146988
0.146942
0.146778
0.146497
0.146103
0.145601
0.145004
0.144324
0.143578
0.142783
0.14196
0.141132
0.140322
0.139554
0.138852
0.138239
0.137737
0.137364
0.137135
0.137057
0.312989
0.313357
0.314502
0.316374
0.318845
0.321746
0.324965
0.32835
0.331723
0.334919
0.337815
0.340285
0.342214
0.343506
0.344098
0.343938
0.342987
0.341225
0.338646
0.335261
0.33109
0.326165
0.320531
0.314234
0.307329
0.299879
0.291952
0.283619
0.274955
0.266039
0.256947
0.247759
0.238564
0.229443
0.220479
0.211757
0.203358
0.195363
0.187844
0.180869
0.174492
0.168763
0.163715
0.159336
0.155627
0.15255
0.150073
0.148144
0.146706
0.145698
0.14506
0.144725
0.144627
0.144712
0.14493
0.145231
0.145575
0.145928
0.14626
0.146546
0.146767
0.146909
0.146961
0.146917
0.146777
0.14654
0.146213
0.145803
0.145321
0.14478
0.144195
0.143582
0.14296
0.142348
0.141766
0.141234
0.140768
0.140387
0.140104
0.139929
0.13987
0.309535
0.309856
0.310858
0.312495
0.314663
0.317213
0.320044
0.323027
0.326007
0.328831
0.331391
0.333575
0.335278
0.336408
0.336905
0.336717
0.335809
0.33416
0.331759
0.328611
0.324735
0.320159
0.314918
0.309053
0.302614
0.295659
0.288248
0.280445
0.272318
0.263938
0.25538
0.246716
0.238024
0.229381
0.220863
0.212548
0.204511
0.196824
0.189557
0.182772
0.176522
0.170849
0.165794
0.161362
0.15755
0.15433
0.151682
0.149562
0.147924
0.146712
0.145871
0.145348
0.145082
0.145018
0.145108
0.145306
0.145574
0.145875
0.146182
0.146468
0.146714
0.146905
0.147028
0.147076
0.147047
0.146938
0.146754
0.146499
0.146182
0.145813
0.145404
0.144968
0.14452
0.144075
0.143649
0.143257
0.142914
0.142632
0.142423
0.142293
0.14225
0.30556
0.305841
0.306714
0.308143
0.310035
0.312267
0.314748
0.317363
0.31998
0.322464
Process [5]
0.324714
0.326631
0.32812
0.329093
0.329493
0.329275
0.328403
0.326854
0.324614
0.321686
0.318087
0.313839
0.30897
0.303517
0.297525
0.291046
0.284133
0.276846
0.269244
0.261395
0.253365
0.245222
0.237035
0.228876
0.220817
0.212926
0.205274
0.197927
0.190947
0.184394
0.178317
0.172754
0.167745
0.16331
0.159447
0.156134
0.153356
0.151084
0.149275
0.147885
0.146862
0.146159
0.145726
0.145512
0.14547
0.145556
0.145733
0.145967
0.146229
0.146494
0.146741
0.146955
0.147122
0.147235
0.147287
0.147277
0.147205
0.147074
0.146891
0.146662
0.146396
0.146105
0.1458
0.145492
0.145194
0.144917
0.144674
0.144473
0.144323
0.144231
0.1442
0.301129
0.301375
0.302132
0.303374
0.305021
0.306967
0.30913
0.311413
0.313701
0.315875
0.317841
0.31951
0.320797
0.321622
0.321933
0.321685
0.320843
0.319384
0.317293
0.314572
0.311233
0.307295
0.302779
0.297719
0.292157
0.286137
0.279707
0.272919
0.265831
0.258502
0.250993
0.243366
0.235685
0.228015
0.22042
0.212966
0.205715
0.198729
0.192064
0.185774
0.179906
0.174498
0.169582
0.165184
0.161316
0.157951
0.155084
0.152692
0.150742
0.149196
0.14801
0.147141
0.146544
0.146178
0.145997
0.145963
0.146037
0.146187
0.146385
0.146607
0.146832
0.147044
0.147229
0.147377
0.147482
0.14754
0.147549
0.147511
0.147429
0.147309
0.147157
0.146981
0.146788
0.146589
0.146393
0.146209
0.146045
0.145909
0.145807
0.145744
0.145722
0.296294
0.296507
0.297164
0.298239
0.299668
0.301359
0.30324
0.305225
0.307217
0.309107
0.310814
0.312256
0.31336
0.314052
0.31428
0.314005
0.31319
0.311815
0.309867
0.307343
0.304251
0.300605
0.296427
0.291746
0.286597
0.281019
0.275056
0.268755
0.262168
0.255349
0.248353
0.241236
0.234058
0.226877
0.219751
0.212741
0.205903
0.199293
0.192963
0.186961
0.181331
0.176109
0.171325
0.167001
0.163161
0.159782
0.15686
0.154379
0.152314
0.150633
0.1493
0.148277
0.147525
0.147005
0.146679
0.146512
0.14647
0.146521
0.146637
0.146795
0.146974
0.147158
0.147333
0.147489
0.147617
0.147712
0.147772
0.147796
0.147786
0.147744
0.147675
0.147584
0.147477
0.147361
0.147243
0.147129
0.147026
0.14694
0.146875
0.146834
0.146821
0.291096
0.291281
0.291849
0.292778
0.294014
0.295479
0.297108
0.298829
0.300555
0.302193
0.303668
0.30491
0.305849
0.306422
0.306579
0.30628
0.305496
0.304206
0.302396
0.300061
0.297205
0.293842
0.289989
0.285673
0.280924
0.275776
0.270266
0.26444
0.258343
0.252024
0.245532
0.23892
0.23224
0.225545
0.21889
0.212327
0.205908
0.199685
0.193703
0.188008
0.182638
0.177626
0.173003
0.168787
0.165002
0.161639
0.15869
0.156147
0.153989
0.152191
0.150725
0.149557
0.148655
0.147984
0.14751
0.147201
0.147027
0.146961
0.146975
0.147047
0.147157
0.147287
0.147426
0.14756
0.147682
0.147785
0.147865
0.147921
0.147951
0.147957
0.147942
0.147908
0.14786
0.147802
0.147739
0.147676
0.147617
0.147567
0.147528
0.147504
0.147496
0.285562
0.285724
0.286213
0.287015
0.288083
0.28935
0.290759
0.292247
0.293741
0.295158
0.296431
0.297496
0.298292
0.298763
0.298861
0.298551
0.297806
0.296603
0.29493
0.29278
0.290156
0.287068
0.283533
0.279573
0.275213
0.270481
0.265415
0.260053
0.254437
0.248608
0.242614
0.236499
0.230312
0.224101
0.217914
0.2118
0.205805
0.199974
0.19435
0.188973
0.183878
0.179096
0.174653
0.17057
0.166865
0.163537
0.160587
0.158003
0.155771
0.153873
0.152285
0.15098
0.149931
0.149108
0.148481
0.148023
0.147706
0.147504
0.147396
0.147358
0.147374
0.147425
0.147498
0.147583
0.147669
0.14775
0.14782
0.147876
0.147917
0.147942
0.147951
0.147947
0.147932
0.147908
0.147879
0.147847
0.147816
0.147789
0.147768
0.147755
0.14775
0.279716
0.279854
0.280277
0.28097
0.281893
0.282989
0.284209
0.285497
0.28679
0.288018
0.289117
0.290033
0.29071
0.2911
0.291158
0.290852
0.290155
0.289047
0.287514
0.28555
0.283157
0.280343
0.277121
0.27351
0.26953
0.265209
0.260578
0.255672
0.250527
0.245183
0.239677
0.234053
0.228354
0.222623
0.216902
0.211236
0.205665
0.20023
0.194969
0.189918
0.185108
0.180568
0.176319
0.172387
0.168783
0.165507
0.162571
0.159964
0.157674
0.155687
0.153986
0.15255
0.151355
0.150378
0.149593
0.148976
0.148503
0.148151
0.1479
0.147731
0.147626
0.14757
0.14755
0.147555
0.147575
0.147602
0.147631
0.147658
0.147679
0.147693
0.147699
0.147698
0.14769
0.147677
0.14766
0.147642
0.147624
0.147607
0.147595
0.147587
0.147584
0.273566
0.273685
0.274053
0.274652
0.275453
0.276405
0.277466
0.278586
0.279711
0.280781
0.281738
0.282534
0.28312
0.283453
0.283492
0.283207
0.282573
0.281569
0.280185
0.278415
0.276257
0.273718
0.270809
0.267544
0.263941
0.260026
0.255826
0.25137
0.246692
0.241824
0.236802
0.231664
0.226448
0.221191
0.215933
0.210711
0.205563
0.200524
0.195628
0.190906
0.186387
0.182096
0.17805
0.174281
0.170792
0.167585
0.164671
0.162051
0.159715
0.157649
0.155842
0.154277
0.152937
0.151802
0.150851
0.150063
0.14942
0.148902
0.148489
0.148165
0.147916
0.147726
0.147584
0.147478
0.147401
0.147343
0.147299
0.147264
0.147235
0.147208
0.147183
0.147157
0.147132
0.147106
0.147081
0.147058
0.147038
0.14702
0.147008
0.147
0.146997
0.267118
0.267223
0.267544
0.268068
0.268767
0.269602
0.270533
0.271517
0.272507
0.273452
0.2743
0.275009
0.275534
0.275836
0.275881
0.275638
0.275084
0.274203
0.272983
0.271416
0.269502
0.267244
0.26465
0.261733
0.258509
0.255
0.251228
0.247221
0.243005
0.23861
0.234067
0.229409
0.224671
0.219885
0.215085
0.210304
0.205575
0.200929
0.196397
0.192004
0.187777
0.18374
0.179901
0.1763
0.172932
0.169804
0.166924
0.164296
0.161918
0.15978
0.15787
0.156179
0.154691
0.153392
0.152266
0.151297
0.150469
0.149764
0.149169
0.148668
0.148248
0.147896
0.147603
0.147357
0.14715
0.146975
0.146827
0.146698
0.146587
0.146489
0.146402
0.146325
0.146256
0.146195
0.146141
0.146095
0.146057
0.146027
0.146005
0.145992
0.145988
0.260372
0.260466
0.26075
0.261214
0.261834
0.262577
0.263408
0.264288
0.265178
0.266033
0.266807
0.267461
0.267957
0.26826
0.268338
0.268163
0.267715
0.266978
0.265939
0.264592
0.262935
0.260967
0.258697
0.256135
0.253296
0.250195
0.246854
0.243295
0.23954
0.235615
0.231549
0.227368
0.223103
0.218783
0.214435
0.210091
0.205776
0.20152
0.197347
0.193281
0.189343
0.185558
0.181928
0.178497
0.175253
0.172206
0.169367
0.166736
0.164317
0.162106
0.160095
0.158275
0.156635
0.155166
0.153856
0.152692
0.151662
0.150753
0.149953
0.14925
0.148632
0.148091
0.147615
0.147197
0.146829
0.146505
0.146218
0.145963
0.145737
0.145537
0.145359
0.145201
0.145063
0.144942
0.144838
0.14475
0.144679
0.144623
0.144584
0.14456
0.144552
0.25332
0.253405
0.253663
0.254083
0.254646
0.255323
0.256083
0.256894
0.257719
0.25852
0.259257
0.259894
0.260398
0.260735
0.260879
0.260804
0.26049
0.259922
0.259088
0.257981
0.256597
0.254936
0.253004
0.25081
0.248363
0.245679
0.242773
0.239665
0.236372
0.232918
0.229326
0.22562
0.221824
0.217965
0.214065
0.21015
0.206244
0.20237
0.198551
0.194805
0.191152
0.187615
0.184191
0.180927
0.177806
0.17484
0.172041
0.16941
0.166951
0.164663
0.162546
0.160592
0.158795
0.157148
0.155642
0.154269
0.15302
0.151886
0.150859
0.149928
0.149086
0.148324
0.147635
0.147012
0.146449
0.145941
0.145481
0.145066
0.144692
0.144357
0.144056
0.143789
0.143553
0.143348
0.143171
0.143023
0.142902
0.142808
0.142742
0.142702
0.142689
Process [6]
0.245949
0.246029
0.24627
0.246663
0.247191
0.24783
0.248551
0.249327
0.250125
0.250911
0.25165
0.25231
0.25286
0.253272
0.253519
0.253579
0.253432
0.253064
0.252464
0.251622
0.250535
0.249203
0.247628
0.245816
0.243776
0.241519
0.239056
0.236404
0.233578
0.230597
0.227479
0.224245
0.220916
0.217512
0.214054
0.210562
0.207056
0.203557
0.200081
0.196649
0.193273
0.189974
0.186752
0.183649
0.180645
0.177756
0.174992
0.172358
0.169857
0.167491
0.16526
0.163164
0.1612
0.159363
0.157649
0.156052
0.154566
0.153187
0.151908
0.150724
0.149628
0.148616
0.147682
0.14682
0.146027
0.145298
0.144629
0.144018
0.143461
0.142956
0.142501
0.142092
0.141731
0.141414
0.141141
0.140911
0.140724
0.140579
0.140475
0.140413
0.140393
0.238247
0.238325
0.238559
0.238942
0.239457
0.240085
0.240801
0.241577
0.242387
0.2432
0.243985
0.244712
0.245352
0.245881
0.246274
0.246509
0.246568
0.246437
0.246104
0.245559
0.2448
0.243822
0.242628
0.241219
0.239603
0.237786
0.235779
0.233592
0.231238
0.228732
0.22609
0.223328
0.220462
0.217509
0.214484
0.211406
0.208292
0.205156
0.202016
0.198885
0.195776
0.192703
0.189675
0.186722
0.183827
0.181008
0.178273
0.175628
0.173079
0.170628
0.168279
0.166032
0.163887
0.161847
0.159909
0.158071
0.15633
0.154684
0.15313
0.151665
0.150286
0.148991
0.147778
0.146642
0.145582
0.144596
0.143681
0.142835
0.142058
0.141346
0.140701
0.140118
0.139599
0.139143
0.138749
0.138416
0.138143
0.137931
0.13778
0.13769
0.13766
0.230191
0.23027
0.230508
0.230897
0.231424
0.232071
0.232815
0.233633
0.234498
0.235383
0.236261
0.237103
0.237884
0.238578
0.239165
0.239622
0.239932
0.24008
0.240054
0.239846
0.239448
0.238856
0.238069
0.237089
0.235917
0.234559
0.23302
0.231309
0.229435
0.227411
0.225246
0.222954
0.220547
0.218038
0.21544
0.212767
0.210032
0.207249
0.204429
0.201586
0.198734
0.195868
0.193026
0.19021
0.187413
0.184652
0.181935
0.17927
0.176663
0.174119
0.171641
0.169233
0.1669
0.164642
0.162462
0.160363
0.158345
0.156409
0.154554
0.152781
0.15109
0.14948
0.147952
0.146506
0.145141
0.143858
0.142657
0.141537
0.140499
0.139543
0.138668
0.137876
0.137166
0.136539
0.135995
0.135534
0.135157
0.134863
0.134653
0.134527
0.134485
0.22175
0.221835
0.222088
0.222504
0.22307
0.223768
0.224579
0.225481
0.226449
0.227458
0.228482
0.229495
0.230471
0.231387
0.232221
0.232953
0.233565
0.234042
0.23437
0.23454
0.234543
0.234374
0.234028
0.233504
0.232801
0.23192
0.230866
0.229644
0.22826
0.226721
0.225036
0.223212
0.22126
0.219188
0.217007
0.214728
0.212359
0.209913
0.2074
0.204828
0.202217
0.199544
0.196872
0.194177
0.191464
0.188747
0.186036
0.183338
0.180661
0.178009
0.175391
0.172811
0.170274
0.167786
0.165351
0.162973
0.160656
0.158404
0.156221
0.154111
0.152075
0.150117
0.148239
0.146445
0.144736
0.143115
0.141585
0.140149
0.138807
0.137564
0.13642
0.135379
0.134441
0.133609
0.132884
0.132268
0.131762
0.131368
0.131086
0.130916
0.130859
0.212899
0.212993
0.213276
0.21374
0.214374
0.215161
0.216083
0.217118
0.218243
0.219433
0.220662
0.221906
0.223139
0.224339
0.225482
0.226549
0.227521
0.228382
0.229117
0.229715
0.230164
0.230458
0.230588
0.230551
0.230343
0.229963
0.229413
0.228694
0.227808
0.22676
0.225554
0.224196
0.222692
0.221049
0.219274
0.217373
0.215358
0.213233
0.211009
0.208689
0.206297
0.203805
0.201282
0.19869
0.196043
0.193354
0.190633
0.187887
0.185125
0.182353
0.17958
0.176812
0.174057
0.171322
0.168613
0.165938
0.163303
0.160714
0.158178
0.155701
0.153289
0.150947
0.148682
0.1465
0.144405
0.142403
0.140501
0.138701
0.137011
0.135435
0.133977
0.132643
0.131436
0.130361
0.12942
0.128619
0.127959
0.127443
0.127073
0.12685
0.126776
0.203611
0.20372
0.204046
0.204583
0.205318
0.206236
0.207317
0.20854
0.209882
0.211317
0.212819
0.214364
0.215925
0.217479
0.219002
0.220472
0.22187
0.223178
0.224378
0.225458
0.226403
0.227202
0.227847
0.22833
0.228647
0.228792
0.228764
0.22856
0.228181
0.227628
0.226901
0.226005
0.224942
0.223715
0.222333
0.220795
0.219113
0.217289
0.215334
0.213254
0.211045
0.208724
0.206325
0.203817
0.201216
0.198536
0.195787
0.192975
0.190111
0.187202
0.184257
0.181286
0.178296
0.175296
0.172297
0.169305
0.16633
0.163381
0.160466
0.157595
0.154776
0.152018
0.14933
0.146719
0.144197
0.141769
0.139446
0.137236
0.135147
0.133188
0.131366
0.12969
0.128168
0.126806
0.12561
0.124587
0.123742
0.123081
0.122605
0.122319
0.122223
0.193844
0.193973
0.194362
0.195
0.195875
0.196972
0.19827
0.199746
0.201376
0.203131
0.204986
0.206912
0.208883
0.210872
0.212854
0.214804
0.216701
0.218524
0.220253
0.221872
0.223364
0.224716
0.225918
0.226958
0.227828
0.228521
0.229031
0.229355
0.229489
0.229432
0.229182
0.228739
0.228107
0.227283
0.226276
0.225084
0.223715
0.222173
0.220454
0.218598
0.216542
0.214376
0.212074
0.209626
0.20705
0.204358
0.201559
0.198662
0.195677
0.192612
0.189478
0.186285
0.183042
0.17976
0.17645
0.173121
0.169785
0.166453
0.163134
0.159842
0.156586
0.153378
0.15023
0.147153
0.144159
0.141261
0.13847
0.135798
0.133258
0.130862
0.128622
0.126551
0.124661
0.122961
0.121463
0.120176
0.119111
0.118275
0.117672
0.117309
0.117188
0.183556
0.183715
0.184184
0.184958
0.186023
0.187359
0.188943
0.19075
0.192751
0.194917
0.197216
0.199617
0.202091
0.204606
0.207136
0.209651
0.212126
0.214537
0.216863
0.219082
0.221177
0.223132
0.224931
0.226562
0.228013
0.229275
0.230339
0.231199
0.23185
0.232286
0.232506
0.232508
0.232291
0.231854
0.231201
0.230332
0.229248
0.227963
0.226471
0.224786
0.222876
0.220834
0.218601
0.216189
0.213613
0.210885
0.208014
0.20501
0.201882
0.198642
0.195299
0.191864
0.188349
0.184766
0.181125
0.177439
0.173721
0.169981
0.166235
0.162494
0.158772
0.155083
0.151439
0.147858
0.144351
0.140936
0.137628
0.134443
0.131396
0.128506
0.12579
0.123263
0.120945
0.118851
0.116997
0.115399
0.114071
0.113025
0.11227
0.111814
0.111662
0.172701
0.172896
0.173476
0.174431
0.175745
0.177393
0.179349
0.181582
0.184057
0.186738
0.189589
0.192574
0.195656
0.198801
0.201975
0.205146
0.208285
0.211363
0.214356
0.21724
0.219994
0.222597
0.225034
0.227287
0.229343
0.231191
0.23282
0.234221
0.235387
0.236311
0.23699
0.237421
0.2376
0.237529
0.237205
0.236634
0.235821
0.234742
0.233468
0.231899
0.230134
0.228173
0.225982
0.223578
0.220975
0.218184
0.215216
0.21208
0.208787
0.205348
0.201774
0.198078
0.194271
0.190365
0.186375
0.182311
0.17819
0.174022
0.169824
0.165609
0.161394
0.157192
0.153021
0.148897
0.144838
0.140861
0.136987
0.133235
0.129626
0.126181
0.122924
0.119877
0.117065
0.11451
0.112238
0.110269
0.108626
0.107326
0.106387
0.105818
0.105628
0.161239
0.161482
0.162208
0.163401
0.16504
0.167095
0.16953
0.172304
0.175374
0.178696
0.182225
0.185915
0.189725
0.193611
0.197535
0.20146
0.205352
0.209179
0.212911
0.216521
0.219985
0.223281
0.226389
0.229291
0.231972
0.234417
0.236615
0.238555
0.240229
0.24163
0.242753
0.243592
0.244146
0.244413
0.244397
0.244093
0.243493
0.242641
0.241499
0.240041
0.23839
0.236472
0.234293
0.231866
0.229206
0.226323
0.22323
0.219937
0.216452
0.212792
0.208964
0.204984
0.200863
0.196615
0.192254
0.187792
0.183246
0.17863
0.173956
0.169246
0.164511
0.159769
0.155039
0.15034
0.145689
0.141109
0.136622
0.132251
0.128021
0.12396
0.120095
0.116456
0.113076
0.109986
0.10722
0.104811
0.102789
0.101183
0.100017
0.0993105
0.0990731
0.149126
0.149435
0.150352
0.151859
0.153923
0.156504
0.15955
0.163008
0.166821
0.170932
Process [7]
0.175283
0.179818
0.184486
0.189237
0.194023
0.198803
0.203538
0.20819
0.212728
0.217121
0.221342
0.225367
0.229174
0.232745
0.236061
0.239108
0.241873
0.244345
0.246514
0.248374
0.249918
0.25114
0.25204
0.252623
0.252867
0.252799
0.252399
0.251723
0.250644
0.249319
0.247721
0.245812
0.24361
0.241127
0.238377
0.235373
0.232125
0.228643
0.224943
0.221031
0.216927
0.212638
0.208182
0.203569
0.198816
0.193938
0.188945
0.183859
0.178694
0.173462
0.168184
0.162879
0.157565
0.152258
0.146982
0.141761
0.136617
0.131578
0.126672
0.12193
0.117387
0.113081
0.109051
0.105341
0.101996
0.0990608
0.096582
0.094602
0.0931579
0.0922791
0.0919838
0.136303
0.136699
0.137874
0.139797
0.142422
0.145684
0.149514
0.153836
0.158572
0.163645
0.168984
0.174519
0.180186
0.185927
0.191688
0.197422
0.203083
0.208632
0.214035
0.219258
0.224272
0.229053
0.233578
0.237827
0.241781
0.245425
0.248747
0.251735
0.25438
0.256674
0.258611
0.260183
0.261409
0.262245
0.262744
0.262845
0.26266
0.262026
0.261048
0.259805
0.258211
0.256274
0.25401
0.251437
0.248561
0.245403
0.241965
0.238269
0.234316
0.230131
0.225722
0.221098
0.216283
0.211283
0.206116
0.200799
0.195344
0.189768
0.184088
0.17832
0.172482
0.166589
0.160664
0.154727
0.148798
0.142903
0.137065
0.131312
0.125678
0.120197
0.114908
0.109856
0.105089
0.100663
0.0966372
0.0930741
0.0900396
0.0875974
0.0858049
0.0847091
0.0843405
0.122717
0.123231
0.124758
0.127243
0.130611
0.134766
0.139601
0.145008
0.150879
0.157115
0.163622
0.170318
0.177127
0.183981
0.190823
0.197597
0.204258
0.210763
0.217076
0.223164
0.228995
0.234548
0.239796
0.244721
0.249307
0.253534
0.257394
0.260876
0.263964
0.266667
0.268961
0.270855
0.272347
0.273431
0.274082
0.274429
0.274267
0.273681
0.272826
0.271579
0.269945
0.267941
0.265575
0.262874
0.259833
0.256482
0.252822
0.248871
0.244645
0.240148
0.235402
0.230425
0.225223
0.219809
0.214208
0.208433
0.202496
0.196411
0.190198
0.183875
0.177459
0.170966
0.164414
0.157824
0.151219
0.144622
0.138059
0.131559
0.125154
0.11888
0.112782
0.106908
0.101315
0.096069
0.0912468
0.0869327
0.0832186
0.0801985
0.0779632
0.0765871
0.0761228
0.108305
0.108989
0.111006
0.114268
0.118641
0.12397
0.130091
0.136847
0.144096
0.151707
0.159569
0.167582
0.175664
0.183742
0.19175
0.199637
0.207351
0.214853
0.222107
0.229074
0.235737
0.242058
0.248028
0.253614
0.258813
0.263601
0.267973
0.271914
0.275418
0.278489
0.281086
0.283296
0.284961
0.28625
0.287152
0.287473
0.287324
0.286898
0.286024
0.284735
0.283013
0.28089
0.278393
0.275509
0.272265
0.268684
0.264764
0.260521
0.255979
0.25115
0.246039
0.240664
0.235049
0.229207
0.223151
0.216893
0.210449
0.203839
0.197079
0.190187
0.183178
0.17607
0.16888
0.161625
0.154329
0.147015
0.139707
0.132432
0.125223
0.118117
0.111156
0.104392
0.0978879
0.0917191
0.0859763
0.0807679
0.0762191
0.072468
0.0696556
0.0679085
0.0673153
0.0930158
0.093947
0.09668
0.101039
0.106785
0.113656
0.121404
0.129811
0.138691
0.147887
0.15727
0.166735
0.176197
0.185578
0.194815
0.203855
0.212658
0.221177
0.229374
0.237232
0.244716
0.251793
0.258461
0.264698
0.270469
0.275792
0.280648
0.284994
0.288879
0.29229
0.295148
0.297524
0.299489
0.300947
0.301761
0.302101
0.302142
0.301701
0.300748
0.299344
0.297507
0.295235
0.292525
0.28942
0.285936
0.282084
0.277859
0.273285
0.268389
0.263182
0.257679
0.251893
0.245832
0.239522
0.232979
0.226219
0.219256
0.212108
0.204789
0.197316
0.189704
0.181967
0.174126
0.166199
0.158207
0.150168
0.142106
0.134046
0.126017
0.118053
0.110195
0.102492
0.0950079
0.0878207
0.0810319
0.0747703
0.0691983
0.0645121
0.0609311
0.0586722
0.057899
0.0767927
0.0781156
0.0819355
0.087888
0.0955172
0.104391
0.114149
0.124506
0.135244
0.146193
0.157224
0.168232
0.179131
0.189855
0.200351
0.210569
0.220463
0.229993
0.239129
0.247851
0.256142
0.263965
0.271296
0.27812
0.284459
0.290285
0.295568
0.300289
0.304463
0.308156
0.311309
0.313905
0.315909
0.317232
0.318213
0.318711
0.318694
0.318168
0.317114
0.315538
0.313497
0.311005
0.308074
0.304716
0.300939
0.296744
0.292166
0.287225
0.281936
0.276315
0.270378
0.26414
0.257617
0.250822
0.243769
0.23648
0.228973
0.221262
0.213364
0.205295
0.197069
0.188703
0.180214
0.171617
0.16293
0.15417
0.145359
0.136517
0.12767
0.118846
0.11008
0.101416
0.0929096
0.0846353
0.0766932
0.0692213
0.0624111
0.0565224
0.0518904
0.0488906
0.0478476
0.0595996
0.0615876
0.0671706
0.0754838
0.0856588
0.097031
0.10914
0.121672
0.134412
0.147203
0.159931
0.172506
0.184859
0.196929
0.208667
0.220043
0.231014
0.241546
0.251608
0.261176
0.270223
0.278731
0.286681
0.294085
0.300939
0.307211
0.312892
0.317975
0.322452
0.32631
0.329506
0.332113
0.334249
0.335808
0.336792
0.337209
0.337071
0.336388
0.335172
0.333434
0.331158
0.328374
0.325122
0.32142
0.31728
0.312721
0.307758
0.302408
0.296689
0.290617
0.28421
0.277484
0.270457
0.263145
0.255561
0.247722
0.23965
0.231361
0.222872
0.214197
0.205352
0.196351
0.187211
0.177945
0.16857
0.159101
0.149554
0.139949
0.130303
0.120641
0.110988
0.101378
0.0918552
0.0824775
0.0733292
0.0645345
0.0562849
0.0488804
0.0427857
0.0386524
0.037168
0.0414642
0.0447673
0.0533823
0.0651169
0.0784913
0.0927051
0.107321
0.122082
0.136825
0.151435
0.165828
0.179938
0.19371
0.207098
0.22006
0.23256
0.244567
0.256052
0.266991
0.27736
0.28714
0.296314
0.304865
0.312777
0.320036
0.32663
0.332601
0.337963
0.342674
0.346734
0.350146
0.352914
0.355045
0.356547
0.35743
0.357706
0.357386
0.356484
0.355015
0.352993
0.350436
0.347359
0.343781
0.339719
0.335193
0.33022
0.324811
0.318979
0.312759
0.306173
0.299238
0.291972
0.284394
0.276522
0.268372
0.259962
0.251309
0.242428
0.233337
0.22405
0.214582
0.204948
0.195163
0.185239
0.175192
0.165034
0.15478
0.144444
0.13404
0.123586
0.113099
0.102601
0.0921196
0.081693
0.071375
0.0612501
0.0514608
0.0422672
0.0341763
0.0281878
0.0258732
0.0227879
0.0292475
0.0429859
0.0589541
0.0756756
0.0926307
0.109583
0.126399
0.142989
0.159285
0.175232
0.190782
0.205892
0.220524
0.234643
0.248218
0.26122
0.273622
0.285402
0.296539
0.307016
0.316817
0.325931
0.334345
0.342054
0.349052
0.355335
0.360903
0.365758
0.369904
0.373346
0.376091
0.37815
0.379533
0.380252
0.380321
0.379754
0.378569
0.376782
0.374411
0.371475
0.367993
0.363985
0.359471
0.354471
0.349006
0.343097
0.336764
0.330028
0.32291
0.315429
0.307605
0.299459
0.291008
0.282271
0.273267
0.264013
0.254525
0.244819
0.234913
0.22482
0.214555
0.204132
0.193565
0.182866
0.172047
0.161121
0.150098
0.138992
0.127812
0.116571
0.105282
0.0939591
0.0826199
0.071288
0.0599992
0.0488151
0.0378596
0.0274325
0.0184501
0.0142055
0.0120935
0.0216701
0.039075
0.0573689
0.0757458
0.0940174
0.112091
0.129903
0.147397
0.164526
0.181246
0.197516
0.213297
0.228552
0.24325
0.257359
0.270851
0.283701
0.295886
0.307387
0.318187
0.328271
0.337626
0.346246
0.354121
0.36125
0.36763
0.373262
0.378149
0.382296
0.385711
0.388403
0.390382
0.391661
0.392254
0.392176
0.391444
0.390076
0.38809
0.385505
0.382342
0.378621
0.374363
0.369589
0.364322
0.358583
0.352393
0.345774
0.338748
0.331336
0.323557
0.315434
0.306985
0.298231
0.28919
0.27988
0.27032
0.260526
0.250514
0.240301
0.229902
0.21933
0.2086
0.197724
0.186716
0.175586
0.164347
0.153008
0.141579
0.130072
0.118493
0.106854
0.0951628
0.0834288
0.0716626
0.0598771
0.0480908
0.036339
0.0247155
0.013695
0.00762348
