Vec Object: Vec_0x84000004_9 4 MPI processes
  type: mpi
Process [0]
1.0402e-15
1.75697e-15
3.10014e-15
4.52672e-15
5.96017e-15
7.38153e-15
8.78118e-15
1.01521e-14
1.14884e-14
1.27846e-14
1.40356e-14
1.52366e-14
1.63829e-14
1.74703e-14
1.84946e-14
1.94519e-14
2.0339e-14
2.11527e-14
2.189e-14
2.2549e-14
2.31277e-14
2.36249e-14
2.40397e-14
2.4372e-14
2.46221e-14
2.47909e-14
2.48801e-14
2.48915e-14
2.48279e-14
2.46924e-14
2.44885e-14
2.42202e-14
2.3892e-14
2.35084e-14
2.30742e-14
2.25946e-14
2.20746e-14
2.15193e-14
2.09337e-14
2.03228e-14
1.96912e-14
1.90437e-14
1.83843e-14
1.77171e-14
1.70458e-14
1.63737e-14
1.57038e-14
1.50388e-14
1.43811e-14
1.37327e-14
1.30953e-14
1.24703e-14
1.1859e-14
1.12622e-14
1.06806e-14
1.01147e-14
9.56468e-15
9.0307e-15
8.51267e-15
8.0104e-15
7.52358e-15
7.05181e-15
6.59457e-15
6.1513e-15
5.72136e-15
5.30406e-15
4.89867e-15
4.50441e-15
4.1205e-15
3.74612e-15
3.38043e-15
3.02262e-15
2.67185e-15
2.32733e-15
1.98831e-15
1.65416e-15
1.3245e-15
9.99536e-16
6.81594e-16
3.85739e-16
2.28919e-16
1.83263e-15
2.32098e-15
3.37192e-15
4.59859e-15
5.88229e-15
7.17988e-15
8.47071e-15
9.74241e-15
1.09863e-14
1.21954e-14
1.33637e-14
1.44859e-14
1.55572e-14
1.65733e-14
1.75301e-14
1.84237e-14
1.9251e-14
2.00089e-14
2.0695e-14
2.13073e-14
2.1844e-14
2.2304e-14
2.27021e-14
2.30723e-14
2.33085e-14
2.34613e-14
2.35395e-14
2.35452e-14
2.34807e-14
2.33491e-14
2.3154e-14
2.2899e-14
2.25884e-14
2.22263e-14
2.18174e-14
2.13663e-14
2.0878e-14
2.03569e-14
1.98078e-14
1.92541e-14
1.87027e-14
1.80949e-14
1.74745e-14
1.68468e-14
1.62153e-14
1.55828e-14
1.49522e-14
1.4326e-14
1.37063e-14
1.30951e-14
1.2494e-14
1.19042e-14
1.13269e-14
1.07629e-14
1.02129e-14
9.67729e-15
9.15633e-15
8.65014e-15
8.15868e-15
7.68179e-15
7.21921e-15
6.77057e-15
6.33546e-15
5.91334e-15
5.50367e-15
5.10584e-15
4.71919e-15
4.34306e-15
3.97677e-15
3.61961e-15
3.27091e-15
2.93001e-15
2.5963e-15
2.26929e-15
1.94871e-15
1.63464e-15
1.328e-15
1.0316e-15
7.5336e-16
5.18278e-16
4.10143e-16
3.21581e-15
3.45189e-15
4.07158e-15
4.92007e-15
5.88858e-15
6.91582e-15
7.96696e-15
9.02065e-15
1.00634e-14
1.11108e-14
1.21183e-14
1.30767e-14
1.39926e-14
1.48614e-14
1.56825e-14
1.6494e-14
1.72163e-14
1.78628e-14
1.8446e-14
1.89902e-14
1.94944e-14
1.98818e-14
2.02e-14
2.04696e-14
2.07131e-14
2.08351e-14
2.08882e-14
2.08914e-14
2.08824e-14
2.07619e-14
2.0579e-14
2.0345e-14
2.01038e-14
1.98129e-14
1.94463e-14
1.90441e-14
1.86103e-14
1.81558e-14
1.77181e-14
1.72206e-14
1.66978e-14
1.61627e-14
1.56185e-14
1.50681e-14
1.45145e-14
1.39603e-14
1.34076e-14
1.28714e-14
1.23529e-14
1.1815e-14
1.12848e-14
1.07641e-14
1.02539e-14
9.75487e-15
9.2676e-15
8.79245e-15
8.32967e-15
7.87937e-15
7.44154e-15
7.01608e-15
6.60283e-15
6.20151e-15
5.8118e-15
5.43333e-15
5.06568e-15
4.70841e-15
4.36106e-15
4.02316e-15
3.69426e-15
3.37394e-15
3.06183e-15
2.75768e-15
2.4614e-15
2.17319e-15
1.89371e-15
1.62453e-15
1.3688e-15
1.1328e-15
9.29044e-16
7.81432e-16
7.25355e-16
4.45545e-15
4.58841e-15
4.96269e-15
5.52196e-15
6.20732e-15
6.97189e-15
7.78167e-15
8.616e-15
9.47389e-15
1.03091e-14
1.11219e-14
1.19325e-14
1.27114e-14
1.34319e-14
1.41494e-14
1.47943e-14
1.54029e-14
1.59707e-14
1.6466e-14
1.69342e-14
1.73166e-14
1.76733e-14
1.79409e-14
1.81816e-14
1.83351e-14
1.846e-14
1.85002e-14
1.85154e-14
1.84478e-14
1.83626e-14
1.81914e-14
1.80184e-14
1.7759e-14
1.75023e-14
1.71842e-14
1.68316e-14
1.6485e-14
1.60715e-14
1.56491e-14
1.52408e-14
1.47802e-14
1.4307e-14
1.38411e-14
1.33905e-14
1.29047e-14
1.24177e-14
1.1933e-14
1.14521e-14
1.09791e-14
1.05357e-14
1.00794e-14
9.62444e-15
9.17861e-15
8.74251e-15
8.31651e-15
7.90089e-15
7.49583e-15
7.10141e-15
6.71764e-15
6.34444e-15
5.98168e-15
5.62918e-15
5.28671e-15
4.95403e-15
4.63084e-15
4.31688e-15
4.01187e-15
3.71557e-15
3.42778e-15
3.14837e-15
2.87735e-15
2.61489e-15
2.36143e-15
2.11782e-15
1.88556e-15
1.66715e-15
1.46668e-15
1.2907e-15
1.14911e-15
1.05508e-15
1.02179e-15
5.55658e-15
5.63619e-15
5.86669e-15
6.22653e-15
6.68816e-15
7.22736e-15
7.81938e-15
8.44219e-15
9.09574e-15
9.74208e-15
1.03966e-14
1.10294e-14
1.16554e-14
1.22432e-14
1.28132e-14
1.33473e-14
1.38382e-14
1.42958e-14
1.47097e-14
1.50775e-14
1.53969e-14
1.56696e-14
1.58951e-14
1.60706e-14
1.6197e-14
1.62755e-14
1.63055e-14
1.62875e-14
1.62271e-14
1.61244e-14
1.59819e-14
1.57984e-14
1.55787e-14
1.53325e-14
1.50548e-14
1.47431e-14
1.44248e-14
1.40676e-14
1.37115e-14
1.33232e-14
1.29446e-14
1.25297e-14
1.21418e-14
1.1723e-14
1.13007e-14
1.09076e-14
1.04925e-14
1.00747e-14
9.66272e-15
9.27102e-15
8.89093e-15
8.49893e-15
8.1152e-15
7.74015e-15
7.37399e-15
7.0169e-15
6.66898e-15
6.33017e-15
6.00056e-15
5.67999e-15
5.36843e-15
5.06573e-15
4.77174e-15
4.48633e-15
4.20934e-15
3.94065e-15
3.68016e-15
3.42785e-15
3.18374e-15
2.94799e-15
2.72089e-15
2.50295e-15
2.29498e-15
2.09815e-15
1.91422e-15
1.74568e-15
1.59602e-15
1.46989e-15
1.37303e-15
1.31153e-15
1.2904e-15
6.5047e-15
6.55345e-15
6.6964e-15
6.91969e-15
7.21873e-15
7.5806e-15
7.98987e-15
8.42956e-15
8.8969e-15
9.37171e-15
9.85428e-15
1.03331e-14
1.08017e-14
1.1254e-14
1.16874e-14
1.2096e-14
1.24764e-14
1.2825e-14
1.31404e-14
1.34195e-14
1.36591e-14
1.38633e-14
1.40253e-14
1.41441e-14
1.42227e-14
1.42634e-14
1.42652e-14
1.42251e-14
1.41485e-14
1.40372e-14
1.38919e-14
1.37165e-14
1.35129e-14
1.32816e-14
1.30286e-14
1.27542e-14
1.24621e-14
1.21541e-14
1.18343e-14
1.15069e-14
1.11649e-14
1.08206e-14
1.04788e-14
1.01199e-14
9.77918e-15
9.42242e-15
9.07188e-15
8.73895e-15
8.38797e-15
8.04444e-15
7.72811e-15
7.4046e-15
7.08103e-15
6.76535e-15
6.45771e-15
6.1581e-15
5.86638e-15
5.58263e-15
5.30678e-15
5.04051e-15
4.79124e-15
4.53949e-15
4.29324e-15
4.05457e-15
3.82081e-15
3.59096e-15
3.37559e-15
3.16826e-15
2.96881e-15
2.77755e-15
2.59495e-15
2.42168e-15
2.25858e-15
2.10682e-15
1.96786e-15
1.84356e-15
1.73615e-15
1.64825e-15
1.58266e-15
1.54203e-15
1.52823e-15
7.31034e-15
7.33057e-15
7.41261e-15
7.55331e-15
7.73951e-15
7.96416e-15
8.22463e-15
8.51131e-15
8.81849e-15
9.13847e-15
9.46543e-15
9.7932e-15
1.01163e-14
1.04306e-14
1.07342e-14
1.10184e-14
1.1283e-14
1.15227e-14
1.17386e-14
1.19259e-14
1.20841e-14
1.22101e-14
1.23034e-14
1.23658e-14
1.23946e-14
1.239e-14
1.23539e-14
1.22872e-14
1.21889e-14
1.20657e-14
1.19161e-14
1.17401e-14
1.15439e-14
1.13287e-14
1.10944e-14
1.08459e-14
1.05874e-14
1.03173e-14
1.00385e-14
9.75404e-15
9.46486e-15
9.1749e-15
8.88033e-15
8.58893e-15
8.30023e-15
8.00466e-15
7.72661e-15
7.43366e-15
7.1631e-15
6.88701e-15
6.60887e-15
6.35303e-15
6.09908e-15
5.84128e-15
5.59066e-15
5.34701e-15
5.11027e-15
4.88034e-15
4.65909e-15
4.4534e-15
4.24407e-15
4.03949e-15
3.84146e-15
3.65001e-15
3.46516e-15
3.28701e-15
3.11374e-15
2.94553e-15
2.78932e-15
2.64095e-15
2.50072e-15
2.36922e-15
2.24718e-15
2.13547e-15
2.03507e-15
1.94708e-15
1.87267e-15
1.81305e-15
1.76938e-15
1.74269e-15
1.73373e-15
7.96974e-15
7.98582e-15
8.03247e-15
8.10272e-15
8.20437e-15
8.32813e-15
8.47295e-15
8.63418e-15
8.80883e-15
8.99251e-15
9.18135e-15
9.37217e-15
9.5607e-15
9.74456e-15
9.91869e-15
1.00825e-14
1.02315e-14
1.03636e-14
1.04758e-14
1.05688e-14
1.06394e-14
1.06854e-14
1.07081e-14
1.0707e-14
1.06782e-14
1.06259e-14
1.05484e-14
1.04495e-14
1.03276e-14
1.01865e-14
1.0026e-14
9.84929e-15
9.6583e-15
9.45452e-15
9.23935e-15
9.01838e-15
8.78901e-15
8.55727e-15
8.32077e-15
8.08281e-15
7.8445e-15
7.6065e-15
7.36978e-15
7.13557e-15
6.904e-15
6.67612e-15
6.45217e-15
6.22635e-15
6.01535e-15
5.79418e-15
5.59142e-15
5.38643e-15
5.17971e-15
4.98501e-15
4.80341e-15
4.61418e-15
4.43004e-15
4.25145e-15
4.07833e-15
3.91066e-15
3.74837e-15
3.59152e-15
3.44006e-15
3.29406e-15
3.15361e-15
3.01883e-15
2.88987e-15
2.767e-15
2.65045e-15
2.54056e-15
2.43769e-15
2.34228e-15
2.25483e-15
2.1759e-15
2.1061e-15
2.04602e-15
1.99617e-15
1.95696e-15
1.92869e-15
1.91161e-15
1.90589e-15
8.50466e-15
8.51131e-15
8.53006e-15
8.55569e-15
8.59472e-15
8.64149e-15
8.69649e-15
8.75761e-15
8.82367e-15
8.89224e-15
8.96241e-15
9.03068e-15
9.09692e-15
9.15778e-15
9.21212e-15
9.25847e-15
9.29334e-15
9.31659e-15
9.3263e-15
9.32187e-15
9.30293e-15
9.26439e-15
9.20985e-15
9.13968e-15
9.04985e-15
8.94255e-15
8.82199e-15
8.6862e-15
8.53662e-15
8.376e-15
8.20673e-15
8.02703e-15
7.84331e-15
7.65375e-15
7.46445e-15
7.27311e-15
7.08231e-15
6.8918e-15
6.70401e-15
6.51685e-15
6.33567e-15
6.15585e-15
5.98048e-15
5.8091e-15
5.64104e-15
5.47531e-15
5.31322e-15
5.15544e-15
4.99562e-15
4.84615e-15
4.69075e-15
4.5493e-15
4.39915e-15
4.25627e-15
4.12471e-15
3.98631e-15
3.85115e-15
3.71995e-15
3.59271e-15
3.46945e-15
3.35028e-15
3.23519e-15
3.12424e-15
3.01752e-15
2.91517e-15
2.81726e-15
2.72403e-15
2.63565e-15
2.55236e-15
2.47437e-15
2.40196e-15
2.33538e-15
2.27492e-15
2.2209e-15
2.17375e-15
2.13386e-15
2.10161e-15
2.07694e-15
2.05961e-15
2.04932e-15
2.0459e-15
8.91842e-15
8.916e-15
8.90981e-15
8.90547e-15
8.89631e-15
8.88485e-15
8.87007e-15
8.85198e-15
8.82977e-15
8.80332e-15
8.77191e-15
8.735e-15
8.69169e-15
8.642e-15
8.58515e-15
8.51954e-15
8.44418e-15
8.36091e-15
8.26612e-15
8.16081e-15
8.04597e-15
7.91975e-15
7.78221e-15
7.63527e-15
7.48144e-15
7.31698e-15
7.14666e-15
6.97184e-15
6.79479e-15
6.61619e-15
6.44145e-15
6.26764e-15
6.09841e-15
5.9371e-15
5.78317e-15
5.63754e-15
5.50028e-15
5.36869e-15
5.2445e-15
5.12773e-15
5.01601e-15
4.90758e-15
4.80328e-15
4.70171e-15
4.60123e-15
4.50296e-15
4.40426e-15
4.30497e-15
4.20657e-15
4.10978e-15
4.00966e-15
3.91482e-15
3.81416e-15
3.72199e-15
3.62465e-15
3.52742e-15
3.43349e-15
3.34546e-15
3.25492e-15
3.16549e-15
3.07917e-15
2.99524e-15
2.91458e-15
2.83682e-15
2.76235e-15
2.69127e-15
2.6235e-15
2.55998e-15
2.49994e-15
2.44438e-15
2.39275e-15
2.34582e-15
2.30324e-15
2.26568e-15
2.23303e-15
2.20585e-15
2.1847e-15
2.1698e-15
2.15944e-15
2.15319e-15
2.15121e-15
9.20657e-15
9.19855e-15
9.1786e-15
9.14749e-15
9.10305e-15
9.04631e-15
8.97724e-15
8.89631e-15
8.80307e-15
8.69852e-15
8.58258e-15
8.45516e-15
8.31674e-15
8.16822e-15
8.00873e-15
7.83864e-15
7.65955e-15
7.47021e-15
7.27239e-15
7.06556e-15
6.85074e-15
6.62937e-15
6.40559e-15
6.17662e-15
5.94562e-15
5.72005e-15
5.49649e-15
5.28579e-15
5.08333e-15
4.89916e-15
4.7333e-15
4.58929e-15
4.46646e-15
4.36555e-15
4.28424e-15
4.22047e-15
4.17317e-15
4.13691e-15
4.10684e-15
4.08326e-15
4.05995e-15
4.0366e-15
4.01215e-15
3.98311e-15
3.95007e-15
3.91209e-15
3.86841e-15
3.81945e-15
3.76564e-15
3.70767e-15
3.64635e-15
3.58213e-15
3.51566e-15
3.44673e-15
3.37623e-15
3.30589e-15
3.23401e-15
3.16149e-15
3.09018e-15
3.01964e-15
2.95107e-15
2.88409e-15
2.81958e-15
2.75736e-15
2.69785e-15
2.64107e-15
2.58696e-15
2.53662e-15
2.48914e-15
2.44535e-15
2.40491e-15
2.3684e-15
2.33519e-15
2.30618e-15
2.28075e-15
2.25872e-15
2.2423e-15
2.23313e-15
2.22796e-15
2.22431e-15
2.22281e-15
9.37536e-15
9.3652e-15
9.33353e-15
9.28218e-15
9.21023e-15
9.1182e-15
9.00649e-15
8.87541e-15
8.72545e-15
8.55698e-15
8.37104e-15
8.16772e-15
7.94795e-15
7.71194e-15
7.4612e-15
7.19667e-15
6.91917e-15
6.62836e-15
6.32775e-15
6.01617e-15
5.69918e-15
5.37862e-15
5.05362e-15
4.73419e-15
4.42249e-15
4.12096e-15
3.84732e-15
3.61174e-15
3.41212e-15
3.264e-15
3.16954e-15
3.12821e-15
3.13293e-15
3.17333e-15
3.23964e-15
3.32262e-15
3.41314e-15
3.50544e-15
3.59279e-15
3.67074e-15
3.73711e-15
3.79006e-15
3.82914e-15
3.85386e-15
3.86378e-15
3.85966e-15
3.8423e-15
3.81355e-15
3.77451e-15
3.72691e-15
3.67293e-15
3.61392e-15
3.54934e-15
3.48358e-15
3.41231e-15
3.34087e-15
3.26885e-15
3.19541e-15
3.12033e-15
3.04857e-15
2.97863e-15
2.9107e-15
2.84514e-15
2.7824e-15
2.72259e-15
2.66588e-15
2.61215e-15
2.56204e-15
2.51568e-15
2.47242e-15
2.43336e-15
2.39839e-15
2.36621e-15
2.33807e-15
2.31437e-15
2.29192e-15
2.2747e-15
2.2667e-15
2.26247e-15
2.25834e-15
2.25651e-15
9.42944e-15
9.416e-15
9.37572e-15
9.30876e-15
9.21525e-15
9.09558e-15
8.95011e-15
8.77924e-15
8.58372e-15
8.36351e-15
8.12011e-15
7.85425e-15
7.56545e-15
7.25509e-15
6.92462e-15
6.57484e-15
6.20708e-15
5.82139e-15
5.42111e-15
5.00765e-15
4.58554e-15
4.15405e-15
3.72092e-15
3.29372e-15
2.8817e-15
2.507e-15
2.19534e-15
2.00605e-15
1.96039e-15
2.03304e-15
2.18767e-15
2.39354e-15
2.62881e-15
2.87773e-15
3.1253e-15
3.36223e-15
3.58012e-15
3.7742e-15
3.94008e-15
4.07581e-15
4.1838e-15
4.26471e-15
4.31846e-15
4.34697e-15
4.35201e-15
4.33581e-15
4.30245e-15
4.25375e-15
4.19183e-15
4.11989e-15
4.04075e-15
3.95519e-15
3.8657e-15
3.77348e-15
3.67669e-15
3.58034e-15
3.48645e-15
3.39027e-15
3.29428e-15
3.20448e-15
3.1175e-15
3.0337e-15
2.95351e-15
2.8772e-15
2.80505e-15
2.73722e-15
2.67347e-15
2.614e-15
2.55946e-15
2.50898e-15
2.46299e-15
2.42188e-15
2.38491e-15
2.35218e-15
2.32468e-15
2.30037e-15
2.27978e-15
2.26629e-15
2.25804e-15
2.25229e-15
2.25013e-15
9.36906e-15
9.35316e-15
9.30621e-15
9.22713e-15
9.11627e-15
8.97542e-15
8.8026e-15
8.60107e-15
8.36798e-15
8.10722e-15
7.81726e-15
7.49936e-15
7.15417e-15
6.78217e-15
6.38479e-15
5.96296e-15
5.51679e-15
5.04866e-15
4.56039e-15
4.05195e-15
3.52604e-15
2.98959e-15
2.44487e-15
1.89554e-15
1.36198e-15
1.03733e-15
1.10237e-15
1.3272e-15
1.6501e-15
2.0497e-15
2.48423e-15
2.91918e-15
3.33358e-15
3.72136e-15
4.06793e-15
4.37208e-15
4.62813e-15
4.83469e-15
4.99107e-15
5.10066e-15
5.17077e-15
5.20366e-15
5.20212e-15
5.17134e-15
5.1167e-15
5.04207e-15
4.95308e-15
4.85214e-15
4.74109e-15
4.62279e-15
4.4999e-15
4.37333e-15
4.24428e-15
4.11517e-15
3.98562e-15
3.85918e-15
3.73233e-15
3.61251e-15
3.49608e-15
3.38314e-15
3.27211e-15
3.16845e-15
3.07042e-15
2.97753e-15
2.88994e-15
2.80807e-15
2.73146e-15
2.6598e-15
2.59454e-15
2.53461e-15
2.47894e-15
2.42917e-15
2.38509e-15
2.34541e-15
2.31144e-15
2.28469e-15
2.26058e-15
2.23874e-15
2.22366e-15
2.21593e-15
2.2136e-15
9.19846e-15
9.17954e-15
9.12514e-15
9.03695e-15
8.91299e-15
8.75464e-15
8.56164e-15
8.3346e-15
8.07362e-15
7.77985e-15
7.45308e-15
7.09474e-15
6.70523e-15
6.2861e-15
5.8362e-15
5.35794e-15
4.85509e-15
4.32493e-15
3.77513e-15
3.20784e-15
2.63322e-15
2.06999e-15
1.56566e-15
1.20552e-15
1.03046e-15
1.12462e-15
1.61236e-15
2.22296e-15
2.83053e-15
3.41528e-15
3.96623e-15
4.4606e-15
4.89941e-15
5.26909e-15
5.56651e-15
5.80074e-15
5.96615e-15
6.072e-15
6.12312e-15
6.12991e-15
6.09843e-15
6.03593e-15
5.94478e-15
5.83202e-15
5.70436e-15
5.56624e-15
5.4207e-15
5.27022e-15
5.11547e-15
4.95887e-15
4.80081e-15
4.64336e-15
4.48775e-15
4.33555e-15
4.18552e-15
4.04158e-15
3.89922e-15
3.76332e-15
3.63211e-15
3.50424e-15
3.381e-15
3.26488e-15
3.15409e-15
3.04898e-15
2.9497e-15
2.85653e-15
2.76922e-15
2.68741e-15
2.61189e-15
2.54262e-15
2.47873e-15
2.42124e-15
2.37014e-15
2.32431e-15
2.28457e-15
2.25275e-15
2.22419e-15
2.19778e-15
2.17901e-15
2.16904e-15
2.16613e-15
8.90952e-15
8.89026e-15
8.83391e-15
8.73774e-15
8.60388e-15
8.43213e-15
8.22319e-15
7.97707e-15
7.69505e-15
7.37709e-15
7.02373e-15
6.63655e-15
6.21651e-15
5.76549e-15
5.2839e-15
4.77618e-15
4.24809e-15
3.70565e-15
3.16268e-15
2.6447e-15
2.19088e-15
1.85916e-15
1.71846e-15
1.84386e-15
2.25174e-15
2.83382e-15
3.48092e-15
4.1291e-15
4.74282e-15
5.29057e-15
5.76365e-15
6.15029e-15
6.44332e-15
6.65159e-15
6.78235e-15
6.84603e-15
6.85275e-15
6.81221e-15
6.73806e-15
6.63837e-15
6.51788e-15
6.38493e-15
6.24289e-15
6.09309e-15
5.93698e-15
5.77582e-15
5.61157e-15
5.4452e-15
5.27744e-15
5.10938e-15
4.94167e-15
4.77615e-15
4.61361e-15
4.45458e-15
4.29907e-15
4.14833e-15
4.00098e-15
3.859e-15
3.71887e-15
3.58482e-15
3.45582e-15
3.33168e-15
3.21259e-15
3.09894e-15
2.99096e-15
2.88886e-15
2.79262e-15
2.70223e-15
2.61811e-15
2.54027e-15
2.46853e-15
2.40345e-15
2.34491e-15
2.29284e-15
2.24761e-15
2.20919e-15
2.17586e-15
2.14747e-15
2.1265e-15
2.1144e-15
2.11058e-15
8.51439e-15
8.49169e-15
8.43079e-15
8.3292e-15
8.18803e-15
8.00673e-15
7.78643e-15
7.52744e-15
7.23077e-15
6.89746e-15
6.52846e-15
6.12561e-15
5.69189e-15
5.23162e-15
4.74995e-15
4.25492e-15
3.7636e-15
3.29877e-15
2.89638e-15
2.61198e-15
2.50394e-15
2.61715e-15
2.96569e-15
3.49928e-15
4.12663e-15
4.77954e-15
5.40357e-15
5.96025e-15
6.41298e-15
6.76038e-15
7.00083e-15
7.14849e-15
7.21453e-15
7.21972e-15
7.18337e-15
7.1199e-15
7.03615e-15
6.93341e-15
6.81566e-15
6.68678e-15
6.55138e-15
6.41085e-15
6.26796e-15
6.12252e-15
5.9739e-15
5.82118e-15
5.66513e-15
5.50614e-15
5.34483e-15
5.18203e-15
5.01939e-15
4.85714e-15
4.69638e-15
4.53746e-15
4.38131e-15
4.22776e-15
4.07798e-15
3.93094e-15
3.78856e-15
3.64803e-15
3.5131e-15
3.38277e-15
3.25704e-15
3.13622e-15
3.02048e-15
2.90937e-15
2.80501e-15
2.70667e-15
2.61447e-15
2.52847e-15
2.44903e-15
2.37631e-15
2.31045e-15
2.25143e-15
2.19967e-15
2.15498e-15
2.11713e-15
2.08658e-15
2.06424e-15
2.05138e-15
2.04707e-15
8.00499e-15
7.98068e-15
7.91649e-15
7.81155e-15
7.66515e-15
7.4781e-15
7.25087e-15
6.98561e-15
6.68226e-15
6.3436e-15
5.97244e-15
5.5724e-15
5.14957e-15
4.71375e-15
4.27992e-15
3.86802e-15
3.51176e-15
3.25746e-15
3.1501e-15
3.23673e-15
3.53597e-15
4.01802e-15
4.60692e-15
5.23106e-15
5.81775e-15
6.31502e-15
6.69949e-15
6.96987e-15
7.13035e-15
7.20418e-15
7.22191e-15
7.2043e-15
7.1603e-15
7.09739e-15
7.02335e-15
6.94393e-15
6.86106e-15
6.77296e-15
6.67771e-15
6.57505e-15
6.46194e-15
6.34274e-15
6.21706e-15
6.08702e-15
5.9527e-15
5.81371e-15
5.67057e-15
5.52334e-15
5.37238e-15
5.21915e-15
5.0635e-15
4.90729e-15
4.75071e-15
4.59457e-15
4.43948e-15
4.28591e-15
4.13498e-15
3.98573e-15
3.84003e-15
3.69619e-15
3.55714e-15
3.42154e-15
3.28872e-15
3.16147e-15
3.03918e-15
2.92192e-15
2.80995e-15
2.70361e-15
2.60316e-15
2.509e-15
2.42138e-15
2.34063e-15
2.26703e-15
2.20092e-15
2.14253e-15
2.09205e-15
2.04978e-15
2.01619e-15
1.9918e-15
1.977e-15
1.97206e-15
7.37788e-15
7.35424e-15
7.29108e-15
7.18436e-15
7.03578e-15
6.84664e-15
6.61885e-15
6.35372e-15
6.05481e-15
5.72513e-15
5.37021e-15
5.00008e-15
4.62508e-15
4.26737e-15
3.95486e-15
3.72461e-15
3.6161e-15
3.67663e-15
3.92997e-15
4.34397e-15
4.86441e-15
5.41557e-15
5.91757e-15
6.3191e-15
6.60304e-15
6.77328e-15
6.85604e-15
6.88598e-15
6.88374e-15
6.86199e-15
6.83068e-15
6.80073e-15
6.77268e-15
6.74301e-15
6.70618e-15
6.66099e-15
6.60748e-15
6.5481e-15
6.48153e-15
6.40623e-15
6.32125e-15
6.22629e-15
6.12255e-15
6.01127e-15
5.89337e-15
5.76952e-15
5.64017e-15
5.50547e-15
5.36613e-15
5.22268e-15
5.07612e-15
4.92693e-15
4.77613e-15
4.62442e-15
4.4724e-15
4.32072e-15
4.16979e-15
4.02071e-15
3.87274e-15
3.72781e-15
3.58433e-15
3.44498e-15
3.30882e-15
3.17543e-15
3.04711e-15
2.92347e-15
2.80456e-15
2.69091e-15
2.5829e-15
2.48091e-15
2.38539e-15
2.29681e-15
2.21552e-15
2.1421e-15
2.07697e-15
2.0206e-15
1.97353e-15
1.93627e-15
1.9093e-15
1.89298e-15
1.88754e-15
6.64588e-15
6.61947e-15
6.55325e-15
6.447e-15
6.30037e-15
6.11505e-15
5.89398e-15
5.64052e-15
5.3609e-15
5.06118e-15
4.7525e-15
4.45356e-15
4.18722e-15
3.98228e-15
3.88181e-15
3.92775e-15
4.12844e-15
4.46258e-15
4.88945e-15
5.327e-15
5.70532e-15
5.98644e-15
6.15906e-15
6.2391e-15
6.2645e-15
6.26487e-15
6.25802e-15
6.25444e-15
6.2645e-15
6.28454e-15
6.3018e-15
6.31553e-15
6.32862e-15
6.33927e-15
6.3423e-15
6.33432e-15
6.3152e-15
6.28635e-15
6.24816e-15
6.19931e-15
6.13972e-15
6.06851e-15
5.98727e-15
5.89622e-15
5.79655e-15
5.68929e-15
5.57472e-15
5.4536e-15
5.32673e-15
5.19429e-15
5.05752e-15
4.91683e-15
4.77317e-15
4.62717e-15
4.4797e-15
4.33126e-15
4.1827e-15
4.03437e-15
3.88663e-15
3.74059e-15
3.59563e-15
3.45367e-15
3.31335e-15
3.17668e-15
3.04368e-15
2.91448e-15
2.78901e-15
2.66876e-15
2.55387e-15
2.44471e-15
2.34178e-15
2.2457e-15
2.15697e-15
2.07638e-15
2.00455e-15
1.94219e-15
1.89e-15
1.84867e-15
1.81874e-15
1.80063e-15
1.79454e-15
5.79083e-15
5.76632e-15
5.7043e-15
5.60217e-15
5.46286e-15
5.28986e-15
5.08742e-15
4.86304e-15
4.62788e-15
4.39373e-15
4.17877e-15
4.01222e-15
3.93476e-15
3.96688e-15
4.11338e-15
4.36681e-15
4.68193e-15
4.98214e-15
5.21882e-15
5.36791e-15
5.43088e-15
5.43798e-15
5.42275e-15
5.40753e-15
5.40851e-15
5.4366e-15
5.48565e-15
5.54293e-15
5.60619e-15
5.67573e-15
5.74378e-15
5.8061e-15
5.86136e-15
5.90957e-15
5.94842e-15
5.97487e-15
5.98754e-15
5.9906e-15
5.98036e-15
5.95796e-15
5.92302e-15
5.8754e-15
5.81597e-15
5.74549e-15
5.66518e-15
5.57513e-15
5.47641e-15
5.36974e-15
5.25637e-15
5.13566e-15
5.00948e-15
4.87829e-15
4.7428e-15
4.60392e-15
4.4622e-15
4.31845e-15
4.17333e-15
4.02743e-15
3.88131e-15
3.73532e-15
3.59039e-15
Process [1]
3.44645e-15
3.30471e-15
3.16462e-15
3.02783e-15
2.8942e-15
2.76386e-15
2.63792e-15
2.5168e-15
2.40097e-15
2.29106e-15
2.18779e-15
2.09179e-15
2.00403e-15
1.92536e-15
1.85673e-15
1.79949e-15
1.75444e-15
1.72121e-15
1.70101e-15
1.69425e-15
4.82878e-15
4.80396e-15
4.74526e-15
4.65226e-15
4.53148e-15
4.38688e-15
4.22507e-15
4.05918e-15
3.90923e-15
3.8006e-15
3.75116e-15
3.77154e-15
3.87335e-15
4.04487e-15
4.23381e-15
4.39032e-15
4.4873e-15
4.5113e-15
4.48088e-15
4.42896e-15
4.38208e-15
4.36206e-15
4.38141e-15
4.43472e-15
4.51041e-15
4.6057e-15
4.7155e-15
4.83164e-15
4.94884e-15
5.06585e-15
5.17802e-15
5.28207e-15
5.37691e-15
5.46083e-15
5.53336e-15
5.59265e-15
5.63586e-15
5.66746e-15
5.68433e-15
5.68725e-15
5.67602e-15
5.65193e-15
5.61434e-15
5.56439e-15
5.50271e-15
5.43039e-15
5.34807e-15
5.25681e-15
5.15657e-15
5.04888e-15
4.93409e-15
4.81331e-15
4.68703e-15
4.55609e-15
4.4213e-15
4.28336e-15
4.14291e-15
4.00065e-15
3.85713e-15
3.7129e-15
3.5686e-15
3.42474e-15
3.28163e-15
3.14018e-15
3.00059e-15
2.86326e-15
2.72919e-15
2.59858e-15
2.47206e-15
2.35034e-15
2.23408e-15
2.12415e-15
2.02129e-15
1.92661e-15
1.84117e-15
1.76615e-15
1.70266e-15
1.6519e-15
1.61483e-15
1.59225e-15
1.5847e-15
3.75105e-15
3.73381e-15
3.68019e-15
3.60861e-15
3.52745e-15
3.44455e-15
3.36925e-15
3.31019e-15
3.28304e-15
3.3016e-15
3.3674e-15
3.45035e-15
3.51753e-15
3.54971e-15
3.52873e-15
3.45677e-15
3.35767e-15
3.26289e-15
3.19507e-15
3.17702e-15
3.21046e-15
3.28011e-15
3.38127e-15
3.51026e-15
3.656e-15
3.81237e-15
3.97558e-15
4.141e-15
4.30446e-15
4.46247e-15
4.61385e-15
4.75481e-15
4.88291e-15
5.00008e-15
5.10404e-15
5.19169e-15
5.26501e-15
5.32313e-15
5.36586e-15
5.39305e-15
5.40535e-15
5.40317e-15
5.38661e-15
5.35654e-15
5.31416e-15
5.25931e-15
5.19315e-15
5.11748e-15
5.03139e-15
4.93685e-15
4.83417e-15
4.72429e-15
4.60785e-15
4.48575e-15
4.35885e-15
4.2275e-15
4.0928e-15
3.95521e-15
3.81539e-15
3.67399e-15
3.53157e-15
3.38861e-15
3.24578e-15
3.10345e-15
2.96236e-15
2.82281e-15
2.68559e-15
2.55117e-15
2.4202e-15
2.29332e-15
2.17136e-15
2.05515e-15
1.94581e-15
1.84503e-15
1.75301e-15
1.67149e-15
1.60201e-15
1.5461e-15
1.50504e-15
1.47994e-15
1.47145e-15
2.5555e-15
2.55131e-15
2.52411e-15
2.49248e-15
2.47294e-15
2.46632e-15
2.47976e-15
2.50521e-15
2.52855e-15
2.53749e-15
2.52208e-15
2.46612e-15
2.36594e-15
2.23983e-15
2.10372e-15
1.98868e-15
1.92109e-15
1.91154e-15
1.9529e-15
2.03678e-15
2.16082e-15
2.31224e-15
2.48439e-15
2.67222e-15
2.87112e-15
3.07533e-15
3.28195e-15
3.48604e-15
3.68702e-15
3.87835e-15
4.06262e-15
4.23363e-15
4.39326e-15
4.53904e-15
4.66939e-15
4.78403e-15
4.88261e-15
4.96567e-15
5.03155e-15
5.08152e-15
5.11565e-15
5.13438e-15
5.13812e-15
5.12751e-15
5.10311e-15
5.06581e-15
5.01596e-15
4.95534e-15
4.88399e-15
4.80268e-15
4.71242e-15
4.61378e-15
4.50785e-15
4.39518e-15
4.2766e-15
4.15284e-15
4.02468e-15
3.89268e-15
3.75753e-15
3.61988e-15
3.4803e-15
3.33936e-15
3.19764e-15
3.05568e-15
2.91402e-15
2.77325e-15
2.63391e-15
2.49658e-15
2.36205e-15
2.23099e-15
2.10406e-15
1.98227e-15
1.86678e-15
1.75942e-15
1.66087e-15
1.57264e-15
1.49683e-15
1.4353e-15
1.3898e-15
1.36182e-15
1.35237e-15
1.24349e-15
1.25059e-15
1.26242e-15
1.28885e-15
1.32464e-15
1.3549e-15
1.3736e-15
1.36567e-15
1.32302e-15
1.23953e-15
1.11272e-15
9.66837e-16
8.4984e-16
7.92946e-16
7.90759e-16
8.07564e-16
8.53956e-16
9.34837e-16
1.04798e-15
1.1876e-15
1.35466e-15
1.54171e-15
1.74745e-15
1.96533e-15
2.19191e-15
2.42274e-15
2.65553e-15
2.88552e-15
3.11056e-15
3.3275e-15
3.5353e-15
3.73194e-15
3.91472e-15
4.08355e-15
4.23708e-15
4.37434e-15
4.49573e-15
4.59981e-15
4.68712e-15
4.75821e-15
4.81271e-15
4.85092e-15
4.87342e-15
4.88152e-15
4.87497e-15
4.85403e-15
4.82057e-15
4.77474e-15
4.71737e-15
4.64944e-15
4.57168e-15
4.48472e-15
4.38949e-15
4.28681e-15
4.17714e-15
4.06144e-15
3.94048e-15
3.81478e-15
3.68506e-15
3.55202e-15
3.41618e-15
3.27813e-15
3.13849e-15
2.9978e-15
2.8566e-15
2.71552e-15
2.57495e-15
2.43584e-15
2.29861e-15
2.16388e-15
2.03292e-15
1.90655e-15
1.78548e-15
1.67135e-15
1.56576e-15
1.47065e-15
1.38836e-15
1.32192e-15
1.27172e-15
1.24056e-15
1.23005e-15
5.96913e-16
6.04239e-16
6.30496e-16
6.76069e-16
7.30034e-16
7.78096e-16
8.10155e-16
8.28698e-16
8.30029e-16
8.1707e-16
7.88726e-16
7.49722e-16
7.24789e-16
7.38884e-16
7.93037e-16
8.33403e-16
8.63195e-16
8.91068e-16
9.25296e-16
9.74216e-16
1.04869e-15
1.1564e-15
1.29878e-15
1.47493e-15
1.67597e-15
1.89486e-15
2.12452e-15
2.35844e-15
2.59174e-15
2.82194e-15
3.04344e-15
3.25621e-15
3.45578e-15
3.64205e-15
3.81388e-15
3.96987e-15
4.11028e-15
4.23299e-15
4.33911e-15
4.42882e-15
4.50165e-15
4.55795e-15
4.59837e-15
4.62301e-15
4.63236e-15
4.62793e-15
4.60948e-15
4.5786e-15
4.5351e-15
4.48049e-15
4.41513e-15
4.33996e-15
4.25553e-15
4.16286e-15
4.06262e-15
3.95546e-15
3.84218e-15
3.72342e-15
3.5998e-15
3.47199e-15
3.34064e-15
3.20631e-15
3.06956e-15
2.93097e-15
2.79117e-15
2.6506e-15
2.50991e-15
2.36974e-15
2.23072e-15
2.09333e-15
1.95913e-15
1.82829e-15
1.70211e-15
1.58213e-15
1.47061e-15
1.36942e-15
1.28005e-15
1.206e-15
1.15025e-15
1.11545e-15
1.10359e-15
1.21624e-15
1.22334e-15
1.23882e-15
1.26809e-15
1.31487e-15
1.37533e-15
1.44894e-15
1.52992e-15
1.6161e-15
1.70023e-15
1.77198e-15
1.82219e-15
1.85072e-15
1.85219e-15
1.82404e-15
1.76911e-15
1.69104e-15
1.59418e-15
1.48954e-15
1.39e-15
1.30805e-15
1.26126e-15
1.25857e-15
1.30744e-15
1.40804e-15
1.55345e-15
1.73346e-15
1.93773e-15
2.15493e-15
2.37837e-15
2.60042e-15
2.81734e-15
3.02563e-15
3.22252e-15
3.40751e-15
3.57741e-15
3.73135e-15
3.87008e-15
3.99279e-15
4.09765e-15
4.18756e-15
4.25951e-15
4.31566e-15
4.35605e-15
4.3811e-15
4.39149e-15
4.38776e-15
4.37066e-15
4.34061e-15
4.29884e-15
4.24577e-15
4.18206e-15
4.10862e-15
4.02617e-15
3.9354e-15
3.83708e-15
3.7319e-15
3.6204e-15
3.50343e-15
3.38151e-15
3.25526e-15
3.1253e-15
2.99222e-15
2.85658e-15
2.71884e-15
2.57972e-15
2.43977e-15
2.29934e-15
2.15948e-15
2.02045e-15
1.8832e-15
1.74927e-15
1.61872e-15
1.49339e-15
1.37521e-15
1.26727e-15
1.17103e-15
1.0899e-15
1.02797e-15
9.89055e-16
9.75671e-16
1.99177e-15
2.0065e-15
2.04566e-15
2.10902e-15
2.19217e-15
2.29095e-15
2.39868e-15
2.50502e-15
2.60549e-15
2.69204e-15
2.7564e-15
2.79194e-15
2.79811e-15
2.76986e-15
2.70862e-15
2.6165e-15
2.49634e-15
2.35118e-15
2.18915e-15
2.01624e-15
1.84367e-15
1.6827e-15
1.5497e-15
1.45875e-15
1.42208e-15
1.44583e-15
1.52787e-15
1.65856e-15
1.82625e-15
2.01707e-15
2.22091e-15
2.42899e-15
2.63524e-15
2.83443e-15
3.0246e-15
3.20285e-15
3.36805e-15
3.51728e-15
3.65276e-15
3.77134e-15
3.87427e-15
3.96041e-15
4.03063e-15
4.0851e-15
4.12425e-15
4.14824e-15
4.15817e-15
4.15418e-15
4.13693e-15
4.10782e-15
4.0665e-15
4.01402e-15
3.95136e-15
3.87897e-15
3.79783e-15
3.70848e-15
3.61159e-15
3.50777e-15
3.39772e-15
3.28217e-15
3.16161e-15
3.03663e-15
2.90783e-15
2.77581e-15
2.641e-15
2.504e-15
2.36553e-15
2.22585e-15
2.08585e-15
1.94591e-15
1.80725e-15
1.66996e-15
1.53588e-15
1.40647e-15
1.28248e-15
1.1668e-15
1.06247e-15
9.73473e-16
9.04487e-16
8.60782e-16
8.46928e-16
2.5995e-15
2.6202e-15
2.67717e-15
2.76616e-15
2.87922e-15
3.00582e-15
3.13632e-15
3.261e-15
3.37048e-15
3.46018e-15
3.52135e-15
3.54914e-15
3.54495e-15
3.50369e-15
3.42659e-15
3.3158e-15
3.17424e-15
3.00583e-15
2.81526e-15
2.60927e-15
2.39442e-15
2.17954e-15
1.97451e-15
1.79289e-15
1.64758e-15
1.55283e-15
1.51826e-15
1.54591e-15
1.63016e-15
1.76e-15
1.92226e-15
2.10315e-15
2.29331e-15
2.4852e-15
2.67351e-15
2.85347e-15
3.02358e-15
3.18118e-15
3.32434e-15
3.45331e-15
3.56637e-15
3.66479e-15
3.74714e-15
3.814e-15
3.86556e-15
3.90207e-15
3.92434e-15
3.93269e-15
3.92714e-15
3.90967e-15
3.87983e-15
3.8383e-15
3.78615e-15
3.72392e-15
3.65225e-15
3.57191e-15
3.48334e-15
3.38736e-15
3.28469e-15
3.17581e-15
3.06127e-15
2.94181e-15
2.81786e-15
2.69002e-15
2.55879e-15
2.42475e-15
2.28849e-15
2.15032e-15
2.01108e-15
1.87119e-15
1.73152e-15
1.59236e-15
1.45577e-15
1.32176e-15
1.19232e-15
1.06996e-15
9.58763e-16
8.61679e-16
7.84454e-16
7.34234e-16
7.16718e-16
3.06999e-15
3.0938e-15
3.16114e-15
3.26636e-15
3.39774e-15
3.5419e-15
3.68871e-15
3.82759e-15
3.94688e-15
4.0419e-15
4.10576e-15
4.13549e-15
4.12664e-15
4.081e-15
3.99821e-15
3.88074e-15
3.73065e-15
3.55165e-15
3.34852e-15
3.12675e-15
2.8916e-15
2.65019e-15
2.40938e-15
2.17922e-15
1.96927e-15
1.7928e-15
1.66242e-15
1.58842e-15
1.57634e-15
1.62318e-15
1.71998e-15
1.85395e-15
2.01237e-15
2.18381e-15
2.35997e-15
2.53469e-15
2.70377e-15
2.86318e-15
3.01212e-15
3.14766e-15
3.269e-15
3.37605e-15
3.46827e-15
3.54597e-15
3.60835e-15
3.65611e-15
3.68939e-15
3.70872e-15
3.71471e-15
3.70779e-15
3.6885e-15
3.65767e-15
3.61557e-15
3.56304e-15
3.50086e-15
3.42915e-15
3.34914e-15
3.26115e-15
3.1659e-15
3.06396e-15
2.95593e-15
2.84227e-15
2.72363e-15
2.60056e-15
2.47355e-15
2.34314e-15
2.20972e-15
2.07391e-15
1.93636e-15
1.79714e-15
1.65765e-15
1.51755e-15
1.37878e-15
1.24183e-15
1.10775e-15
9.79065e-16
8.59634e-16
7.53261e-16
6.66243e-16
6.08015e-16
5.87247e-16
3.43143e-15
3.45658e-15
3.52963e-15
3.64297e-15
3.78377e-15
3.93887e-15
4.09585e-15
4.24301e-15
4.37128e-15
4.47203e-15
4.5415e-15
4.57511e-15
4.56947e-15
4.52598e-15
4.44456e-15
4.32761e-15
4.17716e-15
3.99677e-15
3.79084e-15
3.56363e-15
3.32052e-15
3.06672e-15
2.809e-15
2.55373e-15
2.30939e-15
2.08545e-15
1.89141e-15
1.74063e-15
1.64272e-15
1.60354e-15
1.62252e-15
1.69268e-15
1.80285e-15
1.93994e-15
2.09319e-15
2.25353e-15
2.41442e-15
2.57068e-15
2.72021e-15
2.85811e-15
2.98461e-15
3.09817e-15
3.19824e-15
3.28401e-15
3.35548e-15
3.4128e-15
3.45584e-15
3.48551e-15
3.50155e-15
3.5048e-15
3.49549e-15
3.47436e-15
3.44186e-15
3.39866e-15
3.34537e-15
3.28261e-15
3.21092e-15
3.13089e-15
3.04321e-15
2.94834e-15
2.84697e-15
2.73957e-15
2.62665e-15
2.50881e-15
2.38651e-15
2.26026e-15
2.13056e-15
1.99783e-15
1.86247e-15
1.72539e-15
1.58637e-15
1.44699e-15
1.30682e-15
1.16769e-15
1.03055e-15
8.96429e-16
7.68477e-16
6.51188e-16
5.52028e-16
4.84195e-16
4.59394e-16
3.70646e-15
3.73241e-15
3.80745e-15
3.92328e-15
4.06805e-15
4.22781e-15
4.39001e-15
4.54303e-15
4.6763e-15
4.78403e-15
4.85887e-15
4.89711e-15
4.89886e-15
4.86177e-15
4.78543e-15
4.67415e-15
4.52917e-15
4.35269e-15
4.15011e-15
3.92427e-15
3.68086e-15
3.4241e-15
3.15958e-15
2.89282e-15
2.6313e-15
2.38095e-15
2.15053e-15
1.95003e-15
1.7893e-15
1.67791e-15
1.62161e-15
1.62116e-15
1.67119e-15
1.76115e-15
1.87965e-15
2.01613e-15
2.16134e-15
2.30833e-15
2.45273e-15
2.58963e-15
2.71747e-15
2.83459e-15
2.93962e-15
3.03156e-15
3.11041e-15
3.17559e-15
3.22723e-15
3.26529e-15
3.2904e-15
3.30266e-15
3.30267e-15
3.29057e-15
3.26709e-15
3.23286e-15
3.18821e-15
3.13393e-15
3.07033e-15
2.99831e-15
2.91816e-15
2.83057e-15
2.73599e-15
2.63509e-15
2.52825e-15
2.41603e-15
2.29894e-15
2.17743e-15
2.05199e-15
1.9231e-15
1.791e-15
1.6564e-15
1.51973e-15
1.38116e-15
1.24163e-15
1.10175e-15
9.61802e-16
8.23617e-16
6.89696e-16
5.62333e-16
4.49242e-16
3.64711e-16
3.3217e-16
3.91296e-15
3.93958e-15
4.01376e-15
4.12878e-15
4.27312e-15
4.43304e-15
4.59628e-15
4.75135e-15
4.88862e-15
5.00027e-15
5.08077e-15
5.12625e-15
5.13434e-15
5.10514e-15
5.03812e-15
4.93542e-15
4.79802e-15
4.63045e-15
4.43458e-15
4.21547e-15
3.97678e-15
3.72291e-15
3.45936e-15
3.19017e-15
2.92069e-15
2.65807e-15
2.40785e-15
2.17763e-15
1.97605e-15
1.81279e-15
1.69515e-15
1.6293e-15
1.61621e-15
1.65121e-15
1.72545e-15
1.82812e-15
1.94924e-15
2.08007e-15
2.21344e-15
2.34497e-15
2.47052e-15
2.58791e-15
2.69556e-15
2.79122e-15
2.87515e-15
2.94653e-15
3.00514e-15
3.05064e-15
3.08372e-15
3.10398e-15
3.11203e-15
3.10859e-15
3.09343e-15
3.0676e-15
3.03127e-15
2.98509e-15
2.92949e-15
2.86511e-15
2.79248e-15
2.71211e-15
2.62447e-15
2.53021e-15
2.42972e-15
2.3235e-15
2.21203e-15
2.0958e-15
1.97525e-15
1.85081e-15
1.72281e-15
1.59176e-15
1.45815e-15
1.32196e-15
1.18432e-15
1.04499e-15
9.04694e-16
7.6483e-16
6.25687e-16
4.89487e-16
3.6135e-16
2.55453e-16
2.09403e-16
4.06668e-15
4.09163e-15
4.16353e-15
4.27524e-15
4.41581e-15
4.57297e-15
4.73486e-15
4.88926e-15
5.02774e-15
5.14257e-15
5.22786e-15
5.27894e-15
5.29507e-15
5.27432e-15
5.2166e-15
5.12366e-15
4.99697e-15
4.83921e-15
4.65406e-15
4.44455e-15
4.21417e-15
3.96762e-15
3.70878e-15
3.44238e-15
3.17298e-15
2.90547e-15
2.64611e-15
2.4003e-15
2.17448e-15
1.97712e-15
1.81571e-15
1.69766e-15
1.62781e-15
1.60711e-15
1.63141e-15
1.69318e-15
1.78246e-15
1.88992e-15
2.00711e-15
2.12812e-15
2.2472e-15
2.36148e-15
2.46837e-15
2.56592e-15
2.65284e-15
2.72837e-15
2.79232e-15
2.84373e-15
2.88303e-15
2.91061e-15
2.92598e-15
2.92993e-15
2.92261e-15
2.90456e-15
2.87601e-15
2.8376e-15
2.78967e-15
2.73281e-15
2.66753e-15
2.59443e-15
2.51379e-15
2.42631e-15
2.3323e-15
2.23241e-15
2.12697e-15
2.01646e-15
1.90138e-15
1.78201e-15
1.6589e-15
1.53244e-15
1.40276e-15
1.27056e-15
1.13589e-15
9.99451e-16
8.61014e-16
7.21703e-16
5.8164e-16
4.41392e-16
3.0295e-16
1.72438e-16
1.01273e-16
4.17585e-15
4.19938e-15
4.26868e-15
4.37528e-15
4.5105e-15
4.66251e-15
4.81943e-15
4.9715e-15
5.10952e-15
5.2255e-15
5.31379e-15
5.37068e-15
5.39362e-15
5.38136e-15
5.33296e-15
5.25075e-15
5.13586e-15
4.99031e-15
4.81685e-15
4.61835e-15
4.39893e-15
4.16223e-15
3.91214e-15
3.65273e-15
3.38792e-15
3.12141e-15
2.85978e-15
2.60655e-15
2.36775e-15
2.14972e-15
1.95924e-15
1.80365e-15
1.68902e-15
1.6189e-15
1.59428e-15
1.61146e-15
1.66331e-15
1.74122e-15
1.8364e-15
1.94147e-15
2.05014e-15
2.15794e-15
2.26101e-15
2.35739e-15
2.44521e-15
2.52323e-15
2.59053e-15
2.64654e-15
2.69113e-15
2.72455e-15
2.74628e-15
2.75698e-15
2.75649e-15
2.74553e-15
2.72425e-15
2.69307e-15
2.65249e-15
2.60293e-15
2.54487e-15
2.4788e-15
2.40523e-15
2.32449e-15
2.23726e-15
2.14386e-15
2.04477e-15
1.94044e-15
1.83132e-15
1.71779e-15
1.60029e-15
1.47911e-15
1.35475e-15
1.2276e-15
1.09775e-15
9.65876e-16
8.32182e-16
6.96871e-16
5.60626e-16
4.23975e-16
2.87683e-16
1.57244e-16
8.28544e-17
4.25036e-15
4.27331e-15
4.33708e-15
4.43816e-15
4.56673e-15
4.71167e-15
4.86309e-15
5.01074e-15
5.14611e-15
5.26164e-15
5.35218e-15
5.41286e-15
5.4419e-15
5.43779e-15
5.39911e-15
5.32764e-15
5.2241e-15
5.09086e-15
4.93005e-15
4.74473e-15
4.53729e-15
4.31258e-15
4.07326e-15
3.82227e-15
3.56484e-15
3.30428e-15
3.04463e-15
2.79042e-15
2.5462e-15
2.31763e-15
2.10968e-15
1.92876e-15
1.78113e-15
1.67188e-15
1.60452e-15
1.57868e-15
1.59116e-15
1.63548e-15
1.70372e-15
1.7882e-15
1.88158e-15
1.97884e-15
2.07564e-15
2.1682e-15
2.25452e-15
2.33272e-15
2.4017e-15
2.46078e-15
2.50942e-15
2.54736e-15
2.57455e-15
2.59087e-15
2.59665e-15
2.59198e-15
2.57737e-15
2.553e-15
2.51936e-15
2.47675e-15
2.42571e-15
2.36658e-15
2.29994e-15
2.22608e-15
2.14568e-15
2.05896e-15
1.96651e-15
1.86872e-15
1.76606e-15
1.65889e-15
1.54767e-15
1.43287e-15
1.31472e-15
1.1938e-15
1.07052e-15
9.45233e-16
8.18503e-16
6.91101e-16
5.63876e-16
4.38575e-16
3.19574e-16
2.18249e-16
1.72655e-16
4.29594e-15
4.31689e-15
4.37755e-15
4.47199e-15
4.59267e-15
4.7303e-15
4.87429e-15
5.01655e-15
5.14779e-15
5.26173e-15
5.35287e-15
5.41645e-15
5.45062e-15
5.45322e-15
5.42365e-15
5.36257e-15
5.27057e-15
5.14958e-15
5.00153e-15
4.82938e-15
4.63549e-15
4.42319e-15
4.19566e-15
3.95596e-15
3.70771e-15
3.45546e-15
3.20148e-15
2.95008e-15
2.70589e-15
2.47279e-15
2.25523e-15
2.05932e-15
1.88955e-15
1.75171e-15
1.64988e-15
1.58669e-15
1.56154e-15
1.57104e-15
1.60931e-15
1.66944e-15
1.74423e-15
1.82736e-15
1.91397e-15
1.99999e-15
2.08219e-15
2.15876e-15
2.22773e-15
2.28845e-15
2.33938e-15
2.38089e-15
2.4121e-15
2.43332e-15
2.44436e-15
2.44537e-15
2.43678e-15
2.41874e-15
2.39154e-15
2.35559e-15
2.31121e-15
2.25888e-15
2.19906e-15
2.1321e-15
2.0585e-15
1.97862e-15
1.89306e-15
1.80215e-15
1.70631e-15
1.60607e-15
1.50179e-15
1.39401e-15
1.28318e-15
1.16964e-15
1.05428e-15
9.37372e-16
8.20002e-16
7.03213e-16
5.88902e-16
4.79929e-16
3.82138e-16
3.08864e-16
2.80402e-16
4.31871e-15
4.3376e-15
4.39342e-15
4.48224e-15
4.59519e-15
4.72415e-15
4.86069e-15
4.99582e-15
5.12221e-15
5.23322e-15
5.32343e-15
5.38924e-15
5.42723e-15
5.43586e-15
5.41441e-15
5.3622e-15
5.28157e-15
5.17291e-15
5.03774e-15
4.87866e-15
4.69806e-15
4.49893e-15
4.284e-15
4.0567e-15
3.81972e-15
3.57664e-15
3.33054e-15
3.08545e-15
2.84468e-15
2.61136e-15
2.3906e-15
2.18609e-15
2.00312e-15
1.84545e-15
1.7183e-15
1.62504e-15
1.56711e-15
1.54374e-15
1.55154e-15
1.58507e-15
1.63797e-15
1.70406e-15
1.77768e-15
1.85445e-15
1.93032e-15
2.003e-15
2.07027e-15
2.13038e-15
2.18261e-15
2.22618e-15
2.26048e-15
2.28554e-15
2.30101e-15
2.30705e-15
2.30384e-15
2.2915e-15
2.27023e-15
2.24043e-15
2.20244e-15
2.15666e-15
2.10352e-15
2.04335e-15
1.97661e-15
1.90371e-15
1.82515e-15
1.74134e-15
1.65275e-15
1.55983e-15
1.46307e-15
1.36302e-15
1.26024e-15
1.15517e-15
1.04875e-15
9.41674e-16
8.35134e-16
7.30839e-16
6.30992e-16
5.38847e-16
4.6157e-16
4.08019e-16
3.8848e-16
4.32274e-15
4.33978e-15
4.39307e-15
4.47344e-15
4.578e-15
4.69907e-15
4.82725e-15
4.95508e-15
5.07587e-15
5.18319e-15
5.27164e-15
5.33805e-15
5.37889e-15
5.39241e-15
5.37795e-15
5.33505e-15
5.26413e-15
5.16638e-15
5.04382e-15
4.89751e-15
4.73019e-15
4.54431e-15
4.3425e-15
4.12778e-15
3.90243e-15
3.67072e-15
3.43422e-15
3.1971e-15
2.96158e-15
2.73222e-15
2.51158e-15
2.30395e-15
2.11343e-15
1.9434e-15
1.79898e-15
1.68333e-15
1.59896e-15
1.54701e-15
1.52623e-15
1.53307e-15
1.56265e-15
1.60942e-15
1.66772e-15
1.73245e-15
1.79995e-15
1.86662e-15
1.93005e-15
1.98834e-15
2.04027e-15
2.08466e-15
2.12097e-15
2.14885e-15
2.16776e-15
2.17803e-15
2.1795e-15
2.17218e-15
2.15639e-15
2.13239e-15
2.10049e-15
2.06104e-15
2.01427e-15
1.9607e-15
1.90082e-15
1.83494e-15
1.76346e-15
1.68695e-15
1.60583e-15
1.5206e-15
1.43178e-15
1.33997e-15
1.24579e-15
1.14988e-15
1.05325e-15
9.56799e-16
8.61869e-16
7.70588e-16
6.85351e-16
6.09005e-16
5.47708e-16
5.07184e-16
4.92888e-16
4.31161e-15
4.32794e-15
4.37532e-15
4.45012e-15
4.54746e-15
4.65843e-15
4.77889e-15
4.89883e-15
5.01323e-15
5.11598e-15
5.20222e-15
5.26805e-15
5.31065e-15
5.32851e-15
5.31975e-15
5.28448e-15
5.22282e-15
5.13576e-15
5.02469e-15
4.89062e-15
4.73633e-15
4.5639e-15
4.37454e-15
4.17241e-15
3.9597e-15
3.73939e-15
3.51381e-15
3.2855e-15
3.05797e-15
2.83418e-15
2.61723e-15
2.41e-15
2.21635e-15
2.03982e-15
1.88386e-15
1.75259e-15
1.64849e-15
1.57337e-15
1.52771e-15
1.50977e-15
1.51618e-15
1.54251e-15
1.58371e-15
1.63481e-15
1.69156e-15
1.75027e-15
1.80832e-15
1.86315e-15
1.91325e-15
1.95727e-15
1.99435e-15
2.02389e-15
2.04562e-15
2.05915e-15
2.06447e-15
2.06169e-15
2.05084e-15
2.03224e-15
2.00595e-15
1.97244e-15
1.932e-15
1.88497e-15
1.83173e-15
1.77278e-15
1.70843e-15
1.63928e-15
1.5658e-15
1.48847e-15
1.40787e-15
1.32464e-15
1.23942e-15
1.15313e-15
1.06658e-15
9.81081e-16
8.9784e-16
8.1901e-16
7.47124e-16
6.84936e-16
6.35394e-16
6.03833e-16
5.92937e-16
4.28818e-15
4.30354e-15
4.34558e-15
4.41576e-15
4.50319e-15
4.60782e-15
4.71794e-15
4.83109e-15
4.93854e-15
5.0361e-15
5.11919e-15
5.18378e-15
5.22763e-15
5.24805e-15
5.24419e-15
5.2155e-15
5.16231e-15
5.08489e-15
4.98441e-15
4.86226e-15
4.7201e-15
4.56006e-15
4.38438e-15
4.19525e-15
3.99489e-15
3.78634e-15
3.57151e-15
3.35339e-15
3.13482e-15
2.91805e-15
2.70647e-15
2.5025e-15
2.30935e-15
2.13037e-15
1.96829e-15
1.82654e-15
1.70818e-15
1.61547e-15
1.54942e-15
1.50979e-15
1.49474e-15
1.50101e-15
1.52448e-15
1.56065e-15
1.60527e-15
1.65466e-15
1.70556e-15
1.75547e-15
1.80236e-15
1.84472e-15
1.88153e-15
1.91189e-15
1.93519e-15
1.95131e-15
1.95985e-15
1.96091e-15
1.95445e-15
1.94061e-15
1.91963e-15
1.8917e-15
1.85718e-15
1.81637e-15
1.76976e-15
1.71756e-15
1.66038e-15
1.5986e-15
1.53275e-15
1.46339e-15
1.39112e-15
1.31656e-15
1.24051e-15
1.16379e-15
1.0874e-15
1.01247e-15
9.40731e-16
8.73278e-16
8.12824e-16
7.61969e-16
7.22868e-16
6.98307e-16
6.8982e-16
Process [2]
4.25466e-15
4.26845e-15
4.30669e-15
4.36982e-15
4.45275e-15
4.54564e-15
4.65004e-15
4.75328e-15
4.85501e-15
4.94691e-15
5.02602e-15
5.08886e-15
5.13257e-15
5.15533e-15
5.15539e-15
5.13244e-15
5.08643e-15
5.01768e-15
4.92718e-15
4.81588e-15
4.68544e-15
4.53772e-15
4.3744e-15
4.19768e-15
4.00986e-15
3.81319e-15
3.60986e-15
3.40228e-15
3.19317e-15
2.98508e-15
2.78016e-15
2.58118e-15
2.39076e-15
2.21183e-15
2.0475e-15
1.90013e-15
1.77235e-15
1.66689e-15
1.58535e-15
1.52776e-15
1.49394e-15
1.48169e-15
1.48787e-15
1.5087e-15
1.54035e-15
1.57911e-15
1.62172e-15
1.66529e-15
1.7079e-15
1.74741e-15
1.78268e-15
1.81289e-15
1.83714e-15
1.85498e-15
1.86597e-15
1.87025e-15
1.86758e-15
1.85808e-15
1.84188e-15
1.81918e-15
1.79024e-15
1.75544e-15
1.71507e-15
1.66958e-15
1.6193e-15
1.56479e-15
1.50653e-15
1.4451e-15
1.38107e-15
1.31516e-15
1.24809e-15
1.18076e-15
1.11412e-15
1.04944e-15
9.87724e-16
9.31092e-16
8.80935e-16
8.38314e-16
8.06628e-16
7.86883e-16
7.8018e-16
4.21287e-15
4.22528e-15
4.26165e-15
4.31677e-15
4.39213e-15
4.48027e-15
4.57241e-15
4.67117e-15
4.76333e-15
4.85054e-15
4.92595e-15
4.98637e-15
5.02933e-15
5.05299e-15
5.05619e-15
5.03821e-15
4.99856e-15
4.93772e-15
4.85604e-15
4.75471e-15
4.63536e-15
4.49905e-15
4.34765e-15
4.1831e-15
4.00741e-15
3.82234e-15
3.63064e-15
3.43414e-15
3.23508e-15
3.03594e-15
2.83895e-15
2.64603e-15
2.46065e-15
2.28417e-15
2.11985e-15
1.96989e-15
1.83678e-15
1.72282e-15
1.62967e-15
1.5583e-15
1.50906e-15
1.48058e-15
1.47081e-15
1.47682e-15
1.49535e-15
1.52286e-15
1.55625e-15
1.59263e-15
1.62978e-15
1.66558e-15
1.69846e-15
1.7275e-15
1.75164e-15
1.77044e-15
1.78333e-15
1.79002e-15
1.79052e-15
1.78485e-15
1.77296e-15
1.75507e-15
1.73137e-15
1.70216e-15
1.66786e-15
1.62868e-15
1.58515e-15
1.5377e-15
1.48682e-15
1.43308e-15
1.37709e-15
1.31952e-15
1.26114e-15
1.20274e-15
1.14536e-15
1.08985e-15
1.03781e-15
9.89959e-16
9.47962e-16
9.13702e-16
8.88135e-16
8.72205e-16
8.66856e-16
4.16435e-15
4.17556e-15
4.20867e-15
4.25896e-15
4.3262e-15
4.40676e-15
4.49372e-15
4.58122e-15
4.66943e-15
4.74958e-15
4.81916e-15
4.877e-15
4.9191e-15
4.94357e-15
4.94954e-15
4.93523e-15
4.90111e-15
4.84722e-15
4.77389e-15
4.68195e-15
4.57252e-15
4.44712e-15
4.30705e-15
4.15407e-15
3.98987e-15
3.81663e-15
3.63621e-15
3.45062e-15
3.26193e-15
3.0722e-15
2.88346e-15
2.69829e-15
2.51852e-15
2.34616e-15
2.18402e-15
2.03407e-15
1.89846e-15
1.77933e-15
1.6783e-15
1.59681e-15
1.53531e-15
1.4934e-15
1.46976e-15
1.4622e-15
1.46808e-15
1.48439e-15
1.50824e-15
1.53673e-15
1.5676e-15
1.59868e-15
1.62848e-15
1.65552e-15
1.67886e-15
1.69778e-15
1.71175e-15
1.72037e-15
1.7235e-15
1.72105e-15
1.71293e-15
1.69937e-15
1.68053e-15
1.65662e-15
1.62788e-15
1.59475e-15
1.55763e-15
1.51692e-15
1.4731e-15
1.42674e-15
1.37842e-15
1.32878e-15
1.27854e-15
1.22853e-15
1.17953e-15
1.13262e-15
1.08864e-15
1.04864e-15
1.01429e-15
9.86255e-16
9.64744e-16
9.51266e-16
9.46926e-16
4.11032e-15
4.12069e-15
4.15032e-15
4.1976e-15
4.25633e-15
4.32929e-15
4.40964e-15
4.4887e-15
4.57073e-15
4.64353e-15
4.71164e-15
4.76605e-15
4.80614e-15
4.83042e-15
4.83705e-15
4.82633e-15
4.79686e-15
4.74906e-15
4.6829e-15
4.59952e-15
4.49942e-15
4.38389e-15
4.25447e-15
4.11252e-15
3.95973e-15
3.79777e-15
3.62843e-15
3.4537e-15
3.27505e-15
3.09533e-15
2.91552e-15
2.73807e-15
2.56499e-15
2.398e-15
2.23937e-15
2.09112e-15
1.95544e-15
1.83376e-15
1.72802e-15
1.63956e-15
1.5689e-15
1.51642e-15
1.48111e-15
1.46167e-15
1.45599e-15
1.46162e-15
1.47593e-15
1.49628e-15
1.52046e-15
1.54634e-15
1.57222e-15
1.59657e-15
1.61845e-15
1.63688e-15
1.65132e-15
1.66121e-15
1.66631e-15
1.66648e-15
1.66168e-15
1.652e-15
1.63748e-15
1.61837e-15
1.59489e-15
1.56744e-15
1.53627e-15
1.50189e-15
1.46474e-15
1.42531e-15
1.38417e-15
1.34193e-15
1.29924e-15
1.25688e-15
1.21548e-15
1.17617e-15
1.13927e-15
1.10636e-15
1.07803e-15
1.05429e-15
1.03693e-15
1.02649e-15
1.02297e-15
4.05255e-15
4.06145e-15
4.08795e-15
4.13055e-15
4.18342e-15
4.24934e-15
4.32219e-15
4.39743e-15
4.46928e-15
4.53897e-15
4.60044e-15
4.65055e-15
4.68864e-15
4.71288e-15
4.72169e-15
4.71259e-15
4.68763e-15
4.64478e-15
4.58531e-15
4.5095e-15
4.41811e-15
4.31193e-15
4.19223e-15
4.06075e-15
3.91852e-15
3.76741e-15
3.60907e-15
3.44463e-15
3.27673e-15
3.10644e-15
2.93566e-15
2.76652e-15
2.60071e-15
2.43995e-15
2.28623e-15
2.14128e-15
2.00685e-15
1.88489e-15
1.77664e-15
1.68361e-15
1.6067e-15
1.54606e-15
1.50151e-15
1.47205e-15
1.4563e-15
1.45212e-15
1.45742e-15
1.46981e-15
1.48714e-15
1.50743e-15
1.52889e-15
1.55012e-15
1.56988e-15
1.58725e-15
1.6015e-15
1.61205e-15
1.61865e-15
1.62095e-15
1.61894e-15
1.61257e-15
1.60189e-15
1.58711e-15
1.56846e-15
1.54614e-15
1.52052e-15
1.49201e-15
1.461e-15
1.42798e-15
1.39345e-15
1.35799e-15
1.32217e-15
1.2867e-15
1.25214e-15
1.21937e-15
1.18878e-15
1.16172e-15
1.13822e-15
1.11879e-15
1.10491e-15
1.09642e-15
1.09356e-15
3.9904e-15
3.99845e-15
4.02246e-15
4.06061e-15
4.10817e-15
4.1676e-15
4.23347e-15
4.3025e-15
4.36729e-15
4.43263e-15
4.48781e-15
4.53433e-15
4.57017e-15
4.59352e-15
4.60289e-15
4.59716e-15
4.5743e-15
4.53651e-15
4.483e-15
4.41389e-15
4.33031e-15
4.23262e-15
4.1228e-15
4.00056e-15
3.86848e-15
3.72803e-15
3.57979e-15
3.42588e-15
3.26754e-15
3.10693e-15
2.94546e-15
2.78492e-15
2.62678e-15
2.4728e-15
2.32455e-15
2.1839e-15
2.05235e-15
1.93137e-15
1.82282e-15
1.72731e-15
1.64619e-15
1.57976e-15
1.52813e-15
1.49062e-15
1.46625e-15
1.45351e-15
1.45053e-15
1.45539e-15
1.46606e-15
1.48066e-15
1.49752e-15
1.51516e-15
1.53238e-15
1.54814e-15
1.56172e-15
1.57244e-15
1.57994e-15
1.58389e-15
1.58409e-15
1.58053e-15
1.57328e-15
1.56231e-15
1.54791e-15
1.53025e-15
1.50969e-15
1.48651e-15
1.4611e-15
1.4339e-15
1.40538e-15
1.37604e-15
1.34638e-15
1.31703e-15
1.28851e-15
1.26149e-15
1.23636e-15
1.21424e-15
1.19493e-15
1.17912e-15
1.16786e-15
1.16098e-15
1.15867e-15
3.92545e-15
3.93306e-15
3.95418e-15
3.98842e-15
4.03109e-15
4.08456e-15
4.14398e-15
4.20643e-15
4.26531e-15
4.32488e-15
4.37546e-15
4.41843e-15
4.45182e-15
4.47391e-15
4.48336e-15
4.47911e-15
4.45896e-15
4.42577e-15
4.37704e-15
4.31417e-15
4.23747e-15
4.14825e-15
4.04605e-15
3.93358e-15
3.8112e-15
3.67987e-15
3.54214e-15
3.39793e-15
3.25035e-15
3.09912e-15
2.94674e-15
2.79416e-15
2.64377e-15
2.49677e-15
2.35489e-15
2.21923e-15
2.09128e-15
1.97284e-15
1.86501e-15
1.76888e-15
1.68534e-15
1.6151e-15
1.55836e-15
1.51477e-15
1.48342e-15
1.46341e-15
1.45318e-15
1.45113e-15
1.45547e-15
1.46453e-15
1.47672e-15
1.49059e-15
1.50497e-15
1.51879e-15
1.53125e-15
1.54168e-15
1.54956e-15
1.5546e-15
1.55658e-15
1.55535e-15
1.55088e-15
1.54329e-15
1.53261e-15
1.51911e-15
1.50303e-15
1.48462e-15
1.46423e-15
1.44225e-15
1.41909e-15
1.39519e-15
1.37099e-15
1.34703e-15
1.32374e-15
1.30172e-15
1.28123e-15
1.26328e-15
1.24771e-15
1.2348e-15
1.22568e-15
1.22013e-15
1.21826e-15
3.85843e-15
3.86476e-15
3.88373e-15
3.91439e-15
3.95266e-15
4.00063e-15
4.05408e-15
4.10974e-15
4.16372e-15
4.21702e-15
4.26396e-15
4.30336e-15
4.33416e-15
4.35483e-15
4.36402e-15
4.36069e-15
4.34294e-15
4.31305e-15
4.26893e-15
4.21161e-15
4.14142e-15
4.05954e-15
3.96541e-15
3.86167e-15
3.74833e-15
3.62647e-15
3.49701e-15
3.3639e-15
3.224e-15
3.08202e-15
2.93864e-15
2.79589e-15
2.65311e-15
2.51383e-15
2.37762e-15
2.24741e-15
2.12413e-15
2.00946e-15
1.9031e-15
1.80788e-15
1.72351e-15
1.65102e-15
1.59073e-15
1.54242e-15
1.50571e-15
1.47965e-15
1.46329e-15
1.45515e-15
1.4537e-15
1.45752e-15
1.46512e-15
1.4752e-15
1.48654e-15
1.49811e-15
1.50908e-15
1.51881e-15
1.52671e-15
1.5324e-15
1.53562e-15
1.53622e-15
1.5341e-15
1.5293e-15
1.52184e-15
1.51195e-15
1.49977e-15
1.48556e-15
1.4696e-15
1.45223e-15
1.43379e-15
1.41468e-15
1.39525e-15
1.37601e-15
1.35723e-15
1.33956e-15
1.32299e-15
1.30852e-15
1.29617e-15
1.28571e-15
1.27829e-15
1.27384e-15
1.27234e-15
3.78872e-15
3.79447e-15
3.81171e-15
3.83882e-15
3.87316e-15
3.91609e-15
3.96406e-15
4.01209e-15
4.06282e-15
4.10899e-15
4.15359e-15
4.18953e-15
4.21774e-15
4.23679e-15
4.24547e-15
4.2422e-15
4.2269e-15
4.19929e-15
4.15961e-15
4.10736e-15
4.04324e-15
3.9679e-15
3.88118e-15
3.78532e-15
3.68068e-15
3.56751e-15
3.44727e-15
3.32327e-15
3.19194e-15
3.05956e-15
2.92492e-15
2.78924e-15
2.65649e-15
2.52265e-15
2.3946e-15
2.27044e-15
2.15172e-15
2.04012e-15
1.93802e-15
1.8431e-15
1.75945e-15
1.68628e-15
1.62372e-15
1.57209e-15
1.53129e-15
1.50067e-15
1.47902e-15
1.46562e-15
1.45911e-15
1.45811e-15
1.46136e-15
1.46768e-15
1.47589e-15
1.48506e-15
1.49431e-15
1.50298e-15
1.51047e-15
1.51642e-15
1.52045e-15
1.52237e-15
1.52213e-15
1.51959e-15
1.51484e-15
1.50798e-15
1.49917e-15
1.48859e-15
1.47647e-15
1.4631e-15
1.44876e-15
1.43379e-15
1.41849e-15
1.4033e-15
1.38839e-15
1.37444e-15
1.36127e-15
1.3497e-15
1.33993e-15
1.33195e-15
1.32568e-15
1.32208e-15
1.32089e-15
3.7176e-15
3.72308e-15
3.73791e-15
3.76117e-15
3.79281e-15
3.83117e-15
3.87385e-15
3.91707e-15
3.96273e-15
4.00432e-15
4.04313e-15
4.07693e-15
4.10277e-15
4.12012e-15
4.12766e-15
4.12468e-15
4.11156e-15
4.08644e-15
4.05008e-15
4.00249e-15
3.94389e-15
3.87441e-15
3.79516e-15
3.70618e-15
3.60919e-15
3.50445e-15
3.39306e-15
3.27745e-15
3.15537e-15
3.03144e-15
2.90537e-15
2.77795e-15
2.6533e-15
2.52693e-15
2.40568e-15
2.28776e-15
2.17457e-15
2.06723e-15
1.96721e-15
1.87599e-15
1.79386e-15
1.72019e-15
1.65667e-15
1.60334e-15
1.55919e-15
1.52458e-15
1.49908e-15
1.48118e-15
1.47008e-15
1.46479e-15
1.46404e-15
1.46675e-15
1.47189e-15
1.47853e-15
1.4859e-15
1.49322e-15
1.50002e-15
1.50577e-15
1.51025e-15
1.51304e-15
1.51414e-15
1.51342e-15
1.51088e-15
1.50655e-15
1.50055e-15
1.49302e-15
1.48417e-15
1.47419e-15
1.46337e-15
1.45194e-15
1.44019e-15
1.42844e-15
1.41684e-15
1.40593e-15
1.39578e-15
1.38657e-15
1.37892e-15
1.37277e-15
1.36828e-15
1.36552e-15
1.36433e-15
3.64512e-15
3.64956e-15
3.66279e-15
3.68334e-15
3.71176e-15
3.74597e-15
3.78257e-15
3.8228e-15
3.8622e-15
3.90106e-15
3.93524e-15
3.96492e-15
3.98843e-15
4.00423e-15
4.01148e-15
4.00947e-15
3.99696e-15
3.97452e-15
3.94136e-15
3.89781e-15
3.84401e-15
3.78035e-15
3.70743e-15
3.62582e-15
3.53603e-15
3.43927e-15
3.33661e-15
3.22776e-15
3.11599e-15
2.99965e-15
2.88158e-15
2.76319e-15
2.64478e-15
2.52612e-15
2.41149e-15
2.30007e-15
2.19253e-15
2.08981e-15
1.99331e-15
1.9056e-15
1.82542e-15
1.75138e-15
1.68786e-15
1.63353e-15
1.58837e-15
1.55085e-15
1.5223e-15
1.50034e-15
1.48562e-15
1.47653e-15
1.47206e-15
1.47134e-15
1.47345e-15
1.47755e-15
1.48282e-15
1.48866e-15
1.49442e-15
1.49976e-15
1.50413e-15
1.50749e-15
1.50952e-15
1.51009e-15
1.50921e-15
1.50689e-15
1.50317e-15
1.49818e-15
1.49204e-15
1.48493e-15
1.47704e-15
1.46858e-15
1.45982e-15
1.45095e-15
1.44223e-15
1.4338e-15
1.42617e-15
1.41906e-15
1.41306e-15
1.40833e-15
1.40487e-15
1.40277e-15
1.40206e-15
3.57072e-15
3.57465e-15
3.58613e-15
3.60483e-15
3.63013e-15
3.65999e-15
3.693e-15
3.72883e-15
3.76383e-15
3.79797e-15
3.82957e-15
3.85627e-15
3.87725e-15
3.89148e-15
3.89784e-15
3.89559e-15
3.8846e-15
3.86392e-15
3.83372e-15
3.79399e-15
3.74476e-15
3.68638e-15
3.61939e-15
3.54413e-15
3.46158e-15
3.37222e-15
3.27672e-15
3.17662e-15
3.07189e-15
2.96455e-15
2.85488e-15
2.74374e-15
2.6322e-15
2.5225e-15
2.41328e-15
2.30776e-15
2.20589e-15
2.10857e-15
2.0177e-15
1.9318e-15
1.85411e-15
1.78244e-15
1.71905e-15
1.66435e-15
1.61787e-15
1.57844e-15
1.54746e-15
1.52247e-15
1.50454e-15
1.49209e-15
1.48429e-15
1.48042e-15
1.47962e-15
1.48114e-15
1.48429e-15
1.48842e-15
1.49297e-15
1.49744e-15
1.50156e-15
1.50498e-15
1.50746e-15
1.50891e-15
1.50925e-15
1.50845e-15
1.50652e-15
1.50353e-15
1.49958e-15
1.49479e-15
1.48932e-15
1.48332e-15
1.47702e-15
1.47051e-15
1.46418e-15
1.45788e-15
1.45215e-15
1.44704e-15
1.44238e-15
1.43873e-15
1.43612e-15
1.43453e-15
1.434e-15
3.49501e-15
3.49849e-15
3.50857e-15
3.5254e-15
3.54787e-15
3.57362e-15
3.60388e-15
3.63464e-15
3.66683e-15
3.69706e-15
3.72471e-15
3.74875e-15
3.76765e-15
3.78044e-15
3.78627e-15
3.78438e-15
3.77416e-15
3.75544e-15
3.72794e-15
3.69168e-15
3.64663e-15
3.59324e-15
3.53172e-15
3.46275e-15
3.38671e-15
3.30434e-15
3.21639e-15
3.12353e-15
3.02682e-15
2.92695e-15
2.82473e-15
2.7214e-15
2.61785e-15
2.51434e-15
2.41299e-15
2.31361e-15
2.21743e-15
2.12551e-15
2.038e-15
1.9561e-15
1.88057e-15
1.81188e-15
1.74986e-15
1.6951e-15
1.64731e-15
1.60665e-15
1.57384e-15
1.54653e-15
1.52593e-15
1.5106e-15
1.49989e-15
1.49309e-15
1.48952e-15
1.48852e-15
1.48946e-15
1.49177e-15
1.49484e-15
1.49828e-15
1.50174e-15
1.50486e-15
1.50745e-15
1.50935e-15
1.51047e-15
1.51072e-15
1.51009e-15
1.5086e-15
1.50633e-15
1.50336e-15
1.49981e-15
1.49579e-15
1.49145e-15
1.4869e-15
1.48241e-15
1.47798e-15
1.47373e-15
1.47003e-15
1.46687e-15
1.4641e-15
1.462e-15
1.46084e-15
1.46045e-15
3.41803e-15
3.42111e-15
3.43012e-15
3.44509e-15
3.46441e-15
3.48801e-15
3.51419e-15
3.54228e-15
3.57007e-15
3.59743e-15
3.62246e-15
3.64391e-15
3.6608e-15
3.67221e-15
3.67734e-15
3.67559e-15
3.66638e-15
3.64938e-15
3.62437e-15
3.59134e-15
3.55034e-15
3.50158e-15
3.44535e-15
3.38214e-15
3.31228e-15
3.23665e-15
3.15571e-15
3.07006e-15
2.98073e-15
2.88834e-15
2.79371e-15
2.69767e-15
2.60116e-15
2.50495e-15
2.40962e-15
2.31651e-15
2.22605e-15
2.13903e-15
2.05641e-15
1.97844e-15
1.90588e-15
1.8391e-15
1.77852e-15
1.72442e-15
1.67685e-15
1.63595e-15
1.60113e-15
1.57254e-15
1.54927e-15
1.53142e-15
1.51808e-15
1.50864e-15
1.50247e-15
1.49902e-15
1.49775e-15
1.49808e-15
1.4995e-15
1.50166e-15
1.50413e-15
1.50665e-15
1.50897e-15
1.5109e-15
1.51234e-15
1.51318e-15
1.51338e-15
1.51295e-15
1.51189e-15
1.51028e-15
1.50817e-15
1.50568e-15
1.50286e-15
1.49988e-15
1.49679e-15
1.49383e-15
1.49087e-15
1.48821e-15
1.48599e-15
1.48417e-15
1.48283e-15
1.48201e-15
1.48173e-15
3.33977e-15
3.3425e-15
3.3504e-15
3.36385e-15
3.38076e-15
3.4019e-15
3.425e-15
3.44981e-15
3.47513e-15
3.4993e-15
3.52152e-15
3.54079e-15
3.55604e-15
3.56642e-15
3.57114e-15
3.56959e-15
3.56133e-15
3.54604e-15
3.52346e-15
3.49351e-15
3.45634e-15
3.41193e-15
3.36072e-15
3.30304e-15
3.23925e-15
3.16986e-15
3.0956e-15
3.01694e-15
2.93467e-15
2.84943e-15
2.76197e-15
2.67306e-15
2.58356e-15
2.49413e-15
2.40538e-15
2.31841e-15
2.23367e-15
2.15172e-15
2.07344e-15
1.99937e-15
1.93005e-15
1.86592e-15
1.80711e-15
1.75407e-15
1.70678e-15
1.66535e-15
1.62983e-15
1.59953e-15
1.57463e-15
1.55443e-15
1.5386e-15
1.52664e-15
1.518e-15
1.51218e-15
1.50864e-15
1.50685e-15
1.50649e-15
1.50707e-15
1.50833e-15
1.50987e-15
1.51155e-15
1.51314e-15
1.51449e-15
1.5155e-15
1.5161e-15
1.51626e-15
1.51597e-15
1.51526e-15
1.51416e-15
1.51275e-15
1.51105e-15
1.50922e-15
1.50724e-15
1.50528e-15
1.50342e-15
1.50158e-15
1.50004e-15
1.4988e-15
1.49788e-15
1.49733e-15
1.49714e-15
3.26017e-15
3.2625e-15
3.26944e-15
3.28118e-15
3.2966e-15
3.31495e-15
3.33609e-15
3.35817e-15
3.38054e-15
3.40233e-15
3.42246e-15
3.43987e-15
3.45373e-15
3.46324e-15
3.4677e-15
3.46654e-15
3.45931e-15
3.44572e-15
3.42552e-15
3.39864e-15
3.36508e-15
3.32499e-15
3.27852e-15
3.22609e-15
3.16808e-15
3.10486e-15
3.03698e-15
2.96499e-15
2.88958e-15
2.81128e-15
2.73077e-15
2.6487e-15
2.566e-15
2.48302e-15
2.40069e-15
2.31951e-15
2.24031e-15
2.16346e-15
2.08985e-15
2.01977e-15
1.95385e-15
1.89219e-15
1.83532e-15
1.78358e-15
1.73691e-15
1.69549e-15
1.65917e-15
1.62787e-15
1.60134e-15
1.57926e-15
1.56124e-15
1.5469e-15
1.53582e-15
1.52752e-15
1.52169e-15
1.51776e-15
1.51539e-15
1.51423e-15
1.51392e-15
1.51425e-15
1.51492e-15
1.51577e-15
1.51664e-15
1.5174e-15
1.51797e-15
1.51829e-15
1.51833e-15
1.51809e-15
1.51759e-15
1.51684e-15
1.51588e-15
1.51479e-15
1.51361e-15
1.51236e-15
1.51117e-15
1.51006e-15
1.50903e-15
1.50817e-15
1.50756e-15
1.50719e-15
1.50707e-15
3.17913e-15
3.18113e-15
3.18738e-15
3.19736e-15
3.21151e-15
3.2281e-15
3.24662e-15
3.26665e-15
3.28702e-15
3.3068e-15
3.32505e-15
3.34097e-15
3.35374e-15
3.36269e-15
3.36713e-15
3.36653e-15
3.36046e-15
3.34863e-15
3.33084e-15
3.30698e-15
3.27705e-15
3.24106e-15
3.19928e-15
3.15205e-15
3.09942e-15
3.04213e-15
2.98049e-15
2.91499e-15
2.84611e-15
2.77445e-15
2.70076e-15
2.62538e-15
2.54913e-15
2.47269e-15
2.39637e-15
2.32107e-15
2.24728e-15
2.17555e-15
2.10631e-15
2.0402e-15
1.97747e-15
1.91858e-15
1.86386e-15
1.81352e-15
1.76769e-15
1.72642e-15
1.68972e-15
1.65749e-15
1.62952e-15
1.6057e-15
1.58563e-15
1.56911e-15
1.55566e-15
1.54499e-15
1.53674e-15
1.53052e-15
1.52598e-15
1.52281e-15
1.52076e-15
1.5195e-15
1.51885e-15
1.5186e-15
1.51858e-15
1.51868e-15
1.51879e-15
1.51886e-15
1.51881e-15
1.51862e-15
1.51829e-15
1.51782e-15
1.51723e-15
1.51654e-15
1.51578e-15
1.51499e-15
1.5142e-15
1.51348e-15
1.51283e-15
1.51229e-15
1.51187e-15
1.51161e-15
1.51153e-15
3.09543e-15
3.09725e-15
3.10345e-15
3.11279e-15
3.12503e-15
3.14026e-15
3.15735e-15
3.17549e-15
3.194e-15
3.21215e-15
3.22904e-15
3.24391e-15
3.25603e-15
3.26473e-15
3.26944e-15
3.26965e-15
3.26495e-15
3.25507e-15
3.23978e-15
3.21895e-15
3.19262e-15
3.1608e-15
3.12363e-15
3.08134e-15
3.03427e-15
2.9827e-15
2.92703e-15
2.86769e-15
2.80526e-15
2.74001e-15
2.67274e-15
2.60399e-15
2.5341e-15
2.46378e-15
2.39355e-15
2.32377e-15
2.2553e-15
2.18847e-15
2.12368e-15
2.06136e-15
2.00197e-15
1.94589e-15
1.89323e-15
1.84442e-15
1.79948e-15
1.75851e-15
1.72159e-15
1.68858e-15
1.6594e-15
1.63394e-15
1.61199e-15
1.59325e-15
1.57749e-15
1.5644e-15
1.55366e-15
1.54502e-15
1.53817e-15
1.53279e-15
1.52867e-15
1.52553e-15
1.52321e-15
1.52148e-15
1.52021e-15
1.51925e-15
1.51849e-15
1.51787e-15
1.51732e-15
1.51676e-15
1.51621e-15
1.51562e-15
1.51501e-15
1.51438e-15
1.51373e-15
1.51308e-15
1.51249e-15
1.51192e-15
1.51142e-15
1.511e-15
1.51069e-15
1.5105e-15
1.51044e-15
3.01104e-15
3.01271e-15
3.01777e-15
3.02624e-15
3.03787e-15
3.05157e-15
3.06723e-15
3.08412e-15
3.10142e-15
3.11842e-15
3.13441e-15
3.14866e-15
3.16052e-15
3.16937e-15
3.17467e-15
3.17598e-15
3.17291e-15
3.16516e-15
3.1525e-15
3.13486e-15
3.11219e-15
3.08452e-15
3.05196e-15
3.01464e-15
2.97289e-15
2.92697e-15
2.87715e-15
2.82393e-15
2.76768e-15
2.70891e-15
2.64786e-15
2.58534e-15
2.52172e-15
2.45733e-15
2.39287e-15
2.32859e-15
2.26527e-15
2.20308e-15
2.14254e-15
2.08406e-15
2.028e-15
1.97461e-15
1.92408e-15
1.87681e-15
1.8328e-15
1.79218e-15
1.75498e-15
1.72132e-15
1.6911e-15
1.66408e-15
1.64028e-15
1.61936e-15
1.60132e-15
1.58576e-15
1.57249e-15
1.56132e-15
1.55193e-15
1.54411e-15
1.53764e-15
1.53233e-15
1.52798e-15
1.5244e-15
1.52147e-15
1.51907e-15
1.51702e-15
1.51528e-15
1.51381e-15
1.51247e-15
1.5113e-15
1.51021e-15
1.5092e-15
1.5083e-15
1.50744e-15
1.50663e-15
1.50594e-15
1.50537e-15
1.50483e-15
1.50439e-15
1.50407e-15
1.50388e-15
1.50381e-15
2.92356e-15
2.92513e-15
2.92985e-15
2.93825e-15
2.94884e-15
2.96197e-15
2.97668e-15
2.99265e-15
3.00912e-15
3.02545e-15
3.041e-15
3.0551e-15
3.06714e-15
3.07657e-15
3.08287e-15
3.08563e-15
3.08447e-15
3.0791e-15
3.06933e-15
3.05506e-15
3.03617e-15
3.01275e-15
2.98476e-15
2.95247e-15
2.91601e-15
2.87563e-15
2.83169e-15
2.78443e-15
2.73429e-15
2.68158e-15
2.62688e-15
2.57043e-15
2.51267e-15
2.4541e-15
2.39518e-15
2.33636e-15
2.27787e-15
2.22027e-15
2.16384e-15
2.10905e-15
2.05621e-15
2.00537e-15
1.95693e-15
1.91111e-15
1.86808e-15
1.82788e-15
1.79063e-15
1.75638e-15
1.72493e-15
1.69654e-15
1.67083e-15
1.64785e-15
1.62741e-15
1.60929e-15
1.59338e-15
1.57946e-15
1.56734e-15
1.55684e-15
1.54778e-15
1.53999e-15
1.53325e-15
1.52747e-15
1.52246e-15
1.51816e-15
1.51445e-15
1.51115e-15
1.50833e-15
1.50579e-15
1.50358e-15
1.5016e-15
1.49982e-15
1.49828e-15
1.49691e-15
1.49564e-15
1.49455e-15
1.49375e-15
1.49304e-15
1.49244e-15
1.49201e-15
1.49175e-15
1.49166e-15
2.83383e-15
2.83535e-15
2.84017e-15
2.84823e-15
2.85817e-15
2.8709e-15
2.88511e-15
2.90068e-15
2.91686e-15
2.93305e-15
2.94867e-15
2.96313e-15
2.97586e-15
2.98633e-15
2.99407e-15
2.99869e-15
2.99982e-15
2.99716e-15
2.99057e-15
2.97986e-15
Process [3]
2.96496e-15
2.94587e-15
2.9227e-15
2.89543e-15
2.86428e-15
2.82953e-15
2.79129e-15
2.75e-15
2.70577e-15
2.65916e-15
2.61037e-15
2.55991e-15
2.50797e-15
2.45503e-15
2.40152e-15
2.34775e-15
2.2941e-15
2.24094e-15
2.18846e-15
2.1372e-15
2.08724e-15
2.03896e-15
1.9925e-15
1.94811e-15
1.90605e-15
1.8662e-15
1.82891e-15
1.79386e-15
1.76154e-15
1.73152e-15
1.70399e-15
1.67885e-15
1.65598e-15
1.63526e-15
1.61655e-15
1.59972e-15
1.58467e-15
1.57127e-15
1.55929e-15
1.54864e-15
1.53917e-15
1.53079e-15
1.52337e-15
1.5167e-15
1.51086e-15
1.50561e-15
1.50096e-15
1.49681e-15
1.49314e-15
1.48985e-15
1.48692e-15
1.48438e-15
1.48214e-15
1.48013e-15
1.4784e-15
1.47701e-15
1.47603e-15
1.47512e-15
1.47447e-15
1.47408e-15
1.47395e-15
2.74158e-15
2.74308e-15
2.74792e-15
2.75591e-15
2.76568e-15
2.77827e-15
2.7924e-15
2.80805e-15
2.82442e-15
2.84103e-15
2.8573e-15
2.87268e-15
2.88665e-15
2.89869e-15
2.90837e-15
2.91531e-15
2.91915e-15
2.91964e-15
2.91651e-15
2.90968e-15
2.89902e-15
2.88455e-15
2.86621e-15
2.84414e-15
2.81838e-15
2.78926e-15
2.75685e-15
2.72132e-15
2.68308e-15
2.64239e-15
2.59946e-15
2.55476e-15
2.50855e-15
2.46108e-15
2.41271e-15
2.36384e-15
2.31485e-15
2.26583e-15
2.21719e-15
2.16917e-15
2.12213e-15
2.07614e-15
2.03171e-15
1.98858e-15
1.9473e-15
1.90773e-15
1.87028e-15
1.83467e-15
1.80105e-15
1.76963e-15
1.74017e-15
1.7128e-15
1.68736e-15
1.66387e-15
1.64227e-15
1.62239e-15
1.6042e-15
1.58757e-15
1.57238e-15
1.55857e-15
1.54609e-15
1.53465e-15
1.52429e-15
1.515e-15
1.50644e-15
1.49887e-15
1.49189e-15
1.4857e-15
1.4801e-15
1.47508e-15
1.47058e-15
1.46668e-15
1.4632e-15
1.46012e-15
1.45747e-15
1.45528e-15
1.45375e-15
1.45241e-15
1.45142e-15
1.45082e-15
1.45062e-15
2.6465e-15
2.64803e-15
2.6526e-15
2.66075e-15
2.67102e-15
2.68359e-15
2.69843e-15
2.71454e-15
2.73168e-15
2.7493e-15
2.76682e-15
2.78372e-15
2.79952e-15
2.81373e-15
2.82592e-15
2.8357e-15
2.84276e-15
2.84677e-15
2.84761e-15
2.84503e-15
2.83892e-15
2.82924e-15
2.81604e-15
2.79926e-15
2.77907e-15
2.75557e-15
2.72891e-15
2.69925e-15
2.66701e-15
2.63204e-15
2.59493e-15
2.55587e-15
2.51516e-15
2.47291e-15
2.42956e-15
2.3855e-15
2.3407e-15
2.29579e-15
2.2507e-15
2.2059e-15
2.16154e-15
2.11793e-15
2.07497e-15
2.03324e-15
1.9926e-15
1.95323e-15
1.91542e-15
1.87911e-15
1.84437e-15
1.81125e-15
1.77988e-15
1.7501e-15
1.72206e-15
1.69572e-15
1.67103e-15
1.64791e-15
1.6263e-15
1.60616e-15
1.58752e-15
1.57028e-15
1.55414e-15
1.5394e-15
1.52576e-15
1.51314e-15
1.50169e-15
1.49106e-15
1.48142e-15
1.47266e-15
1.46465e-15
1.45744e-15
1.45097e-15
1.44528e-15
1.44016e-15
1.43566e-15
1.43178e-15
1.42862e-15
1.42628e-15
1.42426e-15
1.42281e-15
1.42193e-15
1.42164e-15
2.54828e-15
2.54988e-15
2.5546e-15
2.56237e-15
2.57365e-15
2.58708e-15
2.60258e-15
2.61997e-15
2.63852e-15
2.65772e-15
2.67717e-15
2.69629e-15
2.71458e-15
2.7316e-15
2.74692e-15
2.76017e-15
2.77097e-15
2.77909e-15
2.7843e-15
2.78633e-15
2.78515e-15
2.78068e-15
2.77277e-15
2.76161e-15
2.747e-15
2.7293e-15
2.70851e-15
2.6848e-15
2.65822e-15
2.62913e-15
2.5978e-15
2.56421e-15
2.52875e-15
2.49161e-15
2.45311e-15
2.4135e-15
2.37297e-15
2.33177e-15
2.29006e-15
2.24826e-15
2.20627e-15
2.16463e-15
2.12334e-15
2.08265e-15
2.04256e-15
2.00328e-15
1.96504e-15
1.92791e-15
1.89188e-15
1.85707e-15
1.82357e-15
1.79144e-15
1.76065e-15
1.73123e-15
1.70329e-15
1.67671e-15
1.65145e-15
1.62755e-15
1.6052e-15
1.5839e-15
1.56406e-15
1.54548e-15
1.52798e-15
1.51184e-15
1.4967e-15
1.48271e-15
1.46988e-15
1.45792e-15
1.44709e-15
1.4372e-15
1.42831e-15
1.42029e-15
1.41313e-15
1.40682e-15
1.40143e-15
1.3972e-15
1.39354e-15
1.39065e-15
1.38859e-15
1.38735e-15
1.38694e-15
2.44514e-15
2.44688e-15
2.4527e-15
2.46182e-15
2.47329e-15
2.48779e-15
2.5052e-15
2.52408e-15
2.5448e-15
2.56636e-15
2.58841e-15
2.61048e-15
2.63202e-15
2.65257e-15
2.67171e-15
2.68907e-15
2.70427e-15
2.71703e-15
2.72712e-15
2.73429e-15
2.73841e-15
2.73945e-15
2.73727e-15
2.73183e-15
2.72317e-15
2.71134e-15
2.69642e-15
2.6787e-15
2.65788e-15
2.6345e-15
2.60874e-15
2.58054e-15
2.55029e-15
2.51822e-15
2.4842e-15
2.44886e-15
2.41232e-15
2.37464e-15
2.33612e-15
2.29694e-15
2.25739e-15
2.21753e-15
2.17753e-15
2.13759e-15
2.09797e-15
2.05867e-15
2.01991e-15
1.98169e-15
1.94426e-15
1.90767e-15
1.87199e-15
1.83728e-15
1.8036e-15
1.77096e-15
1.7395e-15
1.70937e-15
1.68013e-15
1.65227e-15
1.62581e-15
1.60017e-15
1.57635e-15
1.55317e-15
1.53183e-15
1.51122e-15
1.49218e-15
1.47431e-15
1.45747e-15
1.44207e-15
1.42779e-15
1.41468e-15
1.40275e-15
1.39195e-15
1.38227e-15
1.37391e-15
1.3668e-15
1.36059e-15
1.3555e-15
1.35154e-15
1.34871e-15
1.34701e-15
1.34644e-15
2.33941e-15
2.34134e-15
2.3471e-15
2.35655e-15
2.3695e-15
2.38631e-15
2.40549e-15
2.42693e-15
2.45047e-15
2.47515e-15
2.5007e-15
2.52654e-15
2.55213e-15
2.57702e-15
2.60078e-15
2.62299e-15
2.64328e-15
2.66133e-15
2.67689e-15
2.68973e-15
2.69968e-15
2.70659e-15
2.71035e-15
2.71097e-15
2.70844e-15
2.7027e-15
2.69381e-15
2.68183e-15
2.66701e-15
2.64935e-15
2.62903e-15
2.60605e-15
2.58074e-15
2.55331e-15
2.52384e-15
2.49263e-15
2.45971e-15
2.42528e-15
2.3897e-15
2.35305e-15
2.31546e-15
2.27718e-15
2.23832e-15
2.19906e-15
2.15962e-15
2.12008e-15
2.08057e-15
2.04128e-15
2.00234e-15
1.96381e-15
1.92569e-15
1.88811e-15
1.8516e-15
1.81563e-15
1.78028e-15
1.7464e-15
1.71303e-15
1.68088e-15
1.64994e-15
1.61989e-15
1.5912e-15
1.56371e-15
1.53719e-15
1.51249e-15
1.48847e-15
1.46614e-15
1.44521e-15
1.4254e-15
1.40709e-15
1.3902e-15
1.37468e-15
1.36065e-15
1.34819e-15
1.337e-15
1.32726e-15
1.31898e-15
1.31219e-15
1.30689e-15
1.3031e-15
1.30082e-15
1.30006e-15
2.22783e-15
2.23005e-15
2.23666e-15
2.2475e-15
2.26237e-15
2.28169e-15
2.3037e-15
2.32833e-15
2.35566e-15
2.38431e-15
2.41433e-15
2.44482e-15
2.47544e-15
2.50556e-15
2.53475e-15
2.56263e-15
2.58878e-15
2.61283e-15
2.6345e-15
2.65355e-15
2.66976e-15
2.68298e-15
2.69313e-15
2.70007e-15
2.70377e-15
2.70424e-15
2.7015e-15
2.69558e-15
2.68645e-15
2.67433e-15
2.65944e-15
2.64161e-15
2.6212e-15
2.59819e-15
2.57299e-15
2.54552e-15
2.51604e-15
2.48476e-15
2.45178e-15
2.41727e-15
2.38144e-15
2.34457e-15
2.3066e-15
2.26787e-15
2.22841e-15
2.18836e-15
2.14785e-15
2.1074e-15
2.06677e-15
2.0259e-15
1.98521e-15
1.94528e-15
1.90493e-15
1.86565e-15
1.8267e-15
1.78821e-15
1.75099e-15
1.71396e-15
1.67837e-15
1.64356e-15
1.60953e-15
1.57737e-15
1.54545e-15
1.51545e-15
1.48683e-15
1.45905e-15
1.43308e-15
1.40867e-15
1.38574e-15
1.36436e-15
1.3447e-15
1.32673e-15
1.31047e-15
1.29598e-15
1.28332e-15
1.27252e-15
1.26407e-15
1.25751e-15
1.25257e-15
1.2496e-15
1.2486e-15
2.11131e-15
2.1139e-15
2.12162e-15
2.13429e-15
2.15163e-15
2.17348e-15
2.19977e-15
2.2286e-15
2.26034e-15
2.29437e-15
2.32967e-15
2.366e-15
2.40257e-15
2.43898e-15
2.47453e-15
2.50899e-15
2.54179e-15
2.57255e-15
2.60099e-15
2.62682e-15
2.64987e-15
2.66991e-15
2.68675e-15
2.70026e-15
2.71049e-15
2.71735e-15
2.72074e-15
2.72071e-15
2.71743e-15
2.71084e-15
2.70119e-15
2.6883e-15
2.67252e-15
2.65395e-15
2.63254e-15
2.60864e-15
2.58235e-15
2.55381e-15
2.52321e-15
2.49068e-15
2.45644e-15
2.42056e-15
2.38314e-15
2.34443e-15
2.30513e-15
2.26437e-15
2.22263e-15
2.18089e-15
2.13814e-15
2.09476e-15
2.05206e-15
2.00808e-15
1.96532e-15
1.92153e-15
1.87912e-15
1.83587e-15
1.79451e-15
1.75217e-15
1.71195e-15
1.6717e-15
1.63227e-15
1.5947e-15
1.5574e-15
1.52134e-15
1.48716e-15
1.45422e-15
1.42232e-15
1.39236e-15
1.36417e-15
1.33772e-15
1.31312e-15
1.2906e-15
1.27027e-15
1.25196e-15
1.23587e-15
1.22211e-15
1.21073e-15
1.20182e-15
1.19541e-15
1.19156e-15
1.19026e-15
1.98762e-15
1.99072e-15
2.00042e-15
2.01656e-15
2.03716e-15
2.06283e-15
2.09308e-15
2.12776e-15
2.16548e-15
2.20553e-15
2.24764e-15
2.2909e-15
2.33456e-15
2.37836e-15
2.42125e-15
2.46333e-15
2.50354e-15
2.54175e-15
2.57787e-15
2.61104e-15
2.6413e-15
2.6686e-15
2.69249e-15
2.71286e-15
2.72971e-15
2.74308e-15
2.75282e-15
2.75881e-15
2.76116e-15
2.75992e-15
2.75537e-15
2.74745e-15
2.73598e-15
2.7213e-15
2.70355e-15
2.68316e-15
2.65979e-15
2.63359e-15
2.60489e-15
2.57441e-15
2.5412e-15
2.50578e-15
2.46928e-15
2.43046e-15
2.38993e-15
2.34899e-15
2.30555e-15
2.26222e-15
2.21711e-15
2.17184e-15
2.12552e-15
2.07908e-15
2.03178e-15
1.98528e-15
1.93715e-15
1.89099e-15
1.84325e-15
1.79681e-15
1.75133e-15
1.70488e-15
1.66025e-15
1.61677e-15
1.57353e-15
1.53113e-15
1.49078e-15
1.45171e-15
1.41401e-15
1.37758e-15
1.34333e-15
1.31108e-15
1.28089e-15
1.25292e-15
1.22734e-15
1.20431e-15
1.1841e-15
1.16723e-15
1.15289e-15
1.14156e-15
1.1334e-15
1.12848e-15
1.12683e-15
1.85957e-15
1.86328e-15
1.87436e-15
1.89253e-15
1.91735e-15
1.9483e-15
1.98531e-15
2.02647e-15
2.07118e-15
2.11906e-15
2.16921e-15
2.22076e-15
2.27279e-15
2.32508e-15
2.37656e-15
2.42701e-15
2.47561e-15
2.52239e-15
2.56616e-15
2.60784e-15
2.64562e-15
2.68052e-15
2.71191e-15
2.73914e-15
2.76325e-15
2.78305e-15
2.79867e-15
2.811e-15
2.819e-15
2.8228e-15
2.82334e-15
2.8199e-15
2.8123e-15
2.80189e-15
2.78766e-15
2.76958e-15
2.74933e-15
2.72515e-15
2.69812e-15
2.66912e-15
2.63612e-15
2.6023e-15
2.56475e-15
2.52618e-15
2.48497e-15
2.4423e-15
2.39785e-15
2.3523e-15
2.30466e-15
2.25733e-15
2.20688e-15
2.15809e-15
2.10639e-15
2.05526e-15
2.00449e-15
1.9513e-15
1.89986e-15
1.84874e-15
1.79605e-15
1.74461e-15
1.69434e-15
1.64452e-15
1.59428e-15
1.54576e-15
1.49875e-15
1.45294e-15
1.40852e-15
1.36547e-15
1.32421e-15
1.28537e-15
1.24877e-15
1.21463e-15
1.1832e-15
1.15472e-15
1.12942e-15
1.10754e-15
1.08931e-15
1.0749e-15
1.06448e-15
1.05818e-15
1.05608e-15
1.72302e-15
1.72758e-15
1.74116e-15
1.76335e-15
1.79361e-15
1.8314e-15
1.87609e-15
1.92534e-15
1.97901e-15
2.03621e-15
2.09587e-15
2.15714e-15
2.21925e-15
2.28077e-15
2.3423e-15
2.40207e-15
2.45989e-15
2.51591e-15
2.56829e-15
2.61866e-15
2.66444e-15
2.70782e-15
2.74611e-15
2.78148e-15
2.81184e-15
2.83831e-15
2.86076e-15
2.87813e-15
2.89236e-15
2.90071e-15
2.90666e-15
2.90655e-15
2.90398e-15
2.89608e-15
2.88524e-15
2.87016e-15
2.85131e-15
2.82962e-15
2.80372e-15
2.77558e-15
2.74361e-15
2.70922e-15
2.67228e-15
2.63191e-15
2.59101e-15
2.54529e-15
2.50058e-15
2.45146e-15
2.4018e-15
2.35175e-15
2.29753e-15
2.24453e-15
2.19075e-15
2.13356e-15
2.07766e-15
2.02179e-15
1.96441e-15
1.90576e-15
1.84893e-15
1.79213e-15
1.73528e-15
1.67738e-15
1.6213e-15
1.56629e-15
1.51215e-15
1.45907e-15
1.40727e-15
1.35653e-15
1.30797e-15
1.26175e-15
1.21787e-15
1.17663e-15
1.13837e-15
1.10344e-15
1.07218e-15
1.04497e-15
1.02213e-15
1.00399e-15
9.90827e-16
9.82837e-16
9.80159e-16
1.57905e-15
1.58474e-15
1.60155e-15
1.629e-15
1.66623e-15
1.71217e-15
1.76583e-15
1.82603e-15
1.89058e-15
1.95892e-15
2.03001e-15
2.10233e-15
2.17535e-15
2.24863e-15
2.3206e-15
2.39026e-15
2.4591e-15
2.52433e-15
2.58613e-15
2.64591e-15
2.69979e-15
2.75161e-15
2.79804e-15
2.84e-15
2.87851e-15
2.91038e-15
2.94007e-15
2.96222e-15
2.98242e-15
2.99537e-15
3.00558e-15
3.01e-15
3.01006e-15
3.00672e-15
2.99688e-15
2.9859e-15
2.9674e-15
2.94802e-15
2.92324e-15
2.89449e-15
2.86464e-15
2.82797e-15
2.79122e-15
2.75112e-15
2.70579e-15
2.66124e-15
2.61329e-15
2.56077e-15
2.50937e-15
2.45597e-15
2.39787e-15
2.3405e-15
2.28262e-15
2.22299e-15
2.15993e-15
2.09834e-15
2.03647e-15
1.97398e-15
1.91036e-15
1.84521e-15
1.78195e-15
1.7189e-15
1.6561e-15
1.59377e-15
1.53209e-15
1.47067e-15
1.41044e-15
1.35238e-15
1.29599e-15
1.2416e-15
1.18954e-15
1.14022e-15
1.09407e-15
1.05155e-15
1.01316e-15
9.79446e-16
9.50924e-16
9.28102e-16
9.11429e-16
9.01275e-16
8.97864e-16
1.42701e-15
1.43416e-15
1.45533e-15
1.48968e-15
1.53593e-15
1.59256e-15
1.65789e-15
1.73026e-15
1.80808e-15
1.88975e-15
1.97364e-15
2.05917e-15
2.14518e-15
2.23072e-15
2.31362e-15
2.39511e-15
2.47478e-15
2.55097e-15
2.62169e-15
2.69062e-15
2.75548e-15
2.81317e-15
2.8684e-15
2.91927e-15
2.96207e-15
3.00241e-15
3.03776e-15
3.06483e-15
3.09005e-15
3.10942e-15
3.12096e-15
3.13111e-15
3.13459e-15
3.1315e-15
3.1272e-15
3.1161e-15
3.09916e-15
3.08132e-15
3.05756e-15
3.02761e-15
2.9975e-15
2.96317e-15
2.92175e-15
2.88038e-15
2.8366e-15
2.78814e-15
2.73511e-15
2.68282e-15
2.62818e-15
2.57033e-15
2.50796e-15
2.44684e-15
2.38431e-15
2.32021e-15
2.25413e-15
2.18466e-15
2.11673e-15
2.0483e-15
1.97918e-15
1.90952e-15
1.83952e-15
1.76874e-15
1.697e-15
1.62717e-15
1.55788e-15
1.48923e-15
1.42147e-15
1.35489e-15
1.28978e-15
1.22649e-15
1.16543e-15
1.10704e-15
1.05187e-15
1.00051e-15
9.5363e-16
9.1199e-16
8.76572e-16
8.48722e-16
8.27762e-16
8.1484e-16
8.10492e-16
1.26382e-15
1.27307e-15
1.30033e-15
1.34419e-15
1.40261e-15
1.47324e-15
1.5537e-15
1.64172e-15
1.73515e-15
1.83198e-15
1.9311e-15
2.03119e-15
2.13112e-15
2.22998e-15
2.32634e-15
2.4186e-15
2.5094e-15
2.59673e-15
2.67999e-15
2.75652e-15
2.82862e-15
2.89756e-15
2.96132e-15
3.01713e-15
3.06748e-15
3.11469e-15
3.15621e-15
3.18849e-15
3.21671e-15
3.24124e-15
3.25968e-15
3.26859e-15
3.27539e-15
3.27789e-15
3.2743e-15
3.26186e-15
3.24837e-15
3.23074e-15
3.20799e-15
3.17675e-15
3.14462e-15
3.10949e-15
3.07042e-15
3.02544e-15
2.97566e-15
2.92601e-15
2.87325e-15
2.81753e-15
2.75823e-15
2.6935e-15
2.62976e-15
2.56429e-15
2.49684e-15
2.42756e-15
2.35665e-15
2.28294e-15
2.20692e-15
2.1323e-15
2.05681e-15
1.98055e-15
1.90371e-15
1.82646e-15
1.74897e-15
1.67145e-15
1.59409e-15
1.5171e-15
1.43988e-15
1.36395e-15
1.28991e-15
1.21742e-15
1.14689e-15
1.07882e-15
1.01381e-15
9.52575e-16
8.95961e-16
8.4497e-16
8.00735e-16
7.64502e-16
7.37478e-16
7.20768e-16
7.15101e-16
1.09083e-15
1.1031e-15
1.139e-15
1.19593e-15
1.27052e-15
1.35905e-15
1.45812e-15
1.56476e-15
1.67648e-15
1.79093e-15
1.90606e-15
2.02186e-15
2.13667e-15
2.24952e-15
2.35966e-15
2.46642e-15
2.56924e-15
2.6653e-15
2.75697e-15
2.84522e-15
2.92806e-15
3.00527e-15
3.07648e-15
3.13806e-15
3.19567e-15
3.24865e-15
3.29543e-15
3.33597e-15
3.36776e-15
3.39209e-15
3.41395e-15
3.42979e-15
3.43966e-15
3.44286e-15
3.43625e-15
3.42815e-15
3.41545e-15
3.3975e-15
3.37447e-15
3.34485e-15
3.30785e-15
3.27058e-15
3.22926e-15
3.18386e-15
3.13457e-15
3.08162e-15
3.02254e-15
2.96002e-15
2.89746e-15
2.83207e-15
2.76404e-15
2.69358e-15
2.62089e-15
2.54615e-15
2.46956e-15
2.38945e-15
2.30755e-15
2.22665e-15
2.14461e-15
2.06159e-15
1.97777e-15
1.89331e-15
1.80839e-15
1.72318e-15
1.63788e-15
1.55267e-15
1.46777e-15
1.38344e-15
1.29995e-15
1.21763e-15
1.13688e-15
1.05819e-15
9.82171e-16
9.09595e-16
8.4145e-16
7.78984e-16
7.23743e-16
6.77787e-16
6.43823e-16
6.22057e-16
6.14579e-16
9.0728e-16
9.24175e-16
9.72825e-16
1.04828e-15
1.14442e-15
1.25555e-15
1.37698e-15
1.50509e-15
1.6371e-15
1.77089e-15
1.90485e-15
2.03766e-15
2.16831e-15
2.29593e-15
2.41962e-15
2.5363e-15
2.64989e-15
2.75913e-15
2.86279e-15
2.96057e-15
3.05221e-15
3.13751e-15
3.21629e-15
3.28819e-15
3.34919e-15
3.40597e-15
3.45756e-15
3.50232e-15
3.54027e-15
3.57145e-15
3.59594e-15
3.61373e-15
3.62073e-15
3.62325e-15
3.62205e-15
3.6148e-15
3.60168e-15
3.58288e-15
3.55857e-15
3.52898e-15
3.49397e-15
3.44972e-15
3.40408e-15
3.35558e-15
3.30289e-15
3.24623e-15
3.18584e-15
3.12192e-15
3.05471e-15
2.98441e-15
2.91126e-15
2.83544e-15
2.75653e-15
2.67247e-15
2.58953e-15
2.50529e-15
2.41936e-15
2.33193e-15
2.24317e-15
2.15326e-15
2.06234e-15
1.97059e-15
1.87817e-15
1.78524e-15
1.69197e-15
1.59854e-15
1.50512e-15
1.41193e-15
1.3192e-15
1.22722e-15
1.13632e-15
1.04694e-15
9.59613e-16
8.75094e-16
7.9438e-16
7.18848e-16
6.5039e-16
5.91549e-16
5.45538e-16
5.15903e-16
5.05626e-16
7.09635e-16
7.34353e-16
8.03571e-16
9.06271e-16
1.03144e-15
1.17074e-15
1.31845e-15
1.47069e-15
1.62479e-15
1.77884e-15
1.93142e-15
2.08142e-15
2.22797e-15
2.36961e-15
2.50401e-15
2.63564e-15
2.76189e-15
2.88205e-15
2.99581e-15
3.10291e-15
3.2031e-15
3.29621e-15
3.38208e-15
3.46062e-15
3.53172e-15
3.59535e-15
3.65149e-15
3.70015e-15
3.74089e-15
3.76935e-15
3.79441e-15
3.81379e-15
3.82614e-15
3.8316e-15
3.83036e-15
3.82259e-15
3.80847e-15
3.78823e-15
3.76207e-15
3.73022e-15
3.69291e-15
3.65037e-15
3.60283e-15
3.55055e-15
3.49097e-15
3.42636e-15
3.36146e-15
3.2928e-15
3.22062e-15
3.14514e-15
3.06659e-15
2.98519e-15
2.90116e-15
2.81471e-15
2.72605e-15
2.63536e-15
2.54284e-15
2.44867e-15
2.35302e-15
2.25607e-15
2.15797e-15
2.05887e-15
1.95894e-15
1.85832e-15
1.75715e-15
1.65559e-15
1.55379e-15
1.45191e-15
1.35015e-15
1.2487e-15
1.14782e-15
1.04784e-15
9.49179e-16
8.52421e-16
7.58413e-16
6.68417e-16
5.84377e-16
5.0933e-16
4.47898e-16
4.06471e-16
3.91661e-16
5.00382e-16
5.40057e-16
6.43804e-16
7.85206e-16
9.46278e-16
1.11723e-15
1.29268e-15
1.46946e-15
1.64554e-15
1.8195e-15
1.99027e-15
2.15702e-15
2.31905e-15
2.47578e-15
2.6267e-15
2.77137e-15
2.90942e-15
3.04052e-15
3.16437e-15
3.28072e-15
3.38566e-15
3.48329e-15
3.57592e-15
3.66048e-15
3.73692e-15
3.80521e-15
3.86534e-15
3.91736e-15
3.96131e-15
3.99727e-15
4.02536e-15
4.04572e-15
4.05848e-15
4.06382e-15
4.06193e-15
4.05301e-15
4.03729e-15
4.01498e-15
3.98634e-15
3.9516e-15
3.91101e-15
3.86485e-15
3.81337e-15
3.75683e-15
3.69551e-15
3.62966e-15
3.55955e-15
3.48543e-15
3.40757e-15
3.32622e-15
3.24162e-15
3.154e-15
3.0636e-15
2.97064e-15
2.87533e-15
2.77789e-15
2.6785e-15
2.57735e-15
2.47296e-15
2.36659e-15
2.2614e-15
2.15514e-15
2.04793e-15
1.9399e-15
1.83119e-15
1.72193e-15
1.61223e-15
1.50224e-15
1.39207e-15
1.28187e-15
1.17181e-15
1.06208e-15
9.52948e-16
8.44769e-16
7.38084e-16
6.33751e-16
5.33241e-16
4.39239e-16
3.56976e-16
2.96507e-16
2.73279e-16
2.83275e-16
3.57779e-16
5.19057e-16
7.08173e-16
9.06717e-16
1.10812e-15
1.30936e-15
1.50871e-15
1.70502e-15
1.8974e-15
2.08515e-15
2.26763e-15
2.44432e-15
2.61473e-15
2.77841e-15
2.93498e-15
3.08408e-15
3.22542e-15
3.35872e-15
3.48374e-15
3.60031e-15
3.70826e-15
3.80747e-15
3.89786e-15
3.97939e-15
4.05204e-15
4.11583e-15
4.1708e-15
4.21703e-15
4.25463e-15
4.28372e-15
4.30446e-15
4.31703e-15
4.32161e-15
4.31843e-15
4.30771e-15
4.2897e-15
4.26464e-15
4.23282e-15
4.19449e-15
4.14995e-15
4.09948e-15
4.04336e-15
3.98189e-15
3.91535e-15
3.84404e-15
3.76824e-15
3.68824e-15
3.6043e-15
3.5167e-15
3.4257e-15
3.33156e-15
3.23452e-15
3.13483e-15
3.0327e-15
2.92835e-15
2.822e-15
2.71383e-15
2.60403e-15
2.49278e-15
2.38023e-15
2.26654e-15
2.15185e-15
2.0363e-15
1.91999e-15
1.80306e-15
1.68559e-15
1.5677e-15
1.44947e-15
1.33099e-15
1.21236e-15
1.09368e-15
9.75058e-16
8.56644e-16
7.38645e-16
6.21395e-16
5.05508e-16
3.92257e-16
2.84768e-16
1.9266e-16
1.49527e-16
1.57331e-16
2.65314e-16
4.67982e-16
6.83626e-16
9.00784e-16
1.11675e-15
1.33024e-15
1.54038e-15
1.74644e-15
1.9478e-15
2.14389e-15
2.33417e-15
2.51816e-15
2.6954e-15
2.86549e-15
3.02805e-15
3.18272e-15
3.32922e-15
3.46728e-15
3.59667e-15
3.71721e-15
3.82873e-15
3.93113e-15
4.02434e-15
4.1083e-15
4.18301e-15
4.24849e-15
4.30481e-15
4.35204e-15
4.3903e-15
4.41974e-15
4.44051e-15
4.45281e-15
4.45685e-15
4.45284e-15
4.44104e-15
4.4217e-15
4.39509e-15
4.36149e-15
4.32119e-15
4.27449e-15
4.22168e-15
4.16307e-15
4.09895e-15
4.02964e-15
3.95544e-15
3.87663e-15
3.79352e-15
3.7064e-15
3.61553e-15
3.52121e-15
3.42368e-15
3.32321e-15
3.22004e-15
3.11441e-15
3.00653e-15
2.89663e-15
2.78489e-15
2.67151e-15
2.55666e-15
2.44052e-15
2.32322e-15
2.20492e-15
2.08575e-15
1.96581e-15
1.84523e-15
1.72409e-15
1.60249e-15
1.48051e-15
1.35822e-15
1.23568e-15
1.11295e-15
9.90095e-16
8.67168e-16
7.44238e-16
6.21394e-16
4.98787e-16
3.76741e-16
2.56229e-16
1.42455e-16
8.0537e-17
