Vec Object: Vec_0x84000004_8 8 MPI processes
  type: mpi
Process [0]
2.54862e-15
4.63482e-15
8.40099e-15
1.23344e-14
1.62598e-14
2.01304e-14
2.39177e-14
2.75979e-14
3.11484e-14
3.4547e-14
3.77709e-14
4.07979e-14
4.36056e-14
4.61724e-14
4.84776e-14
5.05023e-14
5.22297e-14
5.36463e-14
5.47424e-14
5.55125e-14
5.59562e-14
5.6078e-14
5.58882e-14
5.54019e-14
5.46389e-14
5.36233e-14
5.23823e-14
5.09453e-14
4.93431e-14
4.76064e-14
4.57655e-14
4.38489e-14
4.18831e-14
3.9892e-14
3.78968e-14
3.59157e-14
3.39639e-14
3.20543e-14
3.01968e-14
2.83993e-14
2.66676e-14
2.50057e-14
2.34164e-14
2.19008e-14
2.04595e-14
1.9092e-14
1.77969e-14
1.65728e-14
1.54177e-14
1.43291e-14
1.33046e-14
1.23414e-14
1.14368e-14
1.0588e-14
9.79219e-15
9.04647e-15
8.34815e-15
7.69453e-15
7.08298e-15
6.51097e-15
5.97604e-15
5.47578e-15
5.00795e-15
4.57038e-15
4.16094e-15
3.77761e-15
3.41846e-15
3.08167e-15
2.76545e-15
2.46812e-15
2.18809e-15
1.9238e-15
1.67377e-15
1.43657e-15
1.21081e-15
9.95121e-16
7.88208e-16
5.88985e-16
3.97273e-16
2.19197e-16
1.22708e-16
4.69285e-15
6.09686e-15
9.04291e-15
1.24277e-14
1.59376e-14
1.94578e-14
2.29305e-14
2.63177e-14
2.95955e-14
3.28281e-14
3.58415e-14
3.86325e-14
4.1213e-14
4.35651e-14
4.57911e-14
4.77007e-14
4.92595e-14
5.05309e-14
5.16401e-14
5.23685e-14
5.27302e-14
5.28239e-14
5.27551e-14
5.22849e-14
5.15414e-14
5.05924e-14
4.95465e-14
4.82128e-14
4.67108e-14
4.50902e-14
4.33782e-14
4.1667e-14
3.9889e-14
3.80367e-14
3.61814e-14
3.43393e-14
3.25235e-14
3.07454e-14
2.90139e-14
2.73359e-14
2.57166e-14
2.41598e-14
2.2668e-14
2.12425e-14
1.98839e-14
1.85918e-14
1.73655e-14
1.62037e-14
1.51047e-14
1.40667e-14
1.30873e-14
1.21645e-14
1.12957e-14
1.04786e-14
9.71064e-15
8.98936e-15
8.31233e-15
7.67716e-15
7.08185e-15
6.52399e-15
6.00098e-15
5.51065e-15
5.05094e-15
4.61982e-15
4.21536e-15
3.83571e-15
3.47908e-15
3.14376e-15
2.82811e-15
2.53057e-15
2.24966e-15
1.98395e-15
1.73212e-15
1.49294e-15
1.26528e-15
1.04822e-15
8.41254e-16
6.4485e-16
4.6246e-16
3.08336e-16
2.36774e-16
8.49664e-15
9.15226e-15
1.08572e-14
1.31715e-14
1.58127e-14
1.85829e-14
2.14076e-14
2.42381e-14
2.69629e-14
2.96499e-14
3.21741e-14
3.4579e-14
3.68205e-14
3.88669e-14
4.07061e-14
4.2335e-14
4.37243e-14
4.48701e-14
4.5763e-14
4.63953e-14
4.67683e-14
4.68859e-14
4.6756e-14
4.63929e-14
4.58147e-14
4.50384e-14
4.40788e-14
4.29726e-14
4.17415e-14
4.03744e-14
3.89682e-14
3.74446e-14
3.59435e-14
3.4365e-14
3.27727e-14
3.1227e-14
2.97045e-14
2.81716e-14
2.66764e-14
2.52239e-14
2.3818e-14
2.24615e-14
2.11567e-14
1.99046e-14
1.8702e-14
1.75383e-14
1.64465e-14
1.54098e-14
1.44241e-14
1.34884e-14
1.26011e-14
1.17585e-14
1.09578e-14
1.02073e-14
9.49877e-15
8.82989e-15
8.19884e-15
7.60376e-15
7.04245e-15
6.514e-15
6.01665e-15
5.54805e-15
5.10651e-15
4.69038e-15
4.29805e-15
3.928e-15
3.57871e-15
3.25001e-15
2.93943e-15
2.6441e-15
2.36418e-15
2.09856e-15
1.84627e-15
1.60658e-15
1.37903e-15
1.16371e-15
9.61744e-16
7.7634e-16
6.15409e-16
4.96775e-16
4.50823e-16
1.18929e-14
1.22384e-14
1.32186e-14
1.47424e-14
1.65911e-14
1.8639e-14
2.08049e-14
2.30129e-14
2.52171e-14
2.73804e-14
2.94683e-14
3.14529e-14
3.33175e-14
3.50328e-14
3.65862e-14
3.79587e-14
3.9134e-14
4.00982e-14
4.08488e-14
4.13792e-14
4.16813e-14
4.17611e-14
4.16303e-14
4.12979e-14
4.07741e-14
4.00829e-14
3.9245e-14
3.82745e-14
3.71994e-14
3.60301e-14
3.47959e-14
3.35139e-14
3.22017e-14
3.08573e-14
2.95368e-14
2.81877e-14
2.68503e-14
2.55477e-14
2.43104e-14
2.30563e-14
2.18251e-14
2.06622e-14
1.954e-14
1.8459e-14
1.74147e-14
1.63991e-14
1.54434e-14
1.4529e-14
1.36444e-14
1.28112e-14
1.20175e-14
1.12554e-14
1.05385e-14
9.85627e-15
9.2055e-15
8.59272e-15
8.0111e-15
7.45829e-15
6.93698e-15
6.4433e-15
5.97539e-15
5.53296e-15
5.11424e-15
4.71772e-15
4.34294e-15
3.98762e-15
3.65045e-15
3.33061e-15
3.02703e-15
2.73966e-15
2.46706e-15
2.2069e-15
1.9599e-15
1.7259e-15
1.50527e-15
1.29918e-15
1.11011e-15
9.42895e-16
8.06082e-16
7.13152e-16
6.79651e-16
1.48032e-14
1.50249e-14
1.56374e-14
1.65971e-14
1.78398e-14
1.92799e-14
2.08537e-14
2.25065e-14
2.41915e-14
2.58736e-14
2.75211e-14
2.91062e-14
3.06089e-14
3.20005e-14
3.32663e-14
3.43891e-14
3.53456e-14
3.61328e-14
3.6734e-14
3.71344e-14
3.73453e-14
3.73602e-14
3.71875e-14
3.68376e-14
3.63247e-14
3.56689e-14
3.48906e-14
3.40035e-14
3.30308e-14
3.19937e-14
3.09109e-14
2.97907e-14
2.86546e-14
2.75083e-14
2.63636e-14
2.52283e-14
2.41207e-14
2.30107e-14
2.1932e-14
2.08848e-14
1.98636e-14
1.88529e-14
1.78999e-14
1.6967e-14
1.60683e-14
1.52023e-14
1.43713e-14
1.35688e-14
1.28043e-14
1.20674e-14
1.13639e-14
1.06923e-14
1.00486e-14
9.4368e-15
8.85167e-15
8.29481e-15
7.76498e-15
7.25969e-15
6.78011e-15
6.32293e-15
5.88896e-15
5.47595e-15
5.0835e-15
4.71044e-15
4.35575e-15
4.01816e-15
3.69764e-15
3.3924e-15
3.10146e-15
2.82513e-15
2.56305e-15
2.31304e-15
2.07617e-15
1.85292e-15
1.64572e-15
1.45462e-15
1.28247e-15
1.13511e-15
1.01964e-15
9.44813e-16
9.18736e-16
1.73456e-14
1.747e-14
1.78721e-14
1.8474e-14
1.92751e-14
2.02338e-14
2.13133e-14
2.2479e-14
2.36974e-14
2.49403e-14
2.61793e-14
2.73899e-14
2.85427e-14
2.96256e-14
3.06106e-14
3.14874e-14
3.22349e-14
3.28266e-14
3.32649e-14
3.3527e-14
3.36253e-14
3.35475e-14
3.32925e-14
3.28926e-14
3.23469e-14
3.16875e-14
3.09169e-14
3.00697e-14
2.91682e-14
2.82206e-14
2.72458e-14
2.62642e-14
2.52767e-14
2.42943e-14
2.33226e-14
2.23723e-14
2.14372e-14
2.0514e-14
1.96206e-14
1.87417e-14
1.78814e-14
1.70579e-14
1.62507e-14
1.54682e-14
1.47111e-14
1.39774e-14
1.32686e-14
1.2583e-14
1.19224e-14
1.1286e-14
1.06734e-14
1.00843e-14
9.51855e-15
8.9758e-15
8.45542e-15
7.95684e-15
7.47954e-15
7.02293e-15
6.58621e-15
6.16871e-15
5.76985e-15
5.38904e-15
5.02526e-15
4.67808e-15
4.3467e-15
4.03055e-15
3.72875e-15
3.4412e-15
3.16653e-15
2.90573e-15
2.65692e-15
2.42128e-15
2.19965e-15
1.99088e-15
1.79759e-15
1.62355e-15
1.47031e-15
1.34165e-15
1.24375e-15
1.18208e-15
1.16096e-15
1.95002e-14
1.95917e-14
1.98285e-14
2.01904e-14
2.06828e-14
2.12853e-14
2.19808e-14
2.27484e-14
2.35695e-14
2.44252e-14
2.52929e-14
2.61558e-14
2.6992e-14
2.77832e-14
2.85017e-14
2.91372e-14
2.96636e-14
3.00714e-14
3.03309e-14
3.04408e-14
3.03887e-14
3.01931e-14
2.98416e-14
2.93472e-14
2.87435e-14
2.8028e-14
2.72409e-14
2.64118e-14
2.55421e-14
2.46619e-14
2.37861e-14
2.29163e-14
2.20653e-14
2.12302e-14
2.04168e-14
1.9636e-14
1.88655e-14
1.81169e-14
1.73875e-14
1.66697e-14
1.59787e-14
1.5305e-14
1.46458e-14
1.40031e-14
1.33772e-14
1.27682e-14
1.21753e-14
1.15995e-14
1.10397e-14
1.04976e-14
9.97208e-15
9.4631e-15
8.97184e-15
8.49728e-15
8.0393e-15
7.5982e-15
7.17341e-15
6.76478e-15
6.37181e-15
5.99444e-15
5.63199e-15
5.28426e-15
4.95086e-15
4.6313e-15
4.32522e-15
4.03228e-15
3.75208e-15
3.48423e-15
3.22878e-15
2.98514e-15
2.75405e-15
2.53511e-15
2.3299e-15
2.13791e-15
1.96319e-15
1.80552e-15
1.66856e-15
1.55654e-15
1.47482e-15
1.42355e-15
1.40598e-15
2.13626e-14
2.13805e-14
2.15052e-14
2.17024e-14
2.1973e-14
2.23111e-14
2.27097e-14
2.31605e-14
2.36548e-14
2.4182e-14
2.47283e-14
2.52814e-14
2.58252e-14
2.63438e-14
2.68161e-14
2.722e-14
2.75375e-14
2.7748e-14
2.7831e-14
2.77719e-14
2.75593e-14
2.72052e-14
2.67142e-14
2.61008e-14
2.53897e-14
2.46084e-14
2.37835e-14
2.29356e-14
2.20998e-14
2.12808e-14
2.04875e-14
1.97325e-14
1.90116e-14
1.83249e-14
1.76688e-14
1.70458e-14
1.64328e-14
1.58516e-14
1.52754e-14
1.47219e-14
1.41779e-14
1.3645e-14
1.31226e-14
1.26103e-14
1.21058e-14
1.16114e-14
1.11271e-14
1.06517e-14
1.01867e-14
9.73198e-15
9.28778e-15
8.85454e-15
8.4328e-15
8.02284e-15
7.62453e-15
7.23845e-15
6.86443e-15
6.50234e-15
6.1524e-15
5.81451e-15
5.48832e-15
5.17397e-15
4.87124e-15
4.58004e-15
4.30021e-15
4.03167e-15
3.77428e-15
3.52799e-15
3.29277e-15
3.06886e-15
2.85642e-15
2.65605e-15
2.46898e-15
2.29517e-15
2.13786e-15
1.99681e-15
1.87635e-15
1.77983e-15
1.70757e-15
1.66326e-15
1.64836e-15
2.28361e-14
2.28377e-14
2.28854e-14
2.29649e-14
2.30765e-14
2.32198e-14
2.3395e-14
2.35998e-14
2.3832e-14
2.409e-14
2.43667e-14
2.46536e-14
2.49374e-14
2.5215e-14
2.54543e-14
2.56399e-14
2.57502e-14
2.57626e-14
2.56513e-14
2.54076e-14
2.50144e-14
2.44811e-14
2.38097e-14
2.30418e-14
2.22005e-14
2.13255e-14
2.04432e-14
1.9589e-14
1.87806e-14
1.80313e-14
1.73406e-14
1.67164e-14
1.61408e-14
1.56061e-14
1.51113e-14
1.46382e-14
1.41873e-14
1.37659e-14
1.33429e-14
1.29313e-14
1.25255e-14
1.21233e-14
1.17242e-14
1.13295e-14
1.09364e-14
1.05448e-14
1.01571e-14
9.77259e-15
9.39276e-15
9.01752e-15
8.6476e-15
8.28327e-15
7.92534e-15
7.57456e-15
7.23118e-15
6.89586e-15
6.56908e-15
6.25091e-15
5.94192e-15
5.64187e-15
5.35084e-15
5.06891e-15
4.79627e-15
4.53311e-15
4.27955e-15
4.03564e-15
3.80148e-15
3.5772e-15
3.36304e-15
3.15927e-15
2.96638e-15
2.78507e-15
2.61626e-15
2.46092e-15
2.32078e-15
2.19565e-15
2.08991e-15
2.00359e-15
1.94027e-15
1.90309e-15
1.89144e-15
2.39923e-14
2.39804e-14
2.39793e-14
2.39738e-14
2.39697e-14
2.39687e-14
2.39734e-14
2.39876e-14
2.40133e-14
2.40516e-14
2.41036e-14
2.41656e-14
2.42285e-14
2.42859e-14
2.43188e-14
2.43009e-14
2.42111e-14
2.40265e-14
2.37103e-14
2.32598e-14
2.26562e-14
2.19001e-14
2.10345e-14
2.00653e-14
1.90708e-14
1.80812e-14
1.71449e-14
1.6304e-14
1.55621e-14
1.49257e-14
1.43812e-14
1.39119e-14
1.35036e-14
1.31377e-14
1.28096e-14
1.24959e-14
1.22009e-14
1.19212e-14
1.16359e-14
1.13529e-14
1.10675e-14
1.078e-14
1.04891e-14
1.01945e-14
9.89582e-15
9.59466e-15
9.29041e-15
8.98541e-15
8.68024e-15
8.37523e-15
8.0693e-15
7.76655e-15
7.466e-15
7.16865e-15
6.87488e-15
6.58523e-15
6.30168e-15
6.02352e-15
5.75232e-15
5.4877e-15
5.22962e-15
4.9782e-15
4.73408e-15
4.49788e-15
4.26967e-15
4.04952e-15
3.83814e-15
3.6355e-15
3.44205e-15
3.25823e-15
3.0846e-15
2.92184e-15
2.77067e-15
2.63312e-15
2.50962e-15
2.40003e-15
2.30498e-15
2.22983e-15
2.17411e-15
2.14026e-15
2.12893e-15
2.48499e-14
2.48377e-14
2.47944e-14
2.47266e-14
2.46357e-14
2.45258e-14
2.44017e-14
2.42686e-14
2.41326e-14
2.39973e-14
2.38677e-14
2.37413e-14
2.36139e-14
2.34842e-14
2.3322e-14
2.31246e-14
2.28435e-14
2.24523e-14
2.19288e-14
2.12432e-14
2.03916e-14
1.93786e-14
1.82491e-14
1.70627e-14
1.58949e-14
1.4816e-14
1.38844e-14
1.31264e-14
1.25391e-14
1.20901e-14
1.17444e-14
1.14707e-14
1.12492e-14
1.10586e-14
1.08854e-14
1.07269e-14
1.05635e-14
1.03905e-14
1.0217e-14
1.00345e-14
9.84317e-15
9.64335e-15
9.43521e-15
9.21857e-15
8.99474e-15
8.7641e-15
8.52736e-15
8.28688e-15
8.04328e-15
7.79662e-15
7.54741e-15
Process [1]
7.29762e-15
7.04788e-15
6.79835e-15
6.54962e-15
6.30267e-15
6.05855e-15
5.81758e-15
5.58112e-15
5.3491e-15
5.12172e-15
4.89897e-15
4.68195e-15
4.47158e-15
4.2678e-15
4.07046e-15
3.88144e-15
3.69958e-15
3.52632e-15
3.36208e-15
3.20703e-15
3.06263e-15
2.92783e-15
2.80661e-15
2.69978e-15
2.60363e-15
2.52058e-15
2.45397e-15
2.40574e-15
2.37797e-15
2.36817e-15
2.5432e-14
2.54095e-14
2.5339e-14
2.52247e-14
2.50693e-14
2.48774e-14
2.4655e-14
2.44084e-14
2.4144e-14
2.38705e-14
2.35921e-14
2.33119e-14
2.30278e-14
2.27347e-14
2.24132e-14
2.20356e-14
2.15769e-14
2.0987e-14
2.02279e-14
1.92762e-14
1.81252e-14
1.67976e-14
1.53646e-14
1.39441e-14
1.26846e-14
1.16641e-14
1.09022e-14
1.03738e-14
1.00313e-14
9.82203e-15
9.69594e-15
9.62187e-15
9.5721e-15
9.52921e-15
9.48077e-15
9.42556e-15
9.35276e-15
9.26292e-15
9.15868e-15
9.03838e-15
8.90531e-15
8.75866e-15
8.59966e-15
8.43053e-15
8.25232e-15
8.06656e-15
7.87432e-15
7.67712e-15
7.47562e-15
7.27006e-15
7.06207e-15
6.85253e-15
6.64212e-15
6.43127e-15
6.22057e-15
6.01052e-15
5.80214e-15
5.59533e-15
5.39115e-15
5.19021e-15
4.99233e-15
4.79821e-15
4.60876e-15
4.42492e-15
4.24612e-15
4.07319e-15
3.90739e-15
3.74786e-15
3.59606e-15
3.4522e-15
3.31697e-15
3.19134e-15
3.07422e-15
2.97021e-15
2.87826e-15
2.79574e-15
2.72632e-15
2.67137e-15
2.63283e-15
2.60886e-15
2.60073e-15
2.57439e-14
2.57141e-14
2.56236e-14
2.54744e-14
2.52701e-14
2.50159e-14
2.47175e-14
2.43835e-14
2.40193e-14
2.3636e-14
2.32382e-14
2.28329e-14
2.24202e-14
2.19882e-14
2.15253e-14
2.09996e-14
2.03708e-14
1.95764e-14
1.85772e-14
1.7318e-14
1.58078e-14
1.41175e-14
1.24279e-14
1.09497e-14
9.81633e-15
9.03592e-15
8.58437e-15
8.3618e-15
8.29225e-15
8.30691e-15
8.3691e-15
8.44981e-15
8.52996e-15
8.59292e-15
8.63225e-15
8.64537e-15
8.63174e-15
8.5901e-15
8.52388e-15
8.43646e-15
8.32948e-15
8.20572e-15
8.06726e-15
7.91669e-15
7.75619e-15
7.58763e-15
7.41305e-15
7.23322e-15
7.04954e-15
6.8628e-15
6.67462e-15
6.48563e-15
6.29672e-15
6.10797e-15
5.9203e-15
5.7347e-15
5.55134e-15
5.37014e-15
5.19171e-15
5.01594e-15
4.8433e-15
4.67458e-15
4.51073e-15
4.35162e-15
4.19707e-15
4.0485e-15
3.90605e-15
3.76927e-15
3.6399e-15
3.51731e-15
3.40313e-15
3.29665e-15
3.19934e-15
3.11324e-15
3.03495e-15
2.96692e-15
2.91299e-15
2.87252e-15
2.84326e-15
2.82677e-15
2.82165e-15
2.58008e-14
2.57646e-14
2.56578e-14
2.54822e-14
2.52409e-14
2.4939e-14
2.45829e-14
2.41791e-14
2.37381e-14
2.32681e-14
2.27758e-14
2.22708e-14
2.17547e-14
2.12125e-14
2.06387e-14
1.99858e-14
1.92045e-14
1.82257e-14
1.69603e-14
1.53703e-14
1.34947e-14
1.15564e-14
9.82769e-15
8.51795e-15
7.66168e-15
7.18005e-15
7.00408e-15
7.03996e-15
7.19473e-15
7.40435e-15
7.62696e-15
7.83716e-15
8.0203e-15
8.16693e-15
8.27322e-15
8.33835e-15
8.36273e-15
8.35123e-15
8.30847e-15
8.23613e-15
8.13916e-15
8.02101e-15
7.88555e-15
7.73586e-15
7.57495e-15
7.40546e-15
7.22932e-15
7.04838e-15
6.86396e-15
6.67788e-15
6.49105e-15
6.3049e-15
6.11999e-15
5.93675e-15
5.75616e-15
5.5788e-15
5.40496e-15
5.23496e-15
5.06873e-15
4.90649e-15
4.74864e-15
4.59551e-15
4.44799e-15
4.30572e-15
4.16891e-15
4.0382e-15
3.91354e-15
3.795e-15
3.68351e-15
3.57882e-15
3.48189e-15
3.39228e-15
3.3117e-15
3.24018e-15
3.1751e-15
3.1205e-15
3.07944e-15
3.05001e-15
3.02979e-15
3.01747e-15
3.01341e-15
2.56122e-14
2.55707e-14
2.54521e-14
2.52567e-14
2.49874e-14
2.46487e-14
2.4249e-14
2.37941e-14
2.32925e-14
2.27575e-14
2.21953e-14
2.16147e-14
2.10187e-14
2.04072e-14
1.97529e-14
1.90124e-14
1.81256e-14
1.69858e-14
1.54954e-14
1.36106e-14
1.14931e-14
9.48618e-15
7.88745e-15
6.75966e-15
6.10513e-15
5.8627e-15
5.93265e-15
6.19851e-15
6.56335e-15
6.95612e-15
7.32451e-15
7.65181e-15
7.92506e-15
8.14112e-15
8.30061e-15
8.40488e-15
8.45868e-15
8.46964e-15
8.43806e-15
8.36948e-15
8.27422e-15
8.15376e-15
8.0125e-15
7.85494e-15
7.68454e-15
7.50408e-15
7.31652e-15
7.12403e-15
6.92807e-15
6.73138e-15
6.53472e-15
6.33937e-15
6.14634e-15
5.95649e-15
5.77058e-15
5.58901e-15
5.41217e-15
5.24046e-15
5.07418e-15
4.91352e-15
4.75861e-15
4.60994e-15
4.46763e-15
4.33165e-15
4.20242e-15
4.07987e-15
3.964e-15
3.8551e-15
3.75342e-15
3.65905e-15
3.57221e-15
3.4932e-15
3.42242e-15
3.35968e-15
3.30457e-15
3.25923e-15
3.22505e-15
3.20112e-15
3.18474e-15
3.17628e-15
3.17332e-15
2.51949e-14
2.51457e-14
2.50173e-14
2.48068e-14
2.45161e-14
2.41505e-14
2.37169e-14
2.32233e-14
2.26803e-14
2.20968e-14
2.14878e-14
2.086e-14
2.0227e-14
1.95821e-14
1.89101e-14
1.81529e-14
1.72497e-14
1.60624e-14
1.44071e-14
1.22638e-14
9.99345e-15
8.0006e-15
6.44314e-15
5.38714e-15
4.88581e-15
4.88811e-15
5.23603e-15
5.75471e-15
6.32505e-15
6.87494e-15
7.36743e-15
7.78593e-15
8.13221e-15
8.40109e-15
8.60018e-15
8.7333e-15
8.80658e-15
8.82922e-15
8.80107e-15
8.73713e-15
8.64035e-15
8.51279e-15
8.36242e-15
8.19305e-15
8.00907e-15
7.81409e-15
7.61042e-15
7.40132e-15
7.18889e-15
6.97503e-15
6.76198e-15
6.55009e-15
6.34207e-15
6.13741e-15
5.93758e-15
5.74312e-15
5.55504e-15
5.37283e-15
5.19737e-15
5.02909e-15
4.86784e-15
4.71382e-15
4.5676e-15
4.42872e-15
4.29755e-15
4.17429e-15
4.05849e-15
3.95067e-15
3.85059e-15
3.75853e-15
3.6744e-15
3.59854e-15
3.53086e-15
3.47139e-15
3.42045e-15
3.37874e-15
3.34647e-15
3.32331e-15
3.3073e-15
3.29885e-15
3.29611e-15
2.45389e-14
2.44998e-14
2.43657e-14
2.41435e-14
2.38379e-14
2.34534e-14
2.2996e-14
2.24774e-14
2.19048e-14
2.12964e-14
2.0664e-14
2.00254e-14
1.93963e-14
1.87894e-14
1.81814e-14
1.75492e-14
1.6796e-14
1.5636e-14
1.3737e-14
1.12993e-14
8.90995e-15
6.83533e-15
5.21579e-15
4.21461e-15
3.92692e-15
4.24187e-15
4.89022e-15
5.6436e-15
6.38546e-15
7.05722e-15
7.64186e-15
8.12797e-15
8.52761e-15
8.83213e-15
9.05858e-15
9.21162e-15
9.2992e-15
9.32962e-15
9.30651e-15
9.24378e-15
9.14129e-15
9.00579e-15
8.84739e-15
8.66669e-15
8.4691e-15
8.25867e-15
8.03844e-15
7.81165e-15
7.58084e-15
7.34845e-15
7.11568e-15
6.88528e-15
6.6578e-15
6.43433e-15
6.21621e-15
6.0042e-15
5.79895e-15
5.60061e-15
5.40978e-15
5.22717e-15
5.05286e-15
4.88669e-15
4.72925e-15
4.58012e-15
4.43991e-15
4.30834e-15
4.18548e-15
4.07138e-15
3.96601e-15
3.86948e-15
3.78156e-15
3.70254e-15
3.63233e-15
3.57099e-15
3.5187e-15
3.47555e-15
3.44153e-15
3.41598e-15
3.39864e-15
3.38818e-15
3.38479e-15
2.3697e-14
2.36484e-14
2.35107e-14
2.32821e-14
2.29663e-14
2.25694e-14
2.20994e-14
2.15653e-14
2.09836e-14
2.03717e-14
1.97499e-14
1.91471e-14
1.85878e-14
1.81073e-14
1.77208e-14
1.74061e-14
1.69298e-14
1.56415e-14
1.32794e-14
1.05426e-14
8.01036e-15
5.83995e-15
4.15123e-15
3.2312e-15
3.23747e-15
3.91092e-15
4.83469e-15
5.77257e-15
6.63815e-15
7.39449e-15
8.0397e-15
8.57427e-15
9.005e-15
9.33511e-15
9.58532e-15
9.75407e-15
9.85183e-15
9.88719e-15
9.87036e-15
9.80445e-15
9.70432e-15
9.56607e-15
9.39414e-15
9.20532e-15
8.99606e-15
8.77204e-15
8.53701e-15
8.29434e-15
8.04643e-15
7.79573e-15
7.54461e-15
7.29434e-15
7.04701e-15
6.80363e-15
6.56583e-15
6.33396e-15
6.10908e-15
5.89157e-15
5.68194e-15
5.48152e-15
5.28918e-15
5.10641e-15
4.93281e-15
4.76856e-15
4.61387e-15
4.46873e-15
4.33319e-15
4.20713e-15
4.09094e-15
3.98437e-15
3.88753e-15
3.80029e-15
3.72279e-15
3.65496e-15
3.59689e-15
3.54854e-15
3.50967e-15
3.48015e-15
3.45921e-15
3.44697e-15
3.44314e-15
2.26514e-14
2.26091e-14
2.24676e-14
2.22351e-14
2.19144e-14
2.15132e-14
2.1043e-14
2.0512e-14
1.99412e-14
1.93546e-14
1.87852e-14
1.82829e-14
1.78834e-14
1.76648e-14
1.76837e-14
1.78876e-14
1.75312e-14
1.57124e-14
1.28318e-14
9.9058e-15
7.26099e-15
4.97804e-15
3.2178e-15
2.44743e-15
2.82159e-15
3.84287e-15
4.98026e-15
6.04074e-15
6.98515e-15
7.79719e-15
8.4817e-15
9.04644e-15
9.50055e-15
9.85274e-15
1.01149e-14
1.02972e-14
1.04039e-14
1.04483e-14
1.0435e-14
1.03731e-14
1.02661e-14
1.01273e-14
9.95621e-15
9.75603e-15
9.54013e-15
9.30549e-15
9.0594e-15
8.80272e-15
8.54011e-15
8.27358e-15
8.00534e-15
7.73746e-15
7.47177e-15
7.20924e-15
6.95138e-15
6.69995e-15
6.45497e-15
6.21746e-15
5.98805e-15
5.76707e-15
5.55562e-15
5.35312e-15
5.16057e-15
4.97814e-15
4.80545e-15
4.64298e-15
4.49093e-15
4.34933e-15
4.21815e-15
4.09745e-15
3.98752e-15
3.88807e-15
3.7994e-15
3.72143e-15
3.65423e-15
3.5977e-15
3.55174e-15
3.51637e-15
3.49114e-15
3.47612e-15
3.47125e-15
2.14372e-14
2.13918e-14
2.12521e-14
2.10202e-14
2.07036e-14
2.03086e-14
1.98477e-14
1.93386e-14
1.88065e-14
1.82874e-14
1.78297e-14
1.75023e-14
1.73876e-14
1.75982e-14
1.82091e-14
1.88706e-14
1.81778e-14
1.56029e-14
1.23792e-14
9.34452e-15
6.62439e-15
4.2397e-15
2.40778e-15
1.86538e-15
2.66215e-15
3.96545e-15
5.23437e-15
6.37009e-15
7.36064e-15
8.20312e-15
8.91202e-15
9.49805e-15
9.96936e-15
1.0339e-14
1.06107e-14
1.08055e-14
1.09216e-14
1.0973e-14
1.09659e-14
1.09071e-14
1.0804e-14
1.06631e-14
1.04877e-14
1.02889e-14
1.00645e-14
9.82607e-15
9.57007e-15
9.30399e-15
9.02966e-15
8.75024e-15
8.46803e-15
8.18478e-15
7.90231e-15
7.62305e-15
7.34749e-15
7.07707e-15
6.81298e-15
6.55594e-15
6.30663e-15
6.06582e-15
5.83397e-15
5.61118e-15
5.39857e-15
5.19593e-15
5.00343e-15
4.82164e-15
4.65079e-15
4.49065e-15
4.34165e-15
4.20395e-15
4.07783e-15
3.96324e-15
3.8604e-15
3.76946e-15
3.69044e-15
3.62347e-15
3.56866e-15
3.526e-15
3.49553e-15
3.4773e-15
3.47118e-15
2.00826e-14
2.00227e-14
1.98832e-14
1.96575e-14
1.93526e-14
1.89745e-14
1.85436e-14
1.80826e-14
1.76247e-14
1.72241e-14
1.69507e-14
1.68956e-14
1.71895e-14
1.79779e-14
1.9279e-14
2.0019e-14
1.85628e-14
1.53548e-14
1.19672e-14
8.86707e-15
6.09473e-15
3.6301e-15
1.73089e-15
1.48673e-15
2.71456e-15
4.19393e-15
5.53023e-15
6.70007e-15
7.71226e-15
8.57384e-15
9.29805e-15
9.89719e-15
1.03817e-14
1.0763e-14
1.105e-14
1.12481e-14
1.13786e-14
1.14389e-14
1.14395e-14
1.13859e-14
1.1288e-14
1.11501e-14
1.09788e-14
1.07759e-14
1.0553e-14
1.03068e-14
1.00488e-14
9.77519e-15
9.49276e-15
9.20384e-15
8.91036e-15
8.61462e-15
8.31878e-15
8.02483e-15
7.73364e-15
7.44658e-15
7.16494e-15
6.88982e-15
6.62193e-15
6.36171e-15
6.11023e-15
5.86743e-15
5.6347e-15
5.41152e-15
5.19877e-15
4.99665e-15
4.80547e-15
4.62567e-15
4.4572e-15
4.30061e-15
4.15614e-15
4.02424e-15
3.90496e-15
3.7988e-15
3.70596e-15
3.62676e-15
3.56148e-15
3.51039e-15
3.47372e-15
3.45148e-15
3.44416e-15
Process [2]
1.8545e-14
1.85116e-14
1.83809e-14
1.81703e-14
1.78857e-14
1.75439e-14
1.71652e-14
1.67874e-14
1.6453e-14
1.62318e-14
1.62253e-14
1.65556e-14
1.73659e-14
1.8819e-14
2.06465e-14
2.09912e-14
1.86387e-14
1.50492e-14
1.15911e-14
8.46457e-15
5.66438e-15
3.15978e-15
1.27718e-15
1.31425e-15
2.91227e-15
4.45678e-15
5.81607e-15
6.99575e-15
8.01547e-15
8.88653e-15
9.62044e-15
1.02289e-14
1.07228e-14
1.11149e-14
1.14119e-14
1.16247e-14
1.17628e-14
1.18317e-14
1.18403e-14
1.17962e-14
1.17054e-14
1.15734e-14
1.14064e-14
1.12086e-14
1.09858e-14
1.07449e-14
1.04797e-14
1.02021e-14
9.91467e-15
9.61945e-15
9.31787e-15
9.01323e-15
8.70702e-15
8.40071e-15
8.09673e-15
7.79556e-15
7.49874e-15
7.20753e-15
6.9223e-15
6.64472e-15
6.37479e-15
6.11308e-15
5.8609e-15
5.6178e-15
5.3848e-15
5.16241e-15
4.95059e-15
4.75026e-15
4.56155e-15
4.38485e-15
4.22082e-15
4.07005e-15
3.9329e-15
3.80982e-15
3.70151e-15
3.60857e-15
3.53147e-15
3.47098e-15
3.42709e-15
3.40083e-15
3.39206e-15
1.69172e-14
1.68849e-14
1.67691e-14
1.65794e-14
1.63328e-14
1.60454e-14
1.57523e-14
1.54997e-14
1.53464e-14
1.53849e-14
1.57292e-14
1.65209e-14
1.79166e-14
2.00108e-14
2.20183e-14
2.16238e-14
1.85092e-14
1.4739e-14
1.12551e-14
8.12945e-15
5.33198e-15
2.84135e-15
1.1751e-15
1.45012e-15
3.16834e-15
4.71076e-15
6.06175e-15
7.23938e-15
8.25836e-15
9.12871e-15
9.86691e-15
1.04816e-14
1.09828e-14
1.13837e-14
1.16914e-14
1.19154e-14
1.20631e-14
1.21447e-14
1.2165e-14
1.2131e-14
1.20488e-14
1.19256e-14
1.17652e-14
1.15738e-14
1.13548e-14
1.11117e-14
1.08507e-14
1.05732e-14
1.02874e-14
9.98768e-15
9.68186e-15
9.37099e-15
9.05684e-15
8.74194e-15
8.42711e-15
8.11463e-15
7.80525e-15
7.50034e-15
7.20049e-15
6.90687e-15
6.62005e-15
6.34129e-15
6.07075e-15
5.80885e-15
5.55647e-15
5.3142e-15
5.08225e-15
4.86153e-15
4.65213e-15
4.45526e-15
4.27098e-15
4.10044e-15
3.94417e-15
3.80308e-15
3.67815e-15
3.57014e-15
3.4801e-15
3.40913e-15
3.35737e-15
3.32632e-15
3.31599e-15
1.51875e-14
1.51616e-14
1.50648e-14
1.49123e-14
1.4722e-14
1.45234e-14
1.43556e-14
1.42803e-14
1.43786e-14
1.47462e-14
1.5514e-14
1.68155e-14
1.8797e-14
2.13925e-14
2.31826e-14
2.191e-14
1.82602e-14
1.4418e-14
1.0942e-14
7.84308e-15
5.08898e-15
2.69406e-15
1.35178e-15
1.82951e-15
3.4276e-15
4.92668e-15
6.25396e-15
7.41651e-15
8.4266e-15
9.29354e-15
1.00309e-14
1.06488e-14
1.11572e-14
1.15657e-14
1.18841e-14
1.21202e-14
1.22841e-14
1.23744e-14
1.24059e-14
1.23841e-14
1.2314e-14
1.22015e-14
1.20512e-14
1.1868e-14
1.16565e-14
1.14209e-14
1.11633e-14
1.08897e-14
1.06014e-14
1.03035e-14
9.99583e-15
9.68147e-15
9.36293e-15
9.04182e-15
8.71956e-15
8.39792e-15
8.07855e-15
7.76225e-15
7.44958e-15
7.14271e-15
6.84133e-15
6.54679e-15
6.25972e-15
5.9808e-15
5.71032e-15
5.44927e-15
5.19793e-15
4.95736e-15
4.72808e-15
4.51068e-15
4.30602e-15
4.1154e-15
3.93944e-15
3.77958e-15
3.63698e-15
3.51298e-15
3.40894e-15
3.32639e-15
3.26654e-15
3.2295e-15
3.21729e-15
1.3379e-14
1.33641e-14
1.32966e-14
1.31999e-14
1.30963e-14
1.30236e-14
1.30351e-14
1.32026e-14
1.36147e-14
1.43786e-14
1.56015e-14
1.74003e-14
1.98884e-14
2.27873e-14
2.40357e-14
2.1898e-14
1.79434e-14
1.40815e-14
1.06524e-14
7.61497e-15
4.94266e-15
2.71141e-15
1.63223e-15
2.19703e-15
3.659e-15
5.09287e-15
6.38379e-15
7.52297e-15
8.51761e-15
9.37693e-15
1.01117e-14
1.07301e-14
1.12449e-14
1.16623e-14
1.19902e-14
1.22369e-14
1.24142e-14
1.25176e-14
1.2564e-14
1.25568e-14
1.25004e-14
1.24003e-14
1.22618e-14
1.209e-14
1.18886e-14
1.16609e-14
1.14118e-14
1.1145e-14
1.08583e-14
1.05621e-14
1.02588e-14
9.94185e-15
9.62171e-15
9.29698e-15
8.97002e-15
8.64211e-15
8.3152e-15
7.98984e-15
7.66716e-15
7.34895e-15
7.03523e-15
6.72718e-15
6.42539e-15
6.13082e-15
5.84398e-15
5.5655e-15
5.2961e-15
5.03679e-15
4.78813e-15
4.55077e-15
4.32625e-15
4.11554e-15
3.91969e-15
3.74039e-15
3.57934e-15
3.4385e-15
3.31957e-15
3.22454e-15
3.15496e-15
3.11303e-15
3.09901e-15
1.15157e-14
1.15066e-14
1.14877e-14
1.14735e-14
1.14966e-14
1.16041e-14
1.18587e-14
1.2333e-14
1.31211e-14
1.43117e-14
1.59798e-14
1.82235e-14
2.11016e-14
2.40362e-14
2.45522e-14
2.16546e-14
1.75639e-14
1.37461e-14
1.03927e-14
7.44565e-15
4.89614e-15
2.86255e-15
1.97156e-15
2.52603e-15
3.84248e-15
5.20104e-15
6.44437e-15
7.55324e-15
8.52893e-15
9.376e-15
1.01076e-14
1.07265e-14
1.12443e-14
1.16704e-14
1.20091e-14
1.22701e-14
1.24539e-14
1.25793e-14
1.2641e-14
1.26494e-14
1.26077e-14
1.25229e-14
1.23987e-14
1.22402e-14
1.20502e-14
1.1834e-14
1.15945e-14
1.13344e-14
1.10583e-14
1.07641e-14
1.04609e-14
1.01506e-14
9.83106e-15
9.5057e-15
9.1764e-15
8.84487e-15
8.51264e-15
8.18108e-15
7.85085e-15
7.5232e-15
7.1994e-15
6.88001e-15
6.56563e-15
6.25735e-15
5.9558e-15
5.66165e-15
5.3757e-15
5.09896e-15
4.83196e-15
4.57597e-15
4.33173e-15
4.10137e-15
3.88581e-15
3.68695e-15
3.507e-15
3.34847e-15
3.21381e-15
3.10515e-15
3.02581e-15
2.97766e-15
2.96142e-15
9.60959e-15
9.61692e-15
9.66786e-15
9.77543e-15
9.98154e-15
1.0335e-14
1.0893e-14
1.17405e-14
1.29273e-14
1.45314e-14
1.66052e-14
1.92165e-14
2.23439e-14
2.50435e-14
2.4726e-14
2.12435e-14
1.7124e-14
1.34172e-14
1.01746e-14
7.35566e-15
4.94931e-15
3.11196e-15
2.34145e-15
2.82324e-15
3.9856e-15
5.25074e-15
6.43782e-15
7.50832e-15
8.46074e-15
9.29476e-15
1.00186e-14
1.06382e-14
1.11621e-14
1.15945e-14
1.19454e-14
1.22159e-14
1.24223e-14
1.25593e-14
1.26382e-14
1.26634e-14
1.26392e-14
1.2571e-14
1.24629e-14
1.23193e-14
1.2144e-14
1.19407e-14
1.17131e-14
1.14634e-14
1.11957e-14
1.09125e-14
1.06156e-14
1.03046e-14
9.99213e-15
9.66686e-15
9.33828e-15
9.00557e-15
8.67069e-15
8.33482e-15
7.99923e-15
7.66536e-15
7.33301e-15
7.00434e-15
6.67954e-15
6.35964e-15
6.04546e-15
5.73739e-15
5.43663e-15
5.14377e-15
4.86e-15
4.58618e-15
4.32372e-15
4.07411e-15
3.83894e-15
3.62069e-15
3.42154e-15
3.2448e-15
3.0933e-15
2.97076e-15
2.87972e-15
2.82448e-15
2.80592e-15
7.65903e-15
7.71811e-15
7.87851e-15
8.17339e-15
8.63188e-15
9.30248e-15
1.02324e-14
1.14635e-14
1.30432e-14
1.5014e-14
1.74118e-14
2.02979e-14
2.35438e-14
2.57499e-14
2.45609e-14
2.07018e-14
1.66573e-14
1.31075e-14
1.00208e-14
7.35077e-15
5.10076e-15
3.43876e-15
2.72759e-15
3.09226e-15
4.09116e-15
5.24619e-15
6.36604e-15
7.3931e-15
8.31662e-15
9.13514e-15
9.85132e-15
1.04708e-14
1.09986e-14
1.144e-14
1.18032e-14
1.20877e-14
1.23078e-14
1.24635e-14
1.256e-14
1.26036e-14
1.25976e-14
1.25475e-14
1.2457e-14
1.23307e-14
1.21713e-14
1.19832e-14
1.17692e-14
1.15322e-14
1.12761e-14
1.10021e-14
1.07136e-14
1.04121e-14
1.01019e-14
9.78124e-15
9.4551e-15
9.1239e-15
8.78874e-15
8.45117e-15
8.11244e-15
7.77385e-15
7.43602e-15
7.10012e-15
6.76704e-15
6.43761e-15
6.11236e-15
5.79259e-15
5.47859e-15
5.1716e-15
4.87249e-15
4.5822e-15
4.30253e-15
4.0348e-15
3.78076e-15
3.54323e-15
3.3249e-15
3.12928e-15
2.96028e-15
2.82225e-15
2.72039e-15
2.65735e-15
2.63452e-15
5.72851e-15
5.84043e-15
6.18038e-15
6.74606e-15
7.55006e-15
8.60628e-15
9.92481e-15
1.15306e-14
1.34533e-14
1.57169e-14
1.83588e-14
2.14154e-14
2.46213e-14
2.61118e-14
2.4087e-14
2.00655e-14
1.61966e-14
1.28494e-14
9.93726e-15
7.4315e-15
5.3532e-15
3.83484e-15
3.13018e-15
3.34521e-15
4.16475e-15
5.19437e-15
6.23361e-15
7.20922e-15
8.1044e-15
8.90242e-15
9.61119e-15
1.0229e-14
1.076e-14
1.12114e-14
1.15867e-14
1.18857e-14
1.21211e-14
1.22942e-14
1.241e-14
1.24727e-14
1.24868e-14
1.24561e-14
1.23851e-14
1.2277e-14
1.21361e-14
1.1964e-14
1.17656e-14
1.15435e-14
1.13001e-14
1.10383e-14
1.07601e-14
1.04678e-14
1.01648e-14
9.85214e-15
9.52988e-15
9.20025e-15
8.86782e-15
8.5303e-15
8.19067e-15
7.8495e-15
7.50825e-15
7.16753e-15
6.82819e-15
6.49109e-15
6.15759e-15
5.8275e-15
5.50231e-15
5.18304e-15
4.87026e-15
4.56506e-15
4.26964e-15
3.98479e-15
3.71285e-15
3.45656e-15
3.2189e-15
3.00422e-15
2.8166e-15
2.66266e-15
2.54749e-15
2.47409e-15
2.44942e-15
3.8201e-15
4.0513e-15
4.68751e-15
5.65164e-15
6.87369e-15
8.32444e-15
1.00007e-14
1.19197e-14
1.40935e-14
1.65843e-14
1.93813e-14
2.25254e-14
2.54953e-14
2.60891e-14
2.33504e-14
1.93928e-14
1.57731e-14
1.26589e-14
9.94875e-15
7.63084e-15
5.70278e-15
4.28475e-15
3.55607e-15
3.60257e-15
4.2225e-15
5.10862e-15
6.05323e-15
6.97279e-15
7.82888e-15
8.60619e-15
9.30193e-15
9.91314e-15
1.04564e-14
1.09122e-14
1.12968e-14
1.16135e-14
1.18664e-14
1.20585e-14
1.21942e-14
1.22772e-14
1.23123e-14
1.23021e-14
1.22513e-14
1.2163e-14
1.20404e-14
1.18873e-14
1.1706e-14
1.14998e-14
1.12712e-14
1.10229e-14
1.07571e-14
1.04761e-14
1.01817e-14
9.87584e-15
9.56154e-15
9.23824e-15
8.90774e-15
8.57405e-15
8.23487e-15
7.89392e-15
7.55082e-15
7.20713e-15
6.86364e-15
6.52118e-15
6.18081e-15
5.84284e-15
5.5085e-15
5.17871e-15
4.85411e-15
4.53601e-15
4.2261e-15
3.92567e-15
3.63683e-15
3.3624e-15
3.10578e-15
2.87158e-15
2.66525e-15
2.49287e-15
2.36332e-15
2.28233e-15
2.2546e-15
2.09608e-15
2.51938e-15
3.66378e-15
5.10719e-15
6.72171e-15
8.49468e-15
1.04418e-14
1.25813e-14
1.4929e-14
1.75582e-14
2.04591e-14
2.35908e-14
2.60614e-14
2.56559e-14
2.24506e-14
1.87547e-14
1.54464e-14
1.25795e-14
1.00901e-14
7.93866e-15
6.14758e-15
4.79695e-15
4.01444e-15
3.88265e-15
4.29031e-15
5.00728e-15
5.84212e-15
6.6896e-15
7.50178e-15
8.25056e-15
8.92983e-15
9.54041e-15
1.00831e-14
1.05497e-14
1.0948e-14
1.12795e-14
1.15503e-14
1.1761e-14
1.19169e-14
1.20206e-14
1.20775e-14
1.20893e-14
1.20595e-14
1.19923e-14
1.18902e-14
1.17564e-14
1.15936e-14
1.14047e-14
1.11923e-14
1.09591e-14
1.07072e-14
1.04385e-14
1.01555e-14
9.85982e-15
9.5527e-15
9.23612e-15
8.9122e-15
8.58247e-15
8.24741e-15
7.90727e-15
7.56484e-15
7.22029e-15
6.87454e-15
6.52875e-15
6.1837e-15
5.83969e-15
5.49811e-15
5.15983e-15
4.82531e-15
4.49624e-15
4.17341e-15
3.85882e-15
3.55444e-15
3.26294e-15
2.98768e-15
2.73427e-15
2.50758e-15
2.31753e-15
2.17125e-15
2.07688e-15
2.04515e-15
1.46852e-15
2.0286e-15
3.55055e-15
5.28181e-15
7.12259e-15
9.08063e-15
1.11834e-14
1.34545e-14
1.59193e-14
1.86113e-14
Process [3]
2.1548e-14
2.45453e-14
2.62134e-14
2.48556e-14
2.15374e-14
1.82016e-14
1.52429e-14
1.26379e-14
1.03522e-14
8.3542e-15
6.67431e-15
5.36301e-15
4.51579e-15
4.20337e-15
4.38793e-15
4.91735e-15
5.61638e-15
6.37622e-15
7.13778e-15
7.85378e-15
8.51854e-15
9.12301e-15
9.66046e-15
1.01348e-14
1.05443e-14
1.08913e-14
1.11785e-14
1.14095e-14
1.15851e-14
1.17112e-14
1.17894e-14
1.18225e-14
1.18157e-14
1.17699e-14
1.16889e-14
1.15756e-14
1.14325e-14
1.1262e-14
1.10673e-14
1.08504e-14
1.06134e-14
1.03588e-14
1.00883e-14
9.80376e-15
9.50718e-15
9.19958e-15
8.88357e-15
8.55936e-15
8.2282e-15
7.89177e-15
7.55202e-15
7.20808e-15
6.86225e-15
6.51493e-15
6.1671e-15
5.81911e-15
5.47224e-15
5.12753e-15
4.78502e-15
4.44654e-15
4.11314e-15
3.78613e-15
3.46759e-15
3.16026e-15
2.86732e-15
2.59459e-15
2.34731e-15
2.13671e-15
1.97294e-15
1.8673e-15
1.82874e-15
2.59966e-15
3.10583e-15
4.4283e-15
6.11461e-15
7.97915e-15
9.99078e-15
1.21616e-14
1.44836e-14
1.69936e-14
1.97077e-14
2.26239e-14
2.5248e-14
2.58685e-14
2.38289e-14
2.07403e-14
1.78249e-14
1.52026e-14
1.28463e-14
1.07428e-14
8.8807e-15
7.28307e-15
5.98862e-15
5.06322e-15
4.58142e-15
4.54191e-15
4.86245e-15
5.40695e-15
6.06224e-15
6.74964e-15
7.42631e-15
8.06768e-15
8.66031e-15
9.19616e-15
9.67477e-15
1.00953e-14
1.04564e-14
1.07596e-14
1.10094e-14
1.12064e-14
1.13537e-14
1.14537e-14
1.15099e-14
1.15248e-14
1.15014e-14
1.14419e-14
1.13495e-14
1.12266e-14
1.10758e-14
1.08995e-14
1.07e-14
1.04795e-14
1.02398e-14
9.98322e-15
9.71138e-15
9.42616e-15
9.12892e-15
8.82147e-15
8.50521e-15
8.18098e-15
7.84982e-15
7.51313e-15
7.17243e-15
6.82808e-15
6.48111e-15
6.13225e-15
5.78244e-15
5.43231e-15
5.08307e-15
4.73462e-15
4.38885e-15
4.0466e-15
3.70917e-15
3.37839e-15
3.0566e-15
2.74734e-15
2.4552e-15
2.1882e-15
1.9543e-15
1.76884e-15
1.64821e-15
1.60623e-15
4.3671e-15
4.76216e-15
5.8364e-15
7.3548e-15
9.13558e-15
1.11214e-14
1.32852e-14
1.56166e-14
1.81285e-14
2.08343e-14
2.36114e-14
2.55054e-14
2.50981e-14
2.28207e-14
2.01673e-14
1.76517e-14
1.53338e-14
1.3196e-14
1.12487e-14
9.49558e-15
7.9528e-15
6.66065e-15
5.6636e-15
5.02457e-15
4.77054e-15
4.87135e-15
5.23507e-15
5.76096e-15
6.36344e-15
6.9864e-15
7.59369e-15
8.16866e-15
8.70055e-15
9.18144e-15
9.60799e-15
9.98039e-15
1.03021e-14
1.05699e-14
1.07862e-14
1.09548e-14
1.10767e-14
1.11556e-14
1.11927e-14
1.11916e-14
1.11541e-14
1.10832e-14
1.09811e-14
1.08506e-14
1.06936e-14
1.05119e-14
1.03084e-14
1.00849e-14
9.84329e-15
9.58532e-15
9.31275e-15
9.02706e-15
8.72979e-15
8.42235e-15
8.10606e-15
7.78204e-15
7.45119e-15
7.11466e-15
6.77355e-15
6.42894e-15
6.08091e-15
5.73107e-15
5.37954e-15
5.0276e-15
4.67559e-15
4.32463e-15
3.97561e-15
3.62983e-15
3.28864e-15
2.95442e-15
2.63e-15
2.32011e-15
2.03208e-15
1.77465e-15
1.56552e-15
1.42651e-15
1.37693e-15
6.1974e-15
6.5274e-15
7.44226e-15
8.80235e-15
1.04811e-14
1.24007e-14
1.45174e-14
1.68135e-14
1.93063e-14
2.19421e-14
2.43167e-14
2.5235e-14
2.41655e-14
2.20807e-14
1.9862e-14
1.76982e-14
1.56254e-14
1.36706e-14
1.18522e-14
1.01771e-14
8.6762e-15
7.37342e-15
6.30933e-15
5.53272e-15
5.0846e-15
4.96609e-15
5.13288e-15
5.50482e-15
5.9994e-15
6.55064e-15
7.11274e-15
7.6639e-15
8.18354e-15
8.66259e-15
9.09482e-15
9.47823e-15
9.81258e-15
1.00963e-14
1.03322e-14
1.05216e-14
1.06653e-14
1.07659e-14
1.0825e-14
1.08459e-14
1.08308e-14
1.07813e-14
1.06995e-14
1.05899e-14
1.04524e-14
1.02897e-14
1.01042e-14
9.89757e-15
9.67183e-15
9.42865e-15
9.16974e-15
8.89671e-15
8.61096e-15
8.31385e-15
8.0068e-15
7.6909e-15
7.36728e-15
7.03696e-15
6.70072e-15
6.35975e-15
6.01476e-15
5.6664e-15
5.31564e-15
4.96289e-15
4.60918e-15
4.25509e-15
3.9017e-15
3.54959e-15
3.20062e-15
2.85598e-15
2.51879e-15
2.19254e-15
1.88288e-15
1.60209e-15
1.36687e-15
1.20432e-15
1.14545e-15
8.03422e-15
8.32036e-15
9.12378e-15
1.03584e-14
1.19308e-14
1.37674e-14
1.58243e-14
1.80727e-14
2.04951e-14
2.28917e-14
2.45612e-14
2.46387e-14
2.34168e-14
2.16952e-14
1.98258e-14
1.79311e-14
1.60642e-14
1.42465e-14
1.25213e-14
1.09071e-14
9.43156e-15
8.1124e-15
6.98812e-15
6.09781e-15
5.48035e-15
5.15747e-15
5.1201e-15
5.31791e-15
5.68106e-15
6.14161e-15
6.64596e-15
7.16049e-15
7.65949e-15
8.13026e-15
8.56385e-15
8.95497e-15
9.30047e-15
9.59982e-15
9.85285e-15
1.0061e-14
1.02247e-14
1.03465e-14
1.04277e-14
1.04698e-14
1.04762e-14
1.04489e-14
1.03883e-14
1.02989e-14
1.0181e-14
1.00379e-14
9.87054e-15
9.68126e-15
9.47214e-15
9.2445e-15
9.00016e-15
8.74063e-15
8.46745e-15
8.18191e-15
7.88544e-15
7.57878e-15
7.26372e-15
6.94111e-15
6.61135e-15
6.27551e-15
5.93505e-15
5.59028e-15
5.2418e-15
4.89052e-15
4.53708e-15
4.1821e-15
3.82641e-15
3.47056e-15
3.11621e-15
2.76381e-15
2.41615e-15
2.07584e-15
1.74724e-15
1.44125e-15
1.17536e-15
9.83051e-16
9.10104e-16
9.86075e-15
1.01104e-14
1.08349e-14
1.19625e-14
1.34422e-14
1.51858e-14
1.71683e-14
1.9331e-14
2.15984e-14
2.3548e-14
2.44438e-14
2.41157e-14
2.30429e-14
2.16262e-14
2.00113e-14
1.83146e-14
1.6584e-14
1.48756e-14
1.32258e-14
1.16541e-14
1.01963e-14
8.86169e-15
7.68616e-15
6.70305e-15
5.94628e-15
5.44358e-15
5.20983e-15
5.22324e-15
5.43442e-15
5.7815e-15
6.21008e-15
6.67478e-15
7.14243e-15
7.59857e-15
8.02894e-15
8.4221e-15
8.77344e-15
9.08535e-15
9.35506e-15
9.57824e-15
9.76318e-15
9.90465e-15
1.00059e-14
1.00694e-14
1.00973e-14
1.00902e-14
1.0051e-14
9.98153e-15
9.88386e-15
9.75971e-15
9.61104e-15
9.43981e-15
9.24748e-15
9.03595e-15
8.8069e-15
8.56172e-15
8.30199e-15
8.02899e-15
7.74393e-15
7.44802e-15
7.14276e-15
6.8288e-15
6.50686e-15
6.17823e-15
5.84389e-15
5.50413e-15
5.15974e-15
4.81188e-15
4.46077e-15
4.10687e-15
3.75142e-15
3.39436e-15
3.03704e-15
2.68036e-15
2.325e-15
1.97359e-15
1.63003e-15
1.30086e-15
1.00175e-15
7.6839e-16
6.73195e-16
1.16582e-14
1.18854e-14
1.25428e-14
1.3587e-14
1.49675e-14
1.66231e-14
1.85178e-14
2.05878e-14
2.25655e-14
2.39017e-14
2.42927e-14
2.38993e-14
2.29956e-14
2.17657e-14
2.03232e-14
1.87616e-14
1.71412e-14
1.55186e-14
1.39274e-14
1.23919e-14
1.09442e-14
9.60023e-15
8.38684e-15
7.33036e-15
6.46177e-15
5.81178e-15
5.40038e-15
5.23072e-15
5.27766e-15
5.49368e-15
5.82414e-15
6.22244e-15
6.6495e-15
7.08156e-15
7.49632e-15
7.88743e-15
8.24404e-15
8.56435e-15
8.8455e-15
9.08474e-15
9.28511e-15
9.4448e-15
9.56625e-15
9.64993e-15
9.69761e-15
9.71119e-15
9.69201e-15
9.6425e-15
9.5647e-15
9.45965e-15
9.32936e-15
9.17633e-15
9.0013e-15
8.80631e-15
8.59298e-15
8.36275e-15
8.11723e-15
7.8575e-15
7.58493e-15
7.30093e-15
7.00592e-15
6.70237e-15
6.38967e-15
6.06921e-15
5.74219e-15
5.40933e-15
5.07129e-15
4.72846e-15
4.38132e-15
4.03108e-15
3.67819e-15
3.32255e-15
2.96535e-15
2.60722e-15
2.24868e-15
1.89058e-15
1.53577e-15
1.18768e-15
8.55916e-16
5.73664e-16
4.46674e-16
1.34373e-14
1.36427e-14
1.42413e-14
1.52152e-14
1.6527e-14
1.81232e-14
1.99459e-14
2.18043e-14
2.33095e-14
2.41529e-14
2.43223e-14
2.39424e-14
2.31231e-14
2.20142e-14
2.06815e-14
1.92212e-14
1.7689e-14
1.61378e-14
1.45903e-14
1.30888e-14
1.16562e-14
1.03131e-14
9.07081e-15
7.96142e-15
7.00797e-15
6.23926e-15
5.67804e-15
5.34047e-15
5.22125e-15
5.29223e-15
5.50832e-15
5.82282e-15
6.19313e-15
6.5875e-15
6.98196e-15
7.36266e-15
7.71788e-15
8.04276e-15
8.33252e-15
8.58437e-15
8.79847e-15
8.97493e-15
9.11402e-15
9.21639e-15
9.28296e-15
9.31609e-15
9.31645e-15
9.28659e-15
9.22755e-15
9.1413e-15
9.02986e-15
8.89435e-15
8.73688e-15
8.55863e-15
8.3615e-15
8.14666e-15
7.91579e-15
7.67009e-15
7.41076e-15
7.13915e-15
6.8565e-15
6.56289e-15
6.26135e-15
5.95075e-15
5.63251e-15
5.30779e-15
4.97724e-15
4.64142e-15
4.30107e-15
3.95606e-15
3.60767e-15
3.25654e-15
2.90278e-15
2.54658e-15
2.18868e-15
1.83003e-15
1.47089e-15
1.11267e-15
7.58587e-16
4.22928e-16
2.44311e-16
1.51893e-14
1.538e-14
1.59507e-14
1.68832e-14
1.81596e-14
1.96924e-14
2.13214e-14
2.27996e-14
2.38762e-14
2.44282e-14
2.44686e-14
2.40658e-14
2.32985e-14
2.22551e-14
2.10124e-14
1.96345e-14
1.81796e-14
1.66877e-14
1.51965e-14
1.37297e-14
1.23149e-14
1.09742e-14
9.7196e-15
8.58167e-15
7.56274e-15
6.70263e-15
6.02195e-15
5.53965e-15
5.26486e-15
5.18658e-15
5.27538e-15
5.48993e-15
5.78855e-15
6.13373e-15
6.49578e-15
6.85824e-15
7.20538e-15
7.52909e-15
7.82378e-15
8.0848e-15
8.31075e-15
8.50031e-15
8.65506e-15
8.77382e-15
8.85821e-15
8.90957e-15
8.92846e-15
8.91716e-15
8.87694e-15
8.80922e-15
8.7157e-15
8.59814e-15
8.45739e-15
8.29626e-15
8.11524e-15
7.91617e-15
7.70041e-15
7.46915e-15
7.22381e-15
6.96539e-15
6.69532e-15
6.41415e-15
6.12342e-15
5.82314e-15
5.51645e-15
5.20142e-15
4.87984e-15
4.55267e-15
4.22028e-15
3.8832e-15
3.54177e-15
3.19729e-15
2.85001e-15
2.49993e-15
2.14776e-15
1.79387e-15
1.43845e-15
1.08296e-15
7.28296e-16
3.81376e-16
1.86036e-16
1.67768e-14
1.69701e-14
1.75371e-14
1.84543e-14
1.96556e-14
2.10112e-14
2.23415e-14
2.34683e-14
2.42396e-14
2.46028e-14
2.45555e-14
2.41382e-14
2.34082e-14
2.24288e-14
2.12606e-14
1.99635e-14
1.85792e-14
1.71515e-14
1.57138e-14
1.42877e-14
1.29028e-14
1.15745e-14
1.03176e-14
9.15348e-15
8.10289e-15
7.17791e-15
6.40783e-15
5.80818e-15
5.39691e-15
5.17676e-15
5.13312e-15
5.23586e-15
5.44704e-15
5.72925e-15
6.04901e-15
6.38402e-15
6.71598e-15
7.03246e-15
7.32653e-15
7.59242e-15
7.82611e-15
8.02839e-15
8.19506e-15
8.32844e-15
8.42868e-15
8.49642e-15
8.53289e-15
8.53916e-15
8.51617e-15
8.46654e-15
8.39017e-15
8.2898e-15
8.16654e-15
8.02185e-15
7.85727e-15
7.67401e-15
7.4736e-15
7.25724e-15
7.0262e-15
6.78176e-15
6.52503e-15
6.25685e-15
5.97815e-15
5.69079e-15
5.39437e-15
5.09006e-15
4.77901e-15
4.46206e-15
4.1397e-15
3.81258e-15
3.48126e-15
3.14644e-15
2.80851e-15
2.46808e-15
2.12599e-15
1.78308e-15
1.44087e-15
1.1016e-15
7.71796e-16
4.76677e-16
3.32946e-16
Process [4]
1.79015e-14
1.80923e-14
1.86506e-14
1.95243e-14
2.06147e-14
2.17799e-14
2.28677e-14
2.37473e-14
2.4334e-14
2.45842e-14
2.44907e-14
2.40825e-14
2.33931e-14
2.24846e-14
2.13928e-14
2.01721e-14
1.88664e-14
1.75079e-14
1.61298e-14
1.47536e-14
1.34031e-14
1.20974e-14
1.08579e-14
9.68614e-15
8.61199e-15
7.64617e-15
6.81063e-15
6.12162e-15
5.59897e-15
5.25255e-15
5.08134e-15
5.06709e-15
5.18043e-15
5.38701e-15
5.65236e-15
5.94942e-15
6.25707e-15
6.56034e-15
6.84702e-15
7.11333e-15
7.35249e-15
7.56178e-15
7.73907e-15
7.88555e-15
7.99912e-15
8.08163e-15
8.13383e-15
8.15618e-15
8.1498e-15
8.11661e-15
8.05717e-15
7.97367e-15
7.86703e-15
7.73884e-15
7.59027e-15
7.42282e-15
7.23799e-15
7.0367e-15
6.8205e-15
6.59034e-15
6.34748e-15
6.09285e-15
5.82764e-15
5.55295e-15
5.26902e-15
4.97668e-15
4.67891e-15
4.37388e-15
4.06293e-15
3.74729e-15
3.42763e-15
3.10449e-15
2.77886e-15
2.45147e-15
2.12389e-15
1.79765e-15
1.47555e-15
1.16315e-15
8.73469e-16
6.40066e-16
5.43186e-16
1.84276e-14
1.86156e-14
1.91558e-14
1.9974e-14
2.09611e-14
2.19875e-14
2.29189e-14
2.3666e-14
2.41526e-14
2.43482e-14
2.42454e-14
2.38634e-14
2.3233e-14
2.23956e-14
2.13884e-14
2.02564e-14
1.90306e-14
1.77492e-14
1.64365e-14
1.51171e-14
1.38131e-14
1.25401e-14
1.13191e-14
1.01589e-14
9.07781e-15
8.08945e-15
7.21087e-15
6.45752e-15
5.84959e-15
5.39822e-15
5.11096e-15
4.98241e-15
4.99287e-15
5.11401e-15
5.31396e-15
5.56334e-15
5.83768e-15
6.11963e-15
6.39538e-15
6.65646e-15
6.89439e-15
7.10804e-15
7.2934e-15
7.4483e-15
7.57395e-15
7.66947e-15
7.73533e-15
7.77222e-15
7.78112e-15
7.76319e-15
7.72016e-15
7.65239e-15
7.56169e-15
7.44938e-15
7.31696e-15
7.16516e-15
6.99571e-15
6.80986e-15
6.60853e-15
6.3932e-15
6.16472e-15
5.92434e-15
5.67315e-15
5.41155e-15
5.14191e-15
4.8627e-15
4.57785e-15
4.2862e-15
3.98835e-15
3.68606e-15
3.38005e-15
3.07126e-15
2.76067e-15
2.44964e-15
2.14021e-15
1.83476e-15
1.53798e-15
1.25791e-15
1.01067e-15
8.27987e-16
7.57767e-16
1.85156e-14
1.86951e-14
1.92039e-14
1.99651e-14
2.08673e-14
2.17923e-14
2.26288e-14
2.32948e-14
2.37333e-14
2.39116e-14
2.38269e-14
2.34922e-14
2.29297e-14
2.21705e-14
2.1255e-14
2.02115e-14
1.90727e-14
1.78707e-14
1.6631e-14
1.53765e-14
1.41256e-14
1.28923e-14
1.17054e-14
1.05653e-14
9.49107e-15
8.49596e-15
7.59293e-15
6.79765e-15
6.1259e-15
5.59271e-15
5.20863e-15
4.97525e-15
4.8843e-15
4.91518e-15
5.0406e-15
5.23305e-15
5.46585e-15
5.71852e-15
5.97551e-15
6.22516e-15
6.45841e-15
6.6726e-15
6.8613e-15
7.02307e-15
7.15636e-15
7.26312e-15
7.34078e-15
7.39062e-15
7.41388e-15
7.40976e-15
7.38166e-15
7.32906e-15
7.25403e-15
7.15694e-15
7.03989e-15
6.90357e-15
6.74954e-15
6.57883e-15
6.39262e-15
6.19228e-15
5.97853e-15
5.75282e-15
5.51599e-15
5.26939e-15
5.01319e-15
4.74949e-15
4.47746e-15
4.2009e-15
3.91802e-15
3.63049e-15
3.33997e-15
3.04729e-15
2.75407e-15
2.46192e-15
2.17341e-15
1.89219e-15
1.62366e-15
1.37761e-15
1.16961e-15
1.02508e-15
9.71864e-16
1.83407e-14
1.85054e-14
1.8975e-14
1.96727e-14
2.04969e-14
2.13403e-14
2.21062e-14
2.27218e-14
2.31328e-14
2.33161e-14
2.32638e-14
2.29844e-14
2.24958e-14
2.18238e-14
2.0997e-14
2.00448e-14
1.8997e-14
1.78805e-14
1.67188e-14
1.55324e-14
1.43459e-14
1.31648e-14
1.20121e-14
1.0902e-14
9.84628e-15
8.85641e-15
7.94501e-15
7.12454e-15
6.41136e-15
5.81748e-15
5.35541e-15
5.03278e-15
4.84753e-15
4.7888e-15
4.83575e-15
4.96333e-15
5.14641e-15
5.36216e-15
5.59321e-15
5.82621e-15
6.04993e-15
6.2589e-15
6.44754e-15
6.61324e-15
6.75339e-15
6.86731e-15
6.95493e-15
7.01581e-15
7.05076e-15
7.06011e-15
7.04545e-15
7.00685e-15
6.94616e-15
6.86381e-15
6.76166e-15
6.64035e-15
6.50135e-15
6.34582e-15
6.17465e-15
5.98938e-15
5.79068e-15
5.58003e-15
5.35822e-15
5.12627e-15
4.88562e-15
4.63633e-15
4.38095e-15
4.11818e-15
3.85126e-15
3.58107e-15
3.30738e-15
3.03249e-15
2.75831e-15
2.48684e-15
2.22102e-15
1.96529e-15
1.72571e-15
1.51182e-15
1.33751e-15
1.2204e-15
1.17909e-15
1.801e-14
1.81625e-14
1.85849e-14
1.92146e-14
1.99615e-14
2.07306e-14
2.14355e-14
2.20111e-14
2.24091e-14
2.26071e-14
2.25916e-14
2.23697e-14
2.19541e-14
2.13663e-14
2.06305e-14
1.97713e-14
1.88147e-14
1.77845e-14
1.67025e-14
1.55921e-14
1.44652e-14
1.33441e-14
1.22411e-14
1.11685e-14
1.01388e-14
9.16446e-15
8.25773e-15
7.42793e-15
6.6894e-15
6.05462e-15
5.53481e-15
5.13973e-15
4.87314e-15
4.73019e-15
4.69809e-15
4.7569e-15
4.88365e-15
5.05601e-15
5.25481e-15
5.46459e-15
5.67335e-15
5.87325e-15
6.05772e-15
6.22273e-15
6.36559e-15
6.48539e-15
6.58061e-15
6.65021e-15
6.69566e-15
6.71658e-15
6.71389e-15
6.68854e-15
6.64106e-15
6.57262e-15
6.48474e-15
6.37786e-15
6.25343e-15
6.11265e-15
5.95655e-15
5.78638e-15
5.60279e-15
5.40738e-15
5.20097e-15
4.98445e-15
4.75907e-15
4.52636e-15
4.28568e-15
4.04083e-15
3.79044e-15
3.53671e-15
3.28114e-15
3.02575e-15
2.77207e-15
2.52237e-15
2.28017e-15
2.0501e-15
1.83839e-15
1.65363e-15
1.50699e-15
1.41144e-15
1.37809e-15
1.75886e-14
1.77197e-14
1.80926e-14
1.86571e-14
1.93312e-14
2.00364e-14
2.06853e-14
2.12276e-14
2.16151e-14
2.182e-14
2.1842e-14
2.16746e-14
2.13295e-14
2.08224e-14
2.01727e-14
1.94051e-14
1.85357e-14
1.75938e-14
1.65955e-14
1.55587e-14
1.45016e-14
1.34438e-14
1.23913e-14
1.13628e-14
1.03702e-14
9.41992e-15
8.52715e-15
7.70046e-15
6.95025e-15
6.29031e-15
5.72981e-15
5.27936e-15
4.94633e-15
4.72979e-15
4.62344e-15
4.61305e-15
4.67975e-15
4.80305e-15
4.96344e-15
5.14398e-15
5.3326e-15
5.51834e-15
5.69493e-15
5.85632e-15
5.99866e-15
6.12093e-15
6.22106e-15
6.29782e-15
6.35154e-15
6.38211e-15
6.39002e-15
6.37615e-15
6.34115e-15
6.28584e-15
6.21114e-15
6.11818e-15
6.00793e-15
5.88154e-15
5.74022e-15
5.58488e-15
5.4165e-15
5.23631e-15
5.04541e-15
4.84473e-15
4.63531e-15
4.41875e-15
4.19512e-15
3.96708e-15
3.73379e-15
3.49884e-15
3.26289e-15
3.02701e-15
2.79418e-15
2.56696e-15
2.34879e-15
2.14428e-15
1.95896e-15
1.80037e-15
1.67717e-15
1.59853e-15
1.5712e-15
1.71164e-14
1.72295e-14
1.75533e-14
1.80757e-14
1.86757e-14
1.92876e-14
1.9903e-14
2.03968e-14
2.07745e-14
2.10009e-14
2.10494e-14
2.09235e-14
2.0646e-14
2.02135e-14
1.96458e-14
1.89662e-14
1.81827e-14
1.73228e-14
1.64141e-14
1.54479e-14
1.44632e-14
1.34756e-14
1.24736e-14
1.14947e-14
1.05371e-14
9.62217e-15
8.74971e-15
7.9359e-15
7.18714e-15
6.51412e-15
5.92881e-15
5.4392e-15
5.05485e-15
4.77657e-15
4.60382e-15
4.52774e-15
4.53379e-15
4.60453e-15
4.72211e-15
4.86909e-15
5.0319e-15
5.19929e-15
5.36335e-15
5.51706e-15
5.65603e-15
5.77723e-15
5.87929e-15
5.96093e-15
6.0209e-15
6.05946e-15
6.07652e-15
6.07272e-15
6.04875e-15
6.00524e-15
5.94309e-15
5.86311e-15
5.76663e-15
5.6542e-15
5.52707e-15
5.38633e-15
5.23304e-15
5.06815e-15
4.8929e-15
4.70818e-15
4.51497e-15
4.31491e-15
4.10856e-15
3.89772e-15
3.68275e-15
3.46691e-15
3.24984e-15
3.03441e-15
2.82294e-15
2.61817e-15
2.4234e-15
2.24166e-15
2.07977e-15
1.9435e-15
1.83927e-15
1.77354e-15
1.75101e-15
1.66184e-14
1.67171e-14
1.70008e-14
1.7464e-14
1.79955e-14
1.85456e-14
1.91059e-14
1.95678e-14
1.99284e-14
2.01474e-14
2.02249e-14
2.01493e-14
1.99242e-14
1.95596e-14
1.90679e-14
1.84641e-14
1.77659e-14
1.69884e-14
1.61517e-14
1.52658e-14
1.43507e-14
1.3428e-14
1.24883e-14
1.1564e-14
1.06442e-14
9.76387e-15
8.92427e-15
8.12938e-15
7.39185e-15
6.72123e-15
6.12279e-15
5.60781e-15
5.1846e-15
4.85845e-15
4.62976e-15
4.49439e-15
4.44261e-15
4.46038e-15
4.53184e-15
4.64122e-15
4.77413e-15
4.91882e-15
5.06584e-15
5.20783e-15
5.33986e-15
5.45776e-15
5.5593e-15
5.64272e-15
5.70689e-15
5.75133e-15
5.77568e-15
5.78039e-15
5.76622e-15
5.7332e-15
5.68264e-15
5.61501e-15
5.53107e-15
5.43199e-15
5.31876e-15
5.19233e-15
5.05386e-15
4.9041e-15
4.74427e-15
4.57542e-15
4.39869e-15
4.2155e-15
4.02623e-15
3.83328e-15
3.63664e-15
3.43974e-15
3.24224e-15
3.04718e-15
2.85689e-15
2.67351e-15
2.50041e-15
2.3417e-15
2.20165e-15
2.08516e-15
1.99711e-15
1.94191e-15
1.92331e-15
1.61106e-14
1.61974e-14
1.6447e-14
1.68341e-14
1.73073e-14
1.7823e-14
1.83103e-14
1.87444e-14
1.90826e-14
1.93075e-14
1.94005e-14
1.93582e-14
1.91814e-14
1.8876e-14
1.84518e-14
1.7922e-14
1.72995e-14
1.65996e-14
1.58379e-14
1.50275e-14
1.41833e-14
1.33167e-14
1.24409e-14
1.15674e-14
1.07065e-14
9.86532e-15
9.05638e-15
8.28431e-15
7.56548e-15
6.90001e-15
6.29899e-15
5.77461e-15
5.32655e-15
4.96428e-15
4.69069e-15
4.50479e-15
4.40021e-15
4.36692e-15
4.39197e-15
4.46116e-15
4.56033e-15
4.67862e-15
4.80515e-15
4.93201e-15
5.05347e-15
5.1651e-15
5.26316e-15
5.3458e-15
5.41152e-15
5.45937e-15
5.48986e-15
5.50152e-15
5.49538e-15
5.47197e-15
5.43175e-15
5.37531e-15
5.30328e-15
5.21684e-15
5.11682e-15
5.00431e-15
4.87996e-15
4.74517e-15
4.60059e-15
4.44752e-15
4.28716e-15
4.1206e-15
3.9485e-15
3.77357e-15
3.59512e-15
3.41699e-15
3.23912e-15
3.06396e-15
2.89415e-15
2.73161e-15
2.57924e-15
2.44093e-15
2.32007e-15
2.2205e-15
2.14599e-15
2.09987e-15
2.08424e-15
1.56026e-14
1.56792e-14
1.59e-14
1.62401e-14
1.66575e-14
1.71051e-14
1.75482e-14
1.79425e-14
1.82599e-14
1.84785e-14
1.85835e-14
1.85684e-14
1.84318e-14
1.81776e-14
1.78131e-14
1.73491e-14
1.67968e-14
1.61689e-14
1.54785e-14
1.47393e-14
1.39624e-14
1.31609e-14
1.23454e-14
1.15265e-14
1.07154e-14
9.91954e-15
9.14772e-15
8.40982e-15
7.70885e-15
7.06211e-15
6.46198e-15
5.93565e-15
5.47466e-15
5.08389e-15
4.77746e-15
4.54944e-15
4.39961e-15
4.31959e-15
4.29983e-15
4.32812e-15
4.39263e-15
4.48091e-15
4.58355e-15
4.69201e-15
4.79947e-15
4.90126e-15
4.99301e-15
5.07255e-15
5.13794e-15
5.18762e-15
5.22112e-15
5.23814e-15
5.23886e-15
5.22334e-15
5.19204e-15
5.14554e-15
5.08471e-15
5.01013e-15
4.92263e-15
4.82317e-15
4.71258e-15
4.59208e-15
4.46256e-15
4.32504e-15
4.18064e-15
4.03031e-15
3.87576e-15
3.71782e-15
3.55802e-15
3.39767e-15
3.23927e-15
3.08345e-15
2.93307e-15
2.79043e-15
2.65763e-15
2.53716e-15
2.43332e-15
2.34852e-15
2.28546e-15
2.24652e-15
2.23335e-15
1.51013e-14
1.51691e-14
1.53622e-14
1.56531e-14
1.60178e-14
1.64171e-14
1.68118e-14
1.71697e-14
1.74646e-14
1.7674e-14
Process [5]
1.77853e-14
1.77901e-14
1.76863e-14
1.74756e-14
1.71637e-14
1.67584e-14
1.62696e-14
1.57075e-14
1.50847e-14
1.44118e-14
1.37002e-14
1.2961e-14
1.22048e-14
1.1442e-14
1.06803e-14
9.92997e-15
9.1983e-15
8.49269e-15
7.82024e-15
7.19044e-15
6.6093e-15
6.0799e-15
5.61402e-15
5.21059e-15
4.88156e-15
4.62079e-15
4.4347e-15
4.31306e-15
4.25135e-15
4.24018e-15
4.26856e-15
4.32579e-15
4.40223e-15
4.48917e-15
4.5799e-15
4.66894e-15
4.75182e-15
4.82541e-15
4.88762e-15
4.93681e-15
4.97186e-15
4.99217e-15
4.99797e-15
4.98896e-15
4.96543e-15
4.92783e-15
4.87685e-15
4.81301e-15
4.73715e-15
4.65003e-15
4.55278e-15
4.44595e-15
4.33087e-15
4.20828e-15
4.07936e-15
3.94533e-15
3.80744e-15
3.66614e-15
3.52438e-15
3.38182e-15
3.24114e-15
3.10419e-15
2.97213e-15
2.84758e-15
2.73268e-15
2.62982e-15
2.54117e-15
2.46839e-15
2.4141e-15
2.38134e-15
2.37024e-15
1.46098e-14
1.46692e-14
1.48306e-14
1.50888e-14
1.54063e-14
1.57569e-14
1.6108e-14
1.6431e-14
1.67005e-14
1.68988e-14
1.70117e-14
1.70312e-14
1.69537e-14
1.67797e-14
1.6513e-14
1.61596e-14
1.57278e-14
1.52266e-14
1.46655e-14
1.40551e-14
1.34052e-14
1.27267e-14
1.2028e-14
1.13192e-14
1.06083e-14
9.90393e-15
9.21301e-15
8.54274e-15
7.90339e-15
7.29692e-15
6.7316e-15
6.21367e-15
5.74737e-15
5.33984e-15
4.99346e-15
4.71171e-15
4.49536e-15
4.33989e-15
4.24142e-15
4.19365e-15
4.18721e-15
4.21278e-15
4.26143e-15
4.32464e-15
4.3961e-15
4.46976e-15
4.54117e-15
4.60636e-15
4.66302e-15
4.70949e-15
4.74402e-15
4.7661e-15
4.77494e-15
4.7707e-15
4.75336e-15
4.72349e-15
4.68101e-15
4.62686e-15
4.56168e-15
4.48617e-15
4.40108e-15
4.30746e-15
4.20595e-15
4.09774e-15
3.98383e-15
3.86531e-15
3.74287e-15
3.61878e-15
3.49282e-15
3.36815e-15
3.24458e-15
3.12461e-15
3.00981e-15
2.9018e-15
2.80284e-15
2.71449e-15
2.63916e-15
2.5782e-15
2.53322e-15
2.50597e-15
2.49666e-15
1.41304e-14
1.41784e-14
1.43229e-14
1.45422e-14
1.482e-14
1.51269e-14
1.54378e-14
1.57266e-14
1.59724e-14
1.61569e-14
1.62676e-14
1.62969e-14
1.624e-14
1.60964e-14
1.58684e-14
1.55608e-14
1.51798e-14
1.47331e-14
1.42293e-14
1.36771e-14
1.30859e-14
1.24643e-14
1.18211e-14
1.11655e-14
1.05049e-14
9.84589e-15
9.19696e-15
8.56626e-15
7.9579e-15
7.37857e-15
6.83491e-15
6.33159e-15
5.87357e-15
5.46549e-15
5.11232e-15
4.81586e-15
4.5768e-15
4.39441e-15
4.26571e-15
4.18475e-15
4.14549e-15
4.13975e-15
4.1601e-15
4.19903e-15
4.24894e-15
4.30481e-15
4.36222e-15
4.41743e-15
4.46602e-15
4.50734e-15
4.53944e-15
4.5609e-15
4.57146e-15
4.57017e-15
4.5576e-15
4.53378e-15
4.4988e-15
4.45311e-15
4.39734e-15
4.33242e-15
4.25855e-15
4.17692e-15
4.08843e-15
3.99374e-15
3.89381e-15
3.78974e-15
3.6829e-15
3.5737e-15
3.46428e-15
3.35484e-15
3.24789e-15
3.144e-15
3.04479e-15
2.95241e-15
2.86712e-15
2.79195e-15
2.72763e-15
2.6764e-15
2.63847e-15
2.61553e-15
2.60771e-15
1.36623e-14
1.3704e-14
1.38265e-14
1.40178e-14
1.42583e-14
1.45267e-14
1.48006e-14
1.50576e-14
1.52788e-14
1.54489e-14
1.55553e-14
1.55906e-14
1.55495e-14
1.5431e-14
1.52362e-14
1.49683e-14
1.46326e-14
1.42354e-14
1.3784e-14
1.32857e-14
1.27489e-14
1.21815e-14
1.15918e-14
1.09873e-14
1.03767e-14
9.76342e-15
9.15746e-15
8.56397e-15
7.98976e-15
7.44007e-15
6.9201e-15
6.43522e-15
5.98942e-15
5.58761e-15
5.23262e-15
4.92764e-15
4.67385e-15
4.47106e-15
4.31687e-15
4.20807e-15
4.13939e-15
4.10466e-15
4.09751e-15
4.11102e-15
4.13905e-15
4.17603e-15
4.21738e-15
4.25946e-15
4.29813e-15
4.33307e-15
4.36017e-15
4.37845e-15
4.38872e-15
4.38923e-15
4.37956e-15
4.36005e-15
4.33095e-15
4.2925e-15
4.24513e-15
4.18927e-15
4.12588e-15
4.05526e-15
3.97849e-15
3.89615e-15
3.80945e-15
3.71912e-15
3.62603e-15
3.5316e-15
3.43656e-15
3.3424e-15
3.24994e-15
3.16047e-15
3.07602e-15
2.99662e-15
2.92497e-15
2.86124e-15
2.80758e-15
2.76427e-15
2.73286e-15
2.71359e-15
2.70717e-15
1.3207e-14
1.32436e-14
1.33494e-14
1.35133e-14
1.37211e-14
1.39548e-14
1.41945e-14
1.44221e-14
1.46204e-14
1.47751e-14
1.48757e-14
1.4914e-14
1.48851e-14
1.47872e-14
1.46207e-14
1.43877e-14
1.4092e-14
1.37394e-14
1.33355e-14
1.2887e-14
1.24014e-14
1.18852e-14
1.13455e-14
1.07906e-14
1.02265e-14
9.65888e-15
9.09508e-15
8.54117e-15
8.00229e-15
7.48289e-15
6.98943e-15
6.52549e-15
6.09508e-15
5.70354e-15
5.35248e-15
5.04487e-15
4.78214e-15
4.56442e-15
4.39108e-15
4.25935e-15
4.16525e-15
4.10426e-15
4.07115e-15
4.06007e-15
4.06552e-15
4.08266e-15
4.10678e-15
4.13406e-15
4.16148e-15
4.18637e-15
4.20695e-15
4.22127e-15
4.22904e-15
4.22903e-15
4.22065e-15
4.20403e-15
4.17921e-15
4.1465e-15
4.10596e-15
4.05801e-15
4.00337e-15
3.94253e-15
3.87631e-15
3.8055e-15
3.73048e-15
3.65273e-15
3.57248e-15
3.49142e-15
3.40956e-15
3.32885e-15
3.24986e-15
3.17392e-15
3.1017e-15
3.03485e-15
2.97415e-15
2.92024e-15
2.87522e-15
2.83881e-15
2.81259e-15
2.79646e-15
2.79113e-15
1.27642e-14
1.27953e-14
1.28844e-14
1.30261e-14
1.32057e-14
1.34085e-14
1.36184e-14
1.38189e-14
1.39956e-14
1.41354e-14
1.42288e-14
1.42682e-14
1.42486e-14
1.41679e-14
1.40252e-14
1.38224e-14
1.35629e-14
1.32498e-14
1.289e-14
1.24876e-14
1.20485e-14
1.15807e-14
1.10895e-14
1.05816e-14
1.0063e-14
9.53961e-15
9.01739e-15
8.5017e-15
7.99797e-15
7.51105e-15
7.04613e-15
6.60513e-15
6.19293e-15
5.81425e-15
5.47069e-15
5.16541e-15
4.89902e-15
4.67196e-15
4.48427e-15
4.33439e-15
4.21912e-15
4.13527e-15
4.07844e-15
4.04407e-15
4.02752e-15
4.0242e-15
4.03014e-15
4.04175e-15
4.05584e-15
4.06983e-15
4.08173e-15
4.09004e-15
4.09333e-15
4.09084e-15
4.08225e-15
4.06673e-15
4.04466e-15
4.01584e-15
3.98053e-15
3.93918e-15
3.89192e-15
3.83947e-15
3.78252e-15
3.72159e-15
3.65699e-15
3.59064e-15
3.52163e-15
3.45249e-15
3.38252e-15
3.31428e-15
3.24655e-15
3.1826e-15
3.12144e-15
3.06537e-15
3.01447e-15
2.96967e-15
2.93219e-15
2.90192e-15
2.88017e-15
2.8668e-15
2.8624e-15
1.23314e-14
1.23564e-14
1.24347e-14
1.25556e-14
1.27105e-14
1.28863e-14
1.30695e-14
1.32456e-14
1.34024e-14
1.35281e-14
1.3614e-14
1.36531e-14
1.36406e-14
1.35739e-14
1.34521e-14
1.32761e-14
1.30483e-14
1.27717e-14
1.24509e-14
1.20907e-14
1.16962e-14
1.12733e-14
1.08276e-14
1.03644e-14
9.88975e-15
9.40973e-15
8.92824e-15
8.45062e-15
7.9825e-15
7.52734e-15
7.09056e-15
6.67463e-15
6.28375e-15
5.92059e-15
5.58798e-15
5.28758e-15
5.0216e-15
4.79003e-15
4.59282e-15
4.42935e-15
4.29731e-15
4.19428e-15
4.11649e-15
4.06091e-15
4.02325e-15
4.00005e-15
3.98761e-15
3.9826e-15
3.98218e-15
3.98384e-15
3.98559e-15
3.98574e-15
3.98308e-15
3.9766e-15
3.9655e-15
3.94936e-15
3.92814e-15
3.90172e-15
3.86993e-15
3.83337e-15
3.79198e-15
3.74643e-15
3.69705e-15
3.64434e-15
3.58926e-15
3.53192e-15
3.47312e-15
3.41426e-15
3.35478e-15
3.29663e-15
3.24002e-15
3.18583e-15
3.1345e-15
3.08746e-15
3.04498e-15
3.00738e-15
2.97613e-15
2.95094e-15
2.93288e-15
2.92179e-15
2.91813e-15
1.19072e-14
1.19291e-14
1.19951e-14
1.20996e-14
1.22335e-14
1.23859e-14
1.25453e-14
1.26998e-14
1.28385e-14
1.29512e-14
1.30301e-14
1.30683e-14
1.30614e-14
1.30067e-14
1.29031e-14
1.27508e-14
1.25516e-14
1.23079e-14
1.20236e-14
1.17025e-14
1.13488e-14
1.09683e-14
1.05655e-14
1.0145e-14
9.71293e-15
9.27382e-15
8.83229e-15
8.39189e-15
7.95934e-15
7.53735e-15
7.12923e-15
6.73865e-15
6.36976e-15
6.02364e-15
5.70453e-15
5.41283e-15
5.15069e-15
4.91837e-15
4.71538e-15
4.542e-15
4.39705e-15
4.27796e-15
4.18253e-15
4.10784e-15
4.05101e-15
4.00878e-15
3.97814e-15
3.95632e-15
3.94069e-15
3.92898e-15
3.91918e-15
3.90974e-15
3.89933e-15
3.88685e-15
3.87165e-15
3.85309e-15
3.83086e-15
3.80491e-15
3.77497e-15
3.74137e-15
3.70409e-15
3.66358e-15
3.62018e-15
3.57434e-15
3.5264e-15
3.47697e-15
3.42699e-15
3.37596e-15
3.32607e-15
3.27647e-15
3.22856e-15
3.18293e-15
3.14027e-15
3.10049e-15
3.06515e-15
3.03393e-15
3.00804e-15
2.98721e-15
2.9723e-15
2.96315e-15
2.96014e-15
1.1491e-14
1.15099e-14
1.15665e-14
1.16564e-14
1.17719e-14
1.1904e-14
1.20432e-14
1.21791e-14
1.2302e-14
1.24033e-14
1.24755e-14
1.25126e-14
1.25106e-14
1.24665e-14
1.23791e-14
1.22482e-14
1.2075e-14
1.18615e-14
1.16104e-14
1.13255e-14
1.10105e-14
1.06695e-14
1.03072e-14
9.92786e-15
9.53639e-15
9.13787e-15
8.73371e-15
8.33111e-15
7.93243e-15
7.54238e-15
7.16425e-15
6.80025e-15
6.45333e-15
6.12671e-15
5.8224e-15
5.54122e-15
5.28507e-15
5.05465e-15
4.84986e-15
4.67063e-15
4.51573e-15
4.38404e-15
4.27369e-15
4.18256e-15
4.10836e-15
4.04854e-15
4.00069e-15
3.96224e-15
3.93112e-15
3.90523e-15
3.88291e-15
3.8625e-15
3.84283e-15
3.82281e-15
3.80167e-15
3.77882e-15
3.75378e-15
3.72636e-15
3.69634e-15
3.66384e-15
3.6288e-15
3.59151e-15
3.55222e-15
3.51125e-15
3.46882e-15
3.4258e-15
3.38183e-15
3.33846e-15
3.29489e-15
3.25302e-15
3.21228e-15
3.17348e-15
3.13719e-15
3.10416e-15
3.07432e-15
3.0484e-15
3.02654e-15
3.00932e-15
2.99677e-15
2.9892e-15
2.98665e-15
1.10799e-14
1.1096e-14
1.11453e-14
1.12231e-14
1.13233e-14
1.14387e-14
1.15608e-14
1.16806e-14
1.179e-14
1.18815e-14
1.19482e-14
1.19849e-14
1.19875e-14
1.19532e-14
1.18807e-14
1.17694e-14
1.16203e-14
1.14346e-14
1.12147e-14
1.09636e-14
1.06847e-14
1.03811e-14
1.00574e-14
9.71717e-15
9.3648e-15
9.0037e-15
8.63734e-15
8.27113e-15
7.9068e-15
7.54833e-15
7.19912e-15
6.86134e-15
6.53818e-15
6.23123e-15
5.94258e-15
5.67374e-15
5.42625e-15
5.2002e-15
4.99559e-15
4.8133e-15
4.65174e-15
4.51053e-15
4.38798e-15
4.283e-15
4.19352e-15
4.1177e-15
4.05358e-15
3.99921e-15
3.95266e-15
3.91239e-15
3.87677e-15
3.84443e-15
3.81422e-15
3.78516e-15
3.75646e-15
3.72746e-15
3.69774e-15
3.66693e-15
3.63491e-15
3.60148e-15
3.56671e-15
3.53065e-15
3.49354e-15
3.45539e-15
3.41672e-15
3.3778e-15
3.33861e-15
3.30013e-15
3.26228e-15
3.22527e-15
3.19027e-15
3.15711e-15
3.12602e-15
3.09761e-15
3.07232e-15
3.05031e-15
3.03193e-15
3.01745e-15
3.00684e-15
3.00051e-15
2.99834e-15
Process [6]
1.06725e-14
1.06868e-14
1.07301e-14
1.0798e-14
1.08856e-14
1.09871e-14
1.10948e-14
1.12019e-14
1.13003e-14
1.1384e-14
1.14468e-14
1.14837e-14
1.14913e-14
1.14666e-14
1.14082e-14
1.13156e-14
1.1189e-14
1.10294e-14
1.0839e-14
1.062e-14
1.0375e-14
1.01073e-14
9.82027e-15
9.51767e-15
9.20203e-15
8.87787e-15
8.54802e-15
8.21631e-15
7.88485e-15
7.55817e-15
7.23773e-15
6.92671e-15
6.62688e-15
6.3407e-15
6.06875e-15
5.81303e-15
5.57493e-15
5.35511e-15
5.15321e-15
4.96957e-15
4.80415e-15
4.65601e-15
4.52401e-15
4.40741e-15
4.30483e-15
4.21442e-15
4.13545e-15
4.06598e-15
4.00451e-15
3.94983e-15
3.90056e-15
3.85552e-15
3.81373e-15
3.7743e-15
3.73651e-15
3.69972e-15
3.66348e-15
3.62744e-15
3.59131e-15
3.555e-15
3.51838e-15
3.48151e-15
3.44444e-15
3.40716e-15
3.37014e-15
3.33324e-15
3.29706e-15
3.26131e-15
3.22721e-15
3.19396e-15
3.16233e-15
3.1329e-15
3.10589e-15
3.08099e-15
3.05884e-15
3.03972e-15
3.02379e-15
3.01117e-15
3.00209e-15
2.99663e-15
2.99478e-15
1.02672e-14
1.02816e-14
1.03188e-14
1.03787e-14
1.04565e-14
1.05468e-14
1.06434e-14
1.074e-14
1.08304e-14
1.09084e-14
1.09691e-14
1.10077e-14
1.10209e-14
1.10061e-14
1.09618e-14
1.08871e-14
1.07822e-14
1.06479e-14
1.04855e-14
1.02971e-14
1.00846e-14
9.85115e-15
9.59928e-15
9.33239e-15
9.05273e-15
8.76475e-15
8.46949e-15
8.1712e-15
7.8728e-15
7.57617e-15
7.28439e-15
6.99952e-15
6.72268e-15
6.45606e-15
6.20182e-15
5.96079e-15
5.73342e-15
5.52067e-15
5.32299e-15
5.14084e-15
4.9731e-15
4.8197e-15
4.68028e-15
4.55433e-15
4.44045e-15
4.33762e-15
4.24496e-15
4.16129e-15
4.08564e-15
4.01675e-15
3.95369e-15
3.89545e-15
3.84128e-15
3.79042e-15
3.74223e-15
3.6961e-15
3.65164e-15
3.60848e-15
3.56636e-15
3.52508e-15
3.48453e-15
3.44463e-15
3.40547e-15
3.36692e-15
3.3293e-15
3.29251e-15
3.257e-15
3.22237e-15
3.18965e-15
3.15841e-15
3.12878e-15
3.10125e-15
3.07611e-15
3.0538e-15
3.03369e-15
3.01633e-15
3.00193e-15
2.99062e-15
2.98247e-15
2.97753e-15
2.97588e-15
9.86437e-15
9.87509e-15
9.90903e-15
9.9628e-15
1.0033e-14
1.0115e-14
1.02035e-14
1.0293e-14
1.03778e-14
1.04528e-14
1.05133e-14
1.05553e-14
1.05755e-14
1.05714e-14
1.05415e-14
1.0485e-14
1.04016e-14
1.02918e-14
1.01562e-14
9.99725e-15
9.81657e-15
9.61585e-15
9.39845e-15
9.16563e-15
8.92091e-15
8.66681e-15
8.40612e-15
8.14045e-15
7.87342e-15
7.60665e-15
7.34212e-15
7.08233e-15
6.82861e-15
6.58312e-15
6.34595e-15
6.1194e-15
5.90358e-15
5.69877e-15
5.50666e-15
5.32604e-15
5.15752e-15
5.00133e-15
4.85636e-15
4.72271e-15
4.59911e-15
4.48531e-15
4.38043e-15
4.28389e-15
4.19461e-15
4.112e-15
4.03526e-15
3.96366e-15
3.89659e-15
3.83349e-15
3.77377e-15
3.71694e-15
3.66267e-15
3.61065e-15
3.5606e-15
3.51234e-15
3.46576e-15
3.42074e-15
3.3772e-15
3.33524e-15
3.29477e-15
3.25596e-15
3.21885e-15
3.18332e-15
3.15002e-15
3.11869e-15
3.08926e-15
3.06214e-15
3.03746e-15
3.01552e-15
2.99662e-15
2.98001e-15
2.96626e-15
2.95547e-15
2.94772e-15
2.94305e-15
2.94149e-15
9.45555e-15
9.46664e-15
9.49832e-15
9.54787e-15
9.61306e-15
9.68941e-15
9.77268e-15
9.85802e-15
9.94035e-15
1.00152e-14
1.0078e-14
1.01254e-14
1.01543e-14
1.01622e-14
1.01477e-14
1.01096e-14
1.00478e-14
9.96243e-15
9.85407e-15
9.72404e-15
9.57395e-15
9.40537e-15
9.22054e-15
9.02136e-15
8.8105e-15
8.5892e-15
8.36115e-15
8.12771e-15
7.89052e-15
7.65291e-15
7.41561e-15
7.18069e-15
6.94944e-15
6.72342e-15
6.50343e-15
6.29118e-15
6.08723e-15
5.8916e-15
5.70509e-15
5.52763e-15
5.35963e-15
5.20138e-15
5.05205e-15
4.91156e-15
4.7803e-15
4.65678e-15
4.54097e-15
4.43223e-15
4.33031e-15
4.23465e-15
4.14464e-15
4.05951e-15
3.97931e-15
3.90318e-15
3.83105e-15
3.76236e-15
3.69686e-15
3.63436e-15
3.57462e-15
3.5175e-15
3.46278e-15
3.4104e-15
3.36051e-15
3.31265e-15
3.26727e-15
3.22406e-15
3.18318e-15
3.14461e-15
3.10874e-15
3.07512e-15
3.04399e-15
3.01552e-15
2.98976e-15
2.9671e-15
2.94766e-15
2.93062e-15
2.91657e-15
2.9056e-15
2.89771e-15
2.89297e-15
2.8914e-15
9.04576e-15
9.05503e-15
9.08455e-15
9.13173e-15
9.19405e-15
9.26775e-15
9.3489e-15
9.4331e-15
9.5161e-15
9.59358e-15
9.66171e-15
9.71702e-15
9.75669e-15
9.77845e-15
9.78066e-15
9.76225e-15
9.72285e-15
9.66224e-15
9.58068e-15
9.48004e-15
9.35987e-15
9.22296e-15
9.07021e-15
8.90406e-15
8.72559e-15
8.53699e-15
8.3404e-15
8.13751e-15
7.92985e-15
7.7195e-15
7.50852e-15
7.29731e-15
7.08764e-15
6.88102e-15
6.67777e-15
6.47983e-15
6.28714e-15
6.10025e-15
5.91982e-15
5.74622e-15
5.57996e-15
5.4201e-15
5.26766e-15
5.12225e-15
4.98344e-15
4.85165e-15
4.72575e-15
4.60615e-15
4.49228e-15
4.38386e-15
4.28061e-15
4.18227e-15
4.08837e-15
3.99914e-15
3.91371e-15
3.83216e-15
3.75422e-15
3.67989e-15
3.60884e-15
3.54096e-15
3.4761e-15
3.41471e-15
3.35573e-15
3.30031e-15
3.24731e-15
3.1976e-15
3.15079e-15
3.10693e-15
3.06608e-15
3.02821e-15
2.99338e-15
2.96171e-15
2.93382e-15
2.90875e-15
2.88679e-15
2.86811e-15
2.85279e-15
2.84082e-15
2.83228e-15
2.82712e-15
2.82541e-15
8.62479e-15
8.63672e-15
8.66508e-15
8.71185e-15
8.77361e-15
8.8476e-15
8.92985e-15
9.01648e-15
9.10351e-15
9.18705e-15
9.26351e-15
9.32966e-15
9.38278e-15
9.4206e-15
9.44148e-15
9.44414e-15
9.42821e-15
9.39335e-15
9.3395e-15
9.26744e-15
9.17796e-15
9.07214e-15
8.95172e-15
8.81712e-15
8.67019e-15
8.51322e-15
8.34719e-15
8.17405e-15
7.99531e-15
7.8115e-15
7.62471e-15
7.43646e-15
7.2476e-15
7.05961e-15
6.87263e-15
6.68807e-15
6.50663e-15
6.32826e-15
6.15386e-15
5.98427e-15
5.81915e-15
5.6593e-15
5.50421e-15
5.35404e-15
5.20905e-15
5.06918e-15
4.93414e-15
4.80415e-15
4.67893e-15
4.55851e-15
4.44237e-15
4.33098e-15
4.22357e-15
4.12044e-15
4.02138e-15
3.9262e-15
3.83477e-15
3.74721e-15
3.66365e-15
3.58319e-15
3.50675e-15
3.43377e-15
3.36443e-15
3.29836e-15
3.23647e-15
3.17747e-15
3.12237e-15
3.07096e-15
3.02307e-15
2.97896e-15
2.93866e-15
2.90189e-15
2.86886e-15
2.8396e-15
2.81416e-15
2.79258e-15
2.77488e-15
2.76109e-15
2.75121e-15
2.7453e-15
2.74332e-15
8.19732e-15
8.207e-15
8.23796e-15
8.2855e-15
8.34972e-15
8.42693e-15
8.51367e-15
8.6064e-15
8.70122e-15
8.79463e-15
8.88304e-15
8.96339e-15
9.03303e-15
9.08971e-15
9.13167e-15
9.15778e-15
9.16685e-15
9.15874e-15
9.13331e-15
9.09095e-15
9.03195e-15
8.95733e-15
8.86784e-15
8.76472e-15
8.64975e-15
8.52302e-15
8.38689e-15
8.24202e-15
8.08962e-15
7.93186e-15
7.76892e-15
7.60222e-15
7.43333e-15
7.26223e-15
7.09064e-15
6.91905e-15
6.74802e-15
6.5782e-15
6.40951e-15
6.24342e-15
6.08044e-15
5.91946e-15
5.76189e-15
5.60772e-15
5.45708e-15
5.3098e-15
5.16626e-15
5.02605e-15
4.88999e-15
4.75777e-15
4.62923e-15
4.50449e-15
4.38351e-15
4.26663e-15
4.1533e-15
4.04395e-15
3.93835e-15
3.83632e-15
3.73906e-15
3.64475e-15
3.55495e-15
3.4686e-15
3.38717e-15
3.30832e-15
3.23483e-15
3.16533e-15
3.09933e-15
3.03787e-15
2.98086e-15
2.92806e-15
2.87958e-15
2.83547e-15
2.79582e-15
2.76139e-15
2.73147e-15
2.70568e-15
2.68452e-15
2.66802e-15
2.65623e-15
2.64914e-15
2.64677e-15
7.7576e-15
7.76781e-15
7.79865e-15
7.85095e-15
7.91997e-15
8.00381e-15
8.09891e-15
8.20179e-15
8.30871e-15
8.41613e-15
8.52062e-15
8.61909e-15
8.70885e-15
8.78769e-15
8.85362e-15
8.90523e-15
8.94175e-15
8.9623e-15
8.96619e-15
8.95428e-15
8.92672e-15
8.8827e-15
8.82485e-15
8.7531e-15
8.66812e-15
8.5714e-15
8.46348e-15
8.34558e-15
8.21941e-15
8.08574e-15
7.94542e-15
7.79894e-15
7.64791e-15
7.49341e-15
7.33605e-15
7.17605e-15
7.01468e-15
6.8522e-15
6.6892e-15
6.52637e-15
6.36387e-15
6.20282e-15
6.04294e-15
5.88412e-15
5.72796e-15
5.57363e-15
5.42186e-15
5.27206e-15
5.12533e-15
4.98134e-15
4.84027e-15
4.70251e-15
4.56798e-15
4.43691e-15
4.30925e-15
4.18481e-15
4.06414e-15
3.94805e-15
3.83415e-15
3.72649e-15
3.62041e-15
3.52045e-15
3.42438e-15
3.3312e-15
3.24418e-15
3.16155e-15
3.08318e-15
3.0091e-15
2.94057e-15
2.87698e-15
2.8184e-15
2.76495e-15
2.71678e-15
2.67397e-15
2.63666e-15
2.60491e-15
2.57883e-15
2.55846e-15
2.54388e-15
2.5351e-15
2.53218e-15
7.29773e-15
7.31235e-15
7.34776e-15
7.40463e-15
7.48231e-15
7.57662e-15
7.68447e-15
7.80231e-15
7.92616e-15
8.05247e-15
8.17772e-15
8.29881e-15
8.41287e-15
8.51745e-15
8.61063e-15
8.69082e-15
8.75676e-15
8.8076e-15
8.84298e-15
8.86263e-15
8.86619e-15
8.85428e-15
8.82739e-15
8.78601e-15
8.73094e-15
8.66263e-15
8.5822e-15
8.49083e-15
8.38883e-15
8.27741e-15
8.15764e-15
8.03054e-15
7.89665e-15
7.75677e-15
7.61144e-15
7.46187e-15
7.30937e-15
7.1533e-15
6.99505e-15
6.83456e-15
6.67307e-15
6.51081e-15
6.34792e-15
6.18513e-15
6.0228e-15
5.86164e-15
5.70061e-15
5.54164e-15
5.38422e-15
5.22867e-15
5.0753e-15
4.92427e-15
4.77567e-15
4.63044e-15
4.48803e-15
4.34776e-15
4.21312e-15
4.07914e-15
3.95209e-15
3.82538e-15
3.70565e-15
3.58949e-15
3.47556e-15
3.36854e-15
3.2661e-15
3.16817e-15
3.07414e-15
2.98618e-15
2.90393e-15
2.82717e-15
2.75612e-15
2.69099e-15
2.63202e-15
2.57939e-15
2.53332e-15
2.49398e-15
2.46155e-15
2.43617e-15
2.41794e-15
2.40698e-15
2.40331e-15
6.82335e-15
6.83675e-15
6.87811e-15
6.94562e-15
7.03495e-15
7.1445e-15
7.27038e-15
7.40849e-15
7.55493e-15
7.7057e-15
7.85712e-15
8.00584e-15
8.14887e-15
8.28359e-15
8.4076e-15
8.51941e-15
8.61776e-15
8.70128e-15
8.76911e-15
8.82113e-15
8.85721e-15
8.87701e-15
8.88089e-15
8.86963e-15
8.84319e-15
8.8027e-15
8.74864e-15
8.6815e-15
8.60266e-15
8.51216e-15
8.41186e-15
8.30143e-15
8.18266e-15
8.0559e-15
7.92221e-15
7.78208e-15
7.63639e-15
7.48531e-15
7.33027e-15
7.17124e-15
7.00954e-15
6.84503e-15
6.67927e-15
6.51115e-15
6.3426e-15
6.17353e-15
6.00413e-15
5.83536e-15
5.66705e-15
5.49942e-15
5.33312e-15
5.16954e-15
5.00697e-15
4.84593e-15
4.68967e-15
4.53282e-15
4.38302e-15
4.23204e-15
4.08798e-15
3.94703e-15
3.80695e-15
3.6744e-15
3.54601e-15
3.42117e-15
3.29936e-15
3.18471e-15
3.07535e-15
2.97133e-15
2.873e-15
2.78067e-15
2.69468e-15
2.61538e-15
2.54312e-15
2.47838e-15
2.42248e-15
2.37402e-15
2.33367e-15
2.30196e-15
2.27914e-15
2.26537e-15
2.26077e-15
6.32737e-15
6.34336e-15
6.3909e-15
6.46955e-15
6.57717e-15
6.70738e-15
6.85739e-15
7.02249e-15
7.19808e-15
7.37976e-15
Process [7]
7.56347e-15
7.74558e-15
7.9226e-15
8.09205e-15
8.25108e-15
8.39803e-15
8.5311e-15
8.64932e-15
8.75158e-15
8.83728e-15
8.90571e-15
8.95713e-15
8.99177e-15
9.01009e-15
9.01164e-15
8.99764e-15
8.96789e-15
8.92424e-15
8.86642e-15
8.79513e-15
8.71182e-15
8.61675e-15
8.51123e-15
8.39605e-15
8.27074e-15
8.13827e-15
7.99796e-15
7.85112e-15
7.69737e-15
7.5388e-15
7.37568e-15
7.20852e-15
7.03782e-15
6.86444e-15
6.68868e-15
6.51097e-15
6.33221e-15
6.15319e-15
5.97339e-15
5.7931e-15
5.61475e-15
5.43689e-15
5.25888e-15
5.08558e-15
4.91052e-15
4.74051e-15
4.57324e-15
4.40487e-15
4.24436e-15
4.08661e-15
3.92828e-15
3.77684e-15
3.63042e-15
3.48809e-15
3.35021e-15
3.21658e-15
3.08699e-15
2.96489e-15
2.84887e-15
2.73919e-15
2.63631e-15
2.54074e-15
2.45301e-15
2.37367e-15
2.30331e-15
2.24252e-15
2.19184e-15
2.15181e-15
2.12286e-15
2.10534e-15
2.09949e-15
5.79974e-15
5.81961e-15
5.88055e-15
5.97887e-15
6.10729e-15
6.26675e-15
6.44835e-15
6.64843e-15
6.86092e-15
7.08089e-15
7.30377e-15
7.52543e-15
7.74217e-15
7.95094e-15
8.14903e-15
8.3344e-15
8.50523e-15
8.66016e-15
8.79756e-15
8.91784e-15
9.01971e-15
9.10277e-15
9.1676e-15
9.2139e-15
9.24214e-15
9.25313e-15
9.24625e-15
9.22385e-15
9.18443e-15
9.131e-15
9.06226e-15
8.98117e-15
8.88596e-15
8.77992e-15
8.66298e-15
8.53534e-15
8.3984e-15
8.25329e-15
8.10017e-15
7.94007e-15
7.77395e-15
7.60234e-15
7.42603e-15
7.24551e-15
7.06134e-15
6.87513e-15
6.68623e-15
6.49432e-15
6.30428e-15
6.11065e-15
5.91876e-15
5.72558e-15
5.53562e-15
5.34213e-15
5.15634e-15
4.96722e-15
4.78056e-15
4.60006e-15
4.42153e-15
4.24119e-15
4.06716e-15
3.8982e-15
3.73284e-15
3.57141e-15
3.41426e-15
3.26163e-15
3.11233e-15
2.97011e-15
2.8346e-15
2.70553e-15
2.58352e-15
2.46922e-15
2.36337e-15
2.26678e-15
2.18034e-15
2.10497e-15
2.04163e-15
1.99121e-15
1.95454e-15
1.93226e-15
1.92478e-15
5.24861e-15
5.2736e-15
5.34751e-15
5.46707e-15
5.62858e-15
5.82588e-15
6.04881e-15
6.2935e-15
6.55179e-15
6.81853e-15
7.08806e-15
7.35582e-15
7.61784e-15
7.87074e-15
8.11178e-15
8.3387e-15
8.54934e-15
8.74252e-15
8.9168e-15
9.07159e-15
9.20638e-15
9.32097e-15
9.41487e-15
9.48855e-15
9.54198e-15
9.57567e-15
9.5901e-15
9.5864e-15
9.56422e-15
9.52528e-15
9.46982e-15
9.39865e-15
9.31255e-15
9.21331e-15
9.10131e-15
8.97668e-15
8.84121e-15
8.69555e-15
8.54086e-15
8.37788e-15
8.20692e-15
8.02856e-15
7.84533e-15
7.65727e-15
7.46198e-15
7.26708e-15
7.06437e-15
6.86364e-15
6.65623e-15
6.45378e-15
6.24248e-15
6.03823e-15
5.8316e-15
5.62103e-15
5.41818e-15
5.2164e-15
5.01109e-15
4.80865e-15
4.61232e-15
4.41834e-15
4.22704e-15
4.03876e-15
3.85233e-15
3.6679e-15
3.49113e-15
3.31889e-15
3.15144e-15
2.98923e-15
2.83276e-15
2.68261e-15
2.53946e-15
2.40412e-15
2.27752e-15
2.16075e-15
2.05506e-15
1.96185e-15
1.88264e-15
1.81894e-15
1.7722e-15
1.74361e-15
1.734e-15
4.65701e-15
4.68954e-15
4.78534e-15
4.93911e-15
5.14551e-15
5.39192e-15
5.66847e-15
5.96875e-15
6.28362e-15
6.60547e-15
6.92981e-15
7.25003e-15
7.56243e-15
7.86405e-15
8.15138e-15
8.42202e-15
8.67454e-15
8.90718e-15
9.11861e-15
9.30827e-15
9.47567e-15
9.61996e-15
9.74187e-15
9.84102e-15
9.9181e-15
9.97289e-15
1.00063e-14
1.00187e-14
1.00108e-14
9.98376e-15
9.93828e-15
9.87501e-15
9.79591e-15
9.70107e-15
9.59074e-15
9.46614e-15
9.33081e-15
9.18281e-15
9.0219e-15
8.85512e-15
8.67621e-15
8.49032e-15
8.29856e-15
8.09809e-15
7.89412e-15
7.68619e-15
7.46943e-15
7.25809e-15
7.03491e-15
6.81371e-15
6.59526e-15
6.37113e-15
6.1431e-15
5.92239e-15
5.70198e-15
5.48219e-15
5.25833e-15
5.03748e-15
4.82258e-15
4.60981e-15
4.39956e-15
4.19213e-15
3.9878e-15
3.78691e-15
3.58976e-15
3.3967e-15
3.20808e-15
3.02379e-15
2.84384e-15
2.6718e-15
2.50656e-15
2.34883e-15
2.19969e-15
2.06045e-15
1.93274e-15
1.8185e-15
1.71997e-15
1.63961e-15
1.5799e-15
1.54305e-15
1.53057e-15
4.02662e-15
4.07032e-15
4.1979e-15
4.39999e-15
4.66516e-15
4.9781e-15
5.32318e-15
5.69178e-15
6.07272e-15
6.46035e-15
6.84536e-15
7.22407e-15
7.59202e-15
7.94554e-15
8.28085e-15
8.59871e-15
8.89205e-15
9.16588e-15
9.41423e-15
9.63689e-15
9.83733e-15
1.00102e-14
1.0157e-14
1.02813e-14
1.03787e-14
1.04505e-14
1.05017e-14
1.05275e-14
1.05297e-14
1.05148e-14
1.04742e-14
1.04165e-14
1.03413e-14
1.02443e-14
1.01375e-14
1.0007e-14
9.87157e-15
9.71296e-15
9.5518e-15
9.37146e-15
9.18506e-15
8.99251e-15
8.7817e-15
8.57518e-15
8.35908e-15
8.12915e-15
7.90508e-15
7.67741e-15
7.43935e-15
7.19806e-15
6.96208e-15
6.72447e-15
6.48579e-15
6.24405e-15
5.99734e-15
5.75881e-15
5.52176e-15
5.28607e-15
5.0521e-15
4.82017e-15
4.59064e-15
4.36377e-15
4.13984e-15
3.91913e-15
3.70189e-15
3.48843e-15
3.27862e-15
3.07133e-15
2.8713e-15
2.67708e-15
2.48886e-15
2.30746e-15
2.13398e-15
1.96986e-15
1.81698e-15
1.67778e-15
1.55537e-15
1.45351e-15
1.37638e-15
1.32803e-15
1.31154e-15
3.353e-15
3.41407e-15
3.58987e-15
3.86186e-15
4.20724e-15
4.60461e-15
5.03548e-15
5.48529e-15
5.94458e-15
6.40476e-15
6.85438e-15
7.29654e-15
7.72559e-15
8.12895e-15
8.51665e-15
8.88202e-15
9.21507e-15
9.53198e-15
9.81189e-15
1.00715e-14
1.03001e-14
1.04978e-14
1.06736e-14
1.08118e-14
1.09345e-14
1.10169e-14
1.10847e-14
1.1118e-14
1.113e-14
1.11225e-14
1.10805e-14
1.10314e-14
1.09505e-14
1.08525e-14
1.0745e-14
1.06061e-14
1.04592e-14
1.03035e-14
1.01233e-14
9.93155e-15
9.73777e-15
9.53301e-15
9.30708e-15
9.07933e-15
8.84997e-15
8.61413e-15
8.37239e-15
8.11623e-15
7.86175e-15
7.60916e-15
7.3542e-15
7.09756e-15
6.83983e-15
6.58162e-15
6.32344e-15
6.06275e-15
5.79962e-15
5.54469e-15
5.29174e-15
5.04086e-15
4.79235e-15
4.54645e-15
4.30341e-15
4.06347e-15
3.82682e-15
3.59368e-15
3.36428e-15
3.13886e-15
2.91772e-15
2.70126e-15
2.48995e-15
2.28449e-15
2.08581e-15
1.89523e-15
1.71466e-15
1.54677e-15
1.3954e-15
1.26579e-15
1.16469e-15
1.09967e-15
1.07712e-15
2.63197e-15
2.72253e-15
2.97575e-15
3.35052e-15
3.80557e-15
4.30938e-15
4.8401e-15
5.3827e-15
5.92665e-15
6.46181e-15
6.98005e-15
7.48736e-15
7.97512e-15
8.44019e-15
8.87635e-15
9.277e-15
9.65996e-15
1.00143e-14
1.03359e-14
1.06133e-14
1.0872e-14
1.11022e-14
1.12972e-14
1.14478e-14
1.15829e-14
1.16902e-14
1.17634e-14
1.17954e-14
1.18161e-14
1.18121e-14
1.17813e-14
1.17105e-14
1.163e-14
1.15327e-14
1.14151e-14
1.12757e-14
1.11049e-14
1.09322e-14
1.07472e-14
1.05485e-14
1.03373e-14
1.0114e-14
9.8682e-15
9.62243e-15
9.37374e-15
9.11827e-15
8.857e-15
8.5909e-15
8.3208e-15
8.04758e-15
7.77201e-15
7.4948e-15
7.21343e-15
6.92677e-15
6.64862e-15
6.3716e-15
6.09572e-15
5.82138e-15
5.54894e-15
5.27872e-15
5.01098e-15
4.74595e-15
4.48385e-15
4.22484e-15
3.96909e-15
3.71671e-15
3.46786e-15
3.22267e-15
2.9813e-15
2.74396e-15
2.51094e-15
2.28267e-15
2.05978e-15
1.84324e-15
1.63458e-15
1.43619e-15
1.25194e-15
1.08804e-15
9.54223e-16
8.64057e-16
8.3183e-16
1.85063e-15
1.99983e-15
2.38812e-15
2.91452e-15
3.51059e-15
4.13903e-15
4.77906e-15
5.41818e-15
6.04813e-15
6.66055e-15
7.24598e-15
7.81592e-15
8.36092e-15
8.87782e-15
9.3647e-15
9.81997e-15
1.02424e-14
1.0631e-14
1.09852e-14
1.12959e-14
1.15644e-14
1.18126e-14
1.20265e-14
1.22061e-14
1.23519e-14
1.24648e-14
1.25457e-14
1.25944e-14
1.25957e-14
1.25801e-14
1.25439e-14
1.24817e-14
1.23949e-14
1.22848e-14
1.2153e-14
1.2001e-14
1.18301e-14
1.16418e-14
1.14331e-14
1.11986e-14
1.0966e-14
1.0723e-14
1.04695e-14
1.02068e-14
9.93607e-15
9.65839e-15
9.37487e-15
9.08653e-15
8.7943e-15
8.49908e-15
8.20169e-15
7.90289e-15
7.60338e-15
7.30378e-15
7.00468e-15
6.7066e-15
6.40999e-15
6.11526e-15
5.82276e-15
5.5328e-15
5.24561e-15
4.96142e-15
4.68038e-15
4.40263e-15
4.12826e-15
3.85734e-15
3.58992e-15
3.32603e-15
3.0657e-15
2.80896e-15
2.55588e-15
2.30661e-15
2.06139e-15
1.82067e-15
1.58526e-15
1.35666e-15
1.13763e-15
9.3351e-16
7.55088e-16
6.23835e-16
5.73301e-16
1.03167e-15
1.32127e-15
1.9386e-15
2.65445e-15
3.4002e-15
4.15104e-15
4.89503e-15
5.62501e-15
6.33593e-15
7.02385e-15
7.68554e-15
8.31824e-15
8.9196e-15
9.48764e-15
1.00207e-14
1.05166e-14
1.09585e-14
1.13718e-14
1.17532e-14
1.20956e-14
1.23989e-14
1.26634e-14
1.28895e-14
1.30777e-14
1.32289e-14
1.33439e-14
1.34239e-14
1.347e-14
1.34836e-14
1.3466e-14
1.34188e-14
1.33435e-14
1.32417e-14
1.3115e-14
1.29651e-14
1.27936e-14
1.26021e-14
1.23923e-14
1.21657e-14
1.1924e-14
1.16686e-14
1.14011e-14
1.11227e-14
1.08349e-14
1.0539e-14
1.02362e-14
9.92772e-15
9.61454e-15
9.29773e-15
8.97823e-15
8.65691e-15
8.3346e-15
8.012e-15
7.68981e-15
7.36859e-15
7.04889e-15
6.73118e-15
6.41586e-15
6.10328e-15
5.79373e-15
5.48744e-15
5.18461e-15
4.88536e-15
4.58979e-15
4.29796e-15
4.00986e-15
3.72548e-15
3.44477e-15
3.16764e-15
2.894e-15
2.62375e-15
2.35678e-15
2.093e-15
1.83241e-15
1.5751e-15
1.32142e-15
1.07229e-15
8.30005e-16
6.00747e-16
4.04329e-16
3.12163e-16
5.61214e-16
9.84708e-16
1.76272e-15
2.58099e-15
3.39937e-15
4.20756e-15
4.99998e-15
5.77249e-15
6.52159e-15
7.24419e-15
7.93754e-15
8.59917e-15
9.22692e-15
9.81891e-15
1.03735e-14
1.08895e-14
1.13658e-14
1.18016e-14
1.21965e-14
1.25502e-14
1.28629e-14
1.31346e-14
1.3366e-14
1.35577e-14
1.37105e-14
1.38256e-14
1.3904e-14
1.39471e-14
1.39563e-14
1.39332e-14
1.38793e-14
1.37962e-14
1.36858e-14
1.35496e-14
1.33895e-14
1.32071e-14
1.30043e-14
1.27827e-14
1.25439e-14
1.22897e-14
1.20216e-14
1.17412e-14
1.14499e-14
1.11491e-14
1.08403e-14
1.05245e-14
1.02032e-14
9.87731e-15
9.54798e-15
9.21615e-15
8.88274e-15
8.54857e-15
8.21438e-15
7.88086e-15
7.5486e-15
7.21816e-15
6.89e-15
6.56453e-15
6.2421e-15
5.92298e-15
5.60741e-15
5.29557e-15
4.98757e-15
4.6835e-15
4.38338e-15
4.0872e-15
3.7949e-15
3.50641e-15
3.2216e-15
2.94031e-15
2.66238e-15
2.3876e-15
2.11576e-15
1.84664e-15
1.58003e-15
1.31577e-15
1.05381e-15
7.94442e-16
5.3928e-16
2.986e-16
1.67181e-16
