Vec Object: Vec_0x84000004_8 8 MPI processes
  type: mpi
Process [0]
2.68236e-15
4.88974e-15
8.86929e-15
1.30219e-14
1.71634e-14
2.12433e-14
2.52303e-14
2.90987e-14
3.28236e-14
3.63803e-14
3.97441e-14
4.28901e-14
4.57941e-14
4.84326e-14
5.07836e-14
5.28271e-14
5.45459e-14
5.5927e-14
5.69619e-14
5.7647e-14
5.79845e-14
5.79825e-14
5.7655e-14
5.70215e-14
5.61062e-14
5.49373e-14
5.35459e-14
5.19649e-14
5.02276e-14
4.83668e-14
4.64138e-14
4.43979e-14
4.23456e-14
4.02803e-14
3.82224e-14
3.6189e-14
3.41941e-14
3.22494e-14
3.03638e-14
2.85438e-14
2.67942e-14
2.51181e-14
2.35175e-14
2.19929e-14
2.05441e-14
1.91703e-14
1.78699e-14
1.66411e-14
1.54815e-14
1.43887e-14
1.33601e-14
1.23929e-14
1.14843e-14
1.06316e-14
9.83175e-15
9.08213e-15
8.37996e-15
7.72256e-15
7.10733e-15
6.53175e-15
5.99342e-15
5.48991e-15
5.01903e-15
4.57866e-15
4.16664e-15
3.78101e-15
3.41985e-15
3.08131e-15
2.76366e-15
2.46518e-15
2.18429e-15
1.91942e-15
1.66908e-15
1.43182e-15
1.20622e-15
9.90907e-16
7.84542e-16
5.86001e-16
3.95039e-16
2.17597e-16
1.21269e-16
4.92345e-15
6.41483e-15
9.53701e-15
1.31167e-14
1.68237e-14
2.05369e-14
2.41944e-14
2.77552e-14
3.11875e-14
3.44675e-14
3.76761e-14
4.06182e-14
4.32827e-14
4.56926e-14
4.78993e-14
4.98846e-14
5.14314e-14
5.26631e-14
5.3716e-14
5.43612e-14
5.46193e-14
5.46337e-14
5.44204e-14
5.37937e-14
5.29102e-14
5.1903e-14
5.0661e-14
4.91754e-14
4.7552e-14
4.58252e-14
4.41009e-14
4.22609e-14
4.03534e-14
3.84353e-14
3.65243e-14
3.46356e-14
3.27813e-14
3.09716e-14
2.92143e-14
2.75153e-14
2.5879e-14
2.43084e-14
2.28051e-14
2.137e-14
2.00031e-14
1.87039e-14
1.74712e-14
1.63036e-14
1.5199e-14
1.41555e-14
1.3171e-14
1.22429e-14
1.1369e-14
1.05468e-14
9.77382e-15
9.04757e-15
8.36565e-15
7.72568e-15
7.1255e-15
6.56411e-15
6.03697e-15
5.54244e-15
5.07872e-15
4.64385e-15
4.2359e-15
3.85303e-15
3.49346e-15
3.15549e-15
2.83748e-15
2.53787e-15
2.25517e-15
1.98795e-15
1.73486e-15
1.49466e-15
1.26619e-15
1.04852e-15
8.41083e-16
6.44316e-16
4.61593e-16
3.07097e-16
2.35283e-16
8.89706e-15
9.59789e-15
1.14185e-14
1.3879e-14
1.66511e-14
1.95715e-14
2.25591e-14
2.54782e-14
2.83872e-14
3.1142e-14
3.38027e-14
3.62964e-14
3.85947e-14
4.0701e-14
4.25827e-14
4.42241e-14
4.5609e-14
4.67298e-14
4.75731e-14
4.81406e-14
4.84364e-14
4.8462e-14
4.82299e-14
4.77582e-14
4.70684e-14
4.61773e-14
4.51114e-14
4.39014e-14
4.25547e-14
4.11198e-14
3.96176e-14
3.80417e-14
3.6431e-14
3.48488e-14
3.3212e-14
3.1592e-14
3.00003e-14
2.84443e-14
2.69297e-14
2.54609e-14
2.4041e-14
2.26727e-14
2.13572e-14
2.00956e-14
1.88882e-14
1.77348e-14
1.66349e-14
1.5581e-14
1.45771e-14
1.36338e-14
1.27392e-14
1.18916e-14
1.10892e-14
1.03272e-14
9.60922e-15
8.93327e-15
8.29526e-15
7.69343e-15
7.12588e-15
6.59117e-15
6.08788e-15
5.61323e-15
5.16587e-15
4.74418e-15
4.34658e-15
3.97154e-15
3.61755e-15
3.28319e-15
2.96831e-15
2.67108e-15
2.38759e-15
2.11862e-15
1.86325e-15
1.62068e-15
1.39046e-15
1.17264e-15
9.68308e-16
7.80656e-16
6.17613e-16
4.97223e-16
4.50514e-16
1.25048e-14
1.28881e-14
1.39555e-14
1.55241e-14
1.74645e-14
1.96188e-14
2.18867e-14
2.41976e-14
2.65023e-14
2.87587e-14
3.09279e-14
3.29907e-14
3.49125e-14
3.66761e-14
3.82538e-14
3.96391e-14
4.08127e-14
4.17548e-14
4.24635e-14
4.29331e-14
4.3165e-14
4.31649e-14
4.29449e-14
4.25132e-14
4.18961e-14
4.11087e-14
4.01783e-14
3.91222e-14
3.79655e-14
3.67286e-14
3.54305e-14
3.4094e-14
3.27223e-14
3.13579e-14
2.99618e-14
2.86261e-14
2.72737e-14
2.59442e-14
2.46492e-14
2.33916e-14
2.21721e-14
2.09699e-14
1.98246e-14
1.87325e-14
1.76752e-14
1.66512e-14
1.56859e-14
1.47533e-14
1.38638e-14
1.3021e-14
1.22103e-14
1.14454e-14
1.07158e-14
1.00212e-14
9.36548e-15
8.7404e-15
8.14928e-15
7.58973e-15
7.05855e-15
6.5562e-15
6.08055e-15
5.63039e-15
5.20425e-15
4.80033e-15
4.41763e-15
4.05612e-15
3.71339e-15
3.38737e-15
3.07792e-15
2.78403e-15
2.50541e-15
2.24207e-15
1.99037e-15
1.75176e-15
1.52673e-15
1.31642e-15
1.12336e-15
9.52409e-16
8.12319e-16
7.16974e-16
6.82553e-16
1.55968e-14
1.58293e-14
1.64646e-14
1.74761e-14
1.8775e-14
2.02827e-14
2.19296e-14
2.36573e-14
2.54176e-14
2.71709e-14
2.88797e-14
3.05219e-14
3.20683e-14
3.34982e-14
3.47864e-14
3.59191e-14
3.68707e-14
3.76264e-14
3.81836e-14
3.85372e-14
3.86775e-14
3.86098e-14
3.83552e-14
3.79212e-14
3.73194e-14
3.65775e-14
3.57192e-14
3.47625e-14
3.37251e-14
3.26326e-14
3.15004e-14
3.0344e-14
2.91759e-14
2.80007e-14
2.68378e-14
2.56625e-14
2.45402e-14
2.34328e-14
2.23163e-14
2.12619e-14
2.02368e-14
1.9221e-14
1.82508e-14
1.73028e-14
1.63957e-14
1.55148e-14
1.46694e-14
1.38586e-14
1.30778e-14
1.23297e-14
1.1615e-14
1.09296e-14
1.02746e-14
9.65054e-15
9.05423e-15
8.48558e-15
7.94473e-15
7.42868e-15
6.93828e-15
6.47111e-15
6.02696e-15
5.60434e-15
5.20257e-15
4.8204e-15
4.45676e-15
4.11148e-15
3.78209e-15
3.4692e-15
3.17183e-15
2.8877e-15
2.61761e-15
2.36254e-15
2.11959e-15
1.89014e-15
1.6756e-15
1.47796e-15
1.30216e-15
1.15092e-15
1.03149e-15
9.53952e-16
9.26901e-16
1.82729e-14
1.8421e-14
1.88144e-14
1.9446e-14
2.02812e-14
2.12828e-14
2.24098e-14
2.3626e-14
2.4896e-14
2.61892e-14
2.74774e-14
2.87275e-14
2.99219e-14
3.10247e-14
3.20292e-14
3.29033e-14
3.3638e-14
3.42059e-14
3.45984e-14
3.48029e-14
3.48215e-14
3.46655e-14
3.43329e-14
3.38433e-14
3.32168e-14
3.24717e-14
3.16346e-14
3.07324e-14
2.97796e-14
2.87915e-14
2.77931e-14
2.67858e-14
2.57825e-14
2.47867e-14
2.38128e-14
2.28455e-14
2.18937e-14
2.09722e-14
2.00689e-14
1.91756e-14
1.83176e-14
1.74767e-14
1.66586e-14
1.58647e-14
1.50941e-14
1.43471e-14
1.3624e-14
1.29252e-14
1.22504e-14
1.15998e-14
1.09731e-14
1.03702e-14
9.79051e-15
9.23364e-15
8.69975e-15
8.18776e-15
7.69748e-15
7.22813e-15
6.77903e-15
6.34952e-15
5.93895e-15
5.54666e-15
5.17185e-15
4.81396e-15
4.47227e-15
4.14602e-15
3.83491e-15
3.53762e-15
3.25476e-15
2.98446e-15
2.72793e-15
2.48454e-15
2.25374e-15
2.03878e-15
1.83917e-15
1.65699e-15
1.49652e-15
1.36255e-15
1.26236e-15
1.19845e-15
1.17635e-15
2.05755e-14
2.06406e-14
2.08676e-14
2.12467e-14
2.17583e-14
2.23852e-14
2.31095e-14
2.39098e-14
2.47639e-14
2.5652e-14
2.6555e-14
2.74469e-14
2.83086e-14
2.91178e-14
2.98422e-14
3.04765e-14
3.09875e-14
3.13545e-14
3.15723e-14
3.16087e-14
3.14834e-14
3.11923e-14
3.07458e-14
3.01611e-14
2.94698e-14
2.86825e-14
2.78358e-14
2.69605e-14
2.60642e-14
2.51631e-14
2.42747e-14
2.34041e-14
2.25513e-14
2.17187e-14
2.09152e-14
2.01303e-14
1.93628e-14
1.86053e-14
1.78727e-14
1.71566e-14
1.64573e-14
1.57731e-14
1.51039e-14
1.44501e-14
1.38106e-14
1.3188e-14
1.2581e-14
1.19903e-14
1.14156e-14
1.08579e-14
1.03162e-14
9.79234e-15
9.28521e-15
8.79521e-15
8.32201e-15
7.86581e-15
7.42643e-15
7.00326e-15
6.59653e-15
6.20546e-15
5.82975e-15
5.46901e-15
5.12298e-15
4.79123e-15
4.47337e-15
4.16909e-15
3.87789e-15
3.59944e-15
3.33368e-15
3.08028e-15
2.83929e-15
2.61162e-15
2.39677e-15
2.19727e-15
2.01374e-15
1.84802e-15
1.70581e-15
1.58894e-15
1.50082e-15
1.44619e-15
1.42764e-15
2.24779e-14
2.24972e-14
2.26254e-14
2.28308e-14
2.31111e-14
2.3462e-14
2.38759e-14
2.43452e-14
2.48595e-14
2.54083e-14
2.59764e-14
2.65505e-14
2.7115e-14
2.76469e-14
2.81166e-14
2.85085e-14
2.87997e-14
2.89591e-14
2.89756e-14
2.88373e-14
2.85358e-14
2.80799e-14
2.74876e-14
2.6774e-14
2.59723e-14
2.5124e-14
2.42446e-14
2.33718e-14
2.25239e-14
2.17012e-14
2.09228e-14
2.01838e-14
1.94791e-14
1.88074e-14
1.8173e-14
1.75507e-14
1.69571e-14
1.63672e-14
1.57993e-14
1.52419e-14
1.46944e-14
1.4154e-14
1.36217e-14
1.30984e-14
1.2582e-14
1.20737e-14
1.1574e-14
1.10831e-14
1.06025e-14
1.01314e-14
9.67084e-15
9.22126e-15
8.78264e-15
8.35621e-15
7.94146e-15
7.53884e-15
7.14835e-15
6.77076e-15
6.40543e-15
6.05255e-15
5.71178e-15
5.3831e-15
5.06645e-15
4.76181e-15
4.46905e-15
4.18799e-15
3.91849e-15
3.66048e-15
3.41394e-15
3.17905e-15
2.95597e-15
2.74552e-15
2.54862e-15
2.36559e-15
2.19959e-15
2.05049e-15
1.92352e-15
1.82066e-15
1.74391e-15
1.69684e-15
1.68099e-15
2.39866e-14
2.402e-14
2.40739e-14
2.41548e-14
2.42685e-14
2.44156e-14
2.45964e-14
2.48101e-14
2.50529e-14
2.53228e-14
2.56129e-14
2.59155e-14
2.62099e-14
2.64898e-14
2.6722e-14
2.68895e-14
2.69668e-14
2.69219e-14
2.67292e-14
2.63842e-14
2.58777e-14
2.52169e-14
2.44293e-14
2.355e-14
2.26215e-14
2.16834e-14
2.07674e-14
1.99056e-14
1.91122e-14
1.8385e-14
1.77277e-14
1.71326e-14
1.65867e-14
1.6082e-14
1.56104e-14
1.51575e-14
1.4729e-14
1.43027e-14
1.38861e-14
1.34757e-14
1.30676e-14
1.266e-14
1.22525e-14
1.18464e-14
1.14404e-14
1.1037e-14
1.06351e-14
1.02355e-14
9.83946e-15
9.44762e-15
9.06034e-15
8.67925e-15
8.30441e-15
7.93658e-15
7.57602e-15
7.22378e-15
6.87989e-15
6.54486e-15
6.21926e-15
5.90308e-15
5.59646e-15
5.29924e-15
5.0118e-15
4.73436e-15
4.46702e-15
4.20975e-15
3.96263e-15
3.72582e-15
3.49951e-15
3.28404e-15
3.07984e-15
2.88763e-15
2.70851e-15
2.54384e-15
2.39417e-15
2.26148e-15
2.14777e-15
2.05682e-15
1.98919e-15
1.94805e-15
1.93422e-15
2.52291e-14
2.52251e-14
2.52176e-14
2.52101e-14
2.52035e-14
2.5201e-14
2.52056e-14
2.52202e-14
2.52496e-14
2.52962e-14
2.53539e-14
2.54239e-14
2.5493e-14
2.55502e-14
2.55757e-14
2.55336e-14
2.53957e-14
2.51347e-14
2.47151e-14
2.41354e-14
2.33801e-14
2.24788e-14
2.14557e-14
2.03701e-14
1.92855e-14
1.82598e-14
1.73233e-14
1.65097e-14
1.58104e-14
1.52188e-14
1.47216e-14
1.42998e-14
1.39306e-14
1.36006e-14
1.33046e-14
1.30181e-14
1.27328e-14
1.24565e-14
1.21789e-14
1.18983e-14
1.16126e-14
1.13202e-14
1.10228e-14
1.07187e-14
1.04105e-14
1.00974e-14
9.78101e-15
9.46221e-15
9.14172e-15
8.82058e-15
8.49941e-15
8.17992e-15
7.86332e-15
7.54898e-15
7.23871e-15
6.93301e-15
6.63217e-15
6.33735e-15
6.04887e-15
5.7673e-15
5.49322e-15
5.22634e-15
4.96704e-15
4.71608e-15
4.47373e-15
4.2398e-15
4.01489e-15
3.79925e-15
3.59312e-15
3.39712e-15
3.21183e-15
3.03789e-15
2.87607e-15
2.72883e-15
2.5965e-15
2.47818e-15
2.37704e-15
2.29486e-15
2.23641e-15
2.20112e-15
2.18898e-15
2.61261e-14
2.61155e-14
2.607e-14
2.59979e-14
2.59016e-14
2.57859e-14
2.56565e-14
2.55205e-14
2.5383e-14
2.52493e-14
2.51215e-14
2.50047e-14
2.48815e-14
2.47411e-14
2.45701e-14
2.43347e-14
2.3989e-14
2.35122e-14
2.28562e-14
2.19947e-14
2.09498e-14
1.97382e-14
1.84353e-14
1.71185e-14
1.5883e-14
1.4811e-14
1.39435e-14
1.32707e-14
1.27565e-14
1.23696e-14
1.20756e-14
1.18445e-14
1.16572e-14
1.14923e-14
1.1347e-14
1.11974e-14
1.10401e-14
1.08811e-14
1.0713e-14
1.05337e-14
1.03441e-14
1.0143e-14
9.93084e-15
9.70874e-15
9.47826e-15
9.23976e-15
8.99407e-15
8.74368e-15
8.48821e-15
8.2288e-15
7.96675e-15
Process [1]
7.70359e-15
7.43978e-15
7.17589e-15
6.91339e-15
6.65239e-15
6.39373e-15
6.13818e-15
5.88618e-15
5.63865e-15
5.39621e-15
5.15898e-15
4.92723e-15
4.70232e-15
4.48467e-15
4.27364e-15
4.07097e-15
3.87642e-15
3.69043e-15
3.51382e-15
3.34727e-15
3.1918e-15
3.04638e-15
2.91587e-15
2.80027e-15
2.69606e-15
2.60625e-15
2.53451e-15
2.48317e-15
2.45257e-15
2.44192e-15
2.67403e-14
2.67124e-14
2.66382e-14
2.65178e-14
2.6355e-14
2.61551e-14
2.59248e-14
2.56713e-14
2.54035e-14
2.51281e-14
2.48518e-14
2.45765e-14
2.42963e-14
2.40007e-14
2.36556e-14
2.32414e-14
2.27007e-14
2.19884e-14
2.10526e-14
1.98972e-14
1.84753e-14
1.68815e-14
1.52775e-14
1.38067e-14
1.25685e-14
1.16308e-14
1.09735e-14
1.05351e-14
1.02621e-14
1.01036e-14
1.00134e-14
9.96078e-15
9.92465e-15
9.89278e-15
9.85793e-15
9.80849e-15
9.73903e-15
9.65823e-15
9.55973e-15
9.44494e-15
9.31487e-15
9.17014e-15
9.01231e-15
8.8429e-15
8.66337e-15
8.47481e-15
8.27861e-15
8.07601e-15
7.8673e-15
7.65443e-15
7.43854e-15
7.21999e-15
6.99988e-15
6.77879e-15
6.55753e-15
6.33695e-15
6.11718e-15
5.89906e-15
5.68353e-15
5.47052e-15
5.2606e-15
5.05419e-15
4.85207e-15
4.65539e-15
4.46458e-15
4.27914e-15
4.1011e-15
3.92991e-15
3.7666e-15
3.61163e-15
3.46592e-15
3.33015e-15
3.20357e-15
3.09129e-15
2.99133e-15
2.90168e-15
2.82633e-15
2.76761e-15
2.72503e-15
2.70049e-15
2.69179e-15
2.70616e-14
2.70288e-14
2.69335e-14
2.67775e-14
2.65647e-14
2.6301e-14
2.59943e-14
2.56513e-14
2.52824e-14
2.48976e-14
2.45014e-14
2.41003e-14
2.3692e-14
2.32616e-14
2.27798e-14
2.22041e-14
2.14862e-14
2.05416e-14
1.92853e-14
1.77234e-14
1.58917e-14
1.39842e-14
1.22286e-14
1.08103e-14
9.8026e-15
9.13778e-15
8.74419e-15
8.54796e-15
8.492e-15
8.52056e-15
8.59433e-15
8.68388e-15
8.76833e-15
8.83576e-15
8.88142e-15
8.89847e-15
8.89299e-15
8.86081e-15
8.8033e-15
8.72447e-15
8.6248e-15
8.50786e-15
8.37557e-15
8.22992e-15
8.07357e-15
7.90756e-15
7.73364e-15
7.55434e-15
7.36927e-15
7.18047e-15
6.98899e-15
6.79576e-15
6.6017e-15
6.40705e-15
6.21275e-15
6.01973e-15
5.82823e-15
5.63859e-15
5.45178e-15
5.26795e-15
5.08697e-15
4.90934e-15
4.73586e-15
4.56744e-15
4.40368e-15
4.24527e-15
4.09345e-15
3.9474e-15
3.80895e-15
3.67757e-15
3.55505e-15
3.44047e-15
3.33585e-15
3.24312e-15
3.1584e-15
3.08499e-15
3.02682e-15
2.98296e-15
2.95167e-15
2.93385e-15
2.92741e-15
2.71164e-14
2.70782e-14
2.69669e-14
2.6784e-14
2.65341e-14
2.62228e-14
2.58564e-14
2.54457e-14
2.50009e-14
2.45302e-14
2.40475e-14
2.35522e-14
2.30421e-14
2.25082e-14
2.19194e-14
2.12208e-14
2.03264e-14
1.91383e-14
1.75719e-14
1.5621e-14
1.34741e-14
1.145e-14
9.79803e-15
8.5851e-15
7.78028e-15
7.32624e-15
7.14835e-15
7.16378e-15
7.29678e-15
7.49488e-15
7.7151e-15
7.92907e-15
8.118e-15
8.27185e-15
8.38596e-15
8.46066e-15
8.49665e-15
8.49768e-15
8.46621e-15
8.40607e-15
8.32101e-15
8.21424e-15
8.08954e-15
7.94964e-15
7.79751e-15
7.63519e-15
7.46524e-15
7.28918e-15
7.10856e-15
6.92508e-15
6.73977e-15
6.55386e-15
6.368e-15
6.18295e-15
5.99979e-15
5.8188e-15
5.64085e-15
5.46595e-15
5.29485e-15
5.12757e-15
4.9644e-15
4.80563e-15
4.65187e-15
4.50342e-15
4.36022e-15
4.22272e-15
4.09153e-15
3.96654e-15
3.84858e-15
3.73767e-15
3.63475e-15
3.53948e-15
3.45373e-15
3.37737e-15
3.30794e-15
3.24975e-15
3.20577e-15
3.17373e-15
3.15245e-15
3.13917e-15
3.13477e-15
2.69131e-14
2.68723e-14
2.67493e-14
2.65468e-14
2.6269e-14
2.59218e-14
2.55122e-14
2.50513e-14
2.45488e-14
2.40189e-14
2.34707e-14
2.29082e-14
2.23425e-14
2.17517e-14
2.1096e-14
2.03233e-14
1.93238e-14
1.79619e-14
1.6112e-14
1.38611e-14
1.15777e-14
9.61664e-15
8.06667e-15
6.93796e-15
6.24236e-15
5.94401e-15
5.96384e-15
6.19792e-15
6.53981e-15
6.91493e-15
7.28345e-15
7.61568e-15
7.8988e-15
8.1267e-15
8.29909e-15
8.41708e-15
8.48825e-15
8.51325e-15
8.49448e-15
8.44377e-15
8.36325e-15
8.25714e-15
8.13004e-15
7.9857e-15
7.82739e-15
7.65766e-15
7.48e-15
7.29614e-15
7.10778e-15
6.91751e-15
6.7258e-15
6.53438e-15
6.34433e-15
6.15637e-15
5.97148e-15
5.79009e-15
5.6129e-15
5.44013e-15
5.27229e-15
5.10931e-15
4.9518e-15
4.80007e-15
4.65443e-15
4.51496e-15
4.38176e-15
4.25511e-15
4.13511e-15
4.02213e-15
3.91624e-15
3.81775e-15
3.72709e-15
3.64436e-15
3.57019e-15
3.50425e-15
3.4464e-15
3.39882e-15
3.36276e-15
3.337e-15
3.32028e-15
3.31025e-15
3.30689e-15
2.64665e-14
2.6425e-14
2.62938e-14
2.60771e-14
2.57789e-14
2.54055e-14
2.49662e-14
2.44694e-14
2.39281e-14
2.3359e-14
2.2776e-14
2.21869e-14
2.16016e-14
2.10247e-14
2.03879e-14
1.96471e-14
1.8669e-14
1.72119e-14
1.50928e-14
1.26216e-14
1.02943e-14
8.30647e-15
6.70876e-15
5.56859e-15
4.96467e-15
4.86987e-15
5.14626e-15
5.62652e-15
6.17926e-15
6.72519e-15
7.22067e-15
7.65367e-15
8.01559e-15
8.30272e-15
8.51882e-15
8.67007e-15
8.76249e-15
8.79893e-15
8.79207e-15
8.74788e-15
8.66647e-15
8.55569e-15
8.4208e-15
8.26653e-15
8.09678e-15
7.91434e-15
7.72288e-15
7.52473e-15
7.3217e-15
7.1166e-15
6.91079e-15
6.70587e-15
6.50314e-15
6.30312e-15
6.10718e-15
5.91568e-15
5.72918e-15
5.5488e-15
5.37421e-15
5.206e-15
5.0445e-15
4.88979e-15
4.74239e-15
4.60218e-15
4.46933e-15
4.34389e-15
4.22603e-15
4.11586e-15
4.01347e-15
3.91898e-15
3.83262e-15
3.75457e-15
3.68482e-15
3.6235e-15
3.57094e-15
3.52784e-15
3.49445e-15
3.47033e-15
3.45375e-15
3.44422e-15
3.44184e-15
2.57928e-14
2.57504e-14
2.56139e-14
2.53864e-14
2.50744e-14
2.46849e-14
2.42258e-14
2.37092e-14
2.31492e-14
2.25657e-14
2.19776e-14
2.1409e-14
2.08739e-14
2.03773e-14
1.99066e-14
1.93958e-14
1.85707e-14
1.69222e-14
1.44457e-14
1.17831e-14
9.34322e-15
7.23176e-15
5.53391e-15
4.38576e-15
3.92484e-15
4.1022e-15
4.67721e-15
5.40365e-15
6.14533e-15
6.82882e-15
7.42788e-15
7.93475e-15
8.35026e-15
8.68405e-15
8.93294e-15
9.10825e-15
9.21733e-15
9.267e-15
9.26809e-15
9.21987e-15
9.13628e-15
9.01908e-15
8.87581e-15
8.7101e-15
8.52695e-15
8.33036e-15
8.12282e-15
7.90767e-15
7.6874e-15
7.46428e-15
7.2406e-15
7.01783e-15
6.79721e-15
6.57968e-15
6.36684e-15
6.15928e-15
5.95745e-15
5.76202e-15
5.57398e-15
5.39306e-15
5.21987e-15
5.05443e-15
4.89729e-15
4.74852e-15
4.608e-15
4.47592e-15
4.35228e-15
4.23725e-15
4.13076e-15
4.03308e-15
3.94414e-15
3.86404e-15
3.79275e-15
3.73043e-15
3.67727e-15
3.63336e-15
3.59867e-15
3.57281e-15
3.55466e-15
3.54461e-15
3.54132e-15
2.49095e-14
2.48639e-14
2.47229e-14
2.44907e-14
2.41716e-14
2.37747e-14
2.33069e-14
2.27886e-14
2.2231e-14
2.16649e-14
2.1117e-14
2.06302e-14
2.02395e-14
1.9968e-14
1.98554e-14
1.9756e-14
1.89532e-14
1.68444e-14
1.39675e-14
1.1129e-14
8.56173e-15
6.31913e-15
4.51521e-15
3.36883e-15
3.12442e-15
3.64288e-15
4.5163e-15
5.45437e-15
6.33407e-15
7.11713e-15
7.78946e-15
8.35226e-15
8.81204e-15
9.16947e-15
9.4463e-15
9.6392e-15
9.7606e-15
9.8195e-15
9.82309e-15
9.77502e-15
9.68545e-15
9.57056e-15
9.41771e-15
9.24248e-15
9.04783e-15
8.8373e-15
8.61448e-15
8.38293e-15
8.14541e-15
7.90404e-15
7.66142e-15
7.41939e-15
7.17895e-15
6.9422e-15
6.71015e-15
6.48262e-15
6.26185e-15
6.04819e-15
5.84182e-15
5.64348e-15
5.45334e-15
5.27203e-15
5.09973e-15
4.93633e-15
4.78207e-15
4.63732e-15
4.50165e-15
4.37579e-15
4.25934e-15
4.15249e-15
4.05514e-15
3.96756e-15
3.88951e-15
3.82136e-15
3.76291e-15
3.71417e-15
3.67505e-15
3.64528e-15
3.62418e-15
3.61168e-15
3.6079e-15
2.38353e-14
2.37822e-14
2.36402e-14
2.34063e-14
2.30898e-14
2.26936e-14
2.22346e-14
2.1728e-14
2.12041e-14
2.06936e-14
2.02474e-14
1.99153e-14
1.97793e-14
1.99223e-14
2.03655e-14
2.06378e-14
1.9476e-14
1.67212e-14
1.35548e-14
1.05947e-14
7.91668e-15
5.56039e-15
3.63572e-15
2.5171e-15
2.57292e-15
3.46361e-15
4.58843e-15
5.67521e-15
6.65289e-15
7.50166e-15
8.22718e-15
8.82568e-15
9.31347e-15
9.69722e-15
9.98694e-15
1.01967e-14
1.03288e-14
1.03948e-14
1.04029e-14
1.03583e-14
1.02756e-14
1.0147e-14
9.99313e-15
9.80803e-15
9.6035e-15
9.38196e-15
9.14593e-15
8.90046e-15
8.64682e-15
8.38904e-15
8.12858e-15
7.86787e-15
7.60838e-15
7.35204e-15
7.09971e-15
6.85253e-15
6.61127e-15
6.37721e-15
6.15056e-15
5.93237e-15
5.72266e-15
5.5221e-15
5.33096e-15
5.14917e-15
4.97743e-15
4.81558e-15
4.66375e-15
4.52246e-15
4.39142e-15
4.2707e-15
4.16057e-15
4.06109e-15
3.97229e-15
3.89416e-15
3.82682e-15
3.77016e-15
3.72417e-15
3.68861e-15
3.66347e-15
3.64841e-15
3.64334e-15
2.25875e-14
2.25247e-14
2.23836e-14
2.21548e-14
2.18439e-14
2.14628e-14
2.10284e-14
2.05628e-14
2.01062e-14
1.97014e-14
1.94243e-14
1.93623e-14
1.96151e-14
2.0338e-14
2.14412e-14
2.1717e-14
1.98271e-14
1.65479e-14
1.32141e-14
1.0161e-14
7.39278e-15
4.93105e-15
2.87808e-15
1.85256e-15
2.26614e-15
3.50543e-15
4.80649e-15
5.98698e-15
7.02384e-15
7.9164e-15
8.67029e-15
9.29605e-15
9.80593e-15
1.02087e-14
1.05137e-14
1.07329e-14
1.08764e-14
1.09509e-14
1.09637e-14
1.09238e-14
1.08378e-14
1.07144e-14
1.05593e-14
1.03667e-14
1.01553e-14
9.92525e-15
9.67962e-15
9.42206e-15
9.156e-15
8.88369e-15
8.6078e-15
8.33091e-15
8.05423e-15
7.77894e-15
7.50783e-15
7.24156e-15
6.98026e-15
6.72541e-15
6.47811e-15
6.23918e-15
6.0084e-15
5.78752e-15
5.57571e-15
5.37356e-15
5.18189e-15
5.00036e-15
4.82961e-15
4.66967e-15
4.52063e-15
4.38296e-15
4.25676e-15
4.14204e-15
4.03899e-15
3.94791e-15
3.86883e-15
3.80177e-15
3.7469e-15
3.70418e-15
3.67368e-15
3.65536e-15
3.64932e-15
2.11533e-14
2.11099e-14
2.09745e-14
2.07573e-14
2.04656e-14
2.01138e-14
1.97275e-14
1.93333e-14
1.89881e-14
1.87515e-14
1.87234e-14
1.90249e-14
1.98137e-14
2.12227e-14
2.28223e-14
2.26561e-14
1.99574e-14
1.63579e-14
1.29293e-14
9.80364e-15
6.95997e-15
4.42129e-15
2.23654e-15
1.38915e-15
2.19978e-15
3.69257e-15
5.089e-15
6.32205e-15
7.39302e-15
8.31004e-15
9.08557e-15
9.73145e-15
1.02562e-14
1.06748e-14
1.09936e-14
1.12244e-14
1.13763e-14
1.14598e-14
1.14796e-14
1.14456e-14
1.13633e-14
1.12405e-14
1.10801e-14
1.08947e-14
1.06765e-14
1.04418e-14
1.01894e-14
9.92324e-15
9.64717e-15
9.36339e-15
9.07507e-15
8.78388e-15
8.49198e-15
8.20089e-15
7.91245e-15
7.62771e-15
7.34852e-15
7.07453e-15
6.80761e-15
6.54829e-15
6.29713e-15
6.05479e-15
5.8219e-15
5.59892e-15
5.38594e-15
5.18354e-15
4.99191e-15
4.81161e-15
4.64264e-15
4.48568e-15
4.34081e-15
4.20842e-15
4.0888e-15
3.9823e-15
3.8892e-15
3.80979e-15
3.74436e-15
3.69315e-15
3.65648e-15
3.63449e-15
3.62682e-15
Process [2]
1.95898e-14
1.95568e-14
1.94334e-14
1.92376e-14
1.89783e-14
1.86765e-14
1.83654e-14
1.80839e-14
1.79015e-14
1.79082e-14
1.82164e-14
1.8985e-14
2.03925e-14
2.24857e-14
2.42104e-14
2.33101e-14
1.99517e-14
1.61829e-14
1.26903e-14
9.50616e-15
6.61648e-15
4.02097e-15
1.72377e-15
1.13395e-15
2.33596e-15
3.95307e-15
5.38743e-15
6.64441e-15
7.73064e-15
8.66174e-15
9.4521e-15
1.01109e-14
1.06461e-14
1.10767e-14
1.14073e-14
1.16497e-14
1.18091e-14
1.19043e-14
1.19332e-14
1.19058e-14
1.18297e-14
1.17106e-14
1.15546e-14
1.13662e-14
1.1156e-14
1.0916e-14
1.06573e-14
1.03865e-14
1.01041e-14
9.81166e-15
9.51382e-15
9.21128e-15
8.90692e-15
8.60226e-15
8.29906e-15
7.99877e-15
7.70224e-15
7.41101e-15
7.12566e-15
6.84739e-15
6.57682e-15
6.31432e-15
6.06073e-15
5.8164e-15
5.58236e-15
5.35842e-15
5.14568e-15
4.94367e-15
4.75388e-15
4.57611e-15
4.4112e-15
4.25936e-15
4.12127e-15
3.99754e-15
3.88867e-15
3.79529e-15
3.71789e-15
3.65696e-15
3.61317e-15
3.58687e-15
3.57815e-15
1.79192e-14
1.78911e-14
1.77845e-14
1.76199e-14
1.74126e-14
1.71881e-14
1.69881e-14
1.68698e-14
1.69149e-14
1.72318e-14
1.79548e-14
1.92381e-14
2.12784e-14
2.39286e-14
2.54027e-14
2.36876e-14
1.9897e-14
1.60178e-14
1.24705e-14
9.25281e-15
6.34661e-15
3.73335e-15
1.49636e-15
1.13647e-15
2.58953e-15
4.22639e-15
5.67036e-15
6.92836e-15
8.01904e-15
8.95765e-15
9.75186e-15
1.04179e-14
1.09636e-14
1.14043e-14
1.17471e-14
1.19996e-14
1.21719e-14
1.22757e-14
1.23137e-14
1.22959e-14
1.22274e-14
1.21151e-14
1.19637e-14
1.17803e-14
1.15685e-14
1.13268e-14
1.1071e-14
1.0802e-14
1.05144e-14
1.0217e-14
9.91188e-15
9.60162e-15
9.28764e-15
8.9723e-15
8.65667e-15
8.34316e-15
8.03208e-15
7.72539e-15
7.42379e-15
7.1281e-15
6.83914e-15
6.55808e-15
6.28475e-15
6.02051e-15
5.76549e-15
5.52076e-15
5.28643e-15
5.06333e-15
4.85191e-15
4.65279e-15
4.46672e-15
4.29439e-15
4.13663e-15
3.99425e-15
3.86825e-15
3.75946e-15
3.66876e-15
3.59729e-15
3.54527e-15
3.51406e-15
3.50361e-15
1.61718e-14
1.61342e-14
1.60539e-14
1.59361e-14
1.58015e-14
1.56889e-14
1.5645e-14
1.57463e-14
1.60838e-14
1.67747e-14
1.79553e-14
1.97654e-14
2.23668e-14
2.53484e-14
2.63309e-14
2.3859e-14
1.97957e-14
1.58359e-14
1.22619e-14
9.03364e-15
6.13462e-15
3.56498e-15
1.56535e-15
1.40238e-15
2.88041e-15
4.48055e-15
5.90374e-15
7.156e-15
8.24549e-15
9.18232e-15
9.98005e-15
1.065e-14
1.12051e-14
1.16528e-14
1.20047e-14
1.22683e-14
1.24539e-14
1.25651e-14
1.2617e-14
1.2609e-14
1.25505e-14
1.24471e-14
1.23041e-14
1.21264e-14
1.19195e-14
1.16878e-14
1.14292e-14
1.11563e-14
1.08733e-14
1.0572e-14
1.02636e-14
9.94754e-15
9.6269e-15
9.30345e-15
8.97845e-15
8.65377e-15
8.33116e-15
8.01103e-15
7.69523e-15
7.38426e-15
7.07907e-15
6.78068e-15
6.4895e-15
6.20648e-15
5.93208e-15
5.66715e-15
5.41215e-15
5.16774e-15
4.93499e-15
4.71457e-15
4.50699e-15
4.31371e-15
4.13543e-15
3.97346e-15
3.82915e-15
3.70381e-15
3.59874e-15
3.51522e-15
3.45486e-15
3.41844e-15
3.40631e-15
1.43192e-14
1.43045e-14
1.42654e-14
1.42165e-14
1.41904e-14
1.42273e-14
1.43933e-14
1.47687e-14
1.54533e-14
1.65566e-14
1.8205e-14
2.05037e-14
2.35394e-14
2.66152e-14
2.69945e-14
2.38769e-14
1.96358e-14
1.56411e-14
1.20559e-14
8.84314e-15
5.98563e-15
3.50014e-15
1.7735e-15
1.76861e-15
3.16113e-15
4.69851e-15
6.09607e-15
7.32474e-15
8.40123e-15
9.33096e-15
1.01291e-14
1.0803e-14
1.13625e-14
1.18192e-14
1.218e-14
1.24554e-14
1.26514e-14
1.27769e-14
1.284e-14
1.28444e-14
1.27972e-14
1.27042e-14
1.25717e-14
1.24028e-14
1.22033e-14
1.19767e-14
1.17268e-14
1.14567e-14
1.11718e-14
1.08719e-14
1.05637e-14
1.02449e-14
9.92008e-15
9.59113e-15
9.25921e-15
8.92667e-15
8.59439e-15
8.26354e-15
7.93588e-15
7.61171e-15
7.29233e-15
6.97866e-15
6.6712e-15
6.371e-15
6.07849e-15
5.79484e-15
5.52039e-15
5.25584e-15
5.00241e-15
4.76082e-15
4.53213e-15
4.31754e-15
4.11842e-15
3.93622e-15
3.77275e-15
3.62975e-15
3.50939e-15
3.41305e-15
3.34331e-15
3.30103e-15
3.28606e-15
1.24315e-14
1.24296e-14
1.24442e-14
1.24947e-14
1.26143e-14
1.28588e-14
1.32912e-14
1.39983e-14
1.50731e-14
1.65928e-14
1.86672e-14
2.13801e-14
2.47194e-14
2.7669e-14
2.74051e-14
2.37694e-14
1.94104e-14
1.54181e-14
1.1851e-14
8.6824e-15
5.8923e-15
3.5275e-15
2.03694e-15
2.1287e-15
3.40846e-15
4.87011e-15
6.22019e-15
7.42439e-15
8.48541e-15
9.40709e-15
1.02002e-14
1.08739e-14
1.14385e-14
1.19022e-14
1.22723e-14
1.25594e-14
1.2768e-14
1.29093e-14
1.29818e-14
1.29997e-14
1.29662e-14
1.28866e-14
1.27654e-14
1.2608e-14
1.24183e-14
1.22001e-14
1.19579e-14
1.16951e-14
1.14121e-14
1.1117e-14
1.08079e-14
1.04916e-14
1.0165e-14
9.83317e-15
9.49699e-15
9.15879e-15
8.81931e-15
8.48046e-15
8.14304e-15
7.80794e-15
7.47654e-15
7.14956e-15
6.82798e-15
6.51261e-15
6.20366e-15
5.90267e-15
5.61004e-15
5.32671e-15
5.05363e-15
4.79162e-15
4.54224e-15
4.30672e-15
4.08658e-15
3.88388e-15
3.70062e-15
3.53921e-15
3.40241e-15
3.29219e-15
3.21192e-15
3.16311e-15
3.14675e-15
1.04908e-14
1.05264e-14
1.06224e-14
1.08116e-14
1.11318e-14
1.16424e-14
1.23995e-14
1.3474e-14
1.49443e-14
1.68577e-14
1.93025e-14
2.23264e-14
2.58406e-14
2.84921e-14
2.75738e-14
2.35461e-14
1.91371e-14
1.51659e-14
1.16519e-14
8.55356e-15
5.8597e-15
3.64232e-15
2.33893e-15
2.46275e-15
3.61769e-15
4.99448e-15
6.2877e-15
7.45875e-15
8.49542e-15
9.40535e-15
1.01913e-14
1.08633e-14
1.14332e-14
1.19029e-14
1.22832e-14
1.25802e-14
1.28034e-14
1.29563e-14
1.30457e-14
1.30786e-14
1.30595e-14
1.29941e-14
1.28867e-14
1.27419e-14
1.25646e-14
1.23573e-14
1.21246e-14
1.18697e-14
1.15956e-14
1.13072e-14
1.09995e-14
1.06873e-14
1.03598e-14
1.00281e-14
9.69027e-15
9.34857e-15
9.00483e-15
8.6597e-15
8.315e-15
7.97169e-15
7.63053e-15
7.29258e-15
6.95887e-15
6.62987e-15
6.30674e-15
5.99021e-15
5.68094e-15
5.38012e-15
5.08863e-15
4.80744e-15
4.53816e-15
4.28219e-15
4.04135e-15
3.818e-15
3.61455e-15
3.43413e-15
3.27957e-15
3.15531e-15
3.06266e-15
3.0063e-15
2.9874e-15
8.5639e-15
8.61823e-15
8.83477e-15
9.221e-15
9.81e-15
1.06534e-14
1.1769e-14
1.32301e-14
1.50657e-14
1.73218e-14
2.00474e-14
2.32934e-14
2.68662e-14
2.90773e-14
2.75147e-14
2.32044e-14
1.87916e-14
1.4888e-14
1.14666e-14
8.4704e-15
5.89272e-15
3.82967e-15
2.66989e-15
2.77192e-15
3.79028e-15
5.06015e-15
6.29152e-15
7.42215e-15
8.43407e-15
9.32766e-15
1.01053e-14
1.07759e-14
1.13475e-14
1.18236e-14
1.22134e-14
1.25232e-14
1.2762e-14
1.29264e-14
1.30325e-14
1.30814e-14
1.30787e-14
1.30288e-14
1.29371e-14
1.28072e-14
1.26433e-14
1.24493e-14
1.22282e-14
1.19837e-14
1.17188e-14
1.14364e-14
1.11374e-14
1.08251e-14
1.05045e-14
1.01763e-14
9.83843e-15
9.49611e-15
9.15001e-15
8.80131e-15
8.45158e-15
8.10194e-15
7.75318e-15
7.40669e-15
7.06281e-15
6.72235e-15
6.38682e-15
6.05686e-15
5.73299e-15
5.41614e-15
5.10781e-15
4.8088e-15
4.52078e-15
4.24512e-15
3.98413e-15
3.7403e-15
3.5164e-15
3.3162e-15
3.14361e-15
3.00277e-15
2.8982e-15
2.83434e-15
2.81277e-15
6.59582e-15
6.73769e-15
7.13635e-15
7.80027e-15
8.73058e-15
9.94289e-15
1.14424e-14
1.32641e-14
1.54118e-14
1.79319e-14
2.08582e-14
2.42429e-14
2.77609e-14
2.9415e-14
2.72109e-14
2.27423e-14
1.83985e-14
1.46133e-14
1.13089e-14
8.44145e-15
6.00026e-15
4.09378e-15
3.02516e-15
3.06403e-15
3.92798e-15
5.07814e-15
6.23913e-15
7.32248e-15
8.30333e-15
9.17804e-15
9.94544e-15
1.06122e-14
1.11856e-14
1.16682e-14
1.20678e-14
1.23928e-14
1.26414e-14
1.28234e-14
1.29456e-14
1.30114e-14
1.30265e-14
1.29939e-14
1.29192e-14
1.28057e-14
1.26577e-14
1.2478e-14
1.22706e-14
1.20385e-14
1.17848e-14
1.15118e-14
1.12222e-14
1.09192e-14
1.06003e-14
1.02759e-14
9.94317e-15
9.60113e-15
9.25522e-15
8.90533e-15
8.55292e-15
8.19926e-15
7.84466e-15
7.49167e-15
7.13992e-15
6.79064e-15
6.44462e-15
6.10288e-15
5.76617e-15
5.43566e-15
5.11199e-15
4.79657e-15
4.49107e-15
4.19692e-15
3.91665e-15
3.65256e-15
3.40819e-15
3.1878e-15
2.99593e-15
2.8381e-15
2.71969e-15
2.64696e-15
2.62232e-15
4.69104e-15
4.93124e-15
5.61272e-15
6.65443e-15
7.98954e-15
9.58553e-15
1.1431e-14
1.35442e-14
1.59478e-14
1.8658e-14
2.17073e-14
2.51492e-14
2.85068e-14
2.94894e-14
2.66767e-14
2.21724e-14
1.79805e-14
1.43467e-14
1.12012e-14
8.48639e-15
6.19548e-15
4.42157e-15
3.4066e-15
3.34762e-15
4.03858e-15
5.05609e-15
6.13258e-15
7.15943e-15
8.10448e-15
8.95826e-15
9.71444e-15
1.03778e-14
1.09506e-14
1.14399e-14
1.18455e-14
1.21874e-14
1.24493e-14
1.26498e-14
1.27896e-14
1.28738e-14
1.29076e-14
1.28939e-14
1.28364e-14
1.27412e-14
1.26102e-14
1.24461e-14
1.22545e-14
1.20365e-14
1.17957e-14
1.15344e-14
1.12551e-14
1.09604e-14
1.0652e-14
1.03336e-14
1.00038e-14
9.665e-15
9.32176e-15
8.97223e-15
8.61937e-15
8.26357e-15
7.90602e-15
7.54849e-15
7.19089e-15
6.8346e-15
6.48036e-15
6.12897e-15
5.78146e-15
5.43876e-15
5.10177e-15
4.77187e-15
4.45045e-15
4.13912e-15
3.8404e-15
3.5567e-15
3.2921e-15
3.05119e-15
2.83898e-15
2.66329e-15
2.53051e-15
2.44586e-15
2.41745e-15
2.87198e-15
3.30486e-15
4.44016e-15
5.94988e-15
7.68248e-15
9.60421e-15
1.17208e-14
1.4055e-14
1.66259e-14
1.94639e-14
2.2592e-14
2.60075e-14
2.9058e-14
2.92708e-14
2.59303e-14
2.15216e-14
1.75536e-14
1.41283e-14
1.11676e-14
8.61774e-15
6.47378e-15
4.81361e-15
3.81918e-15
3.63697e-15
4.14002e-15
5.00558e-15
5.97907e-15
6.94281e-15
7.84742e-15
8.67442e-15
9.41797e-15
1.00751e-14
1.06517e-14
1.11475e-14
1.15631e-14
1.19128e-14
1.21934e-14
1.24108e-14
1.25684e-14
1.26721e-14
1.27252e-14
1.2731e-14
1.26942e-14
1.26173e-14
1.25045e-14
1.23585e-14
1.21833e-14
1.19808e-14
1.17543e-14
1.15063e-14
1.12393e-14
1.09553e-14
1.06563e-14
1.03456e-14
1.00211e-14
9.68929e-15
9.35103e-15
9.00348e-15
8.65228e-15
8.29665e-15
7.93787e-15
7.57788e-15
7.21653e-15
6.85523e-15
6.49468e-15
6.13595e-15
5.7797e-15
5.42686e-15
5.07858e-15
4.73575e-15
4.40013e-15
4.07344e-15
3.75727e-15
3.45527e-15
3.17053e-15
2.90879e-15
2.67579e-15
2.48046e-15
2.3295e-15
2.23497e-15
2.2028e-15
1.6091e-15
2.23164e-15
3.92969e-15
5.82462e-15
7.83978e-15
9.98127e-15
1.22713e-14
1.47447e-14
1.74174e-14
2.03196e-14
Process [3]
2.34657e-14
2.6804e-14
2.93657e-14
2.87201e-14
2.50313e-14
2.08587e-14
1.71734e-14
1.39932e-14
1.12344e-14
8.8549e-15
6.84274e-15
5.27273e-15
4.26941e-15
3.94871e-15
4.24942e-15
4.9428e-15
5.79732e-15
6.68528e-15
7.54068e-15
8.33832e-15
9.06195e-15
9.71639e-15
1.02907e-14
1.07906e-14
1.12196e-14
1.15807e-14
1.18764e-14
1.21117e-14
1.22889e-14
1.24115e-14
1.2485e-14
1.25117e-14
1.24946e-14
1.24379e-14
1.23443e-14
1.22174e-14
1.20598e-14
1.18744e-14
1.16636e-14
1.14305e-14
1.1177e-14
1.09055e-14
1.06178e-14
1.03159e-14
1.00021e-14
9.67608e-15
9.342e-15
9.00147e-15
8.65295e-15
8.29945e-15
7.94138e-15
7.58096e-15
7.218e-15
6.85376e-15
6.48905e-15
6.12481e-15
5.76187e-15
5.40092e-15
5.04328e-15
4.68983e-15
4.34173e-15
4.00082e-15
3.66933e-15
3.34993e-15
3.04598e-15
2.76357e-15
2.50855e-15
2.29203e-15
2.12373e-15
2.01433e-15
1.977e-15
1.94738e-15
2.6068e-15
4.33683e-15
6.3147e-15
8.42148e-15
1.06474e-14
1.30306e-14
1.55715e-14
1.82858e-14
2.12009e-14
2.43343e-14
2.75223e-14
2.93506e-14
2.78489e-14
2.4062e-14
2.02267e-14
1.6881e-14
1.39596e-14
1.14085e-14
9.18521e-15
7.30034e-15
5.79746e-15
4.76441e-15
4.2977e-15
4.38887e-15
4.88746e-15
5.60564e-15
6.39766e-15
7.19487e-15
7.95802e-15
8.66047e-15
9.3021e-15
9.87545e-15
1.03821e-14
1.08206e-14
1.11949e-14
1.15061e-14
1.17586e-14
1.19548e-14
1.2098e-14
1.21919e-14
1.22395e-14
1.22436e-14
1.22077e-14
1.21341e-14
1.2027e-14
1.18884e-14
1.1721e-14
1.15275e-14
1.13103e-14
1.10718e-14
1.08141e-14
1.05387e-14
1.02482e-14
9.94406e-15
9.62852e-15
9.30168e-15
8.96592e-15
8.62374e-15
8.27349e-15
7.91854e-15
7.55915e-15
7.19653e-15
6.83125e-15
6.46445e-15
6.09682e-15
5.72915e-15
5.36237e-15
4.99739e-15
4.6352e-15
4.27678e-15
3.92381e-15
3.57853e-15
3.24319e-15
2.92133e-15
2.61803e-15
2.34182e-15
2.10093e-15
1.91076e-15
1.7877e-15
1.74497e-15
3.49779e-15
4.03822e-15
5.43459e-15
7.26915e-15
9.33305e-15
1.15596e-14
1.39497e-14
1.64948e-14
1.92161e-14
2.21071e-14
2.51873e-14
2.80598e-14
2.89284e-14
2.67153e-14
2.31189e-14
1.97096e-14
1.6714e-14
1.40576e-14
1.17022e-14
9.63068e-15
7.84467e-15
6.38207e-15
5.31141e-15
4.69829e-15
4.57763e-15
4.8671e-15
5.42066e-15
6.10306e-15
6.8276e-15
7.54248e-15
8.22077e-15
8.8484e-15
9.41877e-15
9.92829e-15
1.03748e-14
1.07609e-14
1.10874e-14
1.13582e-14
1.15733e-14
1.17363e-14
1.18516e-14
1.19203e-14
1.19458e-14
1.19309e-14
1.18789e-14
1.17922e-14
1.1673e-14
1.15246e-14
1.13491e-14
1.11489e-14
1.09262e-14
1.06834e-14
1.04222e-14
1.01444e-14
9.85177e-15
9.54611e-15
9.22868e-15
8.90139e-15
8.56506e-15
8.22091e-15
7.87017e-15
7.51435e-15
7.15355e-15
6.78933e-15
6.42229e-15
6.05327e-15
5.68301e-15
5.31236e-15
4.94225e-15
4.57337e-15
4.20699e-15
3.84415e-15
3.48715e-15
3.13756e-15
2.79917e-15
2.4762e-15
2.1774e-15
1.91211e-15
1.69708e-15
1.55532e-15
1.50497e-15
5.26853e-15
5.69403e-15
6.85639e-15
8.50352e-15
1.04616e-14
1.26309e-14
1.49773e-14
1.74948e-14
2.01809e-14
2.30247e-14
2.59983e-14
2.82603e-14
2.80826e-14
2.55118e-14
2.23313e-14
1.93782e-14
1.67114e-14
1.42975e-14
1.21183e-14
1.01686e-14
8.46259e-15
7.02456e-15
5.90245e-15
5.15872e-15
4.83545e-15
4.90505e-15
5.2728e-15
5.82208e-15
6.45608e-15
7.11307e-15
7.75775e-15
8.36561e-15
8.92739e-15
9.43787e-15
9.89189e-15
1.02885e-14
1.06306e-14
1.09166e-14
1.115e-14
1.13341e-14
1.14702e-14
1.15601e-14
1.16073e-14
1.16139e-14
1.15828e-14
1.15168e-14
1.14181e-14
1.12891e-14
1.11322e-14
1.09506e-14
1.07446e-14
1.05176e-14
1.02712e-14
1.00072e-14
9.72734e-15
9.43326e-15
9.12646e-15
8.80836e-15
8.48023e-15
8.14342e-15
7.79891e-15
7.44782e-15
7.09091e-15
6.72949e-15
6.36404e-15
5.99561e-15
5.62471e-15
5.25244e-15
4.87923e-15
4.506e-15
4.13388e-15
3.76355e-15
3.39667e-15
3.0356e-15
2.68219e-15
2.34176e-15
2.01955e-15
1.72887e-15
1.48733e-15
1.32179e-15
1.26217e-15
7.05138e-15
7.40855e-15
8.41015e-15
9.90163e-15
1.17223e-14
1.38063e-14
1.60804e-14
1.85479e-14
2.11745e-14
2.39583e-14
2.66261e-14
2.79826e-14
2.69616e-14
2.44745e-14
2.17889e-14
1.92478e-14
1.68669e-14
1.46619e-14
1.26338e-14
1.07913e-14
9.14321e-15
7.71128e-15
6.54124e-15
5.67949e-15
5.17084e-15
5.02304e-15
5.18897e-15
5.58013e-15
6.10361e-15
6.68729e-15
7.28482e-15
7.86739e-15
8.41557e-15
8.92221e-15
9.37913e-15
9.78559e-15
1.01396e-14
1.04428e-14
1.06945e-14
1.08973e-14
1.10534e-14
1.11645e-14
1.12327e-14
1.12605e-14
1.12511e-14
1.12059e-14
1.1128e-14
1.10192e-14
1.0881e-14
1.07177e-14
1.05297e-14
1.03196e-14
1.00889e-14
9.83968e-15
9.57362e-15
9.29231e-15
8.99721e-15
8.6898e-15
8.37131e-15
8.04334e-15
7.70618e-15
7.36159e-15
7.01033e-15
6.65328e-15
6.29121e-15
5.92536e-15
5.55602e-15
5.18383e-15
4.80998e-15
4.43467e-15
4.05898e-15
3.68384e-15
3.30992e-15
2.93958e-15
2.57412e-15
2.21785e-15
1.87481e-15
1.5571e-15
1.28361e-15
1.08814e-15
1.01474e-15
8.82742e-15
9.14033e-15
1.00197e-14
1.13677e-14
1.30733e-14
1.5055e-14
1.72528e-14
1.96431e-14
2.2185e-14
2.48101e-14
2.6895e-14
2.72769e-14
2.58775e-14
2.37585e-14
2.15271e-14
1.9317e-14
1.71754e-14
1.51523e-14
1.3245e-14
1.14769e-14
9.86835e-15
8.43715e-15
7.21967e-15
6.25398e-15
5.58273e-15
5.23242e-15
5.1912e-15
5.40405e-15
5.79272e-15
6.28437e-15
6.82197e-15
7.3665e-15
7.89451e-15
8.3908e-15
8.84789e-15
9.26144e-15
9.62591e-15
9.94255e-15
1.02107e-14
1.0432e-14
1.06071e-14
1.0738e-14
1.08278e-14
1.08774e-14
1.08879e-14
1.0865e-14
1.08075e-14
1.07182e-14
1.06004e-14
1.04557e-14
1.02856e-14
1.00928e-14
9.87856e-15
9.64487e-15
9.39352e-15
9.12594e-15
8.84366e-15
8.54805e-15
8.2405e-15
7.92206e-15
7.59443e-15
7.25771e-15
6.9136e-15
6.56271e-15
6.20583e-15
5.84425e-15
5.47809e-15
5.1083e-15
4.73571e-15
4.36064e-15
3.98403e-15
3.6064e-15
3.22869e-15
2.85192e-15
2.47783e-15
2.10811e-15
1.74805e-15
1.40512e-15
1.0962e-15
8.58178e-16
7.64784e-16
1.05903e-14
1.08638e-14
1.16522e-14
1.28838e-14
1.44789e-14
1.63511e-14
1.84596e-14
2.07477e-14
2.31694e-14
2.5451e-14
2.673e-14
2.6454e-14
2.51326e-14
2.33936e-14
2.15025e-14
1.9547e-14
1.76018e-14
1.57056e-14
1.39007e-14
1.21935e-14
1.06122e-14
9.1778e-15
7.92079e-15
6.87134e-15
6.0636e-15
5.53362e-15
5.29153e-15
5.31535e-15
5.55029e-15
5.92714e-15
6.38511e-15
6.87921e-15
7.37618e-15
7.86034e-15
8.31068e-15
8.72415e-15
9.09536e-15
9.42531e-15
9.70788e-15
9.94589e-15
1.01394e-14
1.02895e-14
1.03981e-14
1.04686e-14
1.05001e-14
1.04975e-14
1.04602e-14
1.03914e-14
1.02931e-14
1.01675e-14
1.00159e-14
9.84084e-15
9.6434e-15
9.42602e-15
9.19002e-15
8.93704e-15
8.66833e-15
8.38555e-15
8.08988e-15
7.78279e-15
7.4645e-15
7.13796e-15
6.80258e-15
6.45939e-15
6.10899e-15
5.7533e-15
5.39273e-15
5.02737e-15
4.65801e-15
4.28571e-15
3.91048e-15
3.53341e-15
3.15449e-15
2.7751e-15
2.39604e-15
2.01796e-15
1.64433e-15
1.27946e-15
9.35419e-16
6.49404e-16
5.24293e-16
1.23275e-14
1.25705e-14
1.32866e-14
1.4417e-14
1.59074e-14
1.76728e-14
1.96749e-14
2.18499e-14
2.40692e-14
2.57634e-14
2.6349e-14
2.5881e-14
2.47734e-14
2.33191e-14
2.1661e-14
1.98927e-14
1.80916e-14
1.6306e-14
1.45729e-14
1.29131e-14
1.13556e-14
9.92035e-15
8.63042e-15
7.51177e-15
6.59619e-15
5.91504e-15
5.49127e-15
5.32829e-15
5.39447e-15
5.63771e-15
5.99851e-15
6.42616e-15
6.88078e-15
7.33631e-15
7.77523e-15
8.18596e-15
8.56157e-15
8.89782e-15
9.19203e-15
9.44428e-15
9.65424e-15
9.82306e-15
9.95142e-15
1.00405e-14
1.00923e-14
1.0109e-14
1.00919e-14
1.00425e-14
9.96402e-15
9.85724e-15
9.72436e-15
9.56694e-15
9.38695e-15
9.18618e-15
8.96598e-15
8.72812e-15
8.47396e-15
8.20483e-15
7.92205e-15
7.6269e-15
7.32072e-15
7.00414e-15
6.67801e-15
6.34387e-15
6.00264e-15
5.65481e-15
5.30125e-15
4.94229e-15
4.57833e-15
4.21087e-15
3.83995e-15
3.46575e-15
3.08934e-15
2.71123e-15
2.33105e-15
1.95057e-15
1.5704e-15
1.19215e-15
8.20148e-16
4.73497e-16
2.96614e-16
1.40366e-14
1.42596e-14
1.49138e-14
1.5957e-14
1.73405e-14
1.9005e-14
2.0934e-14
2.29757e-14
2.47729e-14
2.58714e-14
2.61011e-14
2.56421e-14
2.46916e-14
2.34121e-14
2.19137e-14
2.02835e-14
1.85936e-14
1.68981e-14
1.5228e-14
1.36117e-14
1.20748e-14
1.06395e-14
9.32652e-15
8.15767e-15
7.16158e-15
6.35909e-15
5.77873e-15
5.44218e-15
5.33737e-15
5.43196e-15
5.67667e-15
6.02025e-15
6.41818e-15
6.83772e-15
7.25506e-15
7.65547e-15
8.02897e-15
8.36916e-15
8.67183e-15
8.93568e-15
9.16034e-15
9.34466e-15
9.49078e-15
9.59759e-15
9.66878e-15
9.70409e-15
9.70636e-15
9.6767e-15
9.61686e-15
9.52881e-15
9.41414e-15
9.27481e-15
9.11233e-15
8.92833e-15
8.72449e-15
8.50224e-15
8.26302e-15
8.00829e-15
7.73925e-15
7.45719e-15
7.16317e-15
6.85837e-15
6.54329e-15
6.22086e-15
5.88939e-15
5.55062e-15
5.20546e-15
4.85382e-15
4.49789e-15
4.13774e-15
3.7734e-15
3.40523e-15
3.03435e-15
2.66133e-15
2.28566e-15
1.90831e-15
1.52982e-15
1.15088e-15
7.72351e-16
4.01067e-16
1.90272e-16
1.57156e-14
1.59209e-14
1.65327e-14
1.75133e-14
1.88368e-14
2.04532e-14
2.22569e-14
2.39759e-14
2.52843e-14
2.59801e-14
2.60538e-14
2.56007e-14
2.47352e-14
2.35668e-14
2.21829e-14
2.06583e-14
1.90627e-14
1.74431e-14
1.58333e-14
1.42596e-14
1.27508e-14
1.13225e-14
9.99618e-15
8.7928e-15
7.72798e-15
6.8359e-15
6.13405e-15
5.64643e-15
5.38077e-15
5.32171e-15
5.43633e-15
5.67906e-15
6.00431e-15
6.37522e-15
6.7614e-15
7.14353e-15
7.50881e-15
7.84803e-15
8.15513e-15
8.42763e-15
8.66307e-15
8.86112e-15
9.02254e-15
9.14633e-15
9.23445e-15
9.28803e-15
9.30822e-15
9.29689e-15
9.25579e-15
9.18595e-15
9.08909e-15
8.96744e-15
8.82276e-15
8.65535e-15
8.4683e-15
8.26207e-15
8.03826e-15
7.7985e-15
7.54379e-15
7.27554e-15
6.99472e-15
6.70296e-15
6.39982e-15
6.08908e-15
5.76858e-15
5.44063e-15
5.10567e-15
4.76492e-15
4.41867e-15
4.06754e-15
3.71166e-15
3.35283e-15
2.99096e-15
2.62662e-15
2.26028e-15
1.89291e-15
1.52558e-15
1.16032e-15
8.02207e-16
4.7293e-16
3.06019e-16
Process [4]
1.73576e-14
1.75547e-14
1.81365e-14
1.90839e-14
2.03577e-14
2.18602e-14
2.33852e-14
2.47055e-14
2.56352e-14
2.60829e-14
2.60504e-14
2.55906e-14
2.47785e-14
2.36871e-14
2.23984e-14
2.09705e-14
1.94631e-14
1.7916e-14
1.63662e-14
1.48374e-14
1.3359e-14
1.1946e-14
1.06188e-14
9.39616e-15
8.28911e-15
7.33153e-15
6.53399e-15
5.9234e-15
5.51493e-15
5.30868e-15
5.287e-15
5.41559e-15
5.65383e-15
5.96152e-15
6.30486e-15
6.66018e-15
7.00926e-15
7.34129e-15
7.64837e-15
7.92549e-15
8.16914e-15
8.37793e-15
8.55306e-15
8.69116e-15
8.79381e-15
8.86443e-15
8.90221e-15
8.90784e-15
8.88435e-15
8.83225e-15
8.75303e-15
8.64881e-15
8.52111e-15
8.37097e-15
8.20023e-15
8.01014e-15
7.80214e-15
7.57773e-15
7.33787e-15
7.0841e-15
6.81748e-15
6.53878e-15
6.24981e-15
5.95043e-15
5.64361e-15
5.32743e-15
5.00426e-15
4.67506e-15
4.34031e-15
4.00057e-15
3.65688e-15
3.30963e-15
2.95933e-15
2.60759e-15
2.25541e-15
1.90386e-15
1.55587e-15
1.21643e-15
8.97653e-16
6.35057e-16
5.22731e-16
1.87197e-14
1.89126e-14
1.94777e-14
2.03796e-14
2.15486e-14
2.28396e-14
2.40739e-14
2.50831e-14
2.57619e-14
2.60533e-14
2.59557e-14
2.54983e-14
2.47343e-14
2.37219e-14
2.25184e-14
2.11824e-14
1.97596e-14
1.82879e-14
1.68007e-14
1.53266e-14
1.3887e-14
1.24998e-14
1.11834e-14
9.95493e-15
8.82791e-15
7.82104e-15
6.95539e-15
6.24959e-15
5.7233e-15
5.38385e-15
5.22924e-15
5.23811e-15
5.37686e-15
5.60829e-15
5.89667e-15
6.21465e-15
6.5407e-15
6.85931e-15
7.15972e-15
7.43686e-15
7.68545e-15
7.90183e-15
8.08632e-15
8.23705e-15
8.35407e-15
8.43883e-15
8.49191e-15
8.51389e-15
8.50701e-15
8.47147e-15
8.40929e-15
8.32211e-15
8.21096e-15
8.07756e-15
7.92306e-15
7.74927e-15
7.55725e-15
7.34839e-15
7.12384e-15
6.88511e-15
6.63303e-15
6.36905e-15
6.09366e-15
5.80876e-15
5.51379e-15
5.21262e-15
4.90284e-15
4.58651e-15
4.26487e-15
3.93846e-15
3.60824e-15
3.27516e-15
2.94019e-15
2.60456e-15
2.27033e-15
1.93996e-15
1.6177e-15
1.3116e-15
1.03851e-15
8.33561e-16
7.53212e-16
1.94949e-14
1.96854e-14
2.02367e-14
2.10877e-14
2.21379e-14
2.32441e-14
2.42652e-14
2.50865e-14
2.56202e-14
2.58264e-14
2.57047e-14
2.52707e-14
2.45641e-14
2.36315e-14
2.25207e-14
2.1275e-14
1.99398e-14
1.85497e-14
1.71332e-14
1.57179e-14
1.4325e-14
1.29721e-14
1.1678e-14
1.04568e-14
9.32125e-15
8.28894e-15
7.37742e-15
6.60232e-15
5.98227e-15
5.53183e-15
5.25646e-15
5.14644e-15
5.17973e-15
5.32527e-15
5.5474e-15
5.81741e-15
6.11071e-15
6.40777e-15
6.69627e-15
6.96873e-15
7.21705e-15
7.43784e-15
7.62915e-15
7.78897e-15
7.91776e-15
8.01533e-15
8.08199e-15
8.11899e-15
8.12672e-15
8.10725e-15
8.06101e-15
7.99016e-15
7.89523e-15
7.77781e-15
7.63971e-15
7.48192e-15
7.30595e-15
7.11277e-15
6.90372e-15
6.6804e-15
6.44353e-15
6.19437e-15
5.93422e-15
5.66319e-15
5.38431e-15
5.09571e-15
4.8001e-15
4.49979e-15
4.19326e-15
3.88179e-15
3.56719e-15
3.25032e-15
2.93263e-15
2.61609e-15
2.30321e-15
1.99735e-15
1.70424e-15
1.43376e-15
1.20325e-15
1.04036e-15
9.80504e-16
1.97338e-14
1.99188e-14
2.04463e-14
2.12414e-14
2.21915e-14
2.31707e-14
2.4062e-14
2.47703e-14
2.52278e-14
2.54006e-14
2.52848e-14
2.48929e-14
2.42551e-14
2.34088e-14
2.23906e-14
2.12417e-14
1.99978e-14
1.86926e-14
1.73543e-14
1.60047e-14
1.46665e-14
1.33592e-14
1.20933e-14
1.08899e-14
9.76348e-15
8.72146e-15
7.78215e-15
6.95971e-15
6.27272e-15
5.73369e-15
5.35455e-15
5.13499e-15
5.06305e-15
5.11544e-15
5.2633e-15
5.47562e-15
5.72651e-15
5.99526e-15
6.26629e-15
6.52683e-15
6.76985e-15
6.99078e-15
7.18487e-15
7.35205e-15
7.48907e-15
7.59739e-15
7.67648e-15
7.72587e-15
7.748e-15
7.74328e-15
7.71195e-15
7.65608e-15
7.57666e-15
7.47491e-15
7.35267e-15
7.21073e-15
7.05038e-15
6.87304e-15
6.67983e-15
6.47188e-15
6.25069e-15
6.01698e-15
5.77219e-15
5.51679e-15
5.25284e-15
4.97983e-15
4.70139e-15
4.41529e-15
4.12437e-15
3.8297e-15
3.53247e-15
3.23404e-15
2.93612e-15
2.64094e-15
2.35139e-15
2.07196e-15
1.80912e-15
1.57304e-15
1.37893e-15
1.2479e-15
1.20112e-15
1.9632e-14
1.98033e-14
2.0293e-14
2.10236e-14
2.18886e-14
2.27743e-14
2.35788e-14
2.42159e-14
2.46343e-14
2.48034e-14
2.47135e-14
2.43761e-14
2.3814e-14
2.30563e-14
2.21352e-14
2.10855e-14
1.9939e-14
1.87206e-14
1.74626e-14
1.61866e-14
1.49114e-14
1.36558e-14
1.24375e-14
1.12589e-14
1.01462e-14
9.10897e-15
8.15883e-15
7.30915e-15
6.57501e-15
5.96959e-15
5.50703e-15
5.19206e-15
5.0219e-15
4.98164e-15
5.0488e-15
5.19582e-15
5.3965e-15
5.62832e-15
5.87332e-15
6.11685e-15
6.34984e-15
6.56594e-15
6.76008e-15
6.93081e-15
7.07421e-15
7.19025e-15
7.27839e-15
7.3395e-15
7.37378e-15
7.38195e-15
7.36426e-15
7.3228e-15
7.25809e-15
7.17142e-15
7.06432e-15
6.93789e-15
6.79316e-15
6.63134e-15
6.45385e-15
6.26169e-15
6.0562e-15
5.83838e-15
5.60938e-15
5.37012e-15
5.12219e-15
4.86576e-15
4.60344e-15
4.33407e-15
4.06029e-15
3.78409e-15
3.50613e-15
3.22717e-15
2.94996e-15
2.67719e-15
2.41217e-15
2.15973e-15
1.92635e-15
1.72183e-15
1.56075e-15
1.45474e-15
1.41714e-15
1.93277e-14
1.94871e-14
1.99302e-14
2.05899e-14
2.13737e-14
2.21777e-14
2.29123e-14
2.35004e-14
2.38987e-14
2.40766e-14
2.40227e-14
2.37444e-14
2.3261e-14
2.25934e-14
2.17686e-14
2.08172e-14
1.9765e-14
1.8642e-14
1.74697e-14
1.62683e-14
1.50599e-14
1.38596e-14
1.26886e-14
1.15528e-14
1.04672e-14
9.44492e-15
8.49555e-15
7.63381e-15
6.87048e-15
6.22043e-15
5.69529e-15
5.30298e-15
5.04656e-15
4.91853e-15
4.9039e-15
4.98073e-15
5.12447e-15
5.31208e-15
5.52365e-15
5.74419e-15
5.96233e-15
6.1696e-15
6.3599e-15
6.52894e-15
6.67503e-15
6.79687e-15
6.89259e-15
6.96266e-15
7.0071e-15
7.02645e-15
7.0217e-15
6.99307e-15
6.94222e-15
6.86991e-15
6.77726e-15
6.66576e-15
6.53597e-15
6.38961e-15
6.22772e-15
6.05147e-15
5.8617e-15
5.65994e-15
5.44716e-15
5.22449e-15
4.99332e-15
4.75351e-15
4.50871e-15
4.25696e-15
4.00161e-15
3.74478e-15
3.48584e-15
3.22768e-15
2.97246e-15
2.72326e-15
2.48349e-15
2.25793e-15
2.05288e-15
1.87655e-15
1.73901e-15
1.65051e-15
1.61997e-15
1.89044e-14
1.90417e-14
1.94338e-14
2.00246e-14
2.07322e-14
2.1469e-14
2.21384e-14
2.26941e-14
2.30757e-14
2.32611e-14
2.32449e-14
2.30284e-14
2.2617e-14
2.20346e-14
2.13017e-14
2.04455e-14
1.94952e-14
1.84565e-14
1.73694e-14
1.62517e-14
1.51252e-14
1.39868e-14
1.28683e-14
1.17749e-14
1.07261e-14
9.72703e-15
8.79051e-15
7.92866e-15
7.15284e-15
6.47324e-15
5.90335e-15
5.45098e-15
5.12295e-15
4.91679e-15
4.82477e-15
4.83018e-15
4.91252e-15
5.05015e-15
5.22269e-15
5.41405e-15
5.61141e-15
5.80454e-15
5.98627e-15
6.15185e-15
6.2977e-15
6.42119e-15
6.52185e-15
6.59892e-15
6.65185e-15
6.68106e-15
6.68676e-15
6.66995e-15
6.63155e-15
6.57258e-15
6.49389e-15
6.39615e-15
6.2813e-15
6.14992e-15
6.00337e-15
5.84254e-15
5.66894e-15
5.48325e-15
5.28689e-15
5.08106e-15
4.86654e-15
4.64451e-15
4.41723e-15
4.18436e-15
3.9476e-15
3.71e-15
3.47185e-15
3.23496e-15
3.00221e-15
2.77656e-15
2.5615e-15
2.36164e-15
2.18252e-15
2.03108e-15
1.9147e-15
1.84109e-15
1.81596e-15
1.84128e-14
1.85318e-14
1.88724e-14
1.9415e-14
2.00202e-14
2.069e-14
2.13278e-14
2.18317e-14
2.22052e-14
2.23915e-14
2.24111e-14
2.22489e-14
2.19078e-14
2.14068e-14
2.0765e-14
2.00012e-14
1.91384e-14
1.81966e-14
1.71966e-14
1.61569e-14
1.51049e-14
1.40329e-14
1.29758e-14
1.19199e-14
1.09296e-14
9.94931e-15
9.03607e-15
8.18527e-15
7.40861e-15
6.71793e-15
6.11769e-15
5.62185e-15
5.23694e-15
4.96615e-15
4.80426e-15
4.74112e-15
4.76109e-15
4.84492e-15
4.97377e-15
5.13091e-15
5.30212e-15
5.47602e-15
5.64493e-15
5.80248e-15
5.94397e-15
6.06705e-15
6.16985e-15
6.25127e-15
6.31016e-15
6.3471e-15
6.36206e-15
6.3557e-15
6.32879e-15
6.28175e-15
6.21586e-15
6.13176e-15
6.03079e-15
5.91408e-15
5.78237e-15
5.63705e-15
5.47898e-15
5.30941e-15
5.12962e-15
4.94051e-15
4.74317e-15
4.53955e-15
4.32916e-15
4.11599e-15
3.89875e-15
3.68018e-15
3.46282e-15
3.24787e-15
3.03736e-15
2.83481e-15
2.64347e-15
2.46751e-15
2.31182e-15
2.18191e-15
2.08348e-15
2.0218e-15
2.00077e-15
1.78856e-14
1.79897e-14
1.82887e-14
1.87569e-14
1.93067e-14
1.99096e-14
2.0471e-14
2.09488e-14
2.12978e-14
2.15065e-14
2.15513e-14
2.14314e-14
2.11538e-14
2.07273e-14
2.01673e-14
1.94903e-14
1.87166e-14
1.78588e-14
1.69477e-14
1.59891e-14
1.50009e-14
1.40007e-14
1.30016e-14
1.20159e-14
1.10577e-14
1.01225e-14
9.23746e-15
8.40439e-15
7.64122e-15
6.93976e-15
6.32625e-15
5.80398e-15
5.37842e-15
5.05419e-15
4.83285e-15
4.70757e-15
4.66717e-15
4.69624e-15
4.77807e-15
4.89615e-15
5.03674e-15
5.18749e-15
5.33875e-15
5.48442e-15
5.61854e-15
5.73758e-15
5.83957e-15
5.92258e-15
5.98556e-15
6.02844e-15
6.05096e-15
6.05334e-15
6.03602e-15
5.99983e-15
5.9458e-15
5.87429e-15
5.78654e-15
5.68351e-15
5.56634e-15
5.43596e-15
5.29334e-15
5.13978e-15
4.97618e-15
4.80394e-15
4.6242e-15
4.43755e-15
4.24671e-15
4.05078e-15
3.85413e-15
3.65572e-15
3.45847e-15
3.26458e-15
3.07626e-15
2.89578e-15
2.72677e-15
2.57284e-15
2.43806e-15
2.32667e-15
2.24325e-15
2.19148e-15
2.17378e-15
1.73425e-14
1.74342e-14
1.76986e-14
1.81037e-14
1.86025e-14
1.91286e-14
1.96314e-14
2.00684e-14
2.04039e-14
2.06117e-14
2.06782e-14
2.0599e-14
2.03753e-14
2.00135e-14
1.95262e-14
1.8931e-14
1.82385e-14
1.74678e-14
1.66343e-14
1.57539e-14
1.48423e-14
1.39114e-14
1.29737e-14
1.20431e-14
1.11293e-14
1.02433e-14
9.39126e-15
8.58491e-15
7.8348e-15
7.14244e-15
6.52768e-15
5.98375e-15
5.52988e-15
5.17088e-15
4.90111e-15
4.72099e-15
4.62543e-15
4.6015e-15
4.63527e-15
4.71204e-15
4.81779e-15
4.941e-15
5.07146e-15
5.20106e-15
5.32406e-15
5.43627e-15
5.53426e-15
5.61642e-15
5.68108e-15
5.72725e-15
5.7552e-15
5.76472e-15
5.75562e-15
5.72926e-15
5.68562e-15
5.62547e-15
5.5503e-15
5.46032e-15
5.35694e-15
5.24077e-15
5.11326e-15
4.97512e-15
4.8277e-15
4.672e-15
4.50925e-15
4.34091e-15
4.16715e-15
3.99141e-15
3.81261e-15
3.6343e-15
3.45798e-15
3.28462e-15
3.11713e-15
2.95816e-15
2.81039e-15
2.67694e-15
2.56098e-15
2.46631e-15
2.39555e-15
2.35214e-15
2.33731e-15
1.67961e-14
1.68776e-14
1.71112e-14
1.74644e-14
1.7894e-14
1.83611e-14
1.88134e-14
1.92129e-14
1.9526e-14
1.9731e-14
Process [5]
1.98127e-14
1.97639e-14
1.95852e-14
1.92815e-14
1.88617e-14
1.8337e-14
1.77212e-14
1.70278e-14
1.62717e-14
1.54667e-14
1.46265e-14
1.37642e-14
1.28914e-14
1.20177e-14
1.11556e-14
1.03144e-14
9.50255e-15
8.72796e-15
7.99878e-15
7.3235e-15
6.70785e-15
6.16381e-15
5.69169e-15
5.30456e-15
4.99907e-15
4.77323e-15
4.62938e-15
4.5561e-15
4.54338e-15
4.57775e-15
4.64732e-15
4.73958e-15
4.84488e-15
4.95505e-15
5.06353e-15
5.1651e-15
5.25679e-15
5.33498e-15
5.39875e-15
5.44649e-15
5.4778e-15
5.49227e-15
5.49016e-15
5.47157e-15
5.43719e-15
5.38764e-15
5.32362e-15
5.24587e-15
5.15534e-15
5.05305e-15
4.93963e-15
4.81668e-15
4.68489e-15
4.54554e-15
4.39942e-15
4.24807e-15
4.09305e-15
3.93439e-15
3.77544e-15
3.61636e-15
3.45897e-15
3.30561e-15
3.15819e-15
3.01876e-15
2.88995e-15
2.77452e-15
2.67501e-15
2.59392e-15
2.53429e-15
2.49731e-15
2.48499e-15
1.6255e-14
1.63266e-14
1.65234e-14
1.683e-14
1.72094e-14
1.76202e-14
1.80245e-14
1.83852e-14
1.86763e-14
1.88737e-14
1.89639e-14
1.89395e-14
1.87983e-14
1.85437e-14
1.81818e-14
1.77221e-14
1.71757e-14
1.65544e-14
1.58709e-14
1.51376e-14
1.43669e-14
1.35711e-14
1.27608e-14
1.19457e-14
1.11373e-14
1.03435e-14
9.57203e-15
8.83203e-15
8.13055e-15
7.47606e-15
6.87312e-15
6.32977e-15
5.85315e-15
5.4456e-15
5.1134e-15
4.85476e-15
4.67118e-15
4.55454e-15
4.49855e-15
4.49171e-15
4.52331e-15
4.583e-15
4.66126e-15
4.74886e-15
4.83956e-15
4.92771e-15
5.00951e-15
5.08156e-15
5.14176e-15
5.18853e-15
5.22088e-15
5.23846e-15
5.24126e-15
5.22917e-15
5.2027e-15
5.1621e-15
5.10816e-15
5.04151e-15
4.96302e-15
4.8735e-15
4.77394e-15
4.66522e-15
4.54843e-15
4.42461e-15
4.29496e-15
4.1601e-15
4.02217e-15
3.88172e-15
3.74077e-15
3.59965e-15
3.46149e-15
3.32702e-15
3.19815e-15
3.07713e-15
2.96602e-15
2.8669e-15
2.78209e-15
2.71371e-15
2.66317e-15
2.63213e-15
2.62178e-15
1.57217e-14
1.57822e-14
1.5954e-14
1.62185e-14
1.65487e-14
1.69093e-14
1.7267e-14
1.75931e-14
1.78588e-14
1.80459e-14
1.81404e-14
1.81337e-14
1.80233e-14
1.78103e-14
1.7499e-14
1.70969e-14
1.66132e-14
1.60584e-14
1.5442e-14
1.4776e-14
1.40725e-14
1.33406e-14
1.2591e-14
1.18346e-14
1.10787e-14
1.03339e-14
9.60578e-15
8.90415e-15
8.23505e-15
7.60268e-15
7.01713e-15
6.48332e-15
6.00687e-15
5.59216e-15
5.24248e-15
4.96056e-15
4.74394e-15
4.59119e-15
4.49583e-15
4.45049e-15
4.44568e-15
4.47203e-15
4.52078e-15
4.58436e-15
4.65464e-15
4.72636e-15
4.79542e-15
4.8578e-15
4.91198e-15
4.95543e-15
4.98681e-15
5.00573e-15
5.01146e-15
5.00425e-15
4.98371e-15
4.95078e-15
4.9056e-15
4.84882e-15
4.78136e-15
4.70357e-15
4.61681e-15
4.52147e-15
4.41885e-15
4.30985e-15
4.19554e-15
4.0772e-15
3.9551e-15
3.83221e-15
3.70762e-15
3.58476e-15
3.46395e-15
3.34672e-15
3.2352e-15
3.13098e-15
3.03521e-15
2.95034e-15
2.87809e-15
2.81979e-15
2.77705e-15
2.7511e-15
2.74237e-15
1.52009e-14
1.52501e-14
1.53991e-14
1.56284e-14
1.59141e-14
1.62293e-14
1.65459e-14
1.68361e-14
1.70776e-14
1.72523e-14
1.7347e-14
1.73529e-14
1.72672e-14
1.7089e-14
1.68216e-14
1.64704e-14
1.60429e-14
1.55474e-14
1.49938e-14
1.43919e-14
1.37505e-14
1.30807e-14
1.23905e-14
1.16904e-14
1.0988e-14
1.0291e-14
9.60742e-15
8.94436e-15
8.30924e-15
7.70646e-15
7.14258e-15
6.62386e-15
6.1541e-15
5.73805e-15
5.37928e-15
5.08029e-15
4.84052e-15
4.65824e-15
4.53009e-15
4.45009e-15
4.41101e-15
4.40485e-15
4.42397e-15
4.46068e-15
4.50874e-15
4.56187e-15
4.61572e-15
4.6666e-15
4.71183e-15
4.74968e-15
4.77841e-15
4.79589e-15
4.80246e-15
4.79799e-15
4.7822e-15
4.75528e-15
4.71746e-15
4.66938e-15
4.6113e-15
4.54441e-15
4.46901e-15
4.38619e-15
4.29671e-15
4.20153e-15
4.10163e-15
3.9983e-15
3.89217e-15
3.78453e-15
3.67652e-15
3.57002e-15
3.46512e-15
3.36411e-15
3.26825e-15
3.17881e-15
3.09738e-15
3.02544e-15
2.9644e-15
2.91553e-15
2.87985e-15
2.85811e-15
2.8508e-15
1.46911e-14
1.47356e-14
1.48626e-14
1.50587e-14
1.53056e-14
1.55807e-14
1.58579e-14
1.61157e-14
1.63332e-14
1.64943e-14
1.65864e-14
1.66013e-14
1.65347e-14
1.63857e-14
1.61558e-14
1.58495e-14
1.54724e-14
1.50315e-14
1.45353e-14
1.39917e-14
1.34105e-14
1.2799e-14
1.21658e-14
1.1521e-14
1.087e-14
1.02238e-14
9.58414e-15
8.96184e-15
8.36152e-15
7.78986e-15
7.25031e-15
6.74932e-15
6.29244e-15
5.88249e-15
5.52033e-15
5.2112e-15
4.95494e-15
4.75053e-15
4.59553e-15
4.48571e-15
4.4156e-15
4.37891e-15
4.36895e-15
4.37904e-15
4.40322e-15
4.43596e-15
4.47304e-15
4.51018e-15
4.54464e-15
4.57421e-15
4.59688e-15
4.61138e-15
4.61686e-15
4.61317e-15
4.60005e-15
4.57745e-15
4.5454e-15
4.50411e-15
4.45451e-15
4.3968e-15
4.33164e-15
4.25997e-15
4.18257e-15
4.10029e-15
4.01362e-15
3.92359e-15
3.83204e-15
3.73847e-15
3.64594e-15
3.55368e-15
3.46369e-15
3.37755e-15
3.29579e-15
3.21986e-15
3.15108e-15
3.09057e-15
3.03938e-15
2.99847e-15
2.96863e-15
2.95048e-15
2.94439e-15
1.41952e-14
1.42331e-14
1.43401e-14
1.45093e-14
1.47227e-14
1.49606e-14
1.52036e-14
1.54312e-14
1.56256e-14
1.57725e-14
1.58601e-14
1.58807e-14
1.58295e-14
1.57047e-14
1.55073e-14
1.52403e-14
1.49079e-14
1.45166e-14
1.40727e-14
1.35838e-14
1.30572e-14
1.25017e-14
1.19239e-14
1.13308e-14
1.07312e-14
1.01322e-14
9.53858e-15
8.95808e-15
8.39432e-15
7.85439e-15
7.34282e-15
6.86377e-15
6.42337e-15
6.0208e-15
5.66271e-15
5.35006e-15
5.08378e-15
4.86304e-15
4.68743e-15
4.55293e-15
4.45587e-15
4.39138e-15
4.35391e-15
4.33792e-15
4.33809e-15
4.34949e-15
4.36771e-15
4.38908e-15
4.41059e-15
4.4298e-15
4.44474e-15
4.45403e-15
4.45661e-15
4.4518e-15
4.43932e-15
4.41898e-15
4.39074e-15
4.35489e-15
4.31171e-15
4.26194e-15
4.20541e-15
4.1435e-15
4.07669e-15
4.00565e-15
3.93088e-15
3.85323e-15
3.77435e-15
3.69453e-15
3.61509e-15
3.53612e-15
3.45993e-15
3.38667e-15
3.31735e-15
3.2533e-15
3.19545e-15
3.14471e-15
3.10192e-15
3.06762e-15
3.04188e-15
3.0266e-15
3.02151e-15
1.37098e-14
1.37403e-14
1.38345e-14
1.39788e-14
1.41624e-14
1.43688e-14
1.45804e-14
1.47807e-14
1.49534e-14
1.50864e-14
1.51684e-14
1.51924e-14
1.51533e-14
1.5049e-14
1.48797e-14
1.46472e-14
1.43552e-14
1.40085e-14
1.36127e-14
1.31741e-14
1.26995e-14
1.21961e-14
1.167e-14
1.11292e-14
1.0579e-14
1.00266e-14
9.47732e-15
8.93714e-15
8.41145e-15
7.90533e-15
7.423e-15
6.96746e-15
6.54501e-15
6.15672e-15
5.80593e-15
5.49469e-15
5.22307e-15
4.99247e-15
4.80111e-15
4.64707e-15
4.52773e-15
4.43885e-15
4.37636e-15
4.33559e-15
4.31223e-15
4.30188e-15
4.30053e-15
4.30476e-15
4.31164e-15
4.31857e-15
4.32372e-15
4.32563e-15
4.32303e-15
4.3151e-15
4.30127e-15
4.28128e-15
4.25511e-15
4.22272e-15
4.18441e-15
4.1404e-15
4.09128e-15
4.03745e-15
3.97945e-15
3.91794e-15
3.85377e-15
3.78763e-15
3.71942e-15
3.65162e-15
3.58323e-15
3.51652e-15
3.45198e-15
3.38982e-15
3.33148e-15
3.27773e-15
3.22924e-15
3.18651e-15
3.15068e-15
3.12219e-15
3.10149e-15
3.08892e-15
3.08471e-15
1.32342e-14
1.32613e-14
1.33409e-14
1.34649e-14
1.36231e-14
1.38016e-14
1.39859e-14
1.41617e-14
1.43149e-14
1.44345e-14
1.45107e-14
1.45366e-14
1.45073e-14
1.44205e-14
1.42755e-14
1.40742e-14
1.3818e-14
1.35115e-14
1.31603e-14
1.27685e-14
1.23427e-14
1.18884e-14
1.1412e-14
1.09196e-14
1.04171e-14
9.91043e-15
9.40533e-15
8.90614e-15
8.41808e-15
7.94538e-15
7.49364e-15
7.06508e-15
6.66251e-15
6.29066e-15
5.95083e-15
5.6443e-15
5.37226e-15
5.13579e-15
4.93413e-15
4.76536e-15
4.6273e-15
4.51775e-15
4.43319e-15
4.36982e-15
4.32423e-15
4.29249e-15
4.27127e-15
4.25752e-15
4.24843e-15
4.2417e-15
4.23536e-15
4.22785e-15
4.21797e-15
4.20472e-15
4.18757e-15
4.16605e-15
4.13985e-15
4.109e-15
4.0735e-15
4.03378e-15
3.98983e-15
3.94226e-15
3.89145e-15
3.83802e-15
3.78217e-15
3.72498e-15
3.66708e-15
3.60865e-15
3.55062e-15
3.49435e-15
3.43922e-15
3.38675e-15
3.33766e-15
3.2926e-15
3.25196e-15
3.2165e-15
3.18675e-15
3.16313e-15
3.14599e-15
3.1356e-15
3.13212e-15
1.27678e-14
1.27917e-14
1.28594e-14
1.29661e-14
1.31021e-14
1.32569e-14
1.34173e-14
1.35715e-14
1.37071e-14
1.38149e-14
1.38856e-14
1.39127e-14
1.38918e-14
1.38202e-14
1.3697e-14
1.35229e-14
1.32998e-14
1.3031e-14
1.27202e-14
1.23719e-14
1.19913e-14
1.15838e-14
1.11542e-14
1.0709e-14
1.02525e-14
9.78993e-15
9.32715e-15
8.86844e-15
8.41838e-15
7.98087e-15
7.55957e-15
7.15689e-15
6.77832e-15
6.42433e-15
6.09737e-15
5.79824e-15
5.5298e-15
5.29151e-15
5.08323e-15
4.90393e-15
4.75201e-15
4.62537e-15
4.52175e-15
4.4383e-15
4.37196e-15
4.31991e-15
4.27925e-15
4.24725e-15
4.22147e-15
4.19984e-15
4.18052e-15
4.16197e-15
4.14296e-15
4.12254e-15
4.09994e-15
4.07472e-15
4.04638e-15
4.01497e-15
3.9803e-15
3.94259e-15
3.90197e-15
3.85866e-15
3.81303e-15
3.76543e-15
3.71664e-15
3.66648e-15
3.61629e-15
3.56563e-15
3.51644e-15
3.46771e-15
3.42087e-15
3.37681e-15
3.33558e-15
3.29755e-15
3.26348e-15
3.23379e-15
3.20889e-15
3.18918e-15
3.17495e-15
3.16634e-15
3.16346e-15
1.23086e-14
1.23283e-14
1.23877e-14
1.24792e-14
1.2597e-14
1.27311e-14
1.28717e-14
1.30073e-14
1.31283e-14
1.32255e-14
1.32914e-14
1.33199e-14
1.33066e-14
1.32487e-14
1.31452e-14
1.29962e-14
1.28035e-14
1.25686e-14
1.22958e-14
1.19879e-14
1.16504e-14
1.12868e-14
1.09019e-14
1.05013e-14
1.00891e-14
9.67088e-15
9.24981e-15
8.82993e-15
8.41693e-15
8.01356e-15
7.62323e-15
7.24849e-15
6.89266e-15
6.55813e-15
6.24627e-15
5.95866e-15
5.69648e-15
5.45946e-15
5.24796e-15
5.06162e-15
4.89887e-15
4.75884e-15
4.63935e-15
4.53838e-15
4.45345e-15
4.38247e-15
4.32317e-15
4.27319e-15
4.23054e-15
4.19326e-15
4.15983e-15
4.12886e-15
4.09906e-15
4.06955e-15
4.03958e-15
4.00858e-15
3.97608e-15
3.94192e-15
3.90587e-15
3.86804e-15
3.82845e-15
3.78725e-15
3.74468e-15
3.70117e-15
3.65656e-15
3.61206e-15
3.56702e-15
3.52317e-15
3.47945e-15
3.43733e-15
3.39749e-15
3.35936e-15
3.32387e-15
3.29149e-15
3.26261e-15
3.23758e-15
3.21671e-15
3.20013e-15
3.18803e-15
3.18075e-15
3.17833e-15
Process [6]
1.18548e-14
1.18716e-14
1.19226e-14
1.20021e-14
1.21048e-14
1.22223e-14
1.23459e-14
1.24663e-14
1.25751e-14
1.26641e-14
1.27265e-14
1.27568e-14
1.27509e-14
1.27061e-14
1.26211e-14
1.24957e-14
1.23308e-14
1.21282e-14
1.18907e-14
1.16212e-14
1.1324e-14
1.10023e-14
1.0661e-14
1.03033e-14
9.93305e-15
9.55599e-15
9.17522e-15
8.79478e-15
8.41847e-15
8.04905e-15
7.68907e-15
7.34276e-15
7.01137e-15
6.69726e-15
6.4016e-15
6.12613e-15
5.87208e-15
5.63908e-15
5.42754e-15
5.23681e-15
5.06697e-15
4.91632e-15
4.78357e-15
4.66783e-15
4.56665e-15
4.47863e-15
4.40176e-15
4.33442e-15
4.2748e-15
4.22177e-15
4.17349e-15
4.12891e-15
4.08696e-15
4.04677e-15
4.00754e-15
3.96876e-15
3.92997e-15
3.89086e-15
3.85123e-15
3.81102e-15
3.77018e-15
3.72883e-15
3.68712e-15
3.64498e-15
3.60309e-15
3.56124e-15
3.52025e-15
3.47957e-15
3.4408e-15
3.40325e-15
3.36732e-15
3.33367e-15
3.30263e-15
3.27481e-15
3.24977e-15
3.22804e-15
3.2099e-15
3.19565e-15
3.18536e-15
3.17907e-15
3.17701e-15
1.1404e-14
1.14185e-14
1.14625e-14
1.15326e-14
1.16229e-14
1.17268e-14
1.18371e-14
1.19457e-14
1.2045e-14
1.21282e-14
1.21888e-14
1.22221e-14
1.22241e-14
1.21923e-14
1.21252e-14
1.20222e-14
1.18842e-14
1.1712e-14
1.15083e-14
1.12753e-14
1.10165e-14
1.07345e-14
1.04333e-14
1.01173e-14
9.78857e-15
9.45189e-15
9.11053e-15
8.76794e-15
8.42639e-15
8.09128e-15
7.76219e-15
7.44364e-15
7.13635e-15
6.84274e-15
6.5649e-15
6.30298e-15
6.05784e-15
5.83122e-15
5.62143e-15
5.42954e-15
5.25448e-15
5.09609e-15
4.953e-15
4.82465e-15
4.70934e-15
4.60612e-15
4.513e-15
4.42929e-15
4.35348e-15
4.28442e-15
4.22109e-15
4.16216e-15
4.107e-15
4.05468e-15
4.00457e-15
3.9562e-15
3.90905e-15
3.86287e-15
3.81739e-15
3.77249e-15
3.72809e-15
3.68419e-15
3.6408e-15
3.598e-15
3.55612e-15
3.51492e-15
3.47509e-15
3.43668e-15
3.39943e-15
3.36415e-15
3.33147e-15
3.30059e-15
3.27217e-15
3.24653e-15
3.22385e-15
3.20433e-15
3.18815e-15
3.17538e-15
3.16623e-15
3.16067e-15
3.15882e-15
1.09539e-14
1.09662e-14
1.10053e-14
1.10676e-14
1.11487e-14
1.12424e-14
1.13426e-14
1.14426e-14
1.15356e-14
1.16152e-14
1.16763e-14
1.17142e-14
1.17253e-14
1.17071e-14
1.16578e-14
1.15772e-14
1.1465e-14
1.13225e-14
1.11513e-14
1.09533e-14
1.07313e-14
1.04882e-14
1.02265e-14
9.94967e-15
9.66132e-15
9.36298e-15
9.05995e-15
8.75438e-15
8.44804e-15
8.14501e-15
7.8466e-15
7.55574e-15
7.27214e-15
7.00013e-15
6.73966e-15
6.49159e-15
6.25729e-15
6.0374e-15
5.83132e-15
5.63987e-15
5.4618e-15
5.2976e-15
5.14644e-15
5.00752e-15
4.87987e-15
4.76318e-15
4.65549e-15
4.55645e-15
4.46524e-15
4.38067e-15
4.30193e-15
4.22831e-15
4.159e-15
4.09347e-15
4.03106e-15
3.97137e-15
3.91404e-15
3.85875e-15
3.80524e-15
3.75337e-15
3.70298e-15
3.65407e-15
3.60665e-15
3.56068e-15
3.51627e-15
3.47356e-15
3.43239e-15
3.39349e-15
3.35648e-15
3.32143e-15
3.28877e-15
3.25866e-15
3.23175e-15
3.20739e-15
3.18576e-15
3.16722e-15
3.1519e-15
3.13989e-15
3.13123e-15
3.12605e-15
3.1243e-15
1.04981e-14
1.05118e-14
1.05475e-14
1.06046e-14
1.06789e-14
1.07657e-14
1.08595e-14
1.09541e-14
1.1044e-14
1.11234e-14
1.11875e-14
1.12321e-14
1.12538e-14
1.12502e-14
1.12197e-14
1.11615e-14
1.10752e-14
1.09618e-14
1.08225e-14
1.06587e-14
1.0473e-14
1.0267e-14
1.0043e-14
9.8051e-15
9.55503e-15
9.29508e-15
9.02898e-15
8.75849e-15
8.48661e-15
8.21451e-15
7.94552e-15
7.68106e-15
7.42213e-15
7.17071e-15
6.92804e-15
6.69464e-15
6.47169e-15
6.25923e-15
6.05802e-15
5.86828e-15
5.68916e-15
5.52116e-15
5.36307e-15
5.21548e-15
5.07773e-15
4.94854e-15
4.82776e-15
4.71472e-15
4.60871e-15
4.5089e-15
4.41502e-15
4.32645e-15
4.24255e-15
4.1629e-15
4.08701e-15
4.01464e-15
3.94541e-15
3.87911e-15
3.81547e-15
3.75441e-15
3.69578e-15
3.63937e-15
3.58549e-15
3.53376e-15
3.48448e-15
3.43751e-15
3.39292e-15
3.35084e-15
3.31164e-15
3.27482e-15
3.24071e-15
3.20946e-15
3.18119e-15
3.15599e-15
3.13398e-15
3.11589e-15
3.10073e-15
3.08865e-15
3.08e-15
3.07478e-15
3.07303e-15
1.0042e-14
1.00528e-14
1.0087e-14
1.01407e-14
1.02112e-14
1.02943e-14
1.03851e-14
1.04781e-14
1.05683e-14
1.06507e-14
1.07206e-14
1.07745e-14
1.08091e-14
1.08219e-14
1.08113e-14
1.07763e-14
1.07164e-14
1.06325e-14
1.05251e-14
1.03949e-14
1.02442e-14
1.00752e-14
9.88866e-15
9.68817e-15
9.47523e-15
9.25295e-15
9.02171e-15
8.78579e-15
8.54634e-15
8.30565e-15
8.06409e-15
7.82585e-15
7.59036e-15
7.35991e-15
7.13449e-15
6.9152e-15
6.70373e-15
6.49972e-15
6.30369e-15
6.11618e-15
5.93702e-15
5.76578e-15
5.60319e-15
5.44811e-15
5.30094e-15
5.16141e-15
5.02829e-15
4.90219e-15
4.78228e-15
4.66801e-15
4.5592e-15
4.45576e-15
4.35685e-15
4.26258e-15
4.17228e-15
4.08591e-15
4.00332e-15
3.92429e-15
3.84869e-15
3.77627e-15
3.70709e-15
3.64123e-15
3.578e-15
3.51833e-15
3.46149e-15
3.40772e-15
3.3572e-15
3.30975e-15
3.26568e-15
3.22473e-15
3.18701e-15
3.15264e-15
3.12168e-15
3.09421e-15
3.07027e-15
3.04993e-15
3.03323e-15
3.02019e-15
3.01086e-15
3.00525e-15
3.00339e-15
9.57639e-15
9.58891e-15
9.62056e-15
9.67337e-15
9.74298e-15
9.82558e-15
9.9167e-15
1.00119e-14
1.01062e-14
1.01952e-14
1.02747e-14
1.0341e-14
1.03912e-14
1.04227e-14
1.0434e-14
1.04237e-14
1.03916e-14
1.03377e-14
1.02618e-14
1.01658e-14
1.00502e-14
9.91674e-15
9.76702e-15
9.6031e-15
9.42656e-15
9.23923e-15
9.04379e-15
8.84104e-15
8.63271e-15
8.42158e-15
8.20871e-15
7.99517e-15
7.78141e-15
7.57033e-15
7.36163e-15
7.15677e-15
6.95645e-15
6.76106e-15
6.57045e-15
6.38559e-15
6.20663e-15
6.0334e-15
5.86641e-15
5.70531e-15
5.55027e-15
5.40063e-15
5.25673e-15
5.11821e-15
4.98486e-15
4.85662e-15
4.73361e-15
4.61489e-15
4.50102e-15
4.39144e-15
4.28609e-15
4.18487e-15
4.08777e-15
3.99458e-15
3.90508e-15
3.81961e-15
3.73801e-15
3.65969e-15
3.58565e-15
3.51525e-15
3.44812e-15
3.38545e-15
3.32638e-15
3.27095e-15
3.21953e-15
3.17202e-15
3.1284e-15
3.08874e-15
3.0531e-15
3.02152e-15
2.99407e-15
2.97077e-15
2.95166e-15
2.93721e-15
2.9277e-15
2.92137e-15
2.91926e-15
9.10135e-15
9.11197e-15
9.14606e-15
9.19972e-15
9.27128e-15
9.35693e-15
9.45271e-15
9.55403e-15
9.65676e-15
9.75649e-15
9.8493e-15
9.93167e-15
1.00007e-14
1.00539e-14
1.00894e-14
1.0106e-14
1.01028e-14
1.00797e-14
1.00371e-14
9.97559e-15
9.89531e-15
9.79777e-15
9.68394e-15
9.5559e-15
9.41454e-15
9.26234e-15
9.0996e-15
8.92856e-15
8.7512e-15
8.56789e-15
8.38087e-15
8.1905e-15
7.99866e-15
7.80612e-15
7.61371e-15
7.4226e-15
7.23257e-15
7.04471e-15
6.8599e-15
6.67798e-15
6.49992e-15
6.32533e-15
6.15448e-15
5.98723e-15
5.82454e-15
5.66594e-15
5.51182e-15
5.36162e-15
5.21562e-15
5.0741e-15
4.93653e-15
4.80306e-15
4.67387e-15
4.54877e-15
4.42786e-15
4.31081e-15
4.19831e-15
4.08969e-15
3.98468e-15
3.88514e-15
3.78804e-15
3.69704e-15
3.60844e-15
3.52524e-15
3.44666e-15
3.37154e-15
3.30111e-15
3.23555e-15
3.17443e-15
3.11783e-15
3.06586e-15
3.01863e-15
2.9769e-15
2.93967e-15
2.9071e-15
2.87945e-15
2.85677e-15
2.8391e-15
2.82645e-15
2.81887e-15
2.81632e-15
8.61045e-15
8.6229e-15
8.65986e-15
8.71681e-15
8.7936e-15
8.8862e-15
8.9907e-15
9.10295e-15
9.21883e-15
9.33404e-15
9.4447e-15
9.54741e-15
9.63914e-15
9.71736e-15
9.78025e-15
9.82627e-15
9.85452e-15
9.86438e-15
9.85584e-15
9.82895e-15
9.7841e-15
9.72217e-15
9.64425e-15
9.55163e-15
9.44498e-15
9.3262e-15
9.19623e-15
9.05595e-15
8.90647e-15
8.75012e-15
8.58735e-15
8.41979e-15
8.24838e-15
8.07255e-15
7.89492e-15
7.71604e-15
7.53581e-15
7.35533e-15
7.17546e-15
6.99649e-15
6.81799e-15
6.6418e-15
6.46734e-15
6.29509e-15
6.12521e-15
5.95762e-15
5.79356e-15
5.6318e-15
5.47357e-15
5.31873e-15
5.16694e-15
5.01871e-15
4.87433e-15
4.73354e-15
4.59657e-15
4.46329e-15
4.33379e-15
4.20967e-15
4.08763e-15
3.97234e-15
3.85869e-15
3.7519e-15
3.64906e-15
3.54935e-15
3.45623e-15
3.36785e-15
3.28422e-15
3.20512e-15
3.13165e-15
3.06371e-15
3.00114e-15
2.94408e-15
2.89266e-15
2.84699e-15
2.80718e-15
2.77332e-15
2.7455e-15
2.72379e-15
2.70824e-15
2.69889e-15
2.69577e-15
8.1049e-15
8.12048e-15
8.15842e-15
8.22202e-15
8.30757e-15
8.41152e-15
8.52991e-15
8.65826e-15
8.79263e-15
8.92865e-15
9.06241e-15
9.19032e-15
9.30934e-15
9.4168e-15
9.51065e-15
9.5889e-15
9.65071e-15
9.69537e-15
9.72231e-15
9.73089e-15
9.72222e-15
9.69656e-15
9.65395e-15
9.59623e-15
9.5236e-15
9.43716e-15
9.33707e-15
9.22605e-15
9.10454e-15
8.97317e-15
8.83336e-15
8.68622e-15
8.53238e-15
8.37304e-15
8.20857e-15
8.04071e-15
7.86986e-15
7.69536e-15
7.5195e-15
7.34203e-15
7.1639e-15
6.98566e-15
6.80742e-15
6.62903e-15
6.45207e-15
6.27586e-15
6.10173e-15
5.92906e-15
5.75802e-15
5.58984e-15
5.4241e-15
5.26125e-15
5.10132e-15
4.94463e-15
4.7907e-15
4.64097e-15
4.49529e-15
4.35208e-15
4.21461e-15
4.0807e-15
3.9499e-15
3.82636e-15
3.70613e-15
3.58918e-15
3.47951e-15
3.37496e-15
3.2756e-15
3.18169e-15
3.09335e-15
3.011e-15
2.93526e-15
2.8659e-15
2.80311e-15
2.74711e-15
2.6981e-15
2.65627e-15
2.62179e-15
2.59481e-15
2.57546e-15
2.56379e-15
2.55991e-15
7.58111e-15
7.59582e-15
7.63937e-15
7.71226e-15
7.81136e-15
7.93188e-15
8.06975e-15
8.22054e-15
8.37965e-15
8.5427e-15
8.70549e-15
8.86426e-15
9.01571e-15
9.15681e-15
9.2855e-15
9.3997e-15
9.49794e-15
9.57954e-15
9.6431e-15
9.6888e-15
9.71708e-15
9.72739e-15
9.71981e-15
9.69625e-15
9.65577e-15
9.60022e-15
9.53011e-15
9.44635e-15
9.35032e-15
9.24201e-15
9.12297e-15
8.99472e-15
8.85791e-15
8.71219e-15
8.55961e-15
8.40124e-15
8.23694e-15
8.06798e-15
7.8949e-15
7.71848e-15
7.53947e-15
7.35789e-15
7.17524e-15
6.99074e-15
6.80635e-15
6.62116e-15
6.43634e-15
6.25214e-15
6.06908e-15
5.88757e-15
5.70744e-15
5.52908e-15
5.35341e-15
5.18119e-15
5.0093e-15
4.84424e-15
4.67818e-15
4.52038e-15
4.36215e-15
4.2099e-15
4.06366e-15
3.91948e-15
3.77897e-15
3.64608e-15
3.51808e-15
3.39529e-15
3.27798e-15
3.16622e-15
3.06025e-15
2.96182e-15
2.87028e-15
2.78592e-15
2.7091e-15
2.64018e-15
2.57953e-15
2.52751e-15
2.48443e-15
2.45059e-15
2.42623e-15
2.41155e-15
2.40663e-15
7.02416e-15
7.04385e-15
7.10002e-15
7.1855e-15
7.30369e-15
7.44678e-15
7.61132e-15
7.79176e-15
7.98313e-15
8.1804e-15
Process [7]
8.37902e-15
8.57492e-15
8.76439e-15
8.94443e-15
9.11226e-15
9.26585e-15
9.40379e-15
9.52433e-15
9.62686e-15
9.71062e-15
9.7756e-15
9.82186e-15
9.849e-15
9.85794e-15
9.84878e-15
9.82302e-15
9.78041e-15
9.72263e-15
9.6496e-15
9.56249e-15
9.46282e-15
9.35116e-15
9.22823e-15
9.09513e-15
8.95224e-15
8.80108e-15
8.64272e-15
8.47688e-15
8.30539e-15
8.12813e-15
7.94715e-15
7.76186e-15
7.57272e-15
7.38171e-15
7.18844e-15
6.99381e-15
6.79789e-15
6.60201e-15
6.40626e-15
6.21041e-15
6.0148e-15
5.82316e-15
5.62963e-15
5.44165e-15
5.25215e-15
5.0701e-15
4.885e-15
4.70824e-15
4.53484e-15
4.36023e-15
4.19352e-15
4.03187e-15
3.87441e-15
3.7212e-15
3.57052e-15
3.42754e-15
3.29092e-15
3.1603e-15
3.03608e-15
2.91873e-15
2.80873e-15
2.70659e-15
2.61288e-15
2.52819e-15
2.45311e-15
2.38826e-15
2.33422e-15
2.29155e-15
2.26069e-15
2.24203e-15
2.23578e-15
6.44533e-15
6.4671e-15
6.53227e-15
6.64123e-15
6.78314e-15
6.95811e-15
7.15754e-15
7.37664e-15
7.60888e-15
7.84866e-15
8.0908e-15
8.33076e-15
8.56466e-15
8.78867e-15
9.00033e-15
9.19703e-15
9.37701e-15
9.53876e-15
9.68126e-15
9.80387e-15
9.90605e-15
9.9878e-15
1.00488e-14
1.00898e-14
1.01108e-14
1.01125e-14
1.00952e-14
1.00607e-14
1.00094e-14
9.94076e-15
9.85733e-15
9.76e-15
9.64847e-15
9.5255e-15
9.39009e-15
9.24464e-15
9.08957e-15
8.92552e-15
8.75291e-15
8.57425e-15
8.38889e-15
8.19791e-15
8.00238e-15
7.80262e-15
7.60008e-15
7.39513e-15
7.1875e-15
6.97759e-15
6.7695e-15
6.55812e-15
6.34856e-15
6.13893e-15
5.93147e-15
5.7223e-15
5.521e-15
5.31498e-15
5.11442e-15
4.91942e-15
4.72613e-15
4.53124e-15
4.34461e-15
4.16275e-15
3.98491e-15
3.81144e-15
3.64269e-15
3.47907e-15
3.31942e-15
3.16658e-15
3.02154e-15
2.88351e-15
2.75311e-15
2.63102e-15
2.51802e-15
2.41497e-15
2.32279e-15
2.24246e-15
2.17497e-15
2.12127e-15
2.08222e-15
2.0585e-15
2.05054e-15
5.82769e-15
5.85973e-15
5.94359e-15
6.07515e-15
6.25216e-15
6.46933e-15
6.71458e-15
6.98311e-15
7.26627e-15
7.55784e-15
7.85191e-15
8.14343e-15
8.42759e-15
8.70108e-15
8.96048e-15
9.20379e-15
9.42864e-15
9.63328e-15
9.81707e-15
9.97855e-15
1.01176e-14
1.02347e-14
1.03278e-14
1.03993e-14
1.04485e-14
1.04752e-14
1.04819e-14
1.04682e-14
1.04347e-14
1.0383e-14
1.03136e-14
1.02274e-14
1.0125e-14
1.00089e-14
9.87893e-15
9.73609e-15
9.58161e-15
9.41665e-15
9.24198e-15
9.05842e-15
8.86716e-15
8.66992e-15
8.46579e-15
8.25531e-15
8.04238e-15
7.82528e-15
7.60284e-15
7.38313e-15
7.15526e-15
6.93287e-15
6.70486e-15
6.47804e-15
6.2565e-15
6.02765e-15
5.80431e-15
5.58565e-15
5.36821e-15
5.14689e-15
4.93241e-15
4.72306e-15
4.51687e-15
4.31414e-15
4.11521e-15
3.92043e-15
3.72983e-15
3.54161e-15
3.36134e-15
3.18763e-15
3.02019e-15
2.85964e-15
2.70669e-15
2.56217e-15
2.42708e-15
2.30255e-15
2.1899e-15
2.09061e-15
2.00625e-15
1.93844e-15
1.88871e-15
1.8583e-15
1.84806e-15
5.18028e-15
5.21616e-15
5.32163e-15
5.49095e-15
5.71571e-15
5.98802e-15
6.29349e-15
6.62342e-15
6.96944e-15
7.32262e-15
7.67743e-15
8.02751e-15
8.36818e-15
8.69583e-15
9.0071e-15
9.29924e-15
9.57067e-15
9.81932e-15
1.00444e-14
1.02451e-14
1.04207e-14
1.05705e-14
1.06954e-14
1.07949e-14
1.08696e-14
1.09202e-14
1.09473e-14
1.09517e-14
1.09336e-14
1.08949e-14
1.0836e-14
1.0758e-14
1.06627e-14
1.05509e-14
1.04224e-14
1.02796e-14
1.0123e-14
9.9555e-15
9.77569e-15
9.58372e-15
9.38687e-15
9.17823e-15
8.96285e-15
8.74328e-15
8.51501e-15
8.28448e-15
8.05093e-15
7.80872e-15
7.57359e-15
7.32851e-15
7.08302e-15
6.84315e-15
6.60181e-15
6.35258e-15
6.11088e-15
5.87248e-15
5.63553e-15
5.40041e-15
5.16653e-15
4.93025e-15
4.70245e-15
4.47905e-15
4.25922e-15
4.04331e-15
3.83163e-15
3.62452e-15
3.42237e-15
3.2256e-15
3.03472e-15
2.85032e-15
2.67316e-15
2.50414e-15
2.34439e-15
2.19532e-15
2.05863e-15
1.93638e-15
1.83097e-15
1.745e-15
1.68113e-15
1.6417e-15
1.62837e-15
4.47508e-15
4.5246e-15
4.67153e-15
4.89502e-15
5.18551e-15
5.52878e-15
5.91051e-15
6.3171e-15
6.73801e-15
7.16226e-15
7.58684e-15
8.00051e-15
8.40439e-15
8.78853e-15
9.15465e-15
9.49871e-15
9.8167e-15
1.01099e-14
1.0377e-14
1.06149e-14
1.08248e-14
1.10074e-14
1.11613e-14
1.12863e-14
1.13838e-14
1.14559e-14
1.15e-14
1.15178e-14
1.15126e-14
1.1485e-14
1.14317e-14
1.13598e-14
1.12682e-14
1.11533e-14
1.1028e-14
1.08783e-14
1.07205e-14
1.05422e-14
1.0358e-14
1.01538e-14
9.94952e-15
9.72323e-15
9.5006e-15
9.26496e-15
9.01864e-15
8.77722e-15
8.52677e-15
8.26438e-15
8.00974e-15
7.75306e-15
7.49306e-15
7.22293e-15
6.96049e-15
6.70023e-15
6.44039e-15
6.18146e-15
5.92391e-15
5.66811e-15
5.40921e-15
5.15518e-15
4.90764e-15
4.66325e-15
4.4223e-15
4.18506e-15
3.9518e-15
3.72281e-15
3.49839e-15
3.2789e-15
3.06478e-15
2.85654e-15
2.65485e-15
2.4606e-15
2.27492e-15
2.09933e-15
1.93582e-15
1.78698e-15
1.65612e-15
1.54723e-15
1.46478e-15
1.41311e-15
1.39547e-15
3.73094e-15
3.79853e-15
3.99327e-15
4.29446e-15
4.67686e-15
5.11663e-15
5.59314e-15
6.09035e-15
6.59758e-15
7.10373e-15
7.59923e-15
8.08719e-15
8.55383e-15
8.99747e-15
9.42309e-15
9.81309e-15
1.01847e-14
1.05175e-14
1.08272e-14
1.10994e-14
1.13447e-14
1.15544e-14
1.17354e-14
1.18828e-14
1.2001e-14
1.20897e-14
1.21459e-14
1.21797e-14
1.21775e-14
1.2161e-14
1.21053e-14
1.20411e-14
1.19413e-14
1.18278e-14
1.16986e-14
1.15368e-14
1.13731e-14
1.11908e-14
1.09821e-14
1.0775e-14
1.05567e-14
1.03143e-14
1.00689e-14
9.8218e-15
9.56698e-15
9.29975e-15
9.02155e-15
8.7503e-15
8.47562e-15
8.19801e-15
7.91836e-15
7.63705e-15
7.34668e-15
7.06111e-15
6.78041e-15
6.50071e-15
6.22245e-15
5.94609e-15
5.67194e-15
5.40038e-15
5.1317e-15
4.86618e-15
4.60404e-15
4.3455e-15
4.09079e-15
3.8401e-15
3.59365e-15
3.3517e-15
3.11455e-15
2.88257e-15
2.65629e-15
2.43639e-15
2.22387e-15
2.02012e-15
1.82713e-15
1.64776e-15
1.48607e-15
1.34763e-15
1.23965e-15
1.17019e-15
1.14612e-15
2.92491e-15
3.02574e-15
3.30771e-15
3.72477e-15
4.23085e-15
4.79075e-15
5.37842e-15
5.97668e-15
6.57723e-15
7.17029e-15
7.74942e-15
8.30898e-15
8.83548e-15
9.34179e-15
9.82316e-15
1.02738e-14
1.06792e-14
1.10568e-14
1.1407e-14
1.17193e-14
1.19816e-14
1.22237e-14
1.24336e-14
1.25967e-14
1.27241e-14
1.28321e-14
1.2906e-14
1.29309e-14
1.29394e-14
1.29247e-14
1.28799e-14
1.27916e-14
1.26945e-14
1.25781e-14
1.24399e-14
1.227e-14
1.20793e-14
1.18848e-14
1.16745e-14
1.14497e-14
1.12105e-14
1.09453e-14
1.06812e-14
1.04126e-14
1.0136e-14
9.85265e-15
9.56351e-15
9.26967e-15
8.97208e-15
8.66998e-15
8.35649e-15
8.05137e-15
7.74787e-15
7.44446e-15
7.14174e-15
6.84023e-15
6.5404e-15
6.24269e-15
5.94743e-15
5.65494e-15
5.36552e-15
5.07939e-15
4.79674e-15
4.51774e-15
4.24254e-15
3.97125e-15
3.70401e-15
3.44094e-15
3.18219e-15
2.92796e-15
2.67855e-15
2.43438e-15
2.19611e-15
1.96476e-15
1.74191e-15
1.53011e-15
1.33346e-15
1.15855e-15
1.01574e-15
9.19507e-16
8.85106e-16
2.0635e-15
2.22908e-15
2.66015e-15
3.24456e-15
3.90629e-15
4.60368e-15
5.31355e-15
6.02183e-15
6.71927e-15
7.39925e-15
8.05676e-15
8.68706e-15
9.27526e-15
9.83861e-15
1.03721e-14
1.08697e-14
1.133e-14
1.1752e-14
1.21351e-14
1.24789e-14
1.27703e-14
1.30201e-14
1.32455e-14
1.34326e-14
1.35822e-14
1.36951e-14
1.37725e-14
1.38153e-14
1.38073e-14
1.37752e-14
1.37239e-14
1.36443e-14
1.35377e-14
1.34061e-14
1.3251e-14
1.30741e-14
1.28771e-14
1.26595e-14
1.24091e-14
1.21577e-14
1.1897e-14
1.16241e-14
1.13403e-14
1.10471e-14
1.07458e-14
1.04376e-14
1.01237e-14
9.80521e-15
9.48311e-15
9.15837e-15
8.83188e-15
8.50443e-15
8.17681e-15
7.84966e-15
7.52359e-15
7.19914e-15
6.87679e-15
6.55694e-15
6.23996e-15
5.92615e-15
5.61576e-15
5.30898e-15
5.00597e-15
4.70686e-15
4.41171e-15
4.12059e-15
3.83351e-15
3.55048e-15
3.27152e-15
2.99664e-15
2.7259e-15
2.45941e-15
2.19742e-15
1.94039e-15
1.68916e-15
1.44529e-15
1.2117e-15
9.94063e-16
8.03835e-16
6.63887e-16
6.09998e-16
1.14926e-15
1.47209e-15
2.15989e-15
2.95711e-15
3.78723e-15
4.62249e-15
5.44948e-15
6.26011e-15
7.04869e-15
7.81076e-15
8.54266e-15
9.2413e-15
9.90405e-15
1.05287e-14
1.11134e-14
1.16566e-14
1.21572e-14
1.25977e-14
1.29983e-14
1.33667e-14
1.36912e-14
1.3972e-14
1.42098e-14
1.44052e-14
1.45592e-14
1.46731e-14
1.47481e-14
1.47856e-14
1.47873e-14
1.47548e-14
1.46899e-14
1.45943e-14
1.44699e-14
1.43186e-14
1.41423e-14
1.39428e-14
1.3722e-14
1.34817e-14
1.32237e-14
1.29498e-14
1.26617e-14
1.2361e-14
1.20492e-14
1.1728e-14
1.13985e-14
1.10624e-14
1.07206e-14
1.03746e-14
1.00253e-14
9.67382e-15
9.32102e-15
8.9678e-15
8.6149e-15
8.26306e-15
7.91288e-15
7.56491e-15
7.21965e-15
6.87749e-15
6.53879e-15
6.20384e-15
5.87286e-15
5.54604e-15
5.22348e-15
4.90527e-15
4.59143e-15
4.28195e-15
3.97677e-15
3.67583e-15
3.379e-15
3.08617e-15
2.79719e-15
2.51193e-15
2.23028e-15
1.95219e-15
1.67775e-15
1.40731e-15
1.14182e-15
8.83702e-16
6.39499e-16
4.30283e-16
3.32102e-16
6.23882e-16
1.09693e-15
1.96498e-15
2.87726e-15
3.78911e-15
4.68898e-15
5.57056e-15
6.42912e-15
7.26068e-15
8.06173e-15
8.82914e-15
9.56013e-15
1.02523e-14
1.09035e-14
1.15121e-14
1.20766e-14
1.25959e-14
1.30693e-14
1.34963e-14
1.38768e-14
1.42109e-14
1.44991e-14
1.4742e-14
1.49404e-14
1.50955e-14
1.52086e-14
1.52811e-14
1.53145e-14
1.53106e-14
1.52711e-14
1.5198e-14
1.50931e-14
1.49584e-14
1.4796e-14
1.46077e-14
1.43957e-14
1.41617e-14
1.39079e-14
1.36361e-14
1.3348e-14
1.30455e-14
1.27303e-14
1.2404e-14
1.20681e-14
1.17242e-14
1.13737e-14
1.10177e-14
1.06576e-14
1.02945e-14
9.92944e-15
9.56335e-15
9.19712e-15
8.83155e-15
8.46734e-15
8.10514e-15
7.7455e-15
7.3889e-15
7.03575e-15
6.68641e-15
6.34114e-15
6.00018e-15
5.66367e-15
5.33173e-15
5.00441e-15
4.68171e-15
4.3636e-15
4.05e-15
3.74078e-15
3.43579e-15
3.13484e-15
2.83771e-15
2.54419e-15
2.254e-15
1.96689e-15
1.68262e-15
1.40099e-15
1.12192e-15
8.45698e-16
5.74018e-16
3.17778e-16
1.77846e-16
