Vec Object: Vec_0x84000004_7 8 MPI processes
  type: mpi
Process [0]
0.170653
0.315031
0.574432
0.844605
1.11405
1.37974
1.63984
1.8929
2.1376
2.37259
2.59658
2.80837
3.0069
3.19103
3.35975
3.51228
3.64791
3.76605
3.8664
3.94884
4.01337
4.06034
4.09022
4.10365
4.1014
4.08452
4.05418
4.01151
3.95767
3.89395
3.82161
3.74183
3.65573
3.56441
3.46885
3.36997
3.26861
3.16554
3.06143
2.95687
2.85237
2.74838
2.64527
2.54336
2.44291
2.34415
2.24724
2.1523
2.05946
1.96876
1.88025
1.79395
1.70985
1.62794
1.54819
1.47055
1.39497
1.32139
1.24973
1.17994
1.11192
1.0456
0.980891
0.917718
0.856005
0.795662
0.736609
0.678766
0.622054
0.566399
0.511723
0.457958
0.405034
0.352884
0.301447
0.25067
0.200518
0.151021
0.102452
0.0567042
0.0316885
0.294038
0.411751
0.649524
0.91422
1.18394
1.45149
1.71318
1.96647
2.20912
2.43956
2.65643
2.85851
3.04416
3.21236
3.36312
3.49548
3.60829
3.70328
3.77965
3.83584
3.87536
3.90346
3.91095
3.90197
3.88073
3.84792
3.80399
3.75039
3.68884
3.62001
3.5449
3.46456
3.37993
3.29183
3.20107
3.10835
3.01427
2.91928
2.8239
2.7285
2.63348
2.53914
2.44574
2.35352
2.26261
2.17322
2.08544
1.99937
1.91506
1.83259
1.75198
1.67325
1.59639
1.52139
1.44823
1.37689
1.30732
1.23947
1.17328
1.10871
1.0457
0.984181
0.924068
0.865303
0.807824
0.751568
0.696471
0.642467
0.589495
0.5375
0.486424
0.436223
0.386862
0.338319
0.290603
0.243773
0.198001
0.153719
0.112093
0.0767277
0.0602345
0.500409
0.582385
0.776748
1.01627
1.2701
1.525
1.77407
2.01302
2.23871
2.44879
2.64146
2.81536
2.96959
3.10363
3.21726
3.31075
3.38469
3.4398
3.47715
3.49862
3.50272
3.49419
3.47482
3.44355
3.40247
3.35379
3.29867
3.23814
3.17316
3.10454
3.03299
2.95907
2.88337
2.80635
2.72836
2.64975
2.57083
2.49186
2.41304
2.33457
2.25662
2.17935
2.10287
2.02734
1.95282
1.87939
1.80711
1.73605
1.66627
1.59779
1.53061
1.46477
1.40028
1.33713
1.27531
1.21481
1.15561
1.09769
1.04103
0.98557
0.93131
0.878196
0.826194
0.775268
0.725376
0.676477
0.628547
0.581553
0.535466
0.490264
0.445949
0.402525
0.360029
0.318552
0.278252
0.239417
0.20256
0.168638
0.139461
0.118401
0.110414
0.678964
0.744173
0.907642
1.12012
1.35169
1.58681
1.81648
2.03501
2.23843
2.42377
2.5886
2.73123
2.85103
2.94818
3.02341
3.07791
3.11323
3.13113
3.13337
3.12056
3.09551
3.06145
3.01943
2.97033
2.91639
2.85878
2.79847
2.73622
2.6726
2.60807
2.54304
2.47778
2.4125
2.3474
2.28257
2.21807
2.15397
2.09034
2.02719
1.96459
1.90254
1.84109
1.78027
1.72013
1.66071
1.60201
1.54409
1.48696
1.43067
1.37523
1.32065
1.26694
1.21413
1.16223
1.11123
1.06114
1.01194
0.96366
0.916276
0.869771
0.824143
0.77938
0.735471
0.692408
0.650176
0.608771
0.568185
0.528431
0.489513
0.451458
0.414319
0.378167
0.343126
0.309376
0.277188
0.246971
0.219345
0.195231
0.17595
0.163214
0.158717
0.819303
0.878476
1.02865
1.22569
1.44073
1.65699
1.86426
2.05598
2.22809
2.37859
2.50718
2.61411
2.69819
2.75818
2.79539
2.81227
2.81148
2.79549
2.76506
2.7241
2.67606
2.62206
2.56402
2.50339
2.441
2.37789
2.31492
2.2528
2.19202
2.13287
2.07542
2.0196
1.96534
1.91247
1.86085
1.81032
1.76075
1.71202
1.66399
1.6166
1.56979
1.52345
1.47757
1.4321
1.38701
1.34231
1.29798
1.25403
1.21047
1.16733
1.12463
1.08238
1.04062
0.999367
0.958639
0.918457
0.87884
0.839811
0.801375
0.763548
0.726342
0.689766
0.653841
0.61857
0.583969
0.550069
0.516885
0.484455
0.452821
0.422047
0.392221
0.363452
0.335894
0.309766
0.285346
0.263007
0.243234
0.226639
0.213945
0.205909
0.203149
0.947596
0.999328
1.13259
1.30967
1.50375
1.6988
1.8848
2.05481
2.20293
2.32403
2.41623
2.4811
2.52335
2.54527
2.54561
2.52707
2.4935
2.44582
2.3886
2.32581
2.25883
2.18883
2.117
2.04573
1.97718
1.91206
1.85057
1.79271
1.73843
1.68751
1.63972
1.59475
1.55224
1.51189
1.47334
1.43627
1.4004
1.36549
1.33134
1.29775
1.26459
1.23176
1.19917
1.16676
1.13449
1.10236
1.07034
1.03843
1.00664
0.974969
0.943445
0.912063
0.880846
0.849812
0.818985
0.78839
0.758058
0.728007
0.698278
0.668891
0.63988
0.611279
0.58313
0.555458
0.528313
0.501732
0.475764
0.450458
0.425881
0.402107
0.379226
0.357355
0.336641
0.317264
0.299447
0.283454
0.26961
0.258274
0.249812
0.244567
0.242788
1.05103
1.09962
1.22505
1.39112
1.5706
1.74534
1.90286
2.03661
2.14622
2.23422
2.29712
2.32955
2.33393
2.3178
2.28324
2.2325
2.16835
2.09424
2.01538
1.93297
1.84763
1.76399
1.68497
1.6107
1.54136
1.47774
1.42028
1.36887
1.32294
1.28197
1.24527
1.21221
1.18217
1.1546
1.12902
1.10499
1.08213
1.06015
1.03879
1.01786
0.997184
0.976618
0.956076
0.935465
0.914748
0.893866
0.872804
0.851539
0.830065
0.808398
0.786559
0.764588
0.742529
0.720402
0.698265
0.676144
0.65409
0.632133
0.610308
0.588652
0.567206
0.545998
0.525078
0.504487
0.484266
0.464469
0.445145
0.426346
0.408137
0.390589
0.373783
0.357812
0.342788
0.328848
0.316144
0.30486
0.295204
0.287394
0.281637
0.278104
0.276915
1.1414
1.18703
1.30321
1.4535
1.61095
1.76062
1.89579
2.01031
2.09387
2.14078
2.16145
2.16101
2.13286
2.08217
2.01551
1.93543
1.84425
1.74804
1.64871
1.54829
1.45327
1.36395
1.28187
1.20969
1.1478
1.09544
1.05152
1.01493
0.984502
0.958955
0.937226
0.918351
0.901634
0.886482
0.872463
0.85924
0.846547
0.834204
0.822033
0.80994
0.797788
0.78553
0.773075
0.760415
0.747495
0.734336
0.72091
0.707226
0.693301
0.679121
0.664723
0.650096
0.63528
0.620282
0.605128
0.589867
0.574519
0.559128
0.54373
0.528351
0.513047
0.497859
0.482821
0.46799
0.453411
0.439121
0.425173
0.411619
0.3985
0.385873
0.373809
0.362376
0.351648
0.341718
0.332686
0.324673
0.317818
0.312285
0.308218
0.305731
0.304892
1.22253
1.26324
1.36777
1.50418
1.64813
1.78227
1.89094
1.96509
2.01311
2.03693
2.02332
1.98463
1.92547
1.84371
1.74782
1.64077
1.52648
1.41047
1.29572
1.19055
1.09744
1.02142
0.963358
0.92028
0.889528
0.868231
0.853523
0.842829
0.834381
0.82694
0.819748
0.812292
0.80431
0.795691
0.786365
0.776426
0.76587
0.754875
0.743453
0.731785
0.719858
0.707826
0.695684
0.683513
0.671342
0.659174
0.647075
0.634964
0.622901
0.610825
0.598776
0.586769
0.574766
0.562818
0.550886
0.538996
0.527178
0.515401
0.50371
0.492104
0.480578
0.469184
0.457934
0.446849
0.435987
0.425368
0.415017
0.404984
0.395301
0.385994
0.377122
0.368739
0.360895
0.353645
0.34704
0.34112
0.335986
0.33179
0.328679
0.326765
0.326124
1.28881
1.32719
1.42539
1.55116
1.67652
1.78111
1.86016
1.91703
1.93539
1.91822
1.87881
1.80636
1.71624
1.60648
1.4837
1.35281
1.22132
1.09834
0.997661
0.925375
0.88139
0.859294
0.851364
0.853109
0.859683
0.867503
0.874647
0.879924
0.8827
0.882701
0.879996
0.874779
0.867364
0.858031
0.847076
0.834714
0.821178
0.806679
0.791404
0.775598
0.759379
0.742931
0.72628
0.709578
0.692907
0.676347
0.660072
0.64407
0.628463
0.613231
0.598373
0.58399
0.569981
0.556395
0.543203
0.530367
0.517961
0.505927
0.49427
0.483006
0.472058
0.461443
0.451172
0.441212
0.431597
0.422351
0.413456
0.40494
0.396831
0.389119
0.381836
0.375022
0.368696
0.362957
0.357796
0.353074
0.348817
0.345234
0.342533
0.340864
0.340304
1.34624
1.38224
1.47232
1.58227
1.68573
1.77368
1.83617
1.85509
1.84513
1.80174
1.7278
1.62902
1.50849
1.37317
1.22725
1.08436
0.966127
0.891739
0.859087
0.854538
0.867498
0.888948
0.913112
0.933833
0.949187
0.958694
0.962746
0.962398
0.958764
0.952714
0.944816
0.935421
0.924767
0.913051
0.900422
0.886982
0.872787
0.857914
0.842408
0.826333
0.8098
0.792882
0.775637
0.758125
0.740388
0.722529
0.704605
0.686738
0.669031
0.651436
0.634045
Process [1]
0.616971
0.600249
0.583987
0.568155
0.552773
0.537939
0.523604
0.509801
0.496586
0.483879
0.471703
0.460087
0.448984
0.438417
0.428424
0.418968
0.41005
0.401721
0.39392
0.386676
0.380033
0.37386
0.368428
0.363827
0.359606
0.355614
0.3522
0.349628
0.348053
0.347529
1.39732
1.42947
1.50855
1.60431
1.69627
1.76449
1.79219
1.7921
1.75181
1.68118
1.57742
1.45315
1.30513
1.14822
0.996932
0.893267
0.852899
0.854561
0.880264
0.917438
0.952237
0.976584
0.987616
0.988637
0.983555
0.975551
0.966509
0.957281
0.948072
0.938794
0.929275
0.919341
0.908866
0.897777
0.88606
0.873719
0.860782
0.847286
0.833282
0.818825
0.803991
0.788867
0.773487
0.757869
0.742056
0.726053
0.709917
0.693742
0.677577
0.661459
0.64538
0.629332
0.613438
0.597742
0.582215
0.566922
0.551916
0.537198
0.522853
0.508936
0.495429
0.482391
0.469835
0.457745
0.446176
0.435177
0.424716
0.414857
0.405621
0.397042
0.389063
0.381819
0.375216
0.369258
0.364193
0.359934
0.35617
0.353089
0.350823
0.349442
0.348984
1.44102
1.46913
1.53959
1.62513
1.69832
1.73853
1.75114
1.72178
1.65805
1.55794
1.43152
1.27951
1.11032
0.950599
0.859411
0.842701
0.868553
0.917037
0.965439
0.994058
0.998838
0.987663
0.971018
0.955206
0.942169
0.931959
0.924038
0.917426
0.911271
0.905041
0.898403
0.891124
0.883038
0.874063
0.864177
0.853399
0.841774
0.829371
0.816259
0.80252
0.788242
0.773525
0.758461
0.743128
0.727592
0.71192
0.69615
0.680326
0.664535
0.648812
0.633174
0.617687
0.602401
0.587309
0.572458
0.557867
0.543499
0.529412
0.515669
0.502261
0.48923
0.476642
0.464448
0.452653
0.441335
0.430484
0.420088
0.410258
0.400986
0.392328
0.384259
0.376896
0.370313
0.364209
0.358754
0.354501
0.351282
0.348842
0.347106
0.346043
0.345685
1.47587
1.50157
1.56484
1.63612
1.68785
1.71477
1.70267
1.65077
1.56112
1.43926
1.28797
1.11235
0.938825
0.843792
0.836392
0.879627
0.945663
0.997798
1.0113
0.992469
0.962247
0.934796
0.914372
0.90061
0.891868
0.886723
0.883693
0.881521
0.879464
0.877011
0.87376
0.869466
0.863999
0.857303
0.849381
0.840282
0.830073
0.818845
0.806695
0.793736
0.780073
0.765805
0.75103
0.735839
0.720308
0.704511
0.688544
0.672501
0.656433
0.640402
0.624474
0.608673
0.593017
0.577587
0.56243
0.547537
0.53295
0.518731
0.504862
0.491352
0.478282
0.465657
0.453448
0.441704
0.430474
0.419716
0.409451
0.399776
0.390679
0.382157
0.374278
0.367103
0.360624
0.354741
0.34962
0.345551
0.342516
0.340317
0.338821
0.33792
0.337615
1.50509
1.528
1.58224
1.63791
1.67739
1.68578
1.65031
1.57838
1.46753
1.32271
1.14902
0.962101
0.841821
0.824441
0.876902
0.957047
1.01748
1.02063
0.982912
0.93748
0.900519
0.874445
0.857981
0.84889
0.84528
0.84511
0.846779
0.849066
0.851117
0.852341
0.852382
0.851033
0.848186
0.843831
0.838003
0.830764
0.822196
0.81239
0.801452
0.789497
0.776632
0.762981
0.748659
0.733775
0.718441
0.702746
0.68677
0.670592
0.654289
0.637941
0.621608
0.605365
0.589289
0.573411
0.557741
0.542338
0.527261
0.512513
0.498117
0.484152
0.470648
0.457577
0.444962
0.43288
0.421304
0.410219
0.399695
0.389792
0.380476
0.371762
0.363756
0.356461
0.349856
0.343974
0.33895
0.33482
0.331561
0.329141
0.327495
0.32652
0.326193
1.52931
1.54874
1.59286
1.63764
1.66382
1.64932
1.59972
1.50577
1.37523
1.21091
1.02125
0.860347
0.810207
0.855688
0.948938
1.02849
1.03539
0.984919
0.924037
0.874301
0.838914
0.815821
0.803342
0.7986
0.7998
0.804393
0.810623
0.817205
0.823105
0.827792
0.830976
0.832487
0.832268
0.830331
0.826718
0.821494
0.814746
0.806575
0.797094
0.78642
0.774668
0.761959
0.748398
0.734103
0.71918
0.703747
0.687916
0.671784
0.655427
0.638925
0.622362
0.605798
0.589287
0.572893
0.556703
0.540769
0.525103
0.509737
0.494744
0.480159
0.465974
0.452222
0.438988
0.426279
0.414072
0.402399
0.391352
0.380916
0.371076
0.361886
0.353443
0.345718
0.338708
0.332489
0.327148
0.32266
0.319004
0.316207
0.31426
0.313097
0.312708
1.54854
1.56416
1.60003
1.63461
1.64209
1.6146
1.54528
1.43574
1.28742
1.10708
0.916641
0.80693
0.822559
0.914156
1.02153
1.05788
1.00625
0.928582
0.861597
0.812126
0.7781
0.75768
0.74855
0.747979
0.753582
0.762907
0.773381
0.783906
0.793395
0.801326
0.807506
0.811846
0.814287
0.814836
0.813539
0.810467
0.805711
0.799365
0.791543
0.782359
0.771932
0.760387
0.74784
0.734414
0.720218
0.705354
0.689925
0.674046
0.657817
0.641332
0.624671
0.607914
0.591142
0.57442
0.557794
0.541311
0.525045
0.509077
0.493436
0.478133
0.46321
0.448746
0.434759
0.421243
0.408219
0.395787
0.383969
0.372748
0.362138
0.352247
0.343106
0.334697
0.327027
0.320216
0.314294
0.309246
0.305064
0.301819
0.299517
0.298131
0.297664
1.56178
1.57452
1.60326
1.62492
1.61807
1.57786
1.4926
1.36745
1.20518
1.01386
0.842838
0.793598
0.858957
0.982082
1.07164
1.04711
0.957423
0.869238
0.800515
0.750572
0.717191
0.699402
0.692487
0.696276
0.705681
0.719517
0.734061
0.747969
0.760801
0.77178
0.780803
0.787879
0.792966
0.796035
0.797132
0.796328
0.793709
0.789367
0.783404
0.775929
0.767058
0.756911
0.745606
0.733263
0.720002
0.705936
0.691174
0.675819
0.659965
0.643711
0.627158
0.610397
0.593504
0.576547
0.559604
0.54275
0.526042
0.509517
0.493215
0.47721
0.461582
0.446351
0.431528
0.41714
0.403275
0.389975
0.377235
0.365065
0.353542
0.342762
0.332711
0.323402
0.314871
0.307258
0.300557
0.294787
0.289959
0.286187
0.283478
0.281839
0.281289
1.56972
1.58003
1.60113
1.61028
1.5943
1.53807
1.44151
1.30331
1.12989
0.937676
0.801123
0.803285
0.907193
1.04507
1.09164
1.01439
0.904846
0.811735
0.740227
0.688969
0.657033
0.639307
0.635902
0.642199
0.656446
0.67345
0.692113
0.70902
0.724658
0.73861
0.750377
0.760044
0.767727
0.773338
0.776887
0.778435
0.778061
0.775853
0.771904
0.766313
0.759192
0.750651
0.740806
0.729774
0.717671
0.704613
0.690714
0.676085
0.660831
0.645048
0.628824
0.612248
0.595418
0.578422
0.561339
0.544229
0.527152
0.510175
0.493373
0.476804
0.460502
0.444499
0.428842
0.413623
0.398885
0.384637
0.370898
0.357722
0.345226
0.333417
0.322318
0.311946
0.302422
0.293834
0.286204
0.279568
0.273976
0.269579
0.266395
0.26446
0.263807
1.57346
1.58108
1.59408
1.59416
1.56738
1.49924
1.39137
1.24394
1.0639
0.880648
0.783892
0.825562
0.960532
1.09405
1.08839
0.974364
0.853883
0.755673
0.681044
0.628802
0.595189
0.579289
0.577657
0.586737
0.604895
0.625682
0.646764
0.667283
0.685069
0.701623
0.716181
0.72842
0.73853
0.746666
0.752694
0.756647
0.758591
0.758608
0.756781
0.753206
0.747979
0.741207
0.732997
0.723464
0.712719
0.700874
0.688043
0.674335
0.659858
0.644722
0.629024
0.612858
0.596307
0.579451
0.562371
0.545154
0.527882
0.510627
0.493443
0.476378
0.459481
0.442818
0.426467
0.410469
0.394852
0.379647
0.364906
0.350748
0.337196
0.324281
0.312041
0.300533
0.289914
0.280218
0.271518
0.263871
0.257388
0.252243
0.248482
0.246182
0.245405
1.57309
1.57783
1.58368
1.57634
1.53732
1.4614
1.34396
1.18975
1.0085
0.843443
0.782387
0.853337
1.0113
1.12642
1.07224
0.9349
0.805768
0.702116
0.623656
0.56756
0.534115
0.519221
0.517753
0.531128
0.550995
0.576307
0.599306
0.622007
0.643088
0.661295
0.678373
0.693307
0.705853
0.716292
0.724775
0.731146
0.735444
0.737738
0.738106
0.73663
0.733403
0.728518
0.722079
0.714188
0.704958
0.694495
0.682911
0.670314
0.65681
0.642504
0.627498
0.611889
0.595773
0.579242
0.562379
0.545261
0.527961
0.510548
0.493088
0.475655
0.458327
0.44116
0.424199
0.407486
0.391057
0.374979
0.359351
0.344214
0.329603
0.31557
0.302155
0.289502
0.277693
0.266796
0.256914
0.248116
0.240595
0.234522
0.230016
0.227222
0.226262
Process [2]
1.56853
1.57056
1.57075
1.5548
1.50675
1.42337
1.29993
1.14196
0.96487
0.821318
0.789257
0.884178
1.05723
1.14529
1.05246
0.898694
0.760946
0.649886
0.567366
0.509718
0.473514
0.458596
0.460219
0.473004
0.498531
0.523991
0.551316
0.574736
0.598096
0.619313
0.637731
0.655067
0.670219
0.682955
0.693617
0.70235
0.708993
0.71358
0.716173
0.716848
0.715685
0.71277
0.708197
0.702061
0.694465
0.685515
0.675315
0.663972
0.651594
0.638283
0.624144
0.609276
0.593773
0.577724
0.561219
0.544337
0.527158
0.509762
0.492226
0.474617
0.456997
0.439426
0.421952
0.404631
0.387541
0.37075
0.354301
0.338254
0.322655
0.307544
0.293052
0.279273
0.266273
0.254165
0.243055
0.233042
0.224386
0.217246
0.21182
0.208343
0.207096
1.55911
1.55919
1.55422
1.52991
1.47641
1.38582
1.25904
1.10082
0.932113
0.811115
0.802213
0.914299
1.09461
1.15613
1.03391
0.866168
0.72006
0.60223
0.514352
0.454534
0.416236
0.401506
0.402874
0.418569
0.444649
0.474179
0.500961
0.528412
0.55185
0.575294
0.596419
0.614814
0.632149
0.64736
0.660177
0.670944
0.679826
0.686663
0.691476
0.694314
0.695247
0.694346
0.691696
0.687387
0.681512
0.674169
0.665462
0.655492
0.644363
0.632178
0.619037
0.605042
0.590289
0.574871
0.558879
0.5424
0.525517
0.508306
0.490839
0.473184
0.455407
0.437574
0.419755
0.402021
0.384427
0.367025
0.349877
0.333039
0.316562
0.300545
0.285088
0.270263
0.256168
0.242931
0.230655
0.219531
0.209795
0.201649
0.19536
0.191249
0.189743
1.54548
1.5439
1.53388
1.50335
1.44504
1.34994
1.22141
1.06619
0.909258
0.808926
0.817269
0.94197
1.12413
1.16277
1.01903
0.839372
0.683188
0.560745
0.46688
0.403705
0.365089
0.347269
0.350964
0.367194
0.39541
0.425257
0.454836
0.481457
0.50842
0.531451
0.554387
0.575173
0.593238
0.610262
0.625357
0.638154
0.6489
0.657829
0.6648
0.669772
0.67278
0.673886
0.673162
0.670692
0.666564
0.66087
0.653708
0.645176
0.635376
0.624407
0.612372
0.599366
0.585489
0.570832
0.555487
0.539541
0.523077
0.506174
0.488909
0.471356
0.453589
0.435677
0.417684
0.399671
0.381701
0.363835
0.346128
0.328644
0.311479
0.294705
0.2784
0.262664
0.24761
0.233363
0.22006
0.207936
0.197204
0.188131
0.181046
0.176345
0.174595
1.52811
1.52486
1.51025
1.47579
1.41229
1.31567
1.18743
1.03779
0.894346
0.811886
0.833237
0.965166
1.1464
1.16857
1.00859
0.818379
0.654115
0.524835
0.42861
0.360616
0.319897
0.302815
0.305394
0.324091
0.352496
0.383672
0.412819
0.441642
0.466912
0.492822
0.514885
0.536577
0.556834
0.574165
0.590496
0.605508
0.618333
0.628919
0.637593
0.644414
0.649313
0.652288
0.653384
0.652673
0.650233
0.646154
0.640523
0.633437
0.624991
0.615281
0.604403
0.592455
0.57953
0.565723
0.551122
0.535815
0.519889
0.503425
0.486502
0.469194
0.451574
0.433709
0.415668
0.397515
0.379311
0.361122
0.343017
0.325073
0.307356
0.289945
0.272931
0.256417
0.240523
0.225373
0.211161
0.198102
0.186444
0.176492
0.168629
0.163335
0.161341
1.50695
1.50213
1.48414
1.44624
1.37905
1.2825
1.15707
1.01509
0.885629
0.818278
0.848542
0.98375
1.16252
1.17474
1.00382
0.802956
0.633647
0.500268
0.400489
0.330652
0.288977
0.270606
0.273991
0.292384
0.321676
0.351833
0.382097
0.408771
0.436214
0.459224
0.483343
0.504782
0.523895
0.543561
0.560858
0.575746
0.589484
0.601723
0.611904
0.619977
0.626189
0.630599
0.633202
0.63402
0.633102
0.630513
0.626331
0.620635
0.613513
0.605054
0.595349
0.584489
0.572564
0.559667
0.545885
0.531305
0.51601
0.500084
0.483603
0.466645
0.449281
0.431583
0.413619
0.395455
0.377159
0.3588
0.340442
0.322156
0.304016
0.286103
0.268511
0.251343
0.234718
0.218791
0.203751
0.189818
0.177273
0.166466
0.157833
0.151945
0.149705
1.48174
1.47572
1.45537
1.41413
1.34603
1.25029
1.12988
0.99727
0.881648
0.826795
0.862987
0.997749
1.17351
1.18191
1.00338
0.796244
0.622016
0.488761
0.389436
0.320436
0.277597
0.258404
0.259636
0.277279
0.304711
0.334331
0.362449
0.389753
0.414278
0.438574
0.460571
0.481203
0.501453
0.518956
0.535817
0.551581
0.565052
0.577055
0.587759
0.596866
0.60408
0.609496
0.613214
0.615244
0.615602
0.614318
0.611442
0.607036
0.601171
0.59392
0.585369
0.575597
0.564692
0.552737
0.53982
0.526022
0.511426
0.496113
0.480162
0.463647
0.446642
0.42922
0.41145
0.393399
0.375134
0.356721
0.338228
0.319726
0.301291
0.283004
0.264957
0.247255
0.230022
0.213418
0.19763
0.182895
0.169515
0.157876
0.148469
0.14197
0.139467
1.45217
1.44549
1.42339
1.38009
1.31291
1.21928
1.1054
0.983408
0.881135
0.836673
0.876277
1.00787
1.1798
1.18922
1.00796
0.79478
0.622276
0.491889
0.398199
0.331961
0.289488
0.267047
0.264469
0.278616
0.302514
0.33022
0.355904
0.381345
0.40449
0.426109
0.446936
0.465752
0.483435
0.500762
0.51571
0.529989
0.543677
0.555432
0.565765
0.57493
0.582782
0.589034
0.593608
0.596581
0.597971
0.597791
0.596061
0.59282
0.588118
0.582013
0.574571
0.565869
0.555979
0.544981
0.532956
0.519981
0.506136
0.4915
0.476149
0.460159
0.443602
0.426549
0.40907
0.391231
0.373102
0.354748
0.336237
0.31764
0.299031
0.280492
0.262113
0.244
0.226277
0.209098
0.192655
0.177196
0.16304
0.150601
0.140433
0.133299
0.130515
1.4187
1.41158
1.38824
1.34481
1.27903
1.18965
1.0832
0.972617
0.883044
0.847325
0.888499
1.01482
1.18204
1.19595
1.0149
0.800956
0.632067
0.509603
0.423113
0.361817
0.319986
0.29421
0.286126
0.294526
0.314049
0.337108
0.36042
0.381637
0.402271
0.421047
0.438377
0.455412
0.470586
0.485058
0.499571
0.512085
0.524008
0.53571
0.545892
0.554722
0.562487
0.569092
0.574352
0.578095
0.580326
0.581066
0.580326
0.578119
0.574476
0.569438
0.563054
0.555384
0.546494
0.536451
0.52533
0.513205
0.500149
0.486237
0.471544
0.456143
0.440105
0.423501
0.4064
0.388868
0.370973
0.352782
0.334362
0.315784
0.297119
0.278447
0.259857
0.241451
0.223352
0.20571
0.188718
0.172626
0.157761
0.144569
0.133659
0.125902
0.122844
1.38133
1.37396
1.35033
1.30814
1.24445
1.16105
1.063
0.964056
0.886512
0.858324
0.899824
1.01949
1.1807
1.2006
1.02335
0.812497
0.649258
0.53751
0.459677
0.403243
0.362424
0.334631
0.320572
0.323239
0.335836
0.354112
0.371833
0.389765
0.4054
0.421077
0.43509
0.44826
0.461609
0.473519
0.485104
0.497112
0.507528
0.517409
0.527277
0.536043
0.54356
0.55008
0.55553
0.559802
0.562733
0.564249
0.564355
0.563057
0.560368
0.556309
0.550917
0.544232
0.536309
0.527208
0.516993
0.505728
0.493486
0.480334
0.466344
0.451585
0.43613
0.420044
0.403397
0.386256
0.368686
0.350754
0.332526
0.314072
0.295461
0.276771
0.258088
0.23951
0.221155
0.203169
0.185738
0.16911
0.153619
0.13973
0.128107
0.119724
0.116379
1.33982
1.33255
1.30984
1.26954
1.20969
1.13305
1.0444
0.957003
0.890836
0.869319
0.91043
1.02284
1.17691
1.20228
1.03138
0.825627
0.672974
0.57162
0.502361
0.451119
0.41207
0.38322
0.364966
0.36073
0.36654
0.377705
0.390363
0.402344
0.414446
0.424713
0.435704
0.445387
0.454976
0.465127
0.474268
0.483413
0.493257
0.501882
0.510038
0.518257
0.525748
0.53211
0.537527
0.541947
0.545283
0.547418
0.548249
0.547743
0.545902
0.542735
0.538259
0.532507
0.525514
0.51733
0.508007
0.497607
0.48619
0.473822
0.460569
0.446497
0.431674
0.416167
0.400042
0.383365
0.366201
0.348614
0.330671
0.312439
0.293987
0.27539
0.25673
0.238101
0.219613
0.201406
0.183657
0.166604
0.15058
0.13606
0.123743
0.114736
0.111098
1.29383
1.28727
1.26659
1.22926
1.17495
1.10541
1.02687
0.95086
0.895365
0.880001
Process [3]
0.920454
1.0256
1.17155
1.19989
1.03675
0.83872
0.699112
0.61038
0.548956
0.502654
0.465631
0.436539
0.415428
0.404465
0.403396
0.407026
0.413647
0.419958
0.42656
0.433109
0.438823
0.445789
0.451908
0.458526
0.466053
0.472917
0.480026
0.488034
0.495168
0.501887
0.508648
0.514977
0.520327
0.524771
0.528278
0.530755
0.53212
0.532286
0.531194
0.528829
0.525197
0.520313
0.514202
0.506901
0.498453
0.488907
0.478319
0.466748
0.454256
0.440904
0.426756
0.411877
0.396332
0.380183
0.363496
0.346334
0.328761
0.310844
0.29265
0.274251
0.255726
0.237164
0.218668
0.200366
0.182426
0.165072
0.148624
0.133557
0.120599
0.110929
0.106981
1.24379
1.23846
1.22093
1.18805
1.1399
1.07818
1.0099
0.945086
0.89957
0.890008
0.929941
1.02827
1.16535
1.1926
1.03591
0.852568
0.727788
0.651081
0.597402
0.555999
0.52118
0.492268
0.468845
0.452476
0.444081
0.441038
0.440304
0.441412
0.44203
0.443939
0.445854
0.447993
0.451638
0.454974
0.459212
0.464622
0.469653
0.475113
0.481577
0.487462
0.492994
0.498507
0.503773
0.508226
0.511804
0.514493
0.516201
0.516848
0.516368
0.514709
0.511839
0.507758
0.502476
0.496016
0.488412
0.479706
0.469941
0.459172
0.447454
0.434846
0.421405
0.407195
0.392277
0.376714
0.360567
0.3439
0.326776
0.309259
0.291416
0.273315
0.255033
0.236652
0.21827
0.200005
0.18201
0.164491
0.147747
0.132237
0.118695
0.108399
0.104107
1.19089
1.18714
1.17382
1.14629
1.10443
1.0513
0.993009
0.939148
0.903003
0.89899
0.938832
1.03111
1.15855
1.17922
1.03296
0.863151
0.757655
0.693239
0.646885
0.610058
0.577531
0.548693
0.523263
0.502526
0.487414
0.477621
0.470213
0.46486
0.460735
0.456935
0.454997
0.453322
0.452781
0.453802
0.455017
0.457406
0.461153
0.46474
0.468871
0.474051
0.478904
0.483454
0.487919
0.492204
0.495845
0.498657
0.500607
0.501617
0.501608
0.500521
0.498312
0.494955
0.490441
0.484776
0.47798
0.470086
0.461132
0.451161
0.440224
0.428372
0.415663
0.402153
0.387903
0.372973
0.357422
0.341313
0.324708
0.307669
0.290261
0.272552
0.254615
0.236527
0.218381
0.200284
0.182374
0.164838
0.147948
0.132132
0.118115
0.10724
0.102605
1.13759
1.13535
1.12619
1.10398
1.0689
1.02443
0.975905
0.932532
0.905296
0.906672
0.947053
1.03449
1.14938
1.16644
1.01971
0.875149
0.788627
0.736314
0.696752
0.664025
0.633518
0.6046
0.577273
0.55279
0.532045
0.515475
0.502019
0.490245
0.480866
0.472528
0.465558
0.460625
0.456315
0.453827
0.452871
0.452508
0.453508
0.45597
0.458447
0.46153
0.465642
0.469638
0.473368
0.476969
0.480362
0.483252
0.485373
0.486651
0.487022
0.486413
0.484766
0.48204
0.478216
0.473285
0.467254
0.46014
0.451972
0.442787
0.432627
0.421541
0.409578
0.396794
0.383244
0.368985
0.354078
0.338581
0.322556
0.306065
0.289171
0.271941
0.254444
0.236757
0.218964
0.201166
0.183486
0.166093
0.149228
0.133274
0.118915
0.107506
0.102542
1.08549
1.08442
1.07865
1.06157
1.03348
0.99725
0.958322
0.924792
0.906074
0.912645
0.954021
1.03745
1.14475
1.13849
1.00645
0.887491
0.821143
0.779943
0.746568
0.717272
0.688095
0.65895
0.629842
0.601982
0.576418
0.553726
0.534325
0.517078
0.501974
0.489388
0.478036
0.468878
0.461757
0.455646
0.451769
0.449415
0.447909
0.447913
0.449398
0.451037
0.453307
0.456535
0.459816
0.462853
0.465734
0.468344
0.470523
0.47201
0.472675
0.472457
0.47129
0.469123
0.46592
0.46166
0.456338
0.449963
0.442552
0.434133
0.42474
0.414416
0.403207
0.391162
0.378336
0.364781
0.350555
0.335718
0.320328
0.304447
0.288137
0.271465
0.254498
0.23731
0.219984
0.202613
0.185312
0.168228
0.151576
0.135691
0.121185
0.109372
0.104112
1.03505
1.03473
1.03173
1.01952
0.997926
0.969684
0.939964
0.915532
0.90492
0.916613
0.959586
1.04374
1.13262
1.11061
0.991358
0.902731
0.855738
0.823709
0.795994
0.7688
0.740625
0.710769
0.680012
0.649109
0.619271
0.591418
0.566367
0.544129
0.524029
0.506686
0.491742
0.478484
0.467891
0.459258
0.452051
0.447222
0.443953
0.441657
0.440981
0.441741
0.442765
0.444412
0.446903
0.449575
0.452033
0.454291
0.456234
0.457742
0.458629
0.458731
0.457968
0.456284
0.453634
0.449986
0.445323
0.439642
0.432952
0.425272
0.41663
0.407061
0.396604
0.385308
0.37322
0.360393
0.346881
0.332742
0.318034
0.302817
0.287154
0.271111
0.254755
0.23816
0.221407
0.204585
0.187805
0.171202
0.154965
0.13939
0.125011
0.113061
0.107584
0.98637
0.986573
0.985756
0.977804
0.962262
0.941687
0.920488
0.904623
0.90154
0.919063
0.966768
1.04699
1.11975
1.0751
0.980956
0.923028
0.892127
0.867423
0.843871
0.818147
0.790044
0.759484
0.726849
0.693205
0.659693
0.62751
0.59756
0.570617
0.546266
0.524424
0.505692
0.489218
0.474939
0.46351
0.453934
0.446165
0.440762
0.436938
0.43415
0.433031
0.433271
0.433857
0.435028
0.436907
0.439052
0.441006
0.442722
0.444093
0.444993
0.445299
0.444871
0.443606
0.441444
0.438346
0.434288
0.429256
0.423249
0.416278
0.408364
0.399535
0.389827
0.37928
0.367941
0.355856
0.343083
0.329673
0.315685
0.30118
0.286219
0.270868
0.255196
0.239277
0.223194
0.207037
0.190913
0.174957
0.159345
0.144342
0.130411
0.118611
0.113059
0.939445
0.939935
0.940771
0.936566
0.926682
0.913128
0.899801
0.892202
0.896896
0.921259
0.969932
1.05328
1.09418
1.04276
0.980432
0.948846
0.929716
0.910546
0.889118
0.864363
0.835822
0.804062
0.7697
0.733526
0.696906
0.661152
0.627245
0.596047
0.567861
0.542314
0.519696
0.500208
0.482987
0.468326
0.456514
0.44651
0.438539
0.432889
0.428775
0.425738
0.42435
0.424232
0.424508
0.425321
0.426691
0.428365
0.429871
0.431105
0.43197
0.432338
0.432101
0.43116
0.429422
0.426819
0.423312
0.41888
0.413515
0.407221
0.400008
0.391901
0.382928
0.373127
0.362539
0.351211
0.339191
0.326535
0.313299
0.299542
0.285329
0.270726
0.255801
0.240634
0.225307
0.209915
0.194574
0.179415
0.164625
0.150462
0.137355
0.126231
0.120958
0.894435
0.895015
0.897156
0.896176
0.891262
0.884184
0.878473
0.879165
0.890887
0.918849
0.980179
1.0504
1.06412
1.0214
0.992253
0.979655
0.967394
0.951398
0.931374
0.906263
0.877054
0.844016
0.807737
0.769417
0.730328
0.69174
0.6547
0.620003
0.588361
0.559642
0.533743
0.511076
0.491338
0.474009
0.459465
0.447585
0.437583
0.429664
0.424025
0.419815
0.416718
0.415184
0.414829
0.414891
0.415428
0.416391
0.417617
0.418719
0.419519
0.419922
0.419815
0.419093
0.417671
0.415482
0.412465
0.408586
0.40382
0.398164
0.391624
0.384215
0.375963
0.366897
0.357057
0.346488
0.335233
0.323349
0.310888
0.297913
0.284485
0.270673
0.256551
0.242196
0.2277
0.213163
0.198706
0.184479
0.17068
0.157591
0.145666
0.135812
0.131211
0.851741
0.852305
0.855188
0.856903
0.856557
0.855697
0.857487
0.864291
0.882108
0.924547
0.987169
1.04024
1.03613
1.01959
1.01558
1.01236
1.00336
0.989362
0.968832
0.94338
0.913055
0.878391
0.840496
0.800438
0.759466
0.718773
0.679367
0.642018
0.607425
0.575948
0.547382
0.521817
0.499581
0.480071
0.463085
0.449012
0.437344
0.427629
0.419971
0.414516
0.41036
0.407337
0.405744
0.40524
0.405152
0.405469
0.4061
0.406907
0.407627
0.40803
0.408008
0.407465
0.406307
0.404457
0.401856
0.39846
0.394239
0.389177
0.383272
0.376535
0.36898
0.360636
0.351536
0.341722
0.331239
0.320136
0.308468
0.296297
0.283683
0.270701
0.257422
0.243933
0.230327
0.216714
0.203225
0.190029
0.177344
0.165492
0.154988
0.146798
0.143327
Process [4]
0.811753
0.812144
0.815663
0.819741
0.823723
0.828862
0.83551
0.849776
0.881813
0.931453
0.993637
1.0227
1.02852
1.0369
1.04396
1.04401
1.03675
1.02203
1.00122
0.97472
0.942867
0.906849
0.867569
0.826244
0.784022
0.741923
0.700866
0.661608
0.624764
0.590938
0.560135
0.532286
0.507586
0.486075
0.467198
0.45091
0.437499
0.426306
0.417045
0.40982
0.404651
0.400666
0.397799
0.396205
0.395608
0.39541
0.395551
0.395899
0.396328
0.396667
0.396697
0.396285
0.395341
0.393784
0.39155
0.388585
0.384857
0.380342
0.375031
0.368926
0.362041
0.354396
0.346023
0.336955
0.327238
0.316922
0.306057
0.294702
0.282926
0.270796
0.258395
0.245808
0.233136
0.220498
0.208036
0.195932
0.184434
0.173889
0.164849
0.158264
0.155707
0.775694
0.775895
0.779816
0.786358
0.794755
0.803287
0.817481
0.845391
0.887271
0.945983
0.992469
1.02102
1.0443
1.06249
1.07275
1.0725
1.06478
1.04914
1.02743
0.999283
0.966197
0.928944
0.888741
0.846719
0.803832
0.760968
0.718917
0.678417
0.640048
0.60437
0.571739
0.542058
0.515351
0.491863
0.471328
0.453354
0.438031
0.425399
0.414868
0.406176
0.399491
0.39467
0.390937
0.388274
0.386713
0.386049
0.385773
0.385747
0.385853
0.385952
0.385914
0.38558
0.384805
0.383493
0.381576
0.378996
0.375714
0.371703
0.366946
0.36144
0.355194
0.348223
0.340555
0.332222
0.323263
0.313725
0.303664
0.293136
0.282206
0.270948
0.259443
0.247782
0.236074
0.224439
0.213034
0.202053
0.191751
0.182493
0.174811
0.169497
0.167549
0.745552
0.745633
0.750487
0.760195
0.771248
0.786243
0.81378
0.853526
0.906884
0.959968
1.00433
1.04089
1.07002
1.08961
1.09646
1.09621
1.08616
1.06992
1.04622
1.01685
0.982599
0.944604
0.904056
0.861863
0.818849
0.775779
0.733358
0.69223
0.652967
0.616053
0.58199
0.550857
0.522637
0.497402
0.475308
0.455946
0.43909
0.424859
0.413115
0.40334
0.395305
0.389207
0.384768
0.381335
0.378892
0.377383
0.376665
0.376313
0.376131
0.376015
0.375826
0.375441
0.374744
0.373621
0.371973
0.369733
0.366853
0.3633
0.359057
0.354114
0.348473
0.342148
0.335161
0.327542
0.319327
0.310563
0.301299
0.291596
0.281518
0.271137
0.260538
0.249817
0.239081
0.228463
0.218119
0.20825
0.199116
0.191064
0.184567
0.180234
0.178692
0.72559
0.725956
0.732969
0.746694
0.763232
0.790785
0.83148
0.880006
0.935227
0.98709
1.03169
1.06957
1.095
1.10965
1.11555
1.11203
1.10114
1.08267
1.05752
1.02704
0.992143
0.954042
0.913674
0.871809
0.829163
0.786401
0.744135
0.702936
0.663325
0.625773
0.590728
0.558526
0.529147
0.502623
0.479069
0.458475
0.44042
0.424823
0.411742
0.400957
0.391977
0.384655
0.379146
0.375103
0.371987
0.369761
0.368312
0.367536
0.367093
0.366763
0.366433
0.365981
0.36529
0.364258
0.362799
0.360837
0.358311
0.355175
0.351403
0.346984
0.341915
0.336204
0.329872
0.322943
0.315454
0.307447
0.298971
0.290084
0.280851
0.271346
0.261652
0.251867
0.242102
0.23249
0.223191
0.214401
0.206369
0.19941
0.19392
0.190349
0.189101
0.726037
0.727488
0.738498
0.758702
0.784173
0.824793
0.868869
0.92274
0.973897
1.02128
1.06247
1.09088
1.11277
1.12302
1.12665
1.12066
1.10782
1.08732
1.06114
1.0301
0.995241
0.957588
0.917882
0.876801
0.834968
0.79296
0.751298
0.710496
0.671031
0.633345
0.597834
0.564923
0.534734
0.507285
0.482613
0.460854
0.441797
0.42516
0.410866
0.398972
0.389157
0.380988
0.374391
0.369444
0.365794
0.362985
0.360955
0.359575
0.358717
0.358167
0.357689
0.357149
0.356449
0.355482
0.354159
0.352403
0.35016
0.34738
0.344028
0.340088
0.335551
0.330422
0.324712
0.318447
0.31166
0.304389
0.296683
0.288597
0.280197
0.271555
0.262754
0.253892
0.245081
0.236452
0.228159
0.22039
0.213375
0.207389
0.202748
0.199781
0.198757
0.759568
0.761537
0.777498
0.799724
0.833049
0.872128
0.919364
0.963878
1.01051
1.04802
1.08085
1.10479
1.12105
1.12924
1.12909
1.12102
1.10582
1.08416
1.05754
1.02663
0.992424
0.955702
0.917094
0.877192
0.836548
0.795661
0.75498
0.714975
0.676071
0.638682
0.603185
0.569953
0.53929
0.511222
0.485805
0.463076
0.443134
0.425644
0.410462
0.397477
0.386765
0.377892
0.370533
0.364635
0.360206
0.356927
0.354396
0.352543
0.351209
0.35027
0.349581
0.348941
0.348202
0.347267
0.346047
0.344466
0.342463
0.339988
0.337005
0.333491
0.329437
0.324844
0.319718
0.314082
0.307965
0.301403
0.294441
0.287133
0.279544
0.271743
0.263814
0.255851
0.247962
0.240276
0.232938
0.226124
0.220035
0.214902
0.210976
0.208499
0.207648
0.807635
0.80899
0.826672
0.846655
0.880439
0.91446
0.95532
0.99384
1.03042
1.06329
1.08897
1.10966
1.12126
1.12632
1.12276
1.11256
1.09592
1.07392
1.04756
1.01742
0.984337
0.948947
0.911793
0.873396
0.834241
0.794763
0.755385
0.7165
0.678507
0.641786
0.606692
0.573555
0.542728
0.51435
0.488471
0.465122
0.444383
0.426204
0.410301
0.396544
0.38486
0.375274
0.3673
0.360725
0.355475
0.351506
0.348559
0.346277
0.344553
0.34325
0.342233
0.341382
0.34056
0.339624
0.33847
0.337022
0.335216
0.333004
0.330347
0.327218
0.323605
0.319504
0.314922
0.309877
0.304391
0.298503
0.292254
0.285694
0.278884
0.271895
0.264804
0.257703
0.250695
0.243901
0.237457
0.231519
0.226261
0.221875
0.218554
0.216476
0.215768
0.844234
0.845772
0.861903
0.881154
0.910071
0.941468
0.975043
1.00944
1.03963
1.06809
1.08882
1.10485
1.11239
1.11381
1.10792
1.0964
1.07935
1.05771
1.03218
1.00327
0.971684
0.937941
0.902515
0.865874
0.82844
0.790612
0.752767
0.715265
0.678466
0.642715
0.608349
0.575675
0.545005
0.516606
0.490532
0.466847
0.445568
0.426785
0.410316
0.395967
0.38358
0.37315
0.364611
0.357483
0.351637
0.346968
0.343396
0.340732
0.338649
0.337015
0.335716
0.334621
0.333613
0.33259
0.331448
0.33009
0.32844
0.326446
0.324069
0.32128
0.318063
0.314411
0.31033
0.305833
0.300942
0.295688
0.290114
0.284265
0.278198
0.271981
0.265688
0.259404
0.253227
0.247268
0.241649
0.236507
0.23199
0.228253
0.225446
0.223701
0.223109
0.869577
0.871384
0.885478
0.903364
0.928395
0.956641
0.985295
1.01505
1.04011
1.06286
1.07883
1.08996
1.09426
1.0932
1.08611
1.07416
1.05743
1.03666
1.01238
0.985031
0.955194
0.923315
0.889813
0.8551
0.819561
0.783558
0.747429
0.711507
0.676119
0.641585
0.608213
0.576298
0.546111
0.517949
0.491943
0.468158
0.44663
0.42739
0.410473
0.395656
0.382775
0.371699
0.362441
0.35485
0.348504
0.343312
0.339147
0.335909
0.333464
0.331523
0.329944
0.328619
0.327435
0.326284
0.325074
0.323726
0.322168
0.32034
0.318194
0.315697
0.312829
0.309581
0.305955
0.301961
0.297621
0.292959
0.288016
0.282835
0.277468
0.271977
0.266434
0.260916
0.255513
0.250324
0.245459
0.241035
0.237173
0.234001
0.231633
0.230168
0.229671
0.888253
0.890148
0.902035
0.917781
0.93873
0.962592
0.986021
1.00983
1.02966
1.04699
1.05899
1.06675
1.06898
1.06658
1.05911
1.04736
1.03142
1.01185
0.989093
0.963504
0.93557
0.905693
0.874231
0.841557
0.808027
0.773966
0.739686
0.70549
0.671678
0.638556
0.606393
0.575472
0.546048
0.518376
0.49268
0.469023
0.447467
0.428031
0.410751
0.395596
0.382338
0.37083
0.360978
0.352779
0.346035
0.340391
0.335765
0.332028
0.329064
0.326755
0.324906
0.323344
0.321967
0.320679
0.319387
0.318014
0.31649
0.314759
0.312776
0.310509
0.307932
0.305034
0.301811
0.298272
0.294432
0.290315
0.285955
0.281393
0.276676
0.271861
0.267013
0.262204
0.257512
0.253026
0.248841
0.245056
0.241772
0.239088
0.237095
0.235867
0.235451
0.896442
0.898086
0.907564
0.92033
0.937104
0.956103
0.974848
0.993626
1.0094
1.02293
Process [5]
1.03219
1.03783
1.03884
1.03585
1.02849
1.01733
1.00246
0.984268
0.963165
0.93943
0.913474
0.885655
0.856294
0.82572
0.79426
0.762212
0.729863
0.697497
0.665391
0.633816
0.603033
0.573297
0.544852
0.517921
0.49274
0.46943
0.448047
0.428635
0.411193
0.395768
0.382251
0.37043
0.360192
0.35145
0.344182
0.338183
0.333147
0.328994
0.325608
0.322848
0.320619
0.318793
0.317211
0.31576
0.314356
0.312925
0.311402
0.30973
0.307864
0.305772
0.303428
0.300819
0.297939
0.294795
0.291398
0.287767
0.283935
0.279935
0.27581
0.271612
0.267399
0.263234
0.259186
0.255333
0.251754
0.248534
0.245753
0.243491
0.241819
0.24079
0.240443
0.891558
0.892905
0.900521
0.910778
0.924375
0.939619
0.954899
0.970013
0.982844
0.993712
1.00108
1.00534
1.00568
1.00251
0.995549
0.985163
0.971481
0.954751
0.935339
0.913479
0.889508
0.86375
0.836496
0.808035
0.778668
0.748665
0.718298
0.687825
0.657504
0.627581
0.598304
0.569904
0.54261
0.516626
0.492156
0.469388
0.44837
0.42916
0.411777
0.396208
0.382505
0.370483
0.359969
0.35088
0.343117
0.336647
0.331283
0.326754
0.322987
0.319855
0.317246
0.315054
0.313188
0.311536
0.30999
0.308465
0.3069
0.305241
0.303444
0.301476
0.299313
0.296938
0.294345
0.291537
0.288523
0.28532
0.281952
0.278452
0.274858
0.271212
0.267567
0.263977
0.260503
0.257209
0.254164
0.251437
0.249092
0.247191
0.245791
0.244932
0.244643
0.877897
0.879005
0.885212
0.893507
0.904685
0.917057
0.929695
0.942036
0.952663
0.961541
0.967559
0.970866
0.970847
0.96771
0.961278
0.951746
0.939274
0.924003
0.906251
0.886229
0.864203
0.840471
0.815291
0.788923
0.761635
0.733683
0.705314
0.676768
0.648282
0.620087
0.592404
0.565454
0.539444
0.514567
0.491
0.468931
0.448454
0.429615
0.412453
0.396953
0.383126
0.370984
0.360301
0.350956
0.342877
0.335957
0.330146
0.325297
0.321184
0.317695
0.314743
0.312223
0.310036
0.308098
0.30633
0.304654
0.302999
0.301305
0.299526
0.297629
0.295589
0.293391
0.291025
0.288492
0.285799
0.282959
0.279992
0.276927
0.273795
0.270634
0.267487
0.264403
0.261431
0.258626
0.256044
0.25374
0.251768
0.250176
0.249005
0.248289
0.248048
0.858867
0.859802
0.864864
0.871649
0.880889
0.891015
0.901552
0.911714
0.920608
0.927929
0.932927
0.935524
0.935311
0.932308
0.926447
0.917771
0.906463
0.8926
0.876437
0.858178
0.83803
0.816254
0.793089
0.768767
0.743524
0.717602
0.691224
0.664615
0.637989
0.611563
0.585542
0.560126
0.535504
0.511856
0.489343
0.468123
0.44834
0.430027
0.413231
0.397959
0.384189
0.371946
0.361186
0.351682
0.343361
0.336142
0.329922
0.324632
0.32019
0.316374
0.31308
0.31023
0.307737
0.305516
0.303492
0.301597
0.299773
0.297969
0.296141
0.294251
0.292273
0.290188
0.287986
0.285663
0.283225
0.28068
0.278047
0.275347
0.272606
0.269858
0.267138
0.264487
0.261945
0.259557
0.257369
0.255425
0.253767
0.252433
0.251454
0.250857
0.250656
0.836631
0.837418
0.841569
0.847136
0.854796
0.863125
0.871934
0.880337
0.887812
0.893869
0.898046
0.900085
0.899756
0.896927
0.891613
0.883758
0.873538
0.861002
0.846342
0.829746
0.811387
0.791485
0.770258
0.747917
0.724671
0.700739
0.67633
0.651647
0.62689
0.602259
0.577939
0.554114
0.530957
0.508633
0.48729
0.467061
0.448087
0.430441
0.414146
0.399228
0.385675
0.373465
0.362625
0.353063
0.344577
0.33712
0.330609
0.324946
0.320065
0.315884
0.312265
0.309085
0.306267
0.303744
0.301445
0.29931
0.297283
0.295317
0.293371
0.291414
0.289421
0.287372
0.285257
0.283069
0.28081
0.278488
0.276112
0.273702
0.27128
0.26887
0.266501
0.264208
0.262022
0.259981
0.258119
0.256473
0.255075
0.253953
0.253132
0.252632
0.252464
0.812536
0.81319
0.816597
0.821184
0.827526
0.834396
0.841752
0.84871
0.854985
0.859994
0.863475
0.865061
0.864642
0.861999
0.857182
0.850097
0.840875
0.829575
0.816317
0.80128
0.784614
0.766495
0.747124
0.726688
0.705381
0.683391
0.660916
0.63814
0.615248
0.592415
0.569819
0.547624
0.525988
0.505059
0.484971
0.465845
0.447792
0.430922
0.415251
0.400803
0.387578
0.37556
0.364722
0.35509
0.34654
0.338905
0.33215
0.326193
0.320961
0.316356
0.312326
0.308791
0.305641
0.302794
0.300189
0.297774
0.2955
0.293326
0.291213
0.289133
0.287061
0.284979
0.282876
0.280745
0.278586
0.276403
0.274204
0.272002
0.269814
0.26766
0.265564
0.263549
0.261645
0.259878
0.258275
0.256865
0.255673
0.25472
0.254024
0.253601
0.253459
0.787395
0.787953
0.790736
0.794523
0.799759
0.805434
0.811553
0.817314
0.822554
0.826685
0.829556
0.830769
0.830267
0.827812
0.823437
0.817065
0.808757
0.798596
0.786649
0.773069
0.757995
0.741572
0.723972
0.705369
0.685932
0.665836
0.645252
0.624356
0.603308
0.582274
0.561412
0.54087
0.520791
0.501308
0.482541
0.464598
0.447569
0.431558
0.416615
0.40274
0.389942
0.378213
0.367531
0.357866
0.349237
0.341515
0.334563
0.328346
0.322805
0.317852
0.313424
0.309458
0.305899
0.302683
0.299739
0.297007
0.294442
0.292006
0.289667
0.287399
0.285181
0.282995
0.28083
0.278679
0.27654
0.274415
0.272309
0.270232
0.268195
0.266216
0.264309
0.262496
0.260796
0.259231
0.257822
0.256589
0.255552
0.254725
0.254124
0.25376
0.253637
0.761718
0.762187
0.764461
0.767586
0.771893
0.77658
0.781643
0.786408
0.790751
0.794149
0.796483
0.797391
0.796811
0.794543
0.790568
0.784851
0.777393
0.768277
0.757559
0.745347
0.731773
0.716961
0.701056
0.684213
0.666585
0.648329
0.629597
0.610546
0.591322
0.572076
0.552947
0.534071
0.515572
0.497571
0.480171
0.463468
0.447543
0.432467
0.418324
0.40511
0.392827
0.381471
0.371029
0.361474
0.352772
0.344938
0.337864
0.331428
0.325601
0.320316
0.315522
0.311163
0.307183
0.303533
0.30017
0.29705
0.294132
0.291376
0.288751
0.28623
0.283795
0.281431
0.279127
0.276875
0.274673
0.272522
0.270423
0.268385
0.266415
0.264525
0.262726
0.261034
0.259463
0.25803
0.256749
0.255635
0.254704
0.253965
0.25343
0.253105
0.252997
0.73578
0.736167
0.738026
0.740603
0.744133
0.748004
0.752172
0.75611
0.759683
0.762472
0.764342
0.765009
0.76437
0.762289
0.758694
0.753582
0.746924
0.738785
0.72922
0.718305
0.706153
0.692878
0.678601
0.663455
0.647582
0.631114
0.614194
0.596956
0.579533
0.562062
0.544661
0.527452
0.510547
0.494048
0.478046
0.462624
0.447852
0.433785
0.420487
0.408003
0.396307
0.385394
0.37526
0.365886
0.357242
0.349298
0.342046
0.335447
0.329368
0.323765
0.318609
0.313855
0.30946
0.305382
0.301582
0.298026
0.294683
0.291525
0.288529
0.285673
0.282939
0.280313
0.277785
0.275347
0.272996
0.270729
0.26855
0.266461
0.264469
0.262582
0.260807
0.259155
0.257637
0.256264
0.255047
0.253997
0.253123
0.252433
0.251935
0.251634
0.251533
0.7097
0.710038
0.711542
0.713676
0.716562
0.719763
0.723184
0.726442
0.729369
0.731662
0.73315
0.733636
0.732978
0.731092
0.727879
0.72334
0.717451
0.710242
0.701773
0.692099
0.681313
0.669516
0.656811
0.643315
0.629145
0.614427
0.599284
0.583829
0.568187
0.552473
0.536788
0.521244
0.505936
0.490948
0.476361
0.462244
0.448657
0.435645
0.423248
0.411521
0.400469
0.390058
0.380285
0.371144
0.362614
0.354669
0.347265
0.340427
0.334105
0.328213
0.322704
0.317551
0.312725
0.308197
0.303935
0.299916
0.296114
0.292508
0.28908
0.285814
0.282698
0.279721
0.276874
0.274153
0.271553
0.269074
0.266715
0.26448
0.262371
0.260393
0.258553
0.256856
0.255312
0.253925
0.252705
0.251659
0.250794
0.250114
0.249624
0.249328
0.24923
Process [6]
0.683537
0.683815
0.685046
0.686815
0.68918
0.691837
0.694651
0.697361
0.69977
0.701673
0.702875
0.703246
0.702626
0.700958
0.698148
0.694178
0.689041
0.682744
0.675335
0.666869
0.657412
0.647051
0.63588
0.623994
0.611497
0.5985
0.5851
0.571407
0.557525
0.543548
0.52957
0.515684
0.501967
0.488491
0.475325
0.462524
0.450137
0.438202
0.426747
0.415801
0.405412
0.395548
0.386178
0.37731
0.368929
0.361023
0.353552
0.346527
0.3399
0.33367
0.327807
0.322259
0.316995
0.311994
0.307241
0.302718
0.298409
0.294301
0.290381
0.286639
0.283068
0.279659
0.276409
0.273313
0.27037
0.26758
0.264942
0.262459
0.260133
0.257968
0.255968
0.254137
0.252481
0.251005
0.249713
0.24861
0.247702
0.246991
0.24648
0.246172
0.24607
0.65724
0.657485
0.65849
0.659975
0.661929
0.664159
0.666501
0.668787
0.67081
0.672429
0.673453
0.673782
0.673277
0.671873
0.669502
0.666127
0.661749
0.656367
0.650015
0.642739
0.634596
0.625656
0.615995
0.6057
0.594859
0.583556
0.571885
0.559939
0.547798
0.535543
0.523258
0.511018
0.49888
0.486908
0.475156
0.463668
0.452482
0.441627
0.431127
0.420996
0.41126
0.401955
0.393024
0.384453
0.376247
0.368399
0.360887
0.353721
0.346856
0.340287
0.334006
0.328007
0.322274
0.316781
0.311509
0.306447
0.301587
0.296923
0.292449
0.288162
0.284058
0.280136
0.276394
0.272832
0.269451
0.26625
0.263234
0.260403
0.257761
0.25531
0.253056
0.251
0.249149
0.247504
0.246069
0.244849
0.243846
0.243063
0.242502
0.242164
0.242052
0.630747
0.630959
0.631801
0.633069
0.634718
0.63663
0.638633
0.640617
0.642387
0.643836
0.644799
0.645184
0.644879
0.643813
0.641938
0.63921
0.635625
0.631187
0.625912
0.61984
0.613019
0.605501
0.597354
0.588648
0.579451
0.56984
0.559892
0.549678
0.539262
0.528719
0.518113
0.507498
0.496923
0.486437
0.476081
0.46589
0.45589
0.446106
0.436552
0.427239
0.418177
0.40939
0.400904
0.392652
0.384635
0.376852
0.369313
0.362013
0.354925
0.348053
0.341392
0.334936
0.328683
0.322633
0.316782
0.311127
0.305664
0.300389
0.295301
0.290402
0.285693
0.281176
0.276856
0.272736
0.268819
0.26511
0.261613
0.258332
0.255272
0.252436
0.24983
0.247457
0.245321
0.243426
0.241776
0.240375
0.239224
0.238326
0.237683
0.237296
0.237167
0.603943
0.604138
0.604863
0.605983
0.60743
0.609131
0.610928
0.612735
0.614391
0.615798
0.616828
0.617384
0.617386
0.616758
0.615461
0.613457
0.610732
0.607289
0.603141
0.598313
0.592844
0.586779
0.580167
0.57306
0.56552
0.55761
0.549382
0.540891
0.532196
0.523351
0.514404
0.50539
0.496352
0.487324
0.478337
0.469414
0.460573
0.45183
0.443197
0.434681
0.42629
0.418026
0.409915
0.401979
0.394163
0.386443
0.37888
0.371443
0.36413
0.356951
0.349909
0.343007
0.336248
0.329638
0.323181
0.316883
0.310751
0.304793
0.299014
0.293422
0.288023
0.282826
0.277837
0.273063
0.268513
0.264194
0.260112
0.256276
0.252693
0.249368
0.246308
0.24352
0.241009
0.23878
0.236838
0.235187
0.233831
0.232773
0.232016
0.23156
0.231408
0.576699
0.576887
0.577546
0.578586
0.57993
0.581533
0.583257
0.585026
0.586714
0.588225
0.58946
0.590329
0.590765
0.590702
0.590096
0.588918
0.58715
0.584789
0.581842
0.578327
0.574271
0.569705
0.564665
0.559195
0.553342
0.547143
0.540637
0.533872
0.526891
0.519729
0.512415
0.504974
0.497438
0.489831
0.48217
0.474471
0.466744
0.459
0.451247
0.443489
0.435733
0.427981
0.420242
0.412528
0.404884
0.397237
0.389637
0.382054
0.374505
0.367008
0.359572
0.352207
0.344925
0.337737
0.330656
0.323695
0.316867
0.310185
0.303662
0.297313
0.291149
0.285186
0.279434
0.273909
0.26862
0.263581
0.258804
0.254299
0.250077
0.24615
0.242526
0.239215
0.236226
0.233568
0.231247
0.229272
0.227647
0.226377
0.225467
0.22492
0.224737
0.548869
0.549063
0.549705
0.550736
0.552081
0.553704
0.555494
0.557377
0.559257
0.561039
0.562644
0.563992
0.565018
0.565669
0.565902
0.565687
0.565002
0.563839
0.5622
0.560092
0.55753
0.554534
0.551133
0.547351
0.543212
0.538743
0.533978
0.528943
0.523665
0.518161
0.512446
0.506541
0.500463
0.494223
0.487833
0.481298
0.474625
0.467821
0.460889
0.453833
0.446661
0.439374
0.431978
0.424498
0.4169
0.409285
0.401626
0.393883
0.386083
0.378249
0.370399
0.362552
0.354724
0.346933
0.339199
0.33154
0.323976
0.316527
0.30921
0.302046
0.295054
0.288252
0.281659
0.275293
0.269171
0.263312
0.25773
0.252445
0.247471
0.242824
0.238521
0.234574
0.230999
0.227809
0.225016
0.222632
0.220666
0.219128
0.218024
0.217359
0.217137
0.520296
0.520508
0.521186
0.522288
0.523745
0.525523
0.527533
0.529699
0.531947
0.53419
0.536358
0.53838
0.540193
0.541746
0.542996
0.543911
0.544469
0.544653
0.544456
0.543875
0.542917
0.541588
0.539897
0.537853
0.535471
0.532768
0.529757
0.526451
0.522856
0.518973
0.514817
0.510395
0.505714
0.500775
0.495583
0.490137
0.484442
0.4785
0.472313
0.465888
0.459228
0.452345
0.44524
0.437935
0.430407
0.422747
0.414921
0.406961
0.398881
0.39069
0.382405
0.374051
0.365651
0.35723
0.348813
0.340423
0.332087
0.323826
0.315669
0.307636
0.299754
0.292046
0.284535
0.277246
0.2702
0.263422
0.256935
0.250761
0.244922
0.239441
0.23434
0.229642
0.225367
0.221537
0.218171
0.215287
0.212903
0.211033
0.209687
0.208877
0.208606
0.490799
0.491052
0.491822
0.493086
0.494782
0.496868
0.499277
0.501931
0.504762
0.507692
0.51065
0.513572
0.516398
0.519077
0.521564
0.52382
0.525815
0.527525
0.528934
0.530028
0.530799
0.531235
0.531335
0.531097
0.530523
0.529612
0.528362
0.526765
0.524813
0.522511
0.51986
0.516853
0.51349
0.509767
0.50568
0.501232
0.496419
0.491245
0.485712
0.479827
0.4736
0.46703
0.460155
0.452931
0.445447
0.437704
0.429692
0.421444
0.412994
0.404371
0.3956
0.386702
0.377701
0.368621
0.359491
0.35034
0.341195
0.332088
0.323044
0.314096
0.305269
0.296593
0.288098
0.27981
0.271758
0.263971
0.256479
0.24931
0.242495
0.236063
0.230046
0.224474
0.219379
0.214791
0.21074
0.207256
0.204364
0.202088
0.200447
0.199457
0.199126
0.460227
0.460534
0.461468
0.462999
0.465078
0.467655
0.47067
0.474046
0.477713
0.481599
0.48563
0.489737
0.493857
0.497933
0.501912
0.50575
0.509409
0.512855
0.516054
0.518981
0.521611
0.523927
0.525911
0.527547
0.528821
0.529713
0.530202
0.530276
0.529927
0.529144
0.527917
0.526236
0.524091
0.521477
0.518389
0.514823
0.51078
0.506261
0.501274
0.495828
0.48992
0.483589
0.476819
0.469628
0.4621
0.454199
0.44595
0.437388
0.428543
0.419446
0.410126
0.400616
0.390947
0.38115
0.371257
0.361299
0.351305
0.341309
0.33134
0.32143
0.311612
0.301917
0.292377
0.283023
0.273891
0.265015
0.256427
0.248165
0.240266
0.232768
0.225713
0.219141
0.213097
0.207623
0.202764
0.198563
0.195061
0.192294
0.190293
0.189083
0.188678
0.42838
0.428776
0.429956
0.431897
0.434549
0.437851
0.441738
0.446133
0.450952
0.456117
0.461548
0.467167
0.472904
0.478691
0.484466
0.49017
0.495749
0.501154
0.506342
0.511271
0.515907
0.520215
0.524163
0.527718
0.530847
0.533518
0.535713
0.537411
0.538593
0.53924
0.539336
0.538866
0.53782
0.536187
0.533967
0.53115
0.527746
0.523752
0.519189
0.514048
0.508359
0.502143
0.495365
0.48814
0.480458
0.472316
0.463754
0.454808
0.44551
0.435894
0.425994
0.415843
0.405475
0.394925
0.384229
0.373418
0.36253
0.351596
0.340653
0.329733
0.318871
0.308102
0.297459
0.286978
0.276697
0.266652
0.256882
0.247432
0.238343
0.229664
0.221446
0.213741
0.206608
0.200106
0.194298
0.189246
0.18501
0.181647
0.179206
0.177726
0.17723
0.39509
0.395608
0.397144
0.399671
0.40313
0.407448
0.412542
0.418321
0.424686
0.431538
Process [7]
0.438781
0.446322
0.454067
0.461932
0.469838
0.47771
0.48548
0.493084
0.500463
0.507564
0.514332
0.520716
0.526667
0.532143
0.537106
0.541526
0.545369
0.548609
0.551218
0.553176
0.554464
0.555064
0.55497
0.554168
0.552663
0.550449
0.547526
0.543918
0.539628
0.534657
0.529069
0.522796
0.515948
0.508563
0.500613
0.492138
0.483174
0.473761
0.463935
0.453733
0.44319
0.432343
0.421229
0.409886
0.398348
0.386654
0.374841
0.362937
0.350989
0.339028
0.327085
0.3152
0.303409
0.29175
0.28026
0.26898
0.257954
0.247228
0.236851
0.226879
0.217372
0.208397
0.200026
0.192337
0.185417
0.179352
0.174233
0.170144
0.167161
0.165345
0.164735
0.360176
0.360864
0.362917
0.36628
0.370881
0.376614
0.383366
0.391009
0.399413
0.408447
0.417983
0.4279
0.438083
0.448424
0.458822
0.469183
0.479421
0.489453
0.499202
0.508596
0.51757
0.526063
0.534024
0.541405
0.548161
0.554252
0.559643
0.564302
0.568201
0.571321
0.573636
0.575146
0.575828
0.575685
0.574721
0.572938
0.570323
0.56695
0.56275
0.557843
0.552131
0.545716
0.538686
0.530986
0.522657
0.51374
0.504276
0.494304
0.483867
0.472998
0.461744
0.450135
0.438219
0.426028
0.413604
0.400983
0.388203
0.375302
0.362315
0.349275
0.336222
0.323193
0.310223
0.297349
0.284611
0.27205
0.259711
0.247642
0.235898
0.224538
0.213632
0.203256
0.193499
0.18446
0.17625
0.16899
0.162807
0.157829
0.154173
0.151936
0.151183
0.323486
0.324423
0.327208
0.331758
0.337955
0.345637
0.354629
0.364745
0.375801
0.387614
0.400012
0.412836
0.425936
0.439175
0.452425
0.465572
0.478508
0.491138
0.503372
0.515134
0.526351
0.536958
0.546897
0.556114
0.564563
0.572201
0.578996
0.584912
0.589931
0.594022
0.597186
0.599402
0.600673
0.600982
0.600375
0.598819
0.596354
0.592984
0.588784
0.583652
0.577713
0.571068
0.563653
0.555505
0.546671
0.537196
0.527119
0.516489
0.505343
0.493726
0.481676
0.469243
0.456453
0.443359
0.430002
0.416408
0.402622
0.388684
0.374628
0.360489
0.346303
0.332104
0.31793
0.303817
0.289804
0.275931
0.262241
0.248784
0.235614
0.222793
0.210394
0.198503
0.18722
0.176664
0.166973
0.158308
0.150845
0.144772
0.14027
0.137497
0.13656
0.284749
0.286054
0.289918
0.296194
0.304663
0.315057
0.327092
0.340479
0.354945
0.370237
0.386124
0.402397
0.418871
0.435382
0.451783
0.467944
0.483747
0.499088
0.513874
0.528021
0.541456
0.55411
0.565926
0.576851
0.586841
0.595857
0.603864
0.610841
0.616767
0.621627
0.625412
0.628101
0.629768
0.63029
0.629859
0.628259
0.625795
0.622278
0.6177
0.612279
0.606029
0.598904
0.590943
0.582204
0.57273
0.562564
0.551761
0.540359
0.5284
0.515943
0.503016
0.48967
0.475951
0.461893
0.447535
0.432924
0.418097
0.403091
0.387939
0.372677
0.357334
0.341951
0.32656
0.311198
0.295898
0.2807
0.265644
0.250775
0.236145
0.221815
0.207857
0.194359
0.181426
0.169193
0.157823
0.147516
0.13851
0.131073
0.125488
0.122013
0.120831
0.243976
0.245844
0.25134
0.260161
0.271882
0.286026
0.302117
0.319711
0.338417
0.357899
0.377866
0.398071
0.418303
0.438379
0.458145
0.477461
0.49621
0.514286
0.531597
0.548062
0.563609
0.578175
0.591706
0.604155
0.615483
0.625659
0.634657
0.642461
0.649061
0.654406
0.658612
0.66152
0.663355
0.663796
0.663309
0.661632
0.658722
0.654715
0.649838
0.643953
0.637099
0.629305
0.620645
0.611159
0.600891
0.589908
0.578237
0.565943
0.553078
0.539673
0.525771
0.511433
0.496704
0.481622
0.466223
0.450543
0.434628
0.418513
0.402235
0.385826
0.369319
0.352746
0.336139
0.319529
0.302949
0.286432
0.270014
0.253736
0.237643
0.221789
0.20624
0.191078
0.176408
0.162365
0.149128
0.136929
0.126069
0.116922
0.109917
0.105488
0.103969
0.20096
0.20374
0.211818
0.224504
0.240922
0.260201
0.281567
0.304388
0.328158
0.352471
0.377006
0.401498
0.425733
0.44953
0.472743
0.495231
0.516893
0.537624
0.557342
0.575978
0.593459
0.609738
0.624773
0.638506
0.650934
0.662022
0.671722
0.680138
0.687031
0.692784
0.696981
0.699832
0.701613
0.701966
0.700909
0.698572
0.695312
0.690858
0.685305
0.678664
0.670993
0.662377
0.652835
0.642416
0.631207
0.61926
0.606601
0.59328
0.579369
0.564913
0.54996
0.534555
0.51874
0.502551
0.486037
0.469241
0.4522
0.43495
0.417524
0.399956
0.382275
0.364511
0.346693
0.328849
0.311006
0.293195
0.275444
0.257786
0.240259
0.222907
0.205782
0.188955
0.172515
0.156585
0.141338
0.127016
0.113964
0.102665
0.0937564
0.0879719
0.0859565
0.155558
0.159959
0.172394
0.191101
0.214219
0.240249
0.268107
0.297028
0.326461
0.356
0.385342
0.414261
0.442553
0.47005
0.496643
0.52221
0.546626
0.569858
0.591798
0.612365
0.63158
0.64931
0.665562
0.680371
0.693554
0.705259
0.715519
0.724032
0.731026
0.736802
0.741057
0.743566
0.74437
0.744214
0.742815
0.739984
0.735886
0.730589
0.724129
0.716503
0.707813
0.698142
0.68754
0.676062
0.663756
0.650655
0.636839
0.622371
0.607302
0.591683
0.575564
0.558991
0.54201
0.524663
0.506992
0.489038
0.470837
0.452424
0.433831
0.415089
0.396229
0.377279
0.358263
0.339208
0.320137
0.301072
0.282037
0.263058
0.24416
0.225375
0.206742
0.188309
0.170143
0.152337
0.135031
0.118435
0.102887
0.0889281
0.077416
0.0695858
0.066767
0.107867
0.115578
0.135864
0.163748
0.195726
0.229813
0.264886
0.300261
0.335494
0.370274
0.404381
0.437622
0.469837
0.500897
0.530682
0.559091
0.586055
0.611555
0.635495
0.657802
0.678416
0.697292
0.714429
0.729967
0.743798
0.75588
0.76621
0.774782
0.781362
0.786279
0.78999
0.792116
0.792696
0.791779
0.789416
0.785657
0.780514
0.774024
0.766331
0.757502
0.747597
0.736679
0.724808
0.712045
0.69845
0.684082
0.669001
0.653263
0.636925
0.620039
0.602658
0.584823
0.566581
0.547988
0.529083
0.509907
0.490496
0.470885
0.451105
0.431185
0.411153
0.391033
0.370849
0.350622
0.330371
0.310114
0.289869
0.269653
0.249483
0.229379
0.209362
0.189461
0.169711
0.150168
0.130915
0.112089
0.0939326
0.0769013
0.0619076
0.0507881
0.0464799
0.0589834
0.0749537
0.109079
0.148854
0.190505
0.232657
0.274664
0.316146
0.356847
0.396565
0.435136
0.47242
0.508294
0.54265
0.575391
0.606435
0.635705
0.663131
0.688658
0.712243
0.733955
0.753795
0.771675
0.787587
0.801544
0.813562
0.823667
0.831888
0.838262
0.842828
0.845638
0.846746
0.84621
0.844089
0.840449
0.835354
0.828872
0.821073
0.812026
0.801805
0.790478
0.778115
0.764788
0.750561
0.735503
0.719679
0.703151
0.685981
0.668225
0.649941
0.631182
0.611997
0.592435
0.572542
0.552358
0.531923
0.511274
0.490444
0.469464
0.448362
0.427165
0.405894
0.384571
0.363214
0.341839
0.320461
0.299093
0.277746
0.256429
0.235152
0.213925
0.192757
0.171661
0.150654
0.129766
0.109044
0.0885842
0.0685918
0.0495902
0.0332261
0.0254989
0.0311997
0.0554675
0.0997367
0.14625
0.192856
0.239025
0.284479
0.329015
0.372462
0.414669
0.4555
0.494828
0.532543
0.568544
0.602742
0.635059
0.66543
0.693801
0.72013
0.744386
0.766545
0.786599
0.804548
0.820402
0.834179
0.845907
0.855619
0.863357
0.869168
0.873106
0.875228
0.875598
0.87428
0.871344
0.866862
0.860905
0.85355
0.844869
0.83494
0.823836
0.811633
0.798403
0.784219
0.769151
0.753268
0.736636
0.719318
0.701378
0.682874
0.663861
0.644393
0.624521
0.604292
0.583751
0.562938
0.541893
0.520652
0.499246
0.477707
0.45606
0.434331
0.412541
0.390709
0.368854
0.346988
0.325126
0.303277
0.28145
0.259651
0.237888
0.216162
0.194479
0.172839
0.151246
0.129704
0.108221
0.0868142
0.065531
0.044524
0.02464
0.013716
