Vec Object: Vec_0x84000004_7 8 MPI processes
  type: mpi
Process [0]
0.188527
0.349935
0.639165
0.939973
1.23965
1.53475
1.82321
2.10326
2.37333
2.63191
2.87756
3.10877
3.32425
3.52289
3.70347
3.86513
4.00721
4.12914
4.23074
4.31197
4.37308
4.41464
4.43732
4.44199
4.42977
4.40203
4.36005
4.30516
4.23888
4.16259
4.07767
3.98539
3.88696
3.78358
3.67629
3.56608
3.45379
3.3402
3.22599
3.11176
2.99802
2.8852
2.77368
2.66378
2.55573
2.44974
2.34596
2.24452
2.14551
2.04897
1.95494
1.86343
1.77441
1.68786
1.60373
1.52197
1.44251
1.36528
1.29019
1.21717
1.14613
1.07697
1.0096
0.943934
0.879873
0.817329
0.756209
0.696427
0.637893
0.580522
0.524234
0.468947
0.414584
0.361072
0.308341
0.256329
0.204996
0.154363
0.104701
0.0579346
0.0323595
0.323078
0.45724
0.726507
1.02484
1.32785
1.62746
1.91954
2.20116
2.47009
2.72412
2.96122
3.1804
3.38046
3.55946
3.71754
3.85438
3.96843
4.06226
4.13415
4.18371
4.21731
4.23527
4.23011
4.21019
4.17733
4.13174
4.07533
4.00984
3.93599
3.85505
3.7682
3.67659
3.58122
3.48281
3.38213
3.27982
3.17648
3.07266
2.96881
2.86534
2.76261
2.66089
2.56042
2.46143
2.36411
2.26858
2.17498
2.08336
1.99379
1.90632
1.82093
1.73766
1.65651
1.57744
1.50041
1.4254
1.35235
1.28122
1.21194
1.14443
1.07865
1.01451
0.951951
0.890874
0.831203
0.772875
0.715822
0.659972
0.605257
0.551614
0.498979
0.447302
0.39654
0.346666
0.297681
0.249643
0.202719
0.157347
0.114712
0.0784965
0.061609
0.54907
0.645517
0.871423
1.14676
1.43635
1.72533
2.00578
2.27281
2.52278
2.75301
2.96151
3.14686
3.30823
3.44534
3.55835
3.64793
3.71514
3.7613
3.78823
3.79605
3.7875
3.76666
3.73328
3.68842
3.63509
3.57473
3.50852
3.43758
3.3628
3.28494
3.20467
3.12256
3.03917
2.95479
2.86978
2.78452
2.69922
2.61411
2.52943
2.44531
2.36193
2.27943
2.19793
2.11755
2.03834
1.96039
1.8838
1.80859
1.73479
1.66243
1.59156
1.52217
1.45425
1.38783
1.32287
1.25938
1.1973
1.13663
1.07734
1.01939
0.962738
0.90734
0.853172
0.800178
0.748319
0.697547
0.647827
0.599123
0.55141
0.504662
0.45887
0.414038
0.370208
0.327458
0.285941
0.245953
0.208016
0.173106
0.143079
0.121396
0.113169
0.741598
0.821071
1.01672
1.2663
1.5345
1.80362
2.06352
2.30779
2.53205
2.73303
2.90804
3.05518
3.1742
3.26601
3.33222
3.37489
3.39642
3.39923
3.38411
3.35473
3.31504
3.2667
3.21087
3.15006
3.08565
3.01866
2.94989
2.87997
2.80947
2.73877
2.66816
2.59782
2.52789
2.45843
2.38947
2.32102
2.25316
2.18587
2.11914
2.05304
1.98756
1.92272
1.8586
1.7952
1.73256
1.6707
1.60969
1.54954
1.49028
1.43194
1.37454
1.31811
1.26264
1.20814
1.15464
1.10212
1.05058
1.00002
0.950439
0.901818
0.854154
0.807425
0.761624
0.716737
0.672749
0.629664
0.587465
0.546153
0.505741
0.466261
0.427751
0.390284
0.353985
0.319037
0.285721
0.254453
0.225864
0.200895
0.180913
0.167703
0.163035
0.893249
0.967289
1.15155
1.38821
1.64205
1.89313
2.12922
2.3426
2.52886
2.68633
2.81588
2.91887
2.9936
3.0395
3.05967
3.05781
3.03769
2.99994
2.95029
2.89293
2.82936
2.76174
2.69136
2.61966
2.548
2.47748
2.40896
2.34278
2.27899
2.21749
2.15808
2.10063
2.04481
1.99048
1.93742
1.88542
1.83431
1.78401
1.73434
1.68525
1.63666
1.58852
1.54079
1.49343
1.44645
1.39982
1.35355
1.30767
1.26214
1.21704
1.17235
1.12813
1.0844
1.04119
0.998528
0.956432
0.914936
0.874054
0.833807
0.794203
0.755263
0.717004
0.679431
0.642565
0.60642
0.571016
0.536378
0.502545
0.469552
0.43747
0.406379
0.376398
0.347686
0.320458
0.295001
0.271705
0.251073
0.233738
0.220461
0.212044
0.209151
1.02898
1.09684
1.26629
1.48354
1.71441
1.94025
2.15051
2.33813
2.49657
2.61915
2.70411
2.75565
2.78136
2.78169
2.75816
2.7159
2.65668
2.58676
2.51079
2.43029
2.34633
2.26203
2.18076
2.10368
2.03115
1.96337
1.90033
1.84181
1.78757
1.73722
1.69031
1.64631
1.60483
1.56536
1.52754
1.49101
1.45549
1.42072
1.38651
1.35265
1.31905
1.28559
1.25221
1.21887
1.18555
1.15225
1.11897
1.08572
1.05253
1.01942
0.986423
0.953557
0.92085
0.888326
0.856006
0.823925
0.79211
0.760584
0.72939
0.698549
0.668099
0.638075
0.608525
0.579471
0.550969
0.523056
0.495787
0.46921
0.443396
0.41842
0.394377
0.371388
0.349601
0.329207
0.310434
0.293567
0.278946
0.266955
0.257989
0.252421
0.250531
1.14349
1.2069
1.36669
1.57258
1.78989
1.99667
2.17671
2.32029
2.42892
2.50973
2.55798
2.56816
2.54764
2.50463
2.44138
2.36212
2.27089
2.17493
2.07428
1.97277
1.87588
1.78455
1.69935
1.62174
1.55231
1.49087
1.43677
1.38928
1.34749
1.31055
1.2776
1.24791
1.22082
1.19574
1.17218
1.14975
1.12811
1.10699
1.08618
1.06553
1.04487
1.02414
1.00324
0.982153
0.960819
0.93923
0.917371
0.895242
0.872846
0.850199
0.827325
0.804256
0.78104
0.757714
0.734338
0.710959
0.687622
0.664372
0.641249
0.618293
0.595552
0.573063
0.550871
0.529024
0.507568
0.486551
0.466027
0.446055
0.426696
0.408027
0.390132
0.373112
0.357081
0.342186
0.328594
0.316499
0.306131
0.29773
0.291528
0.287717
0.286431
1.23792
1.30022
1.4547
1.64766
1.8414
2.01463
2.16172
2.28148
2.36039
2.39069
2.39082
2.36174
2.30075
2.21813
2.11963
2.00729
1.8901
1.76899
1.6507
1.53921
1.43642
1.34627
1.2696
1.20562
1.15339
1.11118
1.07702
1.04899
1.02561
1.00556
0.987974
0.972047
0.957322
0.943339
0.929904
0.91673
0.903771
0.890838
0.877923
0.864892
0.851749
0.838398
0.824852
0.811036
0.796977
0.782615
0.767975
0.753037
0.73783
0.722373
0.706675
0.690783
0.674683
0.658421
0.642011
0.625485
0.608894
0.592245
0.575594
0.558971
0.542414
0.525981
0.509712
0.493654
0.477867
0.46239
0.44727
0.432568
0.41833
0.404612
0.391492
0.379046
0.367353
0.356511
0.346637
0.337861
0.330345
0.32427
0.319799
0.317062
0.316143
1.32334
1.38195
1.5249
1.69955
1.87398
2.03173
2.15449
2.22554
2.25976
2.26069
2.21571
2.14564
2.04817
1.93011
1.79893
1.66013
1.51972
1.38602
1.26668
1.16851
1.09441
1.04109
1.0051
0.981713
0.966476
0.956087
0.948401
0.941735
0.935124
0.927845
0.919651
0.91034
0.89999
0.888577
0.876321
0.863244
0.849612
0.835457
0.821015
0.806291
0.791451
0.776503
0.76155
0.746632
0.731805
0.717153
0.702623
0.688281
0.674027
0.659939
0.645946
0.632061
0.618276
0.604557
0.590966
0.577453
0.56406
0.550786
0.537608
0.524571
0.511656
0.498888
0.486317
0.473942
0.461811
0.44997
0.438429
0.427231
0.416428
0.406041
0.396125
0.386754
0.377981
0.369863
0.362456
0.355816
0.350058
0.345356
0.341875
0.339739
0.339019
1.39813
1.45198
1.58507
1.74941
1.90868
2.03397
2.11339
2.16118
2.15793
2.11425
2.0365
1.92625
1.79514
1.64564
1.48711
1.33111
1.19327
1.09001
1.0248
0.990717
0.977363
0.977325
0.983515
0.991752
0.999168
1.00406
1.00591
1.00477
1.00092
0.994671
0.98635
0.976247
0.96461
0.951631
0.937446
0.922203
0.906033
0.889049
0.871432
0.853275
0.834754
0.815901
0.796907
0.777839
0.758828
0.739987
0.721351
0.70307
0.685073
0.667489
0.650363
0.633716
0.617603
0.601918
0.586738
0.572013
0.55773
0.543938
0.530559
0.517611
0.505079
0.492911
0.48116
0.469798
0.458816
0.448268
0.438136
0.428416
0.419163
0.410368
0.402052
0.394259
0.387032
0.380481
0.374571
0.369164
0.364314
0.36026
0.357223
0.355352
0.354726
1.45933
1.51137
1.63841
1.78856
1.92
2.01565
2.07825
2.08197
2.04693
1.96506
1.85353
1.70847
1.54646
1.3712
1.20529
1.08022
1.01224
0.988631
0.992244
1.00934
1.02974
1.04571
1.05478
1.05681
1.05372
1.04754
1.03957
1.03054
1.02082
1.01053
0.999702
0.988312
0.976351
0.963813
0.950676
0.936934
0.922601
0.907685
0.89223
0.876305
0.859942
0.843167
0.825971
0.808382
0.790467
0.772259
0.753924
0.735546
0.71713
0.698771
0.680476
Process [1]
0.662387
0.644581
0.627041
0.609903
0.593165
0.576889
0.561166
0.545954
0.531304
0.517214
0.503639
0.490644
0.478221
0.466343
0.455085
0.444429
0.434338
0.424892
0.416045
0.40782
0.40023
0.393193
0.387031
0.381738
0.376875
0.372352
0.368539
0.365692
0.363952
0.363376
1.51262
1.5622
1.67984
1.81038
1.9214
2.00198
2.02329
2.00161
1.92772
1.81748
1.66941
1.49617
1.3082
1.13532
1.0279
0.993325
1.00182
1.03087
1.06019
1.07596
1.07525
1.06378
1.04798
1.0323
1.01853
1.00669
0.996351
0.987044
0.978268
0.969586
0.960655
0.951248
0.941235
0.930552
0.919175
0.907124
0.894422
0.881121
0.867263
0.852925
0.838184
0.823093
0.807719
0.792107
0.776272
0.760277
0.744148
0.727934
0.711706
0.695427
0.679125
0.662908
0.646768
0.630757
0.614896
0.599149
0.583638
0.568386
0.553401
0.538816
0.524625
0.51081
0.497471
0.484602
0.472192
0.460361
0.449086
0.438389
0.42833
0.418983
0.410241
0.402267
0.395006
0.388448
0.382796
0.378052
0.373939
0.370605
0.368167
0.366685
0.366193
1.55959
1.60508
1.71021
1.82616
1.92406
1.97014
1.96806
1.91223
1.81145
1.66789
1.49001
1.29328
1.107
1.00829
0.994056
1.02527
1.0698
1.09525
1.08955
1.06372
1.03353
1.00731
0.987123
0.972633
0.962135
0.954419
0.948539
0.943553
0.938714
0.93353
0.927693
0.921008
0.913365
0.904719
0.895068
0.884446
0.872909
0.860537
0.847417
0.833648
0.819334
0.804562
0.7894
0.773922
0.758191
0.742257
0.726218
0.710159
0.6941
0.6781
0.662198
0.64638
0.630717
0.615283
0.600041
0.585033
0.570317
0.555844
0.541671
0.527877
0.514422
0.501344
0.488706
0.476462
0.464634
0.453326
0.442482
0.432159
0.422428
0.413344
0.404815
0.397038
0.390071
0.383576
0.377793
0.373306
0.369908
0.367321
0.365491
0.364374
0.363998
1.60006
1.64062
1.73559
1.84031
1.91239
1.93459
1.9069
1.82414
1.69302
1.52116
1.31974
1.11527
1.00163
0.994042
1.04086
1.09836
1.1173
1.08978
1.04334
1.00024
0.967114
0.943525
0.927821
0.918023
0.912455
0.909744
0.908566
0.907839
0.906885
0.905265
0.902654
0.89885
0.893749
0.887323
0.879598
0.870631
0.860501
0.849309
0.837153
0.824135
0.810355
0.795921
0.780938
0.765509
0.749736
0.733719
0.717521
0.701187
0.684809
0.668446
0.652137
0.635972
0.620008
0.604228
0.588678
0.573426
0.558452
0.543789
0.529542
0.515683
0.502206
0.489204
0.476657
0.464524
0.452895
0.4418
0.431191
0.421143
0.411739
0.402937
0.394749
0.38731
0.380599
0.374503
0.36921
0.36502
0.361866
0.359548
0.357981
0.357041
0.356723
1.63285
1.66987
1.75649
1.84397
1.89267
1.89837
1.8419
1.73398
1.57769
1.38206
1.16257
1.00773
0.985711
1.04068
1.11514
1.13914
1.09806
1.03429
0.977946
0.935087
0.904653
0.884696
0.87302
0.867653
0.866832
0.868798
0.872126
0.875711
0.878804
0.880875
0.881594
0.880781
0.878359
0.874319
0.868701
0.86158
0.853049
0.84322
0.832207
0.820137
0.807135
0.793318
0.778799
0.763682
0.748055
0.732019
0.715687
0.699157
0.682502
0.665797
0.649122
0.632514
0.616007
0.599692
0.583645
0.56786
0.552369
0.537261
0.52253
0.508164
0.494257
0.480852
0.467901
0.455439
0.443561
0.432216
0.421392
0.411202
0.401664
0.392736
0.384478
0.376997
0.370242
0.364205
0.359047
0.354824
0.351482
0.348968
0.347263
0.346257
0.345917
1.65886
1.69294
1.76959
1.83843
1.87372
1.85398
1.77775
1.64597
1.4672
1.25028
1.04461
0.974528
1.01958
1.11165
1.16413
1.12451
1.04513
0.971872
0.914923
0.873257
0.845111
0.827934
0.819857
0.818495
0.82217
0.828657
0.836477
0.844384
0.851439
0.857123
0.861143
0.863343
0.863661
0.862118
0.858778
0.853722
0.847048
0.83887
0.829307
0.81848
0.806513
0.793534
0.779674
0.765061
0.749814
0.734039
0.717832
0.701277
0.684478
0.667524
0.650487
0.633459
0.616524
0.599724
0.583076
0.566652
0.550546
0.534771
0.519338
0.504329
0.4898
0.475714
0.462082
0.449015
0.436517
0.424551
0.413172
0.402489
0.392452
0.383046
0.374386
0.366516
0.359389
0.353024
0.34757
0.343002
0.33928
0.336407
0.334415
0.333228
0.33283
1.67992
1.71037
1.77532
1.83025
1.84982
1.809
1.71243
1.56104
1.36252
1.13402
0.98282
0.98455
1.07872
1.17532
1.16847
1.08133
0.987792
0.911872
0.854232
0.813157
0.786519
0.771363
0.766525
0.768751
0.776634
0.787632
0.79973
0.811791
0.822667
0.831837
0.839071
0.844262
0.847375
0.848433
0.8475
0.844662
0.840021
0.833696
0.825804
0.816476
0.805842
0.794023
0.781142
0.76732
0.752683
0.737359
0.721469
0.705114
0.688388
0.671387
0.654201
0.636908
0.619571
0.602276
0.585117
0.568157
0.551407
0.534905
0.518746
0.502992
0.487635
0.472696
0.458277
0.444415
0.431071
0.418259
0.406108
0.394626
0.383781
0.373604
0.364243
0.355669
0.347859
0.340871
0.334833
0.3297
0.325449
0.322127
0.319784
0.318373
0.317901
1.69632
1.72239
1.77606
1.82049
1.81973
1.76411
1.64863
1.47995
1.26613
1.04774
0.958773
1.01865
1.14589
1.2112
1.14481
1.0324
0.932724
0.853958
0.795051
0.754086
0.727352
0.714621
0.711633
0.717762
0.729094
0.744623
0.760894
0.776701
0.791228
0.803723
0.814051
0.822186
0.828113
0.831828
0.8334
0.832915
0.830473
0.826184
0.820166
0.812543
0.803445
0.793
0.781337
0.768583
0.754857
0.74027
0.724943
0.709001
0.692553
0.675699
0.658529
0.641138
0.623615
0.606037
0.588462
0.570953
0.553597
0.536483
0.519648
0.503102
0.486886
0.471105
0.455804
0.440975
0.426627
0.412874
0.399773
0.387296
0.37544
0.364323
0.35402
0.344502
0.335762
0.327928
0.321079
0.315193
0.310266
0.306396
0.303633
0.301966
0.301403
1.70808
1.72958
1.77434
1.8054
1.78834
1.71774
1.58766
1.40491
1.18105
0.989055
0.961316
1.06631
1.20578
1.2208
1.1111
0.985147
0.880289
0.798395
0.737373
0.694163
0.668522
0.656355
0.655536
0.664495
0.679784
0.698813
0.719494
0.738626
0.7564
0.772119
0.785424
0.796385
0.805079
0.811481
0.815622
0.817588
0.81747
0.815371
0.811405
0.805685
0.798334
0.789479
0.779246
0.767761
0.755151
0.741538
0.727038
0.711759
0.695815
0.679318
0.662378
0.645092
0.627541
0.609805
0.591972
0.574128
0.556343
0.538665
0.521144
0.50386
0.486906
0.470312
0.454087
0.438253
0.422919
0.408158
0.393966
0.380352
0.367374
0.355175
0.343745
0.333099
0.323258
0.314407
0.306569
0.29977
0.294027
0.289501
0.286238
0.284256
0.283591
1.71487
1.73257
1.76881
1.78504
1.75689
1.6715
1.52953
1.33613
1.11091
0.955163
0.977101
1.11995
1.25085
1.21498
1.07658
0.941727
0.831118
0.744124
0.679502
0.635885
0.608742
0.596649
0.598757
0.60883
0.628536
0.650856
0.674865
0.697846
0.718099
0.736763
0.753042
0.766757
0.778082
0.787145
0.79389
0.798363
0.800653
0.800854
0.799068
0.795403
0.789969
0.782889
0.774281
0.76427
0.752978
0.740531
0.727049
0.712647
0.697441
0.681533
0.665021
0.648013
0.630618
0.612931
0.595035
0.576997
0.558885
0.540775
0.522757
0.504903
0.487254
0.469844
0.452726
0.436003
0.419731
0.403923
0.388604
0.373817
0.359706
0.346302
0.333636
0.321717
0.310663
0.300626
0.291633
0.283751
0.277033
0.271702
0.267813
0.265436
0.264631
1.71635
1.73108
1.75837
1.76215
1.72372
1.6269
1.47509
1.27536
1.05679
0.938751
1.0023
1.16977
1.28296
1.20331
1.04568
0.902303
0.784557
0.692114
0.623626
0.576863
0.549043
0.537772
0.539093
0.553885
0.574132
0.601921
0.627826
0.653789
0.677392
0.697997
0.717029
0.733568
0.747483
0.759023
0.768332
0.775333
0.780073
0.782637
0.783115
0.781608
0.778217
0.773053
0.766227
0.757858
0.748065
0.736967
0.724684
0.711334
0.697034
0.681898
0.666033
0.649535
0.6325
0.615024
0.597198
0.579118
0.560872
0.542538
0.524176
0.50584
0.487585
0.469496
0.451664
0.434131
0.416934
0.400104
0.383698
0.367845
0.352581
0.33795
0.323997
0.310759
0.29844
0.287099
0.276824
0.267696
0.25983
0.253489
0.248777
0.245837
0.24482
Process [2]
1.71378
1.72541
1.74354
1.73835
1.68887
1.58396
1.42539
1.22306
1.01742
0.936218
1.02672
1.21482
1.30582
1.1918
1.02022
0.866996
0.741387
0.643042
0.568771
0.519706
0.491297
0.477802
0.481793
0.496373
0.521654
0.549952
0.580892
0.607595
0.633955
0.657574
0.67817
0.697245
0.71385
0.727834
0.739466
0.748918
0.756099
0.761046
0.763832
0.764544
0.763271
0.760116
0.755181
0.748578
0.740419
0.730821
0.719899
0.70777
0.694546
0.680341
0.665265
0.649425
0.632923
0.615856
0.598319
0.5804
0.562179
0.543734
0.525139
0.506478
0.487832
0.469263
0.450823
0.432567
0.414536
0.396806
0.379481
0.36261
0.346239
0.330427
0.315211
0.300754
0.287156
0.274505
0.262922
0.252488
0.243426
0.235968
0.23029
0.226636
0.225312
1.70739
1.71577
1.72561
1.71302
1.65358
1.5427
1.38039
1.17948
0.992652
0.93766
1.0514
1.25344
1.32263
1.18516
1.00023
0.836634
0.701313
0.597634
0.519843
0.465358
0.434992
0.422827
0.424484
0.442804
0.468359
0.501294
0.531979
0.563052
0.58952
0.615502
0.638854
0.659125
0.677926
0.694431
0.708377
0.719981
0.729472
0.736767
0.741856
0.744795
0.745663
0.74455
0.741555
0.736779
0.730331
0.722321
0.712862
0.702067
0.690049
0.676921
0.66279
0.647766
0.631948
0.615436
0.598324
0.580702
0.562661
0.544289
0.525669
0.506874
0.487974
0.469034
0.450114
0.431276
0.412606
0.394176
0.376038
0.358259
0.3409
0.324005
0.307707
0.29212
0.277325
0.263452
0.250634
0.23899
0.228815
0.220318
0.213766
0.209479
0.207901
1.69727
1.70238
1.7057
1.68506
1.61885
1.50331
1.34021
1.14504
0.977185
0.944056
1.07402
1.28244
1.33928
1.18383
0.986539
0.81317
0.669285
0.556701
0.474759
0.417603
0.384207
0.370928
0.374679
0.392287
0.421454
0.454426
0.488833
0.518772
0.549004
0.574705
0.59954
0.622445
0.642008
0.660153
0.676577
0.690521
0.701962
0.711208
0.718353
0.723365
0.726265
0.727117
0.726008
0.723033
0.718293
0.711893
0.703937
0.694536
0.683797
0.671829
0.65874
0.644634
0.629616
0.613787
0.597243
0.580079
0.562382
0.544238
0.525727
0.506927
0.48791
0.468751
0.449526
0.43031
0.411162
0.392149
0.373338
0.354792
0.336574
0.318793
0.301549
0.284931
0.269061
0.254079
0.240123
0.227394
0.216159
0.206675
0.199281
0.194386
0.192565
1.68342
1.68565
1.68342
1.65479
1.58453
1.46627
1.30492
1.11853
0.969268
0.953525
1.09031
1.30557
1.35622
1.18987
0.980515
0.79481
0.644789
0.525383
0.437225
0.376838
0.341729
0.328959
0.332428
0.352282
0.381607
0.417529
0.450659
0.483967
0.512151
0.540642
0.565932
0.588239
0.610665
0.630231
0.646923
0.662096
0.675448
0.68647
0.695125
0.701665
0.706189
0.708714
0.709283
0.707961
0.704825
0.699968
0.693485
0.685473
0.676033
0.665268
0.653282
0.640177
0.626051
0.611005
0.595135
0.578533
0.561289
0.543491
0.52522
0.50656
0.487589
0.468382
0.44901
0.429542
0.410047
0.390595
0.371249
0.352085
0.333196
0.314665
0.296582
0.279059
0.262226
0.246227
0.231224
0.217463
0.205206
0.194765
0.186529
0.180994
0.178917
1.66523
1.66541
1.65801
1.6232
1.55025
1.43167
1.27437
1.09882
0.967363
0.96279
1.10277
1.32092
1.37463
1.20261
0.982853
0.787799
0.628326
0.504517
0.411877
0.34986
0.313167
0.30003
0.304664
0.324115
0.355421
0.390455
0.42563
0.457226
0.487403
0.515119
0.539899
0.564282
0.585012
0.604431
0.622478
0.637732
0.65108
0.662825
0.672715
0.680481
0.686201
0.690011
0.691945
0.692036
0.690331
0.686892
0.681794
0.67512
0.666956
0.657396
0.646534
0.634465
0.621285
0.607092
0.591977
0.576033
0.559349
0.542013
0.524109
0.505717
0.486916
0.46778
0.448384
0.4288
0.409095
0.389343
0.369619
0.350001
0.330566
0.311402
0.292609
0.274302
0.256612
0.239691
0.223736
0.208988
0.195736
0.184343
0.17526
0.169078
0.166727
1.64317
1.64169
1.62956
1.59103
1.51597
1.39933
1.24813
1.08493
0.969271
0.97209
1.11027
1.32892
1.39398
1.22291
0.992569
0.789379
0.625476
0.498192
0.404871
0.341675
0.304434
0.289294
0.292643
0.311662
0.34194
0.377209
0.411264
0.443007
0.471747
0.498493
0.522934
0.544586
0.56576
0.583804
0.600342
0.616103
0.629538
0.641076
0.651164
0.659694
0.666422
0.671254
0.674276
0.675536
0.67506
0.672884
0.669056
0.663638
0.656698
0.648317
0.638576
0.627564
0.615366
0.602075
0.58778
0.572568
0.556527
0.539744
0.522301
0.504279
0.485756
0.46681
0.447513
0.42794
0.408163
0.388255
0.368287
0.348336
0.328484
0.30882
0.289445
0.270473
0.252039
0.234303
0.217472
0.201797
0.187597
0.17527
0.165332
0.158473
0.155834
1.61769
1.61464
1.5986
1.55815
1.48189
1.369
1.2257
1.07571
0.973843
0.981057
1.11337
1.32978
1.41249
1.24911
1.01244
0.801723
0.635306
0.50989
0.418997
0.356424
0.316612
0.297735
0.297815
0.312838
0.342493
0.374622
0.407892
0.436628
0.464218
0.487971
0.510592
0.53096
0.548897
0.566827
0.582199
0.596035
0.6095
0.621221
0.631105
0.639652
0.646813
0.652444
0.656383
0.658614
0.65918
0.658107
0.655421
0.651161
0.645379
0.638133
0.629492
0.619531
0.608331
0.595972
0.582539
0.568115
0.552784
0.536629
0.519733
0.502174
0.484032
0.465383
0.4463
0.426858
0.407127
0.387181
0.367092
0.346938
0.3268
0.306766
0.286936
0.267425
0.248364
0.229922
0.212305
0.195778
0.180677
0.167443
0.156657
0.149119
0.146198
1.58873
1.58431
1.56576
1.52394
1.44841
1.34043
1.20651
1.0701
0.980389
0.989574
1.11352
1.32369
1.4281
1.28055
1.03863
0.823542
0.658803
0.537607
0.451293
0.390005
0.347634
0.323735
0.317366
0.328528
0.35285
0.382881
0.411253
0.438307
0.461334
0.483571
0.502311
0.520551
0.537106
0.551591
0.566477
0.57946
0.590932
0.602203
0.61232
0.62074
0.627896
0.633786
0.638317
0.641358
0.642819
0.642703
0.641031
0.637824
0.633116
0.626946
0.619367
0.610441
0.600237
0.588825
0.576283
0.562689
0.548121
0.532659
0.516382
0.499368
0.481694
0.463435
0.444665
0.425457
0.405883
0.386015
0.365927
0.345694
0.325397
0.305123
0.284967
0.26504
0.245477
0.226441
0.208143
0.19085
0.174916
0.160815
0.14919
0.140957
0.137733
1.55628
1.55082
1.531
1.48819
1.41559
1.31341
1.18995
1.06714
0.988294
0.997899
1.11177
1.31177
1.43804
1.3137
1.0716
0.854581
0.691604
0.577352
0.495206
0.435828
0.39211
0.363208
0.350861
0.354649
0.373637
0.398008
0.422482
0.444617
0.464879
0.482259
0.499199
0.513392
0.527653
0.540838
0.552297
0.564445
0.575338
0.584796
0.594057
0.602656
0.609797
0.615713
0.620457
0.623945
0.626091
0.626799
0.626022
0.623763
0.620039
0.614876
0.60831
0.600389
0.591165
0.580702
0.569065
0.556328
0.542562
0.527842
0.512243
0.495841
0.478711
0.460925
0.442559
0.423682
0.404368
0.384688
0.364714
0.344522
0.324188
0.303797
0.283441
0.26323
0.243292
0.223788
0.204922
0.186961
0.17027
0.155346
0.142891
0.133949
0.130393
1.51978
1.51401
1.49382
1.45138
1.38311
1.28788
1.17541
1.06603
0.997053
1.00628
1.10923
1.2957
1.44048
1.3465
1.10899
0.890261
0.730948
0.622908
0.545994
0.488914
0.444553
0.412671
0.393934
0.390645
0.402207
0.420096
0.439462
0.45645
0.472221
0.486127
0.49841
0.51066
0.520965
0.53176
0.542059
0.550958
0.560692
0.569764
0.577536
0.585045
0.592192
0.598205
0.603024
0.606743
0.609288
0.610578
0.61054
0.609119
0.60629
0.602057
0.596446
0.589484
0.581213
0.571686
0.560958
0.549092
0.536154
0.522212
0.507339
0.491606
0.475084
0.457846
0.439963
0.421507
0.402547
0.383155
0.363401
0.343359
0.323104
0.302718
0.282291
0.261927
0.241747
0.221905
0.202597
0.184083
0.166727
0.151041
0.137782
0.128099
0.124215
1.47943
1.4739
1.45422
1.41406
1.35065
1.2636
1.16238
1.06607
1.00625
1.01486
Process [3]
1.10682
1.27744
1.43465
1.37475
1.14688
0.9275
0.774438
0.671694
0.59942
0.545178
0.501471
0.467955
0.444203
0.4343
0.43709
0.448712
0.46078
0.473375
0.483336
0.493337
0.501765
0.509776
0.518056
0.525112
0.533002
0.540888
0.547659
0.555298
0.562798
0.569175
0.575204
0.580983
0.585967
0.589824
0.592626
0.59432
0.594822
0.594068
0.592012
0.588624
0.583897
0.577845
0.570493
0.561878
0.552048
0.541056
0.52896
0.515824
0.501714
0.486695
0.470836
0.454209
0.43688
0.418921
0.4004
0.381386
0.36195
0.342163
0.322099
0.301837
0.281464
0.261077
0.240792
0.22075
0.201135
0.182196
0.164286
0.14792
0.133885
0.123462
0.119228
1.4356
1.43068
1.41269
1.3764
1.31818
1.24018
1.15039
1.06661
1.01546
1.02365
1.10521
1.25929
1.42155
1.39535
1.18247
0.96575
0.816645
0.721613
0.654279
0.60304
0.560675
0.526225
0.499195
0.482578
0.478021
0.481142
0.487426
0.49294
0.49891
0.503058
0.508168
0.512132
0.516649
0.5217
0.526126
0.531622
0.53752
0.542576
0.54844
0.554568
0.559785
0.564602
0.569154
0.573145
0.576154
0.578132
0.579049
0.578832
0.577415
0.574753
0.570819
0.565605
0.55912
0.551386
0.542435
0.53231
0.521063
0.508747
0.495423
0.481153
0.466002
0.450036
0.433323
0.415929
0.397922
0.379371
0.360344
0.340911
0.321144
0.30112
0.280922
0.26064
0.240384
0.220283
0.200509
0.181291
0.162961
0.146023
0.131285
0.12012
0.115486
1.3885
1.38469
1.36992
1.33806
1.28592
1.21726
1.13895
1.06715
1.0243
1.03254
1.1048
1.24278
1.40337
1.40707
1.21158
1.00072
0.859237
0.771085
0.708989
0.66113
0.620585
0.585749
0.556313
0.534177
0.522448
0.517622
0.516848
0.516436
0.51631
0.516554
0.516193
0.517295
0.517767
0.519515
0.522014
0.524344
0.527928
0.532225
0.535914
0.540303
0.545234
0.54949
0.553309
0.556808
0.559841
0.562071
0.563313
0.563522
0.562638
0.560603
0.557373
0.552921
0.547241
0.540338
0.532232
0.522956
0.512549
0.501057
0.488534
0.475038
0.460628
0.445367
0.429319
0.41255
0.395125
0.377111
0.358576
0.339587
0.320217
0.300538
0.280631
0.260581
0.240489
0.220477
0.200697
0.181359
0.162767
0.145398
0.130043
0.118175
0.113121
1.33921
1.3369
1.32626
1.29907
1.25407
1.19449
1.12761
1.0672
1.03234
1.04132
1.10567
1.2288
1.3826
1.40674
1.23539
1.03025
0.899169
0.819416
0.762954
0.718777
0.68012
0.645275
0.613841
0.587528
0.568769
0.556965
0.54841
0.542384
0.53623
0.531571
0.527228
0.523499
0.521458
0.519301
0.518899
0.519463
0.520171
0.522253
0.525276
0.527906
0.531102
0.534971
0.538422
0.541414
0.54404
0.546186
0.547661
0.54823
0.54779
0.54629
0.543679
0.539914
0.534973
0.52885
0.521551
0.513094
0.50351
0.492837
0.48112
0.468413
0.454769
0.440247
0.424907
0.408812
0.392027
0.374617
0.356648
0.338187
0.319304
0.300071
0.280564
0.260868
0.241075
0.221297
0.201673
0.182391
0.163722
0.1461
0.130288
0.117756
0.112356
1.28977
1.28892
1.28211
1.25994
1.22239
1.17172
1.11592
1.06636
1.03919
1.04952
1.10747
1.21748
1.36019
1.40188
1.2437
1.05588
0.936656
0.866328
0.815857
0.775446
0.738519
0.703804
0.670659
0.640847
0.616057
0.597303
0.582047
0.569282
0.558344
0.547951
0.539746
0.532006
0.525812
0.521407
0.517384
0.515359
0.51451
0.514006
0.514938
0.516965
0.518779
0.521041
0.523967
0.526725
0.529024
0.530915
0.532293
0.533031
0.532955
0.531919
0.529848
0.526697
0.522432
0.517033
0.510493
0.502822
0.494038
0.484171
0.473259
0.461348
0.448484
0.434725
0.420127
0.404749
0.388655
0.371906
0.35457
0.336711
0.318398
0.299704
0.280702
0.261473
0.242108
0.22271
0.203407
0.184366
0.165829
0.148175
0.132104
0.11908
0.113299
1.24155
1.24175
1.23805
1.22116
1.19052
1.14885
1.10347
1.06422
1.04441
1.05674
1.10987
1.20847
1.33925
1.38842
1.24649
1.0749
0.971597
0.911757
0.867543
0.830488
0.795333
0.76043
0.725893
0.692858
0.663038
0.637668
0.616334
0.597261
0.580965
0.566127
0.552859
0.541958
0.531897
0.524029
0.517894
0.512626
0.509443
0.507602
0.50623
0.506302
0.507563
0.508762
0.510307
0.512404
0.51454
0.516245
0.517505
0.518229
0.518295
0.517584
0.515975
0.513373
0.509722
0.504991
0.499165
0.49224
0.484226
0.475146
0.465028
0.45391
0.441837
0.428857
0.415024
0.400397
0.385035
0.368998
0.352352
0.335161
0.317495
0.299424
0.281022
0.26237
0.243556
0.224679
0.205861
0.187253
0.169068
0.151647
0.135596
0.122321
0.116255
1.19476
1.19562
1.19458
1.18254
1.15843
1.12563
1.08993
1.06036
1.04758
1.0623
1.11193
1.20182
1.32692
1.36421
1.23633
1.08919
1.00494
0.955923
0.91763
0.883743
0.849809
0.814621
0.778593
0.742666
0.708438
0.677317
0.650107
0.625711
0.60379
0.584759
0.567249
0.552168
0.539343
0.527852
0.518921
0.511632
0.505593
0.501656
0.499155
0.497208
0.496649
0.497324
0.49806
0.499066
0.500461
0.502004
0.503188
0.503892
0.504043
0.503523
0.502224
0.500056
0.496941
0.492819
0.487656
0.481436
0.474162
0.465843
0.456503
0.446171
0.434887
0.422697
0.409649
0.395797
0.381199
0.365916
0.350009
0.333546
0.316593
0.299222
0.281508
0.263531
0.245382
0.22716
0.208981
0.190996
0.173403
0.1565
0.140826
0.1276
0.121456
1.14922
1.15057
1.15169
1.14392
1.1263
1.10166
1.07504
1.05442
1.04832
1.06577
1.11423
1.20001
1.30533
1.33796
1.21997
1.1012
1.03771
0.998744
0.966118
0.93476
0.901201
0.865738
0.828038
0.789359
0.751304
0.715403
0.682753
0.653499
0.626799
0.603119
0.582144
0.563091
0.546979
0.532968
0.520714
0.511198
0.503267
0.496803
0.492446
0.489543
0.487254
0.486254
0.486476
0.486865
0.487459
0.488296
0.489255
0.489957
0.490167
0.489798
0.488752
0.48693
0.48425
0.480649
0.476078
0.47051
0.463931
0.456341
0.447756
0.438199
0.427701
0.4163
0.404048
0.39099
0.377185
0.362688
0.347563
0.331875
0.315692
0.299089
0.282139
0.264927
0.247546
0.230096
0.212705
0.19552
0.178742
0.162662
0.147774
0.135166
0.129185
1.10506
1.10663
1.10945
1.10558
1.09397
1.07673
1.05863
1.04615
1.04671
1.06821
1.11605
1.19245
1.29742
1.30538
1.20012
1.11408
1.07062
1.04055
1.01271
0.982303
0.949439
0.912809
0.873505
0.832269
0.790863
0.750988
0.713756
0.679974
0.649216
0.62126
0.596661
0.574573
0.554886
0.53829
0.523733
0.511259
0.501501
0.493349
0.486724
0.482209
0.479101
0.476651
0.475355
0.475221
0.475349
0.475613
0.476016
0.476431
0.476651
0.476409
0.475566
0.474038
0.47174
0.468597
0.464558
0.459582
0.453647
0.446746
0.438882
0.430074
0.420347
0.409734
0.398276
0.386024
0.373026
0.359341
0.34503
0.330158
0.314794
0.299014
0.282895
0.266525
0.250001
0.233434
0.216953
0.200725
0.184964
0.169984
0.156283
0.144858
0.139499
1.06229
1.06388
1.06802
1.06758
1.06122
1.05087
1.0406
1.03589
1.04338
1.06692
1.11286
1.19669
1.27843
1.26668
1.18395
1.13126
1.10453
1.08117
1.0556
1.02682
0.993007
0.955506
0.914225
0.870673
0.826531
0.783406
0.742513
0.704726
0.670342
0.638916
0.610658
0.585743
0.563303
0.543672
0.527028
0.51241
0.500134
0.490416
0.482339
0.475771
0.471283
0.468121
0.465639
0.464163
0.463735
0.463654
0.463655
0.463698
0.463652
0.463383
0.462695
0.461417
0.459447
0.456711
0.453149
0.448715
0.443379
0.437126
0.429952
0.421865
0.412889
0.40305
0.392384
0.380936
0.368757
0.355902
0.342429
0.328404
0.313899
0.298988
0.283754
0.268291
0.2527
0.237099
0.221636
0.206488
0.191902
0.178223
0.16602
0.156372
0.15217
Process [4]
1.02096
1.02244
1.02743
1.0298
1.02823
1.02425
1.02138
1.02387
1.03485
1.0623
1.11713
1.19235
1.25702
1.23031
1.17892
1.15444
1.13816
1.11893
1.09573
1.06608
1.03199
0.992698
0.949638
0.904136
0.857792
0.812156
0.768422
0.727407
0.689805
0.655438
0.624147
0.596302
0.571572
0.549415
0.530297
0.513972
0.499687
0.487867
0.478442
0.470631
0.464294
0.45995
0.456848
0.454422
0.452855
0.452173
0.451909
0.451679
0.451412
0.450986
0.450267
0.449125
0.447422
0.445043
0.441911
0.437971
0.433188
0.427541
0.42102
0.413627
0.405378
0.396294
0.386411
0.375767
0.36441
0.352392
0.339775
0.326622
0.313004
0.298999
0.284696
0.270189
0.255587
0.241023
0.22665
0.212672
0.199354
0.18709
0.176495
0.168654
0.165556
0.98111
0.982269
0.987855
0.992687
0.995409
0.997435
1.00069
1.00714
1.02518
1.06168
1.11412
1.19329
1.22903
1.20576
1.18788
1.18079
1.17065
1.1542
1.13013
1.10066
1.06479
1.02397
0.979272
0.932191
0.884276
0.836851
0.791026
0.747621
0.707325
0.670454
0.636752
0.606267
0.579285
0.555186
0.533802
0.515507
0.499766
0.486127
0.47492
0.465983
0.458564
0.452582
0.448451
0.445487
0.443166
0.441573
0.440675
0.440217
0.439778
0.439231
0.438469
0.437364
0.435801
0.433677
0.430903
0.427407
0.423133
0.418051
0.412145
0.405414
0.397865
0.389517
0.380399
0.37055
0.360013
0.348839
0.337084
0.324818
0.312108
0.299038
0.285693
0.272178
0.258609
0.245123
0.23189
0.219124
0.207115
0.196272
0.187206
0.180863
0.178508
0.943283
0.944043
0.949825
0.95671
0.963572
0.970183
0.976613
0.99125
1.01818
1.05515
1.1227
1.18564
1.2032
1.20269
1.20784
1.20919
1.2003
1.18372
1.15967
1.1285
1.09112
1.04875
1.00272
0.954636
0.905756
0.857217
0.810019
0.764975
0.722695
0.683739
0.648061
0.61555
0.586377
0.560545
0.537466
0.517173
0.499913
0.484968
0.472164
0.461695
0.453363
0.446423
0.440869
0.436986
0.434203
0.43201
0.430425
0.429366
0.428673
0.428028
0.427222
0.426148
0.424699
0.422769
0.420271
0.417131
0.413297
0.408724
0.403388
0.39728
0.3904
0.382764
0.374393
0.365323
0.355595
0.34526
0.334373
0.322996
0.311208
0.299085
0.286721
0.27422
0.261705
0.249322
0.237244
0.2257
0.214982
0.20549
0.197781
0.192597
0.190741
0.907891
0.908096
0.914091
0.923176
0.933216
0.941252
0.955448
0.978862
1.00782
1.0637
1.12854
1.17545
1.19916
1.21977
1.23288
1.23333
1.2257
1.20745
1.18226
1.1492
1.11033
1.06665
1.01991
0.971382
0.922115
0.873099
0.825213
0.779203
0.735663
0.695123
0.657884
0.623807
0.592893
0.565355
0.540876
0.519102
0.500131
0.483997
0.470042
0.458155
0.448517
0.440839
0.434438
0.429343
0.425715
0.423123
0.421061
0.419501
0.418316
0.417379
0.416498
0.415444
0.414079
0.412312
0.410056
0.407232
0.403782
0.399664
0.394845
0.38931
0.383057
0.376095
0.368444
0.360131
0.351196
0.341686
0.331657
0.321172
0.310302
0.299133
0.287754
0.276274
0.26482
0.253538
0.242612
0.23226
0.222774
0.214523
0.207977
0.203694
0.202192
0.876401
0.87605
0.882416
0.893914
0.903821
0.917569
0.940992
0.96736
1.01668
1.07719
1.13759
1.18207
1.21803
1.24217
1.25424
1.25451
1.2434
1.22468
1.19682
1.16227
1.12203
1.07777
1.0309
0.982459
0.933368
0.884471
0.836516
0.790162
0.745993
0.70448
0.666082
0.630825
0.598661
0.569637
0.543885
0.520951
0.500647
0.483137
0.46819
0.455327
0.444402
0.435635
0.428624
0.422787
0.418151
0.414766
0.412348
0.41041
0.408863
0.407579
0.406425
0.40527
0.403951
0.402314
0.400258
0.397707
0.394601
0.390892
0.386547
0.381545
0.37588
0.369556
0.36259
0.355006
0.34684
0.338138
0.328951
0.319343
0.309386
0.29916
0.288762
0.278296
0.26789
0.257695
0.247885
0.238679
0.230342
0.223201
0.21764
0.214071
0.212834
0.851264
0.850496
0.858335
0.870898
0.882745
0.906773
0.935185
0.981006
1.03943
1.10373
1.15997
1.20656
1.24145
1.26329
1.26972
1.26764
1.25452
1.23306
1.20323
1.16734
1.12649
1.08231
1.03588
0.988061
0.939669
0.891413
0.84393
0.797793
0.753555
0.711665
0.672556
0.636502
0.603447
0.573392
0.546452
0.522543
0.501281
0.482567
0.466539
0.452838
0.441086
0.431148
0.423235
0.416882
0.411603
0.407402
0.404241
0.401953
0.40012
0.398562
0.397183
0.395847
0.394433
0.392825
0.390911
0.388588
0.385782
0.382439
0.378523
0.374011
0.368893
0.363169
0.356853
0.349967
0.342542
0.334622
0.326258
0.317509
0.308445
0.299148
0.289711
0.280241
0.27086
0.261715
0.252977
0.244847
0.237563
0.231404
0.226677
0.223684
0.222657
0.838331
0.837751
0.848412
0.862785
0.883711
0.918532
0.960673
1.01913
1.08143
1.14033
1.19246
1.2342
1.25942
1.27458
1.2788
1.27218
1.25685
1.23244
1.2013
1.16477
1.12413
1.08066
1.0352
0.988499
0.941272
0.894105
0.847548
0.802123
0.758315
0.716562
0.677247
0.640757
0.607155
0.576443
0.548627
0.523836
0.501812
0.482276
0.465201
0.450636
0.438195
0.42753
0.418569
0.41146
0.405735
0.400983
0.397178
0.394216
0.392009
0.390226
0.388645
0.387159
0.385655
0.384019
0.38215
0.379962
0.377382
0.374347
0.370811
0.366743
0.362129
0.356966
0.351262
0.345038
0.338321
0.331153
0.323581
0.315664
0.307469
0.299076
0.290574
0.282066
0.273673
0.265533
0.257805
0.250672
0.244342
0.239049
0.235031
0.232511
0.231649
0.852296
0.852845
0.868384
0.888054
0.922115
0.962608
1.01694
1.07171
1.12705
1.17911
1.21794
1.24815
1.26888
1.2775
1.2782
1.26771
1.2494
1.22326
1.19161
1.15533
1.11559
1.07336
1.02934
0.984188
0.938512
0.892812
0.847573
0.803264
0.760314
0.719136
0.680093
0.643545
0.609736
0.578667
0.55036
0.52485
0.502195
0.482048
0.464266
0.448798
0.435665
0.424438
0.414825
0.406791
0.400413
0.39527
0.39099
0.387525
0.384753
0.382561
0.380768
0.37914
0.377537
0.375865
0.374028
0.371938
0.369524
0.366726
0.3635
0.359812
0.355645
0.35099
0.345851
0.340245
0.334198
0.327745
0.32093
0.313811
0.30645
0.298923
0.291318
0.283732
0.276279
0.269085
0.262297
0.256078
0.250606
0.24607
0.242656
0.240528
0.239805
0.904176
0.905019
0.924228
0.945562
0.982429
1.02342
1.06814
1.11782
1.15961
1.19836
1.23043
1.25204
1.26736
1.27124
1.26693
1.25344
1.23311
1.20646
1.17516
1.13987
1.10158
1.06105
1.01886
0.975605
0.931788
0.887863
0.844263
0.801394
0.759656
0.719429
0.681057
0.644855
0.611153
0.58003
0.551518
0.525626
0.502426
0.481832
0.463548
0.447473
0.433556
0.42179
0.4117
0.403085
0.395899
0.39016
0.385535
0.381661
0.378481
0.375857
0.373664
0.37179
0.370068
0.36834
0.366505
0.36448
0.362197
0.359597
0.356636
0.353278
0.349503
0.345303
0.340676
0.335637
0.330209
0.324423
0.31832
0.311953
0.305382
0.298677
0.29192
0.285204
0.27863
0.272317
0.266395
0.261004
0.256294
0.252417
0.249519
0.247723
0.247115
0.958662
0.959554
0.976575
0.998591
1.02758
1.06553
1.10068
1.13978
1.17495
1.20453
1.23017
1.24577
1.25445
1.25381
1.24578
1.23053
1.20955
1.18333
1.15309
1.11936
1.08293
1.04443
1.00437
0.96326
0.921543
0.879629
0.837911
0.796753
0.756516
0.717548
0.680175
0.644695
0.611403
0.580516
0.552062
0.52608
0.502569
0.481617
0.462993
0.44652
0.43206
0.41962
0.409115
0.400075
0.392377
0.385941
0.380742
0.37655
0.37302
0.370051
0.36753
0.365333
0.363351
0.361477
0.359595
0.357598
0.355405
0.352958
0.350213
0.347136
0.343703
0.339905
0.335739
0.331217
0.326356
0.321187
0.315745
0.31008
0.304247
0.298311
0.292346
0.286439
0.280682
0.275178
0.270043
0.265395
0.261359
0.258057
0.255603
0.254089
0.253576
0.993846
0.995211
1.00945
1.02979
1.05408
1.08611
1.11628
1.14763
1.17665
1.19915
Process [5]
1.21722
1.22703
1.23046
1.22666
1.21675
1.20097
1.18033
1.15521
1.12652
1.09472
1.06044
1.02421
0.986483
0.94769
0.908249
0.868528
0.828868
0.789617
0.751106
0.713645
0.67754
0.643085
0.610524
0.580131
0.551993
0.526155
0.502629
0.481438
0.462602
0.445865
0.431093
0.418147
0.407071
0.397703
0.389614
0.382728
0.376941
0.372181
0.368323
0.365057
0.362233
0.359765
0.357543
0.355462
0.353429
0.351363
0.349188
0.346836
0.344254
0.341404
0.338261
0.334811
0.331052
0.32699
0.322643
0.318035
0.3132
0.30818
0.303028
0.297801
0.292568
0.287404
0.282392
0.277623
0.273195
0.26921
0.265768
0.262965
0.260891
0.259616
0.259185
1.0162
1.01784
1.02979
1.04731
1.06788
1.09377
1.11844
1.14234
1.16391
1.17996
1.19198
1.19761
1.19804
1.19258
1.1821
1.16662
1.14695
1.12335
1.09653
1.06688
1.03491
1.00109
0.965801
0.92944
0.892379
0.85495
0.817492
0.780297
0.743673
0.707917
0.673307
0.640107
0.608562
0.578908
0.551328
0.525857
0.502539
0.48137
0.462389
0.445528
0.43056
0.417352
0.405804
0.395946
0.387582
0.380333
0.37414
0.368891
0.364488
0.360848
0.357749
0.355016
0.352553
0.350272
0.348086
0.345914
0.343687
0.341346
0.338846
0.336147
0.333222
0.330055
0.326639
0.322976
0.31908
0.314972
0.310682
0.306247
0.301711
0.297129
0.292558
0.288067
0.283727
0.279617
0.275818
0.272415
0.26949
0.267118
0.26537
0.264297
0.263935
1.02555
1.027
1.03637
1.05005
1.06613
1.08576
1.10448
1.1224
1.1382
1.14988
1.15813
1.16127
1.16014
1.15406
1.14373
1.12905
1.11071
1.08885
1.06405
1.03666
1.00707
0.975702
0.942909
0.909028
0.874403
0.83935
0.804155
0.769114
0.734504
0.700593
0.667643
0.635899
0.605589
0.576918
0.550104
0.52522
0.502306
0.481386
0.462442
0.445521
0.430483
0.417129
0.405344
0.395045
0.386245
0.378745
0.372212
0.366587
0.361769
0.357643
0.354116
0.35108
0.348373
0.345875
0.343507
0.341201
0.338892
0.336525
0.334055
0.331446
0.328671
0.325713
0.322565
0.319228
0.315711
0.31203
0.308211
0.304287
0.300295
0.296282
0.292299
0.288403
0.284657
0.281125
0.277876
0.274979
0.272499
0.270496
0.269024
0.268123
0.267819
1.01754
1.01868
1.02599
1.03647
1.04906
1.06421
1.07862
1.09255
1.10451
1.11336
1.11923
1.12096
1.11905
1.11294
1.10315
1.08956
1.07268
1.05267
1.02992
1.00479
0.977573
0.948652
0.918343
0.886946
0.85477
0.822107
0.789229
0.756401
0.723884
0.691924
0.660761
0.630626
0.601726
0.57425
0.548389
0.524287
0.501968
0.481471
0.462793
0.445917
0.430885
0.417497
0.405586
0.395067
0.385854
0.377937
0.371156
0.365209
0.360029
0.355529
0.351591
0.348127
0.345057
0.342286
0.339704
0.337228
0.334793
0.332349
0.329855
0.327277
0.324591
0.321778
0.318831
0.315748
0.312535
0.309208
0.305784
0.302293
0.298766
0.295243
0.291767
0.288386
0.285152
0.282119
0.279341
0.276875
0.274774
0.273083
0.271843
0.271085
0.27083
0.997874
0.998784
1.00461
1.01277
1.02285
1.03478
1.04616
1.05725
1.06654
1.07348
1.07777
1.07869
1.07643
1.0706
1.06153
1.04913
1.03374
1.01555
0.994826
0.971896
0.947004
0.920473
0.892599
0.86365
0.833902
0.803624
0.773073
0.742489
0.712115
0.682176
0.652896
0.624483
0.59713
0.571013
0.546289
0.523127
0.50158
0.481672
0.463423
0.446805
0.431823
0.418482
0.406552
0.395907
0.386481
0.37818
0.370969
0.36475
0.35926
0.354404
0.350102
0.346272
0.342825
0.339683
0.336779
0.334045
0.331418
0.328839
0.326263
0.323655
0.320991
0.318254
0.315435
0.312532
0.309548
0.306495
0.303388
0.300249
0.297106
0.293991
0.29094
0.287991
0.285188
0.282573
0.280192
0.278087
0.276301
0.274868
0.273821
0.273182
0.272967
0.971666
0.972399
0.977087
0.983528
0.991709
1.00121
1.01036
1.0193
1.02665
1.0322
1.03537
1.03582
1.03343
1.02803
1.01971
1.00851
0.99457
0.978129
0.959342
0.938511
0.915856
0.891634
0.866119
0.839558
0.812195
0.784275
0.756037
0.727706
0.699498
0.671628
0.644291
0.617686
0.591985
0.567352
0.543925
0.521842
0.501217
0.482051
0.464374
0.448176
0.43342
0.42013
0.408267
0.397594
0.38803
0.379512
0.371946
0.365272
0.35945
0.354284
0.349627
0.345427
0.341615
0.338121
0.334879
0.33183
0.328923
0.326112
0.323361
0.320636
0.317912
0.31517
0.312399
0.309594
0.306757
0.303895
0.30102
0.29815
0.295305
0.292513
0.2898
0.287199
0.284745
0.28247
0.28041
0.278598
0.277067
0.275844
0.274952
0.27441
0.274227
0.941904
0.942508
0.946302
0.951423
0.95811
0.965711
0.97315
0.98039
0.986272
0.990736
0.993093
0.99322
0.990829
0.985886
0.978318
0.96824
0.955682
0.940874
0.923927
0.905081
0.884551
0.862542
0.8393
0.815051
0.790014
0.764411
0.738461
0.712369
0.686336
0.660554
0.635206
0.610469
0.586499
0.563444
0.54143
0.520566
0.500977
0.482692
0.465717
0.45006
0.435693
0.422585
0.410763
0.400156
0.390535
0.381856
0.374057
0.367048
0.360772
0.35518
0.350169
0.345609
0.341419
0.337548
0.333942
0.330552
0.327332
0.324244
0.321253
0.318333
0.315461
0.312621
0.309803
0.307
0.304214
0.301446
0.298707
0.296009
0.293369
0.290805
0.28834
0.285998
0.283806
0.281789
0.279974
0.278388
0.277054
0.275992
0.275219
0.27475
0.274593
0.910339
0.910846
0.913911
0.918006
0.923476
0.929569
0.935651
0.941493
0.946237
0.9498
0.951547
0.951434
0.949107
0.9446
0.93776
0.928716
0.917458
0.904159
0.888942
0.871968
0.853445
0.833552
0.81249
0.790472
0.767698
0.74436
0.720661
0.696787
0.672924
0.64924
0.625908
0.603077
0.580896
0.559491
0.538976
0.519446
0.500991
0.483695
0.467539
0.452534
0.438661
0.425895
0.4142
0.403606
0.394025
0.385252
0.37726
0.369985
0.363378
0.357353
0.351855
0.346845
0.342249
0.33798
0.333979
0.330205
0.326622
0.323198
0.319905
0.316721
0.313627
0.310609
0.307657
0.304766
0.301933
0.299163
0.296461
0.293835
0.291298
0.288864
0.28655
0.284374
0.282355
0.280514
0.278868
0.277439
0.276243
0.275295
0.274609
0.274192
0.274053
0.877964
0.878371
0.880857
0.88414
0.888606
0.893487
0.898462
0.903152
0.906987
0.909794
0.911077
0.910769
0.908554
0.904446
0.898305
0.890206
0.880163
0.868272
0.854668
0.839466
0.822843
0.804965
0.786001
0.766138
0.745557
0.724436
0.702948
0.681266
0.659558
0.637973
0.616667
0.595771
0.575416
0.555713
0.53676
0.518641
0.501421
0.485183
0.469946
0.455686
0.4424
0.430065
0.418651
0.408123
0.398504
0.389724
0.381595
0.374084
0.367173
0.360785
0.354868
0.349375
0.344262
0.339494
0.335027
0.330813
0.326812
0.322992
0.319331
0.31581
0.312414
0.309131
0.305955
0.302881
0.299907
0.297035
0.294269
0.291614
0.289081
0.286678
0.284419
0.282316
0.280383
0.278635
0.277084
0.275746
0.274633
0.273755
0.27312
0.272736
0.272608
0.84528
0.845637
0.847624
0.85027
0.853902
0.857816
0.861875
0.865623
0.868721
0.870901
0.871835
0.871375
0.869309
0.865578
0.860107
0.852891
0.843984
0.833422
0.821332
0.807814
0.793001
0.77705
0.760109
0.742334
0.723888
0.704934
0.685623
0.66611
0.646535
0.627045
0.607768
0.588818
0.570313
0.552345
0.534998
0.518343
0.502433
0.487317
0.473058
0.459625
0.447
0.435168
0.424108
0.413789
0.404175
0.395276
0.387068
0.379374
0.372182
0.36544
0.359115
0.353173
0.347576
0.34229
0.337284
0.332534
0.328015
0.323705
0.319585
0.315638
0.311851
0.308213
0.304719
0.301364
0.298149
0.295073
0.292139
0.289353
0.28672
0.284247
0.281945
0.27982
0.277884
0.276146
0.274616
0.273303
0.272217
0.271363
0.270748
0.270377
0.270253
Process [6]
0.812563
0.812846
0.814455
0.816588
0.819533
0.822682
0.825983
0.828981
0.831484
0.83317
0.833845
0.833301
0.831416
0.828071
0.823244
0.816884
0.809049
0.799764
0.789117
0.77721
0.764143
0.750053
0.735071
0.71933
0.702976
0.686143
0.668976
0.651605
0.634153
0.616746
0.599493
0.582498
0.565854
0.54964
0.533924
0.518765
0.504206
0.490278
0.477023
0.46447
0.452565
0.441292
0.430639
0.420583
0.411097
0.402146
0.39373
0.385842
0.378415
0.371339
0.364608
0.358207
0.35211
0.346296
0.340744
0.335435
0.330354
0.325486
0.320822
0.316351
0.312067
0.307965
0.30404
0.300293
0.29672
0.293326
0.290111
0.287079
0.284235
0.281584
0.279132
0.276886
0.274852
0.273038
0.27145
0.270093
0.268975
0.2681
0.267472
0.267093
0.266966
0.779848
0.780102
0.781385
0.783127
0.785516
0.788072
0.790764
0.793188
0.795224
0.796556
0.797062
0.79652
0.794856
0.791937
0.787749
0.782245
0.775454
0.767413
0.758174
0.74783
0.73647
0.724197
0.711132
0.697392
0.683093
0.668362
0.653314
0.638061
0.622718
0.607383
0.592148
0.577102
0.56232
0.547864
0.533788
0.52014
0.50695
0.494242
0.48203
0.470356
0.459212
0.448541
0.43833
0.428572
0.419248
0.410335
0.401803
0.393649
0.385884
0.378468
0.371346
0.364486
0.357875
0.351506
0.34537
0.339459
0.333766
0.328285
0.323012
0.317945
0.313081
0.308421
0.303966
0.299716
0.295674
0.291843
0.288227
0.284829
0.281655
0.278708
0.275995
0.273519
0.271287
0.269304
0.267573
0.266101
0.26489
0.263945
0.263267
0.262859
0.262723
0.747122
0.747329
0.748379
0.749819
0.751777
0.753892
0.756118
0.758135
0.759835
0.760958
0.761394
0.760961
0.75958
0.75715
0.753635
0.749011
0.743277
0.736474
0.728641
0.719848
0.710174
0.699707
0.688543
0.676781
0.664527
0.65188
0.638934
0.625796
0.612549
0.599269
0.586042
0.572937
0.560005
0.547297
0.534856
0.522712
0.51089
0.499403
0.488259
0.477466
0.467065
0.457021
0.447276
0.437834
0.428689
0.41983
0.411225
0.402901
0.394817
0.386967
0.379364
0.372002
0.364858
0.357914
0.351166
0.344613
0.338257
0.332101
0.326151
0.320408
0.31488
0.30957
0.304483
0.299626
0.295004
0.290623
0.286489
0.282608
0.278985
0.275627
0.272539
0.269727
0.267195
0.264949
0.262992
0.26133
0.259965
0.2589
0.258136
0.257678
0.257525
0.714241
0.714439
0.715301
0.716533
0.718181
0.719998
0.721903
0.723673
0.725182
0.726244
0.726737
0.726531
0.725534
0.723677
0.720907
0.717215
0.712589
0.707057
0.700658
0.693439
0.685468
0.676816
0.667561
0.657788
0.647578
0.637011
0.626173
0.615139
0.603971
0.592741
0.581507
0.570321
0.559217
0.548235
0.537403
0.526743
0.516265
0.50598
0.495889
0.485992
0.476294
0.46684
0.457576
0.448455
0.43949
0.430685
0.422015
0.413521
0.405161
0.396941
0.388867
0.380943
0.373178
0.36558
0.358153
0.3509
0.343827
0.336939
0.330244
0.323754
0.317478
0.311428
0.305614
0.300046
0.294735
0.28969
0.284923
0.28044
0.276251
0.272364
0.268786
0.265526
0.26259
0.259984
0.257713
0.255782
0.254197
0.25296
0.252074
0.251542
0.251364
0.681071
0.681247
0.682002
0.683105
0.684563
0.686216
0.687957
0.689638
0.69112
0.692278
0.692982
0.693142
0.692664
0.691494
0.689582
0.686912
0.68348
0.679296
0.674391
0.668805
0.662584
0.655789
0.648482
0.640721
0.632573
0.624107
0.61538
0.606442
0.597349
0.588151
0.578889
0.56959
0.560281
0.550986
0.541723
0.532501
0.523326
0.514199
0.505121
0.49609
0.4871
0.478161
0.469314
0.460521
0.451728
0.442956
0.434218
0.425539
0.416891
0.408293
0.399759
0.391301
0.382931
0.374662
0.36651
0.35849
0.350619
0.342913
0.335388
0.32806
0.320944
0.314057
0.307413
0.301028
0.294917
0.289094
0.283572
0.278366
0.273488
0.26895
0.264763
0.260939
0.257487
0.254417
0.251738
0.249457
0.247581
0.246116
0.245065
0.244434
0.244223
0.647396
0.647588
0.648279
0.649343
0.650736
0.652365
0.654106
0.655867
0.657508
0.658938
0.660039
0.660734
0.660943
0.660615
0.659709
0.6582
0.656082
0.653362
0.650056
0.646193
0.641808
0.63694
0.631633
0.625934
0.619892
0.613547
0.606934
0.600097
0.593069
0.585883
0.578555
0.571098
0.563534
0.555871
0.548114
0.540268
0.532329
0.524297
0.51617
0.507944
0.499617
0.491189
0.482666
0.474084
0.465467
0.456699
0.44788
0.438988
0.43003
0.421033
0.412017
0.403001
0.394005
0.38505
0.376158
0.367351
0.358653
0.350086
0.341673
0.333436
0.325399
0.317582
0.310006
0.302694
0.295666
0.28894
0.282538
0.276476
0.270775
0.26545
0.26052
0.256001
0.251909
0.248258
0.245062
0.242335
0.240087
0.238328
0.237065
0.236305
0.236052
0.613028
0.613232
0.613938
0.615048
0.61651
0.618263
0.62019
0.622217
0.624228
0.626137
0.627851
0.629293
0.630398
0.631111
0.631398
0.631233
0.630601
0.629499
0.627935
0.625924
0.623484
0.620639
0.617418
0.613849
0.609953
0.60575
0.601268
0.596531
0.591552
0.586337
0.580887
0.575215
0.569326
0.563216
0.556884
0.550326
0.543536
0.536512
0.52925
0.521747
0.514006
0.506025
0.497815
0.489387
0.480754
0.471958
0.463027
0.453894
0.444596
0.435169
0.425641
0.416037
0.406384
0.396711
0.387044
0.377412
0.367845
0.35837
0.349017
0.339812
0.330786
0.321962
0.313371
0.30504
0.296991
0.289253
0.281851
0.274811
0.268157
0.261915
0.256108
0.250762
0.245899
0.241543
0.237716
0.234439
0.231729
0.229603
0.228075
0.227154
0.226846
0.57773
0.577975
0.578757
0.58002
0.581699
0.583749
0.586069
0.588586
0.591208
0.593846
0.596427
0.598876
0.601131
0.60314
0.604862
0.606265
0.60733
0.608046
0.608405
0.608404
0.608052
0.607354
0.606314
0.604936
0.603229
0.601203
0.598864
0.59621
0.593234
0.589928
0.586292
0.582325
0.578017
0.573359
0.568344
0.562962
0.55721
0.551082
0.544576
0.537694
0.530436
0.522819
0.514834
0.506525
0.497843
0.488913
0.479711
0.47026
0.460581
0.450691
0.440619
0.430394
0.420052
0.409625
0.399147
0.388653
0.378175
0.367749
0.357405
0.347179
0.3371
0.327204
0.317521
0.308082
0.298922
0.29007
0.28156
0.273423
0.265693
0.258402
0.251585
0.245275
0.239508
0.234316
0.229733
0.225791
0.222521
0.219946
0.218091
0.216971
0.216597
0.541276
0.541585
0.542523
0.544061
0.546129
0.548685
0.551643
0.554923
0.558446
0.562125
0.565884
0.569653
0.573367
0.576973
0.580424
0.583679
0.586704
0.589473
0.591967
0.594169
0.596062
0.59763
0.598862
0.59975
0.600285
0.600454
0.60024
0.599622
0.598581
0.597108
0.595193
0.592818
0.589969
0.586633
0.5828
0.578459
0.573609
0.568242
0.562363
0.555972
0.549088
0.541702
0.533866
0.525531
0.516792
0.507671
0.498155
0.488283
0.478099
0.467642
0.456947
0.446045
0.434967
0.423749
0.412424
0.401032
0.389608
0.37819
0.366814
0.355519
0.344338
0.33331
0.322469
0.311854
0.301499
0.291443
0.281724
0.272382
0.263457
0.254991
0.24703
0.239618
0.232803
0.226633
0.221158
0.216425
0.212479
0.209361
0.207106
0.205743
0.205286
0.50345
0.503846
0.505042
0.507006
0.509674
0.512993
0.516884
0.521259
0.526038
0.531133
0.53646
0.54194
0.547501
0.553074
0.5586
0.564029
0.569312
0.574405
0.579269
0.583866
0.588161
0.592124
0.595728
0.598943
0.60174
0.604082
0.605933
0.607273
0.60808
0.608333
0.608007
0.607082
0.605541
0.60337
0.600558
0.597095
0.592982
0.588222
0.582811
0.576774
0.570106
0.56285
0.554988
0.546559
0.537648
0.52823
0.518335
0.508005
0.497283
0.486208
0.474819
0.463157
0.451263
0.439176
0.426938
0.414588
0.402164
0.389704
0.377252
0.364839
0.352506
0.340295
0.328243
0.316388
0.30477
0.293432
0.282416
0.271769
0.261539
0.251777
0.242538
0.233882
0.225871
0.21857
0.212049
0.206378
0.201622
0.197846
0.195106
0.193443
0.192886
0.464007
0.464535
0.466115
0.468712
0.47226
0.476684
0.481897
0.487798
0.494285
0.501258
Process [7]
0.508617
0.516266
0.524118
0.532088
0.540096
0.548069
0.555937
0.563636
0.571107
0.578295
0.58515
0.591622
0.59766
0.603212
0.60823
0.612673
0.616511
0.619707
0.622232
0.624057
0.625152
0.625501
0.625084
0.623885
0.621904
0.619131
0.615575
0.611233
0.606119
0.600265
0.593669
0.586363
0.578342
0.569718
0.560489
0.550661
0.540283
0.529402
0.518061
0.506303
0.494173
0.481711
0.468965
0.455971
0.442781
0.429429
0.415961
0.402417
0.388838
0.375263
0.361733
0.348288
0.334967
0.321811
0.308864
0.296169
0.283773
0.271727
0.260084
0.248905
0.238253
0.228203
0.218832
0.210228
0.202485
0.195698
0.189969
0.185391
0.182052
0.180019
0.179335
0.422708
0.423426
0.425564
0.429071
0.433867
0.439845
0.446888
0.454867
0.463644
0.473086
0.483063
0.493448
0.504122
0.514972
0.525895
0.536793
0.547576
0.558159
0.568464
0.578414
0.587934
0.596954
0.60541
0.613247
0.620415
0.626868
0.632562
0.637457
0.64152
0.64472
0.647033
0.648441
0.648928
0.648485
0.647114
0.644812
0.641611
0.637469
0.632481
0.626606
0.619907
0.612352
0.604075
0.595089
0.58539
0.575028
0.564052
0.552511
0.540454
0.527923
0.51497
0.501638
0.487971
0.474023
0.459825
0.44543
0.430885
0.416221
0.401483
0.386714
0.371954
0.357242
0.342619
0.328126
0.313806
0.299703
0.285866
0.272347
0.259205
0.246505
0.23432
0.222735
0.211845
0.201759
0.192599
0.184499
0.177599
0.172042
0.16796
0.165462
0.164622
0.379392
0.380384
0.383336
0.388163
0.394737
0.402897
0.412459
0.423232
0.435021
0.447638
0.460902
0.474645
0.488711
0.502952
0.517235
0.531436
0.545437
0.55913
0.572414
0.585198
0.597401
0.608946
0.619768
0.629802
0.638993
0.647289
0.654647
0.661028
0.666404
0.670737
0.674024
0.676238
0.677378
0.677447
0.676445
0.674362
0.671291
0.667131
0.662043
0.655961
0.648887
0.640995
0.632281
0.62274
0.612424
0.601389
0.589686
0.577369
0.56448
0.551085
0.537213
0.522931
0.508277
0.4933
0.478047
0.462562
0.446886
0.431065
0.41514
0.399152
0.383138
0.367138
0.351191
0.335336
0.319616
0.304074
0.288758
0.273721
0.25902
0.244722
0.230906
0.217664
0.205105
0.193358
0.182576
0.172935
0.164629
0.157867
0.152854
0.149765
0.148721
0.333778
0.33518
0.339332
0.346082
0.355202
0.36642
0.37943
0.393934
0.409643
0.426285
0.443611
0.461398
0.479442
0.497559
0.515584
0.533371
0.550785
0.567709
0.584033
0.599662
0.614507
0.628491
0.641542
0.653599
0.664605
0.674516
0.683288
0.69089
0.697304
0.702495
0.706466
0.709213
0.71072
0.711005
0.710119
0.708018
0.704752
0.700433
0.694939
0.688333
0.68085
0.672397
0.663009
0.652737
0.641649
0.629785
0.61722
0.603991
0.590164
0.575781
0.560907
0.545588
0.529861
0.513787
0.497419
0.480796
0.463955
0.446939
0.429793
0.412558
0.395269
0.377965
0.360682
0.343457
0.326331
0.309342
0.292535
0.275958
0.259667
0.243726
0.228212
0.21322
0.198864
0.18529
0.172676
0.16124
0.151246
0.14299
0.136787
0.132925
0.131612
0.28571
0.287747
0.293739
0.303374
0.316207
0.331727
0.349421
0.368812
0.389476
0.411038
0.433177
0.455614
0.478112
0.500463
0.522489
0.544032
0.564953
0.585128
0.604452
0.622826
0.640167
0.656399
0.671457
0.685285
0.697834
0.709067
0.718953
0.727466
0.734585
0.740334
0.744687
0.747578
0.749241
0.749409
0.748276
0.745964
0.742301
0.737281
0.731211
0.724088
0.715852
0.706582
0.69632
0.685141
0.673096
0.660262
0.646667
0.632391
0.617502
0.602028
0.586034
0.569578
0.552711
0.535481
0.517928
0.5001
0.482045
0.463803
0.445414
0.426916
0.408342
0.38973
0.371113
0.352524
0.333999
0.315574
0.297285
0.279177
0.261297
0.243703
0.226464
0.209668
0.193428
0.17789
0.163246
0.149752
0.137737
0.127613
0.119856
0.114949
0.113266
0.235163
0.238235
0.247169
0.261234
0.27948
0.300954
0.324808
0.350339
0.376972
0.404255
0.431813
0.459351
0.486613
0.513394
0.539519
0.56483
0.589198
0.612511
0.634666
0.655577
0.675165
0.69337
0.710138
0.725422
0.739179
0.751386
0.762062
0.771091
0.778632
0.784494
0.78898
0.791597
0.793024
0.792953
0.791285
0.788081
0.78369
0.778113
0.771233
0.763153
0.753926
0.743591
0.732265
0.719991
0.706803
0.692802
0.678047
0.662594
0.646483
0.629788
0.612574
0.594894
0.576796
0.558328
0.539538
0.52047
0.501162
0.481658
0.461999
0.44222
0.422356
0.402437
0.382496
0.362562
0.342664
0.322832
0.303099
0.283497
0.264066
0.244851
0.225909
0.207313
0.189159
0.171579
0.154759
0.138962
0.124566
0.112099
0.102263
0.0958727
0.0936441
0.181882
0.186814
0.20077
0.221812
0.24788
0.277296
0.30883
0.341601
0.374979
0.408501
0.441802
0.474606
0.506704
0.537884
0.568011
0.596945
0.624555
0.650778
0.675475
0.698643
0.720143
0.739993
0.758107
0.774453
0.789109
0.801812
0.812935
0.822234
0.829421
0.835337
0.839568
0.841822
0.842197
0.84118
0.838823
0.834939
0.829638
0.822938
0.814861
0.805552
0.795084
0.783517
0.770889
0.757269
0.742757
0.727421
0.711327
0.694534
0.677102
0.659089
0.640543
0.621525
0.602097
0.582308
0.562206
0.541833
0.521231
0.50044
0.479497
0.458434
0.437282
0.416073
0.394832
0.373585
0.352357
0.331172
0.310053
0.289027
0.268121
0.247366
0.226802
0.20648
0.186471
0.166874
0.147837
0.129589
0.112496
0.0971476
0.0844842
0.0758656
0.0727616
0.125978
0.134743
0.157847
0.189674
0.226232
0.265236
0.305386
0.345893
0.386235
0.426038
0.465025
0.502973
0.539692
0.575058
0.608962
0.641252
0.671825
0.700576
0.727479
0.752551
0.775667
0.796754
0.815743
0.832686
0.847798
0.860911
0.871989
0.881044
0.887861
0.89245
0.895811
0.897395
0.897211
0.89532
0.891779
0.886595
0.879826
0.87164
0.862117
0.85133
0.839353
0.82626
0.812123
0.797014
0.781008
0.764175
0.746572
0.72826
0.709325
0.68983
0.669834
0.649393
0.62856
0.607385
0.585916
0.564195
0.542263
0.520157
0.497914
0.475563
0.453134
0.430654
0.408146
0.385632
0.363132
0.340665
0.318247
0.295894
0.273626
0.251458
0.229414
0.20752
0.185816
0.164357
0.143232
0.122587
0.102685
0.084019
0.0675846
0.0553909
0.0506652
0.0687951
0.0872169
0.126613
0.172565
0.220689
0.26938
0.317874
0.365722
0.412616
0.45832
0.50264
0.54541
0.586485
0.625736
0.663046
0.698324
0.731487
0.762461
0.791184
0.817594
0.841644
0.863449
0.883082
0.900414
0.915451
0.928221
0.938769
0.947127
0.95335
0.957492
0.959619
0.9598
0.958109
0.954623
0.949421
0.942588
0.9342
0.92435
0.913124
0.900603
0.886874
0.872023
0.856128
0.839272
0.821535
0.802989
0.783709
0.763765
0.743224
0.722151
0.700606
0.678646
0.656325
0.633692
0.610795
0.587676
0.564376
0.540928
0.517368
0.493727
0.470031
0.446304
0.422567
0.398838
0.375133
0.351466
0.327848
0.30429
0.280799
0.257384
0.234052
0.210811
0.187674
0.164656
0.141786
0.119113
0.0967391
0.0748847
0.054117
0.0362315
0.0277844
0.0362853
0.0644934
0.115947
0.169988
0.224104
0.277668
0.330348
0.381898
0.432112
0.480809
0.527825
0.573012
0.616236
0.657381
0.696344
0.733037
0.767387
0.799337
0.828843
0.855875
0.880417
0.902464
0.922022
0.939115
0.953774
0.966038
0.975958
0.983591
0.989
0.992257
0.993438
0.992623
0.989897
0.985346
0.97906
0.971129
0.961644
0.950697
0.938381
0.924783
0.909994
0.894102
0.87719
0.859342
0.840638
0.821155
0.800966
0.780143
0.758752
0.736858
0.71452
0.691795
0.668736
0.645391
0.621807
0.598025
0.574084
0.550019
0.525862
0.501641
0.477381
0.453105
0.428831
0.404577
0.380358
0.356183
0.332062
0.308004
0.284012
0.260089
0.23624
0.212463
0.188758
0.165128
0.141571
0.118096
0.0947177
0.071485
0.0485615
0.0268678
0.0149524
