Vec Object: Vec_0x84000004_8 8 MPI processes
  type: mpi
Process [0]
1.77388e-15
3.16387e-15
5.69808e-15
8.35751e-15
1.10188e-14
1.36505e-14
1.6235e-14
1.87586e-14
2.12085e-14
2.35724e-14
2.58384e-14
2.79947e-14
3.00296e-14
3.19318e-14
3.36902e-14
3.52943e-14
3.67343e-14
3.80017e-14
3.90887e-14
3.99893e-14
4.06992e-14
4.12158e-14
4.15389e-14
4.16702e-14
4.16139e-14
4.13766e-14
4.09666e-14
4.03949e-14
3.96737e-14
3.8817e-14
3.78399e-14
3.67583e-14
3.55884e-14
3.43462e-14
3.30477e-14
3.17081e-14
3.03416e-14
2.89613e-14
2.75791e-14
2.62056e-14
2.48499e-14
2.35198e-14
2.22218e-14
2.09612e-14
1.9742e-14
1.85674e-14
1.74395e-14
1.63597e-14
1.53287e-14
1.43465e-14
1.34128e-14
1.25268e-14
1.16872e-14
1.08929e-14
1.0142e-14
9.43301e-15
8.76395e-15
8.13294e-15
7.53801e-15
6.9772e-15
6.44855e-15
5.95011e-15
5.47998e-15
5.03629e-15
4.61725e-15
4.2211e-15
3.84616e-15
3.49081e-15
3.15348e-15
2.83271e-15
2.52706e-15
2.23517e-15
1.95572e-15
1.68747e-15
1.4292e-15
1.17975e-15
9.38075e-16
7.03416e-16
4.76233e-16
2.64991e-16
1.51361e-16
3.25552e-15
4.18789e-15
6.16211e-15
8.44518e-15
1.08231e-14
1.32182e-14
1.55922e-14
1.79216e-14
2.02193e-14
2.24642e-14
2.45735e-14
2.65785e-14
2.8468e-14
3.02313e-14
3.18575e-14
3.3337e-14
3.46788e-14
3.59467e-14
3.69585e-14
3.77772e-14
3.84168e-14
3.88759e-14
3.91578e-14
3.93569e-14
3.93306e-14
3.90895e-14
3.86898e-14
3.81416e-14
3.7457e-14
3.66533e-14
3.5819e-14
3.48347e-14
3.37368e-14
3.25738e-14
3.13598e-14
3.01088e-14
2.88335e-14
2.7546e-14
2.62568e-14
2.49753e-14
2.371e-14
2.24676e-14
2.12543e-14
2.00746e-14
1.89324e-14
1.78305e-14
1.67709e-14
1.57549e-14
1.47833e-14
1.38561e-14
1.29732e-14
1.21339e-14
1.13372e-14
1.05819e-14
9.86677e-15
9.19021e-15
8.55057e-15
7.94618e-15
7.3753e-15
6.83616e-15
6.32701e-15
5.84608e-15
5.39166e-15
4.96206e-15
4.55563e-15
4.17077e-15
3.80594e-15
3.45966e-15
3.13051e-15
2.81712e-15
2.51821e-15
2.23257e-15
1.95907e-15
1.69667e-15
1.44451e-15
1.20194e-15
9.6886e-16
7.46373e-16
5.39122e-16
3.64127e-16
2.83136e-16
5.81647e-15
6.23584e-15
7.3996e-15
8.99444e-15
1.08017e-14
1.27061e-14
1.46425e-14
1.65785e-14
1.85245e-14
2.0379e-14
2.21574e-14
2.39154e-14
2.55257e-14
2.70533e-14
2.84829e-14
2.97528e-14
3.09369e-14
3.19403e-14
3.28321e-14
3.35538e-14
3.41252e-14
3.45591e-14
3.48004e-14
3.49358e-14
3.48692e-14
3.4711e-14
3.43606e-14
3.39357e-14
3.33347e-14
3.26886e-14
3.18775e-14
3.10498e-14
3.01108e-14
2.90963e-14
2.81004e-14
2.70273e-14
2.59163e-14
2.4797e-14
2.37035e-14
2.26279e-14
2.15258e-14
2.04428e-14
1.9384e-14
1.83533e-14
1.73536e-14
1.63871e-14
1.54554e-14
1.45597e-14
1.37006e-14
1.28783e-14
1.20925e-14
1.13431e-14
1.06292e-14
9.95012e-15
9.30469e-15
8.69183e-15
8.10926e-15
7.55023e-15
7.02692e-15
6.53247e-15
6.06377e-15
5.61945e-15
5.19812e-15
4.79842e-15
4.41902e-15
4.05862e-15
3.71596e-15
3.38985e-15
3.07913e-15
2.78274e-15
2.49969e-15
2.22912e-15
1.9703e-15
1.72278e-15
1.48642e-15
1.26176e-15
1.05045e-15
8.56531e-16
6.88978e-16
5.6664e-16
5.19722e-16
8.11515e-15
8.36365e-15
9.06099e-15
1.00968e-14
1.13627e-14
1.27763e-14
1.42729e-14
1.58153e-14
1.7352e-14
1.88765e-14
2.03657e-14
2.17924e-14
2.31536e-14
2.44369e-14
2.56273e-14
2.67185e-14
2.7699e-14
2.85614e-14
2.93023e-14
2.99165e-14
3.03987e-14
3.07461e-14
3.09588e-14
3.10393e-14
3.09892e-14
3.08143e-14
3.05179e-14
3.01122e-14
2.96039e-14
2.90038e-14
2.83211e-14
2.75677e-14
2.67589e-14
2.58987e-14
2.49931e-14
2.40824e-14
2.31183e-14
2.21796e-14
2.12223e-14
2.02518e-14
1.93036e-14
1.84046e-14
1.74928e-14
1.65996e-14
1.57331e-14
1.48948e-14
1.40856e-14
1.33063e-14
1.25571e-14
1.18381e-14
1.11482e-14
1.04747e-14
9.84162e-15
9.24212e-15
8.67027e-15
8.12521e-15
7.60604e-15
7.11178e-15
6.63858e-15
6.18572e-15
5.76076e-15
5.35662e-15
4.97202e-15
4.60593e-15
4.25735e-15
3.92528e-15
3.60788e-15
3.30466e-15
3.01704e-15
2.74248e-15
2.48032e-15
2.2301e-15
1.99162e-15
1.76503e-15
1.55103e-15
1.35117e-15
1.16838e-15
1.00778e-15
8.77781e-16
7.9065e-16
7.5956e-16
1.01173e-14
1.02687e-14
1.07056e-14
1.13822e-14
1.22396e-14
1.32363e-14
1.43318e-14
1.54849e-14
1.66672e-14
1.78548e-14
1.90283e-14
2.01701e-14
2.12658e-14
2.23065e-14
2.32748e-14
2.41629e-14
2.49636e-14
2.56691e-14
2.62715e-14
2.67688e-14
2.71518e-14
2.74187e-14
2.75682e-14
2.76019e-14
2.75251e-14
2.73401e-14
2.7052e-14
2.66672e-14
2.61941e-14
2.56471e-14
2.50281e-14
2.43508e-14
2.36303e-14
2.28681e-14
2.20796e-14
2.12717e-14
2.0445e-14
1.96259e-14
1.87919e-14
1.79851e-14
1.71586e-14
1.63653e-14
1.5609e-14
1.48448e-14
1.41033e-14
1.33863e-14
1.26941e-14
1.20266e-14
1.13814e-14
1.07456e-14
1.01501e-14
9.58223e-15
9.03768e-15
8.51435e-15
8.004e-15
7.5252e-15
7.06953e-15
6.63362e-15
6.21112e-15
5.8118e-15
5.43309e-15
5.0714e-15
4.72386e-15
4.39132e-15
4.07697e-15
3.77673e-15
3.48991e-15
3.21538e-15
2.95256e-15
2.70319e-15
2.46548e-15
2.23932e-15
2.02494e-15
1.823e-15
1.63476e-15
1.46287e-15
1.31049e-15
1.18083e-15
1.08054e-15
1.01641e-15
9.9424e-16
1.19036e-14
1.19731e-14
1.22352e-14
1.2668e-14
1.32257e-14
1.38985e-14
1.46557e-14
1.54736e-14
1.63304e-14
1.7207e-14
1.80858e-14
1.89511e-14
1.97882e-14
2.05884e-14
2.13369e-14
2.20287e-14
2.26496e-14
2.31955e-14
2.36582e-14
2.40291e-14
2.4306e-14
2.44835e-14
2.45602e-14
2.45366e-14
2.44198e-14
2.42031e-14
2.39014e-14
2.35177e-14
2.30585e-14
2.25411e-14
2.19636e-14
2.13453e-14
2.06889e-14
2.00058e-14
1.93078e-14
1.85981e-14
1.78834e-14
1.71695e-14
1.64651e-14
1.57625e-14
1.50835e-14
1.4396e-14
1.37494e-14
1.31255e-14
1.25019e-14
1.18995e-14
1.13151e-14
1.07344e-14
1.0192e-14
9.6729e-15
9.17221e-15
8.6778e-15
8.21075e-15
7.76615e-15
7.32956e-15
6.91666e-15
6.52253e-15
6.13784e-15
5.7756e-15
5.42725e-15
5.09046e-15
4.77271e-15
4.46681e-15
4.17221e-15
3.89347e-15
3.62636e-15
3.36905e-15
3.12503e-15
2.89235e-15
2.67036e-15
2.45882e-15
2.2591e-15
2.07115e-15
1.89575e-15
1.73436e-15
1.58922e-15
1.46411e-15
1.36037e-15
1.28228e-15
1.23361e-15
1.21707e-15
1.33813e-14
1.34394e-14
1.3602e-14
1.38552e-14
1.4203e-14
1.46271e-14
1.51152e-14
1.56534e-14
1.62284e-14
1.6826e-14
1.74357e-14
1.80432e-14
1.86396e-14
1.9211e-14
1.97495e-14
2.0246e-14
2.069e-14
2.1073e-14
2.13907e-14
2.16308e-14
2.17961e-14
2.18754e-14
2.1868e-14
2.17755e-14
2.15993e-14
2.13415e-14
2.1006e-14
2.06057e-14
2.01481e-14
1.96372e-14
1.90891e-14
1.85109e-14
1.79106e-14
1.72966e-14
1.66757e-14
1.6056e-14
1.54406e-14
1.48312e-14
1.42334e-14
1.36513e-14
1.30726e-14
1.25296e-14
1.19824e-14
1.1452e-14
1.09412e-14
1.04492e-14
9.97413e-15
9.51523e-15
9.0577e-15
8.62394e-15
8.20924e-15
7.79803e-15
7.41196e-15
7.03116e-15
6.67028e-15
6.3174e-15
5.98254e-15
5.65589e-15
5.3458e-15
5.04403e-15
4.75737e-15
4.47932e-15
4.21455e-15
3.95941e-15
3.71495e-15
3.48195e-15
3.25728e-15
3.04434e-15
2.84084e-15
2.64688e-15
2.46387e-15
2.29131e-15
2.13011e-15
1.98108e-15
1.84543e-15
1.72493e-15
1.6217e-15
1.53917e-15
1.47862e-15
1.44087e-15
1.42813e-15
1.46451e-14
1.46715e-14
1.47512e-14
1.48955e-14
1.50889e-14
1.53289e-14
1.5609e-14
1.59231e-14
1.62637e-14
1.66242e-14
1.69956e-14
1.73702e-14
1.77408e-14
1.80993e-14
1.84376e-14
1.8744e-14
1.9013e-14
1.92371e-14
1.9405e-14
1.95163e-14
1.95604e-14
1.95344e-14
1.94341e-14
1.92546e-14
1.90052e-14
1.86912e-14
1.83136e-14
1.78871e-14
1.74098e-14
1.69005e-14
1.63712e-14
1.58258e-14
1.52741e-14
1.47259e-14
1.41832e-14
1.36523e-14
1.31361e-14
1.26303e-14
1.2141e-14
1.16672e-14
1.12095e-14
1.0761e-14
1.03411e-14
9.91868e-15
9.51249e-15
9.12162e-15
8.73942e-15
8.35822e-15
8.00384e-15
7.65013e-15
7.31221e-15
6.97995e-15
6.66204e-15
6.35008e-15
6.04952e-15
5.7593e-15
5.47695e-15
5.20512e-15
4.94289e-15
4.68854e-15
4.4446e-15
4.20886e-15
3.9816e-15
3.76408e-15
3.55395e-15
3.3539e-15
3.16121e-15
2.97841e-15
2.80352e-15
2.63832e-15
2.4822e-15
2.33592e-15
2.20002e-15
2.07568e-15
1.96354e-15
1.86445e-15
1.78028e-15
1.71276e-15
1.66474e-15
1.6353e-15
1.62521e-15
1.56535e-14
1.56712e-14
1.57101e-14
1.5768e-14
1.58488e-14
1.59501e-14
1.60702e-14
1.62069e-14
1.63572e-14
1.65185e-14
1.66859e-14
1.68566e-14
1.70255e-14
1.71857e-14
1.73323e-14
1.74606e-14
1.75596e-14
1.76234e-14
1.76465e-14
1.76155e-14
1.75337e-14
1.73907e-14
1.71814e-14
1.6912e-14
1.65792e-14
1.61941e-14
1.57645e-14
1.52962e-14
1.48003e-14
1.42941e-14
1.37843e-14
1.32757e-14
1.27856e-14
1.23126e-14
1.18592e-14
1.14264e-14
1.10147e-14
1.06197e-14
1.0244e-14
9.8831e-15
9.53423e-15
9.19773e-15
8.86272e-15
8.55923e-15
8.24803e-15
7.93405e-15
7.64406e-15
7.35762e-15
7.07053e-15
6.79572e-15
6.52454e-15
6.25954e-15
6.00187e-15
5.7502e-15
5.50471e-15
5.26583e-15
5.0336e-15
4.80814e-15
4.58946e-15
4.37743e-15
4.1722e-15
3.97377e-15
3.78244e-15
3.59791e-15
3.42027e-15
3.25028e-15
3.0875e-15
2.9321e-15
2.78482e-15
2.64525e-15
2.51424e-15
2.39204e-15
2.27906e-15
2.17625e-15
2.08438e-15
2.00312e-15
1.93411e-15
1.87985e-15
1.83973e-15
1.81502e-15
1.80676e-15
1.64694e-14
1.64615e-14
1.64638e-14
1.64611e-14
1.64586e-14
1.64557e-14
1.64528e-14
1.64498e-14
1.64475e-14
1.64447e-14
1.64413e-14
1.64344e-14
1.64247e-14
1.6408e-14
1.63812e-14
1.63373e-14
1.6276e-14
1.61819e-14
1.60544e-14
1.58868e-14
1.56632e-14
1.53932e-14
1.50693e-14
1.46928e-14
1.42675e-14
1.3802e-14
1.331e-14
1.28048e-14
1.22984e-14
1.18029e-14
1.1333e-14
1.08945e-14
1.04877e-14
1.01171e-14
9.77626e-15
9.46696e-15
9.17705e-15
8.90449e-15
8.64713e-15
8.39813e-15
8.15688e-15
7.92215e-15
7.6816e-15
7.44765e-15
7.21832e-15
6.99464e-15
6.77423e-15
6.54804e-15
6.3278e-15
6.10794e-15
5.89209e-15
5.67965e-15
5.47045e-15
5.26493e-15
5.06336e-15
4.86712e-15
4.67476e-15
4.48655e-15
4.30445e-15
4.12682e-15
3.95475e-15
3.7881e-15
3.62658e-15
3.47062e-15
3.3208e-15
3.17718e-15
3.03972e-15
2.90889e-15
2.78522e-15
2.66832e-15
2.55892e-15
2.45718e-15
2.36378e-15
2.27938e-15
2.20394e-15
2.13851e-15
2.08139e-15
2.03459e-15
2.00056e-15
1.98093e-15
1.97412e-15
1.70557e-14
1.705e-14
1.70224e-14
1.69745e-14
1.69084e-14
1.68255e-14
1.6727e-14
1.66141e-14
1.64889e-14
1.63523e-14
1.62053e-14
1.6049e-14
1.58837e-14
1.57091e-14
1.55233e-14
1.53182e-14
1.50998e-14
1.48504e-14
1.45712e-14
1.42558e-14
1.38939e-14
1.34848e-14
1.30312e-14
1.25378e-14
1.20104e-14
1.14675e-14
1.09175e-14
1.03938e-14
9.90545e-15
9.47159e-15
9.09355e-15
8.77861e-15
8.5156e-15
8.29787e-15
8.11725e-15
7.95696e-15
7.8079e-15
7.66478e-15
7.52036e-15
7.37237e-15
7.21899e-15
7.0605e-15
6.89326e-15
6.71971e-15
6.54393e-15
6.36659e-15
6.18526e-15
6.0016e-15
5.81815e-15
5.63561e-15
5.45411e-15
Process [1]
5.27445e-15
5.09704e-15
4.92213e-15
4.75058e-15
4.58264e-15
4.41804e-15
4.25712e-15
4.1009e-15
3.94882e-15
3.80142e-15
3.65879e-15
3.52057e-15
3.38699e-15
3.25902e-15
3.13658e-15
3.01944e-15
2.90835e-15
2.80386e-15
2.70528e-15
2.61332e-15
2.52816e-15
2.45054e-15
2.37998e-15
2.31915e-15
2.26579e-15
2.2179e-15
2.17897e-15
2.14968e-15
2.13182e-15
2.12592e-15
1.7459e-14
1.74392e-14
1.73895e-14
1.73068e-14
1.71923e-14
1.70476e-14
1.68743e-14
1.66746e-14
1.64505e-14
1.62041e-14
1.59377e-14
1.56555e-14
1.53544e-14
1.50384e-14
1.47052e-14
1.43559e-14
1.39829e-14
1.3586e-14
1.3154e-14
1.26853e-14
1.2173e-14
1.16152e-14
1.10221e-14
1.04045e-14
9.77468e-15
9.16273e-15
8.60347e-15
8.11924e-15
7.73714e-15
7.47254e-15
7.31021e-15
7.22769e-15
7.19924e-15
7.19466e-15
7.19404e-15
7.18361e-15
7.15625e-15
7.10794e-15
7.03762e-15
6.94633e-15
6.83618e-15
6.70871e-15
6.56694e-15
6.41374e-15
6.25242e-15
6.08578e-15
5.91549e-15
5.74357e-15
5.57081e-15
5.39857e-15
5.22809e-15
5.06009e-15
4.89452e-15
4.73231e-15
4.57411e-15
4.41981e-15
4.26945e-15
4.12327e-15
3.98173e-15
3.84481e-15
3.71264e-15
3.58528e-15
3.46251e-15
3.34461e-15
3.23204e-15
3.12478e-15
3.02248e-15
2.926e-15
2.83546e-15
2.75045e-15
2.67179e-15
2.59933e-15
2.53349e-15
2.4737e-15
2.42307e-15
2.37923e-15
2.34009e-15
2.30723e-15
2.28446e-15
2.27046e-15
2.26573e-15
1.76582e-14
1.76368e-14
1.75706e-14
1.74608e-14
1.73085e-14
1.71152e-14
1.68829e-14
1.66132e-14
1.63095e-14
1.59729e-14
1.56089e-14
1.5216e-14
1.47983e-14
1.43564e-14
1.3894e-14
1.34015e-14
1.28861e-14
1.23377e-14
1.17522e-14
1.11248e-14
1.04509e-14
9.73461e-15
8.9945e-15
8.25115e-15
7.54669e-15
6.94519e-15
6.50648e-15
6.26802e-15
6.21852e-15
6.31517e-15
6.49808e-15
6.70922e-15
6.90876e-15
7.06779e-15
7.17501e-15
7.23189e-15
7.24212e-15
7.21125e-15
7.14531e-15
7.04893e-15
6.92773e-15
6.78708e-15
6.63011e-15
6.46435e-15
6.28909e-15
6.10755e-15
5.92385e-15
5.74117e-15
5.55841e-15
5.3775e-15
5.19958e-15
5.02552e-15
4.85574e-15
4.69082e-15
4.53102e-15
4.37644e-15
4.22741e-15
4.08397e-15
3.94602e-15
3.81363e-15
3.68694e-15
3.56572e-15
3.45009e-15
3.34016e-15
3.2358e-15
3.137e-15
3.04383e-15
2.95649e-15
2.87468e-15
2.79881e-15
2.7288e-15
2.665e-15
2.60715e-15
2.55598e-15
2.51136e-15
2.47238e-15
2.44136e-15
2.41748e-15
2.4005e-15
2.3911e-15
2.38785e-15
1.76759e-14
1.76491e-14
1.75702e-14
1.74389e-14
1.72568e-14
1.70249e-14
1.67447e-14
1.64186e-14
1.60489e-14
1.56384e-14
1.51888e-14
1.47039e-14
1.41842e-14
1.36319e-14
1.30478e-14
1.24299e-14
1.17712e-14
1.10739e-14
1.033e-14
9.53675e-15
8.69279e-15
7.80935e-15
6.92144e-15
6.12103e-15
5.51174e-15
5.20116e-15
5.23047e-15
5.52784e-15
5.96038e-15
6.41644e-15
6.82738e-15
7.15833e-15
7.40719e-15
7.57144e-15
7.66321e-15
7.69217e-15
7.67126e-15
7.60755e-15
7.51167e-15
7.38737e-15
7.24113e-15
7.0774e-15
6.90137e-15
6.71664e-15
6.51846e-15
6.32375e-15
6.12524e-15
5.92301e-15
5.72498e-15
5.52854e-15
5.33535e-15
5.14722e-15
4.96443e-15
4.78752e-15
4.61674e-15
4.4524e-15
4.29499e-15
4.14448e-15
4.00081e-15
3.86372e-15
3.73335e-15
3.60977e-15
3.49303e-15
3.383e-15
3.27927e-15
3.18191e-15
3.09113e-15
3.0066e-15
2.92786e-15
2.85569e-15
2.78953e-15
2.72971e-15
2.67595e-15
2.62952e-15
2.58758e-15
2.55153e-15
2.52594e-15
2.50828e-15
2.49702e-15
2.49011e-15
2.48775e-15
1.75138e-14
1.7482e-14
1.73928e-14
1.72445e-14
1.70383e-14
1.67751e-14
1.64564e-14
1.60837e-14
1.56596e-14
1.51857e-14
1.4665e-14
1.40997e-14
1.34896e-14
1.28361e-14
1.21421e-14
1.14004e-14
1.0612e-14
9.76594e-15
8.85791e-15
7.89637e-15
6.8687e-15
5.83615e-15
4.91788e-15
4.34759e-15
4.30789e-15
4.7121e-15
5.35221e-15
6.0361e-15
6.66181e-15
7.15728e-15
7.52946e-15
7.78909e-15
7.96392e-15
8.07127e-15
8.12538e-15
8.12977e-15
8.09034e-15
8.01366e-15
7.90671e-15
7.77325e-15
7.61842e-15
7.44659e-15
7.2611e-15
7.06429e-15
6.86365e-15
6.65406e-15
6.43878e-15
6.22137e-15
6.00923e-15
5.79667e-15
5.58808e-15
5.38382e-15
5.18551e-15
4.99316e-15
4.80718e-15
4.62835e-15
4.45731e-15
4.2939e-15
4.13807e-15
3.98997e-15
3.84968e-15
3.71698e-15
3.5924e-15
3.4755e-15
3.36587e-15
3.26359e-15
3.16859e-15
3.08069e-15
2.99962e-15
2.92548e-15
2.85816e-15
2.79759e-15
2.7438e-15
2.69692e-15
2.65586e-15
2.62165e-15
2.59722e-15
2.5806e-15
2.56987e-15
2.56422e-15
2.5623e-15
1.71766e-14
1.71418e-14
1.70433e-14
1.68812e-14
1.66555e-14
1.63663e-14
1.60148e-14
1.56031e-14
1.51331e-14
1.46063e-14
1.40225e-14
1.33865e-14
1.2696e-14
1.19522e-14
1.11537e-14
1.02992e-14
9.38003e-15
8.39237e-15
7.32215e-15
6.17937e-15
5.01825e-15
4.0121e-15
3.55104e-15
3.79281e-15
4.49332e-15
5.35569e-15
6.15482e-15
6.79183e-15
7.27714e-15
7.64978e-15
7.9494e-15
8.17041e-15
8.32582e-15
8.42873e-15
8.48521e-15
8.4979e-15
8.46922e-15
8.40216e-15
8.3017e-15
8.17384e-15
8.02141e-15
7.84898e-15
7.6603e-15
7.45805e-15
7.24776e-15
7.02467e-15
6.80153e-15
6.57794e-15
6.35331e-15
6.12644e-15
5.90366e-15
5.68458e-15
5.47036e-15
5.26187e-15
5.06024e-15
4.86598e-15
4.67904e-15
4.50011e-15
4.32932e-15
4.16697e-15
4.01283e-15
3.86735e-15
3.73068e-15
3.60226e-15
3.48214e-15
3.37017e-15
3.26625e-15
3.17032e-15
3.08225e-15
3.00176e-15
2.9289e-15
2.86366e-15
2.80587e-15
2.75535e-15
2.71217e-15
2.67709e-15
2.65005e-15
2.631e-15
2.61852e-15
2.61122e-15
2.60886e-15
1.66608e-14
1.66306e-14
1.65262e-14
1.63521e-14
1.61092e-14
1.57987e-14
1.54201e-14
1.49759e-14
1.44658e-14
1.38917e-14
1.32548e-14
1.25542e-14
1.17925e-14
1.09688e-14
1.00734e-14
9.10835e-15
8.07163e-15
6.93648e-15
5.72434e-15
4.47098e-15
3.41394e-15
3.0473e-15
3.46196e-15
4.31081e-15
5.21408e-15
5.972e-15
6.58502e-15
7.09791e-15
7.52654e-15
7.88713e-15
8.18769e-15
8.43533e-15
8.61976e-15
8.7435e-15
8.81558e-15
8.84208e-15
8.82631e-15
8.77124e-15
8.68106e-15
8.56051e-15
8.41329e-15
8.24399e-15
8.05558e-15
7.85218e-15
7.63777e-15
7.4116e-15
7.18151e-15
6.9475e-15
6.71025e-15
6.4775e-15
6.24072e-15
6.00933e-15
5.78143e-15
5.55859e-15
5.34194e-15
5.13214e-15
4.92974e-15
4.73525e-15
4.5491e-15
4.37119e-15
4.20194e-15
4.0415e-15
3.89042e-15
3.74814e-15
3.61451e-15
3.48995e-15
3.37419e-15
3.26701e-15
3.16847e-15
3.07836e-15
2.99675e-15
2.92358e-15
2.85872e-15
2.80206e-15
2.7537e-15
2.71405e-15
2.68252e-15
2.65916e-15
2.64312e-15
2.63374e-15
2.63061e-15
1.59896e-14
1.59559e-14
1.58462e-14
1.56627e-14
1.54058e-14
1.50759e-14
1.46742e-14
1.42013e-14
1.36559e-14
1.30403e-14
1.23558e-14
1.15998e-14
1.07752e-14
9.87235e-15
8.89354e-15
7.83026e-15
6.68179e-15
5.44477e-15
4.16954e-15
3.10955e-15
2.75719e-15
3.16789e-15
3.96645e-15
4.76674e-15
5.46869e-15
6.10308e-15
6.6778e-15
7.20085e-15
7.66548e-15
8.0611e-15
8.38612e-15
8.65769e-15
8.86285e-15
9.00757e-15
9.09773e-15
9.13944e-15
9.13682e-15
9.09325e-15
9.01408e-15
8.90236e-15
8.76342e-15
8.59963e-15
8.41535e-15
8.21423e-15
7.99947e-15
7.77466e-15
7.53925e-15
7.30223e-15
7.06019e-15
6.8144e-15
6.57265e-15
6.33019e-15
6.0917e-15
5.85691e-15
5.62754e-15
5.40446e-15
5.1879e-15
4.97879e-15
4.77785e-15
4.5848e-15
4.40034e-15
4.22509e-15
4.05867e-15
3.90125e-15
3.75317e-15
3.61435e-15
3.48468e-15
3.36424e-15
3.25316e-15
3.15101e-15
3.05827e-15
2.97478e-15
2.90037e-15
2.83508e-15
2.7792e-15
2.73239e-15
2.69482e-15
2.66601e-15
2.64576e-15
2.63364e-15
2.62969e-15
1.51614e-14
1.51245e-14
1.50098e-14
1.4817e-14
1.45475e-14
1.42028e-14
1.37799e-14
1.32807e-14
1.27059e-14
1.20535e-14
1.13255e-14
1.05204e-14
9.63754e-15
8.67411e-15
7.6261e-15
6.49586e-15
5.2861e-15
4.06208e-15
3.05159e-15
2.66603e-15
2.89534e-15
3.4413e-15
4.06559e-15
4.72548e-15
5.40718e-15
6.07683e-15
6.70266e-15
7.26354e-15
7.75678e-15
8.17727e-15
8.53026e-15
8.8152e-15
9.03698e-15
9.19956e-15
9.30756e-15
9.36508e-15
9.37631e-15
9.34698e-15
9.28063e-15
9.18059e-15
9.05254e-15
8.89751e-15
8.72063e-15
8.5256e-15
8.31486e-15
8.09157e-15
7.85957e-15
7.61946e-15
7.37765e-15
7.13034e-15
6.87979e-15
6.6285e-15
6.38365e-15
6.13904e-15
5.89994e-15
5.66564e-15
5.4373e-15
5.21563e-15
5.00121e-15
4.79451e-15
4.59602e-15
4.40604e-15
4.22495e-15
4.05274e-15
3.88969e-15
3.73614e-15
3.59178e-15
3.45704e-15
3.33192e-15
3.21648e-15
3.11087e-15
3.01513e-15
2.92943e-15
2.8538e-15
2.7882e-15
2.73295e-15
2.68783e-15
2.65278e-15
2.62778e-15
2.61288e-15
2.60791e-15
1.4178e-14
1.41417e-14
1.40227e-14
1.38225e-14
1.35423e-14
1.31825e-14
1.27406e-14
1.22198e-14
1.1618e-14
1.09352e-14
1.01716e-14
9.32827e-15
8.40168e-15
7.39193e-15
6.31147e-15
5.17623e-15
4.06508e-15
3.19424e-15
2.80488e-15
2.75775e-15
2.88878e-15
3.2281e-15
3.81667e-15
4.54272e-15
5.3016e-15
6.02115e-15
6.68017e-15
7.26717e-15
7.7776e-15
8.21756e-15
8.58545e-15
8.88727e-15
9.12727e-15
9.30739e-15
9.43198e-15
9.50677e-15
9.53538e-15
9.52228e-15
9.47095e-15
9.38554e-15
9.26968e-15
9.12723e-15
8.96107e-15
8.77521e-15
8.57211e-15
8.35497e-15
8.12693e-15
7.88985e-15
7.64672e-15
7.39597e-15
7.14589e-15
6.89314e-15
6.64449e-15
6.3943e-15
6.14801e-15
5.90473e-15
5.66719e-15
5.43523e-15
5.20955e-15
4.99086e-15
4.77974e-15
4.57659e-15
4.38162e-15
4.19536e-15
4.01792e-15
3.84963e-15
3.69071e-15
3.54137e-15
3.40174e-15
3.27215e-15
3.15268e-15
3.04364e-15
2.94533e-15
2.85787e-15
2.78144e-15
2.71636e-15
2.6628e-15
2.62089e-15
2.59062e-15
2.57256e-15
2.56653e-15
1.30554e-14
1.30178e-14
1.2892e-14
1.26845e-14
1.23953e-14
1.20224e-14
1.15668e-14
1.10271e-14
1.04037e-14
9.69576e-15
8.90501e-15
8.03491e-15
7.0924e-15
6.08743e-15
5.0561e-15
4.10596e-15
3.44333e-15
3.16108e-15
2.91521e-15
2.54959e-15
2.41836e-15
2.79438e-15
3.5269e-15
4.35406e-15
5.16348e-15
5.91293e-15
6.58995e-15
7.19083e-15
7.71622e-15
8.16995e-15
8.55382e-15
8.87094e-15
9.12774e-15
9.32587e-15
9.46924e-15
9.56256e-15
9.60936e-15
9.61418e-15
9.58068e-15
9.51212e-15
9.41206e-15
9.28416e-15
9.13198e-15
8.95799e-15
8.76599e-15
8.55841e-15
8.3375e-15
8.10668e-15
7.86686e-15
7.62351e-15
7.37069e-15
7.11815e-15
6.86481e-15
6.61543e-15
6.36367e-15
6.11492e-15
5.87036e-15
5.63061e-15
5.39603e-15
5.16737e-15
4.94543e-15
4.73062e-15
4.52346e-15
4.32431e-15
4.13338e-15
3.95128e-15
3.77823e-15
3.61447e-15
3.46039e-15
3.31644e-15
3.18262e-15
3.05972e-15
2.94798e-15
2.84772e-15
2.75953e-15
2.68383e-15
2.62089e-15
2.57157e-15
2.53607e-15
2.51464e-15
2.5075e-15
Process [2]
1.17907e-14
1.17534e-14
1.16266e-14
1.14147e-14
1.11168e-14
1.0734e-14
1.02658e-14
9.71256e-15
9.0729e-15
8.3533e-15
7.55614e-15
6.69095e-15
5.7862e-15
4.89176e-15
4.1318e-15
3.71212e-15
3.63809e-15
3.39584e-15
2.67591e-15
1.92253e-15
1.78965e-15
2.37332e-15
3.25012e-15
4.13869e-15
4.9722e-15
5.73514e-15
6.4219e-15
7.03126e-15
7.56724e-15
8.03511e-15
8.42904e-15
8.76573e-15
9.03845e-15
9.25491e-15
9.41884e-15
9.53187e-15
9.59894e-15
9.62422e-15
9.61027e-15
9.5614e-15
9.47894e-15
9.36876e-15
9.23241e-15
9.0734e-15
8.89493e-15
8.69918e-15
8.48977e-15
8.26706e-15
8.0353e-15
7.79561e-15
7.55022e-15
7.29987e-15
7.04911e-15
6.79599e-15
6.54205e-15
6.29138e-15
6.04325e-15
5.79711e-15
5.55585e-15
5.31971e-15
5.08871e-15
4.86429e-15
4.64662e-15
4.43603e-15
4.23312e-15
4.03829e-15
3.85202e-15
3.67455e-15
3.50649e-15
3.34826e-15
3.20036e-15
3.06318e-15
2.9376e-15
2.82415e-15
2.72356e-15
2.63638e-15
2.56377e-15
2.50645e-15
2.46492e-15
2.43909e-15
2.43039e-15
1.04019e-14
1.0366e-14
1.02366e-14
1.00208e-14
9.71693e-15
9.32764e-15
8.85179e-15
8.292e-15
7.65427e-15
6.94219e-15
6.17519e-15
5.38883e-15
4.65081e-15
4.10712e-15
3.9557e-15
4.13846e-15
4.06837e-15
3.29974e-15
2.12663e-15
1.2146e-15
1.18885e-15
2.00887e-15
2.97413e-15
3.88692e-15
4.72369e-15
5.48625e-15
6.17537e-15
6.7893e-15
7.33383e-15
7.81022e-15
8.22368e-15
8.5728e-15
8.86397e-15
9.10016e-15
9.28401e-15
9.41921e-15
9.50764e-15
9.55543e-15
9.56251e-15
9.53476e-15
9.47299e-15
9.38224e-15
9.26444e-15
9.12255e-15
8.95986e-15
8.77874e-15
8.58174e-15
8.37129e-15
8.14929e-15
7.91811e-15
7.67927e-15
7.43616e-15
7.18595e-15
6.93554e-15
6.68384e-15
6.43129e-15
6.18134e-15
5.9337e-15
5.68671e-15
5.4455e-15
5.20763e-15
4.97542e-15
4.7491e-15
4.52881e-15
4.3152e-15
4.109e-15
3.91065e-15
3.7206e-15
3.53921e-15
3.36736e-15
3.20561e-15
3.05439e-15
2.91498e-15
2.78791e-15
2.67447e-15
2.57567e-15
2.49235e-15
2.42639e-15
2.37843e-15
2.34927e-15
2.33956e-15
8.90959e-15
8.86241e-15
8.73216e-15
8.51427e-15
8.20925e-15
7.81959e-15
7.34877e-15
6.80031e-15
6.18942e-15
5.53579e-15
4.89155e-15
4.33987e-15
4.03262e-15
4.14245e-15
4.58815e-15
4.77264e-15
4.17713e-15
3.01462e-15
1.76148e-15
8.56534e-16
9.03116e-16
1.76781e-15
2.71565e-15
3.60704e-15
4.42496e-15
5.17691e-15
5.85738e-15
6.47285e-15
7.02855e-15
7.5109e-15
7.93413e-15
8.30137e-15
8.61159e-15
8.86749e-15
9.0729e-15
9.23116e-15
9.34338e-15
9.41313e-15
9.44398e-15
9.43762e-15
9.39843e-15
9.32847e-15
9.23109e-15
9.10839e-15
8.96357e-15
8.79889e-15
8.61688e-15
8.42041e-15
8.21056e-15
7.98996e-15
7.7606e-15
7.524e-15
7.28175e-15
7.03569e-15
6.78818e-15
6.53834e-15
6.28756e-15
6.03693e-15
5.78778e-15
5.54361e-15
5.30065e-15
5.06315e-15
4.82909e-15
4.60122e-15
4.37863e-15
4.16251e-15
3.95355e-15
3.75185e-15
3.55832e-15
3.37373e-15
3.19849e-15
3.0339e-15
2.88068e-15
2.74017e-15
2.61362e-15
2.50249e-15
2.40876e-15
2.33371e-15
2.27793e-15
2.24419e-15
2.23287e-15
7.2928e-15
7.25495e-15
7.12673e-15
6.9126e-15
6.61503e-15
6.23957e-15
5.79421e-15
5.29556e-15
4.77882e-15
4.30216e-15
3.96878e-15
3.92657e-15
4.29364e-15
4.975e-15
5.42959e-15
5.10288e-15
4.1381e-15
3.00687e-15
1.9388e-15
1.19558e-15
1.16553e-15
1.74384e-15
2.52754e-15
3.3315e-15
4.1004e-15
4.82236e-15
5.48969e-15
6.09537e-15
6.64906e-15
7.14184e-15
7.57902e-15
7.96179e-15
8.28981e-15
8.56656e-15
8.79455e-15
8.97475e-15
9.11001e-15
9.20397e-15
9.25858e-15
9.27598e-15
9.25986e-15
9.21298e-15
9.13693e-15
9.03503e-15
8.90971e-15
8.76318e-15
8.59847e-15
8.4171e-15
8.22143e-15
8.01339e-15
7.79519e-15
7.56825e-15
7.33426e-15
7.095e-15
6.85098e-15
6.60581e-15
6.35825e-15
6.10952e-15
5.86071e-15
5.61282e-15
5.36738e-15
5.12636e-15
4.88688e-15
4.6531e-15
4.4229e-15
4.19884e-15
3.98022e-15
3.76851e-15
3.56411e-15
3.36754e-15
3.18007e-15
3.00236e-15
2.83596e-15
2.68209e-15
2.54239e-15
2.41877e-15
2.31368e-15
2.22904e-15
2.16627e-15
2.12704e-15
2.1142e-15
5.59446e-15
5.56039e-15
5.43861e-15
5.2387e-15
4.96769e-15
4.63842e-15
4.27606e-15
3.92574e-15
3.66012e-15
3.58917e-15
3.83253e-15
4.44521e-15
5.31573e-15
6.00167e-15
5.97925e-15
5.29284e-15
4.36903e-15
3.44725e-15
2.60719e-15
1.97888e-15
1.75342e-15
1.96275e-15
2.47005e-15
3.10866e-15
3.78516e-15
4.45476e-15
5.08641e-15
5.67988e-15
6.22673e-15
6.72328e-15
7.16949e-15
7.56506e-15
7.91068e-15
8.20687e-15
8.4555e-15
8.6586e-15
8.81758e-15
8.93623e-15
9.01472e-15
9.05671e-15
9.06423e-15
9.0409e-15
8.98744e-15
8.90717e-15
8.8024e-15
8.67595e-15
8.52919e-15
8.36473e-15
8.18485e-15
7.99104e-15
7.78559e-15
7.57009e-15
7.34605e-15
7.11519e-15
6.8787e-15
6.63773e-15
6.39356e-15
6.14842e-15
5.90188e-15
5.65498e-15
5.40858e-15
5.16445e-15
4.92334e-15
4.68356e-15
4.44881e-15
4.21741e-15
3.99143e-15
3.77086e-15
3.55667e-15
3.34964e-15
3.15062e-15
2.96101e-15
2.7819e-15
2.61486e-15
2.4623e-15
2.32627e-15
2.20863e-15
2.11347e-15
2.04313e-15
1.99991e-15
1.98526e-15
3.82461e-15
3.7977e-15
3.69797e-15
3.54301e-15
3.35285e-15
3.16484e-15
3.03599e-15
3.05059e-15
3.29499e-15
3.82454e-15
4.64752e-15
5.65787e-15
6.51829e-15
6.78037e-15
6.40779e-15
5.73339e-15
4.97569e-15
4.2059e-15
3.4841e-15
2.88027e-15
2.49204e-15
2.39826e-15
2.59616e-15
3.00424e-15
3.52824e-15
4.10145e-15
4.68185e-15
5.24314e-15
5.7741e-15
6.26845e-15
6.71917e-15
7.12472e-15
7.48573e-15
7.79903e-15
8.06839e-15
8.2936e-15
8.4755e-15
8.61725e-15
8.72041e-15
8.7866e-15
8.81876e-15
8.81834e-15
8.78859e-15
8.73065e-15
8.64817e-15
8.54093e-15
8.41379e-15
8.26746e-15
8.1044e-15
7.92623e-15
7.73503e-15
7.5322e-15
7.31963e-15
7.09866e-15
6.87078e-15
6.63759e-15
6.39921e-15
6.15876e-15
5.91592e-15
5.67145e-15
5.42621e-15
5.1812e-15
4.93713e-15
4.69479e-15
4.45548e-15
4.21994e-15
3.98716e-15
3.75966e-15
3.53708e-15
3.32062e-15
3.1116e-15
2.91069e-15
2.7196e-15
2.54017e-15
2.37481e-15
2.22576e-15
2.09589e-15
1.99001e-15
1.91107e-15
1.86215e-15
1.84561e-15
2.03806e-15
2.03513e-15
2.01748e-15
2.0233e-15
2.10455e-15
2.30579e-15
2.67049e-15
3.22716e-15
3.99613e-15
4.9596e-15
6.05306e-15
7.02731e-15
7.5187e-15
7.45386e-15
7.05911e-15
6.49277e-15
5.84314e-15
5.1463e-15
4.45555e-15
3.82578e-15
3.31551e-15
2.99661e-15
2.91208e-15
3.05685e-15
3.37974e-15
3.81561e-15
4.30756e-15
4.81772e-15
5.31868e-15
5.79703e-15
6.24472e-15
6.65521e-15
7.02611e-15
7.35456e-15
7.64162e-15
7.88718e-15
8.09119e-15
8.25589e-15
8.38299e-15
8.47329e-15
8.5294e-15
8.55279e-15
8.54607e-15
8.51173e-15
8.44959e-15
8.36421e-15
8.25686e-15
8.12947e-15
7.98415e-15
7.82249e-15
7.64647e-15
7.45771e-15
7.25776e-15
7.0482e-15
6.83038e-15
6.60554e-15
6.37522e-15
6.13982e-15
5.90177e-15
5.66099e-15
5.41708e-15
5.17324e-15
4.93012e-15
4.68779e-15
4.44576e-15
4.20587e-15
3.96873e-15
3.73562e-15
3.50617e-15
3.2818e-15
3.06367e-15
2.85271e-15
2.65075e-15
2.4592e-15
2.28099e-15
2.11937e-15
1.97775e-15
1.86054e-15
1.77193e-15
1.71526e-15
1.69632e-15
1.05395e-15
1.11906e-15
1.3209e-15
1.66693e-15
2.15884e-15
2.78556e-15
3.53675e-15
4.42242e-15
5.43983e-15
6.56058e-15
7.59383e-15
8.26567e-15
8.48063e-15
8.34751e-15
7.98239e-15
7.46522e-15
6.83686e-15
6.15968e-15
5.45517e-15
4.77766e-15
4.17456e-15
3.69591e-15
3.38734e-15
3.28407e-15
3.37904e-15
3.63588e-15
4.00161e-15
4.42776e-15
4.88021e-15
5.32873e-15
5.76393e-15
6.17138e-15
6.54683e-15
6.88647e-15
7.18835e-15
7.4514e-15
7.67572e-15
7.86162e-15
8.01083e-15
8.12402e-15
8.20356e-15
8.25078e-15
8.26596e-15
8.25378e-15
8.21434e-15
8.15024e-15
8.06335e-15
7.95529e-15
7.82817e-15
7.68388e-15
7.5237e-15
7.34983e-15
7.16356e-15
6.96631e-15
6.75967e-15
6.54478e-15
6.32299e-15
6.09529e-15
5.86304e-15
5.62661e-15
5.38787e-15
5.14708e-15
4.90487e-15
4.6621e-15
4.41947e-15
4.17769e-15
3.93742e-15
3.69956e-15
3.46486e-15
3.23424e-15
3.00822e-15
2.78848e-15
2.57638e-15
2.37375e-15
2.18364e-15
2.00917e-15
1.85459e-15
1.72508e-15
1.62615e-15
1.56244e-15
1.54077e-15
2.11798e-15
2.213e-15
2.50086e-15
2.95496e-15
3.55464e-15
4.28842e-15
5.15063e-15
6.14305e-15
7.23901e-15
8.27549e-15
9.05875e-15
9.48646e-15
9.58063e-15
9.41221e-15
9.03517e-15
8.5054e-15
7.86934e-15
7.1666e-15
6.43499e-15
5.71336e-15
5.03325e-15
4.43962e-15
3.96814e-15
3.65902e-15
3.53576e-15
3.59253e-15
3.79873e-15
4.11046e-15
4.48558e-15
4.88602e-15
5.29386e-15
5.68814e-15
6.06165e-15
6.4066e-15
6.71862e-15
6.99594e-15
7.23712e-15
7.44203e-15
7.61184e-15
7.74647e-15
7.84858e-15
7.91748e-15
7.95551e-15
7.96492e-15
7.94748e-15
7.90438e-15
7.83763e-15
7.74916e-15
7.64077e-15
7.51406e-15
7.37057e-15
7.21219e-15
7.04021e-15
6.85607e-15
6.66162e-15
6.45763e-15
6.24552e-15
6.0264e-15
5.80142e-15
5.57137e-15
5.33759e-15
5.10013e-15
4.86067e-15
4.61969e-15
4.37772e-15
4.13558e-15
3.8937e-15
3.65321e-15
3.4145e-15
3.17874e-15
2.94652e-15
2.71922e-15
2.49839e-15
2.28599e-15
2.08415e-15
1.89619e-15
1.72816e-15
1.58531e-15
1.47489e-15
1.40451e-15
1.3804e-15
4.04359e-15
4.12591e-15
4.38788e-15
4.82503e-15
5.42793e-15
6.18811e-15
7.09778e-15
8.11406e-15
9.10947e-15
9.93133e-15
1.04916e-14
1.07538e-14
1.07432e-14
1.0509e-14
1.00874e-14
9.52148e-15
8.85838e-15
8.1301e-15
7.367e-15
6.6032e-15
5.86769e-15
5.19105e-15
4.60294e-15
4.1388e-15
3.8299e-15
3.69303e-15
3.72268e-15
3.8917e-15
4.16102e-15
4.49243e-15
4.85383e-15
5.22375e-15
5.58483e-15
5.92682e-15
6.24458e-15
6.5309e-15
6.78335e-15
7.00595e-15
7.19489e-15
7.34923e-15
7.47075e-15
7.56064e-15
7.62047e-15
7.65104e-15
7.65445e-15
7.63195e-15
7.58511e-15
7.51618e-15
7.42634e-15
7.31736e-15
7.19072e-15
7.04823e-15
6.89089e-15
6.72095e-15
6.53912e-15
6.34678e-15
6.14524e-15
5.93561e-15
5.71896e-15
5.49632e-15
5.26852e-15
5.03646e-15
4.80099e-15
4.56297e-15
4.32286e-15
4.08157e-15
3.83954e-15
3.59776e-15
3.35655e-15
3.11707e-15
2.88003e-15
2.64662e-15
2.41821e-15
2.19669e-15
1.98407e-15
1.78385e-15
1.60213e-15
1.44515e-15
1.32176e-15
1.24198e-15
1.21409e-15
6.04764e-15
6.12968e-15
6.38957e-15
6.83508e-15
7.45799e-15
8.24477e-15
9.12972e-15
1.00337e-14
1.08384e-14
1.14469e-14
Process [3]
1.18119e-14
1.19299e-14
1.18218e-14
1.15155e-14
1.10457e-14
1.04493e-14
9.76009e-15
9.00806e-15
8.22333e-15
7.42946e-15
6.65137e-15
5.91681e-15
5.24657e-15
4.6736e-15
4.222e-15
3.91886e-15
3.777e-15
3.78903e-15
3.93091e-15
4.16847e-15
4.46404e-15
4.7929e-15
5.12932e-15
5.4604e-15
5.77392e-15
6.06545e-15
6.32871e-15
6.56308e-15
6.76616e-15
6.93798e-15
7.07781e-15
7.1873e-15
7.26655e-15
7.3176e-15
7.34051e-15
7.33787e-15
7.3106e-15
7.2606e-15
7.18912e-15
7.09777e-15
6.98805e-15
6.86149e-15
6.71956e-15
6.56374e-15
6.39508e-15
6.21504e-15
6.02475e-15
5.82538e-15
5.61796e-15
5.40352e-15
5.18289e-15
4.95708e-15
4.7268e-15
4.49295e-15
4.25595e-15
4.01678e-15
3.77595e-15
3.53415e-15
3.29208e-15
3.05035e-15
2.81001e-15
2.57178e-15
2.33715e-15
2.10762e-15
1.88559e-15
1.67444e-15
1.47921e-15
1.30717e-15
1.16894e-15
1.07747e-15
1.04538e-15
7.87354e-15
7.97195e-15
8.25337e-15
8.71808e-15
9.3471e-15
1.00911e-14
1.08894e-14
1.1638e-14
1.22524e-14
1.26805e-14
1.29024e-14
1.2911e-14
1.27252e-14
1.23679e-14
1.1867e-14
1.12502e-14
1.05446e-14
9.78177e-15
8.98261e-15
8.17259e-15
7.36922e-15
6.59707e-15
5.87314e-15
5.22239e-15
4.66784e-15
4.23531e-15
3.94469e-15
3.80477e-15
3.80788e-15
3.93098e-15
4.14325e-15
4.41096e-15
4.70927e-15
5.01747e-15
5.32038e-15
5.60939e-15
5.87728e-15
6.11989e-15
6.33472e-15
6.52061e-15
6.67608e-15
6.80288e-15
6.90015e-15
6.96947e-15
7.01136e-15
7.02726e-15
7.01892e-15
6.98708e-15
6.93336e-15
6.85946e-15
6.76618e-15
6.65587e-15
6.52913e-15
6.38765e-15
6.2326e-15
6.06517e-15
5.88669e-15
5.69814e-15
5.50068e-15
5.29525e-15
5.08271e-15
4.86404e-15
4.64006e-15
4.41125e-15
4.17877e-15
3.94305e-15
3.70463e-15
3.46422e-15
3.22255e-15
2.9802e-15
2.738e-15
2.49675e-15
2.25753e-15
2.02165e-15
1.79121e-15
1.56928e-15
1.36045e-15
1.17229e-15
1.01678e-15
9.1096e-16
8.72962e-16
9.21814e-15
9.32659e-15
9.63628e-15
1.0129e-14
1.07581e-14
1.14546e-14
1.21475e-14
1.27713e-14
1.3255e-14
1.35702e-14
1.36996e-14
1.36458e-14
1.34183e-14
1.30353e-14
1.25205e-14
1.1899e-14
1.11973e-14
1.04378e-14
9.63728e-15
8.82235e-15
8.00757e-15
7.21287e-15
6.4562e-15
5.75563e-15
5.1324e-15
4.60495e-15
4.19637e-15
3.92336e-15
3.79123e-15
3.79168e-15
3.90234e-15
4.0948e-15
4.33922e-15
4.6125e-15
4.89507e-15
5.17325e-15
5.43834e-15
5.68393e-15
5.90639e-15
6.10285e-15
6.2716e-15
6.41253e-15
6.52628e-15
6.61212e-15
6.67166e-15
6.705e-15
6.71397e-15
6.69991e-15
6.66334e-15
6.60586e-15
6.52926e-15
6.4345e-15
6.32287e-15
6.19574e-15
6.05444e-15
5.89999e-15
5.7336e-15
5.55644e-15
5.36946e-15
5.17367e-15
4.96998e-15
4.75927e-15
4.5424e-15
4.31985e-15
4.09287e-15
3.86156e-15
3.62668e-15
3.38939e-15
3.14969e-15
2.90819e-15
2.66571e-15
2.42294e-15
2.18092e-15
1.94051e-15
1.70353e-15
1.47223e-15
1.25086e-15
1.04617e-15
8.70917e-16
7.4694e-16
7.0065e-16
1.00451e-14
1.01608e-14
1.04908e-14
1.09981e-14
1.16203e-14
1.22818e-14
1.29151e-14
1.34582e-14
1.38751e-14
1.41306e-14
1.42186e-14
1.41349e-14
1.38944e-14
1.35106e-14
1.30042e-14
1.23973e-14
1.17098e-14
1.09626e-14
1.01765e-14
9.36961e-15
8.55671e-15
7.75642e-15
6.98493e-15
6.25613e-15
5.58672e-15
4.99469e-15
4.50039e-15
4.11978e-15
3.86843e-15
3.74862e-15
3.7503e-15
3.85292e-15
4.02997e-15
4.25499e-15
4.50562e-15
4.765e-15
5.02083e-15
5.26366e-15
5.48885e-15
5.69177e-15
5.87033e-15
6.02337e-15
6.1504e-15
6.25076e-15
6.32575e-15
6.37481e-15
6.40036e-15
6.40259e-15
6.38236e-15
6.34116e-15
6.2803e-15
6.20066e-15
6.10402e-15
5.99132e-15
5.8636e-15
5.72214e-15
5.56816e-15
5.40263e-15
5.22657e-15
5.04095e-15
4.84672e-15
4.64463e-15
4.4356e-15
4.22045e-15
3.99959e-15
3.77411e-15
3.544e-15
3.31082e-15
3.07425e-15
2.83506e-15
2.59385e-15
2.35141e-15
2.10832e-15
1.86532e-15
1.62374e-15
1.38562e-15
1.15398e-15
9.33487e-16
7.36432e-16
5.87693e-16
5.29914e-16
1.05074e-14
1.06241e-14
1.09582e-14
1.14606e-14
1.2064e-14
1.26976e-14
1.32946e-14
1.38017e-14
1.41819e-14
1.44131e-14
1.44886e-14
1.4406e-14
1.4175e-14
1.38088e-14
1.33256e-14
1.27458e-14
1.20847e-14
1.1366e-14
1.06045e-14
9.81543e-15
9.01675e-15
8.22362e-15
7.44902e-15
6.70664e-15
6.01228e-15
5.3798e-15
4.82518e-15
4.36492e-15
4.0177e-15
3.79069e-15
3.68573e-15
3.69203e-15
3.78997e-15
3.95447e-15
4.16235e-15
4.39284e-15
4.63138e-15
4.86485e-15
5.08829e-15
5.29365e-15
5.4774e-15
5.63941e-15
5.77769e-15
5.89045e-15
5.97864e-15
6.04261e-15
6.08255e-15
6.09967e-15
6.09453e-15
6.06873e-15
6.02281e-15
5.95808e-15
5.8758e-15
5.77699e-15
5.66261e-15
5.53442e-15
5.39284e-15
5.23908e-15
5.07428e-15
4.89921e-15
4.71489e-15
4.52214e-15
4.32173e-15
4.11439e-15
3.90107e-15
3.68194e-15
3.45822e-15
3.22967e-15
2.99812e-15
2.76266e-15
2.52447e-15
2.28405e-15
2.04191e-15
1.79909e-15
1.55606e-15
1.31327e-15
1.07311e-15
8.38846e-16
6.19138e-16
4.38389e-16
3.60683e-16
1.07293e-14
1.0843e-14
1.11657e-14
1.1649e-14
1.2227e-14
1.28313e-14
1.3398e-14
1.38824e-14
1.42482e-14
1.44754e-14
1.45553e-14
1.44884e-14
1.42831e-14
1.3947e-14
1.34995e-14
1.2956e-14
1.23336e-14
1.165e-14
1.09198e-14
1.01604e-14
9.38654e-15
8.61017e-15
7.84394e-15
7.10268e-15
6.39707e-15
5.74252e-15
5.14919e-15
4.63371e-15
4.21395e-15
3.89944e-15
3.69829e-15
3.60985e-15
3.6227e-15
3.71734e-15
3.87221e-15
4.0641e-15
4.27678e-15
4.49531e-15
4.70981e-15
4.91293e-15
5.09956e-15
5.26667e-15
5.41217e-15
5.53495e-15
5.6345e-15
5.71074e-15
5.76382e-15
5.79452e-15
5.80357e-15
5.7916e-15
5.7599e-15
5.7093e-15
5.6408e-15
5.55573e-15
5.45464e-15
5.33908e-15
5.20988e-15
5.06814e-15
4.91466e-15
4.75052e-15
4.5765e-15
4.39355e-15
4.20238e-15
4.00367e-15
3.79831e-15
3.58699e-15
3.36983e-15
3.1483e-15
2.92178e-15
2.69176e-15
2.45869e-15
2.22217e-15
1.9833e-15
1.74233e-15
1.49991e-15
1.25644e-15
1.01315e-15
7.71111e-16
5.33375e-16
3.15418e-16
2.04237e-16
1.07909e-14
1.08981e-14
1.12011e-14
1.16566e-14
1.22017e-14
1.2773e-14
1.33148e-14
1.37795e-14
1.41375e-14
1.43679e-14
1.44621e-14
1.44198e-14
1.42452e-14
1.39488e-14
1.35452e-14
1.30446e-14
1.24643e-14
1.18234e-14
1.11334e-14
1.04102e-14
9.66676e-15
8.91538e-15
8.16853e-15
7.43801e-15
6.73464e-15
6.06907e-15
5.45623e-15
4.90628e-15
4.43478e-15
4.05315e-15
3.77229e-15
3.59803e-15
3.52687e-15
3.54707e-15
3.64001e-15
3.78518e-15
3.96385e-15
4.1596e-15
4.35942e-15
4.55423e-15
4.73939e-15
4.90823e-15
5.05869e-15
5.18855e-15
5.29701e-15
5.38359e-15
5.44794e-15
5.49077e-15
5.51241e-15
5.5138e-15
5.49501e-15
5.45747e-15
5.40212e-15
5.32987e-15
5.24182e-15
5.13877e-15
5.02182e-15
4.89193e-15
4.74996e-15
4.59688e-15
4.43348e-15
4.26065e-15
4.07917e-15
3.88978e-15
3.69321e-15
3.49025e-15
3.28102e-15
3.06681e-15
2.84748e-15
2.62444e-15
2.39702e-15
2.16629e-15
1.93317e-15
1.69733e-15
1.45922e-15
1.21939e-15
9.78276e-16
7.36434e-16
4.94941e-16
2.57269e-16
1.23289e-16
1.07443e-14
1.08422e-14
1.11231e-14
1.15445e-14
1.2053e-14
1.25889e-14
1.31023e-14
1.35489e-14
1.39e-14
1.41372e-14
1.42486e-14
1.4233e-14
1.40933e-14
1.38378e-14
1.34779e-14
1.30255e-14
1.24948e-14
1.19001e-14
1.12549e-14
1.0572e-14
9.86466e-15
9.14427e-15
8.42319e-15
7.71146e-15
7.01891e-15
6.35633e-15
5.73602e-15
5.16605e-15
4.66154e-15
4.23142e-15
3.8893e-15
3.64295e-15
3.49515e-15
3.44103e-15
3.46867e-15
3.55997e-15
3.69697e-15
3.86285e-15
4.04198e-15
4.22394e-15
4.40186e-15
4.56871e-15
4.72093e-15
4.85478e-15
4.96966e-15
5.06447e-15
5.13854e-15
5.19158e-15
5.22426e-15
5.23701e-15
5.23035e-15
5.20524e-15
5.16225e-15
5.10239e-15
5.02659e-15
4.93575e-15
4.83084e-15
4.71263e-15
4.58207e-15
4.44007e-15
4.28752e-15
4.12524e-15
3.95384e-15
3.77423e-15
3.58716e-15
3.39316e-15
3.19276e-15
2.98711e-15
2.77592e-15
2.5608e-15
2.34115e-15
2.11821e-15
1.89261e-15
1.66412e-15
1.43371e-15
1.20201e-15
9.6994e-16
7.38895e-16
5.12429e-16
3.04793e-16
2.00072e-16
1.06243e-14
1.07152e-14
1.097e-14
1.13557e-14
1.18241e-14
1.23234e-14
1.28066e-14
1.3234e-14
1.35781e-14
1.38198e-14
1.39469e-14
1.39571e-14
1.38517e-14
1.36373e-14
1.33228e-14
1.29186e-14
1.24375e-14
1.18909e-14
1.12921e-14
1.06529e-14
9.98655e-15
9.30215e-15
8.61126e-15
7.92432e-15
7.25097e-15
6.59904e-15
5.98041e-15
5.40401e-15
4.87978e-15
4.41898e-15
4.0321e-15
3.72877e-15
3.51568e-15
3.39332e-15
3.35545e-15
3.38956e-15
3.47976e-15
3.60889e-15
3.7617e-15
3.92576e-15
4.09206e-15
4.25229e-15
4.40195e-15
4.53723e-15
4.6557e-15
4.75621e-15
4.83773e-15
4.89947e-15
4.94152e-15
4.9646e-15
4.969e-15
4.95505e-15
4.92365e-15
4.87543e-15
4.81117e-15
4.73209e-15
4.63873e-15
4.53202e-15
4.41287e-15
4.28195e-15
4.14039e-15
3.98869e-15
3.82778e-15
3.65838e-15
3.48123e-15
3.29695e-15
3.10637e-15
2.90986e-15
2.70817e-15
2.50204e-15
2.2919e-15
2.07808e-15
1.86204e-15
1.64371e-15
1.42415e-15
1.20484e-15
9.87383e-16
7.75584e-16
5.776e-16
4.16613e-16
3.47586e-16
1.04553e-14
1.05338e-14
1.07664e-14
1.1118e-14
1.15462e-14
1.20078e-14
1.24591e-14
1.28649e-14
1.31991e-14
1.34419e-14
1.35828e-14
1.36161e-14
1.35431e-14
1.33675e-14
1.30964e-14
1.27391e-14
1.23067e-14
1.18083e-14
1.12577e-14
1.06643e-14
1.00401e-14
9.3947e-15
8.73823e-15
8.08073e-15
7.42969e-15
6.79585e-15
6.18831e-15
5.61299e-15
5.08167e-15
4.6022e-15
4.18624e-15
3.8406e-15
3.57536e-15
3.39415e-15
3.29544e-15
3.27207e-15
3.31191e-15
3.39991e-15
3.52151e-15
3.66244e-15
3.81227e-15
3.96192e-15
4.10577e-15
4.23905e-15
4.35861e-15
4.4624e-15
4.54872e-15
4.61728e-15
4.66776e-15
4.69952e-15
4.71308e-15
4.70931e-15
4.68841e-15
4.65098e-15
4.59786e-15
4.52989e-15
4.44765e-15
4.35215e-15
4.24401e-15
4.1242e-15
3.99361e-15
3.85266e-15
3.70247e-15
3.54368e-15
3.3769e-15
3.20298e-15
3.02249e-15
2.83636e-15
2.64496e-15
2.449e-15
2.24943e-15
2.04686e-15
1.84184e-15
1.63585e-15
1.42996e-15
1.22602e-15
1.02733e-15
8.39171e-16
6.72594e-16
5.48717e-16
5.00979e-16
Process [4]
1.0253e-14
1.03252e-14
1.0533e-14
1.08486e-14
1.12393e-14
1.16622e-14
1.20817e-14
1.24644e-14
1.27855e-14
1.30267e-14
1.31761e-14
1.32299e-14
1.31852e-14
1.30448e-14
1.28146e-14
1.25018e-14
1.21155e-14
1.16654e-14
1.11612e-14
1.0614e-14
1.0033e-14
9.42788e-15
8.80858e-15
8.18296e-15
7.56003e-15
6.9495e-15
6.35679e-15
5.79105e-15
5.26116e-15
4.77367e-15
4.33913e-15
3.9653e-15
3.66113e-15
3.43237e-15
3.28015e-15
3.20305e-15
3.19264e-15
3.23701e-15
3.32253e-15
3.43539e-15
3.56454e-15
3.69991e-15
3.83418e-15
3.9628e-15
4.08041e-15
4.18503e-15
4.27452e-15
4.34781e-15
4.40421e-15
4.4432e-15
4.46532e-15
4.47038e-15
4.45894e-15
4.43138e-15
4.38852e-15
4.33085e-15
4.25936e-15
4.17464e-15
4.07731e-15
3.96842e-15
3.84863e-15
3.71857e-15
3.57924e-15
3.4312e-15
3.27523e-15
3.11214e-15
2.94258e-15
2.76718e-15
2.58702e-15
2.40234e-15
2.21449e-15
2.0239e-15
1.83209e-15
1.64006e-15
1.44974e-15
1.26367e-15
1.08509e-15
9.21517e-16
7.83098e-16
6.86506e-16
6.51362e-16
1.00292e-14
1.00959e-14
1.0276e-14
1.05645e-14
1.0916e-14
1.13031e-14
1.16888e-14
1.20471e-14
1.23536e-14
1.25908e-14
1.27464e-14
1.28143e-14
1.27934e-14
1.26846e-14
1.24907e-14
1.22192e-14
1.18766e-14
1.14715e-14
1.10135e-14
1.05113e-14
9.97342e-15
9.40962e-15
8.83031e-15
8.23927e-15
7.64506e-15
7.05969e-15
6.48764e-15
5.93617e-15
5.4134e-15
4.92635e-15
4.4835e-15
4.09272e-15
3.76117e-15
3.49551e-15
3.29981e-15
3.17539e-15
3.11741e-15
3.11771e-15
3.16501e-15
3.24697e-15
3.35162e-15
3.46886e-15
3.59074e-15
3.71051e-15
3.82338e-15
3.92652e-15
4.01659e-15
4.09256e-15
4.15348e-15
4.19803e-15
4.22694e-15
4.23961e-15
4.23645e-15
4.21802e-15
4.18465e-15
4.13678e-15
4.07538e-15
4.00096e-15
3.91417e-15
3.81588e-15
3.70675e-15
3.5876e-15
3.4591e-15
3.32207e-15
3.17719e-15
3.02526e-15
2.86705e-15
2.70314e-15
2.53465e-15
2.3623e-15
2.18681e-15
2.0097e-15
1.8319e-15
1.65523e-15
1.48146e-15
1.3138e-15
1.15683e-15
1.01671e-15
9.02606e-16
8.26292e-16
7.99196e-16
9.79325e-15
9.85113e-15
1.0018e-14
1.02652e-14
1.05888e-14
1.09368e-14
1.12951e-14
1.16263e-14
1.19159e-14
1.21453e-14
1.23024e-14
1.23824e-14
1.23809e-14
1.22993e-14
1.21375e-14
1.19028e-14
1.16006e-14
1.12384e-14
1.08235e-14
1.03644e-14
9.86882e-15
9.34586e-15
8.80259e-15
8.24756e-15
7.68751e-15
7.12948e-15
6.58098e-15
6.0485e-15
5.53878e-15
5.05834e-15
4.61509e-15
4.21483e-15
3.86586e-15
3.57401e-15
3.3449e-15
3.18061e-15
3.0804e-15
3.03886e-15
3.04775e-15
3.09649e-15
3.17389e-15
3.26994e-15
3.37585e-15
3.48426e-15
3.58975e-15
3.68852e-15
3.7773e-15
3.85394e-15
3.91702e-15
3.96608e-15
4.00019e-15
4.01928e-15
4.02345e-15
4.01279e-15
3.98802e-15
3.94919e-15
3.89727e-15
3.83263e-15
3.7559e-15
3.66794e-15
3.5693e-15
3.46094e-15
3.34327e-15
3.21725e-15
3.08361e-15
2.94311e-15
2.79652e-15
2.64461e-15
2.4884e-15
2.3288e-15
2.16662e-15
2.00346e-15
1.84047e-15
1.67965e-15
1.52303e-15
1.37424e-15
1.23739e-15
1.11808e-15
1.0238e-15
9.62492e-16
9.41003e-16
9.54964e-15
9.60056e-15
9.7493e-15
9.97467e-15
1.02552e-14
1.05798e-14
1.08969e-14
1.12029e-14
1.14752e-14
1.16968e-14
1.18569e-14
1.19441e-14
1.19576e-14
1.18962e-14
1.1764e-14
1.15624e-14
1.12978e-14
1.0974e-14
1.05993e-14
1.0182e-14
9.72725e-15
9.24385e-15
8.73883e-15
8.21925e-15
7.69184e-15
7.16331e-15
6.6404e-15
6.12884e-15
5.63598e-15
5.16726e-15
4.72874e-15
4.32686e-15
3.96869e-15
3.6601e-15
3.40617e-15
3.21055e-15
3.07435e-15
2.99525e-15
2.96746e-15
2.98277e-15
3.03143e-15
3.10392e-15
3.19096e-15
3.28526e-15
3.38073e-15
3.47302e-15
3.55801e-15
3.63324e-15
3.69725e-15
3.74858e-15
3.78658e-15
3.81059e-15
3.82088e-15
3.81725e-15
3.79992e-15
3.76936e-15
3.72616e-15
3.67073e-15
3.6036e-15
3.52561e-15
3.43731e-15
3.33933e-15
3.2325e-15
3.11749e-15
2.99518e-15
2.86624e-15
2.73149e-15
2.59189e-15
2.44836e-15
2.30168e-15
2.15338e-15
2.00446e-15
1.85666e-15
1.71198e-15
1.57235e-15
1.44133e-15
1.32291e-15
1.22186e-15
1.14332e-15
1.09348e-15
1.07617e-15
9.30266e-15
9.34768e-15
9.47907e-15
9.6837e-15
9.92936e-15
1.02212e-14
1.05087e-14
1.08012e-14
1.10536e-14
1.12525e-14
1.14126e-14
1.15021e-14
1.15289e-14
1.14876e-14
1.13792e-14
1.12062e-14
1.09738e-14
1.06865e-14
1.03492e-14
9.97039e-15
9.55434e-15
9.10997e-15
8.64152e-15
8.15653e-15
7.66206e-15
7.1641e-15
6.66851e-15
6.18034e-15
5.70689e-15
5.25276e-15
4.82366e-15
4.42543e-15
4.06512e-15
3.74678e-15
3.476e-15
3.25724e-15
3.09221e-15
2.98099e-15
2.91979e-15
2.90301e-15
2.92257e-15
2.96992e-15
3.0364e-15
3.11451e-15
3.19773e-15
3.28081e-15
3.35993e-15
3.43215e-15
3.4949e-15
3.54707e-15
3.58743e-15
3.61513e-15
3.63024e-15
3.63244e-15
3.62176e-15
3.59875e-15
3.56344e-15
3.51653e-15
3.45854e-15
3.39e-15
3.31149e-15
3.22376e-15
3.12752e-15
3.02351e-15
2.91238e-15
2.79501e-15
2.67225e-15
2.54501e-15
2.41419e-15
2.28086e-15
2.14642e-15
2.01186e-15
1.87917e-15
1.75016e-15
1.62726e-15
1.51257e-15
1.4105e-15
1.32474e-15
1.25956e-15
1.21822e-15
1.20424e-15
9.05545e-15
9.09565e-15
9.21163e-15
9.39265e-15
9.61236e-15
9.87424e-15
1.01345e-14
1.03977e-14
1.06322e-14
1.08219e-14
1.09758e-14
1.10671e-14
1.11022e-14
1.10767e-14
1.0988e-14
1.08407e-14
1.06377e-14
1.03831e-14
1.00803e-14
9.73826e-15
9.35877e-15
8.94688e-15
8.5147e-15
8.0658e-15
7.60292e-15
7.13545e-15
6.66795e-15
6.20495e-15
5.75179e-15
5.31533e-15
4.89901e-15
4.50938e-15
4.15106e-15
3.82911e-15
3.54884e-15
3.3138e-15
3.1269e-15
2.98928e-15
2.8995e-15
2.85328e-15
2.84488e-15
2.86694e-15
2.9117e-15
2.97179e-15
3.04074e-15
3.11302e-15
3.18441e-15
3.25137e-15
3.31141e-15
3.36269e-15
3.40377e-15
3.43391e-15
3.45262e-15
3.45953e-15
3.45464e-15
3.43786e-15
3.40999e-15
3.37097e-15
3.32143e-15
3.26182e-15
3.19279e-15
3.11493e-15
3.02897e-15
2.93558e-15
2.83564e-15
2.72977e-15
2.61888e-15
2.50387e-15
2.38581e-15
2.26582e-15
2.14485e-15
2.02471e-15
1.90662e-15
1.79251e-15
1.68486e-15
1.58616e-15
1.49885e-15
1.42539e-15
1.3705e-15
1.33642e-15
1.32487e-15
8.81027e-15
8.84614e-15
8.9486e-15
9.10268e-15
9.30517e-15
9.53906e-15
9.7747e-15
1.00064e-14
1.02213e-14
1.04065e-14
1.05494e-14
1.06424e-14
1.06825e-14
1.06657e-14
1.05962e-14
1.04707e-14
1.02934e-14
1.00678e-14
9.7965e-15
9.48769e-15
9.14242e-15
8.76499e-15
8.36733e-15
7.94817e-15
7.52062e-15
7.08202e-15
6.64182e-15
6.20372e-15
5.77478e-15
5.35557e-15
4.95576e-15
4.57768e-15
4.22531e-15
3.90479e-15
3.62023e-15
3.3752e-15
3.17282e-15
3.01465e-15
2.9011e-15
2.82927e-15
2.79506e-15
2.79273e-15
2.81548e-15
2.85665e-15
2.90999e-15
2.96975e-15
3.03172e-15
3.09165e-15
3.14727e-15
3.19625e-15
3.23687e-15
3.26797e-15
3.28885e-15
3.29941e-15
3.29917e-15
3.28815e-15
3.26645e-15
3.23463e-15
3.19288e-15
3.14173e-15
3.08156e-15
3.01324e-15
2.93722e-15
2.85427e-15
2.76502e-15
2.67041e-15
2.57119e-15
2.46833e-15
2.36275e-15
2.25557e-15
2.14811e-15
2.04151e-15
1.93746e-15
1.83779e-15
1.74407e-15
1.65857e-15
1.58426e-15
1.52311e-15
1.47748e-15
1.44924e-15
1.43967e-15
8.56822e-15
8.59995e-15
8.68973e-15
8.82564e-15
9.00766e-15
9.20912e-15
9.428e-15
9.63899e-15
9.8349e-15
1.00037e-14
1.01354e-14
1.0226e-14
1.02698e-14
1.02644e-14
1.02076e-14
1.01013e-14
9.94638e-15
9.7461e-15
9.50397e-15
9.22389e-15
8.90982e-15
8.56587e-15
8.19956e-15
7.81331e-15
7.4166e-15
7.00824e-15
6.59227e-15
6.18236e-15
5.77451e-15
5.37978e-15
4.99677e-15
4.62973e-15
4.28799e-15
3.97195e-15
3.68737e-15
3.43749e-15
3.22471e-15
3.05188e-15
2.91942e-15
2.82622e-15
2.76927e-15
2.74429e-15
2.74582e-15
2.76789e-15
2.80471e-15
2.85088e-15
2.90189e-15
2.95374e-15
3.00327e-15
3.04836e-15
3.08682e-15
3.11786e-15
3.13996e-15
3.15281e-15
3.15621e-15
3.1499e-15
3.13382e-15
3.1082e-15
3.07358e-15
3.03019e-15
2.97852e-15
2.91902e-15
2.85251e-15
2.77946e-15
2.70069e-15
2.61693e-15
2.52902e-15
2.43783e-15
2.3444e-15
2.2497e-15
2.15491e-15
2.06142e-15
1.97058e-15
1.88377e-15
1.80306e-15
1.73034e-15
1.66731e-15
1.61485e-15
1.57615e-15
1.5525e-15
1.54452e-15
8.33036e-15
8.35779e-15
8.43397e-15
8.55819e-15
8.71738e-15
8.89809e-15
9.08912e-15
9.2806e-15
9.4586e-15
9.61412e-15
9.73843e-15
9.82546e-15
9.87057e-15
9.87109e-15
9.82622e-15
9.73553e-15
9.60038e-15
9.42293e-15
9.2062e-15
8.95333e-15
8.66821e-15
8.35593e-15
8.01944e-15
7.66461e-15
7.29325e-15
6.91354e-15
6.52821e-15
6.14134e-15
5.75689e-15
5.38495e-15
5.01661e-15
4.66934e-15
4.33514e-15
4.02801e-15
3.74675e-15
3.49725e-15
3.27954e-15
3.09663e-15
2.94993e-15
2.83946e-15
2.76331e-15
2.71828e-15
2.70004e-15
2.70363e-15
2.72386e-15
2.75574e-15
2.79475e-15
2.83713e-15
2.8796e-15
2.91943e-15
2.95483e-15
2.98413e-15
3.00624e-15
3.02055e-15
3.02639e-15
3.02363e-15
3.01229e-15
2.99229e-15
2.96397e-15
2.92765e-15
2.88362e-15
2.83258e-15
2.77484e-15
2.71129e-15
2.64244e-15
2.56907e-15
2.49195e-15
2.41196e-15
2.33e-15
2.2472e-15
2.16445e-15
2.08314e-15
2.00437e-15
1.9297e-15
1.86076e-15
1.79844e-15
1.7444e-15
1.70105e-15
1.66916e-15
1.64946e-15
1.6428e-15
8.09744e-15
8.12118e-15
8.18784e-15
8.29806e-15
8.43489e-15
8.59718e-15
8.76913e-15
8.93996e-15
9.10049e-15
9.24164e-15
9.3566e-15
9.43868e-15
9.48393e-15
9.48934e-15
9.45368e-15
9.37619e-15
9.25809e-15
9.10084e-15
8.90692e-15
8.679e-15
8.42068e-15
8.13553e-15
7.82733e-15
7.50033e-15
7.15934e-15
6.80652e-15
6.44789e-15
6.0859e-15
5.72543e-15
5.37105e-15
5.02636e-15
4.69291e-15
4.37218e-15
4.07571e-15
3.80047e-15
3.55514e-15
3.33253e-15
3.14524e-15
2.98933e-15
2.86548e-15
2.77349e-15
2.71136e-15
2.67526e-15
2.66157e-15
2.66564e-15
2.68309e-15
2.70967e-15
2.74172e-15
2.77581e-15
2.80944e-15
2.84033e-15
2.86691e-15
2.88795e-15
2.90258e-15
2.9099e-15
2.90994e-15
2.90227e-15
2.88698e-15
2.86416e-15
2.83413e-15
2.7972e-15
2.75375e-15
2.7044e-15
2.64962e-15
2.59004e-15
2.52643e-15
2.45949e-15
2.39005e-15
2.31893e-15
2.24713e-15
2.17568e-15
2.10551e-15
2.03794e-15
1.97419e-15
1.91526e-15
1.86238e-15
1.81746e-15
1.78103e-15
1.75428e-15
1.73803e-15
1.73249e-15
7.86718e-15
7.88795e-15
7.94805e-15
8.0419e-15
8.16622e-15
8.30748e-15
8.45941e-15
8.61229e-15
8.75701e-15
8.88527e-15
Process [5]
8.99055e-15
9.06732e-15
9.11143e-15
9.11999e-15
9.09155e-15
9.02537e-15
8.92204e-15
8.78242e-15
8.60875e-15
8.4035e-15
8.16949e-15
7.90975e-15
7.6285e-15
7.32814e-15
7.01299e-15
6.68701e-15
6.35371e-15
6.01635e-15
5.67913e-15
5.34546e-15
5.01876e-15
4.70223e-15
4.39951e-15
4.11333e-15
3.84692e-15
3.60619e-15
3.38532e-15
3.19422e-15
3.03446e-15
2.8996e-15
2.79614e-15
2.71965e-15
2.66883e-15
2.63905e-15
2.62807e-15
2.63147e-15
2.64548e-15
2.6666e-15
2.69173e-15
2.71816e-15
2.74373e-15
2.76661e-15
2.78541e-15
2.79915e-15
2.80709e-15
2.80879e-15
2.80394e-15
2.79242e-15
2.77432e-15
2.74973e-15
2.71909e-15
2.68256e-15
2.64075e-15
2.59406e-15
2.54314e-15
2.48859e-15
2.43109e-15
2.37141e-15
2.31038e-15
2.24872e-15
2.18753e-15
2.12767e-15
2.0701e-15
2.016e-15
1.96614e-15
1.92173e-15
1.88409e-15
1.85383e-15
1.83152e-15
1.81802e-15
1.81342e-15
7.64227e-15
7.66033e-15
7.71381e-15
7.7957e-15
7.90289e-15
8.02842e-15
8.16328e-15
8.29935e-15
8.42876e-15
8.54451e-15
8.6404e-15
8.71129e-15
8.7535e-15
8.76414e-15
8.74137e-15
8.68461e-15
8.59385e-15
8.47009e-15
8.31483e-15
8.12996e-15
7.91818e-15
7.68198e-15
7.42485e-15
7.14973e-15
6.85979e-15
6.55881e-15
6.25011e-15
5.93667e-15
5.62195e-15
5.30958e-15
5.00283e-15
4.70404e-15
4.4163e-15
4.1436e-15
3.88762e-15
3.65095e-15
3.43724e-15
3.24668e-15
3.08146e-15
2.94143e-15
2.82854e-15
2.74073e-15
2.67706e-15
2.63376e-15
2.60906e-15
2.59912e-15
2.60081e-15
2.61101e-15
2.62664e-15
2.64512e-15
2.6645e-15
2.68269e-15
2.69836e-15
2.71045e-15
2.71791e-15
2.72038e-15
2.71734e-15
2.70872e-15
2.69441e-15
2.67453e-15
2.64918e-15
2.61889e-15
2.58374e-15
2.54438e-15
2.5013e-15
2.45498e-15
2.40609e-15
2.35538e-15
2.30347e-15
2.25105e-15
2.19926e-15
2.14845e-15
2.09996e-15
2.05443e-15
2.01236e-15
1.97557e-15
1.94403e-15
1.91898e-15
1.9003e-15
1.88825e-15
1.88429e-15
7.42175e-15
7.4375e-15
7.48328e-15
7.55651e-15
7.6508e-15
7.76061e-15
7.87939e-15
7.99977e-15
8.11512e-15
8.21902e-15
8.3057e-15
8.37076e-15
8.4105e-15
8.42203e-15
8.40381e-15
8.35491e-15
8.27518e-15
8.16526e-15
8.02629e-15
7.86004e-15
7.66849e-15
7.45425e-15
7.21982e-15
6.96822e-15
6.70197e-15
6.42462e-15
6.13919e-15
5.84871e-15
5.55627e-15
5.26438e-15
4.97696e-15
4.69603e-15
4.42468e-15
4.1652e-15
3.92055e-15
3.69261e-15
3.48389e-15
3.29613e-15
3.13063e-15
2.98848e-15
2.86896e-15
2.77257e-15
2.69825e-15
2.64294e-15
2.60612e-15
2.58404e-15
2.57404e-15
2.57343e-15
2.57945e-15
2.58986e-15
2.60241e-15
2.61522e-15
2.62674e-15
2.63602e-15
2.64228e-15
2.64436e-15
2.64241e-15
2.63571e-15
2.62425e-15
2.60811e-15
2.58736e-15
2.56221e-15
2.53303e-15
2.50012e-15
2.46392e-15
2.42504e-15
2.38395e-15
2.34109e-15
2.29745e-15
2.25347e-15
2.2097e-15
2.16738e-15
2.12656e-15
2.08862e-15
2.05358e-15
2.02298e-15
1.9969e-15
1.97609e-15
1.96026e-15
1.95059e-15
1.94745e-15
7.20608e-15
7.21912e-15
7.2587e-15
7.32174e-15
7.40449e-15
7.50125e-15
7.60598e-15
7.71262e-15
7.81521e-15
7.90798e-15
7.98606e-15
8.04534e-15
8.08217e-15
8.09414e-15
8.07948e-15
8.03723e-15
7.96705e-15
7.8694e-15
7.74509e-15
7.59567e-15
7.42264e-15
7.22847e-15
7.01509e-15
6.78528e-15
6.54162e-15
6.28697e-15
6.02403e-15
5.75555e-15
5.48415e-15
5.21303e-15
4.9446e-15
4.68135e-15
4.42592e-15
4.18095e-15
3.94835e-15
3.73003e-15
3.52854e-15
3.34539e-15
3.18138e-15
3.03745e-15
2.91447e-15
2.81195e-15
2.72914e-15
2.66492e-15
2.61728e-15
2.58423e-15
2.56349e-15
2.55263e-15
2.54916e-15
2.55102e-15
2.55626e-15
2.5631e-15
2.57e-15
2.57578e-15
2.57977e-15
2.58081e-15
2.57889e-15
2.57312e-15
2.56365e-15
2.55036e-15
2.53318e-15
2.51239e-15
2.48819e-15
2.46081e-15
2.43064e-15
2.39812e-15
2.36388e-15
2.32817e-15
2.29157e-15
2.2551e-15
2.21854e-15
2.18315e-15
2.14946e-15
2.11771e-15
2.08898e-15
2.06352e-15
2.04219e-15
2.0249e-15
2.01189e-15
2.00402e-15
2.00149e-15
6.99233e-15
7.00428e-15
7.03938e-15
7.09457e-15
7.16631e-15
7.25078e-15
7.3429e-15
7.43706e-15
7.52797e-15
7.61067e-15
7.68075e-15
7.73429e-15
7.76838e-15
7.7803e-15
7.76851e-15
7.73196e-15
7.67027e-15
7.58366e-15
7.47269e-15
7.33826e-15
7.18261e-15
7.00679e-15
6.81291e-15
6.60363e-15
6.38135e-15
6.14796e-15
5.9064e-15
5.65905e-15
5.40832e-15
5.15695e-15
4.90723e-15
4.66157e-15
4.42224e-15
4.19168e-15
3.97151e-15
3.764e-15
3.57053e-15
3.39292e-15
3.23231e-15
3.0893e-15
2.96456e-15
2.85796e-15
2.76917e-15
2.69718e-15
2.64073e-15
2.5982e-15
2.56768e-15
2.54706e-15
2.53446e-15
2.52791e-15
2.5256e-15
2.52595e-15
2.52758e-15
2.52932e-15
2.53019e-15
2.52934e-15
2.52641e-15
2.5208e-15
2.51234e-15
2.50088e-15
2.4864e-15
2.46897e-15
2.44875e-15
2.42594e-15
2.40083e-15
2.37377e-15
2.3452e-15
2.31573e-15
2.28531e-15
2.25514e-15
2.22486e-15
2.19551e-15
2.16781e-15
2.1416e-15
2.11803e-15
2.0971e-15
2.07961e-15
2.06544e-15
2.05479e-15
2.04837e-15
2.04629e-15
6.78226e-15
6.79279e-15
6.82315e-15
6.8707e-15
6.93408e-15
7.00807e-15
7.08894e-15
7.17191e-15
7.25241e-15
7.32603e-15
7.38885e-15
7.43735e-15
7.46857e-15
7.48036e-15
7.471e-15
7.4395e-15
7.38537e-15
7.30859e-15
7.20968e-15
7.08959e-15
6.94951e-15
6.79081e-15
6.61564e-15
6.42574e-15
6.22307e-15
6.00985e-15
5.78857e-15
5.56152e-15
5.33078e-15
5.09863e-15
4.86738e-15
4.63874e-15
4.41575e-15
4.19951e-15
3.99232e-15
3.79586e-15
3.61141e-15
3.44047e-15
3.28418e-15
3.14322e-15
3.0184e-15
2.90964e-15
2.81647e-15
2.73854e-15
2.67491e-15
2.62419e-15
2.58488e-15
2.55542e-15
2.53414e-15
2.51935e-15
2.50953e-15
2.50319e-15
2.49904e-15
2.49596e-15
2.49303e-15
2.48952e-15
2.48475e-15
2.47836e-15
2.46991e-15
2.45939e-15
2.44656e-15
2.4315e-15
2.41426e-15
2.39501e-15
2.37397e-15
2.35139e-15
2.32776e-15
2.30318e-15
2.27794e-15
2.25304e-15
2.22805e-15
2.20394e-15
2.18113e-15
2.15962e-15
2.14034e-15
2.12321e-15
2.10892e-15
2.09736e-15
2.08872e-15
2.08347e-15
2.08178e-15
6.5753e-15
6.584e-15
6.60985e-15
6.65227e-15
6.707e-15
6.77211e-15
6.84324e-15
6.91647e-15
6.98779e-15
7.05346e-15
7.10971e-15
7.15355e-15
7.18237e-15
7.19401e-15
7.1869e-15
7.16e-15
7.11274e-15
7.04512e-15
6.95735e-15
6.85022e-15
6.72474e-15
6.58222e-15
6.42428e-15
6.25236e-15
6.06853e-15
5.87475e-15
5.67281e-15
5.46503e-15
5.25335e-15
5.03986e-15
4.82646e-15
4.61508e-15
4.40761e-15
4.20586e-15
4.01157e-15
3.82624e-15
3.6512e-15
3.48779e-15
3.33709e-15
3.19954e-15
3.07602e-15
2.96616e-15
2.8703e-15
2.78799e-15
2.71844e-15
2.66084e-15
2.61397e-15
2.57646e-15
2.54707e-15
2.52441e-15
2.50711e-15
2.49388e-15
2.48362e-15
2.47526e-15
2.46793e-15
2.46091e-15
2.45358e-15
2.44543e-15
2.43618e-15
2.42553e-15
2.4134e-15
2.39967e-15
2.38441e-15
2.3677e-15
2.3497e-15
2.33059e-15
2.31058e-15
2.28999e-15
2.26911e-15
2.24829e-15
2.22766e-15
2.20796e-15
2.189e-15
2.17149e-15
2.15561e-15
2.14163e-15
2.12992e-15
2.1205e-15
2.11348e-15
2.10924e-15
2.10786e-15
6.36856e-15
6.37619e-15
6.39992e-15
6.43623e-15
6.48465e-15
6.54185e-15
6.60459e-15
6.66948e-15
6.73297e-15
6.79164e-15
6.8424e-15
6.88235e-15
6.90919e-15
6.92088e-15
6.91597e-15
6.89343e-15
6.85268e-15
6.79357e-15
6.71634e-15
6.62136e-15
6.50972e-15
6.38233e-15
6.24064e-15
6.08593e-15
5.91979e-15
5.74436e-15
5.56096e-15
5.37173e-15
5.17832e-15
4.98279e-15
4.78668e-15
4.59158e-15
4.39968e-15
4.21246e-15
4.03107e-15
3.85751e-15
3.69223e-15
3.53671e-15
3.39186e-15
3.25838e-15
3.13689e-15
3.02749e-15
2.93019e-15
2.84469e-15
2.77063e-15
2.70728e-15
2.65374e-15
2.60915e-15
2.57231e-15
2.54214e-15
2.51751e-15
2.49741e-15
2.48076e-15
2.4667e-15
2.45442e-15
2.44322e-15
2.43249e-15
2.42179e-15
2.41074e-15
2.39906e-15
2.38658e-15
2.37319e-15
2.35886e-15
2.34362e-15
2.32756e-15
2.31082e-15
2.29352e-15
2.27591e-15
2.25823e-15
2.24055e-15
2.22346e-15
2.20686e-15
2.19116e-15
2.17677e-15
2.16357e-15
2.15217e-15
2.14244e-15
2.13475e-15
2.129e-15
2.12559e-15
2.12444e-15
6.1636e-15
6.17016e-15
6.19091e-15
6.22328e-15
6.26588e-15
6.3165e-15
6.3722e-15
6.42996e-15
6.48684e-15
6.53985e-15
6.58601e-15
6.62288e-15
6.6483e-15
6.66047e-15
6.65797e-15
6.63978e-15
6.60536e-15
6.55442e-15
6.48712e-15
6.40378e-15
6.30507e-15
6.19199e-15
6.06561e-15
5.92734e-15
5.77835e-15
5.62025e-15
5.45473e-15
5.28319e-15
5.10776e-15
4.92934e-15
4.74993e-15
4.57101e-15
4.39415e-15
4.22092e-15
4.05247e-15
3.88999e-15
3.73463e-15
3.58733e-15
3.44933e-15
3.32078e-15
3.20216e-15
3.09368e-15
2.99581e-15
2.90832e-15
2.83075e-15
2.76274e-15
2.70356e-15
2.65258e-15
2.60889e-15
2.57163e-15
2.53999e-15
2.51301e-15
2.48986e-15
2.4698e-15
2.45208e-15
2.43608e-15
2.42126e-15
2.40714e-15
2.39341e-15
2.37972e-15
2.3659e-15
2.3518e-15
2.33735e-15
2.32252e-15
2.30731e-15
2.29184e-15
2.27623e-15
2.26048e-15
2.24497e-15
2.22962e-15
2.21487e-15
2.20064e-15
2.1874e-15
2.17514e-15
2.16411e-15
2.15446e-15
2.14632e-15
2.13993e-15
2.13522e-15
2.1324e-15
2.13144e-15
5.95967e-15
5.96536e-15
5.9827e-15
6.01166e-15
6.04968e-15
6.09491e-15
6.14492e-15
6.197e-15
6.2486e-15
6.29699e-15
6.33966e-15
6.37438e-15
6.39921e-15
6.41236e-15
6.41262e-15
6.39901e-15
6.3709e-15
6.32802e-15
6.27025e-15
6.19808e-15
6.11206e-15
6.01281e-15
5.90106e-15
5.77847e-15
5.64579e-15
5.50459e-15
5.35607e-15
5.20163e-15
5.04294e-15
4.88131e-15
4.71803e-15
4.55493e-15
4.39273e-15
4.23312e-15
4.07717e-15
3.92622e-15
3.78069e-15
3.64192e-15
3.51036e-15
3.38697e-15
3.27181e-15
3.16539e-15
3.06785e-15
2.97906e-15
2.89865e-15
2.82673e-15
2.76284e-15
2.70618e-15
2.65624e-15
2.61244e-15
2.57395e-15
2.54025e-15
2.51055e-15
2.48415e-15
2.46057e-15
2.43925e-15
2.41962e-15
2.40132e-15
2.38401e-15
2.36739e-15
2.35123e-15
2.33538e-15
2.31972e-15
2.3042e-15
2.2888e-15
2.27352e-15
2.25841e-15
2.24363e-15
2.2291e-15
2.21519e-15
2.20177e-15
2.18907e-15
2.1774e-15
2.1666e-15
2.15691e-15
2.14849e-15
2.1416e-15
2.13607e-15
2.13202e-15
2.1296e-15
2.12877e-15
Process [6]
5.7537e-15
5.75889e-15
5.77484e-15
5.80088e-15
5.83525e-15
5.8763e-15
5.92173e-15
5.96954e-15
6.01708e-15
6.06218e-15
6.10258e-15
6.13618e-15
6.16121e-15
6.17611e-15
6.17969e-15
6.17104e-15
6.14945e-15
6.11463e-15
6.06656e-15
6.00533e-15
5.93155e-15
5.84561e-15
5.74829e-15
5.64073e-15
5.52381e-15
5.39867e-15
5.26653e-15
5.12885e-15
4.98648e-15
4.84074e-15
4.69329e-15
4.54508e-15
4.3973e-15
4.25107e-15
4.1072e-15
3.9672e-15
3.83145e-15
3.70104e-15
3.57646e-15
3.45825e-15
3.34712e-15
3.24293e-15
3.14617e-15
3.05677e-15
2.97453e-15
2.89944e-15
2.83126e-15
2.7696e-15
2.714e-15
2.66406e-15
2.61906e-15
2.57868e-15
2.54232e-15
2.50953e-15
2.47971e-15
2.45251e-15
2.42747e-15
2.40425e-15
2.38251e-15
2.36202e-15
2.34253e-15
2.32389e-15
2.30596e-15
2.28866e-15
2.27193e-15
2.25575e-15
2.24014e-15
2.22507e-15
2.21071e-15
2.19702e-15
2.18404e-15
2.17213e-15
2.16101e-15
2.15089e-15
2.14195e-15
2.13445e-15
2.12805e-15
2.12295e-15
2.1193e-15
2.11709e-15
2.11634e-15
5.5471e-15
5.55186e-15
5.56583e-15
5.58998e-15
5.62154e-15
5.65946e-15
5.70178e-15
5.74651e-15
5.79149e-15
5.83462e-15
5.87394e-15
5.90755e-15
5.93383e-15
5.95136e-15
5.95895e-15
5.95575e-15
5.94114e-15
5.91468e-15
5.87631e-15
5.82612e-15
5.76433e-15
5.6915e-15
5.60825e-15
5.51537e-15
5.41369e-15
5.30429e-15
5.1881e-15
5.0662e-15
4.93951e-15
4.80942e-15
4.67699e-15
4.54334e-15
4.40927e-15
4.27602e-15
4.14426e-15
4.01492e-15
3.88867e-15
3.76648e-15
3.64879e-15
3.5362e-15
3.42886e-15
3.32727e-15
3.23154e-15
3.14204e-15
3.05858e-15
2.98094e-15
2.90906e-15
2.84293e-15
2.78195e-15
2.72609e-15
2.67503e-15
2.62806e-15
2.58504e-15
2.54565e-15
2.50933e-15
2.47576e-15
2.44475e-15
2.4159e-15
2.38897e-15
2.36372e-15
2.33993e-15
2.31746e-15
2.29619e-15
2.27601e-15
2.25681e-15
2.23861e-15
2.22132e-15
2.20501e-15
2.18962e-15
2.17516e-15
2.16188e-15
2.14948e-15
2.13815e-15
2.12818e-15
2.11947e-15
2.11181e-15
2.10548e-15
2.10052e-15
2.09695e-15
2.09479e-15
2.09407e-15
5.33661e-15
5.341e-15
5.35532e-15
5.37773e-15
5.40768e-15
5.44366e-15
5.48403e-15
5.52709e-15
5.57084e-15
5.61341e-15
5.65304e-15
5.68793e-15
5.71664e-15
5.73781e-15
5.75035e-15
5.75339e-15
5.74625e-15
5.72863e-15
5.70026e-15
5.66124e-15
5.61157e-15
5.55183e-15
5.48243e-15
5.40403e-15
5.31721e-15
5.22307e-15
5.12216e-15
5.01575e-15
4.90446e-15
4.7895e-15
4.67147e-15
4.55187e-15
4.43099e-15
4.31009e-15
4.18996e-15
4.07085e-15
3.95379e-15
3.83968e-15
3.7286e-15
3.62136e-15
3.51821e-15
3.41936e-15
3.32508e-15
3.23561e-15
3.15095e-15
3.07109e-15
2.9962e-15
2.92591e-15
2.86019e-15
2.79875e-15
2.7416e-15
2.68827e-15
2.63871e-15
2.59239e-15
2.54936e-15
2.50914e-15
2.47158e-15
2.43641e-15
2.40352e-15
2.37264e-15
2.3436e-15
2.31628e-15
2.29065e-15
2.26645e-15
2.24367e-15
2.22231e-15
2.20225e-15
2.18348e-15
2.16604e-15
2.1499e-15
2.13493e-15
2.12136e-15
2.10932e-15
2.09837e-15
2.08879e-15
2.08062e-15
2.0739e-15
2.06863e-15
2.06506e-15
2.0632e-15
2.06246e-15
5.12364e-15
5.1279e-15
5.14137e-15
5.16351e-15
5.19259e-15
5.22777e-15
5.26757e-15
5.31034e-15
5.3544e-15
5.3979e-15
5.43927e-15
5.47688e-15
5.50932e-15
5.53533e-15
5.55386e-15
5.56408e-15
5.56527e-15
5.55705e-15
5.53924e-15
5.51159e-15
5.47434e-15
5.4278e-15
5.37222e-15
5.30792e-15
5.23582e-15
5.1567e-15
5.07101e-15
4.97956e-15
4.88309e-15
4.7827e-15
4.6789e-15
4.57241e-15
4.46428e-15
4.35507e-15
4.24581e-15
4.1368e-15
4.02863e-15
3.92228e-15
3.81783e-15
3.71551e-15
3.61624e-15
3.52018e-15
3.42755e-15
3.33835e-15
3.25283e-15
3.17093e-15
3.09309e-15
3.01897e-15
2.94864e-15
2.88205e-15
2.81891e-15
2.75938e-15
2.70312e-15
2.64992e-15
2.59982e-15
2.55258e-15
2.50807e-15
2.46604e-15
2.42641e-15
2.38915e-15
2.35393e-15
2.32074e-15
2.28973e-15
2.26034e-15
2.23295e-15
2.20718e-15
2.18324e-15
2.16089e-15
2.14021e-15
2.12119e-15
2.1039e-15
2.08805e-15
2.07381e-15
2.06122e-15
2.0507e-15
2.04156e-15
2.03394e-15
2.02799e-15
2.02374e-15
2.02119e-15
2.02034e-15
4.90719e-15
4.91149e-15
4.92423e-15
4.94577e-15
4.97528e-15
5.01093e-15
5.05152e-15
5.09557e-15
5.14149e-15
5.18755e-15
5.23227e-15
5.27414e-15
5.31178e-15
5.34402e-15
5.36979e-15
5.38826e-15
5.39874e-15
5.40078e-15
5.3941e-15
5.3785e-15
5.35394e-15
5.32063e-15
5.27895e-15
5.22936e-15
5.17181e-15
5.10727e-15
5.03629e-15
4.95954e-15
4.87725e-15
4.79081e-15
4.7004e-15
4.60706e-15
4.51105e-15
4.41317e-15
4.31426e-15
4.2146e-15
4.11503e-15
4.01569e-15
3.91723e-15
3.82013e-15
3.72467e-15
3.63105e-15
3.53974e-15
3.45092e-15
3.36456e-15
3.28102e-15
3.20053e-15
3.1227e-15
3.04804e-15
2.97619e-15
2.90741e-15
2.84153e-15
2.77859e-15
2.71842e-15
2.66106e-15
2.60648e-15
2.55446e-15
2.50502e-15
2.45801e-15
2.41349e-15
2.37143e-15
2.33134e-15
2.29389e-15
2.25826e-15
2.22513e-15
2.19375e-15
2.16477e-15
2.13766e-15
2.11263e-15
2.08959e-15
2.06857e-15
2.04978e-15
2.03273e-15
2.01763e-15
2.00452e-15
1.9934e-15
1.98429e-15
1.97721e-15
1.97264e-15
1.97003e-15
1.96902e-15
4.68363e-15
4.68813e-15
4.70144e-15
4.72389e-15
4.75482e-15
4.79222e-15
4.83511e-15
4.88207e-15
4.93156e-15
4.98196e-15
5.03183e-15
5.07967e-15
5.12419e-15
5.16419e-15
5.19866e-15
5.2267e-15
5.24758e-15
5.2609e-15
5.26614e-15
5.26319e-15
5.25189e-15
5.2324e-15
5.20485e-15
5.16938e-15
5.12639e-15
5.07655e-15
5.01993e-15
4.95747e-15
4.8893e-15
4.81604e-15
4.73853e-15
4.65752e-15
4.57302e-15
4.48603e-15
4.39688e-15
4.30602e-15
4.21421e-15
4.12167e-15
4.029e-15
3.93653e-15
3.84449e-15
3.75336e-15
3.66329e-15
3.5746e-15
3.48752e-15
3.40217e-15
3.31892e-15
3.23754e-15
3.15843e-15
3.0817e-15
3.00718e-15
2.93502e-15
2.86529e-15
2.79809e-15
2.73327e-15
2.67095e-15
2.61106e-15
2.55362e-15
2.49898e-15
2.4463e-15
2.39635e-15
2.34887e-15
2.30359e-15
2.26098e-15
2.22079e-15
2.18273e-15
2.14749e-15
2.11445e-15
2.08381e-15
2.05564e-15
2.02983e-15
2.00652e-15
1.98592e-15
1.96744e-15
1.95136e-15
1.93773e-15
1.92655e-15
1.91784e-15
1.91162e-15
1.90788e-15
1.90664e-15
4.45163e-15
4.45658e-15
4.4728e-15
4.49714e-15
4.53e-15
4.57077e-15
4.6177e-15
4.66937e-15
4.72435e-15
4.78108e-15
4.83805e-15
4.89383e-15
4.94708e-15
4.99661e-15
5.04136e-15
5.08043e-15
5.11312e-15
5.13877e-15
5.15698e-15
5.16747e-15
5.17014e-15
5.16474e-15
5.15144e-15
5.13071e-15
5.10227e-15
5.06663e-15
5.02426e-15
4.97544e-15
4.92095e-15
4.86073e-15
4.79555e-15
4.72608e-15
4.65264e-15
4.57553e-15
4.49553e-15
4.41281e-15
4.32827e-15
4.2422e-15
4.15458e-15
4.06606e-15
3.97719e-15
3.88825e-15
3.79903e-15
3.71042e-15
3.62242e-15
3.53527e-15
3.44917e-15
3.36436e-15
3.28083e-15
3.19883e-15
3.11866e-15
3.04016e-15
2.96375e-15
2.88928e-15
2.81689e-15
2.74649e-15
2.67829e-15
2.61292e-15
2.54907e-15
2.48833e-15
2.42953e-15
2.37372e-15
2.3198e-15
2.26934e-15
2.22055e-15
2.17506e-15
2.13231e-15
2.09193e-15
2.05453e-15
2.01999e-15
1.98823e-15
1.95934e-15
1.93378e-15
1.91093e-15
1.89095e-15
1.87398e-15
1.86005e-15
1.84918e-15
1.84139e-15
1.83673e-15
1.83516e-15
4.21258e-15
4.2188e-15
4.23695e-15
4.26345e-15
4.30025e-15
4.34598e-15
4.39874e-15
4.45718e-15
4.51988e-15
4.58514e-15
4.65147e-15
4.71736e-15
4.78144e-15
4.84243e-15
4.89934e-15
4.95114e-15
4.99703e-15
5.0364e-15
5.0686e-15
5.09338e-15
5.11054e-15
5.11986e-15
5.12148e-15
5.11508e-15
5.1012e-15
5.07988e-15
5.05143e-15
5.01622e-15
4.97467e-15
4.92681e-15
4.87343e-15
4.81495e-15
4.75162e-15
4.68388e-15
4.61242e-15
4.53751e-15
4.45936e-15
4.37868e-15
4.29572e-15
4.21094e-15
4.12445e-15
4.03699e-15
3.94861e-15
3.85967e-15
3.77044e-15
3.68117e-15
3.59214e-15
3.50354e-15
3.41549e-15
3.32846e-15
3.24251e-15
3.15766e-15
3.07406e-15
2.99202e-15
2.91214e-15
2.83329e-15
2.75674e-15
2.68244e-15
2.60953e-15
2.53989e-15
2.47167e-15
2.40634e-15
2.34405e-15
2.28315e-15
2.22607e-15
2.17181e-15
2.1198e-15
2.07117e-15
2.02582e-15
1.98356e-15
1.94452e-15
1.90911e-15
1.87715e-15
1.8486e-15
1.82364e-15
1.80238e-15
1.78488e-15
1.7712e-15
1.76139e-15
1.75549e-15
1.75352e-15
3.96531e-15
3.97158e-15
3.99031e-15
4.02249e-15
4.06497e-15
4.11699e-15
4.17805e-15
4.24577e-15
4.31855e-15
4.39494e-15
4.47315e-15
4.5516e-15
4.62884e-15
4.70356e-15
4.77456e-15
4.84089e-15
4.90148e-15
4.95596e-15
5.00333e-15
5.04355e-15
5.07588e-15
5.10046e-15
5.11702e-15
5.12532e-15
5.12602e-15
5.11878e-15
5.1041e-15
5.08199e-15
5.05278e-15
5.01689e-15
4.97448e-15
4.92601e-15
4.87247e-15
4.81326e-15
4.74966e-15
4.68111e-15
4.6089e-15
4.53324e-15
4.45389e-15
4.37221e-15
4.28786e-15
4.20136e-15
4.11319e-15
4.02335e-15
3.93254e-15
3.84091e-15
3.74866e-15
3.65618e-15
3.56356e-15
3.47118e-15
3.37899e-15
3.28744e-15
3.1973e-15
3.10725e-15
3.01909e-15
2.93227e-15
2.84641e-15
2.76312e-15
2.68108e-15
2.60094e-15
2.52421e-15
2.44779e-15
2.37534e-15
2.30571e-15
2.23765e-15
2.17292e-15
2.11176e-15
2.0537e-15
1.99888e-15
1.94745e-15
1.89993e-15
1.85628e-15
1.81662e-15
1.78113e-15
1.74996e-15
1.72329e-15
1.70126e-15
1.68398e-15
1.67156e-15
1.66408e-15
1.66158e-15
3.70534e-15
3.71281e-15
3.73501e-15
3.77314e-15
3.82291e-15
3.88386e-15
3.95597e-15
4.03544e-15
4.12158e-15
4.21197e-15
4.30489e-15
4.39864e-15
4.49165e-15
4.58245e-15
4.66975e-15
4.75239e-15
4.82959e-15
4.90044e-15
4.9643e-15
5.02052e-15
5.06894e-15
5.10925e-15
5.14095e-15
5.16459e-15
5.17947e-15
5.1861e-15
5.18467e-15
5.17504e-15
5.15787e-15
5.1331e-15
5.10094e-15
5.06244e-15
5.01729e-15
4.96581e-15
4.90868e-15
4.84642e-15
4.77912e-15
4.70742e-15
4.63146e-15
4.55185e-15
4.46888e-15
4.38285e-15
4.29427e-15
4.20322e-15
4.11041e-15
4.01584e-15
3.91984e-15
3.82275e-15
3.72558e-15
3.62736e-15
3.52852e-15
3.43135e-15
3.33234e-15
3.23594e-15
3.13818e-15
3.04371e-15
2.94768e-15
2.85591e-15
2.76329e-15
2.67322e-15
2.58634e-15
2.49979e-15
2.41564e-15
2.33524e-15
2.25732e-15
2.18169e-15
2.10866e-15
2.0399e-15
1.97462e-15
1.91305e-15
1.85546e-15
1.80214e-15
1.75337e-15
1.70988e-15
1.67169e-15
1.63849e-15
1.61093e-15
1.58923e-15
1.57359e-15
1.56413e-15
1.56098e-15
3.43432e-15
3.4433e-15
3.46997e-15
3.51354e-15
3.57296e-15
3.64771e-15
3.73278e-15
3.8281e-15
3.9307e-15
4.03852e-15
Process [7]
4.14945e-15
4.26158e-15
4.37309e-15
4.48246e-15
4.58832e-15
4.68942e-15
4.78486e-15
4.87351e-15
4.95476e-15
5.02816e-15
5.09323e-15
5.14949e-15
5.19703e-15
5.23553e-15
5.26478e-15
5.28497e-15
5.29611e-15
5.29873e-15
5.29271e-15
5.27831e-15
5.25589e-15
5.22577e-15
5.18815e-15
5.14361e-15
5.09266e-15
5.03538e-15
4.97213e-15
4.90344e-15
4.82983e-15
4.75161e-15
4.66914e-15
4.58274e-15
4.49292e-15
4.40045e-15
4.3046e-15
4.20632e-15
4.10717e-15
4.00478e-15
3.90205e-15
3.79824e-15
3.6925e-15
3.58815e-15
3.48175e-15
3.3764e-15
3.27199e-15
3.16548e-15
3.06313e-15
2.95982e-15
2.85672e-15
2.75753e-15
2.65962e-15
2.56124e-15
2.46627e-15
2.37437e-15
2.28483e-15
2.1979e-15
2.11329e-15
2.03189e-15
1.95492e-15
1.8818e-15
1.81291e-15
1.74863e-15
1.68938e-15
1.63561e-15
1.58777e-15
1.5463e-15
1.51164e-15
1.48421e-15
1.46434e-15
1.45231e-15
1.44827e-15
3.14716e-15
3.15825e-15
3.1912e-15
3.24478e-15
3.31727e-15
3.40725e-15
3.51143e-15
3.62574e-15
3.74916e-15
3.87828e-15
4.01068e-15
4.14464e-15
4.27756e-15
4.40806e-15
4.53492e-15
4.65635e-15
4.77141e-15
4.87921e-15
4.97919e-15
5.0704e-15
5.15252e-15
5.22526e-15
5.28836e-15
5.3415e-15
5.38475e-15
5.41816e-15
5.44174e-15
5.45554e-15
5.45976e-15
5.45521e-15
5.44119e-15
5.41882e-15
5.38811e-15
5.34942e-15
5.30309e-15
5.24956e-15
5.18986e-15
5.12342e-15
5.0508e-15
4.97304e-15
4.89097e-15
4.80277e-15
4.71097e-15
4.6164e-15
4.51604e-15
4.41567e-15
4.30918e-15
4.20409e-15
4.09305e-15
3.98475e-15
3.87064e-15
3.75901e-15
3.64594e-15
3.52978e-15
3.41746e-15
3.30395e-15
3.18782e-15
3.07582e-15
2.96475e-15
2.85376e-15
2.74178e-15
2.63404e-15
2.52821e-15
2.42424e-15
2.32242e-15
2.2228e-15
2.12487e-15
2.03138e-15
1.94161e-15
1.85569e-15
1.77408e-15
1.69729e-15
1.62588e-15
1.56048e-15
1.50175e-15
1.45039e-15
1.4071e-15
1.37258e-15
1.34743e-15
1.33213e-15
1.32699e-15
2.84171e-15
2.85577e-15
2.89731e-15
2.9646e-15
3.05616e-15
3.16751e-15
3.29367e-15
3.43278e-15
3.5815e-15
3.7363e-15
3.89429e-15
4.05298e-15
4.21079e-15
4.36494e-15
4.51461e-15
4.65845e-15
4.79417e-15
4.92307e-15
5.04202e-15
5.15132e-15
5.25137e-15
5.34055e-15
5.41874e-15
5.48644e-15
5.54365e-15
5.58919e-15
5.62393e-15
5.64906e-15
5.66302e-15
5.66624e-15
5.66018e-15
5.64488e-15
5.61902e-15
5.58534e-15
5.54344e-15
5.49169e-15
5.43489e-15
5.36901e-15
5.29639e-15
5.21941e-15
5.13351e-15
5.0459e-15
4.94917e-15
4.85228e-15
4.74727e-15
4.64132e-15
4.53188e-15
4.41663e-15
4.30396e-15
4.18458e-15
4.06432e-15
3.94566e-15
3.82326e-15
3.69782e-15
3.57594e-15
3.45366e-15
3.32997e-15
3.20371e-15
3.08153e-15
2.96025e-15
2.8398e-15
2.72041e-15
2.60183e-15
2.48309e-15
2.36856e-15
2.25651e-15
2.14693e-15
2.0402e-15
1.93669e-15
1.83687e-15
1.74125e-15
1.65045e-15
1.56516e-15
1.48621e-15
1.41451e-15
1.35108e-15
1.29704e-15
1.2535e-15
1.22149e-15
1.2019e-15
1.19531e-15
2.51995e-15
2.53807e-15
2.59148e-15
2.67728e-15
2.79135e-15
2.92895e-15
3.08577e-15
3.2556e-15
3.43473e-15
3.61984e-15
3.80656e-15
3.99437e-15
4.17957e-15
4.35888e-15
4.53486e-15
4.7005e-15
4.8605e-15
5.00848e-15
5.14886e-15
5.27605e-15
5.39444e-15
5.49846e-15
5.59386e-15
5.67368e-15
5.74536e-15
5.8011e-15
5.84883e-15
5.88121e-15
5.90484e-15
5.91522e-15
5.91609e-15
5.90536e-15
5.88491e-15
5.85417e-15
5.81472e-15
5.76485e-15
5.70907e-15
5.64115e-15
5.57136e-15
5.48774e-15
5.40371e-15
5.31054e-15
5.21002e-15
5.10979e-15
4.99913e-15
4.88568e-15
4.77205e-15
4.6519e-15
4.52581e-15
4.40242e-15
4.27669e-15
4.1466e-15
4.0122e-15
3.88128e-15
3.74943e-15
3.61679e-15
3.48339e-15
3.34615e-15
3.21184e-15
3.07921e-15
2.94714e-15
2.8159e-15
2.68572e-15
2.55686e-15
2.42958e-15
2.30415e-15
2.18074e-15
2.05862e-15
1.94071e-15
1.82655e-15
1.71629e-15
1.61057e-15
1.5102e-15
1.41615e-15
1.32962e-15
1.25199e-15
1.18487e-15
1.13002e-15
1.08921e-15
1.064e-15
1.05545e-15
2.17565e-15
2.19985e-15
2.27048e-15
2.38247e-15
2.52883e-15
2.70215e-15
2.89563e-15
3.10246e-15
3.31765e-15
3.53757e-15
3.7588e-15
3.97611e-15
4.19021e-15
4.39994e-15
4.60115e-15
4.79035e-15
4.97393e-15
5.1455e-15
5.30184e-15
5.45158e-15
5.58536e-15
5.70512e-15
5.81678e-15
5.90852e-15
5.99183e-15
6.06174e-15
6.11375e-15
6.16011e-15
6.18742e-15
6.20469e-15
6.2133e-15
6.20254e-15
6.18727e-15
6.1609e-15
6.11749e-15
6.07171e-15
6.01556e-15
5.94368e-15
5.87076e-15
5.79068e-15
5.69613e-15
5.59836e-15
5.49759e-15
5.39022e-15
5.27074e-15
5.15155e-15
5.02993e-15
4.90425e-15
4.77366e-15
4.63481e-15
4.49885e-15
4.36143e-15
4.22197e-15
4.08084e-15
3.93839e-15
3.79284e-15
3.64476e-15
3.50042e-15
3.35605e-15
3.21178e-15
3.06789e-15
2.92459e-15
2.78213e-15
2.64072e-15
2.50062e-15
2.36205e-15
2.2253e-15
2.09064e-15
1.95845e-15
1.82912e-15
1.70313e-15
1.58082e-15
1.46393e-15
1.35313e-15
1.24959e-15
1.15507e-15
1.07177e-15
1.00233e-15
9.49679e-16
9.16653e-16
9.05378e-16
1.80634e-15
1.8429e-15
1.94101e-15
2.09005e-15
2.27962e-15
2.4982e-15
2.73627e-15
2.98643e-15
3.24298e-15
3.50156e-15
3.75879e-15
4.00969e-15
4.25336e-15
4.4917e-15
4.72073e-15
4.93925e-15
5.1425e-15
5.332e-15
5.51318e-15
5.68091e-15
5.83206e-15
5.96403e-15
6.08853e-15
6.19898e-15
6.29164e-15
6.36486e-15
6.43147e-15
6.48435e-15
6.51969e-15
6.53658e-15
6.54838e-15
6.54775e-15
6.53229e-15
6.4981e-15
6.46083e-15
6.41356e-15
6.3559e-15
6.28208e-15
6.19972e-15
6.11439e-15
6.0209e-15
5.91979e-15
5.81007e-15
5.68749e-15
5.56602e-15
5.44026e-15
5.3096e-15
5.17454e-15
5.03552e-15
4.89294e-15
4.74214e-15
4.59129e-15
4.44129e-15
4.28946e-15
4.13615e-15
3.98168e-15
3.82637e-15
3.67052e-15
3.5144e-15
3.35826e-15
3.20233e-15
3.04685e-15
2.89203e-15
2.73806e-15
2.58515e-15
2.43235e-15
2.28061e-15
2.13251e-15
1.98643e-15
1.84268e-15
1.70167e-15
1.56395e-15
1.43024e-15
1.30152e-15
1.17919e-15
1.06516e-15
9.62146e-16
8.73817e-16
8.04861e-16
7.60473e-16
7.45099e-16
1.41468e-15
1.46418e-15
1.60259e-15
1.80753e-15
2.05664e-15
2.33298e-15
2.62487e-15
2.92315e-15
3.22267e-15
3.52145e-15
3.81546e-15
4.10238e-15
4.38037e-15
4.6479e-15
4.90373e-15
5.14683e-15
5.37569e-15
5.58329e-15
5.78103e-15
5.96555e-15
6.13444e-15
6.28745e-15
6.42444e-15
6.54452e-15
6.63991e-15
6.72602e-15
6.79904e-15
6.85659e-15
6.89896e-15
6.92651e-15
6.93823e-15
6.92727e-15
6.91105e-15
6.88389e-15
6.84435e-15
6.79302e-15
6.73049e-15
6.65735e-15
6.57251e-15
6.4708e-15
6.36834e-15
6.25918e-15
6.1425e-15
6.01889e-15
5.88893e-15
5.75321e-15
5.61228e-15
5.46668e-15
5.3169e-15
5.16348e-15
5.00405e-15
4.83925e-15
4.67773e-15
4.51445e-15
4.34961e-15
4.18356e-15
4.01662e-15
3.84908e-15
3.68122e-15
3.51328e-15
3.34551e-15
3.1781e-15
3.01126e-15
2.84516e-15
2.67997e-15
2.51584e-15
2.35295e-15
2.19145e-15
2.03154e-15
1.87344e-15
1.71742e-15
1.56386e-15
1.41328e-15
1.26643e-15
1.12445e-15
9.89061e-16
8.6303e-16
7.50722e-16
6.58902e-16
5.9701e-16
5.7486e-16
9.9506e-16
1.07549e-15
1.28501e-15
1.56949e-15
1.89231e-15
2.23359e-15
2.58239e-15
2.9322e-15
3.27874e-15
3.61889e-15
3.94598e-15
4.26449e-15
4.57325e-15
4.869e-15
5.15069e-15
5.41744e-15
5.66851e-15
5.90326e-15
6.1212e-15
6.32195e-15
6.50523e-15
6.67085e-15
6.81875e-15
6.9489e-15
7.0614e-15
7.15641e-15
7.22892e-15
7.28054e-15
7.32461e-15
7.35276e-15
7.36528e-15
7.3627e-15
7.34556e-15
7.31448e-15
7.27007e-15
7.21297e-15
7.14385e-15
7.06337e-15
6.97222e-15
6.87107e-15
6.76059e-15
6.64148e-15
6.5144e-15
6.37993e-15
6.23216e-15
6.08091e-15
5.9287e-15
5.77162e-15
5.61024e-15
5.44507e-15
5.27661e-15
5.10535e-15
4.93173e-15
4.75617e-15
4.57906e-15
4.40077e-15
4.22162e-15
4.04192e-15
3.86194e-15
3.68194e-15
3.50214e-15
3.32273e-15
3.1439e-15
2.96581e-15
2.78858e-15
2.61234e-15
2.4372e-15
2.26327e-15
2.09064e-15
1.91943e-15
1.74977e-15
1.58185e-15
1.41592e-15
1.25241e-15
1.09195e-15
9.35684e-16
7.85617e-16
6.45553e-16
5.23033e-16
4.32909e-16
3.98242e-16
5.60588e-16
7.13263e-16
1.04096e-15
1.42296e-15
1.82246e-15
2.22619e-15
2.62792e-15
3.024e-15
3.41189e-15
3.78966e-15
4.15569e-15
4.5086e-15
4.84719e-15
5.17042e-15
5.47736e-15
5.76722e-15
6.03932e-15
6.2931e-15
6.52812e-15
6.74402e-15
6.94059e-15
7.11767e-15
7.27525e-15
7.41336e-15
7.53216e-15
7.63188e-15
7.71281e-15
7.77532e-15
7.81987e-15
7.84695e-15
7.85712e-15
7.85097e-15
7.82915e-15
7.79232e-15
7.74118e-15
7.67647e-15
7.59891e-15
7.50925e-15
7.40825e-15
7.29667e-15
7.17524e-15
7.04473e-15
6.90585e-15
6.75932e-15
6.60585e-15
6.4461e-15
6.28073e-15
6.11037e-15
5.93562e-15
5.75705e-15
5.57519e-15
5.39056e-15
5.20364e-15
5.01486e-15
4.82465e-15
4.63337e-15
4.44138e-15
4.24898e-15
4.05647e-15
3.8641e-15
3.67208e-15
3.4806e-15
3.28985e-15
3.09995e-15
2.91101e-15
2.72314e-15
2.5364e-15
2.35085e-15
2.16652e-15
1.98343e-15
1.80162e-15
1.6211e-15
1.44191e-15
1.26414e-15
1.08797e-15
9.13722e-16
7.42153e-16
5.74953e-16
4.16519e-16
2.80703e-16
2.1696e-16
3.04765e-16
5.28547e-16
9.42339e-16
1.37927e-15
1.81755e-15
2.25183e-15
2.67936e-15
3.09815e-15
3.50655e-15
3.90309e-15
4.28644e-15
4.65537e-15
5.0088e-15
5.34573e-15
5.66529e-15
5.9667e-15
6.24932e-15
6.51259e-15
6.75608e-15
6.97947e-15
7.18255e-15
7.36519e-15
7.52739e-15
7.66922e-15
7.79086e-15
7.89257e-15
7.97469e-15
8.03762e-15
8.08186e-15
8.10792e-15
8.11642e-15
8.10798e-15
8.0833e-15
8.04308e-15
7.98806e-15
7.91901e-15
7.83672e-15
7.74196e-15
7.63554e-15
7.51824e-15
7.39085e-15
7.25416e-15
7.10892e-15
6.95589e-15
6.79579e-15
6.62933e-15
6.45719e-15
6.28002e-15
6.09844e-15
5.91305e-15
5.7244e-15
5.53301e-15
5.33938e-15
5.14397e-15
4.9472e-15
4.74945e-15
4.55108e-15
4.35241e-15
4.15373e-15
3.95529e-15
3.75731e-15
3.55998e-15
3.36347e-15
3.1679e-15
2.97339e-15
2.78002e-15
2.58783e-15
2.39686e-15
2.20712e-15
2.01862e-15
1.83131e-15
1.64518e-15
1.46016e-15
1.27621e-15
1.09329e-15
9.11379e-16
7.30551e-16
5.51118e-16
3.74298e-16
2.07345e-16
1.16162e-16
