Vec Object: Vec_0x84000004_8 8 MPI processes
  type: mpi
Process [0]
3.57599e-15
6.59775e-15
1.19922e-14
1.75622e-14
2.30428e-14
2.83455e-14
3.34073e-14
3.81734e-14
4.2594e-14
4.66237e-14
5.02206e-14
5.33515e-14
5.599e-14
5.81207e-14
5.97383e-14
6.085e-14
6.14744e-14
6.16413e-14
6.13893e-14
6.0764e-14
5.98153e-14
5.85943e-14
5.71516e-14
5.55344e-14
5.37859e-14
5.19439e-14
5.00408e-14
4.81035e-14
4.61542e-14
4.42101e-14
4.22849e-14
4.03892e-14
3.85308e-14
3.67154e-14
3.49473e-14
3.32292e-14
3.15633e-14
2.99507e-14
2.83919e-14
2.68872e-14
2.54365e-14
2.40393e-14
2.26951e-14
2.14031e-14
2.01626e-14
1.89727e-14
1.78326e-14
1.67413e-14
1.56979e-14
1.47012e-14
1.37503e-14
1.2844e-14
1.19812e-14
1.11605e-14
1.03808e-14
9.64068e-15
8.93889e-15
8.2741e-15
7.64498e-15
7.05019e-15
6.48839e-15
5.95823e-15
5.45835e-15
4.98737e-15
4.54387e-15
4.12643e-15
3.73365e-15
3.36407e-15
3.01628e-15
2.68886e-15
2.38038e-15
2.08945e-15
1.81464e-15
1.55453e-15
1.30766e-15
1.07256e-15
8.47741e-16
6.31829e-16
4.2418e-16
2.29893e-16
1.22117e-16
6.57803e-15
8.58821e-15
1.27608e-14
1.7493e-14
2.23204e-14
2.71242e-14
3.17815e-14
3.60951e-14
4.01281e-14
4.3926e-14
4.7174e-14
5.01404e-14
5.25382e-14
5.45757e-14
5.60427e-14
5.71488e-14
5.77122e-14
5.79459e-14
5.7714e-14
5.72163e-14
5.63518e-14
5.53196e-14
5.3985e-14
5.26026e-14
5.101e-14
4.93268e-14
4.76714e-14
4.59092e-14
4.41175e-14
4.23311e-14
4.05605e-14
3.88146e-14
3.71303e-14
3.54812e-14
3.38358e-14
3.22331e-14
3.06749e-14
2.9159e-14
2.76685e-14
2.62487e-14
2.48813e-14
2.35608e-14
2.22871e-14
2.10597e-14
1.98782e-14
1.87421e-14
1.76508e-14
1.66037e-14
1.56002e-14
1.46394e-14
1.37205e-14
1.28432e-14
1.20068e-14
1.12095e-14
1.045e-14
9.72747e-15
9.04062e-15
8.38834e-15
7.76947e-15
7.18285e-15
6.62729e-15
6.10158e-15
5.60448e-15
5.13475e-15
4.69108e-15
4.27222e-15
3.88161e-15
3.51118e-15
3.15834e-15
2.82493e-15
2.50964e-15
2.21118e-15
1.92828e-15
1.65973e-15
1.40436e-15
1.16117e-15
9.29468e-16
7.09569e-16
5.04818e-16
3.3036e-16
2.48205e-16
1.19359e-14
1.28354e-14
1.51548e-14
1.82701e-14
2.17775e-14
2.54255e-14
2.90518e-14
3.25585e-14
3.58742e-14
3.89506e-14
4.17229e-14
4.41749e-14
4.6261e-14
4.79728e-14
4.92967e-14
5.02343e-14
5.0803e-14
5.10219e-14
5.09204e-14
5.05415e-14
4.99279e-14
4.91028e-14
4.81153e-14
4.69848e-14
4.57494e-14
4.44337e-14
4.30648e-14
4.16407e-14
4.02103e-14
3.87312e-14
3.73049e-14
3.58596e-14
3.44145e-14
3.29914e-14
3.15933e-14
3.02094e-14
2.88435e-14
2.75351e-14
2.6259e-14
2.50073e-14
2.37828e-14
2.26097e-14
2.14664e-14
2.03531e-14
1.92868e-14
1.82513e-14
1.72513e-14
1.62927e-14
1.53658e-14
1.44763e-14
1.36232e-14
1.28036e-14
1.20187e-14
1.12671e-14
1.05491e-14
9.86283e-15
9.20642e-15
8.58055e-15
7.98696e-15
7.41867e-15
6.87709e-15
6.36202e-15
5.87659e-15
5.41304e-15
4.97087e-15
4.55088e-15
4.15195e-15
3.77406e-15
3.41873e-15
3.07683e-15
2.75103e-15
2.44097e-15
2.14574e-15
1.86462e-15
1.5972e-15
1.34355e-15
1.10484e-15
8.84524e-16
6.91541e-16
5.47254e-16
4.90599e-16
1.64374e-14
1.68974e-14
1.82773e-14
2.02491e-14
2.2639e-14
2.52573e-14
2.79568e-14
3.06362e-14
3.32161e-14
3.56389e-14
3.78591e-14
3.9827e-14
4.15118e-14
4.28896e-14
4.3948e-14
4.46887e-14
4.51206e-14
4.52574e-14
4.51401e-14
4.48012e-14
4.42709e-14
4.35859e-14
4.27647e-14
4.18482e-14
4.08562e-14
3.97983e-14
3.87015e-14
3.75662e-14
3.64052e-14
3.52291e-14
3.40707e-14
3.28818e-14
3.16726e-14
3.04882e-14
2.93272e-14
2.81574e-14
2.70176e-14
2.58869e-14
2.47772e-14
2.36906e-14
2.26267e-14
2.15867e-14
2.05725e-14
1.95846e-14
1.86242e-14
1.76921e-14
1.67876e-14
1.59118e-14
1.50649e-14
1.42468e-14
1.34578e-14
1.26973e-14
1.19653e-14
1.12614e-14
1.05851e-14
9.93599e-15
9.31352e-15
8.71645e-15
8.14561e-15
7.59799e-15
7.07609e-15
6.57509e-15
6.09915e-15
5.64168e-15
5.2078e-15
4.79198e-15
4.39396e-15
4.01756e-15
3.65486e-15
3.30789e-15
2.97963e-15
2.66537e-15
2.3637e-15
2.07667e-15
1.80485e-15
1.552e-15
1.31723e-15
1.10645e-15
9.31868e-16
8.1157e-16
7.67733e-16
2.04218e-14
2.0732e-14
2.15293e-14
2.27302e-14
2.42582e-14
2.60108e-14
2.78948e-14
2.98278e-14
3.17377e-14
3.35558e-14
3.52286e-14
3.67146e-14
3.79811e-14
3.89963e-14
3.97377e-14
4.02028e-14
4.04213e-14
4.03843e-14
4.01528e-14
3.97491e-14
3.92211e-14
3.85853e-14
3.7868e-14
3.70992e-14
3.62834e-14
3.5437e-14
3.45671e-14
3.36728e-14
3.27738e-14
3.18563e-14
3.09153e-14
2.99553e-14
2.90086e-14
2.80501e-14
2.70905e-14
2.61306e-14
2.51744e-14
2.42241e-14
2.32817e-14
2.23515e-14
2.14336e-14
2.05293e-14
1.96409e-14
1.87702e-14
1.79172e-14
1.70843e-14
1.62718e-14
1.54804e-14
1.47112e-14
1.39638e-14
1.32394e-14
1.25376e-14
1.18586e-14
1.12026e-14
1.05694e-14
9.95869e-15
9.37021e-15
8.80358e-15
8.25828e-15
7.7341e-15
7.23061e-15
6.74721e-15
6.28349e-15
5.83888e-15
5.41222e-15
5.00338e-15
4.61193e-15
4.23551e-15
3.87646e-15
3.53046e-15
3.20168e-15
2.88472e-15
2.58517e-15
2.29953e-15
2.02955e-15
1.78106e-15
1.55588e-15
1.35928e-15
1.2031e-15
1.10053e-15
1.06446e-15
2.38345e-14
2.40081e-14
2.44481e-14
2.51671e-14
2.61086e-14
2.7228e-14
2.84694e-14
2.97737e-14
3.10868e-14
3.23571e-14
3.35288e-14
3.45515e-14
3.5388e-14
3.60205e-14
3.64008e-14
3.65511e-14
3.64726e-14
3.62048e-14
3.57805e-14
3.52504e-14
3.46418e-14
3.39937e-14
3.3335e-14
3.26722e-14
3.20047e-14
3.13335e-14
3.06622e-14
2.99912e-14
2.92984e-14
2.86076e-14
2.7892e-14
2.7169e-14
2.64314e-14
2.56784e-14
2.49173e-14
2.41463e-14
2.33693e-14
2.25866e-14
2.18013e-14
2.1018e-14
2.02381e-14
1.94629e-14
1.86944e-14
1.79357e-14
1.71867e-14
1.64496e-14
1.57256e-14
1.50164e-14
1.43225e-14
1.36443e-14
1.2983e-14
1.2339e-14
1.17125e-14
1.11041e-14
1.05139e-14
9.94193e-15
9.3882e-15
8.85253e-15
8.33479e-15
7.83475e-15
7.35248e-15
6.88749e-15
6.43969e-15
6.0086e-15
5.5938e-15
5.19458e-15
4.81058e-15
4.44159e-15
4.08693e-15
3.74678e-15
3.42116e-15
3.10943e-15
2.81378e-15
2.53357e-15
2.2728e-15
2.03194e-15
1.82017e-15
1.63952e-15
1.49976e-15
1.41066e-15
1.37994e-15
2.66439e-14
2.67522e-14
2.69988e-14
2.74047e-14
2.79536e-14
2.86164e-14
2.9364e-14
3.01671e-14
3.09879e-14
3.17827e-14
3.25002e-14
3.30891e-14
3.35187e-14
3.37259e-14
3.37107e-14
3.34808e-14
3.30596e-14
3.24849e-14
3.17995e-14
3.10805e-14
3.03716e-14
2.9691e-14
2.90646e-14
2.84937e-14
2.79636e-14
2.74636e-14
2.69831e-14
2.6499e-14
2.60278e-14
2.55401e-14
2.50363e-14
2.45159e-14
2.39753e-14
2.34141e-14
2.28358e-14
2.22404e-14
2.16275e-14
2.10011e-14
2.03627e-14
1.97175e-14
1.90656e-14
1.8411e-14
1.77564e-14
1.71025e-14
1.64509e-14
1.58056e-14
1.5167e-14
1.45361e-14
1.39149e-14
1.3304e-14
1.2704e-14
1.21159e-14
1.15406e-14
1.09788e-14
1.04309e-14
9.89734e-15
9.37843e-15
8.87412e-15
8.38448e-15
7.90972e-15
7.44995e-15
7.00534e-15
6.57557e-15
6.16035e-15
5.75926e-15
5.37241e-15
4.99923e-15
4.63974e-15
4.29402e-15
3.96204e-15
3.64415e-15
3.34092e-15
3.05349e-15
2.78353e-15
2.53287e-15
2.30555e-15
2.1065e-15
1.94179e-15
1.81611e-15
1.73752e-15
1.71075e-15
2.8949e-14
2.90309e-14
2.91568e-14
2.93552e-14
2.96236e-14
2.99568e-14
3.03469e-14
3.07722e-14
3.12006e-14
3.16028e-14
3.19143e-14
3.21098e-14
3.21152e-14
3.1906e-14
3.14581e-14
3.07831e-14
2.99276e-14
2.89661e-14
2.79922e-14
2.70608e-14
2.62466e-14
2.55627e-14
2.49954e-14
2.45288e-14
2.41481e-14
2.3821e-14
2.35162e-14
2.32249e-14
2.29575e-14
2.2662e-14
2.23514e-14
2.20139e-14
2.16555e-14
2.12702e-14
2.0859e-14
2.04212e-14
1.99609e-14
1.94791e-14
1.89798e-14
1.84626e-14
1.79318e-14
1.73907e-14
1.68417e-14
1.62863e-14
1.57282e-14
1.51691e-14
1.46114e-14
1.40561e-14
1.35053e-14
1.29581e-14
1.24168e-14
1.18823e-14
1.13562e-14
1.08394e-14
1.03324e-14
9.83603e-15
9.35136e-15
8.87829e-15
8.41723e-15
7.96854e-15
7.53275e-15
7.10964e-15
6.69926e-15
6.30152e-15
5.9164e-15
5.54383e-15
5.18382e-15
4.8366e-15
4.50221e-15
4.18141e-15
3.87438e-15
3.58243e-15
3.30692e-15
3.04936e-15
2.81189e-15
2.59832e-15
2.41302e-15
2.26184e-15
2.14842e-15
2.08088e-15
2.05772e-15
3.08503e-14
3.08724e-14
3.09084e-14
3.09627e-14
3.10422e-14
3.11504e-14
3.12797e-14
3.14159e-14
3.15411e-14
3.16195e-14
3.16017e-14
3.14223e-14
3.10362e-14
3.03697e-14
2.94091e-14
2.82118e-14
2.68387e-14
2.5454e-14
2.419e-14
2.31427e-14
2.23085e-14
2.1684e-14
2.12269e-14
2.08997e-14
2.06627e-14
2.04879e-14
2.03532e-14
2.02292e-14
2.00967e-14
1.99623e-14
1.98063e-14
1.96289e-14
1.94241e-14
1.91884e-14
1.89236e-14
1.86297e-14
1.83094e-14
1.79612e-14
1.75911e-14
1.71997e-14
1.67876e-14
1.63611e-14
1.59174e-14
1.54628e-14
1.49968e-14
1.45242e-14
1.40457e-14
1.35651e-14
1.30821e-14
1.25984e-14
1.21153e-14
1.16352e-14
1.11592e-14
1.06881e-14
1.02225e-14
9.76394e-15
9.31398e-15
8.8727e-15
8.44095e-15
8.01975e-15
7.60899e-15
7.20859e-15
6.81893e-15
6.43991e-15
6.07201e-15
5.71539e-15
5.37018e-15
5.03687e-15
4.71607e-15
4.40854e-15
4.11463e-15
3.83597e-15
3.57455e-15
3.33189e-15
3.10888e-15
2.90879e-15
2.73702e-15
2.59829e-15
2.49632e-15
2.43289e-15
2.41149e-15
3.23059e-14
3.22969e-14
3.22682e-14
3.22277e-14
3.218e-14
3.21272e-14
3.20691e-14
3.19972e-14
3.18967e-14
3.17186e-14
3.14129e-14
3.08933e-14
3.00845e-14
2.89146e-14
2.73664e-14
2.5563e-14
2.372e-14
2.2069e-14
2.07274e-14
1.97013e-14
1.89451e-14
1.84099e-14
1.80469e-14
1.78108e-14
1.76621e-14
1.75753e-14
1.75318e-14
1.75027e-14
1.7467e-14
1.74329e-14
1.73829e-14
1.73135e-14
1.72198e-14
1.70977e-14
1.69467e-14
1.67673e-14
1.65606e-14
1.63289e-14
1.60713e-14
1.57924e-14
1.5491e-14
1.51702e-14
1.48321e-14
1.44772e-14
1.41089e-14
1.37287e-14
1.33345e-14
1.29351e-14
1.25292e-14
1.21179e-14
1.17048e-14
1.12893e-14
1.08748e-14
1.04616e-14
1.0049e-14
9.63925e-15
9.23397e-15
8.83196e-15
8.43544e-15
8.04639e-15
7.66411e-15
7.28939e-15
6.92353e-15
6.56602e-15
6.21827e-15
5.88037e-15
5.55286e-15
5.23663e-15
4.93194e-15
4.64051e-15
4.36281e-15
4.09868e-15
3.85327e-15
3.62816e-15
3.42083e-15
3.23466e-15
3.07597e-15
2.94925e-15
2.85589e-15
2.80081e-15
2.78172e-15
3.3339e-14
3.3322e-14
3.32558e-14
3.31523e-14
3.30168e-14
3.28548e-14
3.26693e-14
3.24538e-14
3.21806e-14
3.18087e-14
3.12737e-14
3.04389e-14
2.91973e-14
2.74572e-14
2.53194e-14
2.30999e-14
2.11122e-14
1.94978e-14
1.82289e-14
1.72572e-14
1.65144e-14
1.5965e-14
1.55791e-14
1.53326e-14
1.51806e-14
1.51018e-14
1.50732e-14
1.50645e-14
1.50923e-14
1.51117e-14
1.51213e-14
1.51174e-14
1.50919e-14
1.50453e-14
1.49718e-14
1.48725e-14
1.47488e-14
1.45984e-14
1.44232e-14
1.42265e-14
1.40099e-14
1.37707e-14
1.35205e-14
1.32529e-14
1.29692e-14
1.26722e-14
1.23638e-14
1.2045e-14
1.17188e-14
1.13864e-14
1.10485e-14
Process [1]
1.07068e-14
1.03629e-14
1.00173e-14
9.66922e-15
9.32072e-15
8.97399e-15
8.6254e-15
8.27825e-15
7.93474e-15
7.59366e-15
7.25793e-15
6.92803e-15
6.60427e-15
6.28802e-15
5.97985e-15
5.68023e-15
5.3909e-15
5.11106e-15
4.84406e-15
4.58976e-15
4.34678e-15
4.12351e-15
3.91979e-15
3.73162e-15
3.56349e-15
3.42159e-15
3.30862e-15
3.22686e-15
3.17578e-15
3.15851e-15
3.40122e-14
3.39768e-14
3.38869e-14
3.37433e-14
3.35531e-14
3.33257e-14
3.30612e-14
3.27523e-14
3.23744e-14
3.18748e-14
3.11488e-14
3.00382e-14
2.83828e-14
2.61773e-14
2.37415e-14
2.14848e-14
1.96077e-14
1.80466e-14
1.67428e-14
1.56772e-14
1.4813e-14
1.41454e-14
1.36526e-14
1.33106e-14
1.3097e-14
1.29814e-14
1.2939e-14
1.29412e-14
1.29776e-14
1.30273e-14
1.30776e-14
1.31208e-14
1.31455e-14
1.31527e-14
1.31361e-14
1.30954e-14
1.30301e-14
1.29393e-14
1.28257e-14
1.26895e-14
1.25338e-14
1.23589e-14
1.21672e-14
1.19581e-14
1.17401e-14
1.15065e-14
1.12619e-14
1.10075e-14
1.07468e-14
1.04768e-14
1.02008e-14
9.91978e-15
9.63509e-15
9.34754e-15
9.058e-15
8.76683e-15
8.47619e-15
8.18547e-15
7.8956e-15
7.60666e-15
7.31937e-15
7.03495e-15
6.75414e-15
6.47792e-15
6.20714e-15
5.9425e-15
5.68459e-15
5.43507e-15
5.19354e-15
4.9636e-15
4.74348e-15
4.535e-15
4.34458e-15
4.16899e-15
4.00757e-15
3.86697e-15
3.75062e-15
3.6588e-15
3.59264e-15
3.55134e-15
3.53731e-15
3.4317e-14
3.42815e-14
3.41793e-14
3.40159e-14
3.37999e-14
3.35428e-14
3.32459e-14
3.29098e-14
3.24982e-14
3.19567e-14
3.11488e-14
2.98629e-14
2.79338e-14
2.55072e-14
2.30747e-14
2.09172e-14
1.90135e-14
1.73267e-14
1.58452e-14
1.45945e-14
1.35575e-14
1.27203e-14
1.20847e-14
1.16269e-14
1.13261e-14
1.1153e-14
1.10797e-14
1.10769e-14
1.11212e-14
1.11918e-14
1.12741e-14
1.13552e-14
1.14258e-14
1.14808e-14
1.15151e-14
1.15259e-14
1.15137e-14
1.14754e-14
1.14152e-14
1.13324e-14
1.12286e-14
1.11048e-14
1.09639e-14
1.08059e-14
1.06331e-14
1.04473e-14
1.02506e-14
1.00432e-14
9.82762e-15
9.60349e-15
9.3724e-15
9.13656e-15
8.89715e-15
8.65445e-15
8.40946e-15
8.16457e-15
7.91931e-15
7.67498e-15
7.43225e-15
7.19073e-15
6.95226e-15
6.71599e-15
6.48293e-15
6.25369e-15
6.02943e-15
5.81039e-15
5.5977e-15
5.39219e-15
5.19452e-15
5.00683e-15
4.82771e-15
4.66077e-15
4.50893e-15
4.36787e-15
4.24007e-15
4.13233e-15
4.04606e-15
3.97969e-15
3.93225e-15
3.90417e-15
3.89421e-15
3.42927e-14
3.42589e-14
3.41558e-14
3.39924e-14
3.37806e-14
3.35344e-14
3.32617e-14
3.29687e-14
3.26317e-14
3.21823e-14
3.1489e-14
3.0185e-14
2.80786e-14
2.55571e-14
2.31177e-14
2.08738e-14
1.88278e-14
1.69676e-14
1.53116e-14
1.38676e-14
1.26378e-14
1.16225e-14
1.0835e-14
1.02377e-14
9.82768e-15
9.58138e-15
9.46454e-15
9.44445e-15
9.49417e-15
9.59168e-15
9.70657e-15
9.82389e-15
9.94126e-15
1.00442e-14
1.01278e-14
1.01899e-14
1.02281e-14
1.02407e-14
1.02295e-14
1.01945e-14
1.01389e-14
1.00613e-14
9.96438e-15
9.85084e-15
9.72051e-15
9.57616e-15
9.41948e-15
9.25211e-15
9.07505e-15
8.88949e-15
8.69722e-15
8.4997e-15
8.29762e-15
8.09245e-15
7.88567e-15
7.67738e-15
7.46919e-15
7.26143e-15
7.05472e-15
6.84993e-15
6.64808e-15
6.44951e-15
6.25437e-15
6.06365e-15
5.87765e-15
5.69735e-15
5.52326e-15
5.35639e-15
5.19719e-15
5.04683e-15
4.9054e-15
4.77512e-15
4.65655e-15
4.54822e-15
4.4524e-15
4.37316e-15
4.31114e-15
4.26486e-15
4.23248e-15
4.21424e-15
4.2079e-15
3.39652e-14
3.39346e-14
3.38433e-14
3.37023e-14
3.35269e-14
3.33396e-14
3.31653e-14
3.30132e-14
3.28935e-14
3.27536e-14
3.2341e-14
3.10106e-14
2.86625e-14
2.601e-14
2.34621e-14
2.1089e-14
1.88936e-14
1.68745e-14
1.50542e-14
1.34337e-14
1.20221e-14
1.08259e-14
9.85732e-15
9.11183e-15
8.57567e-15
8.24069e-15
8.07006e-15
8.02691e-15
8.08264e-15
8.20242e-15
8.34722e-15
8.51582e-15
8.69183e-15
8.84753e-15
8.98479e-15
9.09856e-15
9.18724e-15
9.24965e-15
9.28673e-15
9.29814e-15
9.28557e-15
9.25062e-15
9.19442e-15
9.11925e-15
9.02653e-15
8.91881e-15
8.79732e-15
8.66363e-15
8.51971e-15
8.36734e-15
8.20758e-15
8.04155e-15
7.8709e-15
7.69659e-15
7.52012e-15
7.34223e-15
7.16323e-15
6.9845e-15
6.80688e-15
6.63134e-15
6.45839e-15
6.28914e-15
6.12355e-15
5.96235e-15
5.8062e-15
5.65556e-15
5.51119e-15
5.37367e-15
5.24362e-15
5.12162e-15
5.00835e-15
4.90458e-15
4.81049e-15
4.7265e-15
4.6538e-15
4.59392e-15
4.54735e-15
4.513e-15
4.48939e-15
4.4762e-15
4.47141e-15
3.33606e-14
3.33405e-14
3.32743e-14
3.3181e-14
3.30855e-14
3.30199e-14
3.30271e-14
3.31407e-14
3.34324e-14
3.38332e-14
3.36749e-14
3.20678e-14
2.94067e-14
2.66138e-14
2.3962e-14
2.14667e-14
1.9144e-14
1.69895e-14
1.50111e-14
1.32327e-14
1.16579e-14
1.02865e-14
9.13729e-15
8.2271e-15
7.55188e-15
7.10569e-15
6.86939e-15
6.80358e-15
6.87158e-15
7.02482e-15
7.22832e-15
7.45093e-15
7.67615e-15
7.89674e-15
8.09113e-15
8.26117e-15
8.40255e-15
8.51473e-15
8.59822e-15
8.65318e-15
8.68178e-15
8.68475e-15
8.66504e-15
8.62401e-15
8.56394e-15
8.48688e-15
8.3949e-15
8.2896e-15
8.1726e-15
8.04596e-15
7.91142e-15
7.76996e-15
7.62289e-15
7.4716e-15
7.31731e-15
7.16119e-15
7.00385e-15
6.84668e-15
6.6903e-15
6.53564e-15
6.38352e-15
6.23452e-15
6.0894e-15
5.94863e-15
5.81274e-15
5.68233e-15
5.55793e-15
5.44006e-15
5.32916e-15
5.22583e-15
5.1305e-15
5.04354e-15
4.96539e-15
4.89649e-15
4.83756e-15
4.78906e-15
4.75094e-15
4.72268e-15
4.70324e-15
4.69196e-15
4.68905e-15
3.25203e-14
3.25056e-14
3.24831e-14
3.24703e-14
3.25026e-14
3.26308e-14
3.29228e-14
3.34609e-14
3.43493e-14
3.53614e-14
3.51878e-14
3.31088e-14
3.02017e-14
2.7304e-14
2.45664e-14
2.19569e-14
1.95314e-14
1.72557e-14
1.51514e-14
1.32262e-14
1.14905e-14
9.95562e-15
8.63938e-15
7.55542e-15
6.72546e-15
6.1592e-15
5.84709e-15
5.75584e-15
5.84046e-15
6.04194e-15
6.31003e-15
6.60593e-15
6.90545e-15
7.19126e-15
7.44791e-15
7.67749e-15
7.87348e-15
8.03548e-15
8.1642e-15
8.26064e-15
8.32676e-15
8.36482e-15
8.37674e-15
8.36482e-15
8.33179e-15
8.27953e-15
8.21045e-15
8.12651e-15
8.02974e-15
7.92177e-15
7.80442e-15
7.67941e-15
7.54797e-15
7.4116e-15
7.27126e-15
7.1286e-15
6.98431e-15
6.8395e-15
6.6954e-15
6.55251e-15
6.41193e-15
6.2744e-15
6.14022e-15
6.01043e-15
5.88528e-15
5.76537e-15
5.65136e-15
5.54347e-15
5.44231e-15
5.34829e-15
5.26185e-15
5.18328e-15
5.11297e-15
5.05121e-15
4.99839e-15
4.95468e-15
4.91986e-15
4.89367e-15
4.87538e-15
4.86502e-15
4.86141e-15
3.14529e-14
3.14687e-14
3.15119e-14
3.16161e-14
3.18326e-14
3.22326e-14
3.29189e-14
3.40335e-14
3.56626e-14
3.71187e-14
3.66298e-14
3.40888e-14
3.10362e-14
2.80658e-14
2.52353e-14
2.25485e-14
2.00125e-14
1.76323e-14
1.54125e-14
1.33621e-14
1.14842e-14
9.80229e-15
8.32252e-15
7.0749e-15
6.08009e-15
5.37456e-15
4.97845e-15
4.86362e-15
4.97912e-15
5.24447e-15
5.59445e-15
5.9755e-15
6.35518e-15
6.71567e-15
7.04328e-15
7.33423e-15
7.58528e-15
7.79644e-15
7.96849e-15
8.1034e-15
8.20396e-15
8.27213e-15
8.31112e-15
8.32324e-15
8.31129e-15
8.27801e-15
8.22558e-15
8.15646e-15
8.07284e-15
7.97642e-15
7.86905e-15
7.75271e-15
7.62896e-15
7.4994e-15
7.36507e-15
7.22734e-15
7.08782e-15
6.94682e-15
6.8065e-15
6.66663e-15
6.52883e-15
6.39357e-15
6.2616e-15
6.13375e-15
6.01038e-15
5.89212e-15
5.77943e-15
5.67288e-15
5.57306e-15
5.48011e-15
5.39462e-15
5.31695e-15
5.24735e-15
5.18608e-15
5.1333e-15
5.08921e-15
5.05365e-15
5.02654e-15
5.00741e-15
4.99622e-15
4.99225e-15
3.02147e-14
3.02638e-14
3.03973e-14
3.0661e-14
3.11193e-14
3.18763e-14
3.30688e-14
3.4855e-14
3.72338e-14
3.88521e-14
3.78992e-14
3.503e-14
3.18897e-14
2.88538e-14
2.59576e-14
2.31917e-14
2.05638e-14
1.80891e-14
1.57651e-14
1.36022e-14
1.16067e-14
9.78962e-15
8.16034e-15
6.75811e-15
5.59975e-15
4.74776e-15
4.24784e-15
4.10868e-15
4.2689e-15
4.62136e-15
5.06899e-15
5.54731e-15
6.01631e-15
6.45519e-15
6.85303e-15
7.2056e-15
7.508e-15
7.76597e-15
7.97832e-15
8.14822e-15
8.27882e-15
8.37336e-15
8.43454e-15
8.46587e-15
8.4702e-15
8.45013e-15
8.40869e-15
8.34853e-15
8.27163e-15
8.18054e-15
8.07685e-15
7.96271e-15
7.84012e-15
7.70999e-15
7.57437e-15
7.435e-15
7.2927e-15
7.14813e-15
7.00349e-15
6.85929e-15
6.71638e-15
6.57564e-15
6.43811e-15
6.30423e-15
6.1748e-15
6.05017e-15
5.93139e-15
5.8188e-15
5.71287e-15
5.61405e-15
5.52276e-15
5.43962e-15
5.3647e-15
5.29836e-15
5.24086e-15
5.19231e-15
5.15281e-15
5.12222e-15
5.1005e-15
5.0875e-15
5.08307e-15
2.88386e-14
2.89276e-14
2.91755e-14
2.96438e-14
3.04082e-14
3.15898e-14
3.33377e-14
3.58459e-14
3.88936e-14
4.04495e-14
3.90161e-14
3.59615e-14
3.27548e-14
2.9668e-14
2.67054e-14
2.38656e-14
2.11606e-14
1.85999e-14
1.61858e-14
1.39269e-14
1.18194e-14
9.88215e-15
8.12603e-15
6.57022e-15
5.25503e-15
4.24331e-15
3.63769e-15
3.47676e-15
3.69852e-15
4.15507e-15
4.71561e-15
5.29782e-15
5.85755e-15
6.37419e-15
6.83938e-15
7.24938e-15
7.60071e-15
7.90327e-15
8.15072e-15
8.35241e-15
8.50953e-15
8.62619e-15
8.70607e-15
8.7526e-15
8.76886e-15
8.75756e-15
8.72316e-15
8.66688e-15
8.59158e-15
8.50094e-15
8.3959e-15
8.2786e-15
8.15113e-15
8.01583e-15
7.87323e-15
7.72589e-15
7.57476e-15
7.42114e-15
7.26603e-15
7.11083e-15
6.95662e-15
6.80419e-15
6.65446e-15
6.50816e-15
6.36627e-15
6.22944e-15
6.09825e-15
5.97325e-15
5.85502e-15
5.74458e-15
5.64196e-15
5.54783e-15
5.46273e-15
5.38673e-15
5.32057e-15
5.26424e-15
5.21792e-15
5.18187e-15
5.15606e-15
5.14054e-15
5.1353e-15
2.7354e-14
2.7492e-14
2.78821e-14
2.85926e-14
2.9711e-14
3.13663e-14
3.37193e-14
3.69235e-14
4.0461e-14
4.1865e-14
4.0031e-14
3.68661e-14
3.36191e-14
3.04821e-14
2.74626e-14
2.45581e-14
2.17899e-14
1.91497e-14
1.66504e-14
1.42977e-14
1.20955e-14
1.00515e-14
8.18022e-15
6.49122e-15
5.02728e-15
3.86543e-15
3.13453e-15
2.9527e-15
3.25331e-15
3.83256e-15
4.51164e-15
5.19772e-15
5.84324e-15
6.4325e-15
6.95973e-15
7.4226e-15
7.82203e-15
8.16131e-15
8.4403e-15
8.67152e-15
8.85255e-15
8.98854e-15
9.08374e-15
9.14162e-15
9.1666e-15
9.16122e-15
9.12975e-15
9.07426e-15
8.99847e-15
8.90417e-15
8.79394e-15
8.66984e-15
8.53413e-15
8.38915e-15
8.23575e-15
8.07617e-15
7.91187e-15
7.7443e-15
7.57428e-15
7.40397e-15
7.23368e-15
7.0647e-15
6.89834e-15
6.73474e-15
6.57519e-15
6.42087e-15
6.27204e-15
6.12954e-15
5.99467e-15
5.8675e-15
5.74901e-15
5.63966e-15
5.5401e-15
5.45092e-15
5.37255e-15
5.30551e-15
5.25015e-15
5.20669e-15
5.17551e-15
5.15671e-15
5.15045e-15
Process [2]
2.57898e-14
2.59816e-14
2.65374e-14
2.75267e-14
2.90428e-14
3.11921e-14
3.41415e-14
3.79641e-14
4.18788e-14
4.30998e-14
4.09742e-14
3.774e-14
3.44653e-14
3.12855e-14
2.8215e-14
2.52601e-14
2.24227e-14
1.97147e-14
1.71374e-14
1.47034e-14
1.24149e-14
1.02737e-14
8.29707e-15
6.49363e-15
4.8928e-15
3.5789e-15
2.72023e-15
2.52119e-15
2.92112e-15
3.63176e-15
4.42938e-15
5.21104e-15
5.93618e-15
6.59278e-15
7.17607e-15
7.68649e-15
8.12737e-15
8.50128e-15
8.81456e-15
9.06505e-15
9.27027e-15
9.42145e-15
9.53013e-15
9.59812e-15
9.6295e-15
9.62825e-15
9.59778e-15
9.54106e-15
9.46125e-15
9.3613e-15
9.24344e-15
9.10998e-15
8.96358e-15
8.80592e-15
8.63832e-15
8.46506e-15
8.28428e-15
8.09976e-15
7.91205e-15
7.72308e-15
7.53289e-15
7.34421e-15
7.15744e-15
6.97302e-15
6.79227e-15
6.61689e-15
6.44713e-15
6.28351e-15
6.12778e-15
5.98019e-15
5.842e-15
5.71377e-15
5.5965e-15
5.4908e-15
5.39753e-15
5.31722e-15
5.25059e-15
5.19818e-15
5.16038e-15
5.13773e-15
5.13009e-15
2.41674e-14
2.44203e-14
2.51628e-14
2.64575e-14
2.83852e-14
3.10383e-14
3.45389e-14
3.8905e-14
4.30797e-14
4.41732e-14
4.18597e-14
3.85774e-14
3.52857e-14
3.20766e-14
2.89613e-14
2.59595e-14
2.30618e-14
2.02886e-14
1.76412e-14
1.51284e-14
1.27585e-14
1.05306e-14
8.45825e-15
6.55012e-15
4.832e-15
3.37538e-15
2.38671e-15
2.17514e-15
2.68601e-15
3.5305e-15
4.44066e-15
5.30612e-15
6.1032e-15
6.82135e-15
7.45407e-15
8.00892e-15
8.48677e-15
8.89326e-15
9.2326e-15
9.5085e-15
9.7315e-15
9.89847e-15
1.0016e-14
1.00924e-14
1.0129e-14
1.01302e-14
1.00996e-14
1.00401e-14
9.95562e-15
9.84867e-15
9.72134e-15
9.57715e-15
9.4188e-15
9.24718e-15
9.06483e-15
8.87414e-15
8.67602e-15
8.47263e-15
8.26533e-15
8.05554e-15
7.84431e-15
7.63331e-15
7.42349e-15
7.21587e-15
7.01138e-15
6.81207e-15
6.6182e-15
6.43107e-15
6.25132e-15
6.08087e-15
5.91989e-15
5.76996e-15
5.63203e-15
5.50712e-15
5.39633e-15
5.30055e-15
5.22075e-15
5.15776e-15
5.11229e-15
5.08453e-15
5.0753e-15
2.2505e-14
2.28243e-14
2.37739e-14
2.53886e-14
2.77243e-14
3.08472e-14
3.4847e-14
3.96711e-14
4.40576e-14
4.50974e-14
4.26873e-14
3.9394e-14
3.60817e-14
3.28385e-14
2.96812e-14
2.66497e-14
2.36877e-14
2.08467e-14
1.81487e-14
1.55619e-14
1.31117e-14
1.08061e-14
8.64599e-15
6.64454e-15
4.82273e-15
3.23865e-15
2.11896e-15
1.90072e-15
2.53448e-15
3.50963e-15
4.51615e-15
5.45856e-15
6.31991e-15
7.08927e-15
7.7701e-15
8.36373e-15
8.87631e-15
9.31115e-15
9.67595e-15
9.97382e-15
1.02109e-14
1.03892e-14
1.05174e-14
1.06041e-14
1.06448e-14
1.06469e-14
1.06155e-14
1.05526e-14
1.04618e-14
1.03467e-14
1.02108e-14
1.00557e-14
9.88362e-15
9.69734e-15
9.49969e-15
9.29085e-15
9.0745e-15
8.85136e-15
8.62307e-15
8.39149e-15
8.15763e-15
7.92299e-15
7.68914e-15
7.4567e-15
7.22752e-15
7.00216e-15
6.78258e-15
6.56929e-15
6.36398e-15
6.16803e-15
5.9822e-15
5.80813e-15
5.64728e-15
5.50073e-15
5.37025e-15
5.25695e-15
5.16209e-15
5.08704e-15
5.03255e-15
4.99975e-15
4.98889e-15
2.08161e-14
2.1207e-14
2.23712e-14
2.43156e-14
2.70519e-14
3.05977e-14
3.50175e-14
4.02019e-14
4.48122e-14
4.58835e-14
4.34498e-14
4.01547e-14
3.68341e-14
3.35807e-14
3.04004e-14
2.7307e-14
2.43076e-14
2.14159e-14
1.86526e-14
1.60006e-14
1.34678e-14
1.1086e-14
8.84564e-15
6.75962e-15
4.84225e-15
3.14557e-15
1.90173e-15
1.68961e-15
2.45218e-15
3.54764e-15
4.63725e-15
5.64861e-15
6.56617e-15
7.38202e-15
8.10285e-15
8.73426e-15
9.27691e-15
9.73899e-15
1.01261e-14
1.04425e-14
1.06956e-14
1.08889e-14
1.10244e-14
1.11154e-14
1.11611e-14
1.11635e-14
1.11301e-14
1.10633e-14
1.0967e-14
1.08441e-14
1.06982e-14
1.05313e-14
1.03457e-14
1.01447e-14
9.93065e-15
9.70481e-15
9.46908e-15
9.22594e-15
8.97681e-15
8.72344e-15
8.46643e-15
8.20743e-15
7.94909e-15
7.69122e-15
7.43586e-15
7.18412e-15
6.93745e-15
6.69717e-15
6.46465e-15
6.24142e-15
6.02896e-15
5.8289e-15
5.643e-15
5.47297e-15
5.32077e-15
5.18794e-15
5.07641e-15
4.9877e-15
4.9234e-15
4.88387e-15
4.8707e-15
1.91054e-14
1.95765e-14
2.09679e-14
2.32309e-14
2.63339e-14
3.02524e-14
3.50194e-14
4.04931e-14
4.53163e-14
4.65454e-14
4.41794e-14
4.08796e-14
3.75561e-14
3.42846e-14
3.10755e-14
2.7949e-14
2.49061e-14
2.1961e-14
1.91225e-14
1.64083e-14
1.38206e-14
1.13586e-14
9.04537e-15
6.88107e-15
4.87896e-15
3.07706e-15
1.72456e-15
1.53334e-15
2.42702e-15
3.62866e-15
4.79385e-15
5.86323e-15
6.82824e-15
7.6867e-15
8.44616e-15
9.10759e-15
9.67874e-15
1.0167e-14
1.05734e-14
1.09066e-14
1.11738e-14
1.13771e-14
1.15238e-14
1.16175e-14
1.16609e-14
1.16698e-14
1.16329e-14
1.15623e-14
1.14595e-14
1.13291e-14
1.11732e-14
1.0995e-14
1.07966e-14
1.05813e-14
1.03507e-14
1.01078e-14
9.85361e-15
9.59024e-15
9.32034e-15
9.04446e-15
8.76481e-15
8.48236e-15
8.19865e-15
7.91533e-15
7.63389e-15
7.35527e-15
7.0809e-15
6.81292e-15
6.55252e-15
6.30103e-15
6.06065e-15
5.83326e-15
5.62069e-15
5.42527e-15
5.24956e-15
5.0954e-15
4.96533e-15
4.8616e-15
4.78581e-15
4.74041e-15
4.72476e-15
1.73825e-14
1.79403e-14
1.95597e-14
2.21351e-14
2.55686e-14
2.98003e-14
3.48318e-14
4.05441e-14
4.56036e-14
4.70739e-14
4.4839e-14
4.15653e-14
3.82452e-14
3.49592e-14
3.17295e-14
2.85633e-14
2.5481e-14
2.24794e-14
1.9585e-14
1.68086e-14
1.41457e-14
1.16261e-14
9.24711e-15
6.99953e-15
4.92213e-15
3.03372e-15
1.57799e-15
1.42285e-15
2.44966e-15
3.74338e-15
4.97204e-15
6.09361e-15
7.09948e-15
7.99771e-15
8.79116e-15
9.4795e-15
1.00761e-14
1.05836e-14
1.10081e-14
1.13574e-14
1.16362e-14
1.18495e-14
1.20036e-14
1.21024e-14
1.21499e-14
1.21527e-14
1.21161e-14
1.20422e-14
1.19332e-14
1.17947e-14
1.1629e-14
1.14398e-14
1.12286e-14
1.09992e-14
1.07532e-14
1.04935e-14
1.02213e-14
9.939e-15
9.64838e-15
9.35146e-15
9.04857e-15
8.74307e-15
8.43521e-15
8.12656e-15
7.81882e-15
7.5135e-15
7.21206e-15
6.91611e-15
6.62693e-15
6.34692e-15
6.07809e-15
5.82207e-15
5.58181e-15
5.35963e-15
5.15854e-15
4.98127e-15
4.83096e-15
4.71043e-15
4.62205e-15
4.56873e-15
4.55101e-15
1.56508e-14
1.62997e-14
1.81493e-14
2.10193e-14
2.47425e-14
2.92229e-14
3.44353e-14
4.02926e-14
4.56245e-14
4.74551e-14
4.54353e-14
4.22105e-14
3.88949e-14
3.56016e-14
3.23507e-14
2.91553e-14
2.60238e-14
2.29763e-14
2.00275e-14
1.71814e-14
1.44551e-14
1.18645e-14
9.4187e-15
7.11064e-15
4.95524e-15
2.99205e-15
1.4538e-15
1.35394e-15
2.51442e-15
3.88549e-15
5.17011e-15
6.33054e-15
7.37504e-15
8.30636e-15
9.1304e-15
9.84295e-15
1.04597e-14
1.09867e-14
1.14271e-14
1.1791e-14
1.208e-14
1.23012e-14
1.24597e-14
1.25626e-14
1.2613e-14
1.26136e-14
1.25706e-14
1.24967e-14
1.23821e-14
1.22355e-14
1.20608e-14
1.18602e-14
1.16371e-14
1.13944e-14
1.11337e-14
1.08576e-14
1.05685e-14
1.02675e-14
9.9576e-15
9.63989e-15
9.31602e-15
8.9875e-15
8.65603e-15
8.32289e-15
7.98977e-15
7.65834e-15
7.32992e-15
7.00607e-15
6.68881e-15
6.38013e-15
6.08208e-15
5.79707e-15
5.52781e-15
5.27764e-15
5.04968e-15
4.84768e-15
4.67532e-15
4.53637e-15
4.43406e-15
4.37184e-15
4.35119e-15
1.39182e-14
1.46672e-14
1.675e-14
1.98918e-14
2.38602e-14
2.85219e-14
3.38452e-14
3.97938e-14
4.53703e-14
4.76654e-14
4.59725e-14
4.28246e-14
3.95109e-14
3.62132e-14
3.29469e-14
2.97176e-14
2.65427e-14
2.34416e-14
2.04312e-14
1.75225e-14
1.4731e-14
1.20775e-14
9.55734e-15
7.19751e-15
4.9668e-15
2.93741e-15
1.34592e-15
1.32143e-15
2.61532e-15
4.04937e-15
5.37514e-15
6.57832e-15
7.653e-15
8.61285e-15
9.45668e-15
1.01945e-14
1.08313e-14
1.1373e-14
1.18279e-14
1.22002e-14
1.2499e-14
1.27267e-14
1.28899e-14
1.29955e-14
1.30463e-14
1.30485e-14
1.30047e-14
1.29193e-14
1.28001e-14
1.26478e-14
1.24643e-14
1.22537e-14
1.2019e-14
1.17631e-14
1.14885e-14
1.11974e-14
1.08917e-14
1.05736e-14
1.0245e-14
9.90823e-15
9.56349e-15
9.2135e-15
8.85949e-15
8.50305e-15
8.14559e-15
7.78831e-15
7.43395e-15
7.08325e-15
6.73835e-15
6.40105e-15
6.07396e-15
5.75958e-15
5.46088e-15
5.18174e-15
4.92544e-15
4.69701e-15
4.50064e-15
4.34149e-15
4.22369e-15
4.15155e-15
4.12761e-15
1.2196e-14
1.30487e-14
1.5369e-14
1.87629e-14
2.29278e-14
2.77252e-14
3.30891e-14
3.90376e-14
4.48154e-14
4.76758e-14
4.6445e-14
4.33873e-14
4.00923e-14
3.67993e-14
3.35075e-14
3.02463e-14
2.70271e-14
2.38718e-14
2.08022e-14
1.78311e-14
1.49738e-14
1.22531e-14
9.67258e-15
7.23689e-15
4.96976e-15
2.86674e-15
1.2484e-15
1.32608e-15
2.74833e-15
4.23315e-15
5.59725e-15
6.83169e-15
7.93396e-15
8.91592e-15
9.77841e-15
1.0533e-14
1.11853e-14
1.17399e-14
1.22063e-14
1.25871e-14
1.2891e-14
1.3124e-14
1.32909e-14
1.33981e-14
1.34488e-14
1.34491e-14
1.3403e-14
1.33174e-14
1.31871e-14
1.303e-14
1.28361e-14
1.26159e-14
1.23708e-14
1.2103e-14
1.18152e-14
1.151e-14
1.11892e-14
1.08551e-14
1.05093e-14
1.01534e-14
9.79e-15
9.41968e-15
9.04465e-15
8.66591e-15
8.28529e-15
7.90441e-15
7.52474e-15
7.14783e-15
6.77598e-15
6.41069e-15
6.05524e-15
5.71146e-15
5.38318e-15
5.07395e-15
4.7885e-15
4.53177e-15
4.30968e-15
4.12826e-15
3.99308e-15
3.90971e-15
3.88201e-15
1.0516e-14
1.14543e-14
1.40232e-14
1.76518e-14
2.1973e-14
2.67869e-14
3.21812e-14
3.80577e-14
4.39461e-14
4.74371e-14
4.68223e-14
4.39207e-14
4.06517e-14
3.73609e-14
3.40446e-14
3.07482e-14
2.74868e-14
2.4271e-14
2.1138e-14
1.80947e-14
1.51742e-14
1.23882e-14
9.74325e-15
7.25451e-15
4.9215e-15
2.77432e-15
1.16715e-15
1.37132e-15
2.90896e-15
4.43628e-15
5.82935e-15
7.08687e-15
8.21263e-15
9.21324e-15
1.00907e-14
1.08585e-14
1.15219e-14
1.20867e-14
1.25591e-14
1.29468e-14
1.32563e-14
1.34914e-14
1.36603e-14
1.37676e-14
1.38175e-14
1.38161e-14
1.37667e-14
1.36761e-14
1.35423e-14
1.33706e-14
1.31754e-14
1.29458e-14
1.26905e-14
1.24117e-14
1.21121e-14
1.17935e-14
1.14588e-14
1.11097e-14
1.0748e-14
1.03756e-14
9.99421e-15
9.60527e-15
9.21017e-15
8.81096e-15
8.4089e-15
8.00534e-15
7.60184e-15
7.20055e-15
6.80268e-15
6.41075e-15
6.02715e-15
5.65457e-15
5.29649e-15
4.95702e-15
4.64123e-15
4.35484e-15
4.10494e-15
3.89892e-15
3.74462e-15
3.64816e-15
3.61612e-15
8.80365e-15
9.89937e-15
1.27322e-14
1.65811e-14
2.10116e-14
2.58739e-14
3.1163e-14
3.6896e-14
4.27739e-14
4.68983e-14
Process [3]
4.70572e-14
4.44153e-14
4.11912e-14
3.7898e-14
3.45674e-14
3.12233e-14
2.7907e-14
2.46326e-14
2.14316e-14
1.83202e-14
1.53314e-14
1.24796e-14
9.77162e-15
7.22685e-15
4.84788e-15
2.63561e-15
1.1049e-15
1.46641e-15
3.10023e-15
4.65709e-15
6.07336e-15
7.34783e-15
8.4895e-15
9.50084e-15
1.03922e-14
1.11687e-14
1.1839e-14
1.2409e-14
1.28876e-14
1.32783e-14
1.35894e-14
1.38271e-14
1.39965e-14
1.41031e-14
1.41518e-14
1.41472e-14
1.40949e-14
1.39983e-14
1.38603e-14
1.36884e-14
1.34837e-14
1.32425e-14
1.29773e-14
1.26882e-14
1.23776e-14
1.20473e-14
1.16997e-14
1.13369e-14
1.09607e-14
1.05727e-14
1.01752e-14
9.76892e-15
9.35598e-15
8.93801e-15
8.51569e-15
8.09135e-15
7.66596e-15
7.24126e-15
6.81919e-15
6.40196e-15
5.9915e-15
5.59088e-15
5.20348e-15
4.83379e-15
4.48671e-15
4.16936e-15
3.88954e-15
3.65633e-15
3.48052e-15
3.3689e-15
3.33161e-15
7.18306e-15
8.41077e-15
1.15368e-14
1.55735e-14
2.0073e-14
2.49189e-14
3.00836e-14
3.56153e-14
4.13665e-14
4.60113e-14
4.70879e-14
4.4881e-14
4.17187e-14
3.84252e-14
3.50708e-14
3.16862e-14
2.83076e-14
2.4962e-14
2.16804e-14
1.85004e-14
1.54356e-14
1.25193e-14
9.75042e-15
7.15297e-15
4.72859e-15
2.48227e-15
1.07098e-15
1.61328e-15
3.31253e-15
4.89217e-15
6.32585e-15
7.61359e-15
8.76376e-15
9.78477e-15
1.06808e-14
1.14614e-14
1.21354e-14
1.27085e-14
1.31878e-14
1.35815e-14
1.38931e-14
1.413e-14
1.42985e-14
1.44019e-14
1.44496e-14
1.44421e-14
1.43854e-14
1.42837e-14
1.41413e-14
1.39612e-14
1.37461e-14
1.3499e-14
1.32298e-14
1.29312e-14
1.26107e-14
1.22698e-14
1.19109e-14
1.15359e-14
1.11464e-14
1.07449e-14
1.03326e-14
9.91133e-15
9.48196e-15
9.04648e-15
8.60621e-15
8.16275e-15
7.71731e-15
7.27145e-15
6.82679e-15
6.38567e-15
5.94974e-15
5.52255e-15
5.10659e-15
4.70674e-15
4.32843e-15
3.97891e-15
3.66688e-15
3.40384e-15
3.20314e-15
3.07476e-15
3.03009e-15
5.58435e-15
7.02448e-15
1.04744e-14
1.46687e-14
1.91974e-14
2.39744e-14
2.89853e-14
3.42671e-14
3.97775e-14
4.47349e-14
4.68092e-14
4.52826e-14
4.22458e-14
3.89465e-14
3.55656e-14
3.21253e-14
2.86714e-14
2.52487e-14
2.1882e-14
1.86153e-14
1.54845e-14
1.24954e-14
9.67507e-15
7.02621e-15
4.56146e-15
2.29468e-15
1.05224e-15
1.81182e-15
3.54922e-15
5.14339e-15
6.58477e-15
7.87934e-15
9.03356e-15
1.00555e-14
1.09535e-14
1.17367e-14
1.24098e-14
1.29825e-14
1.34612e-14
1.38524e-14
1.41628e-14
1.43977e-14
1.45641e-14
1.46647e-14
1.4709e-14
1.46982e-14
1.46378e-14
1.45316e-14
1.43842e-14
1.41984e-14
1.39783e-14
1.37259e-14
1.34438e-14
1.3141e-14
1.28108e-14
1.24605e-14
1.20916e-14
1.17058e-14
1.13052e-14
1.08914e-14
1.04661e-14
1.00313e-14
9.5876e-15
9.1369e-15
8.6805e-15
8.21989e-15
7.75625e-15
7.29105e-15
6.82626e-15
6.36313e-15
5.90365e-15
5.45141e-15
5.00867e-15
4.57944e-15
4.16976e-15
3.78689e-15
3.44128e-15
3.14541e-15
2.9147e-15
2.76838e-15
2.71808e-15
4.14784e-15
5.78901e-15
9.58632e-15
1.39e-14
1.841e-14
2.30839e-14
2.7921e-14
3.29344e-14
3.81336e-14
4.31374e-14
4.61224e-14
4.55498e-14
4.27648e-14
3.94761e-14
3.60561e-14
3.25439e-14
2.90082e-14
2.54864e-14
2.20324e-14
1.86839e-14
1.54686e-14
1.24129e-14
9.53795e-15
6.84618e-15
4.34977e-15
2.04192e-15
1.04477e-15
2.0505e-15
3.80878e-15
5.40875e-15
6.85152e-15
8.14509e-15
9.2957e-15
1.03162e-14
1.12099e-14
1.19846e-14
1.26586e-14
1.32282e-14
1.37032e-14
1.40915e-14
1.43978e-14
1.46298e-14
1.47927e-14
1.48903e-14
1.49303e-14
1.49156e-14
1.48511e-14
1.47405e-14
1.45877e-14
1.43972e-14
1.41717e-14
1.39136e-14
1.36277e-14
1.33149e-14
1.29769e-14
1.26193e-14
1.22416e-14
1.18466e-14
1.14362e-14
1.1012e-14
1.05758e-14
1.01288e-14
9.67282e-15
9.20896e-15
8.73858e-15
8.26312e-15
7.78367e-15
7.30162e-15
6.81846e-15
6.33579e-15
5.85553e-15
5.37978e-15
4.91167e-15
4.4547e-15
4.01448e-15
3.59819e-15
3.21688e-15
2.88407e-15
2.62178e-15
2.4484e-15
2.38779e-15
2.99586e-15
4.81542e-15
8.93846e-15
1.32881e-14
1.77335e-14
2.22807e-14
2.6927e-14
3.16669e-14
3.65307e-14
4.1336e-14
4.49804e-14
4.55493e-14
4.32761e-14
4.00256e-14
3.65553e-14
3.2965e-14
2.93197e-14
2.56902e-14
2.21296e-14
1.86791e-14
1.53851e-14
1.22694e-14
9.34119e-15
6.6148e-15
4.09028e-15
1.77664e-15
1.03993e-15
2.32183e-15
4.08598e-15
5.68333e-15
7.11728e-15
8.40574e-15
9.549e-15
1.05592e-14
1.14472e-14
1.22173e-14
1.28825e-14
1.34443e-14
1.39126e-14
1.42949e-14
1.45969e-14
1.48231e-14
1.49818e-14
1.50759e-14
1.51115e-14
1.50925e-14
1.5024e-14
1.49088e-14
1.47526e-14
1.45573e-14
1.43268e-14
1.4064e-14
1.3772e-14
1.34551e-14
1.31118e-14
1.27449e-14
1.23605e-14
1.19579e-14
1.15395e-14
1.11068e-14
1.06612e-14
1.02046e-14
9.73824e-15
9.26323e-15
8.78115e-15
8.29292e-15
7.79994e-15
7.30354e-15
6.80458e-15
6.3047e-15
5.80591e-15
5.30975e-15
4.81858e-15
4.33619e-15
3.86692e-15
3.41781e-15
2.99927e-15
2.62721e-15
2.32505e-15
2.12196e-15
2.0509e-15
2.47135e-15
4.34278e-15
8.56511e-15
1.28579e-14
1.71964e-14
2.15846e-14
2.60275e-14
3.05165e-14
3.50442e-14
3.95241e-14
4.34367e-14
4.51266e-14
4.37153e-14
4.06157e-14
3.70816e-14
3.33754e-14
2.96068e-14
2.58407e-14
2.2157e-14
1.86077e-14
1.52313e-14
1.20519e-14
9.08367e-15
6.32853e-15
3.78873e-15
1.45646e-15
1.03336e-15
2.61875e-15
4.37261e-15
5.95949e-15
7.38218e-15
8.65456e-15
9.78498e-15
1.07839e-14
1.16606e-14
1.24186e-14
1.30716e-14
1.36252e-14
1.4086e-14
1.4461e-14
1.47567e-14
1.49781e-14
1.51305e-14
1.522e-14
1.52516e-14
1.52284e-14
1.51561e-14
1.50391e-14
1.4877e-14
1.46779e-14
1.44434e-14
1.41765e-14
1.38802e-14
1.35566e-14
1.321e-14
1.28392e-14
1.24482e-14
1.204e-14
1.16153e-14
1.11756e-14
1.0723e-14
1.02585e-14
9.78379e-15
9.29996e-15
8.80839e-15
8.30975e-15
7.80601e-15
7.29749e-15
6.78567e-15
6.27163e-15
5.757e-15
5.2431e-15
4.73211e-15
4.2267e-15
3.73093e-15
3.25051e-15
2.79515e-15
2.38038e-15
2.03336e-15
1.79138e-15
1.70439e-15
2.82119e-15
4.5646e-15
8.49749e-15
1.26211e-14
1.67975e-14
2.10049e-14
2.52431e-14
2.94834e-14
3.37012e-14
3.78409e-14
4.16693e-14
4.41944e-14
4.39324e-14
4.12406e-14
3.76451e-14
3.38047e-14
2.98678e-14
2.59459e-14
2.2127e-14
1.84681e-14
1.50097e-14
1.17701e-14
8.76478e-15
5.99045e-15
3.43554e-15
1.21821e-15
1.11315e-15
2.92918e-15
4.66796e-15
6.23229e-15
7.63601e-15
8.89128e-15
1.00018e-14
1.09849e-14
1.18414e-14
1.25863e-14
1.32287e-14
1.37704e-14
1.42221e-14
1.45874e-14
1.48759e-14
1.50905e-14
1.52376e-14
1.53227e-14
1.5349e-14
1.53226e-14
1.52467e-14
1.51236e-14
1.49605e-14
1.47584e-14
1.4521e-14
1.42511e-14
1.39515e-14
1.3625e-14
1.3273e-14
1.28991e-14
1.25049e-14
1.20928e-14
1.16633e-14
1.12188e-14
1.07608e-14
1.02908e-14
9.80986e-15
9.3195e-15
8.82056e-15
8.31466e-15
7.8021e-15
7.2844e-15
6.76241e-15
6.23737e-15
5.71007e-15
5.182e-15
4.65446e-15
4.12972e-15
3.61099e-15
3.10235e-15
2.61166e-15
2.15292e-15
1.75368e-15
1.46525e-15
1.35622e-15
3.79681e-15
5.27797e-15
8.7124e-15
1.25697e-14
1.65345e-14
2.05067e-14
2.45671e-14
2.85677e-14
3.2512e-14
3.63428e-14
3.99413e-14
4.2849e-14
4.37335e-14
4.18372e-14
3.82851e-14
3.42574e-14
3.0113e-14
2.60054e-14
2.20246e-14
1.82525e-14
1.47098e-14
1.14246e-14
8.39172e-15
5.60807e-15
3.06761e-15
1.13607e-15
1.36381e-15
3.24584e-15
4.95675e-15
6.49368e-15
7.87199e-15
9.09685e-15
1.01908e-14
1.11501e-14
1.19902e-14
1.27212e-14
1.33462e-14
1.38759e-14
1.43154e-14
1.4673e-14
1.49518e-14
1.51602e-14
1.53015e-14
1.53813e-14
1.54037e-14
1.53713e-14
1.52945e-14
1.51694e-14
1.50034e-14
1.4799e-14
1.45593e-14
1.42876e-14
1.39861e-14
1.36574e-14
1.33039e-14
1.2928e-14
1.25317e-14
1.2116e-14
1.1684e-14
1.12365e-14
1.07752e-14
1.03014e-14
9.81675e-15
9.32202e-15
8.81849e-15
8.3071e-15
7.78888e-15
7.2648e-15
6.73582e-15
6.20251e-15
5.66633e-15
5.12774e-15
4.58797e-15
4.04841e-15
3.51121e-15
2.97925e-15
2.4579e-15
1.957e-15
1.50117e-15
1.14291e-15
9.98253e-16
5.01092e-15
6.22261e-15
9.15517e-15
1.26894e-14
1.64072e-14
2.01714e-14
2.40022e-14
2.77745e-14
3.14744e-14
3.50312e-14
3.83716e-14
4.13041e-14
4.30418e-14
4.22472e-14
3.90061e-14
3.47605e-14
3.03511e-14
2.60189e-14
2.18678e-14
1.79691e-14
1.43508e-14
1.10199e-14
7.97462e-15
5.19457e-15
2.69466e-15
1.14986e-15
1.71709e-15
3.55765e-15
5.2291e-15
6.73668e-15
8.08237e-15
9.27882e-15
1.03435e-14
1.12817e-14
1.21014e-14
1.28127e-14
1.34209e-14
1.39382e-14
1.43663e-14
1.47129e-14
1.49836e-14
1.51846e-14
1.53204e-14
1.53934e-14
1.5413e-14
1.53797e-14
1.52983e-14
1.5172e-14
1.50044e-14
1.47991e-14
1.45587e-14
1.4286e-14
1.39838e-14
1.36546e-14
1.33007e-14
1.2924e-14
1.25269e-14
1.21108e-14
1.16776e-14
1.12291e-14
1.07665e-14
1.02913e-14
9.80488e-15
9.3082e-15
8.80228e-15
8.28827e-15
7.76708e-15
7.23999e-15
6.70661e-15
6.16865e-15
5.627e-15
5.08189e-15
4.53431e-15
3.98524e-15
3.43532e-15
2.88676e-15
2.34215e-15
1.80617e-15
1.29463e-15
8.53452e-16
6.50464e-16
6.29196e-15
7.28269e-15
9.77535e-15
1.29567e-14
1.64019e-14
1.99438e-14
2.3539e-14
2.70858e-14
3.05583e-14
3.38945e-14
3.7007e-14
3.98221e-14
4.19702e-14
4.22747e-14
3.97388e-14
3.53565e-14
3.06053e-14
2.59885e-14
2.16413e-14
1.76213e-14
1.39337e-14
1.05789e-14
7.5392e-15
4.79182e-15
2.33878e-15
1.18533e-15
2.06328e-15
3.84888e-15
5.47584e-15
6.94541e-15
8.2547e-15
9.42165e-15
1.04564e-14
1.13675e-14
1.21667e-14
1.28583e-14
1.34504e-14
1.39526e-14
1.43686e-14
1.47054e-14
1.49679e-14
1.51594e-14
1.52943e-14
1.53618e-14
1.53786e-14
1.53427e-14
1.52591e-14
1.51322e-14
1.4964e-14
1.47589e-14
1.45186e-14
1.42464e-14
1.39449e-14
1.36166e-14
1.32636e-14
1.2888e-14
1.24919e-14
1.20768e-14
1.16446e-14
1.11969e-14
1.07352e-14
1.02605e-14
9.77457e-15
9.27824e-15
8.77251e-15
8.25859e-15
7.7372e-15
7.20971e-15
6.67535e-15
6.1364e-15
5.59286e-15
5.0456e-15
4.49503e-15
3.94186e-15
3.38633e-15
2.82978e-15
2.27225e-15
1.7164e-15
1.16505e-15
6.385e-16
3.5299e-16
Process [4]
7.59404e-15
8.40767e-15
1.05232e-14
1.33568e-14
1.6516e-14
1.98273e-14
2.31838e-14
2.65117e-14
2.97674e-14
3.28933e-14
3.58196e-14
3.84898e-14
4.07371e-14
4.18634e-14
4.03119e-14
3.604e-14
3.08843e-14
2.5932e-14
2.13652e-14
1.7223e-14
1.34786e-14
1.01204e-14
7.0991e-15
4.39817e-15
2.0563e-15
1.26875e-15
2.38854e-15
4.11226e-15
5.69117e-15
7.11132e-15
8.38386e-15
9.51603e-15
1.05217e-14
1.14063e-14
1.21804e-14
1.28529e-14
1.34306e-14
1.39162e-14
1.432e-14
1.46483e-14
1.49032e-14
1.50907e-14
1.52174e-14
1.52848e-14
1.52976e-14
1.52603e-14
1.51766e-14
1.50495e-14
1.48819e-14
1.46777e-14
1.44391e-14
1.4169e-14
1.38697e-14
1.35439e-14
1.31934e-14
1.28204e-14
1.24269e-14
1.2014e-14
1.15845e-14
1.11401e-14
1.06813e-14
1.02096e-14
9.72637e-15
9.23269e-15
8.72958e-15
8.21846e-15
7.6995e-15
7.17412e-15
6.64262e-15
6.10595e-15
5.56463e-15
5.01967e-15
4.47132e-15
3.91987e-15
3.36605e-15
2.81083e-15
2.25393e-15
1.69731e-15
1.14347e-15
6.04124e-16
3.01141e-16
8.88502e-15
9.56472e-15
1.13628e-14
1.38639e-14
1.67389e-14
1.97977e-14
2.28693e-14
2.6041e-14
2.90942e-14
3.20267e-14
3.4791e-14
3.73218e-14
3.95483e-14
4.11292e-14
4.05601e-14
3.67237e-14
3.11937e-14
2.58452e-14
2.10588e-14
1.67996e-14
1.30208e-14
9.67241e-15
6.69556e-15
4.06769e-15
1.90918e-15
1.43069e-15
2.67728e-15
4.33143e-15
5.85117e-15
7.22572e-15
8.45526e-15
9.55505e-15
1.0528e-14
1.13905e-14
1.21386e-14
1.27934e-14
1.33548e-14
1.38279e-14
1.42222e-14
1.45408e-14
1.47887e-14
1.49715e-14
1.50938e-14
1.51583e-14
1.51704e-14
1.51331e-14
1.50499e-14
1.49241e-14
1.47587e-14
1.45567e-14
1.43212e-14
1.40544e-14
1.37585e-14
1.34365e-14
1.30903e-14
1.27216e-14
1.23326e-14
1.19247e-14
1.15008e-14
1.10606e-14
1.06058e-14
1.01391e-14
9.66069e-15
9.17221e-15
8.67429e-15
8.16819e-15
7.65485e-15
7.13465e-15
6.6089e-15
6.07815e-15
5.54295e-15
5.00444e-15
4.46301e-15
3.91955e-15
3.37489e-15
2.83036e-15
2.28788e-15
1.75211e-15
1.23278e-15
7.70757e-16
5.50615e-16
1.01889e-14
1.074e-14
1.22718e-14
1.44725e-14
1.70629e-14
1.98634e-14
2.2725e-14
2.5673e-14
2.85321e-14
3.12846e-14
3.39025e-14
3.63074e-14
3.84865e-14
4.0246e-14
4.04545e-14
3.72315e-14
3.14801e-14
2.57389e-14
2.07284e-14
1.63792e-14
1.25955e-14
9.27679e-15
6.36624e-15
3.8325e-15
1.91829e-15
1.66487e-15
2.92523e-15
4.49459e-15
5.95194e-15
7.27913e-15
8.46836e-15
9.53232e-15
1.04759e-14
1.13095e-14
1.20415e-14
1.26767e-14
1.32227e-14
1.36845e-14
1.40686e-14
1.43801e-14
1.46225e-14
1.48013e-14
1.49213e-14
1.49854e-14
1.49972e-14
1.49605e-14
1.48792e-14
1.47559e-14
1.45941e-14
1.43962e-14
1.41649e-14
1.39027e-14
1.36122e-14
1.32958e-14
1.2955e-14
1.25923e-14
1.22094e-14
1.18078e-14
1.13907e-14
1.0957e-14
1.05098e-14
1.00491e-14
9.57845e-15
9.09712e-15
8.60669e-15
8.1084e-15
7.60322e-15
7.09135e-15
6.57438e-15
6.05286e-15
5.52772e-15
5e-15
4.47049e-15
3.94034e-15
3.41202e-15
2.88707e-15
2.37045e-15
1.87163e-15
1.41008e-15
1.04091e-15
8.87516e-16
1.14609e-14
1.19266e-14
1.32358e-14
1.5162e-14
1.74822e-14
2.00352e-14
2.27072e-14
2.53917e-14
2.8078e-14
3.06728e-14
3.31449e-14
3.54471e-14
3.75609e-14
3.93779e-14
4.00792e-14
3.74209e-14
3.16346e-14
2.55867e-14
2.038e-14
1.59932e-14
1.22267e-14
8.97466e-15
6.14778e-15
3.73198e-15
2.05992e-15
1.93499e-15
3.11739e-15
4.59267e-15
5.99052e-15
7.26572e-15
8.41263e-15
9.44279e-15
1.03576e-14
1.11671e-14
1.18802e-14
1.24995e-14
1.30312e-14
1.34831e-14
1.38595e-14
1.41657e-14
1.44049e-14
1.45818e-14
1.47007e-14
1.47645e-14
1.47778e-14
1.47438e-14
1.46657e-14
1.45464e-14
1.43893e-14
1.41967e-14
1.39711e-14
1.37151e-14
1.34314e-14
1.31218e-14
1.27884e-14
1.24333e-14
1.20582e-14
1.16652e-14
1.12548e-14
1.08318e-14
1.03932e-14
9.94104e-15
9.47962e-15
9.00783e-15
8.52762e-15
8.03931e-15
7.54475e-15
7.0443e-15
6.53923e-15
6.0301e-15
5.51875e-15
5.00564e-15
4.49266e-15
3.98159e-15
3.47499e-15
2.97713e-15
2.4948e-15
2.0411e-15
1.64056e-15
1.34939e-15
1.23758e-15
1.27325e-14
1.31207e-14
1.42403e-14
1.5922e-14
1.79923e-14
2.03084e-14
2.27551e-14
2.52484e-14
2.77512e-14
3.01857e-14
3.25213e-14
3.47245e-14
3.67682e-14
3.85917e-14
3.95421e-14
3.72447e-14
3.15242e-14
2.53015e-14
2.00333e-14
1.56712e-14
1.19762e-14
8.80596e-15
6.07327e-15
3.80575e-15
2.31464e-15
2.21779e-15
3.26509e-15
4.62921e-15
5.95548e-15
7.17711e-15
8.28408e-15
9.2824e-15
1.01729e-14
1.0961e-14
1.16554e-14
1.22612e-14
1.27839e-14
1.32273e-14
1.35974e-14
1.38991e-14
1.41364e-14
1.43124e-14
1.44314e-14
1.4497e-14
1.45135e-14
1.44837e-14
1.44098e-14
1.42962e-14
1.41453e-14
1.39592e-14
1.37407e-14
1.34927e-14
1.3217e-14
1.29158e-14
1.25911e-14
1.22454e-14
1.188e-14
1.14965e-14
1.10974e-14
1.06814e-14
1.0253e-14
9.81408e-15
9.36526e-15
8.90514e-15
8.43731e-15
7.96177e-15
7.48034e-15
6.99381e-15
6.50342e-15
6.01028e-15
5.51559e-15
5.02107e-15
4.52859e-15
4.04069e-15
3.56094e-15
3.09521e-15
2.65131e-15
2.24684e-15
1.90345e-15
1.66362e-15
1.57603e-15
1.39869e-14
1.43215e-14
1.52769e-14
1.67485e-14
1.85851e-14
2.06709e-14
2.29101e-14
2.52154e-14
2.75358e-14
2.98316e-14
3.20241e-14
3.41326e-14
3.61166e-14
3.79335e-14
3.89195e-14
3.67127e-14
3.10587e-14
2.48945e-14
1.97075e-14
1.54363e-14
1.18509e-14
8.78548e-15
6.17196e-15
4.04428e-15
2.66984e-15
2.51242e-15
3.37742e-15
4.60834e-15
5.85349e-15
7.02176e-15
8.08648e-15
9.05559e-15
9.92018e-15
1.06901e-14
1.13677e-14
1.19635e-14
1.24764e-14
1.2916e-14
1.32808e-14
1.35813e-14
1.38173e-14
1.39937e-14
1.41141e-14
1.41847e-14
1.42057e-14
1.41806e-14
1.41134e-14
1.40067e-14
1.38627e-14
1.36843e-14
1.34756e-14
1.32364e-14
1.29703e-14
1.26793e-14
1.2365e-14
1.203e-14
1.16757e-14
1.13039e-14
1.09159e-14
1.05147e-14
1.01e-14
9.67314e-15
9.2367e-15
8.78956e-15
8.33631e-15
7.87575e-15
7.41004e-15
6.94004e-15
6.46705e-15
5.99245e-15
5.51779e-15
5.04496e-15
4.57625e-15
4.11542e-15
3.6659e-15
3.23524e-15
2.8324e-15
2.47403e-15
2.17971e-15
1.98233e-15
1.91185e-15
1.52462e-14
1.55289e-14
1.6355e-14
1.76328e-14
1.92603e-14
2.11331e-14
2.31651e-14
2.5289e-14
2.74418e-14
2.95847e-14
3.16479e-14
3.36599e-14
3.55989e-14
3.73642e-14
3.82091e-14
3.5816e-14
3.02394e-14
2.43628e-14
1.94238e-14
1.53328e-14
1.18898e-14
8.94702e-15
6.4552e-15
4.44183e-15
3.12256e-15
2.83587e-15
3.47569e-15
4.54458e-15
5.69486e-15
6.80184e-15
7.8282e-15
8.76149e-15
9.60262e-15
1.03556e-14
1.10237e-14
1.16083e-14
1.21163e-14
1.25487e-14
1.29142e-14
1.32135e-14
1.34504e-14
1.36297e-14
1.37541e-14
1.38292e-14
1.38554e-14
1.38378e-14
1.37783e-14
1.36798e-14
1.3544e-14
1.33758e-14
1.31762e-14
1.29478e-14
1.26927e-14
1.24129e-14
1.21108e-14
1.17881e-14
1.14466e-14
1.1088e-14
1.07137e-14
1.03264e-14
9.92442e-15
9.51182e-15
9.09141e-15
8.66284e-15
8.22466e-15
7.78201e-15
7.33397e-15
6.88303e-15
6.42973e-15
5.97638e-15
5.52437e-15
5.07587e-15
4.63415e-15
4.20231e-15
3.7859e-15
3.39127e-15
3.02939e-15
2.71212e-15
2.46343e-15
2.2998e-15
2.24242e-15
1.6499e-14
1.67418e-14
1.74542e-14
1.85705e-14
2.00081e-14
2.16855e-14
2.35265e-14
2.54749e-14
2.74683e-14
2.94666e-14
3.14408e-14
3.33603e-14
3.52125e-14
3.6887e-14
3.73639e-14
3.45662e-14
2.91584e-14
2.37835e-14
1.92148e-14
1.53685e-14
1.20957e-14
9.29054e-15
6.911e-15
4.98404e-15
3.67147e-15
3.21466e-15
3.5981e-15
4.47109e-15
5.50175e-15
6.53352e-15
7.51136e-15
8.41411e-15
9.23491e-15
9.97133e-15
1.06257e-14
1.12007e-14
1.17045e-14
1.2135e-14
1.24982e-14
1.27981e-14
1.30388e-14
1.32215e-14
1.33521e-14
1.34331e-14
1.34673e-14
1.34578e-14
1.34064e-14
1.33167e-14
1.31917e-14
1.30337e-14
1.28455e-14
1.26288e-14
1.23863e-14
1.21192e-14
1.18304e-14
1.15216e-14
1.11942e-14
1.08502e-14
1.04912e-14
1.01194e-14
9.7329e-15
9.33624e-15
8.9324e-15
8.5219e-15
8.10482e-15
7.68022e-15
7.25276e-15
6.82247e-15
6.39151e-15
5.96136e-15
5.53444e-15
5.11259e-15
4.69954e-15
4.29898e-15
3.91625e-15
3.55777e-15
3.23507e-15
2.95739e-15
2.74051e-15
2.60349e-15
2.55916e-15
1.77495e-14
1.79613e-14
1.85756e-14
1.95491e-14
2.08227e-14
2.23226e-14
2.39875e-14
2.57622e-14
2.76059e-14
2.94717e-14
3.13289e-14
3.31618e-14
3.49434e-14
3.6434e-14
3.62658e-14
3.30125e-14
2.80122e-14
2.32568e-14
1.91283e-14
1.55555e-14
1.24718e-14
9.80058e-15
7.51814e-15
5.64797e-15
4.31086e-15
3.67352e-15
3.78334e-15
4.42141e-15
5.30057e-15
6.24168e-15
7.16045e-15
8.02464e-15
8.81714e-15
9.5366e-15
1.01804e-14
1.07498e-14
1.12469e-14
1.16775e-14
1.20411e-14
1.23451e-14
1.25881e-14
1.27754e-14
1.29132e-14
1.30006e-14
1.30433e-14
1.30421e-14
1.30005e-14
1.29218e-14
1.2808e-14
1.26617e-14
1.24855e-14
1.22822e-14
1.20527e-14
1.17998e-14
1.15257e-14
1.12318e-14
1.092e-14
1.05921e-14
1.02499e-14
9.89482e-15
9.52689e-15
9.1495e-15
8.76738e-15
8.37101e-15
7.97432e-15
7.57229e-15
7.16579e-15
6.75874e-15
6.35181e-15
5.94685e-15
5.54659e-15
5.15312e-15
4.7702e-15
4.40163e-15
4.05305e-15
3.73001e-15
3.44352e-15
3.20071e-15
3.014e-15
2.89583e-15
2.85695e-15
1.90031e-14
1.91844e-14
1.97195e-14
2.05694e-14
2.16921e-14
2.30334e-14
2.45384e-14
2.61548e-14
2.7858e-14
2.95961e-14
3.13481e-14
3.30838e-14
3.47659e-14
3.58423e-14
3.48419e-14
3.13784e-14
2.69956e-14
2.28681e-14
1.91737e-14
1.58913e-14
1.29859e-14
1.04443e-14
8.24422e-15
6.41682e-15
5.03532e-15
4.22916e-15
4.06504e-15
4.44035e-15
5.13194e-15
5.95367e-15
6.79862e-15
7.6127e-15
8.37397e-15
9.07098e-15
9.70159e-15
1.02629e-14
1.07552e-14
1.11829e-14
1.15488e-14
1.18545e-14
1.21016e-14
1.22969e-14
1.24394e-14
1.25351e-14
1.25866e-14
1.25942e-14
1.25644e-14
1.24967e-14
1.23952e-14
1.22615e-14
1.20992e-14
1.19097e-14
1.16947e-14
1.14573e-14
1.11987e-14
1.09211e-14
1.06261e-14
1.03159e-14
9.99131e-15
9.65433e-15
9.30726e-15
8.94718e-15
8.58127e-15
8.21052e-15
7.83574e-15
7.45726e-15
7.07377e-15
6.69174e-15
6.31004e-15
5.93196e-15
5.5598e-15
5.19584e-15
4.84374e-15
4.50752e-15
4.19202e-15
3.90369e-15
3.65008e-15
3.43735e-15
3.27897e-15
3.18106e-15
3.14681e-15
2.0256e-14
2.04116e-14
2.08794e-14
2.16245e-14
2.2614e-14
2.38158e-14
2.51718e-14
2.66463e-14
2.82137e-14
2.98306e-14
Process [5]
3.14783e-14
3.31237e-14
3.45637e-14
3.49376e-14
3.32185e-14
2.99241e-14
2.62407e-14
2.26836e-14
1.93668e-14
1.63474e-14
1.36202e-14
1.11874e-14
9.06058e-15
7.25623e-15
5.83077e-15
4.87675e-15
4.46623e-15
4.56665e-15
5.03652e-15
5.70442e-15
6.45086e-15
7.20048e-15
7.9166e-15
8.58989e-15
9.20239e-15
9.75105e-15
1.02385e-14
1.06635e-14
1.10292e-14
1.1337e-14
1.15881e-14
1.1789e-14
1.1939e-14
1.20433e-14
1.21033e-14
1.21219e-14
1.21026e-14
1.20472e-14
1.19584e-14
1.18382e-14
1.16896e-14
1.15149e-14
1.13153e-14
1.10941e-14
1.08522e-14
1.05916e-14
1.03147e-14
1.00226e-14
9.71745e-15
9.40008e-15
9.07371e-15
8.73645e-15
8.39138e-15
8.04265e-15
7.69043e-15
7.336e-15
6.97701e-15
6.62096e-15
6.26578e-15
5.91598e-15
5.57237e-15
5.23874e-15
4.91769e-15
4.61341e-15
4.33042e-15
4.07418e-15
3.85005e-15
3.66793e-15
3.52971e-15
3.44387e-15
3.41458e-15
2.15069e-14
2.16436e-14
2.20514e-14
2.27078e-14
2.35873e-14
2.46587e-14
2.5876e-14
2.72267e-14
2.86641e-14
3.01676e-14
3.17071e-14
3.31861e-14
3.41464e-14
3.37333e-14
3.17386e-14
2.8892e-14
2.57747e-14
2.2672e-14
1.96891e-14
1.68925e-14
1.43232e-14
1.19969e-14
9.92915e-15
8.1453e-15
6.68295e-15
5.60819e-15
4.98487e-15
4.82623e-15
5.0528e-15
5.53808e-15
6.15413e-15
6.81949e-15
7.48131e-15
8.11332e-15
8.69884e-15
9.23211e-15
9.70941e-15
1.01279e-14
1.04926e-14
1.08003e-14
1.10553e-14
1.12602e-14
1.14186e-14
1.153e-14
1.15989e-14
1.16274e-14
1.16193e-14
1.1576e-14
1.15005e-14
1.13944e-14
1.12604e-14
1.1101e-14
1.0918e-14
1.07131e-14
1.04888e-14
1.02464e-14
9.9878e-15
9.71568e-15
9.43022e-15
9.13406e-15
8.82733e-15
8.51575e-15
8.19368e-15
7.86777e-15
7.53945e-15
7.20916e-15
6.87552e-15
6.54666e-15
6.21886e-15
5.8978e-15
5.58346e-15
5.28003e-15
4.98967e-15
4.71661e-15
4.46418e-15
4.23845e-15
4.04263e-15
3.88193e-15
3.76487e-15
3.69334e-15
3.66862e-15
2.27571e-14
2.28763e-14
2.32338e-14
2.38151e-14
2.45947e-14
2.55491e-14
2.66561e-14
2.78801e-14
2.92031e-14
3.05867e-14
3.19847e-14
3.31421e-14
3.34655e-14
3.25513e-14
3.06544e-14
2.8223e-14
2.55488e-14
2.27997e-14
2.00894e-14
1.74932e-14
1.50772e-14
1.28487e-14
1.08158e-14
9.06871e-15
7.58906e-15
6.41589e-15
5.61555e-15
5.22138e-15
5.20806e-15
5.4858e-15
5.94725e-15
6.49688e-15
7.08362e-15
7.66382e-15
8.21331e-15
8.7223e-15
9.18289e-15
9.59143e-15
9.94881e-15
1.02563e-14
1.05125e-14
1.07207e-14
1.08841e-14
1.10025e-14
1.10801e-14
1.1119e-14
1.11209e-14
1.109e-14
1.10274e-14
1.09348e-14
1.08162e-14
1.06727e-14
1.05058e-14
1.03178e-14
1.01116e-14
9.88817e-15
9.64958e-15
9.39678e-15
9.13254e-15
8.85745e-15
8.5745e-15
8.28153e-15
7.98873e-15
7.68714e-15
7.38323e-15
7.07529e-15
6.7702e-15
6.46859e-15
6.16868e-15
5.87657e-15
5.5914e-15
5.3179e-15
5.05759e-15
4.81442e-15
4.59144e-15
4.39255e-15
4.22313e-15
4.0844e-15
3.98179e-15
3.9188e-15
3.89755e-15
2.40046e-14
2.411e-14
2.44221e-14
2.49336e-14
2.56337e-14
2.64842e-14
2.74884e-14
2.86001e-14
2.9813e-14
3.10887e-14
3.22574e-14
3.29226e-14
3.27273e-14
3.16703e-14
2.99826e-14
2.78627e-14
2.54947e-14
2.30186e-14
2.05139e-14
1.81306e-14
1.58422e-14
1.36778e-14
1.17053e-14
9.97367e-15
8.47411e-15
7.24172e-15
6.31911e-15
5.74174e-15
5.51176e-15
5.57451e-15
5.85906e-15
6.27125e-15
6.76404e-15
7.26517e-15
7.77098e-15
8.23761e-15
8.67823e-15
9.06952e-15
9.41345e-15
9.71661e-15
9.97108e-15
1.01805e-14
1.03468e-14
1.04701e-14
1.05549e-14
1.06023e-14
1.06155e-14
1.0595e-14
1.05451e-14
1.04662e-14
1.03623e-14
1.02341e-14
1.0084e-14
9.91369e-15
9.72543e-15
9.52094e-15
9.30209e-15
9.07016e-15
8.82698e-15
8.57447e-15
8.3131e-15
8.04636e-15
7.77071e-15
7.49366e-15
7.21581e-15
6.93826e-15
6.66201e-15
6.38608e-15
6.11508e-15
5.85117e-15
5.59522e-15
5.35067e-15
5.11927e-15
4.90441e-15
4.70881e-15
4.53508e-15
4.38849e-15
4.26951e-15
4.18186e-15
4.12799e-15
4.10984e-15
2.52483e-14
2.53419e-14
2.56174e-14
2.6072e-14
2.66895e-14
2.74644e-14
2.83818e-14
2.9415e-14
3.05386e-14
3.16192e-14
3.24018e-14
3.26081e-14
3.21721e-14
3.11154e-14
2.95741e-14
2.76681e-14
2.55074e-14
2.32986e-14
2.09476e-14
1.86919e-14
1.65159e-14
1.4465e-14
1.25751e-14
1.08622e-14
9.35269e-15
8.08511e-15
7.07938e-15
6.36337e-15
5.94724e-15
5.81176e-15
5.90984e-15
6.17337e-15
6.53867e-15
6.95605e-15
7.38851e-15
7.81216e-15
8.21333e-15
8.57941e-15
8.90707e-15
9.1967e-15
9.44337e-15
9.64997e-15
9.81712e-15
9.94473e-15
1.00348e-14
1.00869e-14
1.01091e-14
1.00984e-14
1.00606e-14
9.99504e-15
9.90456e-15
9.79182e-15
9.65758e-15
9.50456e-15
9.33413e-15
9.14879e-15
8.94963e-15
8.73848e-15
8.51672e-15
8.28605e-15
8.04815e-15
7.80467e-15
7.55765e-15
7.305e-15
7.05235e-15
6.80061e-15
6.54903e-15
6.29948e-15
6.05787e-15
5.82082e-15
5.59368e-15
5.37672e-15
5.17294e-15
4.98457e-15
4.81419e-15
4.66348e-15
4.53768e-15
4.43543e-15
4.36043e-15
4.31494e-15
4.29946e-15
2.6477e-14
2.65626e-14
2.6817e-14
2.72303e-14
2.7798e-14
2.85126e-14
2.93645e-14
3.03069e-14
3.12493e-14
3.20105e-14
3.24173e-14
3.23462e-14
3.17723e-14
3.07321e-14
2.92711e-14
2.75443e-14
2.55637e-14
2.34836e-14
2.13473e-14
1.92259e-14
1.71647e-14
1.52077e-14
1.33805e-14
1.17099e-14
1.02203e-14
8.92987e-15
7.86573e-15
7.04789e-15
6.49009e-15
6.18624e-15
6.10931e-15
6.213e-15
6.44333e-15
6.75221e-15
7.1009e-15
7.46018e-15
7.81206e-15
8.14383e-15
8.44641e-15
8.71601e-15
8.94976e-15
9.14714e-15
9.30827e-15
9.43466e-15
9.52629e-15
9.58501e-15
9.61246e-15
9.61013e-15
9.58189e-15
9.52851e-15
9.45041e-15
9.35119e-15
9.23262e-15
9.09632e-15
8.94369e-15
8.77659e-15
8.59717e-15
8.40614e-15
8.20606e-15
7.99749e-15
7.78267e-15
7.56119e-15
7.33589e-15
7.11425e-15
6.88667e-15
6.65596e-15
6.431e-15
6.2114e-15
5.99523e-15
5.78557e-15
5.58554e-15
5.39445e-15
5.21656e-15
5.05335e-15
4.90516e-15
4.77626e-15
4.66784e-15
4.58111e-15
4.51714e-15
4.47861e-15
4.46548e-15
2.76465e-14
2.77242e-14
2.79569e-14
2.834e-14
2.88718e-14
2.9527e-14
3.02675e-14
3.10291e-14
3.17046e-14
3.2167e-14
3.23017e-14
3.2052e-14
3.14044e-14
3.03939e-14
2.90134e-14
2.73968e-14
2.55845e-14
2.36547e-14
2.16686e-14
1.96782e-14
1.7741e-14
1.58804e-14
1.41268e-14
1.25083e-14
1.10463e-14
9.75659e-15
8.66189e-15
7.77635e-15
7.11527e-15
6.67676e-15
6.44847e-15
6.39898e-15
6.4899e-15
6.67888e-15
6.92875e-15
7.20969e-15
7.49963e-15
7.78256e-15
8.04778e-15
8.28924e-15
8.50152e-15
8.68484e-15
8.83661e-15
8.95581e-15
9.04585e-15
9.10586e-15
9.13667e-15
9.1408e-15
9.11974e-15
9.07494e-15
9.00841e-15
8.92193e-15
8.81732e-15
8.69636e-15
8.56025e-15
8.41087e-15
8.24964e-15
8.07845e-15
7.89863e-15
7.71169e-15
7.51789e-15
7.32247e-15
7.12033e-15
6.91662e-15
6.71391e-15
6.51301e-15
6.31489e-15
6.11942e-15
5.92778e-15
5.74549e-15
5.56831e-15
5.4029e-15
5.24933e-15
5.1076e-15
4.98083e-15
4.87124e-15
4.77832e-15
4.70472e-15
4.65054e-15
4.61799e-15
4.60691e-15
2.85298e-14
2.85996e-14
2.88113e-14
2.916e-14
2.96325e-14
3.01961e-14
3.08036e-14
3.13706e-14
3.18152e-14
3.2062e-14
3.20189e-14
3.16669e-14
3.09856e-14
2.99862e-14
2.87112e-14
2.72086e-14
2.55371e-14
2.37546e-14
2.19113e-14
2.00548e-14
1.82318e-14
1.64694e-14
1.48e-14
1.32443e-14
1.18229e-14
1.0555e-14
9.45036e-15
8.52784e-15
7.79453e-15
7.26018e-15
6.9052e-15
6.72311e-15
6.68132e-15
6.74827e-15
6.89109e-15
7.08168e-15
7.29636e-15
7.51933e-15
7.73701e-15
7.94047e-15
8.12401e-15
8.28401e-15
8.4191e-15
8.52685e-15
8.60831e-15
8.66404e-15
8.69455e-15
8.70069e-15
8.68365e-15
8.64586e-15
8.58804e-15
8.51217e-15
8.41959e-15
8.31207e-15
8.19082e-15
8.05771e-15
7.91354e-15
7.76062e-15
7.59984e-15
7.43261e-15
7.26138e-15
7.0834e-15
6.90889e-15
6.72873e-15
6.54906e-15
6.37142e-15
6.19513e-15
6.02174e-15
5.85678e-15
5.69725e-15
5.54415e-15
5.40125e-15
5.26859e-15
5.14777e-15
5.03924e-15
4.94626e-15
4.86723e-15
4.80512e-15
4.75951e-15
4.73216e-15
4.72284e-15
2.89393e-14
2.90111e-14
2.92069e-14
2.95093e-14
2.9939e-14
3.04156e-14
3.08956e-14
3.13025e-14
3.15996e-14
3.17029e-14
3.15652e-14
3.11586e-14
3.04733e-14
2.95241e-14
2.83335e-14
2.69471e-14
2.54069e-14
2.37644e-14
2.20627e-14
2.03398e-14
1.86334e-14
1.6977e-14
1.53992e-14
1.39178e-14
1.25462e-14
1.13129e-14
1.02203e-14
9.28362e-15
8.50898e-15
7.9038e-15
7.45936e-15
7.16738e-15
7.01025e-15
6.96139e-15
6.99679e-15
7.09141e-15
7.22347e-15
7.37583e-15
7.5349e-15
7.6899e-15
7.83451e-15
7.96391e-15
8.07419e-15
8.16347e-15
8.23131e-15
8.27732e-15
8.3017e-15
8.30542e-15
8.28902e-15
8.2544e-15
8.20208e-15
8.13321e-15
8.05004e-15
7.9531e-15
7.84404e-15
7.72475e-15
7.5959e-15
7.45954e-15
7.31592e-15
7.1671e-15
7.0148e-15
6.85788e-15
6.69781e-15
6.54306e-15
6.38643e-15
6.22618e-15
6.07345e-15
5.92507e-15
5.7813e-15
5.64154e-15
5.51081e-15
5.3882e-15
5.27406e-15
5.17118e-15
5.0794e-15
5.0001e-15
4.93369e-15
4.88128e-15
4.84305e-15
4.82017e-15
4.81238e-15
2.89351e-14
2.90042e-14
2.91927e-14
2.94508e-14
2.98342e-14
3.02268e-14
3.06144e-14
3.09306e-14
3.11231e-14
3.11418e-14
3.09525e-14
3.05286e-14
2.98679e-14
2.89788e-14
2.78816e-14
2.6608e-14
2.52022e-14
2.3697e-14
2.213e-14
2.05377e-14
1.89549e-14
1.74098e-14
1.59291e-14
1.45264e-14
1.32239e-14
1.20324e-14
1.09664e-14
1.00347e-14
9.243e-15
8.59527e-15
8.08693e-15
7.71233e-15
7.45949e-15
7.31066e-15
7.24524e-15
7.24519e-15
7.29121e-15
7.36716e-15
7.45974e-15
7.55848e-15
7.65528e-15
7.74477e-15
7.82232e-15
7.88559e-15
7.93266e-15
7.96271e-15
7.9753e-15
7.97097e-15
7.95013e-15
7.91362e-15
7.86208e-15
7.79676e-15
7.7192e-15
7.63009e-15
7.53031e-15
7.42161e-15
7.30513e-15
7.1821e-15
7.05321e-15
6.92044e-15
6.78342e-15
6.6462e-15
6.50446e-15
6.36378e-15
6.22503e-15
6.08874e-15
5.95566e-15
5.82645e-15
5.7003e-15
5.58014e-15
5.46803e-15
5.36229e-15
5.26507e-15
5.17753e-15
5.09961e-15
5.0324e-15
4.97655e-15
4.93226e-15
4.90037e-15
4.88113e-15
4.87462e-15
Process [6]
2.86323e-14
2.86922e-14
2.88518e-14
2.91102e-14
2.9425e-14
2.97636e-14
3.00786e-14
3.0323e-14
3.04524e-14
3.04256e-14
3.02134e-14
2.97991e-14
2.91765e-14
2.83581e-14
2.73582e-14
2.62019e-14
2.49222e-14
2.35509e-14
2.21166e-14
2.06602e-14
1.9205e-14
1.77752e-14
1.63956e-14
1.50812e-14
1.38511e-14
1.27181e-14
1.16915e-14
1.07807e-14
9.9884e-15
9.31984e-15
8.77135e-15
8.33775e-15
8.0119e-15
7.78019e-15
7.62825e-15
7.54054e-15
7.50296e-15
7.50176e-15
7.52415e-15
7.56047e-15
7.60291e-15
7.64523e-15
7.68283e-15
7.71226e-15
7.73115e-15
7.73839e-15
7.73299e-15
7.71448e-15
7.68332e-15
7.6396e-15
7.584e-15
7.51737e-15
7.44054e-15
7.35444e-15
7.25994e-15
7.15813e-15
7.05021e-15
6.93664e-15
6.81898e-15
6.69853e-15
6.57451e-15
6.45189e-15
6.32543e-15
6.20028e-15
6.0773e-15
5.95695e-15
5.83988e-15
5.7265e-15
5.61569e-15
5.51224e-15
5.41528e-15
5.32384e-15
5.24054e-15
5.16573e-15
5.09928e-15
5.04196e-15
4.99464e-15
4.95738e-15
4.93048e-15
4.91418e-15
4.90872e-15
2.81143e-14
2.8163e-14
2.83116e-14
2.85358e-14
2.88099e-14
2.9098e-14
2.93604e-14
2.95542e-14
2.96434e-14
2.95926e-14
2.93796e-14
2.89903e-14
2.84207e-14
2.76782e-14
2.67768e-14
2.57359e-14
2.45813e-14
2.3345e-14
2.2049e-14
2.07223e-14
1.93929e-14
1.80788e-14
1.68049e-14
1.55873e-14
1.4437e-14
1.33675e-14
1.23949e-14
1.15185e-14
1.07443e-14
1.00707e-14
9.49997e-15
9.02898e-15
8.65055e-15
8.35432e-15
8.13102e-15
7.96823e-15
7.85509e-15
7.77925e-15
7.73255e-15
7.70492e-15
7.68913e-15
7.67962e-15
7.671e-15
7.66031e-15
7.64466e-15
7.62231e-15
7.592e-15
7.55281e-15
7.50485e-15
7.44798e-15
7.3825e-15
7.30867e-15
7.22743e-15
7.13912e-15
7.04468e-15
6.94486e-15
6.84038e-15
6.73239e-15
6.62137e-15
6.5085e-15
6.39448e-15
6.28065e-15
6.16532e-15
6.05188e-15
5.94078e-15
5.8326e-15
5.72793e-15
5.62708e-15
5.52894e-15
5.43771e-15
5.35263e-15
5.27286e-15
5.19999e-15
5.13515e-15
5.07786e-15
5.02816e-15
4.98735e-15
4.95538e-15
4.93235e-15
4.91847e-15
4.91385e-15
2.74394e-14
2.74849e-14
2.76124e-14
2.78079e-14
2.80451e-14
2.82921e-14
2.85131e-14
2.86722e-14
2.87371e-14
2.868e-14
2.84811e-14
2.81279e-14
2.76179e-14
2.69571e-14
2.61564e-14
2.5229e-14
2.42011e-14
2.30931e-14
2.19324e-14
2.07374e-14
1.95325e-14
1.83411e-14
1.71768e-14
1.60558e-14
1.49929e-14
1.40034e-14
1.30856e-14
1.22521e-14
1.15032e-14
1.0842e-14
1.02664e-14
9.77445e-15
9.35972e-15
9.01732e-15
8.73794e-15
8.51434e-15
8.33623e-15
8.19498e-15
8.08329e-15
7.99366e-15
7.91841e-15
7.85497e-15
7.79686e-15
7.74144e-15
7.68592e-15
7.62822e-15
7.56678e-15
7.50088e-15
7.42981e-15
7.35339e-15
7.27154e-15
7.18455e-15
7.09261e-15
6.99623e-15
6.89598e-15
6.79254e-15
6.68627e-15
6.5781e-15
6.46873e-15
6.35791e-15
6.2488e-15
6.13834e-15
6.02943e-15
5.92288e-15
5.81909e-15
5.7187e-15
5.62205e-15
5.52966e-15
5.44115e-15
5.35723e-15
5.28029e-15
5.20928e-15
5.14354e-15
5.08529e-15
5.03447e-15
4.99091e-15
4.95436e-15
4.92571e-15
4.90548e-15
4.89325e-15
4.88919e-15
2.6644e-14
2.66827e-14
2.67953e-14
2.69661e-14
2.71728e-14
2.73872e-14
2.75783e-14
2.77151e-14
2.7769e-14
2.77172e-14
2.75424e-14
2.72336e-14
2.67888e-14
2.62105e-14
2.55079e-14
2.4697e-14
2.37919e-14
2.28153e-14
2.17845e-14
2.07225e-14
1.96459e-14
1.85752e-14
1.75318e-14
1.65079e-14
1.55363e-14
1.46231e-14
1.37704e-14
1.29876e-14
1.22747e-14
1.16354e-14
1.10705e-14
1.05675e-14
1.0132e-14
9.75847e-15
9.43723e-15
9.16521e-15
8.93389e-15
8.73582e-15
8.56606e-15
8.41907e-15
8.28926e-15
8.17162e-15
8.0632e-15
7.96094e-15
7.86211e-15
7.7647e-15
7.66751e-15
7.56924e-15
7.46938e-15
7.36737e-15
7.26301e-15
7.15637e-15
7.04751e-15
6.93675e-15
6.82447e-15
6.71098e-15
6.59672e-15
6.48234e-15
6.36801e-15
6.25492e-15
6.14226e-15
6.03211e-15
5.92525e-15
5.82018e-15
5.71842e-15
5.61936e-15
5.52488e-15
5.43602e-15
5.35218e-15
5.27342e-15
5.19921e-15
5.13225e-15
5.07169e-15
5.01718e-15
4.96874e-15
4.92835e-15
4.89508e-15
4.86905e-15
4.85037e-15
4.83915e-15
4.83538e-15
2.57539e-14
2.57882e-14
2.58875e-14
2.60385e-14
2.62215e-14
2.6412e-14
2.65834e-14
2.67086e-14
2.67629e-14
2.67267e-14
2.65841e-14
2.63278e-14
2.59516e-14
2.54596e-14
2.48586e-14
2.41595e-14
2.33783e-14
2.25297e-14
2.16291e-14
2.06971e-14
1.97508e-14
1.87991e-14
1.78625e-14
1.69513e-14
1.6075e-14
1.52417e-14
1.44613e-14
1.37357e-14
1.30655e-14
1.24527e-14
1.19026e-14
1.1404e-14
1.09614e-14
1.05689e-14
1.0218e-14
9.9091e-15
9.63402e-15
9.38957e-15
9.17039e-15
8.97151e-15
8.79064e-15
8.62278e-15
8.46591e-15
8.31657e-15
8.17317e-15
8.03389e-15
7.89758e-15
7.76269e-15
7.62936e-15
7.49677e-15
7.36425e-15
7.23219e-15
7.1004e-15
6.96893e-15
6.83807e-15
6.70818e-15
6.57939e-15
6.45227e-15
6.32698e-15
6.20404e-15
6.08368e-15
5.96658e-15
5.85292e-15
5.74303e-15
5.63748e-15
5.53659e-15
5.44075e-15
5.35011e-15
5.26401e-15
5.18456e-15
5.11152e-15
5.04463e-15
4.98303e-15
4.92913e-15
4.88237e-15
4.84262e-15
4.80989e-15
4.78301e-15
4.76411e-15
4.7531e-15
4.74944e-15
2.47833e-14
2.48148e-14
2.49043e-14
2.50415e-14
2.5209e-14
2.53851e-14
2.55471e-14
2.56714e-14
2.57369e-14
2.5726e-14
2.5625e-14
2.54254e-14
2.51239e-14
2.4721e-14
2.42226e-14
2.36386e-14
2.29786e-14
2.22518e-14
2.14857e-14
2.06835e-14
1.98609e-14
1.90326e-14
1.821e-14
1.74061e-14
1.66259e-14
1.58784e-14
1.51721e-14
1.45103e-14
1.38845e-14
1.3308e-14
1.27769e-14
1.22909e-14
1.18445e-14
1.1441e-14
1.10721e-14
1.07361e-14
1.04274e-14
1.01447e-14
9.88298e-15
9.64028e-15
9.41386e-15
9.19989e-15
8.99634e-15
8.8012e-15
8.61355e-15
8.43132e-15
8.25376e-15
8.08044e-15
7.91025e-15
7.74266e-15
7.57767e-15
7.41515e-15
7.25495e-15
7.0969e-15
6.94166e-15
6.78914e-15
6.63948e-15
6.49304e-15
6.35038e-15
6.21161e-15
6.07557e-15
5.94554e-15
5.81996e-15
5.6992e-15
5.58368e-15
5.47384e-15
5.36986e-15
5.27158e-15
5.18001e-15
5.09515e-15
5.01712e-15
4.94499e-15
4.88036e-15
4.82363e-15
4.77426e-15
4.73237e-15
4.69665e-15
4.66872e-15
4.64951e-15
4.63798e-15
4.63412e-15
2.37407e-14
2.37701e-14
2.38543e-14
2.39848e-14
2.4145e-14
2.43172e-14
2.44808e-14
2.46161e-14
2.47039e-14
2.47286e-14
2.46771e-14
2.45445e-14
2.43206e-14
2.40122e-14
2.36186e-14
2.31497e-14
2.26112e-14
2.20162e-14
2.13753e-14
2.07022e-14
2.00066e-14
1.92993e-14
1.8591e-14
1.78923e-14
1.72104e-14
1.65529e-14
1.59146e-14
1.53095e-14
1.47397e-14
1.42007e-14
1.36966e-14
1.32278e-14
1.27874e-14
1.2377e-14
1.19959e-14
1.16403e-14
1.13053e-14
1.09914e-14
1.06944e-14
1.04135e-14
1.01459e-14
9.88941e-15
9.64277e-15
9.40384e-15
9.17342e-15
8.9488e-15
8.72948e-15
8.51595e-15
8.30639e-15
8.10122e-15
7.90017e-15
7.70326e-15
7.50982e-15
7.32072e-15
7.13581e-15
6.95491e-15
6.77947e-15
6.60667e-15
6.4421e-15
6.27812e-15
6.12257e-15
5.97296e-15
5.82887e-15
5.69072e-15
5.55896e-15
5.43395e-15
5.316e-15
5.20534e-15
5.10173e-15
5.00582e-15
4.91781e-15
4.8373e-15
4.76414e-15
4.70027e-15
4.64478e-15
4.59773e-15
4.55918e-15
4.52893e-15
4.50519e-15
4.49165e-15
4.48734e-15
2.26279e-14
2.26579e-14
2.27412e-14
2.2871e-14
2.30343e-14
2.32139e-14
2.33926e-14
2.35516e-14
2.36743e-14
2.37462e-14
2.37556e-14
2.36956e-14
2.35604e-14
2.33501e-14
2.30671e-14
2.27153e-14
2.23005e-14
2.18333e-14
2.13219e-14
2.0777e-14
2.02045e-14
1.96172e-14
1.9023e-14
1.84282e-14
1.78422e-14
1.72662e-14
1.67072e-14
1.61649e-14
1.56468e-14
1.51477e-14
1.46716e-14
1.42192e-14
1.37886e-14
1.33804e-14
1.29895e-14
1.26174e-14
1.22619e-14
1.19219e-14
1.15946e-14
1.128e-14
1.09749e-14
1.06794e-14
1.03921e-14
1.0113e-14
9.84068e-15
9.57478e-15
9.31399e-15
9.05875e-15
8.80921e-15
8.56438e-15
8.32529e-15
8.08991e-15
7.86068e-15
7.63639e-15
7.41716e-15
7.20362e-15
6.99668e-15
6.7939e-15
6.59712e-15
6.40981e-15
6.22813e-15
6.05249e-15
5.88354e-15
5.72164e-15
5.56729e-15
5.42079e-15
5.28257e-15
5.1528e-15
5.0318e-15
4.91946e-15
4.81602e-15
4.72194e-15
4.6374e-15
4.56209e-15
4.49491e-15
4.43911e-15
4.39352e-15
4.35799e-15
4.33258e-15
4.31733e-15
4.31224e-15
2.14457e-14
2.14749e-14
2.15633e-14
2.17022e-14
2.1879e-14
2.20798e-14
2.22871e-14
2.24848e-14
2.26569e-14
2.27899e-14
2.28727e-14
2.28969e-14
2.28584e-14
2.27544e-14
2.25858e-14
2.23555e-14
2.20687e-14
2.17299e-14
2.13481e-14
2.09311e-14
2.04826e-14
2.00145e-14
1.95315e-14
1.90386e-14
1.85438e-14
1.80517e-14
1.75633e-14
1.70838e-14
1.66137e-14
1.61535e-14
1.571e-14
1.52786e-14
1.48565e-14
1.44492e-14
1.40538e-14
1.36691e-14
1.32957e-14
1.29326e-14
1.25776e-14
1.22308e-14
1.18925e-14
1.15607e-14
1.12357e-14
1.09164e-14
1.06033e-14
1.02959e-14
9.99377e-15
9.69743e-15
9.40691e-15
9.12116e-15
8.84146e-15
8.56685e-15
8.29855e-15
8.03661e-15
7.78049e-15
7.52873e-15
7.28787e-15
7.05173e-15
6.81782e-15
6.59782e-15
6.38458e-15
6.17832e-15
5.97973e-15
5.78923e-15
5.60728e-15
5.43431e-15
5.27083e-15
5.11809e-15
4.97368e-15
4.8392e-15
4.71536e-15
4.60235e-15
4.49964e-15
4.40761e-15
4.32817e-15
4.26058e-15
4.20503e-15
4.16165e-15
4.13057e-15
4.11188e-15
4.10566e-15
2.01829e-14
2.02169e-14
2.03177e-14
2.0475e-14
2.06796e-14
2.09162e-14
2.11694e-14
2.14229e-14
2.16617e-14
2.18722e-14
2.20433e-14
2.2166e-14
2.22356e-14
2.22469e-14
2.22001e-14
2.20973e-14
2.19398e-14
2.1732e-14
2.14795e-14
2.11886e-14
2.08629e-14
2.05097e-14
2.01378e-14
1.97454e-14
1.93368e-14
1.89234e-14
1.85042e-14
1.80821e-14
1.76605e-14
1.72394e-14
1.68233e-14
1.64081e-14
1.59998e-14
1.55935e-14
1.51938e-14
1.47972e-14
1.44065e-14
1.40196e-14
1.36386e-14
1.32623e-14
1.28906e-14
1.2524e-14
1.21609e-14
1.18028e-14
1.14493e-14
1.11011e-14
1.07587e-14
1.042e-14
1.00877e-14
9.75969e-15
9.43849e-15
9.12283e-15
8.8143e-15
8.51188e-15
8.2134e-15
7.92738e-15
7.64649e-15
7.36624e-15
7.10247e-15
6.84582e-15
6.59648e-15
6.35511e-15
6.1221e-15
5.8981e-15
5.6835e-15
5.47881e-15
5.28442e-15
5.10206e-15
4.92992e-15
4.76801e-15
4.61815e-15
4.48071e-15
4.35615e-15
4.24403e-15
4.14458e-15
4.06073e-15
3.99153e-15
3.93732e-15
3.89838e-15
3.87492e-15
3.86708e-15
1.88394e-14
1.88776e-14
1.89963e-14
1.91853e-14
1.94334e-14
1.97253e-14
2.00447e-14
2.03757e-14
2.07018e-14
2.10094e-14
Process [7]
2.12871e-14
2.15247e-14
2.17149e-14
2.18533e-14
2.19379e-14
2.19681e-14
2.19445e-14
2.18688e-14
2.17457e-14
2.15802e-14
2.13747e-14
2.11322e-14
2.08628e-14
2.05631e-14
2.02427e-14
1.99034e-14
1.95493e-14
1.91806e-14
1.88024e-14
1.84163e-14
1.80236e-14
1.76245e-14
1.72221e-14
1.68176e-14
1.64085e-14
1.60007e-14
1.55925e-14
1.51838e-14
1.47752e-14
1.43703e-14
1.3964e-14
1.3562e-14
1.31614e-14
1.27648e-14
1.2371e-14
1.1981e-14
1.15955e-14
1.12148e-14
1.08391e-14
1.0469e-14
1.01056e-14
9.74729e-15
9.39415e-15
9.05299e-15
8.71172e-15
8.38097e-15
8.06353e-15
7.75221e-15
7.44079e-15
7.13743e-15
6.84989e-15
6.57094e-15
6.30123e-15
6.04596e-15
5.79759e-15
5.5567e-15
5.32685e-15
5.10852e-15
4.90226e-15
4.70863e-15
4.52821e-15
4.36117e-15
4.20833e-15
4.07086e-15
3.94956e-15
3.84521e-15
3.75857e-15
3.69034e-15
3.64113e-15
3.6114e-15
3.60146e-15
1.7395e-14
1.74447e-14
1.7594e-14
1.78302e-14
1.8142e-14
1.85125e-14
1.8924e-14
1.93579e-14
1.97971e-14
2.02255e-14
2.06308e-14
2.10013e-14
2.13282e-14
2.16064e-14
2.18305e-14
2.20004e-14
2.21142e-14
2.21725e-14
2.21801e-14
2.21357e-14
2.20457e-14
2.19113e-14
2.1738e-14
2.15269e-14
2.12858e-14
2.10139e-14
2.0715e-14
2.03954e-14
2.00549e-14
1.96965e-14
1.93236e-14
1.89353e-14
1.8536e-14
1.81268e-14
1.771e-14
1.72872e-14
1.68582e-14
1.64253e-14
1.59896e-14
1.55501e-14
1.51101e-14
1.46703e-14
1.42314e-14
1.37941e-14
1.33577e-14
1.29252e-14
1.24971e-14
1.20727e-14
1.16522e-14
1.1238e-14
1.08317e-14
1.04251e-14
1.00363e-14
9.64249e-15
9.26113e-15
8.89377e-15
8.53273e-15
8.17645e-15
7.81818e-15
7.47942e-15
7.15115e-15
6.83204e-15
6.52526e-15
6.23193e-15
5.94197e-15
5.66265e-15
5.39479e-15
5.13894e-15
4.89566e-15
4.66569e-15
4.44979e-15
4.24868e-15
4.06291e-15
3.89423e-15
3.74404e-15
3.61368e-15
3.50454e-15
3.41796e-15
3.35515e-15
3.31703e-15
3.30426e-15
1.58438e-14
1.59076e-14
1.61006e-14
1.64058e-14
1.6809e-14
1.72892e-14
1.7825e-14
1.83942e-14
1.89762e-14
1.95533e-14
2.011e-14
2.06341e-14
2.11137e-14
2.15425e-14
2.19185e-14
2.22347e-14
2.24872e-14
2.26809e-14
2.28148e-14
2.28892e-14
2.29089e-14
2.28752e-14
2.27904e-14
2.2661e-14
2.24886e-14
2.22763e-14
2.20267e-14
2.17458e-14
2.14352e-14
2.10983e-14
2.07355e-14
2.03523e-14
1.99517e-14
1.95349e-14
1.91038e-14
1.86604e-14
1.82071e-14
1.77449e-14
1.72763e-14
1.68016e-14
1.63261e-14
1.58453e-14
1.53646e-14
1.4884e-14
1.44045e-14
1.39272e-14
1.34532e-14
1.29815e-14
1.25198e-14
1.20552e-14
1.16068e-14
1.11511e-14
1.07189e-14
1.02882e-14
9.85155e-15
9.4378e-15
9.03288e-15
8.63582e-15
8.24698e-15
7.86705e-15
7.49634e-15
7.13525e-15
6.78417e-15
6.44347e-15
6.11348e-15
5.79466e-15
5.48742e-15
5.19368e-15
4.91365e-15
4.64369e-15
4.38804e-15
4.14793e-15
3.92473e-15
3.72004e-15
3.53574e-15
3.37396e-15
3.237e-15
3.12724e-15
3.04691e-15
2.99787e-15
2.98139e-15
1.41687e-14
1.42532e-14
1.45083e-14
1.49141e-14
1.54469e-14
1.60783e-14
1.67792e-14
1.75223e-14
1.82825e-14
1.90385e-14
1.97727e-14
2.04706e-14
2.11207e-14
2.17148e-14
2.22447e-14
2.27099e-14
2.31056e-14
2.3431e-14
2.36863e-14
2.38727e-14
2.39958e-14
2.40536e-14
2.40488e-14
2.39892e-14
2.38757e-14
2.37121e-14
2.35026e-14
2.32513e-14
2.29603e-14
2.26335e-14
2.22768e-14
2.18917e-14
2.14799e-14
2.10466e-14
2.05964e-14
2.01253e-14
1.96411e-14
1.91447e-14
1.86397e-14
1.81263e-14
1.76065e-14
1.70834e-14
1.65568e-14
1.60311e-14
1.55046e-14
1.49765e-14
1.44602e-14
1.39351e-14
1.34309e-14
1.29119e-14
1.24175e-14
1.19302e-14
1.14314e-14
1.09506e-14
1.04845e-14
1.0026e-14
9.57571e-15
9.1342e-15
8.70183e-15
8.27903e-15
7.86608e-15
7.46324e-15
7.07084e-15
6.68908e-15
6.31822e-15
5.95857e-15
5.61045e-15
5.27432e-15
4.95101e-15
4.64292e-15
4.34621e-15
4.06422e-15
3.79919e-15
3.55311e-15
3.32851e-15
3.12845e-15
2.95652e-15
2.81672e-15
2.71307e-15
2.64919e-15
2.6276e-15
1.23485e-14
1.24669e-14
1.28141e-14
1.33698e-14
1.40845e-14
1.49216e-14
1.58389e-14
1.6801e-14
1.7778e-14
1.87447e-14
1.96813e-14
2.05716e-14
2.14044e-14
2.21718e-14
2.2865e-14
2.348e-14
2.40138e-14
2.44656e-14
2.48371e-14
2.51296e-14
2.53422e-14
2.54781e-14
2.55439e-14
2.55425e-14
2.54743e-14
2.53484e-14
2.51664e-14
2.49308e-14
2.46479e-14
2.43251e-14
2.39592e-14
2.3562e-14
2.313e-14
2.26724e-14
2.21905e-14
2.16867e-14
2.11652e-14
2.06285e-14
2.0079e-14
1.95201e-14
1.89517e-14
1.83808e-14
1.78072e-14
1.72233e-14
1.66554e-14
1.60693e-14
1.55029e-14
1.49388e-14
1.43608e-14
1.381e-14
1.3266e-14
1.27278e-14
1.21809e-14
1.16484e-14
1.11348e-14
1.06301e-14
1.01347e-14
9.64915e-15
9.17367e-15
8.70855e-15
8.25402e-15
7.81021e-15
7.37728e-15
6.95532e-15
6.54446e-15
6.14492e-15
5.76115e-15
5.38615e-15
5.02052e-15
4.6675e-15
4.3279e-15
4.00281e-15
3.69382e-15
3.40307e-15
3.13353e-15
2.88913e-15
2.67493e-15
2.49715e-15
2.36279e-15
2.27869e-15
2.25001e-15
1.03584e-14
1.05313e-14
1.10293e-14
1.18054e-14
1.27811e-14
1.3893e-14
1.50864e-14
1.63159e-14
1.75466e-14
1.87526e-14
1.99126e-14
2.10098e-14
2.20347e-14
2.29785e-14
2.38317e-14
2.45933e-14
2.52611e-14
2.58303e-14
2.63082e-14
2.66901e-14
2.69829e-14
2.71875e-14
2.73067e-14
2.73478e-14
2.73133e-14
2.72077e-14
2.7038e-14
2.68066e-14
2.65198e-14
2.61825e-14
2.57995e-14
2.53757e-14
2.49149e-14
2.44202e-14
2.38965e-14
2.33532e-14
2.2782e-14
2.21934e-14
2.16001e-14
2.09773e-14
2.03692e-14
1.97298e-14
1.91048e-14
1.84804e-14
1.78298e-14
1.72064e-14
1.65879e-14
1.59659e-14
1.53299e-14
1.47228e-14
1.4125e-14
1.35348e-14
1.2953e-14
1.23805e-14
1.18177e-14
1.12653e-14
1.07236e-14
1.0193e-14
9.67358e-15
9.1656e-15
8.66911e-15
8.18416e-15
7.71071e-15
7.24875e-15
6.79821e-15
6.35906e-15
5.93128e-15
5.51489e-15
5.11004e-15
4.71702e-15
4.33631e-15
3.96871e-15
3.61552e-15
3.27866e-15
2.96106e-15
2.66706e-15
2.40291e-15
2.17736e-15
2.00178e-15
1.88899e-15
1.84991e-15
8.17167e-15
8.45493e-15
9.20578e-15
1.03095e-14
1.16454e-14
1.31127e-14
1.464e-14
1.61801e-14
1.76915e-14
1.91544e-14
2.05513e-14
2.18605e-14
2.30783e-14
2.41972e-14
2.52065e-14
2.61062e-14
2.68952e-14
2.75742e-14
2.81444e-14
2.86034e-14
2.89587e-14
2.92123e-14
2.93709e-14
2.9441e-14
2.94208e-14
2.93171e-14
2.91461e-14
2.89037e-14
2.85877e-14
2.82336e-14
2.78066e-14
2.73517e-14
2.68365e-14
2.63053e-14
2.57146e-14
2.51326e-14
2.44887e-14
2.38476e-14
2.32028e-14
2.25105e-14
2.18253e-14
2.11481e-14
2.04648e-14
1.97616e-14
1.90503e-14
1.83657e-14
1.76843e-14
1.70076e-14
1.6337e-14
1.56739e-14
1.50192e-14
1.43743e-14
1.37396e-14
1.3116e-14
1.2504e-14
1.1904e-14
1.13163e-14
1.0741e-14
1.01785e-14
9.62859e-15
9.09134e-15
8.56662e-15
8.05431e-15
7.5542e-15
7.06609e-15
6.58973e-15
6.12488e-15
5.67136e-15
5.229e-15
4.79774e-15
4.37768e-15
3.96913e-15
3.57281e-15
3.18999e-15
2.82292e-15
2.47537e-15
2.15362e-15
1.86806e-15
1.63518e-15
1.47834e-15
1.42224e-15
5.80348e-15
6.26119e-15
7.45055e-15
9.05728e-15
1.08663e-14
1.2758e-14
1.46597e-14
1.65144e-14
1.83257e-14
2.00625e-14
2.16887e-14
2.3196e-14
2.4619e-14
2.5899e-14
2.7041e-14
2.80921e-14
2.89736e-14
2.97436e-14
3.04072e-14
3.08986e-14
3.13158e-14
3.16105e-14
3.17588e-14
3.18553e-14
3.18348e-14
3.16914e-14
3.15141e-14
3.12529e-14
3.08707e-14
3.04678e-14
3.0017e-14
2.95071e-14
2.89053e-14
2.83015e-14
2.76735e-14
2.70143e-14
2.63286e-14
2.55953e-14
2.48416e-14
2.4105e-14
2.33581e-14
2.26044e-14
2.18468e-14
2.10879e-14
2.03302e-14
1.95759e-14
1.88269e-14
1.80849e-14
1.73515e-14
1.6617e-14
1.58869e-14
1.51875e-14
1.45008e-14
1.38271e-14
1.3167e-14
1.25208e-14
1.18886e-14
1.12707e-14
1.0667e-14
1.00775e-14
9.50198e-15
8.94025e-15
8.39203e-15
7.85699e-15
7.33932e-15
6.83332e-15
6.33452e-15
5.84729e-15
5.37118e-15
4.90579e-15
4.45081e-15
4.00601e-15
3.57141e-15
3.14736e-15
2.73486e-15
2.33605e-15
1.95525e-15
1.60125e-15
1.29218e-15
1.06474e-15
9.77116e-16
3.24462e-15
4.1712e-15
6.12856e-15
8.38104e-15
1.07085e-14
1.30278e-14
1.52965e-14
1.74881e-14
1.95833e-14
2.15673e-14
2.34284e-14
2.51574e-14
2.67142e-14
2.81169e-14
2.94115e-14
3.05579e-14
3.1556e-14
3.24073e-14
3.31147e-14
3.36819e-14
3.4114e-14
3.44166e-14
3.45855e-14
3.45826e-14
3.45268e-14
3.43816e-14
3.41429e-14
3.38189e-14
3.34169e-14
3.29444e-14
3.24089e-14
3.18175e-14
3.11768e-14
3.04933e-14
2.97732e-14
2.90221e-14
2.82454e-14
2.7448e-14
2.6634e-14
2.57768e-14
2.4926e-14
2.40905e-14
2.32535e-14
2.24178e-14
2.15859e-14
2.07601e-14
1.99422e-14
1.91341e-14
1.83371e-14
1.75525e-14
1.67815e-14
1.60247e-14
1.52829e-14
1.45567e-14
1.38463e-14
1.31522e-14
1.24743e-14
1.18127e-14
1.11673e-14
1.05379e-14
9.92423e-15
9.32601e-15
8.74279e-15
8.17411e-15
7.61944e-15
7.07822e-15
6.54984e-15
6.03367e-15
5.52906e-15
5.03532e-15
4.5518e-15
4.07785e-15
3.61289e-15
3.15644e-15
2.70825e-15
2.26853e-15
1.83845e-15
1.42155e-15
1.02803e-15
6.91442e-16
5.33451e-16
1.73118e-15
3.11808e-15
5.62767e-15
8.2398e-15
1.08282e-14
1.3356e-14
1.58008e-14
1.81452e-14
2.03746e-14
2.24766e-14
2.4441e-14
2.62593e-14
2.79257e-14
2.94353e-14
3.07854e-14
3.19755e-14
3.30061e-14
3.38796e-14
3.45994e-14
3.51703e-14
3.55979e-14
3.58889e-14
3.60504e-14
3.60901e-14
3.60161e-14
3.58367e-14
3.55603e-14
3.51952e-14
3.47498e-14
3.42321e-14
3.36499e-14
3.30108e-14
3.2322e-14
3.15902e-14
3.08219e-14
3.00231e-14
2.91992e-14
2.83555e-14
2.74967e-14
2.66271e-14
2.57506e-14
2.48708e-14
2.3991e-14
2.31139e-14
2.22422e-14
2.1378e-14
2.05234e-14
1.968e-14
1.88492e-14
1.80324e-14
1.72305e-14
1.64443e-14
1.56744e-14
1.49215e-14
1.41857e-14
1.34674e-14
1.27665e-14
1.2083e-14
1.14169e-14
1.07677e-14
1.01353e-14
9.51917e-15
8.91889e-15
8.33393e-15
7.76369e-15
7.20754e-15
6.66479e-15
6.1347e-15
5.61654e-15
5.1095e-15
4.61279e-15
4.12557e-15
3.64701e-15
3.17628e-15
2.71259e-15
2.25522e-15
1.80366e-15
1.35796e-15
9.20344e-16
5.07329e-16
2.80722e-16
