Vec Object: Vec_0x84000004_8 8 MPI processes
  type: mpi
Process [0]
3.52307e-15
6.49651e-15
1.18105e-14
1.73073e-14
2.27296e-14
2.79938e-14
3.30419e-14
3.78232e-14
4.22909e-14
4.64001e-14
5.01105e-14
5.33871e-14
5.61999e-14
5.85286e-14
6.0361e-14
6.16963e-14
6.2544e-14
6.29244e-14
6.28679e-14
6.24128e-14
6.16036e-14
6.04882e-14
5.9116e-14
5.75351e-14
5.57908e-14
5.39247e-14
5.19731e-14
4.99675e-14
4.79343e-14
4.58949e-14
4.3867e-14
4.18639e-14
3.98965e-14
3.79725e-14
3.60979e-14
3.4277e-14
3.25126e-14
3.08065e-14
2.91599e-14
2.75731e-14
2.60462e-14
2.45787e-14
2.31701e-14
2.18194e-14
2.05257e-14
1.9288e-14
1.81051e-14
1.69756e-14
1.58984e-14
1.48721e-14
1.38951e-14
1.29661e-14
1.20835e-14
1.12458e-14
1.04515e-14
9.69902e-15
8.98682e-15
8.31337e-15
7.67714e-15
7.0766e-15
6.51025e-15
5.97654e-15
5.47396e-15
5.00091e-15
4.55588e-15
4.13736e-15
3.74378e-15
3.37362e-15
3.02537e-15
2.69756e-15
2.38871e-15
2.09738e-15
1.82211e-15
1.56144e-15
1.31392e-15
1.07806e-15
8.52381e-16
6.35524e-16
4.26903e-16
2.31828e-16
1.23891e-16
6.53478e-15
8.49882e-15
1.25906e-14
1.72873e-14
2.2115e-14
2.68578e-14
3.14302e-14
3.57757e-14
3.99754e-14
4.37424e-14
4.71226e-14
5.02449e-14
5.27803e-14
5.50172e-14
5.66709e-14
5.79824e-14
5.87429e-14
5.91813e-14
5.91065e-14
5.87809e-14
5.80209e-14
5.70767e-14
5.5841e-14
5.44004e-14
5.28968e-14
5.11773e-14
4.93848e-14
4.76266e-14
4.57824e-14
4.39034e-14
4.20346e-14
4.01872e-14
3.83699e-14
3.65896e-14
3.48512e-14
3.31584e-14
3.1514e-14
2.99198e-14
2.83769e-14
2.68862e-14
2.54478e-14
2.40617e-14
2.27276e-14
2.14452e-14
2.02138e-14
1.90326e-14
1.79009e-14
1.68178e-14
1.57823e-14
1.47929e-14
1.3848e-14
1.29499e-14
1.20949e-14
1.12814e-14
1.05081e-14
9.77378e-15
9.07705e-15
8.41659e-15
7.79106e-15
7.1991e-15
6.63934e-15
6.11044e-15
5.61096e-15
5.13949e-15
4.69465e-15
4.27895e-15
3.88674e-15
3.51301e-15
3.16017e-15
2.82685e-15
2.51169e-15
2.21337e-15
1.93059e-15
1.6621e-15
1.40674e-15
1.16347e-15
9.31645e-16
7.11585e-16
5.06713e-16
3.32289e-16
2.50274e-16
1.17907e-14
1.26801e-14
1.49782e-14
1.8078e-14
2.15761e-14
2.52285e-14
2.88668e-14
3.24033e-14
3.57755e-14
3.89207e-14
4.1792e-14
4.43584e-14
4.65811e-14
4.84468e-14
4.99335e-14
5.10384e-14
5.17722e-14
5.21463e-14
5.21858e-14
5.19213e-14
5.13933e-14
5.06388e-14
4.96787e-14
4.85601e-14
4.73187e-14
4.59734e-14
4.45502e-14
4.30721e-14
4.15774e-14
4.00302e-14
3.84902e-14
3.69897e-14
3.54592e-14
3.39506e-14
3.24697e-14
3.10191e-14
2.95902e-14
2.81824e-14
2.68382e-14
2.55321e-14
2.42589e-14
2.30129e-14
2.18236e-14
2.0673e-14
1.95528e-14
1.84827e-14
1.74526e-14
1.64564e-14
1.5505e-14
1.45924e-14
1.37153e-14
1.28778e-14
1.20767e-14
1.13114e-14
1.05808e-14
9.88346e-15
9.21904e-15
8.58857e-15
7.98641e-15
7.41318e-15
6.86852e-15
6.35498e-15
5.8654e-15
5.39911e-15
4.9566e-15
4.5367e-15
4.13926e-15
3.76564e-15
3.40689e-15
3.06546e-15
2.74086e-15
2.43204e-15
2.13809e-15
1.85825e-15
1.5921e-15
1.33972e-15
1.10226e-15
8.84101e-16
6.94641e-16
5.51654e-16
4.95589e-16
1.63273e-14
1.67789e-14
1.80775e-14
2.00701e-14
2.24644e-14
2.50938e-14
2.7819e-14
3.05361e-14
3.3173e-14
3.56701e-14
3.79758e-14
4.00566e-14
4.18708e-14
4.33893e-14
4.45941e-14
4.54859e-14
4.60576e-14
4.63354e-14
4.6336e-14
4.60856e-14
4.56198e-14
4.4968e-14
4.41645e-14
4.32378e-14
4.22143e-14
4.11143e-14
3.99587e-14
3.87625e-14
3.75326e-14
3.62999e-14
3.50328e-14
3.37642e-14
3.25075e-14
3.12649e-14
3.0033e-14
2.87927e-14
2.75934e-14
2.63997e-14
2.52393e-14
2.40983e-14
2.29843e-14
2.19002e-14
2.08451e-14
1.98183e-14
1.88225e-14
1.78583e-14
1.69255e-14
1.60238e-14
1.51539e-14
1.43157e-14
1.3509e-14
1.27327e-14
1.19871e-14
1.12716e-14
1.05854e-14
9.92814e-15
9.29835e-15
8.69666e-15
8.12037e-15
7.57125e-15
7.04522e-15
6.54541e-15
6.06599e-15
5.61151e-15
5.17629e-15
4.76073e-15
4.3675e-15
3.98914e-15
3.62795e-15
3.28667e-15
2.95894e-15
2.64501e-15
2.34587e-15
2.06252e-15
1.79595e-15
1.54306e-15
1.30949e-15
1.10116e-15
9.28814e-16
8.10226e-16
7.67062e-16
2.02954e-14
2.05688e-14
2.13247e-14
2.254e-14
2.40841e-14
2.58615e-14
2.77783e-14
2.97554e-14
3.17195e-14
3.36137e-14
3.53752e-14
3.69648e-14
3.83573e-14
3.95082e-14
4.0403e-14
4.10211e-14
4.13777e-14
4.14798e-14
4.13505e-14
4.10229e-14
4.05199e-14
3.98861e-14
3.91531e-14
3.8344e-14
3.74725e-14
3.65627e-14
3.56249e-14
3.46601e-14
3.36753e-14
3.26931e-14
3.16815e-14
3.06747e-14
2.9647e-14
2.8633e-14
2.76134e-14
2.66002e-14
2.55942e-14
2.45973e-14
2.36108e-14
2.26375e-14
2.16806e-14
2.074e-14
1.98188e-14
1.89175e-14
1.80372e-14
1.71791e-14
1.63439e-14
1.55323e-14
1.4745e-14
1.39818e-14
1.32432e-14
1.25293e-14
1.18399e-14
1.11751e-14
1.05345e-14
9.91781e-15
9.32453e-15
8.75426e-15
8.20655e-15
7.68087e-15
7.17682e-15
6.69363e-15
6.23082e-15
5.78713e-15
5.36227e-15
4.95604e-15
4.56599e-15
4.19358e-15
3.83602e-15
3.49497e-15
3.1671e-15
2.85649e-15
2.55802e-15
2.27594e-15
2.01239e-15
1.76563e-15
1.54228e-15
1.34904e-15
1.19593e-15
1.09795e-15
1.06344e-15
2.36509e-14
2.37963e-14
2.42419e-14
2.4974e-14
2.59359e-14
2.70816e-14
2.83571e-14
2.9705e-14
3.10743e-14
3.24178e-14
3.36807e-14
3.48169e-14
3.57908e-14
3.65656e-14
3.7117e-14
3.74287e-14
3.74973e-14
3.73519e-14
3.70221e-14
3.65336e-14
3.59385e-14
3.52633e-14
3.45412e-14
3.38023e-14
3.30515e-14
3.22932e-14
3.15349e-14
3.07749e-14
3.00063e-14
2.92255e-14
2.84583e-14
2.76781e-14
2.68819e-14
2.60784e-14
2.52697e-14
2.44541e-14
2.36359e-14
2.28155e-14
2.19974e-14
2.11814e-14
2.03715e-14
1.95702e-14
1.87763e-14
1.79944e-14
1.72249e-14
1.64694e-14
1.57291e-14
1.50048e-14
1.42973e-14
1.36076e-14
1.29362e-14
1.22835e-14
1.16499e-14
1.10357e-14
1.0441e-14
9.8656e-15
9.30941e-15
8.77222e-15
8.25396e-15
7.75441e-15
7.27325e-15
6.81014e-15
6.36463e-15
5.9362e-15
5.52434e-15
5.12841e-15
4.74819e-15
4.38304e-15
4.03249e-15
3.69676e-15
3.37559e-15
3.06832e-15
2.77765e-15
2.50154e-15
2.24603e-15
2.01022e-15
1.80066e-15
1.62609e-15
1.49003e-15
1.40313e-15
1.37319e-15
2.64136e-14
2.65376e-14
2.67974e-14
2.72197e-14
2.77847e-14
2.84697e-14
2.92492e-14
3.00951e-14
3.0973e-14
3.18406e-14
3.26539e-14
3.33724e-14
3.39482e-14
3.43326e-14
3.45061e-14
3.44616e-14
3.42011e-14
3.37467e-14
3.3145e-14
3.24475e-14
3.17009e-14
3.0949e-14
3.02176e-14
2.95231e-14
2.88699e-14
2.82558e-14
2.76663e-14
2.71012e-14
2.65266e-14
2.59718e-14
2.54086e-14
2.48321e-14
2.42417e-14
2.36383e-14
2.30212e-14
2.23892e-14
2.17456e-14
2.10922e-14
2.04272e-14
1.97589e-14
1.90863e-14
1.84137e-14
1.77406e-14
1.70715e-14
1.64083e-14
1.57506e-14
1.51004e-14
1.446e-14
1.38302e-14
1.32112e-14
1.26046e-14
1.20113e-14
1.14321e-14
1.08675e-14
1.03181e-14
9.78386e-15
9.26497e-15
8.7615e-15
8.27368e-15
7.80153e-15
7.34497e-15
6.90365e-15
6.47755e-15
6.06627e-15
5.66964e-15
5.28727e-15
4.91915e-15
4.56481e-15
4.22441e-15
3.89797e-15
3.5857e-15
3.28828e-15
3.00644e-15
2.74208e-15
2.49767e-15
2.27506e-15
2.08194e-15
1.92077e-15
1.79865e-15
1.72237e-15
1.69638e-15
2.88083e-14
2.88428e-14
2.89661e-14
2.91723e-14
2.94555e-14
2.98103e-14
3.02289e-14
3.0693e-14
3.11778e-14
3.16549e-14
3.20858e-14
3.24207e-14
3.26069e-14
3.26075e-14
3.23865e-14
3.19409e-14
3.12767e-14
3.04452e-14
2.95069e-14
2.85535e-14
2.7627e-14
2.67907e-14
2.60649e-14
2.5429e-14
2.48967e-14
2.44284e-14
2.40123e-14
2.3634e-14
2.32757e-14
2.28985e-14
2.25323e-14
2.21499e-14
2.17491e-14
2.13308e-14
2.08879e-14
2.04256e-14
1.99408e-14
1.94395e-14
1.89231e-14
1.83903e-14
1.78463e-14
1.72928e-14
1.67344e-14
1.61713e-14
1.56069e-14
1.50418e-14
1.44781e-14
1.39168e-14
1.33599e-14
1.28087e-14
1.22647e-14
1.17281e-14
1.12007e-14
1.06837e-14
1.01782e-14
9.68432e-15
9.20243e-15
8.73296e-15
8.27626e-15
7.83242e-15
7.40146e-15
6.98328e-15
6.57804e-15
6.18566e-15
5.8062e-15
5.43947e-15
5.0856e-15
4.74468e-15
4.41695e-15
4.10271e-15
3.80243e-15
3.51737e-15
3.2486e-15
2.99763e-15
2.76679e-15
2.55924e-15
2.37935e-15
2.23349e-15
2.12452e-15
2.05668e-15
2.0337e-15
3.06468e-14
3.06866e-14
3.07264e-14
3.07888e-14
3.08811e-14
3.1007e-14
3.11598e-14
3.13343e-14
3.15191e-14
3.16822e-14
3.17818e-14
3.17739e-14
3.16054e-14
3.12205e-14
3.05678e-14
2.96536e-14
2.84969e-14
2.721e-14
2.58752e-14
2.46338e-14
2.35995e-14
2.27433e-14
2.20802e-14
2.15647e-14
2.11683e-14
2.08662e-14
2.06202e-14
2.04183e-14
2.02262e-14
2.00306e-14
1.98308e-14
1.96159e-14
1.93788e-14
1.91214e-14
1.88387e-14
1.85281e-14
1.81933e-14
1.78332e-14
1.74514e-14
1.70499e-14
1.66293e-14
1.61918e-14
1.57425e-14
1.52823e-14
1.48125e-14
1.43355e-14
1.38543e-14
1.33697e-14
1.28847e-14
1.23996e-14
1.19171e-14
1.14372e-14
1.09617e-14
1.0492e-14
1.00299e-14
9.57613e-15
9.13151e-15
8.69654e-15
8.27164e-15
7.85677e-15
7.45181e-15
7.05758e-15
6.67414e-15
6.30169e-15
5.94058e-15
5.59106e-15
5.25334e-15
4.92767e-15
4.61458e-15
4.31458e-15
4.02867e-15
3.75772e-15
3.50382e-15
3.26862e-15
3.05293e-15
2.85958e-15
2.69355e-15
2.56015e-15
2.46099e-15
2.39993e-15
2.38028e-15
3.21114e-14
3.21248e-14
3.2103e-14
3.20681e-14
3.2029e-14
3.19881e-14
3.1951e-14
3.19138e-14
3.18666e-14
3.17789e-14
3.16169e-14
3.13153e-14
3.08019e-14
3.00054e-14
2.88613e-14
2.73795e-14
2.56673e-14
2.3913e-14
2.2302e-14
2.09668e-14
1.99259e-14
1.91466e-14
1.85832e-14
1.819e-14
1.79227e-14
1.7736e-14
1.76105e-14
1.75255e-14
1.74518e-14
1.73745e-14
1.72959e-14
1.72045e-14
1.7091e-14
1.69533e-14
1.67934e-14
1.66086e-14
1.63941e-14
1.61566e-14
1.58948e-14
1.56102e-14
1.53037e-14
1.4977e-14
1.46333e-14
1.42737e-14
1.38999e-14
1.35145e-14
1.31205e-14
1.27189e-14
1.23137e-14
1.19032e-14
1.14912e-14
1.10777e-14
1.06639e-14
1.02512e-14
9.84156e-15
9.43449e-15
9.0324e-15
8.63557e-15
8.24536e-15
7.86198e-15
7.48553e-15
7.11774e-15
6.75851e-15
6.4085e-15
6.06862e-15
5.73874e-15
5.41955e-15
5.11173e-15
4.81574e-15
4.53255e-15
4.26324e-15
4.00787e-15
3.77039e-15
3.55303e-15
3.35368e-15
3.17449e-15
3.02155e-15
2.89962e-15
2.80965e-15
2.75662e-15
2.73926e-15
3.32023e-14
3.31761e-14
3.31103e-14
3.30091e-14
3.28766e-14
3.27215e-14
3.25508e-14
3.23621e-14
3.21416e-14
3.18683e-14
3.14913e-14
3.09275e-14
3.00811e-14
2.88373e-14
2.71348e-14
2.50689e-14
2.28951e-14
2.09469e-14
1.93351e-14
1.80828e-14
1.71272e-14
1.64148e-14
1.58894e-14
1.55209e-14
1.52736e-14
1.51225e-14
1.50367e-14
1.49907e-14
1.49621e-14
1.49699e-14
1.4961e-14
1.49441e-14
1.49099e-14
1.48541e-14
1.47778e-14
1.46751e-14
1.45495e-14
1.4397e-14
1.42217e-14
1.40254e-14
1.38093e-14
1.3573e-14
1.33207e-14
1.30518e-14
1.27672e-14
1.24694e-14
1.21614e-14
1.18443e-14
1.15192e-14
1.11884e-14
1.08526e-14
Process [1]
1.05123e-14
1.0169e-14
9.82374e-15
9.47708e-15
9.12972e-15
8.78261e-15
8.43615e-15
8.09231e-15
7.75214e-15
7.41556e-15
7.08587e-15
6.76172e-15
6.4447e-15
6.13585e-15
5.83497e-15
5.54312e-15
5.26135e-15
4.98985e-15
4.73026e-15
4.48416e-15
4.24927e-15
4.03257e-15
3.83611e-15
3.65576e-15
3.49364e-15
3.35661e-15
3.24787e-15
3.16867e-15
3.12117e-15
3.10463e-15
3.38886e-14
3.38556e-14
3.37639e-14
3.3617e-14
3.34236e-14
3.31933e-14
3.29333e-14
3.26436e-14
3.23133e-14
3.19127e-14
3.13739e-14
3.0603e-14
2.94386e-14
2.77475e-14
2.55331e-14
2.31091e-14
2.08591e-14
1.90075e-14
1.74751e-14
1.62283e-14
1.52189e-14
1.44323e-14
1.38331e-14
1.33957e-14
1.30985e-14
1.29183e-14
1.28247e-14
1.27932e-14
1.28091e-14
1.28365e-14
1.28677e-14
1.29023e-14
1.2924e-14
1.29283e-14
1.29114e-14
1.28714e-14
1.28078e-14
1.27218e-14
1.26097e-14
1.24773e-14
1.23258e-14
1.21558e-14
1.19694e-14
1.17667e-14
1.15494e-14
1.13187e-14
1.10767e-14
1.08244e-14
1.05642e-14
1.02958e-14
1.00223e-14
9.74365e-15
9.46074e-15
9.17445e-15
8.88761e-15
8.60009e-15
8.3116e-15
8.02313e-15
7.73498e-15
7.44834e-15
7.16366e-15
6.88365e-15
6.60648e-15
6.33521e-15
6.06945e-15
5.81015e-15
5.55787e-15
5.31405e-15
5.07842e-15
4.85392e-15
4.64047e-15
4.43742e-15
4.25178e-15
4.08235e-15
3.92643e-15
3.78973e-15
3.67687e-15
3.58802e-15
3.5233e-15
3.48527e-15
3.47208e-15
3.42204e-14
3.4186e-14
3.40782e-14
3.39054e-14
3.36767e-14
3.34043e-14
3.30977e-14
3.27579e-14
3.23777e-14
3.19183e-14
3.13054e-14
3.04016e-14
2.90184e-14
2.69666e-14
2.44804e-14
2.20583e-14
1.99075e-14
1.80448e-14
1.64152e-14
1.50378e-14
1.3863e-14
1.29095e-14
1.21662e-14
1.16244e-14
1.12491e-14
1.1014e-14
1.09e-14
1.08689e-14
1.0895e-14
1.09542e-14
1.10319e-14
1.11174e-14
1.11907e-14
1.12482e-14
1.12862e-14
1.13026e-14
1.12967e-14
1.12653e-14
1.12094e-14
1.11325e-14
1.10326e-14
1.09144e-14
1.07778e-14
1.06239e-14
1.04552e-14
1.02724e-14
1.00776e-14
9.87313e-15
9.65931e-15
9.43758e-15
9.20908e-15
8.97577e-15
8.73802e-15
8.49863e-15
8.25759e-15
8.01669e-15
7.77513e-15
7.53388e-15
7.29414e-15
7.05512e-15
6.81839e-15
6.58433e-15
6.35354e-15
6.12775e-15
5.90686e-15
5.69144e-15
5.48219e-15
5.28065e-15
5.08669e-15
4.90271e-15
4.72779e-15
4.56426e-15
4.41593e-15
4.27892e-15
4.15394e-15
4.0486e-15
3.96454e-15
3.89985e-15
3.85402e-15
3.82537e-15
3.81625e-15
3.42264e-14
3.41883e-14
3.4074e-14
3.38916e-14
3.36532e-14
3.33709e-14
3.30601e-14
3.27277e-14
3.23713e-14
3.19564e-14
3.1393e-14
3.05307e-14
2.90241e-14
2.67762e-14
2.42167e-14
2.17959e-14
1.95835e-14
1.75872e-14
1.5791e-14
1.42166e-14
1.28552e-14
1.17264e-14
1.08205e-14
1.01489e-14
9.66825e-15
9.37402e-15
9.22742e-15
9.19319e-15
9.23908e-15
9.33404e-15
9.45301e-15
9.5887e-15
9.72145e-15
9.83633e-15
9.93147e-15
1.00027e-14
1.0048e-14
1.00692e-14
1.00647e-14
1.00361e-14
9.98333e-15
9.90869e-15
9.81666e-15
9.7053e-15
9.57688e-15
9.43437e-15
9.27924e-15
9.11282e-15
8.93661e-15
8.75262e-15
8.56134e-15
8.36464e-15
8.16439e-15
7.96112e-15
7.75622e-15
7.54983e-15
7.34316e-15
7.13715e-15
6.93244e-15
6.7294e-15
6.52876e-15
6.33167e-15
6.13806e-15
5.94905e-15
5.76516e-15
5.587e-15
5.41514e-15
5.25052e-15
5.09365e-15
4.94551e-15
4.80644e-15
4.67821e-15
4.5618e-15
4.45569e-15
4.36126e-15
4.28316e-15
4.22238e-15
4.17716e-15
4.14596e-15
4.12716e-15
4.12062e-15
3.39194e-14
3.38851e-14
3.37746e-14
3.35991e-14
3.33752e-14
3.31214e-14
3.28595e-14
3.26072e-14
3.23686e-14
3.21442e-14
3.18452e-14
3.11731e-14
2.95752e-14
2.71071e-14
2.44362e-14
2.19128e-14
1.95655e-14
1.74065e-14
1.54426e-14
1.36847e-14
1.2141e-14
1.08316e-14
9.75931e-15
8.92751e-15
8.33583e-15
7.96514e-15
7.77914e-15
7.74257e-15
7.81593e-15
7.9572e-15
8.1387e-15
8.32638e-15
8.52115e-15
8.69824e-15
8.8521e-15
8.98077e-15
9.08071e-15
9.15244e-15
9.19559e-15
9.2122e-15
9.20174e-15
9.16794e-15
9.11245e-15
9.03644e-15
8.94389e-15
8.83491e-15
8.7119e-15
8.57658e-15
8.43122e-15
8.27677e-15
8.11513e-15
7.94744e-15
7.77531e-15
7.59976e-15
7.42189e-15
7.24258e-15
7.06268e-15
6.88347e-15
6.70548e-15
6.5296e-15
6.35636e-15
6.18657e-15
6.02077e-15
5.85967e-15
5.70376e-15
5.5536e-15
5.40971e-15
5.27279e-15
5.14343e-15
5.02211e-15
4.90959e-15
4.80653e-15
4.71317e-15
4.62979e-15
4.55755e-15
4.49806e-15
4.45182e-15
4.41777e-15
4.39486e-15
4.38073e-15
4.376e-15
3.33302e-14
3.33026e-14
3.32065e-14
3.30582e-14
3.28799e-14
3.26951e-14
3.25448e-14
3.2462e-14
3.24791e-14
3.26312e-14
3.2822e-14
3.23142e-14
3.04195e-14
2.7663e-14
2.48589e-14
2.22144e-14
1.97403e-14
1.74358e-14
1.5321e-14
1.34022e-14
1.16899e-14
1.01935e-14
8.9497e-15
7.95676e-15
7.22579e-15
6.75908e-15
6.53136e-15
6.49943e-15
6.61193e-15
6.81316e-15
7.06407e-15
7.33311e-15
7.59253e-15
7.84034e-15
8.06134e-15
8.249e-15
8.4033e-15
8.52415e-15
8.61243e-15
8.66973e-15
8.69758e-15
8.69876e-15
8.67565e-15
8.63021e-15
8.56484e-15
8.48226e-15
8.38405e-15
8.2721e-15
8.14913e-15
8.01634e-15
7.87527e-15
7.72767e-15
7.57499e-15
7.41841e-15
7.25882e-15
7.09786e-15
6.93614e-15
6.77486e-15
6.61477e-15
6.4568e-15
6.30166e-15
6.14992e-15
6.00217e-15
5.85913e-15
5.72139e-15
5.58917e-15
5.46328e-15
5.34413e-15
5.23213e-15
5.12785e-15
5.03164e-15
4.94403e-15
4.8653e-15
4.79584e-15
4.73641e-15
4.68742e-15
4.64898e-15
4.62053e-15
4.60093e-15
4.58996e-15
4.586e-15
3.2493e-14
3.24694e-14
3.24002e-14
3.23016e-14
3.22028e-14
3.21435e-14
3.21771e-14
3.23772e-14
3.28137e-14
3.35661e-14
3.42852e-14
3.36582e-14
3.12909e-14
2.8317e-14
2.54066e-14
2.26415e-14
2.00488e-14
1.76303e-14
1.53801e-14
1.33063e-14
1.14438e-14
9.78616e-15
8.36444e-15
7.1986e-15
6.31797e-15
5.73968e-15
5.46231e-15
5.44215e-15
5.60926e-15
5.89441e-15
6.23561e-15
6.59447e-15
6.94178e-15
7.26342e-15
7.55067e-15
7.79931e-15
8.00768e-15
8.17615e-15
8.30652e-15
8.40104e-15
8.46237e-15
8.49307e-15
8.49613e-15
8.47426e-15
8.43018e-15
8.36648e-15
8.28558e-15
8.18968e-15
8.08097e-15
7.96142e-15
7.83259e-15
7.69633e-15
7.55414e-15
7.40751e-15
7.25745e-15
7.10576e-15
6.953e-15
6.80036e-15
6.64884e-15
6.4992e-15
6.35243e-15
6.20898e-15
6.0695e-15
5.93475e-15
5.80517e-15
5.68133e-15
5.56353e-15
5.45244e-15
5.34832e-15
5.25173e-15
5.16294e-15
5.08232e-15
5.01018e-15
4.94677e-15
4.8926e-15
4.84762e-15
4.8119e-15
4.785e-15
4.7665e-15
4.75513e-15
4.75126e-15
3.14468e-14
3.14177e-14
3.13888e-14
3.13675e-14
3.13904e-14
3.1516e-14
3.18234e-14
3.24257e-14
3.34446e-14
3.4929e-14
3.59644e-14
3.49243e-14
3.21362e-14
2.90233e-14
2.60289e-14
2.31768e-14
2.04712e-14
1.79384e-14
1.55674e-14
1.33714e-14
1.13639e-14
9.55681e-15
7.9637e-15
6.62767e-15
5.58502e-15
4.88345e-15
4.55107e-15
4.5566e-15
4.80334e-15
5.19241e-15
5.64331e-15
6.10256e-15
6.54086e-15
6.9435e-15
7.29877e-15
7.60611e-15
7.86615e-15
8.07912e-15
8.2478e-15
8.37583e-15
8.46528e-15
8.52031e-15
8.54445e-15
8.54024e-15
8.51117e-15
8.45978e-15
8.38954e-15
8.3023e-15
8.20079e-15
8.08689e-15
7.96257e-15
7.82996e-15
7.69029e-15
7.54541e-15
7.39682e-15
7.24583e-15
7.09337e-15
6.94075e-15
6.78915e-15
6.63903e-15
6.49157e-15
6.34745e-15
6.20721e-15
6.07183e-15
5.94128e-15
5.8168e-15
5.69837e-15
5.58661e-15
5.48201e-15
5.38495e-15
5.29558e-15
5.2145e-15
5.14194e-15
5.07803e-15
5.02309e-15
4.97718e-15
4.94014e-15
4.91178e-15
4.89192e-15
4.87973e-15
4.87625e-15
3.01567e-14
3.01762e-14
3.02099e-14
3.02958e-14
3.04885e-14
3.08646e-14
3.15346e-14
3.26357e-14
3.43531e-14
3.65775e-14
3.76201e-14
3.60542e-14
3.29843e-14
2.97798e-14
2.67057e-14
2.37649e-14
2.09746e-14
1.83345e-14
1.58593e-14
1.35508e-14
1.14135e-14
9.46556e-15
7.7226e-15
6.2225e-15
5.01e-15
4.17323e-15
3.78337e-15
3.82562e-15
4.1797e-15
4.69557e-15
5.26676e-15
5.83272e-15
6.36264e-15
6.84166e-15
7.26533e-15
7.62607e-15
7.93538e-15
8.18746e-15
8.39136e-15
8.54752e-15
8.66111e-15
8.73579e-15
8.77606e-15
8.78455e-15
8.76514e-15
8.72145e-15
8.65601e-15
8.57225e-15
8.47178e-15
8.35779e-15
8.23174e-15
8.09611e-15
7.95286e-15
7.80334e-15
7.64905e-15
7.49171e-15
7.33275e-15
7.17296e-15
7.01369e-15
6.85578e-15
6.70006e-15
6.54748e-15
6.39917e-15
6.25505e-15
6.11614e-15
5.9832e-15
5.85652e-15
5.73694e-15
5.62464e-15
5.52007e-15
5.42368e-15
5.33587e-15
5.25693e-15
5.18708e-15
5.12659e-15
5.07559e-15
5.03399e-15
5.00184e-15
4.97901e-15
4.96515e-15
4.96093e-15
2.87637e-14
2.87844e-14
2.88951e-14
2.91267e-14
2.95373e-14
3.02277e-14
3.13383e-14
3.30204e-14
3.54669e-14
3.82715e-14
3.91316e-14
3.7068e-14
3.38332e-14
3.05613e-14
2.74156e-14
2.43987e-14
2.1524e-14
1.87956e-14
1.62174e-14
1.38059e-14
1.1553e-14
9.4894e-15
7.60809e-15
5.95655e-15
4.57433e-15
3.59118e-15
3.13739e-15
3.23814e-15
3.72402e-15
4.38197e-15
5.07713e-15
5.74758e-15
6.36223e-15
6.91363e-15
7.39543e-15
7.81039e-15
8.15938e-15
8.44791e-15
8.68207e-15
8.86423e-15
8.99787e-15
9.08888e-15
9.14181e-15
9.15994e-15
9.14647e-15
9.10674e-15
9.04238e-15
8.9578e-15
8.85472e-15
8.7356e-15
8.60336e-15
8.46078e-15
8.30888e-15
8.14973e-15
7.98499e-15
7.81623e-15
7.64506e-15
7.47266e-15
7.29996e-15
7.12819e-15
6.95846e-15
6.79149e-15
6.62865e-15
6.47044e-15
6.31703e-15
6.16984e-15
6.02899e-15
5.89519e-15
5.76942e-15
5.65156e-15
5.54272e-15
5.443e-15
5.35285e-15
5.27252e-15
5.20261e-15
5.14313e-15
5.0943e-15
5.05625e-15
5.02905e-15
5.01261e-15
5.00723e-15
2.71889e-14
2.7268e-14
2.74817e-14
2.78866e-14
2.85641e-14
2.96242e-14
3.12226e-14
3.35351e-14
3.66866e-14
3.98683e-14
4.04646e-14
3.80166e-14
3.46804e-14
3.13518e-14
2.81441e-14
2.50589e-14
2.21049e-14
1.92913e-14
1.66272e-14
1.41179e-14
1.17664e-14
9.58967e-15
7.59138e-15
5.79824e-15
4.25961e-15
3.11857e-15
2.5984e-15
2.77893e-15
3.41956e-15
4.22209e-15
5.03619e-15
5.79953e-15
6.49322e-15
7.109e-15
7.6449e-15
8.10509e-15
8.49326e-15
8.81714e-15
9.0772e-15
9.27839e-15
9.42918e-15
9.53398e-15
9.59716e-15
9.62204e-15
9.61273e-15
9.57396e-15
9.50844e-15
9.4201e-15
9.31144e-15
9.18575e-15
9.04504e-15
8.89167e-15
8.72805e-15
8.55678e-15
8.37757e-15
8.19403e-15
8.00641e-15
7.8179e-15
7.62769e-15
7.43829e-15
7.25065e-15
7.06529e-15
6.88342e-15
6.70575e-15
6.53338e-15
6.36685e-15
6.20742e-15
6.05516e-15
5.9109e-15
5.77559e-15
5.64962e-15
5.53367e-15
5.42832e-15
5.33402e-15
5.25127e-15
5.18052e-15
5.12209e-15
5.07633e-15
5.04348e-15
5.02369e-15
5.0171e-15
Process [2]
2.55769e-14
2.566e-14
2.59947e-14
2.66096e-14
2.75919e-14
2.90602e-14
3.11706e-14
3.40904e-14
3.78535e-14
4.1285e-14
4.16341e-14
3.89295e-14
3.55145e-14
3.21427e-14
2.8875e-14
2.57285e-14
2.27019e-14
1.98129e-14
1.70648e-14
1.44632e-14
1.20236e-14
9.74475e-15
7.63883e-15
5.72429e-15
4.04082e-15
2.74116e-15
2.1552e-15
2.43773e-15
3.24308e-15
4.18618e-15
5.10515e-15
5.95257e-15
6.71391e-15
7.38524e-15
7.9677e-15
8.46856e-15
8.89239e-15
9.24231e-15
9.5261e-15
9.75217e-15
9.91748e-15
1.00325e-14
1.01041e-14
1.01339e-14
1.01281e-14
1.00889e-14
1.00211e-14
9.92788e-15
9.81238e-15
9.67822e-15
9.52688e-15
9.36176e-15
9.1843e-15
8.99744e-15
8.80293e-15
8.60248e-15
8.39748e-15
8.18969e-15
7.97997e-15
7.77042e-15
7.56162e-15
7.35497e-15
7.15104e-15
6.95125e-15
6.75626e-15
6.56783e-15
6.38597e-15
6.21153e-15
6.04565e-15
5.88883e-15
5.74247e-15
5.60689e-15
5.48298e-15
5.37156e-15
5.27321e-15
5.18868e-15
5.11859e-15
5.0635e-15
5.02376e-15
4.99992e-15
4.99201e-15
2.38207e-14
2.39822e-14
2.44592e-14
2.53117e-14
2.66324e-14
2.85199e-14
3.11331e-14
3.46131e-14
3.89071e-14
4.24909e-14
4.26637e-14
3.98078e-14
3.63358e-14
3.29243e-14
2.96027e-14
2.63973e-14
2.33052e-14
2.03407e-14
1.75153e-14
1.48324e-14
1.23026e-14
9.93546e-15
7.73386e-15
5.71516e-15
3.90722e-15
2.44633e-15
1.79933e-15
2.19967e-15
3.1749e-15
4.23899e-15
5.25045e-15
6.16663e-15
6.98594e-15
7.70561e-15
8.33391e-15
8.86977e-15
9.32343e-15
9.70034e-15
1.00072e-14
1.0247e-14
1.04238e-14
1.05514e-14
1.06348e-14
1.06693e-14
1.06653e-14
1.06254e-14
1.05547e-14
1.04556e-14
1.03334e-14
1.01893e-14
1.00271e-14
9.8495e-15
9.65813e-15
9.45558e-15
9.24407e-15
9.02543e-15
8.80149e-15
8.57355e-15
8.34285e-15
8.11144e-15
7.88003e-15
7.6501e-15
7.42281e-15
7.19911e-15
6.97981e-15
6.76643e-15
6.55966e-15
6.36042e-15
6.17038e-15
5.98962e-15
5.82005e-15
5.66214e-15
5.51696e-15
5.38567e-15
5.26939e-15
5.16895e-15
5.08527e-15
5.01927e-15
4.97154e-15
4.94299e-15
4.93321e-15
2.20612e-14
2.22618e-14
2.28963e-14
2.40111e-14
2.5678e-14
2.7989e-14
3.10695e-14
3.50357e-14
3.97482e-14
4.34892e-14
4.35837e-14
4.06312e-14
3.71285e-14
3.37008e-14
3.03146e-14
2.70564e-14
2.39109e-14
2.08683e-14
1.79666e-14
1.52111e-14
1.25988e-14
1.01466e-14
7.85652e-15
5.74073e-15
3.82235e-15
2.21579e-15
1.51942e-15
2.04917e-15
3.18208e-15
4.35226e-15
5.44148e-15
6.41758e-15
7.2871e-15
8.05152e-15
8.71689e-15
9.28527e-15
9.76722e-15
1.01678e-14
1.04941e-14
1.07513e-14
1.09454e-14
1.10813e-14
1.11729e-14
1.12069e-14
1.12041e-14
1.11634e-14
1.10893e-14
1.09857e-14
1.08554e-14
1.07019e-14
1.05285e-14
1.03383e-14
1.01329e-14
9.91472e-15
9.68621e-15
9.44925e-15
9.20569e-15
8.9576e-15
8.70513e-15
8.45137e-15
8.19714e-15
7.94303e-15
7.69111e-15
7.44208e-15
7.19754e-15
6.95823e-15
6.7252e-15
6.49966e-15
6.2834e-15
6.07689e-15
5.8818e-15
5.69944e-15
5.53082e-15
5.37757e-15
5.24107e-15
5.12271e-15
5.02369e-15
4.94523e-15
4.88845e-15
4.85414e-15
4.84201e-15
2.02346e-14
2.05063e-14
2.13224e-14
2.27144e-14
2.47289e-14
2.7444e-14
3.09376e-14
3.53082e-14
4.03455e-14
4.42835e-14
4.44056e-14
4.14319e-14
3.79132e-14
3.443e-14
3.10238e-14
2.77022e-14
2.44885e-14
2.13884e-14
1.84256e-14
1.55716e-14
1.28957e-14
1.0362e-14
7.99192e-15
5.79034e-15
3.77476e-15
2.03653e-15
1.31018e-15
1.97421e-15
3.25054e-15
4.5058e-15
5.65541e-15
6.68603e-15
7.601e-15
8.40304e-15
9.10024e-15
9.70055e-15
1.02084e-14
1.06292e-14
1.09741e-14
1.12462e-14
1.14526e-14
1.15988e-14
1.16876e-14
1.17313e-14
1.17294e-14
1.16897e-14
1.16123e-14
1.15033e-14
1.13661e-14
1.12037e-14
1.10197e-14
1.08168e-14
1.05975e-14
1.03637e-14
1.01185e-14
9.86351e-15
9.60137e-15
9.33229e-15
9.05934e-15
8.78305e-15
8.50539e-15
8.22749e-15
7.95073e-15
7.67625e-15
7.40574e-15
7.13935e-15
6.87943e-15
6.62712e-15
6.38329e-15
6.14975e-15
5.92771e-15
5.71917e-15
5.52544e-15
5.34834e-15
5.18978e-15
5.05156e-15
4.93549e-15
4.8431e-15
4.77622e-15
4.73507e-15
4.72128e-15
1.84099e-14
1.87441e-14
1.97471e-14
2.14242e-14
2.37854e-14
2.68662e-14
3.07129e-14
3.53898e-14
4.06787e-14
4.48523e-14
4.51208e-14
4.22046e-14
3.86645e-14
3.51512e-14
3.1699e-14
2.83277e-14
2.5052e-14
2.1884e-14
1.88444e-14
1.59346e-14
1.31892e-14
1.05688e-14
8.1246e-15
5.84633e-15
3.74546e-15
1.89395e-15
1.1608e-15
1.966e-15
3.36221e-15
4.68478e-15
5.88751e-15
6.96284e-15
7.91718e-15
8.75361e-15
9.47895e-15
1.01042e-14
1.06339e-14
1.10765e-14
1.1436e-14
1.17228e-14
1.19395e-14
1.20937e-14
1.21917e-14
1.22361e-14
1.22338e-14
1.21919e-14
1.21138e-14
1.19993e-14
1.18552e-14
1.16843e-14
1.149e-14
1.12752e-14
1.10428e-14
1.07947e-14
1.05337e-14
1.02617e-14
9.9803e-15
9.69235e-15
9.39845e-15
9.10086e-15
8.80006e-15
8.49866e-15
8.19747e-15
7.8978e-15
7.60105e-15
7.30833e-15
7.02113e-15
6.74141e-15
6.4697e-15
6.20828e-15
5.95851e-15
5.72243e-15
5.50193e-15
5.29961e-15
5.11722e-15
4.95744e-15
4.82253e-15
4.71483e-15
4.63649e-15
4.58824e-15
4.57242e-15
1.65593e-14
1.6976e-14
1.81859e-14
2.01527e-14
2.28397e-14
2.6238e-14
3.03672e-14
3.52566e-14
4.07422e-14
4.51721e-14
4.57312e-14
4.29293e-14
3.93889e-14
3.58448e-14
3.23547e-14
2.89336e-14
2.55957e-14
2.23615e-14
1.92535e-14
1.62714e-14
1.34404e-14
1.07729e-14
8.24727e-15
5.89672e-15
3.72133e-15
1.76669e-15
1.0628e-15
2.0109e-15
3.50056e-15
4.88127e-15
6.12755e-15
7.24043e-15
8.22581e-15
9.09052e-15
9.84564e-15
1.0493e-14
1.10438e-14
1.15029e-14
1.18753e-14
1.21729e-14
1.23985e-14
1.25601e-14
1.26632e-14
1.27126e-14
1.27109e-14
1.26724e-14
1.25861e-14
1.24666e-14
1.23161e-14
1.21375e-14
1.19335e-14
1.17083e-14
1.14631e-14
1.12014e-14
1.09253e-14
1.06368e-14
1.03384e-14
1.0031e-14
9.718e-15
9.39933e-15
9.07725e-15
8.75304e-15
8.42803e-15
8.10401e-15
7.78153e-15
7.46302e-15
7.14933e-15
6.8417e-15
6.54215e-15
6.25258e-15
5.9745e-15
5.71016e-15
5.4621e-15
5.23288e-15
5.02533e-15
4.84224e-15
4.68695e-15
4.56231e-15
4.47082e-15
4.4155e-15
4.39714e-15
1.47555e-14
1.52231e-14
1.6648e-14
1.89059e-14
2.18952e-14
2.55616e-14
2.98968e-14
3.4909e-14
4.05292e-14
4.52559e-14
4.62216e-14
4.36187e-14
4.00858e-14
3.65183e-14
3.29839e-14
2.95127e-14
2.61119e-14
2.28119e-14
1.96242e-14
1.65787e-14
1.36746e-14
1.09274e-14
8.34451e-15
5.93133e-15
3.69387e-15
1.65415e-15
1.00552e-15
2.10239e-15
3.66203e-15
5.08667e-15
6.37115e-15
7.51279e-15
8.52711e-15
9.41833e-15
1.01929e-14
1.08603e-14
1.14263e-14
1.19004e-14
1.2286e-14
1.25944e-14
1.28274e-14
1.29951e-14
1.3102e-14
1.3153e-14
1.31544e-14
1.31081e-14
1.30226e-14
1.28991e-14
1.27445e-14
1.25582e-14
1.23458e-14
1.21102e-14
1.18536e-14
1.15789e-14
1.12891e-14
1.09855e-14
1.06709e-14
1.03466e-14
1.00145e-14
9.67652e-15
9.33367e-15
8.98792e-15
8.64056e-15
8.29271e-15
7.94641e-15
7.60244e-15
7.26259e-15
6.92804e-15
6.60102e-15
6.28323e-15
5.97652e-15
5.68395e-15
5.40737e-15
5.15037e-15
4.91598e-15
4.70815e-15
4.53062e-15
4.3875e-15
4.28208e-15
4.2185e-15
4.19681e-15
1.28944e-14
1.34914e-14
1.51494e-14
1.76946e-14
2.0957e-14
2.48425e-14
2.93119e-14
3.44129e-14
4.00485e-14
4.50635e-14
4.65596e-14
4.4264e-14
4.0767e-14
3.71683e-14
3.359e-14
3.00601e-14
2.65924e-14
2.32273e-14
1.99711e-14
1.6849e-14
1.38738e-14
1.10621e-14
8.41868e-15
5.95225e-15
3.64944e-15
1.54194e-15
9.77512e-16
2.22926e-15
3.83974e-15
5.3001e-15
6.61391e-15
7.78172e-15
8.81694e-15
9.7279e-15
1.05216e-14
1.12033e-14
1.17831e-14
1.22681e-14
1.2664e-14
1.29793e-14
1.322e-14
1.33932e-14
1.35038e-14
1.35567e-14
1.35586e-14
1.35133e-14
1.34231e-14
1.33007e-14
1.31377e-14
1.29423e-14
1.2723e-14
1.24778e-14
1.22111e-14
1.19251e-14
1.16225e-14
1.13051e-14
1.09754e-14
1.06353e-14
1.0286e-14
9.9294e-15
9.56753e-15
9.20173e-15
8.83281e-15
8.46303e-15
8.09355e-15
7.72546e-15
7.36051e-15
7.00015e-15
6.64653e-15
6.30125e-15
5.9664e-15
5.64514e-15
5.33963e-15
5.05389e-15
4.79184e-15
4.5577e-15
4.35617e-15
4.1925e-15
4.07199e-15
3.99667e-15
3.97117e-15
1.10933e-14
1.17932e-14
1.37075e-14
1.65352e-14
2.00407e-14
2.40883e-14
2.8654e-14
3.37285e-14
3.93184e-14
4.45678e-14
4.67064e-14
4.48686e-14
4.14301e-14
3.77999e-14
3.41766e-14
3.05866e-14
2.70486e-14
2.36068e-14
2.02739e-14
1.70745e-14
1.40328e-14
1.11552e-14
8.45076e-15
5.93677e-15
3.58278e-15
1.42665e-15
9.69924e-16
2.38907e-15
4.03296e-15
5.52e-15
6.856e-15
8.04208e-15
9.09577e-15
1.00221e-14
1.08213e-14
1.15206e-14
1.21103e-14
1.26043e-14
1.30066e-14
1.333e-14
1.3577e-14
1.37528e-14
1.38661e-14
1.39204e-14
1.39219e-14
1.3875e-14
1.37849e-14
1.36531e-14
1.34879e-14
1.32888e-14
1.30619e-14
1.28094e-14
1.25333e-14
1.2237e-14
1.19228e-14
1.15932e-14
1.12495e-14
1.08947e-14
1.05299e-14
1.01567e-14
9.77732e-15
9.39277e-15
9.00438e-15
8.61384e-15
8.22286e-15
7.83224e-15
7.44364e-15
7.05866e-15
6.67938e-15
6.3074e-15
5.9452e-15
5.59541e-15
5.26097e-15
4.94622e-15
4.65531e-15
4.39314e-15
4.16605e-15
3.98001e-15
3.84185e-15
3.75537e-15
3.72676e-15
9.33002e-15
1.01499e-14
1.23437e-14
1.54462e-14
1.91556e-14
2.33235e-14
2.7897e-14
3.29294e-14
3.84013e-14
4.37705e-14
4.66087e-14
4.5403e-14
4.20787e-14
3.84189e-14
3.47426e-14
3.10798e-14
2.74701e-14
2.39439e-14
2.05354e-14
1.72614e-14
1.41486e-14
1.12065e-14
8.44792e-15
5.87119e-15
3.48166e-15
1.32028e-15
9.92577e-16
2.56962e-15
4.23774e-15
5.74125e-15
7.09111e-15
8.29261e-15
9.35932e-15
1.02963e-14
1.11119e-14
1.18117e-14
1.24088e-14
1.29096e-14
1.33178e-14
1.36438e-14
1.3894e-14
1.4073e-14
1.41874e-14
1.42424e-14
1.42441e-14
1.41959e-14
1.41025e-14
1.39696e-14
1.37996e-14
1.36007e-14
1.33664e-14
1.31021e-14
1.28181e-14
1.25129e-14
1.21887e-14
1.18478e-14
1.14921e-14
1.11242e-14
1.07453e-14
1.0357e-14
9.96194e-15
9.56052e-15
9.15431e-15
8.74509e-15
8.33385e-15
7.92218e-15
7.51169e-15
7.10375e-15
6.70018e-15
6.30276e-15
5.91413e-15
5.53644e-15
5.17383e-15
4.82961e-15
4.50892e-15
4.21769e-15
3.96295e-15
3.75261e-15
3.59424e-15
3.49576e-15
3.46284e-15
7.61123e-15
8.58012e-15
1.10845e-14
1.4461e-14
1.83327e-14
2.2567e-14
2.71412e-14
3.20503e-14
3.7347e-14
4.26893e-14
Process [3]
4.62082e-14
4.58187e-14
4.27102e-14
3.90363e-14
3.52935e-14
3.15537e-14
2.78562e-14
2.42388e-14
2.07406e-14
1.73895e-14
1.42056e-14
1.12051e-14
8.39505e-15
5.78158e-15
3.37489e-15
1.24306e-15
1.07496e-15
2.77143e-15
4.4517e-15
5.96666e-15
7.32461e-15
8.53582e-15
9.60732e-15
1.05482e-14
1.13686e-14
1.20746e-14
1.26749e-14
1.31783e-14
1.35899e-14
1.3919e-14
1.41698e-14
1.43504e-14
1.44661e-14
1.4522e-14
1.45232e-14
1.44736e-14
1.43799e-14
1.42426e-14
1.40688e-14
1.38611e-14
1.36264e-14
1.33591e-14
1.30649e-14
1.2752e-14
1.24191e-14
1.20684e-14
1.17025e-14
1.1323e-14
1.09319e-14
1.05309e-14
1.01212e-14
9.70452e-15
9.28249e-15
8.85578e-15
8.42694e-15
7.99623e-15
7.56547e-15
7.13627e-15
6.71005e-15
6.28831e-15
5.87486e-15
5.47062e-15
5.08003e-15
4.70668e-15
4.35586e-15
4.03444e-15
3.75016e-15
3.51273e-15
3.33224e-15
3.21914e-15
3.18109e-15
5.96896e-15
7.116e-15
9.96781e-15
1.35934e-14
1.75907e-14
2.18545e-14
2.63704e-14
3.11487e-14
3.62025e-14
4.13964e-14
4.54623e-14
4.60354e-14
4.33355e-14
3.96511e-14
3.58347e-14
3.19985e-14
2.82021e-14
2.44858e-14
2.0888e-14
1.7463e-14
1.42104e-14
1.11473e-14
8.29462e-15
5.64575e-15
3.21071e-15
1.20699e-15
1.22498e-15
2.98997e-15
4.67462e-15
6.19134e-15
7.55353e-15
8.76539e-15
9.83651e-15
1.07791e-14
1.15984e-14
1.23048e-14
1.29069e-14
1.34105e-14
1.38254e-14
1.41525e-14
1.44054e-14
1.45863e-14
1.47014e-14
1.47565e-14
1.47571e-14
1.47067e-14
1.4613e-14
1.44722e-14
1.42955e-14
1.40843e-14
1.38406e-14
1.35696e-14
1.32721e-14
1.29539e-14
1.26133e-14
1.22545e-14
1.18797e-14
1.14906e-14
1.10888e-14
1.06763e-14
1.02545e-14
9.82459e-15
9.38832e-15
8.94698e-15
8.50173e-15
8.05402e-15
7.60476e-15
7.15651e-15
6.70969e-15
6.26645e-15
5.82915e-15
5.40007e-15
4.98234e-15
4.58046e-15
4.19945e-15
3.84652e-15
3.53097e-15
3.26375e-15
3.05901e-15
2.92751e-15
2.88315e-15
4.44294e-15
5.80074e-15
9.04512e-15
1.28725e-14
1.69546e-14
2.12074e-14
2.56368e-14
3.02521e-14
3.50592e-14
3.99993e-14
4.43678e-14
4.5951e-14
4.39323e-14
4.02831e-14
3.63734e-14
3.24253e-14
2.85113e-14
2.46815e-14
2.09883e-14
1.74709e-14
1.41501e-14
1.10373e-14
8.14615e-15
5.47014e-15
3.01278e-15
1.2094e-15
1.43826e-15
3.22172e-15
4.90009e-15
6.41236e-15
7.77103e-15
8.9787e-15
1.00453e-14
1.09842e-14
1.18002e-14
1.25041e-14
1.31037e-14
1.36055e-14
1.4017e-14
1.43455e-14
1.4597e-14
1.47774e-14
1.48918e-14
1.49469e-14
1.4947e-14
1.48956e-14
1.47989e-14
1.46578e-14
1.4479e-14
1.42649e-14
1.40188e-14
1.37433e-14
1.34441e-14
1.31179e-14
1.27711e-14
1.24061e-14
1.2024e-14
1.16268e-14
1.12162e-14
1.0794e-14
1.03615e-14
9.92071e-15
9.47232e-15
9.01792e-15
8.55886e-15
8.09628e-15
7.63114e-15
7.16561e-15
6.7006e-15
6.23751e-15
5.77863e-15
5.32614e-15
4.88323e-15
4.45382e-15
4.04301e-15
3.65823e-15
3.30933e-15
3.0096e-15
2.77591e-15
2.62685e-15
2.57403e-15
3.1388e-15
4.72166e-15
8.36827e-15
1.23316e-14
1.64343e-14
2.06373e-14
2.49555e-14
2.93887e-14
3.39478e-14
3.85961e-14
4.3001e-14
4.54855e-14
4.44131e-14
4.09438e-14
3.69261e-14
3.28364e-14
2.87766e-14
2.48223e-14
2.10222e-14
1.74188e-14
1.40268e-14
1.08703e-14
7.94478e-15
5.25414e-15
2.81979e-15
1.23318e-15
1.68458e-15
3.46242e-15
5.12893e-15
6.62619e-15
7.97235e-15
9.17178e-15
1.02292e-14
1.11594e-14
1.19698e-14
1.26684e-14
1.32619e-14
1.37599e-14
1.41688e-14
1.44953e-14
1.47449e-14
1.49244e-14
1.5038e-14
1.50917e-14
1.50913e-14
1.50394e-14
1.49392e-14
1.47989e-14
1.46187e-14
1.44028e-14
1.41545e-14
1.38768e-14
1.35717e-14
1.32442e-14
1.28926e-14
1.25227e-14
1.21349e-14
1.17313e-14
1.13138e-14
1.08839e-14
1.04431e-14
9.99303e-15
9.53473e-15
9.0695e-15
8.59885e-15
8.12356e-15
7.64525e-15
7.16469e-15
6.6835e-15
6.20296e-15
5.72487e-15
5.25158e-15
4.7853e-15
4.33009e-15
3.89055e-15
3.47392e-15
3.09043e-15
2.75484e-15
2.48744e-15
2.31108e-15
2.25016e-15
2.37662e-15
4.08846e-15
7.98561e-15
1.1984e-14
1.60413e-14
2.01585e-14
2.43438e-14
2.86007e-14
3.29153e-14
3.72666e-14
4.1491e-14
4.46179e-14
4.46576e-14
4.16293e-14
3.75055e-14
3.32392e-14
2.90114e-14
2.49063e-14
2.09868e-14
1.72952e-14
1.38416e-14
1.06415e-14
7.70121e-15
5.0143e-15
2.59966e-15
1.27199e-15
1.94582e-15
3.70276e-15
5.34971e-15
6.82982e-15
8.15873e-15
9.34006e-15
1.03848e-14
1.13042e-14
1.21023e-14
1.27928e-14
1.33811e-14
1.3873e-14
1.42765e-14
1.45996e-14
1.4847e-14
1.50244e-14
1.51373e-14
1.51906e-14
1.51887e-14
1.51376e-14
1.50374e-14
1.48957e-14
1.47148e-14
1.44981e-14
1.42487e-14
1.39692e-14
1.36629e-14
1.33312e-14
1.29769e-14
1.26044e-14
1.22129e-14
1.18047e-14
1.1382e-14
1.09464e-14
1.04994e-14
1.00419e-14
9.5758e-15
9.10207e-15
8.62196e-15
8.1365e-15
7.64687e-15
7.15424e-15
6.6595e-15
6.1642e-15
5.6697e-15
5.17809e-15
4.69103e-15
4.21227e-15
3.74568e-15
3.29795e-15
2.87929e-15
2.50518e-15
2.19794e-15
1.99204e-15
1.91911e-15
2.54237e-15
4.18269e-15
7.9364e-15
1.18288e-14
1.57791e-14
1.97748e-14
2.38121e-14
2.78885e-14
3.19762e-14
3.60514e-14
4.00253e-14
4.342e-14
4.45369e-14
4.22798e-14
3.81301e-14
3.36376e-14
2.91997e-14
2.49287e-14
2.08862e-14
1.70985e-14
1.35959e-14
1.03658e-14
7.41514e-15
4.74102e-15
2.3924e-15
1.33802e-15
2.21595e-15
3.94422e-15
5.55652e-15
7.01284e-15
8.31696e-15
9.47949e-15
1.05071e-14
1.14098e-14
1.21969e-14
1.28772e-14
1.34551e-14
1.39408e-14
1.43395e-14
1.46575e-14
1.49024e-14
1.50778e-14
1.51891e-14
1.52415e-14
1.52417e-14
1.51883e-14
1.50888e-14
1.49477e-14
1.47671e-14
1.45508e-14
1.4301e-14
1.40215e-14
1.37145e-14
1.33825e-14
1.30273e-14
1.26522e-14
1.22577e-14
1.18474e-14
1.14213e-14
1.09818e-14
1.05306e-14
1.00679e-14
9.59618e-15
9.11614e-15
8.62898e-15
8.13575e-15
7.63751e-15
7.13511e-15
6.6298e-15
6.12246e-15
5.6146e-15
5.10751e-15
4.60298e-15
4.10383e-15
3.61289e-15
3.13613e-15
2.68252e-15
2.2669e-15
1.91574e-15
1.66886e-15
1.57921e-15
3.46192e-15
4.8832e-15
8.18524e-15
1.18649e-14
1.56565e-14
1.94974e-14
2.33888e-14
2.72592e-14
3.11337e-14
3.49581e-14
3.86771e-14
4.2068e-14
4.40129e-14
4.27715e-14
3.87928e-14
3.40564e-14
2.93575e-14
2.48918e-14
2.07094e-14
1.68459e-14
1.32911e-14
1.00495e-14
7.11367e-15
4.46851e-15
2.22585e-15
1.43942e-15
2.48398e-15
4.16819e-15
5.74514e-15
7.16807e-15
8.44411e-15
9.58418e-15
1.05904e-14
1.14757e-14
1.22495e-14
1.29148e-14
1.34834e-14
1.39614e-14
1.4354e-14
1.46686e-14
1.49103e-14
1.50834e-14
1.51949e-14
1.52483e-14
1.52458e-14
1.51933e-14
1.50955e-14
1.49553e-14
1.47761e-14
1.45607e-14
1.43125e-14
1.40341e-14
1.37277e-14
1.33961e-14
1.30414e-14
1.26659e-14
1.22713e-14
1.18592e-14
1.14321e-14
1.09907e-14
1.0537e-14
1.00716e-14
9.59625e-15
9.11232e-15
8.62053e-15
8.12196e-15
7.6176e-15
7.10856e-15
6.59532e-15
6.07926e-15
5.5612e-15
5.04214e-15
4.52356e-15
4.00774e-15
3.49633e-15
2.9939e-15
2.5076e-15
2.0502e-15
1.64694e-15
1.3516e-15
1.2385e-15
4.68112e-15
5.86006e-15
8.68043e-15
1.20705e-14
1.56549e-14
1.93173e-14
2.30073e-14
2.67154e-14
3.0384e-14
3.39865e-14
3.7466e-14
4.07176e-14
4.31465e-14
4.29709e-14
3.94779e-14
3.4476e-14
2.94743e-14
2.47937e-14
2.04738e-14
1.65332e-14
1.29463e-14
9.71007e-15
6.80282e-15
4.21352e-15
2.12414e-15
1.5889e-15
2.73943e-15
4.37072e-15
5.90006e-15
7.29088e-15
8.53773e-15
9.64755e-15
1.06303e-14
1.14963e-14
1.22531e-14
1.29055e-14
1.34641e-14
1.39346e-14
1.43209e-14
1.46306e-14
1.48679e-14
1.50394e-14
1.51526e-14
1.52033e-14
1.52027e-14
1.51528e-14
1.50571e-14
1.49191e-14
1.47421e-14
1.45291e-14
1.42835e-14
1.40071e-14
1.37029e-14
1.33735e-14
1.30205e-14
1.26463e-14
1.22527e-14
1.18417e-14
1.1415e-14
1.09735e-14
1.05193e-14
1.00534e-14
9.57697e-15
9.09119e-15
8.59733e-15
8.096e-15
7.58845e-15
7.07504e-15
6.55721e-15
6.03542e-15
5.51045e-15
4.98328e-15
4.45483e-15
3.92628e-15
3.39978e-15
2.87694e-15
2.36303e-15
1.86641e-15
1.40844e-15
1.0452e-15
8.95384e-16
6.01002e-15
6.96694e-15
9.3681e-15
1.24403e-14
1.5775e-14
1.92395e-14
2.27594e-14
2.62533e-14
2.97327e-14
3.31353e-14
3.6403e-14
3.94873e-14
4.20872e-14
4.28202e-14
4.00494e-14
3.48993e-14
2.95595e-14
2.46446e-14
2.01851e-14
1.6175e-14
1.25812e-14
9.37173e-15
6.51002e-15
3.99957e-15
2.10694e-15
1.78431e-15
2.9748e-15
4.54137e-15
6.02206e-15
7.37055e-15
8.58149e-15
9.66178e-15
1.06214e-14
1.14675e-14
1.22075e-14
1.28469e-14
1.33949e-14
1.38542e-14
1.42389e-14
1.45432e-14
1.47758e-14
1.49487e-14
1.50595e-14
1.51134e-14
1.51144e-14
1.50668e-14
1.49738e-14
1.48393e-14
1.46657e-14
1.44565e-14
1.42142e-14
1.39416e-14
1.36411e-14
1.3315e-14
1.29653e-14
1.25943e-14
1.22037e-14
1.17952e-14
1.13706e-14
1.09313e-14
1.04787e-14
1.00141e-14
9.53868e-15
9.05362e-15
8.55986e-15
8.05848e-15
7.55051e-15
7.0357e-15
6.516e-15
5.99192e-15
5.46383e-15
4.93251e-15
4.3987e-15
3.86326e-15
3.32668e-15
2.7904e-15
2.25683e-15
1.73046e-15
1.22099e-15
7.71843e-16
5.6024e-16
7.3597e-15
8.14033e-15
1.01861e-14
1.29355e-14
1.60164e-14
1.92555e-14
2.25658e-14
2.58991e-14
2.91743e-14
3.23861e-14
3.54763e-14
3.83978e-14
4.09978e-14
4.23625e-14
4.0394e-14
3.52982e-14
2.96005e-14
2.44229e-14
1.98405e-14
1.5798e-14
1.2226e-14
9.05659e-15
6.26187e-15
3.86354e-15
2.17478e-15
2.00992e-15
3.1771e-15
4.6712e-15
6.09654e-15
7.39834e-15
8.574e-15
9.62386e-15
1.05586e-14
1.13833e-14
1.21064e-14
1.27346e-14
1.32718e-14
1.37233e-14
1.41028e-14
1.44035e-14
1.46385e-14
1.48088e-14
1.49203e-14
1.49758e-14
1.49798e-14
1.49356e-14
1.48466e-14
1.4716e-14
1.45476e-14
1.43432e-14
1.41058e-14
1.38385e-14
1.35429e-14
1.32217e-14
1.28769e-14
1.25106e-14
1.21244e-14
1.17207e-14
1.13004e-14
1.08645e-14
1.04157e-14
9.95456e-15
9.48241e-15
9.00013e-15
8.50909e-15
8.01011e-15
7.50389e-15
6.9911e-15
6.47307e-15
5.94978e-15
5.4223e-15
4.89092e-15
4.35656e-15
3.81928e-15
3.27982e-15
2.73886e-15
2.19678e-15
1.65507e-15
1.11614e-15
5.93558e-16
3.01803e-16
Process [4]
8.70102e-15
9.35313e-15
1.11004e-14
1.35411e-14
1.63601e-14
1.93729e-14
2.24747e-14
2.56204e-14
2.87103e-14
3.17519e-14
3.46778e-14
3.74462e-14
3.99913e-14
4.17063e-14
4.04423e-14
3.55606e-14
2.95513e-14
2.41379e-14
1.94832e-14
1.54416e-14
1.18988e-14
8.80263e-15
6.09315e-15
3.82252e-15
2.32602e-15
2.25158e-15
3.3436e-15
4.7499e-15
6.11377e-15
7.37418e-15
8.50691e-15
9.52806e-15
1.04389e-14
1.12435e-14
1.19517e-14
1.25672e-14
1.30956e-14
1.35428e-14
1.39148e-14
1.4215e-14
1.44485e-14
1.46205e-14
1.47334e-14
1.4792e-14
1.47998e-14
1.47598e-14
1.46762e-14
1.45515e-14
1.43885e-14
1.41904e-14
1.39594e-14
1.36983e-14
1.34092e-14
1.30947e-14
1.27562e-14
1.23962e-14
1.20165e-14
1.16182e-14
1.12047e-14
1.0775e-14
1.03309e-14
9.87557e-15
9.40863e-15
8.93175e-15
8.44578e-15
7.95147e-15
7.45008e-15
6.94216e-15
6.42837e-15
5.90938e-15
5.38653e-15
4.85938e-15
4.32911e-15
3.79618e-15
3.26101e-15
2.72436e-15
2.18718e-15
1.65057e-15
1.11842e-15
6.07659e-16
3.2827e-16
1.00484e-14
1.05898e-14
1.20825e-14
1.42415e-14
1.68011e-14
1.95772e-14
2.24767e-14
2.54191e-14
2.83722e-14
3.12203e-14
3.40019e-14
3.66389e-14
3.91107e-14
4.09617e-14
4.01952e-14
3.55842e-14
2.93658e-14
2.38064e-14
1.91247e-14
1.51155e-14
1.16463e-14
8.63301e-15
6.03444e-15
3.89285e-15
2.55751e-15
2.49781e-15
3.47715e-15
4.78382e-15
6.0798e-15
7.28508e-15
8.38375e-15
9.37266e-15
1.02602e-14
1.10469e-14
1.17387e-14
1.2343e-14
1.28643e-14
1.33067e-14
1.36753e-14
1.39749e-14
1.42099e-14
1.43831e-14
1.44995e-14
1.45625e-14
1.45755e-14
1.45418e-14
1.44635e-14
1.43465e-14
1.41901e-14
1.39996e-14
1.37762e-14
1.35229e-14
1.32415e-14
1.29348e-14
1.26044e-14
1.22523e-14
1.18803e-14
1.14903e-14
1.10826e-14
1.06625e-14
1.02255e-14
9.77772e-15
9.31859e-15
8.84906e-15
8.37042e-15
7.88337e-15
7.38963e-15
6.8893e-15
6.38303e-15
5.87208e-15
5.35702e-15
4.83822e-15
4.31717e-15
3.79432e-15
3.27048e-15
2.7472e-15
2.22767e-15
1.71552e-15
1.22605e-15
8.02184e-16
6.07071e-16
1.13657e-14
1.18318e-14
1.31179e-14
1.50256e-14
1.73312e-14
1.98857e-14
2.25741e-14
2.53274e-14
2.80944e-14
3.0818e-14
3.34314e-14
3.59632e-14
3.83425e-14
4.0224e-14
3.96951e-14
3.52662e-14
2.89985e-14
2.34212e-14
1.87804e-14
1.48593e-14
1.14943e-14
8.58512e-15
6.1065e-15
4.09906e-15
2.85883e-15
2.75269e-15
3.5842e-15
4.77127e-15
5.98808e-15
7.13943e-15
8.19722e-15
9.15926e-15
1.00218e-14
1.07911e-14
1.14703e-14
1.20655e-14
1.25796e-14
1.3019e-14
1.33862e-14
1.36855e-14
1.39227e-14
1.40999e-14
1.42202e-14
1.42891e-14
1.43081e-14
1.42814e-14
1.42107e-14
1.41014e-14
1.39539e-14
1.37719e-14
1.35574e-14
1.3313e-14
1.3041e-14
1.27436e-14
1.24226e-14
1.208e-14
1.17175e-14
1.13367e-14
1.09401e-14
1.05268e-14
1.01005e-14
9.6626e-15
9.21291e-15
8.75288e-15
8.28416e-15
7.80702e-15
7.32298e-15
6.83288e-15
6.33755e-15
5.83741e-15
5.334e-15
4.828e-15
4.32037e-15
3.81277e-15
3.30691e-15
2.80576e-15
2.31397e-15
1.84169e-15
1.40897e-15
1.07017e-15
9.32774e-16
1.2686e-14
1.30825e-14
1.41944e-14
1.58722e-14
1.79454e-14
2.02813e-14
2.27668e-14
2.5332e-14
2.79184e-14
3.04915e-14
3.29907e-14
3.54158e-14
3.76795e-14
3.95341e-14
3.8967e-14
3.45608e-14
2.84086e-14
2.29876e-14
1.84963e-14
1.47057e-14
1.14732e-14
8.68574e-15
6.32206e-15
4.42883e-15
3.23554e-15
3.02551e-15
3.67231e-15
4.71807e-15
5.84701e-15
6.93669e-15
7.95523e-15
8.88406e-15
9.72525e-15
1.04796e-14
1.11464e-14
1.17331e-14
1.22438e-14
1.26803e-14
1.30492e-14
1.33497e-14
1.35896e-14
1.37714e-14
1.38979e-14
1.39731e-14
1.39999e-14
1.39808e-14
1.392e-14
1.38192e-14
1.36813e-14
1.35091e-14
1.33046e-14
1.30709e-14
1.28096e-14
1.25223e-14
1.22124e-14
1.18807e-14
1.15293e-14
1.11596e-14
1.07736e-14
1.03717e-14
9.95929e-15
9.53158e-15
9.09134e-15
8.64422e-15
8.18705e-15
7.72241e-15
7.25084e-15
6.7735e-15
6.29171e-15
5.80585e-15
5.31737e-15
4.82762e-15
4.33811e-15
3.85072e-15
3.36825e-15
2.8954e-15
2.43896e-15
2.01264e-15
1.63993e-15
1.36907e-15
1.2666e-15
1.40029e-14
1.43407e-14
1.53052e-14
1.67816e-14
1.8644e-14
2.07646e-14
2.30562e-14
2.54383e-14
2.78623e-14
3.0284e-14
3.26586e-14
3.49779e-14
3.71807e-14
3.88559e-14
3.79902e-14
3.34854e-14
2.76471e-14
2.25388e-14
1.82924e-14
1.46889e-14
1.15989e-14
8.93856e-15
6.68279e-15
4.87646e-15
3.68813e-15
3.33624e-15
3.76731e-15
4.6434e-15
5.66659e-15
6.68874e-15
7.66081e-15
8.55818e-15
9.37677e-15
1.01154e-14
1.07714e-14
1.13524e-14
1.18616e-14
1.22951e-14
1.26651e-14
1.29688e-14
1.32141e-14
1.3401e-14
1.35345e-14
1.36168e-14
1.36534e-14
1.36429e-14
1.35911e-14
1.35017e-14
1.33749e-14
1.32132e-14
1.30205e-14
1.27979e-14
1.25484e-14
1.22733e-14
1.19753e-14
1.1656e-14
1.13168e-14
1.09599e-14
1.05866e-14
1.01981e-14
9.7977e-15
9.38324e-15
8.9589e-15
8.52318e-15
8.08057e-15
7.63015e-15
7.17368e-15
6.71158e-15
6.24582e-15
5.77723e-15
5.30688e-15
4.83698e-15
4.36905e-15
3.90594e-15
3.45148e-15
3.01089e-15
2.59411e-15
2.21332e-15
1.89704e-15
1.67992e-15
1.60019e-15
1.53152e-14
1.56035e-14
1.64414e-14
1.7747e-14
1.94102e-14
2.13333e-14
2.34392e-14
2.56448e-14
2.79183e-14
3.01917e-14
3.24517e-14
3.4658e-14
3.67685e-14
3.81432e-14
3.67159e-14
3.21326e-14
2.68105e-14
2.2161e-14
1.82093e-14
1.48167e-14
1.18861e-14
9.34818e-15
7.18253e-15
5.43553e-15
4.21809e-15
3.70427e-15
3.89987e-15
4.57539e-15
5.46662e-15
6.40783e-15
7.32825e-15
8.19002e-15
8.98595e-15
9.70581e-15
1.03541e-14
1.0929e-14
1.14322e-14
1.18689e-14
1.22388e-14
1.25484e-14
1.27984e-14
1.29924e-14
1.31327e-14
1.32254e-14
1.32706e-14
1.32708e-14
1.32297e-14
1.31506e-14
1.30354e-14
1.28862e-14
1.27057e-14
1.24959e-14
1.22592e-14
1.19976e-14
1.1713e-14
1.14072e-14
1.10822e-14
1.0739e-14
1.03802e-14
1.00057e-14
9.62028e-15
9.22039e-15
8.81097e-15
8.39291e-15
7.96461e-15
7.53146e-15
7.09181e-15
6.64762e-15
6.20038e-15
5.75144e-15
5.30214e-15
4.85504e-15
4.41162e-15
3.976e-15
3.55236e-15
3.14669e-15
2.77017e-15
2.43561e-15
2.16351e-15
1.9821e-15
1.9179e-15
1.66126e-14
1.6869e-14
1.76018e-14
1.8754e-14
2.0239e-14
2.19854e-14
2.39024e-14
2.59509e-14
2.80675e-14
3.02126e-14
3.23471e-14
3.44593e-14
3.64188e-14
3.72339e-14
3.51353e-14
3.06883e-14
2.60199e-14
2.1868e-14
1.82581e-14
1.5093e-14
1.23137e-14
9.89095e-15
7.80123e-15
6.08993e-15
4.82651e-15
4.14804e-15
4.09837e-15
4.54796e-15
5.27824e-15
6.11534e-15
6.96954e-15
7.78932e-15
8.55688e-15
9.26262e-15
9.89892e-15
1.04674e-14
1.09673e-14
1.14039e-14
1.17778e-14
1.20915e-14
1.23476e-14
1.25489e-14
1.26994e-14
1.28002e-14
1.28551e-14
1.28669e-14
1.28374e-14
1.27701e-14
1.26673e-14
1.2531e-14
1.2364e-14
1.21679e-14
1.19451e-14
1.16978e-14
1.14273e-14
1.11364e-14
1.08263e-14
1.04989e-14
1.01552e-14
9.79734e-15
9.42708e-15
9.04544e-15
8.65221e-15
8.25137e-15
7.84188e-15
7.42566e-15
7.00589e-15
6.58133e-15
6.15506e-15
5.7282e-15
5.30234e-15
4.88e-15
4.46409e-15
4.05796e-15
3.66712e-15
3.29726e-15
2.96023e-15
2.66679e-15
2.43394e-15
2.28265e-15
2.22988e-15
1.79193e-14
1.81397e-14
1.87815e-14
1.97967e-14
2.11297e-14
2.27062e-14
2.44665e-14
2.63523e-14
2.8322e-14
3.03341e-14
3.23579e-14
3.43637e-14
3.60108e-14
3.60032e-14
3.34043e-14
2.93931e-14
2.53906e-14
2.17419e-14
1.84489e-14
1.55025e-14
1.2868e-14
1.0542e-14
8.51798e-15
6.81967e-15
5.50904e-15
4.6775e-15
4.3886e-15
4.59379e-15
5.13291e-15
5.8433e-15
6.61245e-15
7.37856e-15
8.10992e-15
8.79309e-15
9.41585e-15
9.97516e-15
1.04739e-14
1.09101e-14
1.12877e-14
1.16043e-14
1.18663e-14
1.20749e-14
1.22337e-14
1.2345e-14
1.24115e-14
1.24343e-14
1.24167e-14
1.23624e-14
1.22729e-14
1.21501e-14
1.19967e-14
1.18154e-14
1.16076e-14
1.13757e-14
1.11211e-14
1.08457e-14
1.05519e-14
1.02408e-14
9.91426e-15
9.57374e-15
9.2197e-15
8.85716e-15
8.48403e-15
8.10149e-15
7.71066e-15
7.31429e-15
6.91609e-15
6.51287e-15
6.10992e-15
5.70678e-15
5.30636e-15
4.91099e-15
4.52394e-15
4.14896e-15
3.79125e-15
3.4576e-15
3.15733e-15
2.89973e-15
2.70054e-15
2.57722e-15
2.53412e-15
1.92203e-14
1.9412e-14
1.99767e-14
2.08782e-14
2.20686e-14
2.34959e-14
2.5101e-14
2.68392e-14
2.86754e-14
3.05642e-14
3.247e-14
3.42861e-14
3.53471e-14
3.4498e-14
3.17932e-14
2.84024e-14
2.49918e-14
2.17732e-14
1.87662e-14
1.60175e-14
1.35198e-14
1.12817e-14
9.3023e-15
7.61188e-15
6.24907e-15
5.28426e-15
4.78328e-15
4.7402e-15
5.06426e-15
5.61621e-15
6.27906e-15
6.97942e-15
7.66421e-15
8.31518e-15
8.91824e-15
9.46791e-15
9.96042e-15
1.03949e-14
1.0771e-14
1.10937e-14
1.1362e-14
1.15789e-14
1.17455e-14
1.18668e-14
1.19432e-14
1.19778e-14
1.19736e-14
1.19316e-14
1.18551e-14
1.17472e-14
1.16085e-14
1.14418e-14
1.12497e-14
1.10338e-14
1.07955e-14
1.05371e-14
1.02605e-14
9.96694e-15
9.65846e-15
9.33613e-15
9.00262e-15
8.6565e-15
8.30049e-15
7.93839e-15
7.57084e-15
7.19903e-15
6.82295e-15
6.44278e-15
6.06434e-15
5.68652e-15
5.3133e-15
4.9462e-15
4.58908e-15
4.24551e-15
3.92151e-15
3.62187e-15
3.35558e-15
3.13366e-15
2.96247e-15
2.85444e-15
2.81758e-15
2.05175e-14
2.0687e-14
2.11868e-14
2.19863e-14
2.30552e-14
2.43459e-14
2.58101e-14
2.74121e-14
2.9115e-14
3.08873e-14
3.2645e-14
3.40735e-14
3.43567e-14
3.30096e-14
3.0562e-14
2.77301e-14
2.48111e-14
2.19357e-14
1.91843e-14
1.66073e-14
1.42316e-14
1.20657e-14
1.01305e-14
8.4429e-15
7.03723e-15
5.96301e-15
5.27642e-15
5.00384e-15
5.10109e-15
5.47055e-15
6.00143e-15
6.60613e-15
7.23449e-15
7.84645e-15
8.42293e-15
8.95581e-15
9.43764e-15
9.8678e-15
1.02423e-14
1.05681e-14
1.08413e-14
1.10635e-14
1.12407e-14
1.13697e-14
1.14569e-14
1.15025e-14
1.15102e-14
1.14814e-14
1.14192e-14
1.1325e-14
1.12015e-14
1.10507e-14
1.08742e-14
1.06748e-14
1.04536e-14
1.02128e-14
9.95445e-15
9.67927e-15
9.38982e-15
9.08685e-15
8.77254e-15
8.44874e-15
8.11645e-15
7.77522e-15
7.42931e-15
7.07983e-15
6.72526e-15
6.37115e-15
6.01813e-15
5.66706e-15
5.32178e-15
4.98381e-15
4.65712e-15
4.34527e-15
4.0532e-15
3.78716e-15
3.55187e-15
3.35782e-15
3.21332e-15
3.12164e-15
3.09025e-15
2.18136e-14
2.19632e-14
2.24081e-14
2.31226e-14
2.40832e-14
2.52485e-14
2.65828e-14
2.80603e-14
2.96354e-14
3.12635e-14
Process [5]
3.27658e-14
3.36157e-14
3.32821e-14
3.18566e-14
2.97813e-14
2.73595e-14
2.47904e-14
2.21944e-14
1.96542e-14
1.72283e-14
1.49575e-14
1.28662e-14
1.09668e-14
9.28495e-15
7.84742e-15
6.68914e-15
5.85655e-15
5.38327e-15
5.26164e-15
5.43228e-15
5.8073e-15
6.30035e-15
6.84746e-15
7.40459e-15
7.94508e-15
8.4537e-15
8.91996e-15
9.34107e-15
9.7133e-15
1.00367e-14
1.0312e-14
1.05393e-14
1.07216e-14
1.08589e-14
1.09561e-14
1.1013e-14
1.1032e-14
1.10165e-14
1.09678e-14
1.08882e-14
1.07793e-14
1.06447e-14
1.04848e-14
1.0302e-14
1.00988e-14
9.87612e-15
9.63605e-15
9.38025e-15
9.11018e-15
8.82788e-15
8.5341e-15
8.23229e-15
7.91866e-15
7.59997e-15
7.27755e-15
6.9523e-15
6.62558e-15
6.29807e-15
5.97013e-15
5.64776e-15
5.3303e-15
5.02206e-15
4.72572e-15
4.4447e-15
4.18385e-15
3.9484e-15
3.74227e-15
3.57309e-15
3.4497e-15
3.37187e-15
3.34533e-15
2.31075e-14
2.32421e-14
2.36378e-14
2.4278e-14
2.51446e-14
2.6196e-14
2.74186e-14
2.87753e-14
3.02399e-14
3.16743e-14
3.27462e-14
3.30348e-14
3.24314e-14
3.11244e-14
2.93155e-14
2.71785e-14
2.48677e-14
2.24928e-14
2.01324e-14
1.78385e-14
1.57004e-14
1.36408e-14
1.17908e-14
1.01213e-14
8.65924e-15
7.43619e-15
6.4923e-15
5.87004e-15
5.54584e-15
5.51818e-15
5.72034e-15
6.07981e-15
6.5274e-15
7.01373e-15
7.50435e-15
7.97797e-15
8.42131e-15
8.82526e-15
9.18827e-15
9.50878e-15
9.78296e-15
1.0013e-14
1.01995e-14
1.03441e-14
1.04493e-14
1.05154e-14
1.05451e-14
1.05422e-14
1.05068e-14
1.04408e-14
1.0347e-14
1.02278e-14
1.00845e-14
9.91882e-15
9.73344e-15
9.5291e-15
9.30801e-15
9.07198e-15
8.82234e-15
8.56107e-15
8.28909e-15
8.00746e-15
7.72086e-15
7.42762e-15
7.12847e-15
6.82751e-15
6.52415e-15
6.22051e-15
5.92195e-15
5.62672e-15
5.33799e-15
5.05928e-15
4.79251e-15
4.54131e-15
4.31046e-15
4.10273e-15
3.92281e-15
3.77799e-15
3.67117e-15
3.60423e-15
3.58172e-15
2.44027e-14
2.45211e-14
2.48708e-14
2.54435e-14
2.62266e-14
2.72065e-14
2.8341e-14
2.96069e-14
3.09102e-14
3.20081e-14
3.26098e-14
3.25578e-14
3.18766e-14
3.06547e-14
2.90185e-14
2.70899e-14
2.49868e-14
2.28059e-14
2.05934e-14
1.84118e-14
1.63767e-14
1.43888e-14
1.25801e-14
1.09281e-14
9.46205e-15
8.20239e-15
7.18052e-15
6.42549e-15
5.93817e-15
5.72842e-15
5.7578e-15
5.96934e-15
6.29973e-15
6.69778e-15
7.12284e-15
7.54683e-15
7.9566e-15
8.33756e-15
8.687e-15
8.99683e-15
9.26551e-15
9.49378e-15
9.68221e-15
9.83125e-15
9.94235e-15
1.00169e-14
1.00568e-14
1.00642e-14
1.00409e-14
9.98845e-15
9.90933e-15
9.80519e-15
9.67791e-15
9.52927e-15
9.36123e-15
9.17553e-15
8.97375e-15
8.75769e-15
8.52851e-15
8.28832e-15
8.03882e-15
7.77951e-15
7.51685e-15
7.24494e-15
6.97039e-15
6.69474e-15
6.41896e-15
6.14434e-15
5.87052e-15
5.60363e-15
5.34396e-15
5.09326e-15
4.85532e-15
4.63313e-15
4.4294e-15
4.24734e-15
4.09293e-15
3.96794e-15
3.87482e-15
3.81766e-15
3.79839e-15
2.56864e-14
2.57952e-14
2.61146e-14
2.66414e-14
2.73661e-14
2.82828e-14
2.93381e-14
3.04412e-14
3.14458e-14
3.21583e-14
3.24239e-14
3.21852e-14
3.14584e-14
3.02997e-14
2.8805e-14
2.70416e-14
2.50975e-14
2.30485e-14
2.09764e-14
1.89397e-14
1.69645e-14
1.5083e-14
1.33229e-14
1.17013e-14
1.02403e-14
8.95856e-15
7.87932e-15
7.02654e-15
6.41586e-15
6.05269e-15
5.91828e-15
5.97701e-15
6.17707e-15
6.47125e-15
6.81662e-15
7.18051e-15
7.54822e-15
7.89406e-15
8.22013e-15
8.51302e-15
8.76936e-15
8.99469e-15
9.18101e-15
9.32997e-15
9.44478e-15
9.52473e-15
9.57193e-15
9.58943e-15
9.57639e-15
9.53635e-15
9.47028e-15
9.38067e-15
9.26917e-15
9.13694e-15
8.9862e-15
8.81898e-15
8.63637e-15
8.43985e-15
8.23192e-15
8.01284e-15
7.78501e-15
7.54983e-15
7.30833e-15
7.06013e-15
6.81033e-15
6.56013e-15
6.31051e-15
6.06276e-15
5.81849e-15
5.57783e-15
5.34541e-15
5.12312e-15
4.9126e-15
4.71693e-15
4.5386e-15
4.38198e-15
4.24756e-15
4.13909e-15
4.05972e-15
4.01095e-15
3.9945e-15
2.68471e-14
2.6949e-14
2.72524e-14
2.77513e-14
2.84226e-14
2.9237e-14
3.01241e-14
3.09891e-14
3.16925e-14
3.21081e-14
3.21571e-14
3.18043e-14
3.10578e-14
2.99395e-14
2.8564e-14
2.69111e-14
2.51105e-14
2.32207e-14
2.12901e-14
1.93658e-14
1.74906e-14
1.56897e-14
1.39873e-14
1.24083e-14
1.09672e-14
9.68389e-15
8.57613e-15
7.66181e-15
6.9576e-15
6.46884e-15
6.19582e-15
6.10968e-15
6.17626e-15
6.35514e-15
6.60682e-15
6.89885e-15
7.20687e-15
7.51259e-15
7.80377e-15
8.07235e-15
8.31305e-15
8.52575e-15
8.70479e-15
8.84952e-15
8.96581e-15
9.04889e-15
9.10128e-15
9.12497e-15
9.11947e-15
9.0912e-15
9.03748e-15
8.96077e-15
8.86356e-15
8.74755e-15
8.6139e-15
8.46381e-15
8.29992e-15
8.12269e-15
7.93505e-15
7.73721e-15
7.53098e-15
7.31918e-15
7.09886e-15
6.87744e-15
6.65617e-15
6.4303e-15
6.20427e-15
5.97913e-15
5.76128e-15
5.54892e-15
5.34275e-15
5.14637e-15
4.96209e-15
4.7914e-15
4.63725e-15
4.50064e-15
4.3853e-15
4.29427e-15
4.22737e-15
4.18643e-15
4.17249e-15
2.76374e-14
2.77318e-14
2.80166e-14
2.84734e-14
2.90769e-14
2.97734e-14
3.04874e-14
3.11255e-14
3.16045e-14
3.18353e-14
3.17525e-14
3.13337e-14
3.0592e-14
2.95411e-14
2.82313e-14
2.67222e-14
2.50661e-14
2.33088e-14
2.15111e-14
1.97034e-14
1.7927e-14
1.6208e-14
1.45796e-14
1.3052e-14
1.16421e-14
1.03732e-14
9.25601e-15
8.30695e-15
7.53518e-15
6.95778e-15
6.56921e-15
6.3564e-15
6.2967e-15
6.35866e-15
6.5084e-15
6.71549e-15
6.95423e-15
7.20599e-15
7.45447e-15
7.69001e-15
7.90746e-15
8.10005e-15
8.26611e-15
8.40382e-15
8.51477e-15
8.59631e-15
8.65067e-15
8.67876e-15
8.68136e-15
8.66048e-15
8.61672e-15
8.55188e-15
8.46797e-15
8.36593e-15
8.24792e-15
8.11471e-15
7.96809e-15
7.81025e-15
7.64213e-15
7.46454e-15
7.27946e-15
7.0894e-15
6.89224e-15
6.69689e-15
6.49557e-15
6.29433e-15
6.09472e-15
5.89711e-15
5.7014e-15
5.51391e-15
5.33437e-15
5.16287e-15
5.00185e-15
4.85472e-15
4.72097e-15
4.60554e-15
4.50671e-15
4.42849e-15
4.37084e-15
4.33614e-15
4.32432e-15
2.79406e-14
2.80353e-14
2.82864e-14
2.87099e-14
2.9249e-14
2.98263e-14
3.03834e-14
3.08736e-14
3.12274e-14
3.13455e-14
3.11888e-14
3.07494e-14
3.00285e-14
2.90476e-14
2.78405e-14
2.64495e-14
2.49203e-14
2.33004e-14
2.16248e-14
1.99383e-14
1.82668e-14
1.66481e-14
1.5092e-14
1.36227e-14
1.22615e-14
1.10194e-14
9.90785e-15
8.94404e-15
8.13607e-15
7.49444e-15
7.01881e-15
6.70158e-15
6.53094e-15
6.48144e-15
6.52845e-15
6.64473e-15
6.80649e-15
6.99323e-15
7.18923e-15
7.38353e-15
7.56683e-15
7.73408e-15
7.88119e-15
8.00533e-15
8.10612e-15
8.18205e-15
8.23372e-15
8.26272e-15
8.26854e-15
8.25286e-15
8.21694e-15
8.16149e-15
8.08844e-15
7.99916e-15
7.89487e-15
7.77713e-15
7.64732e-15
7.50649e-15
7.35676e-15
7.1989e-15
7.0342e-15
6.86365e-15
6.69156e-15
6.51528e-15
6.33663e-15
6.15893e-15
5.98316e-15
5.80882e-15
5.63992e-15
5.47519e-15
5.31858e-15
5.16944e-15
5.03161e-15
4.90521e-15
4.79063e-15
4.69165e-15
4.60758e-15
4.54278e-15
4.49449e-15
4.46534e-15
4.45541e-15
2.78558e-14
2.79472e-14
2.8174e-14
2.85487e-14
2.90358e-14
2.95243e-14
2.99966e-14
3.03922e-14
3.06363e-14
3.06771e-14
3.04873e-14
3.00533e-14
2.93755e-14
2.84693e-14
2.73617e-14
2.60886e-14
2.46876e-14
2.31963e-14
2.16476e-14
2.00796e-14
1.85226e-14
1.69955e-14
1.55234e-14
1.41272e-14
1.28223e-14
1.16192e-14
1.05294e-14
9.56531e-15
8.74512e-15
8.06248e-15
7.52518e-15
7.12731e-15
6.86348e-15
6.71662e-15
6.66647e-15
6.69183e-15
6.7715e-15
6.88726e-15
7.02299e-15
7.16646e-15
7.30889e-15
7.44256e-15
7.56263e-15
7.66675e-15
7.7519e-15
7.81723e-15
7.86243e-15
7.88703e-15
7.89252e-15
7.87892e-15
7.84692e-15
7.79838e-15
7.73393e-15
7.6545e-15
7.56183e-15
7.45716e-15
7.34174e-15
7.21694e-15
7.08381e-15
6.94365e-15
6.79829e-15
6.6472e-15
6.49523e-15
6.33765e-15
6.18031e-15
6.02432e-15
5.87055e-15
5.71967e-15
5.57263e-15
5.43101e-15
5.29534e-15
5.16691e-15
5.04852e-15
4.94076e-15
4.84349e-15
4.75995e-15
4.689e-15
4.63336e-15
4.59249e-15
4.568e-15
4.55965e-15
2.75055e-14
2.75851e-14
2.77926e-14
2.81322e-14
2.85375e-14
2.89722e-14
2.93744e-14
2.96904e-14
2.98704e-14
2.98743e-14
2.96761e-14
2.92637e-14
2.86379e-14
2.78099e-14
2.68045e-14
2.56464e-14
2.43699e-14
2.30057e-14
2.15845e-14
2.01374e-14
1.86901e-14
1.7264e-14
1.58851e-14
1.45663e-14
1.3324e-14
1.21715e-14
1.11211e-14
1.0175e-14
9.3509e-15
8.64712e-15
8.07026e-15
7.61715e-15
7.2808e-15
7.05161e-15
6.91493e-15
6.85528e-15
6.85448e-15
6.8963e-15
6.96673e-15
7.05379e-15
7.14759e-15
7.24075e-15
7.3272e-15
7.40385e-15
7.46723e-15
7.51548e-15
7.54829e-15
7.56479e-15
7.56487e-15
7.54857e-15
7.51741e-15
7.47144e-15
7.41198e-15
7.34001e-15
7.2564e-15
7.16236e-15
7.05903e-15
6.9473e-15
6.82878e-15
6.70429e-15
6.57465e-15
6.443e-15
6.30553e-15
6.16896e-15
6.03481e-15
5.89804e-15
5.76343e-15
5.6302e-15
5.50136e-15
5.3795e-15
5.26345e-15
5.15431e-15
5.05256e-15
4.96056e-15
4.87874e-15
4.80748e-15
4.74837e-15
4.70199e-15
4.66789e-15
4.64749e-15
4.64054e-15
2.69734e-14
2.70366e-14
2.72314e-14
2.7522e-14
2.7877e-14
2.82502e-14
2.85913e-14
2.8852e-14
2.89924e-14
2.8977e-14
2.87845e-14
2.84049e-14
2.78367e-14
2.70902e-14
2.61839e-14
2.51445e-14
2.3985e-14
2.27451e-14
2.14482e-14
2.01194e-14
1.87857e-14
1.74681e-14
1.61828e-14
1.49469e-14
1.37779e-14
1.26876e-14
1.16732e-14
1.0761e-14
9.95034e-15
9.24313e-15
8.64481e-15
8.15442e-15
7.76555e-15
7.47126e-15
7.26458e-15
7.12948e-15
7.05308e-15
7.02293e-15
7.02685e-15
7.05383e-15
7.09426e-15
7.14093e-15
7.18773e-15
7.23056e-15
7.26584e-15
7.29163e-15
7.306e-15
7.30806e-15
7.2977e-15
7.27467e-15
7.23937e-15
7.19221e-15
7.13388e-15
7.06532e-15
6.98685e-15
6.9e-15
6.80527e-15
6.70407e-15
6.59683e-15
6.4851e-15
6.37023e-15
6.25053e-15
6.1325e-15
6.01172e-15
5.89032e-15
5.77066e-15
5.65347e-15
5.53937e-15
5.42928e-15
5.3231e-15
5.2221e-15
5.1289e-15
5.04285e-15
4.96466e-15
4.89495e-15
4.83503e-15
4.78512e-15
4.74553e-15
4.71705e-15
4.69986e-15
4.69405e-15
Process [6]
2.63163e-14
2.63757e-14
2.65398e-14
2.67923e-14
2.70987e-14
2.74179e-14
2.77082e-14
2.79277e-14
2.80406e-14
2.80181e-14
2.78409e-14
2.74991e-14
2.69899e-14
2.63238e-14
2.55145e-14
2.45803e-14
2.35421e-14
2.24246e-14
2.12496e-14
2.00424e-14
1.88237e-14
1.76101e-14
1.64238e-14
1.5282e-14
1.41902e-14
1.3155e-14
1.22002e-14
1.13294e-14
1.05408e-14
9.8452e-15
9.2422e-15
8.72928e-15
8.305e-15
7.96518e-15
7.70093e-15
7.50305e-15
7.36119e-15
7.26521e-15
7.20442e-15
7.17121e-15
7.15623e-15
7.15309e-15
7.15572e-15
7.15966e-15
7.16139e-15
7.15834e-15
7.14866e-15
7.13112e-15
7.10487e-15
7.06955e-15
7.02502e-15
6.97171e-15
6.90978e-15
6.83993e-15
6.76278e-15
6.67881e-15
6.58888e-15
6.49419e-15
6.39498e-15
6.29253e-15
6.18657e-15
6.081e-15
5.97176e-15
5.86274e-15
5.75612e-15
5.65286e-15
5.54708e-15
5.44671e-15
5.3508e-15
5.25944e-15
5.1732e-15
5.09257e-15
5.01774e-15
4.9509e-15
4.89181e-15
4.84079e-15
4.79838e-15
4.76502e-15
4.74103e-15
4.72648e-15
4.72162e-15
2.5567e-14
2.56161e-14
2.57603e-14
2.59778e-14
2.6241e-14
2.65158e-14
2.67643e-14
2.69514e-14
2.70458e-14
2.70226e-14
2.68653e-14
2.65641e-14
2.61176e-14
2.55312e-14
2.48156e-14
2.39874e-14
2.30635e-14
2.20632e-14
2.10089e-14
1.992e-14
1.88142e-14
1.77101e-14
1.66202e-14
1.55687e-14
1.45599e-14
1.36007e-14
1.2706e-14
1.188e-14
1.11282e-14
1.04528e-14
9.85557e-15
9.33752e-15
8.8931e-15
8.51916e-15
8.21261e-15
7.96394e-15
7.76715e-15
7.61398e-15
7.49552e-15
7.40526e-15
7.33592e-15
7.28191e-15
7.23783e-15
7.19941e-15
7.16331e-15
7.12687e-15
7.08804e-15
7.04533e-15
6.9977e-15
6.94463e-15
6.88572e-15
6.82096e-15
6.75035e-15
6.67428e-15
6.59317e-15
6.50744e-15
6.41792e-15
6.32491e-15
6.22934e-15
6.1313e-15
6.03233e-15
5.93226e-15
5.83367e-15
5.73375e-15
5.63563e-15
5.53994e-15
5.44706e-15
5.35762e-15
5.27213e-15
5.19098e-15
5.11364e-15
5.04265e-15
4.97819e-15
4.92008e-15
4.86874e-15
4.82412e-15
4.78739e-15
4.75869e-15
4.73801e-15
4.72557e-15
4.72141e-15
2.47519e-14
2.47952e-14
2.49177e-14
2.5105e-14
2.53319e-14
2.55685e-14
2.5784e-14
2.5947e-14
2.60309e-14
2.60135e-14
2.58799e-14
2.56217e-14
2.52361e-14
2.47272e-14
2.41029e-14
2.33768e-14
2.2563e-14
2.16789e-14
2.07407e-14
1.97684e-14
1.87777e-14
1.77808e-14
1.67978e-14
1.58392e-14
1.49112e-14
1.403e-14
1.32002e-14
1.24258e-14
1.17149e-14
1.10675e-14
1.0486e-14
9.9717e-15
9.51871e-15
9.12569e-15
8.78889e-15
8.50391e-15
8.26273e-15
8.06102e-15
7.89179e-15
7.75031e-15
7.62974e-15
7.52698e-15
7.43609e-15
7.35408e-15
7.27768e-15
7.20451e-15
7.13244e-15
7.05991e-15
6.98613e-15
6.91013e-15
6.83153e-15
6.74975e-15
6.66509e-15
6.57746e-15
6.48713e-15
6.39442e-15
6.29979e-15
6.20349e-15
6.10636e-15
6.00818e-15
5.91071e-15
5.81247e-15
5.71738e-15
5.62273e-15
5.5299e-15
5.43984e-15
5.35308e-15
5.2701e-15
5.19081e-15
5.11505e-15
5.04566e-15
4.98172e-15
4.92346e-15
4.8711e-15
4.82426e-15
4.78465e-15
4.75213e-15
4.72664e-15
4.70833e-15
4.69724e-15
4.69357e-15
2.38828e-14
2.39199e-14
2.40265e-14
2.41891e-14
2.4386e-14
2.45936e-14
2.47838e-14
2.49305e-14
2.50104e-14
2.5004e-14
2.48981e-14
2.4684e-14
2.43593e-14
2.39265e-14
2.33919e-14
2.27652e-14
2.20585e-14
2.12868e-14
2.04639e-14
1.96052e-14
1.87258e-14
1.7839e-14
1.69583e-14
1.60921e-14
1.52545e-14
1.44525e-14
1.36908e-14
1.29741e-14
1.23101e-14
1.16972e-14
1.11391e-14
1.06342e-14
1.01829e-14
9.78011e-15
9.42423e-15
9.11218e-15
8.83624e-15
8.59589e-15
8.38463e-15
8.19846e-15
8.03228e-15
7.8834e-15
7.74825e-15
7.62274e-15
7.50553e-15
7.39344e-15
7.28568e-15
7.1802e-15
7.07618e-15
6.97291e-15
6.86959e-15
6.76598e-15
6.66185e-15
6.55726e-15
6.45215e-15
6.34692e-15
6.24158e-15
6.13656e-15
6.03221e-15
5.92875e-15
5.82672e-15
5.7262e-15
5.62869e-15
5.53337e-15
5.44086e-15
5.35182e-15
5.2666e-15
5.18563e-15
5.10808e-15
5.03594e-15
4.96958e-15
4.9086e-15
4.85333e-15
4.80379e-15
4.75943e-15
4.72236e-15
4.69197e-15
4.66818e-15
4.65111e-15
4.64086e-15
4.63741e-15
2.297e-14
2.30021e-14
2.30956e-14
2.32385e-14
2.34136e-14
2.35996e-14
2.37732e-14
2.39116e-14
2.39945e-14
2.40054e-14
2.39311e-14
2.37637e-14
2.3501e-14
2.31426e-14
2.26961e-14
2.21675e-14
2.15647e-14
2.09025e-14
2.01929e-14
1.94481e-14
1.86793e-14
1.79004e-14
1.71232e-14
1.63536e-14
1.5603e-14
1.48811e-14
1.41867e-14
1.35326e-14
1.29203e-14
1.23464e-14
1.18173e-14
1.13317e-14
1.08867e-14
1.04807e-14
1.01138e-14
9.78295e-15
9.48208e-15
9.2104e-15
8.96355e-15
8.73929e-15
8.5337e-15
8.34337e-15
8.16658e-15
8.00008e-15
7.8426e-15
7.69226e-15
7.54727e-15
7.40694e-15
7.26976e-15
7.13561e-15
7.0037e-15
6.87378e-15
6.74549e-15
6.61884e-15
6.49366e-15
6.37038e-15
6.2489e-15
6.12934e-15
6.01238e-15
5.89731e-15
5.78572e-15
5.67676e-15
5.57135e-15
5.46975e-15
5.37218e-15
5.27883e-15
5.19016e-15
5.10639e-15
5.02767e-15
4.95345e-15
4.88566e-15
4.8239e-15
4.76814e-15
4.71858e-15
4.67519e-15
4.63702e-15
4.60642e-15
4.58279e-15
4.56587e-15
4.55569e-15
4.5523e-15
2.20133e-14
2.20429e-14
2.21274e-14
2.22577e-14
2.24183e-14
2.25916e-14
2.27576e-14
2.28965e-14
2.29904e-14
2.30243e-14
2.2987e-14
2.28708e-14
2.26722e-14
2.23914e-14
2.2032e-14
2.15992e-14
2.11e-14
2.05461e-14
1.99467e-14
1.93125e-14
1.8655e-14
1.79824e-14
1.73055e-14
1.66333e-14
1.5971e-14
1.5329e-14
1.47093e-14
1.41163e-14
1.35532e-14
1.30226e-14
1.25241e-14
1.20605e-14
1.16282e-14
1.12284e-14
1.08562e-14
1.05118e-14
1.01946e-14
9.89756e-15
9.62344e-15
9.36589e-15
9.12587e-15
8.89899e-15
8.68366e-15
8.47887e-15
8.28272e-15
8.09447e-15
7.91206e-15
7.73569e-15
7.56409e-15
7.39679e-15
7.23353e-15
7.07379e-15
6.91742e-15
6.76399e-15
6.61423e-15
6.46775e-15
6.32454e-15
6.18565e-15
6.04951e-15
5.91857e-15
5.7899e-15
5.66754e-15
5.54935e-15
5.4359e-15
5.32737e-15
5.22419e-15
5.12656e-15
5.03483e-15
4.94909e-15
4.86965e-15
4.79648e-15
4.72883e-15
4.66851e-15
4.61533e-15
4.56905e-15
4.52978e-15
4.49757e-15
4.47246e-15
4.4545e-15
4.4437e-15
4.44011e-15
2.10165e-14
2.10434e-14
2.11231e-14
2.12468e-14
2.14015e-14
2.15713e-14
2.17393e-14
2.18883e-14
2.20021e-14
2.20673e-14
2.20736e-14
2.20131e-14
2.18828e-14
2.1681e-14
2.14093e-14
2.1073e-14
2.06786e-14
2.02328e-14
1.97421e-14
1.92188e-14
1.86695e-14
1.8105e-14
1.75314e-14
1.695e-14
1.63773e-14
1.58131e-14
1.5265e-14
1.47354e-14
1.42232e-14
1.37377e-14
1.32727e-14
1.28324e-14
1.24162e-14
1.20226e-14
1.165e-14
1.12994e-14
1.09678e-14
1.0653e-14
1.03545e-14
1.00699e-14
9.79936e-15
9.53967e-15
9.28981e-15
9.04969e-15
8.81717e-15
8.5924e-15
8.37393e-15
8.1612e-15
7.95411e-15
7.75188e-15
7.55486e-15
7.36264e-15
7.175e-15
6.99182e-15
6.81312e-15
6.63929e-15
6.46957e-15
6.30646e-15
6.14569e-15
5.99382e-15
5.84439e-15
5.70001e-15
5.56368e-15
5.43293e-15
5.30829e-15
5.18996e-15
5.07829e-15
4.97354e-15
4.87566e-15
4.78471e-15
4.70126e-15
4.62545e-15
4.55735e-15
4.49707e-15
4.44467e-15
4.39944e-15
4.36113e-15
4.33255e-15
4.31215e-15
4.2999e-15
4.29581e-15
1.99729e-14
2.00009e-14
2.00798e-14
2.02036e-14
2.03609e-14
2.05378e-14
2.07189e-14
2.08889e-14
2.10332e-14
2.11394e-14
2.11975e-14
2.12004e-14
2.11433e-14
2.10248e-14
2.08461e-14
2.06087e-14
2.03179e-14
1.99807e-14
1.96031e-14
1.91849e-14
1.87418e-14
1.82797e-14
1.78044e-14
1.73203e-14
1.68337e-14
1.63502e-14
1.58714e-14
1.54019e-14
1.49435e-14
1.45011e-14
1.40721e-14
1.36543e-14
1.32552e-14
1.28703e-14
1.25003e-14
1.21451e-14
1.1803e-14
1.14735e-14
1.11548e-14
1.08474e-14
1.05488e-14
1.02584e-14
9.97724e-15
9.70394e-15
9.43696e-15
9.17652e-15
8.92254e-15
8.67409e-15
8.43099e-15
8.19324e-15
7.96186e-15
7.73474e-15
7.51339e-15
7.29746e-15
7.08658e-15
6.88219e-15
6.68347e-15
6.48869e-15
6.30223e-15
6.12369e-15
5.94697e-15
5.77747e-15
5.61735e-15
5.46394e-15
5.31763e-15
5.17874e-15
5.04758e-15
4.92459e-15
4.80978e-15
4.70278e-15
4.60442e-15
4.51491e-15
4.43441e-15
4.36309e-15
4.30102e-15
4.24666e-15
4.20202e-15
4.16814e-15
4.1439e-15
4.12934e-15
4.12449e-15
1.88816e-14
1.89085e-14
1.89926e-14
1.91245e-14
1.92946e-14
1.94899e-14
1.96969e-14
1.99006e-14
2.00877e-14
2.02465e-14
2.03671e-14
2.04423e-14
2.04667e-14
2.04383e-14
2.03562e-14
2.02209e-14
2.00365e-14
1.98069e-14
1.95358e-14
1.92303e-14
1.88946e-14
1.85345e-14
1.81536e-14
1.77609e-14
1.73593e-14
1.69511e-14
1.65399e-14
1.61296e-14
1.57233e-14
1.53215e-14
1.49248e-14
1.45358e-14
1.41528e-14
1.37787e-14
1.34116e-14
1.30521e-14
1.27022e-14
1.23579e-14
1.20213e-14
1.16915e-14
1.13681e-14
1.10509e-14
1.07396e-14
1.04337e-14
1.01336e-14
9.83886e-15
9.5493e-15
9.26503e-15
8.98669e-15
8.71251e-15
8.44475e-15
8.18263e-15
7.92591e-15
7.67493e-15
7.42944e-15
7.19312e-15
6.95749e-15
6.73513e-15
6.51657e-15
6.30043e-15
6.09748e-15
5.90153e-15
5.71274e-15
5.53158e-15
5.35843e-15
5.19375e-15
5.03771e-15
4.89086e-15
4.7534e-15
4.62567e-15
4.50745e-15
4.39933e-15
4.30178e-15
4.21505e-15
4.13936e-15
4.07492e-15
4.02193e-15
3.98054e-15
3.95088e-15
3.93304e-15
3.92709e-15
1.77318e-14
1.77619e-14
1.78557e-14
1.80046e-14
1.81987e-14
1.84265e-14
1.86735e-14
1.89261e-14
1.91712e-14
1.93968e-14
1.95928e-14
1.97519e-14
1.98674e-14
1.99367e-14
1.99577e-14
1.99293e-14
1.98553e-14
1.97352e-14
1.95758e-14
1.93776e-14
1.91458e-14
1.88863e-14
1.86012e-14
1.82954e-14
1.79719e-14
1.76373e-14
1.72924e-14
1.6937e-14
1.65773e-14
1.62138e-14
1.58505e-14
1.54826e-14
1.51169e-14
1.4751e-14
1.43861e-14
1.40246e-14
1.3665e-14
1.33072e-14
1.29531e-14
1.26021e-14
1.22539e-14
1.19098e-14
1.15691e-14
1.12318e-14
1.08988e-14
1.057e-14
1.02452e-14
9.92617e-15
9.61038e-15
9.30076e-15
8.99604e-15
8.69682e-15
8.40343e-15
8.11779e-15
7.83384e-15
7.56407e-15
7.29131e-15
7.03296e-15
6.78293e-15
6.53886e-15
6.29572e-15
6.06381e-15
5.84325e-15
5.63099e-15
5.42747e-15
5.23437e-15
5.0518e-15
4.87628e-15
4.71111e-15
4.55686e-15
4.41392e-15
4.28275e-15
4.16381e-15
4.0575e-15
3.96397e-15
3.88173e-15
3.815e-15
3.76305e-15
3.72571e-15
3.70322e-15
3.6957e-15
1.65158e-14
1.65529e-14
1.66619e-14
1.68385e-14
1.70713e-14
1.73471e-14
1.76522e-14
1.79719e-14
1.82928e-14
1.86022e-14
Process [7]
1.88896e-14
1.91461e-14
1.93647e-14
1.9541e-14
1.96732e-14
1.97584e-14
1.97967e-14
1.97894e-14
1.97393e-14
1.96494e-14
1.95192e-14
1.93562e-14
1.91625e-14
1.89411e-14
1.86932e-14
1.84263e-14
1.81404e-14
1.78367e-14
1.75209e-14
1.71944e-14
1.68552e-14
1.65081e-14
1.61539e-14
1.5795e-14
1.54325e-14
1.50647e-14
1.46953e-14
1.4324e-14
1.39504e-14
1.35776e-14
1.32045e-14
1.28325e-14
1.24612e-14
1.20932e-14
1.17268e-14
1.13631e-14
1.10035e-14
1.06475e-14
1.02955e-14
9.94853e-15
9.6063e-15
9.2683e-15
8.94055e-15
8.61166e-15
8.29905e-15
7.98083e-15
7.67891e-15
7.38543e-15
7.0982e-15
6.81133e-15
6.53358e-15
6.26964e-15
6.01403e-15
5.76722e-15
5.52969e-15
5.30368e-15
5.08859e-15
4.88075e-15
4.68412e-15
4.49933e-15
4.32697e-15
4.16771e-15
4.02224e-15
3.89131e-15
3.77571e-15
3.67619e-15
3.59128e-15
3.52403e-15
3.47673e-15
3.44815e-15
3.4386e-15
1.52187e-14
1.52652e-14
1.54031e-14
1.56209e-14
1.59099e-14
1.62551e-14
1.66401e-14
1.70494e-14
1.74677e-14
1.78813e-14
1.82781e-14
1.86479e-14
1.89838e-14
1.92784e-14
1.95288e-14
1.97319e-14
1.98885e-14
1.99948e-14
2.00558e-14
2.00688e-14
2.00398e-14
1.99696e-14
1.9862e-14
1.9718e-14
1.95422e-14
1.93363e-14
1.91035e-14
1.88466e-14
1.85688e-14
1.82695e-14
1.79529e-14
1.76234e-14
1.72786e-14
1.69214e-14
1.65551e-14
1.61804e-14
1.57965e-14
1.5409e-14
1.50156e-14
1.46185e-14
1.4219e-14
1.38175e-14
1.34163e-14
1.30134e-14
1.26132e-14
1.2214e-14
1.1817e-14
1.1424e-14
1.10343e-14
1.06473e-14
1.02695e-14
9.89095e-15
9.52521e-15
9.15575e-15
8.80542e-15
8.45599e-15
8.10468e-15
7.77208e-15
7.44701e-15
7.12918e-15
6.81913e-15
6.51736e-15
6.22425e-15
5.9403e-15
5.66594e-15
5.40163e-15
5.14784e-15
4.90516e-15
4.67419e-15
4.45561e-15
4.25028e-15
4.05874e-15
3.88159e-15
3.72067e-15
3.57728e-15
3.45274e-15
3.34841e-15
3.26562e-15
3.20552e-15
3.16906e-15
3.15683e-15
1.38407e-14
1.38977e-14
1.40701e-14
1.43494e-14
1.47181e-14
1.51587e-14
1.56517e-14
1.61779e-14
1.67196e-14
1.72606e-14
1.77874e-14
1.82883e-14
1.87554e-14
1.91796e-14
1.95577e-14
1.98851e-14
2.01602e-14
2.03815e-14
2.05508e-14
2.06659e-14
2.07333e-14
2.07515e-14
2.0723e-14
2.06507e-14
2.05378e-14
2.03877e-14
2.02008e-14
1.99821e-14
1.97329e-14
1.94577e-14
1.91591e-14
1.88364e-14
1.84961e-14
1.81367e-14
1.77619e-14
1.7375e-14
1.69749e-14
1.65657e-14
1.61481e-14
1.57253e-14
1.52956e-14
1.4862e-14
1.44267e-14
1.39893e-14
1.35522e-14
1.31157e-14
1.26797e-14
1.22486e-14
1.182e-14
1.1391e-14
1.09756e-14
1.05564e-14
1.01454e-14
9.74904e-15
9.35259e-15
8.95313e-15
8.57377e-15
8.20207e-15
7.83766e-15
7.48098e-15
7.13248e-15
6.79254e-15
6.46153e-15
6.13987e-15
5.82793e-15
5.52613e-15
5.23492e-15
4.95485e-15
4.68655e-15
4.43078e-15
4.18853e-15
3.96089e-15
3.74809e-15
3.55264e-15
3.3765e-15
3.22176e-15
3.09068e-15
2.98557e-15
2.90861e-15
2.86162e-15
2.84581e-15
1.23458e-14
1.24271e-14
1.26602e-14
1.30243e-14
1.35058e-14
1.40772e-14
1.47133e-14
1.53897e-14
1.60847e-14
1.67794e-14
1.74581e-14
1.81084e-14
1.87198e-14
1.92844e-14
1.97964e-14
2.02517e-14
2.06473e-14
2.09836e-14
2.12581e-14
2.1473e-14
2.1628e-14
2.17265e-14
2.17697e-14
2.17614e-14
2.17018e-14
2.15976e-14
2.1448e-14
2.12593e-14
2.10334e-14
2.07733e-14
2.04823e-14
2.01622e-14
1.98176e-14
1.94495e-14
1.90605e-14
1.86548e-14
1.82337e-14
1.77987e-14
1.73524e-14
1.68968e-14
1.6434e-14
1.59656e-14
1.54927e-14
1.50163e-14
1.45422e-14
1.40638e-14
1.35865e-14
1.31162e-14
1.26428e-14
1.21743e-14
1.17213e-14
1.12552e-14
1.08029e-14
1.03639e-14
9.9306e-15
9.50356e-15
9.08337e-15
8.66116e-15
8.25e-15
7.85469e-15
7.46796e-15
7.0901e-15
6.72145e-15
6.36315e-15
6.02002e-15
5.68102e-15
5.35103e-15
5.032e-15
4.72445e-15
4.42914e-15
4.14697e-15
3.87917e-15
3.62725e-15
3.3932e-15
3.17942e-15
2.9889e-15
2.8251e-15
2.69185e-15
2.59304e-15
2.53213e-15
2.51153e-15
1.07424e-14
1.08485e-14
1.11626e-14
1.16592e-14
1.22972e-14
1.30465e-14
1.3869e-14
1.47338e-14
1.56145e-14
1.64896e-14
1.73424e-14
1.81579e-14
1.89263e-14
1.96384e-14
2.02889e-14
2.08744e-14
2.13905e-14
2.1835e-14
2.22115e-14
2.25163e-14
2.2752e-14
2.29232e-14
2.30286e-14
2.30728e-14
2.30588e-14
2.29893e-14
2.28664e-14
2.26986e-14
2.24852e-14
2.22308e-14
2.1937e-14
2.16116e-14
2.12539e-14
2.08691e-14
2.04599e-14
2.00264e-14
1.95769e-14
1.91106e-14
1.86298e-14
1.81369e-14
1.76333e-14
1.71299e-14
1.66097e-14
1.60976e-14
1.55715e-14
1.506e-14
1.45284e-14
1.40192e-14
1.351e-14
1.29853e-14
1.24834e-14
1.19891e-14
1.14998e-14
1.10165e-14
1.05351e-14
1.00515e-14
9.59016e-15
9.13803e-15
8.69445e-15
8.25973e-15
7.83413e-15
7.41787e-15
7.01111e-15
6.61407e-15
6.22684e-15
5.8497e-15
5.48662e-15
5.13215e-15
4.78575e-15
4.45092e-15
4.12846e-15
3.81949e-15
3.52554e-15
3.24874e-15
2.99193e-15
2.75891e-15
2.55458e-15
2.38492e-15
2.25665e-15
2.17633e-15
2.14894e-15
8.99816e-15
9.15136e-15
9.59234e-15
1.02785e-14
1.11441e-14
1.21286e-14
1.31884e-14
1.42818e-14
1.53805e-14
1.64603e-14
1.75037e-14
1.84966e-14
1.94293e-14
2.02935e-14
2.10827e-14
2.17949e-14
2.24256e-14
2.29755e-14
2.34436e-14
2.38302e-14
2.41387e-14
2.43693e-14
2.4525e-14
2.46114e-14
2.46303e-14
2.45843e-14
2.44779e-14
2.43178e-14
2.41042e-14
2.38434e-14
2.35395e-14
2.31956e-14
2.28151e-14
2.2406e-14
2.19648e-14
2.14946e-14
2.10143e-14
2.05004e-14
1.99845e-14
1.94417e-14
1.89059e-14
1.83373e-14
1.7789e-14
1.72214e-14
1.66435e-14
1.60856e-14
1.55265e-14
1.49507e-14
1.43818e-14
1.38304e-14
1.32836e-14
1.27422e-14
1.22071e-14
1.16792e-14
1.11591e-14
1.06473e-14
1.01443e-14
9.65048e-15
9.16614e-15
8.69149e-15
8.2267e-15
7.77186e-15
7.32705e-15
6.89229e-15
6.46763e-15
6.05307e-15
5.64865e-15
5.25449e-15
4.87076e-15
4.4978e-15
4.13611e-15
3.78653e-15
3.45032e-15
3.12938e-15
2.82655e-15
2.546e-15
2.29378e-15
2.07828e-15
1.91044e-15
1.80258e-15
1.76521e-15
7.09007e-15
7.3257e-15
7.98438e-15
8.96229e-15
1.01372e-14
1.14268e-14
1.27725e-14
1.41263e-14
1.54713e-14
1.67653e-14
1.8016e-14
1.91863e-14
2.02892e-14
2.13027e-14
2.22249e-14
2.30631e-14
2.38007e-14
2.44424e-14
2.49974e-14
2.54534e-14
2.58159e-14
2.60982e-14
2.62935e-14
2.64006e-14
2.64447e-14
2.6406e-14
2.62985e-14
2.61396e-14
2.59024e-14
2.56365e-14
2.52927e-14
2.49358e-14
2.45067e-14
2.40666e-14
2.35861e-14
2.30628e-14
2.25461e-14
2.19842e-14
2.13999e-14
2.08259e-14
2.02382e-14
1.96135e-14
1.89941e-14
1.83842e-14
1.77709e-14
1.71562e-14
1.65417e-14
1.5914e-14
1.52905e-14
1.46881e-14
1.40917e-14
1.35023e-14
1.29207e-14
1.23476e-14
1.17837e-14
1.12294e-14
1.06853e-14
1.01514e-14
9.62818e-15
9.11565e-15
8.61388e-15
8.12287e-15
7.64259e-15
7.17293e-15
6.71376e-15
6.26496e-15
5.82636e-15
5.39784e-15
4.97934e-15
4.57085e-15
4.17253e-15
3.78475e-15
3.40825e-15
3.04432e-15
2.69515e-15
2.36439e-15
2.05812e-15
1.78629e-15
1.56464e-15
1.4154e-15
1.36205e-15
5.02269e-15
5.42166e-15
6.45828e-15
7.859e-15
9.43716e-15
1.10892e-14
1.27495e-14
1.43779e-14
1.59718e-14
1.75034e-14
1.8957e-14
2.02944e-14
2.15571e-14
2.27306e-14
2.37823e-14
2.47083e-14
2.55621e-14
2.62978e-14
2.68905e-14
2.74198e-14
2.7846e-14
2.81278e-14
2.83524e-14
2.84974e-14
2.85189e-14
2.84637e-14
2.83635e-14
2.81898e-14
2.79069e-14
2.75898e-14
2.72361e-14
2.68318e-14
2.63699e-14
2.5837e-14
2.53085e-14
2.47524e-14
2.41691e-14
2.35627e-14
2.29365e-14
2.22673e-14
2.15956e-14
2.09336e-14
2.02648e-14
1.95918e-14
1.8917e-14
1.82423e-14
1.75697e-14
1.6901e-14
1.62374e-14
1.55805e-14
1.49315e-14
1.42911e-14
1.36604e-14
1.30399e-14
1.24303e-14
1.18321e-14
1.12454e-14
1.06706e-14
1.01078e-14
9.55702e-15
9.01824e-15
8.49135e-15
7.97618e-15
7.47252e-15
6.98008e-15
6.49857e-15
6.02765e-15
5.56699e-15
5.11625e-15
4.6751e-15
4.24332e-15
3.82077e-15
3.40752e-15
3.00398e-15
2.61115e-15
2.23115e-15
1.86817e-15
1.53067e-15
1.23603e-15
1.01929e-15
9.35832e-16
2.80004e-15
3.60274e-15
5.29932e-15
7.25259e-15
9.2729e-15
1.12892e-14
1.32657e-14
1.518e-14
1.70159e-14
1.87552e-14
2.03594e-14
2.18834e-14
2.32997e-14
2.45969e-14
2.57719e-14
2.68227e-14
2.77489e-14
2.85512e-14
2.92313e-14
2.97916e-14
3.0236e-14
3.05684e-14
3.07646e-14
3.08406e-14
3.08677e-14
3.08054e-14
3.06591e-14
3.04352e-14
3.01396e-14
2.97785e-14
2.93582e-14
2.88844e-14
2.8363e-14
2.77994e-14
2.71988e-14
2.65664e-14
2.59068e-14
2.52244e-14
2.45233e-14
2.38074e-14
2.30802e-14
2.23398e-14
2.15691e-14
2.08232e-14
2.00827e-14
1.93444e-14
1.86103e-14
1.78821e-14
1.71613e-14
1.64493e-14
1.57472e-14
1.50559e-14
1.43763e-14
1.37089e-14
1.30544e-14
1.24131e-14
1.17852e-14
1.11709e-14
1.05703e-14
9.98331e-15
9.40978e-15
8.84953e-15
8.30228e-15
7.76769e-15
7.24538e-15
6.73488e-15
6.23573e-15
5.74739e-15
5.26933e-15
4.80098e-15
4.34177e-15
3.89118e-15
3.44869e-15
3.01392e-15
2.5867e-15
2.16728e-15
1.75685e-15
1.35886e-15
9.83142e-16
6.61879e-16
5.11199e-16
1.50163e-15
2.69491e-15
4.85879e-15
7.11465e-15
9.35343e-15
1.1544e-14
1.36676e-14
1.57098e-14
1.76585e-14
1.95033e-14
2.12356e-14
2.28481e-14
2.43352e-14
2.56928e-14
2.69183e-14
2.80101e-14
2.89683e-14
2.97941e-14
3.04897e-14
3.10583e-14
3.1504e-14
3.18316e-14
3.20465e-14
3.21545e-14
3.21618e-14
3.2075e-14
3.19007e-14
3.16457e-14
3.13166e-14
3.092e-14
3.04625e-14
2.99504e-14
2.93898e-14
2.87864e-14
2.81459e-14
2.74735e-14
2.67741e-14
2.60523e-14
2.53124e-14
2.45583e-14
2.37938e-14
2.30222e-14
2.22464e-14
2.14694e-14
2.06935e-14
1.99211e-14
1.9154e-14
1.8394e-14
1.76426e-14
1.69012e-14
1.6171e-14
1.54528e-14
1.47474e-14
1.40554e-14
1.33773e-14
1.27135e-14
1.20642e-14
1.14295e-14
1.08094e-14
1.02039e-14
9.61262e-15
9.03545e-15
8.47205e-15
7.922e-15
7.38485e-15
6.8601e-15
6.34719e-15
5.84551e-15
5.35444e-15
4.87329e-15
4.40137e-15
3.93797e-15
3.48235e-15
3.03379e-15
2.59159e-15
2.15512e-15
1.72395e-15
1.2982e-15
8.8008e-16
4.85539e-16
2.69278e-16
